id,player,sets_diff,win,points_win,points_lose,points_diff,points_total,match_time,idx
Valeriy Vlasenko_166913,Valeriy Vlasenko,-2,0,26,43,-17,69,2021-07-18 09:20:00,500000
Pavlo Babenko_166928,Pavlo Babenko,2,1,41,26,15,67,2021-07-18 09:25:00,500001
Grigoriy Oliynik_321922890,Grigoriy Oliynik,2,1,40,34,6,74,2021-07-18 09:25:00,500002
Mykola Lytvynenko_867510314,Mykola Lytvynenko,1,1,49,41,8,90,2021-07-18 09:30:00,500003
Kostiantyn Klymenko_166865,Kostiantyn Klymenko,1,1,49,48,1,97,2021-07-18 09:30:00,500004
Tomas Vorisek_167045,Tomas Vorisek,1,1,44,51,-7,95,2021-07-18 09:30:00,500005
K Brozik_27716,K Brozik,-1,0,51,46,5,97,2021-07-18 09:31:00,500006
S Ovechkin_123801,S Ovechkin,-1,0,49,48,1,97,2021-07-18 09:31:00,500007
Viacheslav Isakov_166880,Viacheslav Isakov,-2,0,42,50,-8,92,2021-07-18 09:35:00,500008
Yevhen Pysmennyi_367476385,Yevhen Pysmennyi,1,1,52,48,4,100,2021-07-18 09:35:00,500009
Kateryna Somova_166895,Kateryna Somova,-2,0,33,38,-5,71,2021-07-18 09:40:00,500010
Borys Buriak_1490097,Borys Buriak,3,1,36,23,13,59,2021-07-18 09:40:00,500011
Fedir Balbas_166905,Fedir Balbas,-1,0,50,51,-1,101,2021-07-18 09:45:00,500012
Oleksiy Sapronov_908899915,Oleksiy Sapronov,-3,0,19,33,-14,52,2021-07-18 09:45:00,500013
S Lanovenko_123765,S Lanovenko,-2,0,36,43,-7,79,2021-07-18 09:47:00,500014
Andrii Dombrovskyi_166914,Andrii Dombrovskyi,-2,0,32,43,-11,75,2021-07-18 09:50:00,500015
Mykola Belia_166851,Mykola Belia,-3,0,21,33,-12,54,2021-07-18 09:50:00,500016
Olena Telezhynska_1858970424,Olena Telezhynska,-3,0,21,33,-12,54,2021-07-18 09:50:00,500017
Andrii Khvysiuk_2043445477,Andrii Khvysiuk,-1,0,44,50,-6,94,2021-07-18 09:55:00,500018
D Andreev_123839,D Andreev,-2,0,34,37,-3,71,2021-07-18 09:55:00,500019
Oleksandr Mishchenko_166929,Oleksandr Mishchenko,-1,0,50,48,2,98,2021-07-18 09:55:00,500020
Ruslan Andrischak_1507297231,Ruslan Andrischak,2,1,43,30,13,73,2021-07-18 10:00:00,500021
Anatolii Kovalenko_166866,Anatolii Kovalenko,-1,0,45,44,1,89,2021-07-18 10:00:00,500022
Tomas Vorisek_167046,Tomas Vorisek,1,1,58,56,2,114,2021-07-18 10:00:00,500023
F Pusch_27717,F Pusch,-1,0,43,54,-11,97,2021-07-18 10:02:00,500024
O Belugin_123802,O Belugin,-2,0,41,46,-5,87,2021-07-18 10:03:00,500025
Roman Makarenko_166881,Roman Makarenko,1,1,43,37,6,80,2021-07-18 10:05:00,500026
Oleksandr Zhukovskyi_1477503055,Oleksandr Zhukovskyi,1,1,48,47,1,95,2021-07-18 10:05:00,500027
Olha Kurpa_166896,Olha Kurpa,2,1,38,31,7,69,2021-07-18 10:10:00,500028
Serhii Baranovskyi_73611351,Serhii Baranovskyi,-3,0,27,38,-11,65,2021-07-18 10:10:00,500029
Leonid Ivanov_166906,Leonid Ivanov,3,1,34,28,6,62,2021-07-18 10:15:00,500030
Illia Yanishevskiy_2026338485,Illia Yanishevskiy,-2,0,29,41,-12,70,2021-07-18 10:15:00,500031
S Homutov_123840,S Homutov,-3,0,14,33,-19,47,2021-07-18 10:17:00,500032
V Staroverov_123766,V Staroverov,-2,0,37,41,-4,78,2021-07-18 10:17:00,500033
Adam Krasutskyi_2138921789,Adam Krasutskyi,-1,0,50,47,3,97,2021-07-18 10:20:00,500034
Valeriy Vlasenko_166915,Valeriy Vlasenko,2,1,38,37,1,75,2021-07-18 10:20:00,500035
Serhii Hot_166852,Serhii Hot,-2,0,27,43,-16,70,2021-07-18 10:20:00,500036
Anna Miklukha_1593134449,Anna Miklukha,2,1,41,22,19,63,2021-07-18 10:25:00,500037
Yevhen Kyi_166930,Yevhen Kyi,1,1,46,49,-3,95,2021-07-18 10:25:00,500038
Lukas Hobl_167047,Lukas Hobl,3,1,33,22,11,55,2021-07-18 10:30:00,500039
Volodymyr Melnykov_166867,Volodymyr Melnykov,-2,0,46,47,-1,93,2021-07-18 10:30:00,500040
Pavlo Chyzh_480767681,Pavlo Chyzh,-1,0,51,55,-4,106,2021-07-18 10:30:00,500041
M Huk_27718,M Huk,-1,0,49,54,-5,103,2021-07-18 10:32:00,500042
Oleksandr Lykhytskyi_166882,Oleksandr Lykhytskyi,2,1,43,31,12,74,2021-07-18 10:35:00,500043
O Belugin_123887,O Belugin,-2,0,36,43,-7,79,2021-07-18 10:35:00,500044
Roman Demchuk_1553104888,Roman Demchuk,2,1,47,35,12,82,2021-07-18 10:35:00,500045
Mykola Lytvynenko_2105654340,Mykola Lytvynenko,-1,0,50,50,0,100,2021-07-18 10:40:00,500046
Liliya Andrieieva_166897,Liliya Andrieieva,-2,0,33,37,-4,70,2021-07-18 10:40:00,500047
Oleksandr Levadnyi_1220398091,Oleksandr Levadnyi,-1,0,37,48,-11,85,2021-07-18 10:45:00,500048
Oleksandr Budnikov_166907,Oleksandr Budnikov,-2,0,34,44,-10,78,2021-07-18 10:45:00,500049
V Bazilevskiy_123889,V Bazilevskiy,3,1,38,32,6,70,2021-07-18 10:46:00,500050
S Lanovenko_123891,S Lanovenko,-2,0,37,43,-6,80,2021-07-18 10:46:00,500051
Artem Yurkov_166916,Artem Yurkov,1,1,51,45,6,96,2021-07-18 10:50:00,500052
Alexey Lukianov_109050367,Alexey Lukianov,1,1,56,45,11,101,2021-07-18 10:50:00,500053
Yaroslav Tebenko_166853,Yaroslav Tebenko,-1,0,44,53,-9,97,2021-07-18 10:50:00,500054
Pavlo Babenko_166931,Pavlo Babenko,3,1,33,21,12,54,2021-07-18 10:55:00,500055
Andrii Kaptanovskyi_268062593,Andrii Kaptanovskyi,1,1,51,41,10,92,2021-07-18 10:55:00,500056
Viktor Dushak_166868,Viktor Dushak,-1,0,42,45,-3,87,2021-07-18 11:00:00,500057
Roland Balog_167048,Roland Balog,1,1,50,46,4,96,2021-07-18 11:00:00,500058
Viktoria Kurtenko_251736026,Viktoria Kurtenko,-3,0,24,33,-9,57,2021-07-18 11:00:00,500059
F Pusch_27719,F Pusch,2,1,41,34,7,75,2021-07-18 11:01:00,500060
G Karpovkin_123888,G Karpovkin,1,1,51,49,2,100,2021-07-18 11:02:00,500061
Yurii Kolesnyk_166883,Yurii Kolesnyk,1,1,45,37,8,82,2021-07-18 11:05:00,500062
Dmytro Lohosha_2084185011,Dmytro Lohosha,1,1,48,35,13,83,2021-07-18 11:05:00,500063
Olha Kurpa_166898,Olha Kurpa,2,1,35,28,7,63,2021-07-18 11:10:00,500064
Grigoriy Oliynik_1904054316,Grigoriy Oliynik,-1,0,46,46,0,92,2021-07-18 11:10:00,500065
Leonid Ivanov_166908,Leonid Ivanov,-2,0,34,43,-9,77,2021-07-18 11:15:00,500066
Oleksandr Shkurupii_1737056006,Oleksandr Shkurupii,-1,0,43,49,-6,92,2021-07-18 11:15:00,500067
S Homutov_123890,S Homutov,-1,0,53,55,-2,108,2021-07-18 11:16:00,500068
R Agababyan_123892,R Agababyan,-3,0,22,34,-12,56,2021-07-18 11:18:00,500069
Lev Kats_915956390,Lev Kats,2,1,38,26,12,64,2021-07-18 11:20:00,500070
Oleksandr Zhyrnov_166917,Oleksandr Zhyrnov,-1,0,35,44,-9,79,2021-07-18 11:20:00,500071
Oleh Hudyma_166854,Oleh Hudyma,2,1,43,30,13,73,2021-07-18 11:20:00,500072
Bohdan Zaika_1658207749,Bohdan Zaika,-1,0,41,45,-4,86,2021-07-18 11:25:00,500073
Oleksandr Mishchenko_166932,Oleksandr Mishchenko,-1,0,48,51,-3,99,2021-07-18 11:25:00,500074
K Brozik_27720,K Brozik,1,1,50,44,6,94,2021-07-18 11:30:00,500075
Kostiantyn Klymenko_166869,Kostiantyn Klymenko,-2,0,35,40,-5,75,2021-07-18 11:30:00,500076
Oleksiy Sapronov_1397769591,Oleksiy Sapronov,3,1,33,20,13,53,2021-07-18 11:30:00,500077
Lukas Hobl_167049,Lukas Hobl,3,1,33,14,19,47,2021-07-18 11:30:00,500078
Olena Telezhynska_1112142918,Olena Telezhynska,-3,0,24,36,-12,60,2021-07-18 11:35:00,500079
Viacheslav Isakov_166884,Viacheslav Isakov,-1,0,43,50,-7,93,2021-07-18 11:35:00,500080
A Agapov_123803,A Agapov,1,1,44,41,3,85,2021-07-18 11:36:00,500081
Andrii Khvysiuk_320651158,Andrii Khvysiuk,2,1,41,36,5,77,2021-07-18 11:40:00,500082
Kateryna Somova_166899,Kateryna Somova,3,1,33,12,21,45,2021-07-18 11:40:00,500083
Ruslan Andrischak_1290579100,Ruslan Andrischak,-1,0,48,47,1,95,2021-07-18 11:45:00,500084
Fedir Balbas_166909,Fedir Balbas,2,1,46,35,11,81,2021-07-18 11:45:00,500085
P Medvedev_123767,P Medvedev,-2,0,37,45,-8,82,2021-07-18 11:45:00,500086
Valentyn Korovychenko_835534646,Valentyn Korovychenko,1,1,48,41,7,89,2021-07-18 11:50:00,500087
Andrii Dombrovskyi_166918,Andrii Dombrovskyi,2,1,40,27,13,67,2021-07-18 11:50:00,500088
Mykola Belia_166855,Mykola Belia,2,1,41,30,11,71,2021-07-18 11:50:00,500089
I Matveyev_123841,I Matveyev,1,1,47,47,0,94,2021-07-18 11:51:00,500090
Pavlo Babenko_166933,Pavlo Babenko,1,1,55,52,3,107,2021-07-18 11:55:00,500091
Yevhen Pysmennyi_1632932246,Yevhen Pysmennyi,2,1,44,27,17,71,2021-07-18 11:55:00,500092
Borys Buriak_30894890,Borys Buriak,-3,0,22,34,-12,56,2021-07-18 12:00:00,500093
Anatolii Kovalenko_166870,Anatolii Kovalenko,-1,0,37,39,-2,76,2021-07-18 12:00:00,500094
Adam Krasutskyi_586502810,Adam Krasutskyi,-1,0,34,46,-12,80,2021-07-18 12:05:00,500095
Roman Makarenko_166885,Roman Makarenko,-1,0,48,49,-1,97,2021-07-18 12:05:00,500096
R Rose_27745,R Rose,1,1,54,44,10,98,2021-07-18 12:06:00,500097
S Bilyuga_123804,S Bilyuga,3,1,33,18,15,51,2021-07-18 12:07:00,500098
Anna Miklukha_1336168805,Anna Miklukha,3,1,34,21,13,55,2021-07-18 12:10:00,500099
Liliya Andrieieva_166900,Liliya Andrieieva,2,1,41,26,15,67,2021-07-18 12:10:00,500100
Oleksandr Budnikov_166910,Oleksandr Budnikov,-1,0,48,53,-5,101,2021-07-18 12:15:00,500101
Daniel Barta_167083,Daniel Barta,1,1,51,33,18,84,2021-07-18 12:15:00,500102
I Minchenkov_123768,I Minchenkov,2,1,44,32,12,76,2021-07-18 12:15:00,500103
Pavlo Chyzh_1555067008,Pavlo Chyzh,1,1,47,43,4,90,2021-07-18 12:15:00,500104
Serhii Hot_166856,Serhii Hot,2,1,38,30,8,68,2021-07-18 12:20:00,500105
Roman Demchuk_197818747,Roman Demchuk,-2,0,35,45,-10,80,2021-07-18 12:20:00,500106
Valeriy Vlasenko_166919,Valeriy Vlasenko,1,1,56,52,4,108,2021-07-18 12:20:00,500107
Yevhen Kyi_166934,Yevhen Kyi,-1,0,43,52,-9,95,2021-07-18 12:25:00,500108
Oleksandr Zhukovskyi_1217892288,Oleksandr Zhukovskyi,-1,0,53,54,-1,107,2021-07-18 12:25:00,500109
R Homenko_123842,R Homenko,3,1,33,18,15,51,2021-07-18 12:28:00,500110
Serhii Baranovskyi_1356689444,Serhii Baranovskyi,3,1,35,23,12,58,2021-07-18 12:30:00,500111
Volodymyr Melnykov_166871,Volodymyr Melnykov,-1,0,44,47,-3,91,2021-07-18 12:30:00,500112
M Davydov_123805,M Davydov,-3,0,20,33,-13,53,2021-07-18 12:31:00,500113
K Brozik_27746,K Brozik,-1,0,42,45,-3,87,2021-07-18 12:35:00,500114
Illia Yanishevskiy_1273075245,Illia Yanishevskiy,-2,0,27,39,-12,66,2021-07-18 12:35:00,500115
Oleksandr Lykhytskyi_166886,Oleksandr Lykhytskyi,-3,0,21,35,-14,56,2021-07-18 12:35:00,500116
Svitlana Babushkina_166901,Svitlana Babushkina,3,1,36,22,14,58,2021-07-18 12:40:00,500117
Andrii Kaptanovskyi_591116633,Andrii Kaptanovskyi,2,1,42,41,1,83,2021-07-18 12:40:00,500118
T Turabekov_123769,T Turabekov,-2,0,40,44,-4,84,2021-07-18 12:45:00,500119
Oleksandr Lysenko_166911,Oleksandr Lysenko,1,1,57,53,4,110,2021-07-18 12:45:00,500120
Viktoria Kurtenko_1915943854,Viktoria Kurtenko,2,1,41,26,15,67,2021-07-18 12:45:00,500121
Tomas Vorisek_167084,Tomas Vorisek,-1,0,48,47,1,95,2021-07-18 12:45:00,500122
I Nirkov_123843,I Nirkov,-3,0,18,33,-15,51,2021-07-18 12:46:00,500123
Dmytro Lohosha_1238027628,Dmytro Lohosha,-1,0,43,48,-5,91,2021-07-18 12:50:00,500124
Artem Yurkov_166920,Artem Yurkov,-1,0,44,51,-7,95,2021-07-18 12:50:00,500125
Yaroslav Tebenko_166857,Yaroslav Tebenko,3,1,33,20,13,53,2021-07-18 12:50:00,500126
Oleksandr Mishchenko_166935,Oleksandr Mishchenko,1,1,48,39,9,87,2021-07-18 12:55:00,500127
Grigoriy Oliynik_1663102521,Grigoriy Oliynik,-2,0,35,36,-1,71,2021-07-18 12:55:00,500128
Viktor Dushak_166872,Viktor Dushak,1,1,49,47,2,96,2021-07-18 13:00:00,500129
Mykola Lytvynenko_1859033410,Mykola Lytvynenko,-1,0,46,47,-1,93,2021-07-18 13:00:00,500130
Petr Semrad_167050,Petr Semrad,3,1,33,18,15,51,2021-07-18 13:00:00,500131
A Kuznetsov_123806,A Kuznetsov,-2,0,39,43,-4,82,2021-07-18 13:01:00,500132
M-n Regner_27721,M-n Regner,2,1,42,28,14,70,2021-07-18 13:04:00,500133
Oleksandr Levadnyi_1666606766,Oleksandr Levadnyi,-2,0,36,45,-9,81,2021-07-18 13:05:00,500134
Yurii Kolesnyk_166887,Yurii Kolesnyk,-1,0,40,51,-11,91,2021-07-18 13:05:00,500135
Alexey Lukianov_451617175,Alexey Lukianov,-2,0,23,36,-13,59,2021-07-18 13:10:00,500136
Kateryna Somova_167085,Kateryna Somova,3,1,33,18,15,51,2021-07-18 13:15:00,500137
Vitalii Krivenko_376539939,Vitalii Krivenko,-1,0,38,44,-6,82,2021-07-18 13:15:00,500138
A Tretyakov_123770,A Tretyakov,-1,0,45,49,-4,94,2021-07-18 13:16:00,500139
I Lednev_123844,I Lednev,1,1,52,43,9,95,2021-07-18 13:16:00,500140
Oleksandr Zhyrnov_166921,Oleksandr Zhyrnov,-2,0,35,46,-11,81,2021-07-18 13:20:00,500141
Mykola Belia_166858,Mykola Belia,1,1,53,54,-1,107,2021-07-18 13:20:00,500142
Fedir Balbas_167087,Fedir Balbas,-3,0,23,35,-12,58,2021-07-18 13:20:00,500143
Ulyana Palamarchuk_459627549,Ulyana Palamarchuk,-1,0,42,47,-5,89,2021-07-18 13:20:00,500144
Valentin Bondar_1035773220,Valentin Bondar,-1,0,41,47,-6,88,2021-07-18 13:25:00,500145
Serhii Tkachev_166936,Serhii Tkachev,3,1,33,19,14,52,2021-07-18 13:25:00,500146
M Smrcek_27722,M Smrcek,-3,0,23,33,-10,56,2021-07-18 13:30:00,500147
Anatolii Kovalenko_166873,Anatolii Kovalenko,-2,0,32,40,-8,72,2021-07-18 13:30:00,500148
Adam Sochor_167051,Adam Sochor,2,1,40,37,3,77,2021-07-18 13:30:00,500149
Ihor Syniavskyi_2067360235,Ihor Syniavskyi,-2,0,40,44,-4,84,2021-07-18 13:30:00,500150
M Davydov_123807,M Davydov,1,1,38,47,-9,85,2021-07-18 13:33:00,500151
Roman Makarenko_166888,Roman Makarenko,3,1,33,21,12,54,2021-07-18 13:35:00,500152
Oleksandr Shkurupii_630791654,Oleksandr Shkurupii,-2,0,31,41,-10,72,2021-07-18 13:35:00,500153
Lev Kats_1524666048,Lev Kats,1,1,46,48,-2,94,2021-07-18 13:40:00,500154
Svitlana Babushkina_167086,Svitlana Babushkina,3,1,34,25,9,59,2021-07-18 13:45:00,500155
Bohdan Zaika_614433806,Bohdan Zaika,2,1,40,38,2,78,2021-07-18 13:45:00,500156
T Turabekov_123771,T Turabekov,3,1,34,22,12,56,2021-07-18 13:47:00,500157
I Nirkov_123845,I Nirkov,-3,0,26,36,-10,62,2021-07-18 13:49:00,500158
Oleksiy Sapronov_1352776509,Oleksiy Sapronov,1,1,59,45,14,104,2021-07-18 13:50:00,500159
Oleksandr Lysenko_167088,Oleksandr Lysenko,-3,0,23,33,-10,56,2021-07-18 13:50:00,500160
Andrii Dombrovskyi_166922,Andrii Dombrovskyi,-3,0,21,33,-12,54,2021-07-18 13:50:00,500161
Roman Mazur_166859,Roman Mazur,-3,0,21,34,-13,55,2021-07-18 13:50:00,500162
Olena Telezhynska_1620944911,Olena Telezhynska,-2,0,31,42,-11,73,2021-07-18 13:55:00,500163
Artem Chepurnyi_167089,Artem Chepurnyi,-3,0,24,33,-9,57,2021-07-18 13:55:00,500164
Andrii Khvysiuk_1120923672,Andrii Khvysiuk,-1,0,47,49,-2,96,2021-07-18 14:00:00,500165
Vitalii Levytskyi_166874,Vitalii Levytskyi,3,1,34,27,7,61,2021-07-18 14:00:00,500166
Adam Sochor_167052,Adam Sochor,3,1,34,24,10,58,2021-07-18 14:00:00,500167
M Kolar_27723,M Kolar,-2,0,36,44,-8,80,2021-07-18 14:00:00,500168
S Bilyuga_123808,S Bilyuga,-1,0,45,55,-10,100,2021-07-18 14:01:00,500169
Igor Shyndel_166889,Igor Shyndel,3,1,34,19,15,53,2021-07-18 14:05:00,500170
Ruslan Andrischak_1918222564,Ruslan Andrischak,2,1,41,31,10,72,2021-07-18 14:05:00,500171
Valentyn Korovychenko_442438110,Valentyn Korovychenko,2,1,43,37,6,80,2021-07-18 14:10:00,500172
I Minchenkov_123772,I Minchenkov,2,1,37,25,12,62,2021-07-18 14:15:00,500173
R Homenko_123846,R Homenko,1,1,50,41,9,91,2021-07-18 14:15:00,500174
Serhii Baranovskyi_471535846,Serhii Baranovskyi,2,1,44,30,14,74,2021-07-18 14:15:00,500175
Illia Yanishevskiy_820516017,Illia Yanishevskiy,1,1,50,44,6,94,2021-07-18 14:20:00,500176
Mykola Belia_166860,Mykola Belia,1,1,46,43,3,89,2021-07-18 14:20:00,500177
Artem Yurkov_166923,Artem Yurkov,-2,0,42,48,-6,90,2021-07-18 14:20:00,500178
Serhii Tkachev_167090,Serhii Tkachev,-1,0,40,48,-8,88,2021-07-18 14:25:00,500179
Vitalii Krivenko_602000213,Vitalii Krivenko,1,1,50,42,8,92,2021-07-18 14:25:00,500180
Anatolii Kovalenko_166875,Anatolii Kovalenko,-1,0,47,51,-4,98,2021-07-18 14:30:00,500181
Olena Telezhynska_805583681,Olena Telezhynska,-1,0,39,49,-10,88,2021-07-18 14:30:00,500182
Petr Semrad_167053,Petr Semrad,-1,0,43,48,-5,91,2021-07-18 14:30:00,500183
Maksym Skhabovskyi_1653778083,Maksym Skhabovskyi,-3,0,17,33,-16,50,2021-07-18 14:35:00,500184
Roman Makarenko_166890,Roman Makarenko,-3,0,27,35,-8,62,2021-07-18 14:35:00,500185
K Novak_27724,K Novak,1,1,48,40,8,88,2021-07-18 14:35:00,500186
Ihor Syniavskyi_274073040,Ihor Syniavskyi,2,1,40,30,10,70,2021-07-18 14:40:00,500187
A Kuznetsov_123939,A Kuznetsov,2,1,42,27,15,69,2021-07-18 14:40:00,500188
P Medvedev_123937,P Medvedev,3,1,35,25,10,60,2021-07-18 14:44:00,500189
Oleksandr Zhukovskyi_2108305431,Oleksandr Zhukovskyi,-3,0,22,33,-11,55,2021-07-18 14:45:00,500190
Igor Talalai_166924,Igor Talalai,3,1,33,18,15,51,2021-07-18 14:50:00,500191
Oleh Hudyma_166861,Oleh Hudyma,-3,0,28,38,-10,66,2021-07-18 14:50:00,500192
Serhii Boiko_232169339,Serhii Boiko,3,1,33,15,18,48,2021-07-18 14:50:00,500193
Oleksandr Shchytka_1425495787,Oleksandr Shchytka,-1,0,46,49,-3,95,2021-07-18 14:55:00,500194
I Nirkov_123941,I Nirkov,-3,0,18,33,-15,51,2021-07-18 14:55:00,500195
Martin Prusa_167054,Martin Prusa,2,1,38,27,11,65,2021-07-18 15:00:00,500196
Andrii Kaptanovskyi_1600442734,Andrii Kaptanovskyi,-2,0,30,38,-8,68,2021-07-18 15:00:00,500197
Kostiantyn Klymenko_166876,Kostiantyn Klymenko,-3,0,15,33,-18,48,2021-07-18 15:00:00,500198
S Bilyuga_123940,S Bilyuga,1,1,50,47,3,97,2021-07-18 15:01:00,500199
M Kolar_27725,M Kolar,2,1,43,32,11,75,2021-07-18 15:01:00,500200
Veronika Andriushchenko_736077618,Veronika Andriushchenko,-3,0,23,34,-11,57,2021-07-18 15:05:00,500201
Viacheslav Isakov_166891,Viacheslav Isakov,-3,0,27,36,-9,63,2021-07-18 15:05:00,500202
Pavlo Chyzh_957169166,Pavlo Chyzh,-3,0,15,33,-18,48,2021-07-18 15:10:00,500203
Oleksii Romaniv_2102816926,Oleksii Romaniv,1,1,46,41,5,87,2021-07-18 15:15:00,500204
T Turabekov_123938,T Turabekov,1,1,45,44,1,89,2021-07-18 15:16:00,500205
R Homenko_123942,R Homenko,1,1,40,41,-1,81,2021-07-18 15:16:00,500206
Artem Yurkov_166925,Artem Yurkov,2,1,45,37,8,82,2021-07-18 15:20:00,500207
Oleksandr Shkurupii_168654809,Oleksandr Shkurupii,-3,0,16,33,-17,49,2021-07-18 15:20:00,500208
Mariia Volosianska_166937,Mariia Volosianska,-1,0,47,49,-2,96,2021-07-18 15:20:00,500209
Serhii Baranovskyi_1984367417,Serhii Baranovskyi,1,1,52,46,6,98,2021-07-18 15:25:00,500210
Oleg Kolivay_166952,Oleg Kolivay,-1,0,42,42,0,84,2021-07-18 15:30:00,500211
Petr Semrad_167055,Petr Semrad,2,1,42,26,16,68,2021-07-18 15:30:00,500212
Illia Yanishevskiy_441340759,Illia Yanishevskiy,2,1,42,34,8,76,2021-07-18 15:30:00,500213
M Smrcek_27726,M Smrcek,3,1,38,21,17,59,2021-07-18 15:31:00,500214
Oleksandr Liushnia_166969,Oleksandr Liushnia,1,1,50,48,2,98,2021-07-18 15:35:00,500215
Uryi Schepanskyi_825374347,Uryi Schepanskyi,-2,0,33,42,-9,75,2021-07-18 15:35:00,500216
V Nemashkalo_123811,V Nemashkalo,3,1,34,25,9,59,2021-07-18 15:37:00,500217
Victoriia Kondratenko_866860335,Victoriia Kondratenko,-1,0,46,47,-1,93,2021-07-18 15:40:00,500218
Aniuta Muliarchuk_166979,Aniuta Muliarchuk,1,1,50,39,11,89,2021-07-18 15:40:00,500219
Suren Vlasian_166989,Suren Vlasian,-3,0,20,33,-13,53,2021-07-18 15:45:00,500220
K Olshakov_123773,K Olshakov,-2,0,31,42,-11,73,2021-07-18 15:45:00,500221
V Fedorov_123847,V Fedorov,-1,0,41,46,-5,87,2021-07-18 15:48:00,500222
Valeriy Vlasenko_166926,Valeriy Vlasenko,-2,0,36,47,-11,83,2021-07-18 15:50:00,500223
Artur Moriak_384699467,Artur Moriak,-1,0,44,49,-5,93,2021-07-18 15:50:00,500224
Anastasia Holiak_166938,Anastasia Holiak,3,1,35,23,12,58,2021-07-18 15:50:00,500225
Andrii Hordii_604771214,Andrii Hordii,-1,0,34,46,-12,80,2021-07-18 15:55:00,500226
Bohdan Havryliuk_166953,Bohdan Havryliuk,2,1,42,31,11,73,2021-07-18 16:00:00,500227
Yevhen Pysmennyi_1087401834,Yevhen Pysmennyi,-2,0,40,46,-6,86,2021-07-18 16:00:00,500228
K Novak_27771,K Novak,1,1,46,41,5,87,2021-07-18 16:00:00,500229
Borys Buriak_333151503,Borys Buriak,-3,0,25,33,-8,58,2021-07-18 16:05:00,500230
Maksym Tytskyi_166970,Maksym Tytskyi,1,1,49,47,2,96,2021-07-18 16:05:00,500231
David Ako_167091,David Ako,-2,0,33,38,-5,71,2021-07-18 16:05:00,500232
Olha Panchyshyn_166980,Olha Panchyshyn,3,1,33,20,13,53,2021-07-18 16:10:00,500233
Andrii Baklykov_1918826830,Andrii Baklykov,-2,0,33,41,-8,74,2021-07-18 16:10:00,500234
I Pandur_123812,I Pandur,3,1,33,16,17,49,2021-07-18 16:10:00,500235
Alina Kurtenko_2036103628,Alina Kurtenko,-3,0,14,33,-19,47,2021-07-18 16:15:00,500236
A Batalov_123774,A Batalov,-2,0,30,42,-12,72,2021-07-18 16:15:00,500237
Iurii Bondarenko_166990,Iurii Bondarenko,1,1,52,44,8,96,2021-07-18 16:15:00,500238
Yurii Nevmyvaka_1487988804,Yurii Nevmyvaka,3,1,33,11,22,44,2021-07-18 16:20:00,500239
Yaroslava Pachich_166939,Yaroslava Pachich,2,1,39,29,10,68,2021-07-18 16:20:00,500240
V Petrov_123848,V Petrov,-2,0,38,44,-6,82,2021-07-18 16:24:00,500241
Viktor Vakhrushev_167068,Viktor Vakhrushev,-3,0,20,33,-13,53,2021-07-18 16:25:00,500242
Mykhailo Vivatenko_371274660,Mykhailo Vivatenko,-1,0,54,49,5,103,2021-07-18 16:25:00,500243
Viktor Bereza_166954,Viktor Bereza,-3,0,20,33,-13,53,2021-07-18 16:30:00,500244
M-n Regner_27772,M-n Regner,-3,0,22,35,-13,57,2021-07-18 16:30:00,500245
Oleksandr Shkurupii_2111784734,Oleksandr Shkurupii,1,1,58,51,7,109,2021-07-18 16:30:00,500246
V Selkin_123813,V Selkin,3,1,33,17,16,50,2021-07-18 16:33:00,500247
Adam Sochor_167092,Adam Sochor,1,1,52,48,4,100,2021-07-18 16:35:00,500248
Oleksandr Liushnia_166971,Oleksandr Liushnia,1,1,56,52,4,108,2021-07-18 16:35:00,500249
Oleksandr Levadnyi_1666497996,Oleksandr Levadnyi,3,1,35,26,9,61,2021-07-18 16:35:00,500250
Aniuta Muliarchuk_166981,Aniuta Muliarchuk,-2,0,40,45,-5,85,2021-07-18 16:40:00,500251
Borys Buriak_31034282,Borys Buriak,3,1,33,19,14,52,2021-07-18 16:40:00,500252
Valentyn Lutsenko_166991,Valentyn Lutsenko,-1,0,44,48,-4,92,2021-07-18 16:45:00,500253
D Andreev_123775,D Andreev,2,1,37,31,6,68,2021-07-18 16:45:00,500254
Uryi Schepanskyi_316058387,Uryi Schepanskyi,2,1,41,28,13,69,2021-07-18 16:45:00,500255
Victoriia Kondratenko_1011961085,Victoriia Kondratenko,-2,0,35,39,-4,74,2021-07-18 16:50:00,500256
Anastasia Holiak_166940,Anastasia Holiak,2,1,44,34,10,78,2021-07-18 16:50:00,500257
E Kupryakov_123849,E Kupryakov,3,1,35,28,7,63,2021-07-18 16:53:00,500258
Yurii Novokhatskyi_685639799,Yurii Novokhatskyi,-3,0,19,33,-14,52,2021-07-18 16:55:00,500259
Maksym Balakiriev_167005,Maksym Balakiriev,2,1,41,26,15,67,2021-07-18 16:55:00,500260
Bohdan Havryliuk_166955,Bohdan Havryliuk,2,1,41,26,15,67,2021-07-18 17:00:00,500261
Daniel Salomon_167056,Daniel Salomon,-3,0,26,35,-9,61,2021-07-18 17:00:00,500262
Artur Moriak_369537523,Artur Moriak,-1,0,47,54,-7,101,2021-07-18 17:00:00,500263
Ma Klimenta_27727,Ma Klimenta,-3,0,21,36,-15,57,2021-07-18 17:01:00,500264
Mykola Lytvynenko_979839889,Mykola Lytvynenko,-1,0,50,55,-5,105,2021-07-18 17:05:00,500265
Ir Kim_123814,Ir Kim,-1,0,42,54,-12,96,2021-07-18 17:05:00,500266
Oleksandr Kovalchuk_166972,Oleksandr Kovalchuk,2,1,43,36,7,79,2021-07-18 17:05:00,500267
Yevhen Pysmennyi_1056457693,Yevhen Pysmennyi,-2,0,33,41,-8,74,2021-07-18 17:10:00,500268
Yuliia Voloshyna_166982,Yuliia Voloshyna,1,1,51,43,8,94,2021-07-18 17:10:00,500269
Iurii Bondarenko_166992,Iurii Bondarenko,-2,0,34,40,-6,74,2021-07-18 17:15:00,500270
Illia Yanishevskiy_1583955204,Illia Yanishevskiy,1,1,47,41,6,88,2021-07-18 17:15:00,500271
A Shirshov_123850,A Shirshov,2,1,42,29,13,71,2021-07-18 17:16:00,500272
E Golovachev_123776,E Golovachev,1,1,48,43,5,91,2021-07-18 17:16:00,500273
Anatolii Lievshin_309345125,Anatolii Lievshin,-2,0,36,38,-2,74,2021-07-18 17:20:00,500274
Mariia Volosianska_166941,Mariia Volosianska,-2,0,41,46,-5,87,2021-07-18 17:20:00,500275
Mykola Polysynskyi_167006,Mykola Polysynskyi,3,1,35,29,6,64,2021-07-18 17:25:00,500276
Alina Kurtenko_603709098,Alina Kurtenko,-2,0,27,41,-14,68,2021-07-18 17:25:00,500277
M Huk_27728,M Huk,1,1,39,43,-4,82,2021-07-18 17:30:00,500278
Yurii Nevmyvaka_1080518735,Yurii Nevmyvaka,1,1,50,45,5,95,2021-07-18 17:30:00,500279
Milan Obertik_167057,Milan Obertik,-3,0,21,33,-12,54,2021-07-18 17:30:00,500280
Oleg Kolivay_166956,Oleg Kolivay,2,1,41,35,6,76,2021-07-18 17:30:00,500281
Vasyl Pleshkan_1272076268,Vasyl Pleshkan,-3,0,16,33,-17,49,2021-07-18 17:35:00,500282
Maksym Tytskyi_166973,Maksym Tytskyi,-1,0,44,48,-4,92,2021-07-18 17:35:00,500283
Olha Panchyshyn_166983,Olha Panchyshyn,3,1,34,25,9,59,2021-07-18 17:40:00,500284
Oleksandr Shkurupii_390702798,Oleksandr Shkurupii,-2,0,34,42,-8,76,2021-07-18 17:40:00,500285
Serhii Baranovskyi_665805234,Serhii Baranovskyi,1,1,47,49,-2,96,2021-07-18 17:45:00,500286
Suren Vlasian_166993,Suren Vlasian,1,1,46,47,-1,93,2021-07-18 17:45:00,500287
V Selkin_123815,V Selkin,1,1,47,41,6,88,2021-07-18 17:45:00,500288
D Andreev_123777,D Andreev,2,1,44,39,5,83,2021-07-18 17:46:00,500289
E Kupryakov_123851,E Kupryakov,2,1,38,26,12,64,2021-07-18 17:48:00,500290
Bohdan Zaika_918966557,Bohdan Zaika,1,1,47,44,3,91,2021-07-18 17:50:00,500291
Anastasiia Zabolotna_166942,Anastasiia Zabolotna,-2,0,25,40,-15,65,2021-07-18 17:50:00,500292
Maksym Balakiriev_167069,Maksym Balakiriev,2,1,40,34,6,74,2021-07-18 17:55:00,500293
Andrii Baklykov_2007931212,Andrii Baklykov,3,1,33,13,20,46,2021-07-18 17:55:00,500294
Valentyn Lobas_166957,Valentyn Lobas,1,1,53,50,3,103,2021-07-18 18:00:00,500295
Ji Louda_27729,Ji Louda,3,1,34,24,10,58,2021-07-18 18:00:00,500296
Milan Obertik_167058,Milan Obertik,2,1,45,39,6,84,2021-07-18 18:00:00,500297
Victoriia Kondratenko_676418950,Victoriia Kondratenko,-3,0,20,33,-13,53,2021-07-18 18:00:00,500298
Oleksandr Liushnia_166974,Oleksandr Liushnia,-3,0,22,33,-11,55,2021-07-18 18:05:00,500299
Vadim Gerashenko_406949734,Vadim Gerashenko,-1,0,48,48,0,96,2021-07-18 18:05:00,500300
Aniuta Muliarchuk_166984,Aniuta Muliarchuk,1,1,52,46,6,98,2021-07-18 18:10:00,500301
Mykhailo Vivatenko_1659909828,Mykhailo Vivatenko,1,1,49,47,2,96,2021-07-18 18:10:00,500302
A Batalov_123778,A Batalov,3,1,33,21,12,54,2021-07-18 18:14:00,500303
Vitalii Klimov_166994,Vitalii Klimov,-3,0,30,36,-6,66,2021-07-18 18:15:00,500304
Mykola Lytvynenko_629759585,Mykola Lytvynenko,2,1,42,32,10,74,2021-07-18 18:15:00,500305
V Petrov_123852,V Petrov,3,1,33,16,17,49,2021-07-18 18:15:00,500306
Prokhor Puhach_1765429769,Prokhor Puhach,1,1,50,43,7,93,2021-07-18 18:20:00,500307
Yaroslava Pachich_166943,Yaroslava Pachich,3,1,34,18,16,52,2021-07-18 18:20:00,500308
Oleksii Tiutiunnyk_1694976481,Oleksii Tiutiunnyk,2,1,42,29,13,71,2021-07-18 18:25:00,500309
I Pandur_123816,I Pandur,1,1,47,48,-1,95,2021-07-18 18:25:00,500310
Viktor Vakhrushev_167008,Viktor Vakhrushev,2,1,41,33,8,74,2021-07-18 18:25:00,500311
Viktor Bereza_166958,Viktor Bereza,-3,0,20,33,-13,53,2021-07-18 18:30:00,500312
Uryi Schepanskyi_620141093,Uryi Schepanskyi,1,1,53,51,2,104,2021-07-18 18:30:00,500313
Daniel Salomon_167059,Daniel Salomon,-2,0,33,39,-6,72,2021-07-18 18:30:00,500314
K Brozik_27730,K Brozik,-1,0,40,47,-7,87,2021-07-18 18:31:00,500315
Maksym Tytskyi_166975,Maksym Tytskyi,-3,0,22,33,-11,55,2021-07-18 18:35:00,500316
Solomiya Brateyko_1623388872,Solomiya Brateyko,2,1,43,34,9,77,2021-07-18 18:35:00,500317
Yurii Novokhatskyi_1150222333,Yurii Novokhatskyi,-3,0,25,35,-10,60,2021-07-18 18:40:00,500318
Olha Panchyshyn_166985,Olha Panchyshyn,3,1,37,28,9,65,2021-07-18 18:40:00,500319
K Olshakov_124011,K Olshakov,-3,0,29,38,-9,67,2021-07-18 18:45:00,500320
Valentyn Lutsenko_166995,Valentyn Lutsenko,1,1,45,49,-4,94,2021-07-18 18:45:00,500321
Artur Moriak_1023742065,Artur Moriak,-1,0,49,51,-2,100,2021-07-18 18:45:00,500322
V Fedorov_124014,V Fedorov,2,1,39,31,8,70,2021-07-18 18:46:00,500323
Anastasia Holiak_166944,Anastasia Holiak,3,1,36,22,14,58,2021-07-18 18:50:00,500324
Oleksandr Zhukovskyi_1051572986,Oleksandr Zhukovskyi,1,1,47,38,9,85,2021-07-18 18:50:00,500325
Oleksandr Yarovoi_749888785,Oleksandr Yarovoi,2,1,44,35,9,79,2021-07-18 18:55:00,500326
Dmitriy Pereyaslovskyi_167009,Dmitriy Pereyaslovskyi,1,1,46,45,1,91,2021-07-18 18:55:00,500327
Tomas Cerveny_167060,Tomas Cerveny,3,1,35,26,9,61,2021-07-18 19:00:00,500328
Oleksii Tiutiunnyk_2014868943,Oleksii Tiutiunnyk,3,1,33,9,24,42,2021-07-18 19:00:00,500329
Ji Louda_27731,Ji Louda,-1,0,43,47,-4,90,2021-07-18 19:00:00,500330
Bohdan Havryliuk_166959,Bohdan Havryliuk,1,1,39,37,2,76,2021-07-18 19:00:00,500331
Oleksandr Kovalchuk_166976,Oleksandr Kovalchuk,-1,0,42,51,-9,93,2021-07-18 19:05:00,500332
Anatolii Lievshin_446669562,Anatolii Lievshin,-1,0,46,45,1,91,2021-07-18 19:05:00,500333
Ir Kim_124015,Ir Kim,-3,0,14,33,-19,47,2021-07-18 19:06:00,500334
Alina Kurtenko_1923998970,Alina Kurtenko,3,1,33,26,7,59,2021-07-18 19:10:00,500335
Yuliia Voloshyna_166986,Yuliia Voloshyna,1,1,53,46,7,99,2021-07-18 19:10:00,500336
A Shirshov_124013,A Shirshov,2,1,41,29,12,70,2021-07-18 19:14:00,500337
Iurii Bondarenko_166996,Iurii Bondarenko,-2,0,30,44,-14,74,2021-07-18 19:15:00,500338
Yurii Nevmyvaka_1480270568,Yurii Nevmyvaka,3,1,33,18,15,51,2021-07-18 19:15:00,500339
E Golovachev_124012,E Golovachev,1,1,49,41,8,90,2021-07-18 19:15:00,500340
Vasyl Pleshkan_1972567927,Vasyl Pleshkan,-2,0,49,53,-4,102,2021-07-18 19:20:00,500341
Mariia Volosianska_166945,Mariia Volosianska,-3,0,16,33,-17,49,2021-07-18 19:20:00,500342
Oleksandr Kolbasenko_167019,Oleksandr Kolbasenko,3,1,35,25,10,60,2021-07-18 19:20:00,500343
Mykola Polysynskyi_167070,Mykola Polysynskyi,-2,0,46,51,-5,97,2021-07-18 19:25:00,500344
V Selkin_124016,V Selkin,-3,0,18,33,-15,51,2021-07-18 19:26:00,500345
M Huk_27732,M Huk,3,1,33,23,10,56,2021-07-18 19:30:00,500346
Oleg Kolivay_166960,Oleg Kolivay,-3,0,21,33,-12,54,2021-07-18 19:30:00,500347
Prokhor Puhach_1760820677,Prokhor Puhach,-2,0,32,40,-8,72,2021-07-18 19:30:00,500348
Daniel Salomon_167061,Daniel Salomon,-2,0,33,41,-8,74,2021-07-18 19:30:00,500349
Mykola Zakladnyi_1986394652,Mykola Zakladnyi,3,1,37,29,8,66,2021-07-18 19:35:00,500350
Oleksandr Liushnia_166977,Oleksandr Liushnia,-3,0,19,33,-14,52,2021-07-18 19:35:00,500351
Aniuta Muliarchuk_166987,Aniuta Muliarchuk,2,1,40,33,7,73,2021-07-18 19:40:00,500352
Andrii Baklykov_445508432,Andrii Baklykov,3,1,34,19,15,53,2021-07-18 19:40:00,500353
G Bardyshev_123817,G Bardyshev,2,1,43,35,8,78,2021-07-18 19:44:00,500354
Suren Vlasian_166997,Suren Vlasian,-3,0,19,33,-14,52,2021-07-18 19:45:00,500355
Victoriia Kondratenko_1698017684,Victoriia Kondratenko,-3,0,24,33,-9,57,2021-07-18 19:45:00,500356
K Malahov_123853,K Malahov,-1,0,46,49,-3,95,2021-07-18 19:45:00,500357
E Mishutin_123779,E Mishutin,-3,0,24,33,-9,57,2021-07-18 19:49:00,500358
Oleksandr Borysiuk_167020,Oleksandr Borysiuk,1,1,41,39,2,80,2021-07-18 19:50:00,500359
Vadim Gerashenko_185673986,Vadim Gerashenko,-2,0,27,44,-17,71,2021-07-18 19:50:00,500360
Anastasiia Zabolotna_166946,Anastasiia Zabolotna,-1,0,47,53,-6,100,2021-07-18 19:50:00,500361
Mykhailo Vivatenko_1149574415,Mykhailo Vivatenko,-2,0,32,43,-11,75,2021-07-18 19:55:00,500362
Maksym Balakiriev_167011,Maksym Balakiriev,-3,0,24,37,-13,61,2021-07-18 19:55:00,500363
Valentyn Lobas_166961,Valentyn Lobas,2,1,40,32,8,72,2021-07-18 20:00:00,500364
Ma Klimenta_27773,Ma Klimenta,3,1,33,23,10,56,2021-07-18 20:00:00,500365
Tomas Krenek_167327,Tomas Krenek,1,1,54,44,10,98,2021-07-18 20:00:00,500366
Oleksandr Yarovoi_884770982,Oleksandr Yarovoi,3,1,33,16,17,49,2021-07-18 20:05:00,500367
Oleksandr Gomilko_166978,Oleksandr Gomilko,-2,0,36,43,-7,79,2021-07-18 20:05:00,500368
A Alekseyev_123818,A Alekseyev,2,1,37,32,5,69,2021-07-18 20:06:00,500369
Oleksii Tiutiunnyk_1157028253,Oleksii Tiutiunnyk,-2,0,26,35,-9,61,2021-07-18 20:10:00,500370
Tamara Kravchuk_166988,Tamara Kravchuk,3,1,33,21,12,54,2021-07-18 20:10:00,500371
Volodymyr Plishylo_37839605,Volodymyr Plishylo,2,1,42,29,13,71,2021-07-18 20:15:00,500372
B Grebenyuk_123780,B Grebenyuk,2,1,42,30,12,72,2021-07-18 20:15:00,500373
Vitalii Klimov_166998,Vitalii Klimov,-2,0,35,43,-8,78,2021-07-18 20:15:00,500374
Artem Slashchev_123854,Artem Slashchev,-3,0,25,37,-12,62,2021-07-18 20:16:00,500375
Oleksandr Kolbasenko_167021,Oleksandr Kolbasenko,-3,0,23,36,-13,59,2021-07-18 20:20:00,500376
Yaroslava Pachich_166947,Yaroslava Pachich,3,1,34,23,11,57,2021-07-18 20:20:00,500377
Alina Kurtenko_635716633,Alina Kurtenko,-1,0,44,49,-5,93,2021-07-18 20:20:00,500378
Viktor Vakhrushev_167012,Viktor Vakhrushev,2,1,44,41,3,85,2021-07-18 20:25:00,500379
Yurii Novokhatskyi_1984001448,Yurii Novokhatskyi,-2,0,33,39,-6,72,2021-07-18 20:25:00,500380
Viktor Bereza_166962,Viktor Bereza,-3,0,23,33,-10,56,2021-07-18 20:30:00,500381
Tomas Cerveny_167328,Tomas Cerveny,-2,0,37,42,-5,79,2021-07-18 20:30:00,500382
K Brozik_27774,K Brozik,-2,0,36,39,-3,75,2021-07-18 20:30:00,500383
Ihor Syniavskyi_751747037,Ihor Syniavskyi,3,1,33,22,11,55,2021-07-18 20:30:00,500384
D Tikhnenko_123819,D Tikhnenko,3,1,33,17,16,50,2021-07-18 20:31:00,500385
Olha Panchyshyn_167329,Olha Panchyshyn,3,1,35,22,13,57,2021-07-18 20:40:00,500386
Prokhor Puhach_1228854012,Prokhor Puhach,1,1,51,48,3,99,2021-07-18 20:40:00,500387
Valentyn Lutsenko_166999,Valentyn Lutsenko,-1,0,53,53,0,106,2021-07-18 20:45:00,500388
Oleksandr Kovalchuk_167331,Oleksandr Kovalchuk,2,1,43,37,6,80,2021-07-18 20:45:00,500389
Mykola Zakladnyi_1978572549,Mykola Zakladnyi,3,1,33,23,10,56,2021-07-18 20:45:00,500390
P Khramkov_123855,P Khramkov,-2,0,42,42,0,84,2021-07-18 20:45:00,500391
A Klavdenkov_123781,A Klavdenkov,-1,0,40,39,1,79,2021-07-18 20:45:00,500392
Ivan Efimenko_167022,Ivan Efimenko,2,1,39,32,7,71,2021-07-18 20:50:00,500393
Uryi Schepanskyi_907973397,Uryi Schepanskyi,-2,0,40,44,-4,84,2021-07-18 20:50:00,500394
Mariia Volosianska_166948,Mariia Volosianska,1,1,51,42,9,93,2021-07-18 20:50:00,500395
Dmitriy Pereyaslovskyi_167071,Dmitriy Pereyaslovskyi,-1,0,44,52,-8,96,2021-07-18 20:55:00,500396
Victoriia Kondratenko_772967325,Victoriia Kondratenko,-3,0,15,33,-18,48,2021-07-18 20:55:00,500397
Jonas Kulveit_167062,Jonas Kulveit,-3,0,23,35,-12,58,2021-07-18 21:00:00,500398
Oleg Kolivay_166963,Oleg Kolivay,-2,0,42,48,-6,90,2021-07-18 21:00:00,500399
Mykola Treshchetka_1053380297,Mykola Treshchetka,-1,0,44,43,1,87,2021-07-18 21:00:00,500400
V Mishakin_123820,V Mishakin,-2,0,42,49,-7,91,2021-07-18 21:00:00,500401
R Hasmanda_27733,R Hasmanda,-2,0,29,41,-12,70,2021-07-18 21:00:00,500402
Artur Moriak_2049006362,Artur Moriak,2,1,42,31,11,73,2021-07-18 21:05:00,500403
Tamara Kravchuk_167330,Tamara Kravchuk,1,1,48,42,6,90,2021-07-18 21:10:00,500404
Suren Vlasian_167000,Suren Vlasian,-3,0,18,33,-15,51,2021-07-18 21:15:00,500405
Oleksandr Yarovoi_1286962002,Oleksandr Yarovoi,-1,0,34,44,-10,78,2021-07-18 21:15:00,500406
Dmytro Rehotun_167332,Dmytro Rehotun,-1,0,43,42,1,85,2021-07-18 21:15:00,500407
P Zjuzikov_123856,P Zjuzikov,3,1,35,25,10,60,2021-07-18 21:16:00,500408
D Razinkov_123782,D Razinkov,1,1,58,50,8,108,2021-07-18 21:17:00,500409
Oleksandr Borysiuk_167023,Oleksandr Borysiuk,-3,0,26,34,-8,60,2021-07-18 21:20:00,500410
Prokhor Puhach_1049652493,Prokhor Puhach,2,1,44,41,3,85,2021-07-18 21:20:00,500411
Anzhela Sydorko_166949,Anzhela Sydorko,3,1,34,21,13,55,2021-07-18 21:20:00,500412
Vladyslav Kaluhin_628890193,Vladyslav Kaluhin,-3,0,21,33,-12,54,2021-07-18 21:25:00,500413
Mykola Polysynskyi_167014,Mykola Polysynskyi,3,1,33,17,16,50,2021-07-18 21:25:00,500414
R Pavelka_27734,R Pavelka,-1,0,53,54,-1,107,2021-07-18 21:30:00,500415
Marek Kulisek_167063,Marek Kulisek,-2,0,34,44,-10,78,2021-07-18 21:30:00,500416
Vasyl Kondratenko_166964,Vasyl Kondratenko,3,1,33,26,7,59,2021-07-18 21:30:00,500417
Alina Kurtenko_1709684779,Alina Kurtenko,-3,0,14,33,-19,47,2021-07-18 21:30:00,500418
D Tikhnenko_123821,D Tikhnenko,1,1,48,43,5,91,2021-07-18 21:31:00,500419
Yurii Nevmyvaka_2131827484,Yurii Nevmyvaka,3,1,33,17,16,50,2021-07-18 21:35:00,500420
Artur Moriak_902651164,Artur Moriak,2,1,42,36,6,78,2021-07-18 21:40:00,500421
Serhii Mishchenko_167001,Serhii Mishchenko,-3,0,23,33,-10,56,2021-07-18 21:45:00,500422
P Khramkov_123857,P Khramkov,2,1,43,34,9,77,2021-07-18 21:45:00,500423
Mariia Volosianska_166950,Mariia Volosianska,2,1,42,26,16,68,2021-07-18 21:50:00,500424
Yaroslav Ivanytsia_300944067,Yaroslav Ivanytsia,1,1,47,34,13,81,2021-07-18 21:50:00,500425
Oleksandr Kolbasenko_167024,Oleksandr Kolbasenko,-3,0,20,37,-17,57,2021-07-18 21:50:00,500426
A Klavdenkov_123783,A Klavdenkov,2,1,42,35,7,77,2021-07-18 21:54:00,500427
Viktor Vakhrushev_167015,Viktor Vakhrushev,2,1,36,30,6,66,2021-07-18 21:55:00,500428
Prokhor Puhach_1455352794,Prokhor Puhach,-1,0,41,50,-9,91,2021-07-18 21:55:00,500429
Volodymyr Plishylo_1793419620,Volodymyr Plishylo,-2,0,29,39,-10,68,2021-07-18 22:00:00,500430
Marek Kulisek_167064,Marek Kulisek,-3,0,21,33,-12,54,2021-07-18 22:00:00,500431
Oleg Kolivay_166965,Oleg Kolivay,2,1,41,29,12,70,2021-07-18 22:00:00,500432
A Alekseyev_123822,A Alekseyev,-2,0,40,41,-1,81,2021-07-18 22:01:00,500433
Solomiya Brateyko_1781900952,Solomiya Brateyko,-3,0,17,33,-16,50,2021-07-18 22:05:00,500434
P Pycha_27735,P Pycha,-2,0,35,39,-4,74,2021-07-18 22:07:00,500435
Vadim Gerashenko_664580669,Vadim Gerashenko,-2,0,36,38,-2,74,2021-07-18 22:10:00,500436
Artem Slashchev_123858,Artem Slashchev,3,1,36,26,10,62,2021-07-18 22:15:00,500437
Oleksandr Kasatiy_1081783676,Oleksandr Kasatiy,-2,0,40,47,-7,87,2021-07-18 22:15:00,500438
Suren Vlasian_167002,Suren Vlasian,1,1,43,50,-7,93,2021-07-18 22:15:00,500439
Anastasia Holiak_166951,Anastasia Holiak,-2,0,36,44,-8,80,2021-07-18 22:20:00,500440
Oleksandr Borysiuk_167025,Oleksandr Borysiuk,-1,0,50,52,-2,102,2021-07-18 22:20:00,500441
B Grebenyuk_123784,B Grebenyuk,-3,0,23,33,-10,56,2021-07-18 22:22:00,500442
Oleksii Tiutiunnyk_623617694,Oleksii Tiutiunnyk,3,1,33,20,13,53,2021-07-18 22:25:00,500443
Andrii Peretiatko_167072,Andrii Peretiatko,-3,0,19,33,-14,52,2021-07-18 22:25:00,500444
Bohdan Havryliuk_166966,Bohdan Havryliuk,3,1,33,18,15,51,2021-07-18 22:30:00,500445
Jonas Kulveit_167065,Jonas Kulveit,-1,0,43,46,-3,89,2021-07-18 22:30:00,500446
V Mishakin_124017,V Mishakin,-1,0,40,45,-5,85,2021-07-18 22:33:00,500447
L Adamec_27736,L Adamec,2,1,44,37,7,81,2021-07-18 22:34:00,500448
B Grebenyuk_124019,B Grebenyuk,-3,0,16,33,-17,49,2021-07-18 22:45:00,500449
Iurii Bondarenko_167003,Iurii Bondarenko,1,1,49,50,-1,99,2021-07-18 22:45:00,500450
Oleksandr Mykhalus_1566138809,Oleksandr Mykhalus,3,1,33,20,13,53,2021-07-18 22:45:00,500451
Artem Slashchev_124022,Artem Slashchev,-2,0,27,38,-11,65,2021-07-18 22:45:00,500452
Ivan Efimenko_167026,Ivan Efimenko,2,1,41,28,13,69,2021-07-18 22:50:00,500453
Viktor Vakhrushev_167017,Viktor Vakhrushev,3,1,33,27,6,60,2021-07-18 22:55:00,500454
Vitalii Zharskiy_888445986,Vitalii Zharskiy,3,1,38,29,9,67,2021-07-18 23:00:00,500455
Jan Sr Krames_167066,Jan Sr Krames,2,1,45,35,10,80,2021-07-18 23:00:00,500456
A Alekseyev_124018,A Alekseyev,3,1,35,29,6,64,2021-07-18 23:02:00,500457
P Pycha_27737,P Pycha,-3,0,26,34,-8,60,2021-07-18 23:03:00,500458
E Mishutin_124021,E Mishutin,1,1,52,46,6,98,2021-07-18 23:15:00,500459
P Zjuzikov_124023,P Zjuzikov,-1,0,40,49,-9,89,2021-07-18 23:15:00,500460
Oleksandr Kolbasenko_167027,Oleksandr Kolbasenko,2,1,43,31,12,74,2021-07-18 23:20:00,500461
Maksym Balakiriev_167018,Maksym Balakiriev,-3,0,20,33,-13,53,2021-07-18 23:25:00,500462
Jonas Kulveit_167067,Jonas Kulveit,1,1,52,48,4,100,2021-07-18 23:30:00,500463
R Pavelka_27738,R Pavelka,-1,0,45,50,-5,95,2021-07-18 23:30:00,500464
Andrii Zeniuk_1891554749,Andrii Zeniuk,2,1,42,34,8,76,2021-07-18 23:30:00,500465
A Aslanyan_123823,A Aslanyan,2,1,46,42,4,88,2021-07-18 23:31:00,500466
Roman Vashchuk_478314914,Roman Vashchuk,3,1,36,27,9,63,2021-07-18 23:45:00,500467
D Sayanov_123859,D Sayanov,-2,0,34,40,-6,74,2021-07-18 23:46:00,500468
Viktor Yevtodii_167028,Viktor Yevtodii,-2,0,25,41,-16,66,2021-07-18 23:50:00,500469
O Kutuzov_123785,O Kutuzov,-3,0,16,33,-17,49,2021-07-18 23:56:00,500470
Vitalii Zharskiy_1261100510,Vitalii Zharskiy,-2,0,32,40,-8,72,2021-07-19 00:00:00,500471
R Pavlenko_123824,R Pavlenko,-3,0,24,37,-13,61,2021-07-19 00:01:00,500472
R Pavelka_27775,R Pavelka,-2,0,38,39,-1,77,2021-07-19 00:11:00,500473
V Safonov_123860,V Safonov,-1,0,44,50,-6,94,2021-07-19 00:15:00,500474
Martin Kocvara_167333,Martin Kocvara,3,1,33,23,10,56,2021-07-19 00:15:00,500475
Igor Demchuk_1417111242,Igor Demchuk,-1,0,47,51,-4,98,2021-07-19 00:15:00,500476
V Shirshov_123786,V Shirshov,2,1,40,31,9,71,2021-07-19 00:19:00,500477
Rustam Halimbaiev_167029,Rustam Halimbaiev,-1,0,48,55,-7,103,2021-07-19 00:25:00,500478
Viktor Yevtodii_167335,Viktor Yevtodii,-1,0,46,47,-1,93,2021-07-19 00:25:00,500479
A Fedosov_123825,A Fedosov,-2,0,38,43,-5,81,2021-07-19 00:30:00,500480
Andrii Zeniuk_1909804985,Andrii Zeniuk,-1,0,52,54,-2,106,2021-07-19 00:30:00,500481
R Hasmanda_27776,R Hasmanda,2,1,39,35,4,74,2021-07-19 00:35:00,500482
Roman Vashchuk_99200709,Roman Vashchuk,-1,0,50,48,2,98,2021-07-19 00:45:00,500483
Yu Merkushin_123861,Yu Merkushin,-2,0,38,40,-2,78,2021-07-19 00:45:00,500484
A Vlasov_123787,A Vlasov,-2,0,36,38,-2,74,2021-07-19 00:45:00,500485
Marek Kulisek_167334,Marek Kulisek,-2,0,38,44,-6,82,2021-07-19 00:45:00,500486
Pavlo Volkov_167030,Pavlo Volkov,-2,0,30,43,-13,73,2021-07-19 00:55:00,500487
Vladyslav Mishchenko_167336,Vladyslav Mishchenko,-3,0,20,33,-13,53,2021-07-19 00:55:00,500488
Vitalii Zharskiy_6996917,Vitalii Zharskiy,-1,0,43,48,-5,91,2021-07-19 01:00:00,500489
S Ogai_123826,S Ogai,-1,0,51,51,0,102,2021-07-19 01:00:00,500490
S Myagkov_123788,S Myagkov,1,1,50,43,7,93,2021-07-19 01:15:00,500491
Oleksandr Medvedyev_1279045487,Oleksandr Medvedyev,-3,0,20,33,-13,53,2021-07-19 01:15:00,500492
P Semeshin_123862,P Semeshin,3,1,37,26,11,63,2021-07-19 01:16:00,500493
Oleksandr Shapoval_167031,Oleksandr Shapoval,-3,0,16,33,-17,49,2021-07-19 01:25:00,500494
Serhii Rutskyi_1930571732,Serhii Rutskyi,-1,0,48,48,0,96,2021-07-19 01:30:00,500495
R Pavlenko_123827,R Pavlenko,-2,0,33,42,-9,75,2021-07-19 01:34:00,500496
Igor Demchuk_1401545879,Igor Demchuk,-2,0,30,41,-11,71,2021-07-19 01:45:00,500497
V Safonov_123863,V Safonov,3,1,33,20,13,53,2021-07-19 01:46:00,500498
V Shirshov_123789,V Shirshov,1,1,50,50,0,100,2021-07-19 01:52:00,500499
Pavlo Volkov_167032,Pavlo Volkov,-2,0,46,46,0,92,2021-07-19 01:55:00,500500
Vadim Tokar_1781666626,Vadim Tokar,3,1,33,24,9,57,2021-07-19 02:00:00,500501
S Ogai_123828,S Ogai,3,1,36,28,8,64,2021-07-19 02:01:00,500502
P Semeshin_123864,P Semeshin,-2,0,33,34,-1,67,2021-07-19 02:15:00,500503
Roman Vashchuk_1481129347,Roman Vashchuk,3,1,33,20,13,53,2021-07-19 02:15:00,500504
S Myagkov_123790,S Myagkov,2,1,40,33,7,73,2021-07-19 02:23:00,500505
Rustam Halimbaiev_167033,Rustam Halimbaiev,-2,0,28,42,-14,70,2021-07-19 02:25:00,500506
Vitalii Zharskiy_1436700991,Vitalii Zharskiy,-1,0,48,48,0,96,2021-07-19 02:30:00,500507
T Turabekov_123829,T Turabekov,2,1,42,28,14,70,2021-07-19 02:31:00,500508
S Martyukhin_123865,S Martyukhin,2,1,41,30,11,71,2021-07-19 02:45:00,500509
Oleksandr Medvedyev_1278496732,Oleksandr Medvedyev,2,1,42,33,9,75,2021-07-19 02:45:00,500510
D Balakin_123791,D Balakin,-3,0,21,33,-12,54,2021-07-19 02:47:00,500511
Serhii Levin_167034,Serhii Levin,2,1,42,21,21,63,2021-07-19 02:55:00,500512
Vadim Tokar_1829244337,Vadim Tokar,-1,0,50,51,-1,101,2021-07-19 03:00:00,500513
A Fedosov_123830,A Fedosov,2,1,40,25,15,65,2021-07-19 03:00:00,500514
Yu Merkushin_123866,Yu Merkushin,-3,0,13,33,-20,46,2021-07-19 03:15:00,500515
Igor Demchuk_1826284445,Igor Demchuk,3,1,33,11,22,44,2021-07-19 03:15:00,500516
A Vlasov_123792,A Vlasov,2,1,42,21,21,63,2021-07-19 03:17:00,500517
Oleksandr Shapoval_167035,Oleksandr Shapoval,-1,0,42,45,-3,87,2021-07-19 03:25:00,500518
Vitalii Zharskiy_1694391536,Vitalii Zharskiy,-3,0,14,33,-19,47,2021-07-19 03:30:00,500519
A Aslanyan_123831,A Aslanyan,2,1,50,40,10,90,2021-07-19 03:31:00,500520
Ihor Matsehora_1791686349,Ihor Matsehora,1,1,51,42,9,93,2021-07-19 03:45:00,500521
D Sayanov_123867,D Sayanov,-1,0,41,47,-6,88,2021-07-19 03:46:00,500522
O Kutuzov_123793,O Kutuzov,2,1,37,35,2,72,2021-07-19 03:47:00,500523
Pavlo Volkov_167036,Pavlo Volkov,-3,0,22,33,-11,55,2021-07-19 03:55:00,500524
Vadim Tokar_2118540244,Vadim Tokar,-1,0,43,41,2,84,2021-07-19 04:00:00,500525
T Turabekov_123832,T Turabekov,-1,0,39,53,-14,92,2021-07-19 04:01:00,500526
Roman Vashchuk_1774553461,Roman Vashchuk,3,1,33,26,7,59,2021-07-19 04:15:00,500527
D Balakin_123794,D Balakin,-3,0,25,34,-9,59,2021-07-19 04:16:00,500528
S Martyukhin_123868,S Martyukhin,3,1,35,22,13,57,2021-07-19 04:18:00,500529
Rustam Halimbaiev_167037,Rustam Halimbaiev,1,1,45,41,4,86,2021-07-19 04:25:00,500530
Andrii Zeniuk_1539070153,Andrii Zeniuk,-1,0,42,47,-5,89,2021-07-19 04:30:00,500531
T Turabekov_124024,T Turabekov,3,1,34,22,12,56,2021-07-19 04:36:00,500532
Bogdan Stasiuk_373245082,Bogdan Stasiuk,3,1,34,28,6,62,2021-07-19 04:45:00,500533
D Sayanov_124028,D Sayanov,-2,0,32,41,-9,73,2021-07-19 04:46:00,500534
O Kutuzov_124026,O Kutuzov,2,1,43,35,8,78,2021-07-19 04:47:00,500535
Serhii Levin_167038,Serhii Levin,3,1,33,19,14,52,2021-07-19 04:55:00,500536
A Aslanyan_124025,A Aslanyan,2,1,35,39,-4,74,2021-07-19 05:01:00,500537
S Martyukhin_124029,S Martyukhin,1,1,45,46,-1,91,2021-07-19 05:15:00,500538
Ihor Matsehora_1248375142,Ihor Matsehora,1,1,55,43,12,98,2021-07-19 05:15:00,500539
A Vlasov_124027,A Vlasov,-1,0,40,51,-11,91,2021-07-19 05:18:00,500540
Oleksandr Shapoval_167039,Oleksandr Shapoval,-2,0,33,43,-10,76,2021-07-19 05:25:00,500541
Rustam Halimbaiev_167040,Rustam Halimbaiev,-2,0,35,43,-8,78,2021-07-19 05:55:00,500542
Maksym Marchuk_167041,Maksym Marchuk,2,1,39,33,6,72,2021-07-19 06:25:00,500543
Rustam Halimbaiev_167042,Rustam Halimbaiev,-2,0,33,36,-3,69,2021-07-19 06:55:00,500544
Pavlo Volkov_167043,Pavlo Volkov,3,1,33,14,19,47,2021-07-19 07:25:00,500545
G Karpovkin_123943,G Karpovkin,2,1,42,28,14,70,2021-07-19 07:31:00,500546
K Olshakov_123977,K Olshakov,2,1,43,37,6,80,2021-07-19 07:47:00,500547
O Kharlakin_123903,O Kharlakin,-2,0,39,47,-8,86,2021-07-19 07:48:00,500548
Maksim Ovcharenko_670394869,Maksim Ovcharenko,-3,0,20,33,-13,53,2021-07-19 07:50:00,500549
Anastasia Holiak_167093,Anastasia Holiak,2,1,39,30,9,69,2021-07-19 07:50:00,500550
Maksym Kolos_1295367764,Maksym Kolos,-2,0,37,43,-6,80,2021-07-19 07:55:00,500551
Serhii Burdelnyi_167103,Serhii Burdelnyi,1,1,47,41,6,88,2021-07-19 08:00:00,500552
I Sergeevich_123944,I Sergeevich,-3,0,24,34,-10,58,2021-07-19 08:03:00,500553
Illia Marynkevych_167113,Illia Marynkevych,1,1,43,43,0,86,2021-07-19 08:05:00,500554
Daria Shaburova_167128,Daria Shaburova,-3,0,24,33,-9,57,2021-07-19 08:10:00,500555
Bohdan Havryliuk_167138,Bohdan Havryliuk,3,1,37,24,13,61,2021-07-19 08:15:00,500556
D Andreev_123978,D Andreev,-1,0,50,44,6,94,2021-07-19 08:16:00,500557
A Fedorov_123904,A Fedorov,1,1,48,38,10,86,2021-07-19 08:18:00,500558
Mariia Volosianska_167094,Mariia Volosianska,-3,0,17,33,-16,50,2021-07-19 08:20:00,500559
Rodion Pirveli_879200727,Rodion Pirveli,-3,0,20,33,-13,53,2021-07-19 08:25:00,500560
Andrii Selin_1223097531,Andrii Selin,-2,0,37,41,-4,78,2021-07-19 08:30:00,500561
Vadym Kucheriavyi_167104,Vadym Kucheriavyi,3,1,34,27,7,61,2021-07-19 08:30:00,500562
A Kolmin_123945,A Kolmin,-2,0,33,43,-10,76,2021-07-19 08:32:00,500563
Anton Myrza_803454066,Anton Myrza,2,1,35,32,3,67,2021-07-19 08:35:00,500564
Yevhen Samofal_167114,Yevhen Samofal,3,1,34,19,15,53,2021-07-19 08:35:00,500565
Liliia Nerush_167129,Liliia Nerush,-2,0,31,41,-10,72,2021-07-19 08:40:00,500566
Aleksandr Tulenin_1108184636,Aleksandr Tulenin,-2,0,34,43,-9,77,2021-07-19 08:40:00,500567
E Tsvetkov_123905,E Tsvetkov,-3,0,25,33,-8,58,2021-07-19 08:45:00,500568
Suren Vlasian_167139,Suren Vlasian,-2,0,36,43,-7,79,2021-07-19 08:45:00,500569
Serhii Hilitukha_1958280869,Serhii Hilitukha,-2,0,37,43,-6,80,2021-07-19 08:45:00,500570
A Trushkin_123979,A Trushkin,3,1,34,21,13,55,2021-07-19 08:45:00,500571
Viktor Yevtodii_167153,Viktor Yevtodii,-2,0,33,41,-8,74,2021-07-19 08:50:00,500572
Vasyl Aksenin_1212915005,Vasyl Aksenin,3,1,33,21,12,54,2021-07-19 08:50:00,500573
Anastasia Holiak_167095,Anastasia Holiak,1,1,45,40,5,85,2021-07-19 08:50:00,500574
Spartak Abalmaz_1880310712,Spartak Abalmaz,-3,0,22,33,-11,55,2021-07-19 08:55:00,500575
Yevhenii Sokoltsov_167168,Yevhenii Sokoltsov,-2,0,35,42,-7,77,2021-07-19 08:55:00,500576
Serhii Skachenko_902462700,Serhii Skachenko,-1,0,56,60,-4,116,2021-07-19 08:55:00,500577
Oleh Holiak_167183,Oleh Holiak,-2,0,30,42,-12,72,2021-07-19 09:00:00,500578
M-n Regner_27747,M-n Regner,3,1,33,9,24,42,2021-07-19 09:00:00,500579
Maxim Suvorov_167303,Maxim Suvorov,-1,0,46,50,-4,96,2021-07-19 09:00:00,500580
Serhii Burdelnyi_167105,Serhii Burdelnyi,3,1,33,17,16,50,2021-07-19 09:00:00,500581
Maksim Ovcharenko_756625416,Maksim Ovcharenko,-1,0,39,47,-8,86,2021-07-19 09:00:00,500582
Serhii Chuliukov_167115,Serhii Chuliukov,-1,0,44,49,-5,93,2021-07-19 09:05:00,500583
Dmytro Shukin_422224846,Dmytro Shukin,-2,0,29,42,-13,71,2021-07-19 09:05:00,500584
A Zabrodin_123946,A Zabrodin,-2,0,38,45,-7,83,2021-07-19 09:06:00,500585
Daria Shaburova_167130,Daria Shaburova,-3,0,18,33,-15,51,2021-07-19 09:10:00,500586
Anatolii Zapletniuk_774676772,Anatolii Zapletniuk,-1,0,48,44,4,92,2021-07-19 09:10:00,500587
V Tsvetkov_123980,V Tsvetkov,2,1,43,33,10,76,2021-07-19 09:15:00,500588
Aleksandr Melnikov_489696474,Aleksandr Melnikov,-2,0,38,44,-6,82,2021-07-19 09:15:00,500589
Vitalii Klimov_167140,Vitalii Klimov,2,1,37,36,1,73,2021-07-19 09:15:00,500590
R Alov_123906,R Alov,2,1,38,31,7,69,2021-07-19 09:17:00,500591
Oleksandr Kolbasenko_167154,Oleksandr Kolbasenko,-1,0,46,46,0,92,2021-07-19 09:20:00,500592
Anzhela Sydorko_167096,Anzhela Sydorko,3,1,34,26,8,60,2021-07-19 09:20:00,500593
Volodymyr Tuchkevych_1758386782,Volodymyr Tuchkevych,-1,0,46,51,-5,97,2021-07-19 09:20:00,500594
Ihor Petryshyn_1437611903,Ihor Petryshyn,2,1,41,31,10,72,2021-07-19 09:25:00,500595
Artem Lisechko_167169,Artem Lisechko,1,1,52,48,4,100,2021-07-19 09:25:00,500596
Valentin Zaichenko_1473900106,Valentin Zaichenko,1,1,46,40,6,86,2021-07-19 09:30:00,500597
Petr Dvorak_167304,Petr Dvorak,2,1,38,33,5,71,2021-07-19 09:30:00,500598
Vitalii Mukhin_167106,Vitalii Mukhin,-1,0,51,51,0,102,2021-07-19 09:30:00,500599
Mykola Shyshkin_167184,Mykola Shyshkin,1,1,53,48,5,101,2021-07-19 09:30:00,500600
Mykola Lytvynenko_1761234833,Mykola Lytvynenko,2,1,46,33,13,79,2021-07-19 09:30:00,500601
M Smrcek_27748,M Smrcek,2,1,42,37,5,79,2021-07-19 09:30:00,500602
Anton Veliiev_899562718,Anton Veliiev,2,1,41,26,15,67,2021-07-19 09:35:00,500603
Yevhen Samofal_167116,Yevhen Samofal,1,1,50,45,5,95,2021-07-19 09:35:00,500604
A Kolmin_123947,A Kolmin,-2,0,32,44,-12,76,2021-07-19 09:36:00,500605
Olha Panchyshyn_167131,Olha Panchyshyn,2,1,42,33,9,75,2021-07-19 09:40:00,500606
Andrii Selin_1568795661,Andrii Selin,-1,0,47,50,-3,97,2021-07-19 09:40:00,500607
Suren Vlasian_167141,Suren Vlasian,-1,0,42,41,1,83,2021-07-19 09:45:00,500608
E Tsvetkov_123907,E Tsvetkov,-3,0,12,33,-21,45,2021-07-19 09:45:00,500609
A Trushkin_123981,A Trushkin,-2,0,35,42,-7,77,2021-07-19 09:45:00,500610
Anton Myrza_1449713659,Anton Myrza,3,1,33,15,18,48,2021-07-19 09:45:00,500611
Oleksandr Borysiuk_167155,Oleksandr Borysiuk,3,1,33,17,16,50,2021-07-19 09:50:00,500612
Aleksandr Tulenin_1470654903,Aleksandr Tulenin,2,1,45,41,4,86,2021-07-19 09:50:00,500613
Mariia Volosianska_167097,Mariia Volosianska,-3,0,20,33,-13,53,2021-07-19 09:50:00,500614
Serhii Hilitukha_374972524,Serhii Hilitukha,-2,0,32,39,-7,71,2021-07-19 09:55:00,500615
Maksym Balakiriev_167170,Maksym Balakiriev,1,1,50,45,5,95,2021-07-19 09:55:00,500616
Vadym Kucheriavyi_167107,Vadym Kucheriavyi,-2,0,29,41,-12,70,2021-07-19 10:00:00,500617
Petr Dvorak_167305,Petr Dvorak,-3,0,18,33,-15,51,2021-07-19 10:00:00,500618
Ihor Kundeus_167185,Ihor Kundeus,-3,0,26,35,-9,61,2021-07-19 10:00:00,500619
Vasyl Aksenin_854378276,Vasyl Aksenin,-3,0,25,35,-10,60,2021-07-19 10:00:00,500620
V Dolezal_27749,V Dolezal,2,1,40,35,5,75,2021-07-19 10:03:00,500621
Spartak Abalmaz_19394038,Spartak Abalmaz,-1,0,43,49,-6,92,2021-07-19 10:05:00,500622
Illia Marynkevych_167117,Illia Marynkevych,2,1,44,37,7,81,2021-07-19 10:05:00,500623
Serhii Skachenko_630299112,Serhii Skachenko,2,1,43,40,3,83,2021-07-19 10:05:00,500624
Rodion Pirveli_677697511,Rodion Pirveli,1,1,53,46,7,99,2021-07-19 10:10:00,500625
Liliia Nerush_167132,Liliia Nerush,-3,0,14,33,-19,47,2021-07-19 10:10:00,500626
I Sergeevich_123948,I Sergeevich,-1,0,45,50,-5,95,2021-07-19 10:14:00,500627
Maksym Kolos_95436993,Maksym Kolos,-1,0,53,49,4,102,2021-07-19 10:15:00,500628
D Andreev_123982,D Andreev,-1,0,45,46,-1,91,2021-07-19 10:15:00,500629
Bohdan Havryliuk_167142,Bohdan Havryliuk,-2,0,30,43,-13,73,2021-07-19 10:15:00,500630
A Fedorov_123908,A Fedorov,-2,0,29,43,-14,72,2021-07-19 10:16:00,500631
Oleksandr Kolbasenko_167156,Oleksandr Kolbasenko,-1,0,41,51,-10,92,2021-07-19 10:20:00,500632
Anastasia Holiak_167098,Anastasia Holiak,1,1,55,54,1,109,2021-07-19 10:20:00,500633
Anatolii Zapletniuk_1718894648,Anatolii Zapletniuk,1,1,46,45,1,91,2021-07-19 10:20:00,500634
Oleg Mikluha_1885199324,Oleg Mikluha,-3,0,21,34,-13,55,2021-07-19 10:25:00,500635
Artem Lisechko_167171,Artem Lisechko,1,1,45,41,4,86,2021-07-19 10:25:00,500636
Mykola Shyshkin_167186,Mykola Shyshkin,-1,0,45,50,-5,95,2021-07-19 10:30:00,500637
M Kolar_27750,M Kolar,-3,0,18,33,-15,51,2021-07-19 10:30:00,500638
Maxim Suvorov_167306,Maxim Suvorov,2,1,38,33,5,71,2021-07-19 10:30:00,500639
Serhii Burdelnyi_167108,Serhii Burdelnyi,2,1,43,31,12,74,2021-07-19 10:30:00,500640
Volodymyr Tuchkevych_411450387,Volodymyr Tuchkevych,-3,0,27,34,-7,61,2021-07-19 10:30:00,500641
Ihor Petryshyn_1661353194,Ihor Petryshyn,-1,0,44,45,-1,89,2021-07-19 10:35:00,500642
Oleksii Korobov_167118,Oleksii Korobov,2,1,42,31,11,73,2021-07-19 10:35:00,500643
Sergey Filatov_1216429788,Sergey Filatov,2,1,39,30,9,69,2021-07-19 10:40:00,500644
Daria Shaburova_167133,Daria Shaburova,-3,0,28,38,-10,66,2021-07-19 10:40:00,500645
Vadym Grushko_1248742335,Vadym Grushko,2,1,39,39,0,78,2021-07-19 10:40:00,500646
Maksim Ovcharenko_561304528,Maksim Ovcharenko,-3,0,21,33,-12,54,2021-07-19 10:45:00,500647
E Tsvetkov_124070,E Tsvetkov,1,1,51,49,2,100,2021-07-19 10:45:00,500648
Egor Kovpak_167143,Egor Kovpak,-1,0,45,41,4,86,2021-07-19 10:45:00,500649
D Andreev_124072,D Andreev,-1,0,40,47,-7,87,2021-07-19 10:47:00,500650
Dmytro Baistriuchenko_517954589,Dmytro Baistriuchenko,2,1,43,36,7,79,2021-07-19 10:50:00,500651
Viktor Yevtodii_167157,Viktor Yevtodii,-3,0,22,33,-11,55,2021-07-19 10:50:00,500652
Mariia Volosianska_167099,Mariia Volosianska,1,1,52,45,7,97,2021-07-19 10:50:00,500653
Yevhenii Sokoltsov_167172,Yevhenii Sokoltsov,1,1,47,43,4,90,2021-07-19 10:55:00,500654
A Zabrodin_124074,A Zabrodin,-1,0,44,52,-8,96,2021-07-19 10:55:00,500655
Anton Myrza_1960088881,Anton Myrza,2,1,42,30,12,72,2021-07-19 10:55:00,500656
V Dolezal_27751,V Dolezal,-2,0,25,39,-14,64,2021-07-19 10:59:00,500657
Aleksandr Melnikov_2071612714,Aleksandr Melnikov,1,1,47,43,4,90,2021-07-19 11:00:00,500658
Oleh Holiak_167187,Oleh Holiak,-1,0,46,52,-6,98,2021-07-19 11:00:00,500659
Vadym Kucheriavyi_167109,Vadym Kucheriavyi,-3,0,24,33,-9,57,2021-07-19 11:00:00,500660
Tomas Cerveny_167307,Tomas Cerveny,-2,0,32,45,-13,77,2021-07-19 11:00:00,500661
Serhii Hilitukha_511180202,Serhii Hilitukha,-1,0,45,49,-4,94,2021-07-19 11:05:00,500662
Serhii Chuliukov_167119,Serhii Chuliukov,2,1,49,44,5,93,2021-07-19 11:05:00,500663
Vasyl Aksenin_76549316,Vasyl Aksenin,2,1,41,25,16,66,2021-07-19 11:10:00,500664
Liliia Nerush_167134,Liliia Nerush,1,1,39,49,-10,88,2021-07-19 11:10:00,500665
Vitalii Klimov_167144,Vitalii Klimov,-1,0,49,48,1,97,2021-07-19 11:15:00,500666
Mykola Lytvynenko_1644138412,Mykola Lytvynenko,3,1,40,23,17,63,2021-07-19 11:15:00,500667
Valentin Zaichenko_1304847288,Valentin Zaichenko,3,1,35,28,7,63,2021-07-19 11:15:00,500668
A Trushkin_124073,A Trushkin,2,1,40,32,8,72,2021-07-19 11:15:00,500669
O Kharlakin_124071,O Kharlakin,-1,0,47,53,-6,100,2021-07-19 11:17:00,500670
Anton Veliiev_1853580789,Anton Veliiev,-2,0,41,44,-3,85,2021-07-19 11:20:00,500671
Anzhela Sydorko_167100,Anzhela Sydorko,-3,0,22,35,-13,57,2021-07-19 11:20:00,500672
Yaroslav Strilnyk_167158,Yaroslav Strilnyk,2,1,43,32,11,75,2021-07-19 11:20:00,500673
Dmitriy Pereyaslovskyi_167173,Dmitriy Pereyaslovskyi,-3,0,14,33,-19,47,2021-07-19 11:25:00,500674
Dmytro Shukin_1080288522,Dmytro Shukin,1,1,48,47,1,95,2021-07-19 11:25:00,500675
Maxim Suvorov_167308,Maxim Suvorov,-1,0,43,47,-4,90,2021-07-19 11:30:00,500676
Vitalii Mukhin_167110,Vitalii Mukhin,3,1,36,28,8,64,2021-07-19 11:30:00,500677
Serhii Prus_167188,Serhii Prus,-3,0,27,36,-9,63,2021-07-19 11:30:00,500678
Viacheslav Sereda_608712958,Viacheslav Sereda,-2,0,35,41,-6,76,2021-07-19 11:30:00,500679
M Smrcek_27752,M Smrcek,-2,0,30,41,-11,71,2021-07-19 11:31:00,500680
A Kolmin_124075,A Kolmin,-1,0,44,49,-5,93,2021-07-19 11:32:00,500681
Yevhen Samofal_167120,Yevhen Samofal,3,1,33,21,12,54,2021-07-19 11:35:00,500682
Aleksandr Tulenin_661400672,Aleksandr Tulenin,3,1,33,19,14,52,2021-07-19 11:35:00,500683
Oleksandr Kostiuk_1047821408,Oleksandr Kostiuk,-2,0,29,41,-12,70,2021-07-19 11:40:00,500684
Olha Panchyshyn_167135,Olha Panchyshyn,-3,0,24,35,-11,59,2021-07-19 11:40:00,500685
Dmytro Zeniuk_412755309,Dmytro Zeniuk,-2,0,34,37,-3,71,2021-07-19 11:45:00,500686
Suren Vlasian_167145,Suren Vlasian,-2,0,36,44,-8,80,2021-07-19 11:45:00,500687
D Petrochenko_123983,D Petrochenko,1,1,48,38,10,86,2021-07-19 11:48:00,500688
Spartak Abalmaz_1922265063,Spartak Abalmaz,2,1,39,28,11,67,2021-07-19 11:50:00,500689
Oleksandr Borysiuk_167159,Oleksandr Borysiuk,-2,0,31,36,-5,67,2021-07-19 11:50:00,500690
Serhii Skachenko_1309087274,Serhii Skachenko,-3,0,12,33,-21,45,2021-07-19 11:50:00,500691
Anastasia Holiak_167101,Anastasia Holiak,2,1,49,42,7,91,2021-07-19 11:50:00,500692
Rodion Pirveli_1375997743,Rodion Pirveli,-2,0,37,41,-4,78,2021-07-19 11:55:00,500693
A Lobanov_123909,A Lobanov,-2,0,36,43,-7,79,2021-07-19 11:55:00,500694
Maksym Balakiriev_167174,Maksym Balakiriev,1,1,47,41,6,88,2021-07-19 11:55:00,500695
Ihor Kundeus_167189,Ihor Kundeus,-1,0,41,47,-6,88,2021-07-19 12:00:00,500696
M Kolar_27777,M Kolar,3,1,33,22,11,55,2021-07-19 12:00:00,500697
Andrii Selin_1012466784,Andrii Selin,-1,0,40,48,-8,88,2021-07-19 12:00:00,500698
Serhii Burdelnyi_167111,Serhii Burdelnyi,3,1,33,21,12,54,2021-07-19 12:00:00,500699
Anatolii Zapletniuk_1338028364,Anatolii Zapletniuk,-3,0,18,33,-15,51,2021-07-19 12:05:00,500700
Illia Marynkevych_167121,Illia Marynkevych,2,1,43,27,16,70,2021-07-19 12:05:00,500701
Tomas Cerveny_167337,Tomas Cerveny,2,1,41,33,8,74,2021-07-19 12:10:00,500702
Oleg Mikluha_1880326237,Oleg Mikluha,-1,0,47,51,-4,98,2021-07-19 12:10:00,500703
Daria Shaburova_167136,Daria Shaburova,-3,0,33,39,-6,72,2021-07-19 12:10:00,500704
V Dakhin_123949,V Dakhin,1,1,47,40,7,87,2021-07-19 12:11:00,500705
Bohdan Havryliuk_167146,Bohdan Havryliuk,1,1,51,49,2,100,2021-07-19 12:15:00,500706
Volodymyr Tuchkevych_1085582481,Volodymyr Tuchkevych,-1,0,43,51,-8,94,2021-07-19 12:15:00,500707
A Klavdenkov_123984,A Klavdenkov,-2,0,32,43,-11,75,2021-07-19 12:17:00,500708
Anastasiia Zabolotna_167102,Anastasiia Zabolotna,-2,0,32,39,-7,71,2021-07-19 12:20:00,500709
Volodymyr Ivasiv_92748954,Volodymyr Ivasiv,3,1,33,24,9,57,2021-07-19 12:20:00,500710
Oleksandr Kolbasenko_167160,Oleksandr Kolbasenko,2,1,46,36,10,82,2021-07-19 12:20:00,500711
Sergey Filatov_1497859021,Sergey Filatov,3,1,33,16,17,49,2021-07-19 12:25:00,500712
Vadym Grushko_586816710,Vadym Grushko,-3,0,20,36,-16,56,2021-07-19 12:25:00,500713
P Medvedev_123910,P Medvedev,2,1,42,38,4,80,2021-07-19 12:26:00,500714
Mykola Shyshkin_167190,Mykola Shyshkin,-2,0,28,36,-8,64,2021-07-19 12:30:00,500715
Eduard Rubtsov_623084766,Eduard Rubtsov,-2,0,44,41,3,85,2021-07-19 12:30:00,500716
Serhii Solomko_167112,Serhii Solomko,3,1,35,25,10,60,2021-07-19 12:30:00,500717
M Smrcek_27778,M Smrcek,3,1,34,23,11,57,2021-07-19 12:31:00,500718
Oleksii Korobov_167122,Oleksii Korobov,3,1,37,26,11,63,2021-07-19 12:35:00,500719
Maksym Kolos_1114676586,Maksym Kolos,-2,0,37,40,-3,77,2021-07-19 12:35:00,500720
Vaclav Ezr_167338,Vaclav Ezr,3,1,34,27,7,61,2021-07-19 12:40:00,500721
Anton Myrza_1313312221,Anton Myrza,2,1,42,33,9,75,2021-07-19 12:40:00,500722
Maryna Slashchova_167137,Maryna Slashchova,-3,0,21,33,-12,54,2021-07-19 12:40:00,500723
A Shmakov_123950,A Shmakov,2,1,38,29,9,67,2021-07-19 12:43:00,500724
Aleksandr Melnikov_683650293,Aleksandr Melnikov,-2,0,29,40,-11,69,2021-07-19 12:45:00,500725
Egor Kovpak_167147,Egor Kovpak,1,1,49,43,6,92,2021-07-19 12:45:00,500726
D Razinkov_123985,D Razinkov,-1,0,49,55,-6,104,2021-07-19 12:49:00,500727
Viktor Yevtodii_167161,Viktor Yevtodii,-3,0,22,33,-11,55,2021-07-19 12:50:00,500728
Serhii Hilitukha_1484709925,Serhii Hilitukha,-2,0,32,37,-5,69,2021-07-19 12:50:00,500729
I Minchenkov_123911,I Minchenkov,3,1,33,24,9,57,2021-07-19 12:53:00,500730
Yevhenii Sokoltsov_167176,Yevhenii Sokoltsov,-2,0,45,50,-5,95,2021-07-19 12:55:00,500731
Vasyl Aksenin_1454792349,Vasyl Aksenin,-3,0,19,34,-15,53,2021-07-19 12:55:00,500732
Anzhela Sydorko_167339,Anzhela Sydorko,1,1,49,46,3,95,2021-07-19 12:55:00,500733
Jachym Sebl_167309,Jachym Sebl,-2,0,17,43,-26,60,2021-07-19 13:00:00,500734
Oleh Holiak_167191,Oleh Holiak,-2,0,27,37,-10,64,2021-07-19 13:00:00,500735
Mykola Lytvynenko_1961520394,Mykola Lytvynenko,3,1,35,26,9,61,2021-07-19 13:00:00,500736
Valentin Zaichenko_1173112580,Valentin Zaichenko,3,1,33,14,19,47,2021-07-19 13:00:00,500737
M Flanderka_27753,M Flanderka,3,1,34,21,13,55,2021-07-19 13:04:00,500738
Serhii Chuliukov_167123,Serhii Chuliukov,-3,0,24,35,-11,59,2021-07-19 13:05:00,500739
Vitalii Mukhin_167341,Vitalii Mukhin,-1,0,47,42,5,89,2021-07-19 13:05:00,500740
Maksim Ovcharenko_927999265,Maksim Ovcharenko,-1,0,47,46,1,93,2021-07-19 13:05:00,500741
M Dukhin_123951,M Dukhin,1,1,47,47,0,94,2021-07-19 13:06:00,500742
Dmytro Baistriuchenko_347592124,Dmytro Baistriuchenko,-1,0,44,42,2,86,2021-07-19 13:10:00,500743
Maryna Slashchova_167343,Maryna Slashchova,2,1,40,33,7,73,2021-07-19 13:10:00,500744
A Aslanyan_123912,A Aslanyan,-2,0,40,42,-2,82,2021-07-19 13:15:00,500745
Vitalii Klimov_167148,Vitalii Klimov,-2,0,26,37,-11,63,2021-07-19 13:15:00,500746
Anatolii Zapletniuk_1049209285,Anatolii Zapletniuk,3,1,34,20,14,54,2021-07-19 13:15:00,500747
Tatyana De_124104,Tatyana De,-2,0,6,24,-18,30,2021-07-19 13:20:00,500748
Ruslan Kovalchuk_46208661,Ruslan Kovalchuk,-1,0,58,58,0,116,2021-07-19 13:20:00,500749
Yaroslav Strilnyk_167162,Yaroslav Strilnyk,-2,0,35,44,-9,79,2021-07-19 13:20:00,500750
Yaroslava Pachich_167340,Yaroslava Pachich,3,1,33,19,14,52,2021-07-19 13:25:00,500751
Volodymyr Tuchkevych_1140974402,Volodymyr Tuchkevych,-3,0,21,35,-14,56,2021-07-19 13:25:00,500752
David Ako_167310,David Ako,-3,0,30,37,-7,67,2021-07-19 13:30:00,500753
E Mishutin_123986,E Mishutin,3,1,37,28,9,65,2021-07-19 13:30:00,500754
Volodymyr Ivasiv_1889011439,Volodymyr Ivasiv,3,1,33,24,9,57,2021-07-19 13:30:00,500755
Serhii Prus_167192,Serhii Prus,-1,0,49,51,-2,100,2021-07-19 13:30:00,500756
Igor Sukovatyi_345503518,Igor Sukovatyi,-2,0,38,44,-6,82,2021-07-19 13:35:00,500757
Illia Marynkevych_167124,Illia Marynkevych,-1,0,33,46,-13,79,2021-07-19 13:35:00,500758
Dmitriy Lebed_620748426,Dmitriy Lebed,-2,0,23,42,-19,65,2021-07-19 13:35:00,500759
Serhii Solomko_167342,Serhii Solomko,1,1,47,43,4,90,2021-07-19 13:35:00,500760
P Anton_27754,P Anton,-2,0,35,40,-5,75,2021-07-19 13:35:00,500761
E Samsonova_124105,E Samsonova,1,1,26,27,-1,53,2021-07-19 13:40:00,500762
S Kuzmin_123952,S Kuzmin,1,1,46,40,6,86,2021-07-19 13:40:00,500763
Tamara Kravchuk_167344,Tamara Kravchuk,2,1,39,32,7,71,2021-07-19 13:40:00,500764
Rodion Pirveli_354292289,Rodion Pirveli,2,1,43,34,9,77,2021-07-19 13:40:00,500765
Bohdan Havryliuk_167149,Bohdan Havryliuk,2,1,40,31,9,71,2021-07-19 13:45:00,500766
I Minchenkov_123913,I Minchenkov,-1,0,36,48,-12,84,2021-07-19 13:45:00,500767
Dmytro Shukin_1247924218,Dmytro Shukin,2,1,37,24,13,61,2021-07-19 13:45:00,500768
Oleksandr Borysiuk_167163,Oleksandr Borysiuk,-1,0,40,38,2,78,2021-07-19 13:50:00,500769
Anton Myrza_1364250200,Anton Myrza,-1,0,42,53,-11,95,2021-07-19 13:50:00,500770
Aleksandr Tulenin_1458667295,Aleksandr Tulenin,1,1,44,46,-2,90,2021-07-19 13:55:00,500771
Maksym Balakiriev_167178,Maksym Balakiriev,1,1,46,40,6,86,2021-07-19 13:55:00,500772
D Razinkov_123987,D Razinkov,3,1,33,23,10,56,2021-07-19 13:56:00,500773
Serhii Hilitukha_510279140,Serhii Hilitukha,-1,0,48,47,1,95,2021-07-19 14:00:00,500774
O Aratskaya_124106,O Aratskaya,2,1,23,11,12,34,2021-07-19 14:00:00,500775
David Ako_167311,David Ako,-3,0,27,37,-10,64,2021-07-19 14:00:00,500776
Ihor Kundeus_167193,Ihor Kundeus,2,1,42,31,11,73,2021-07-19 14:00:00,500777
F Korenek_27755,F Korenek,1,1,49,40,9,89,2021-07-19 14:03:00,500778
Vasyl Aksenin_1055675739,Vasyl Aksenin,-2,0,34,39,-5,73,2021-07-19 14:05:00,500779
Ruslan Tolstykh_167125,Ruslan Tolstykh,-1,0,43,49,-6,92,2021-07-19 14:05:00,500780
M Dukhin_123953,M Dukhin,-1,0,46,45,1,91,2021-07-19 14:08:00,500781
Serhii Skachenko_99294846,Serhii Skachenko,-2,0,29,40,-11,69,2021-07-19 14:10:00,500782
Spartak Abalmaz_715456092,Spartak Abalmaz,-3,0,19,33,-14,52,2021-07-19 14:10:00,500783
Valentyn Lutsenko_167150,Valentyn Lutsenko,1,1,46,47,-1,93,2021-07-19 14:15:00,500784
Anton Veliiev_1925525916,Anton Veliiev,-2,0,30,37,-7,67,2021-07-19 14:15:00,500785
P Medvedev_123914,P Medvedev,1,1,45,42,3,87,2021-07-19 14:15:00,500786
E Samsonova_124107,E Samsonova,1,1,28,31,-3,59,2021-07-19 14:20:00,500787
A Klavdenkov_123988,A Klavdenkov,-3,0,19,33,-14,52,2021-07-19 14:20:00,500788
Viktor Yevtodii_167164,Viktor Yevtodii,-1,0,45,51,-6,96,2021-07-19 14:20:00,500789
Maksym Kolos_1431297070,Maksym Kolos,-3,0,24,33,-9,57,2021-07-19 14:20:00,500790
Yevhenii Sokoltsov_167179,Yevhenii Sokoltsov,-3,0,18,33,-15,51,2021-07-19 14:25:00,500791
Anatolii Zapletniuk_2010613058,Anatolii Zapletniuk,-2,0,34,46,-12,80,2021-07-19 14:25:00,500792
Oleh Holiak_167194,Oleh Holiak,-2,0,26,41,-15,67,2021-07-19 14:30:00,500793
J Vojtech_27756,J Vojtech,-2,0,29,43,-14,72,2021-07-19 14:30:00,500794
Oleg Mikluha_1880400289,Oleg Mikluha,-2,0,32,42,-10,74,2021-07-19 14:30:00,500795
Jachym Sebl_167312,Jachym Sebl,-2,0,30,43,-13,73,2021-07-19 14:30:00,500796
Volodymyr Tuchkevych_312080870,Volodymyr Tuchkevych,1,1,49,45,4,94,2021-07-19 14:35:00,500797
Illia Marynkevych_167126,Illia Marynkevych,-1,0,43,51,-8,94,2021-07-19 14:35:00,500798
Volodymyr Ivasiv_1430299572,Volodymyr Ivasiv,-2,0,40,39,1,79,2021-07-19 14:40:00,500799
A Shmakov_123954,A Shmakov,-2,0,31,43,-12,74,2021-07-19 14:42:00,500800
Dmytro Dubrovin_1744554136,Dmytro Dubrovin,2,1,38,31,7,69,2021-07-19 14:45:00,500801
Bohdan Havryliuk_167151,Bohdan Havryliuk,1,1,53,48,5,101,2021-07-19 14:45:00,500802
Vadym Grushko_1177748078,Vadym Grushko,-3,0,20,33,-13,53,2021-07-19 14:45:00,500803
A Klavdenkov_124110,A Klavdenkov,2,1,46,40,6,86,2021-07-19 14:46:00,500804
A Lobanov_124108,A Lobanov,-2,0,35,39,-4,74,2021-07-19 14:47:00,500805
Vladyslav Mishchenko_167165,Vladyslav Mishchenko,-1,0,46,49,-3,95,2021-07-19 14:50:00,500806
Taras Yemelianov_167180,Taras Yemelianov,2,1,42,33,9,75,2021-07-19 14:55:00,500807
Dmytro Kryshtal_1910509841,Dmytro Kryshtal,-1,0,51,53,-2,104,2021-07-19 14:55:00,500808
Viacheslav Sereda_760538309,Viacheslav Sereda,-3,0,21,34,-13,55,2021-07-19 15:00:00,500809
Valerii Hel_167195,Valerii Hel,2,1,39,30,9,69,2021-07-19 15:00:00,500810
Ondrej Konvalinka_167313,Ondrej Konvalinka,-3,0,15,33,-18,48,2021-07-19 15:00:00,500811
F Korenek_27757,F Korenek,3,1,35,26,9,61,2021-07-19 15:02:00,500812
Yevhen Samofal_167127,Yevhen Samofal,1,1,44,46,-2,90,2021-07-19 15:05:00,500813
Aleksandr Tulenin_24299115,Aleksandr Tulenin,-3,0,19,33,-14,52,2021-07-19 15:05:00,500814
Andrii Tsikhotskyi_1098106209,Andrii Tsikhotskyi,-1,0,42,49,-7,91,2021-07-19 15:10:00,500815
M Dukhin_124112,M Dukhin,-1,0,42,48,-6,90,2021-07-19 15:12:00,500816
Suren Vlasian_167152,Suren Vlasian,-3,0,18,33,-15,51,2021-07-19 15:15:00,500817
Ihor Petryshyn_1727522239,Ihor Petryshyn,-1,0,54,51,3,105,2021-07-19 15:15:00,500818
A Aslanyan_124109,A Aslanyan,2,1,42,38,4,80,2021-07-19 15:17:00,500819
D Razinkov_124111,D Razinkov,-1,0,47,40,7,87,2021-07-19 15:19:00,500820
Sergey Filatov_1418321883,Sergey Filatov,1,1,50,48,2,98,2021-07-19 15:20:00,500821
Oleksandr Naida_379527262,Oleksandr Naida,1,1,49,50,-1,99,2021-07-19 15:20:00,500822
Viktor Yevtodii_167166,Viktor Yevtodii,-1,0,50,48,2,98,2021-07-19 15:20:00,500823
Yevhen Trunov_167198,Yevhen Trunov,-2,0,18,41,-23,59,2021-07-19 15:20:00,500824
Oleh Holiak_167196,Oleh Holiak,-2,0,31,40,-9,71,2021-07-19 15:30:00,500825
Oleksandr Mytsyk_167213,Oleksandr Mytsyk,-2,0,21,41,-20,62,2021-07-19 15:30:00,500826
Jachym Sebl_167314,Jachym Sebl,-3,0,21,34,-13,55,2021-07-19 15:30:00,500827
Maksym Kolos_161389937,Maksym Kolos,-1,0,46,51,-5,97,2021-07-19 15:30:00,500828
P Anton_27758,P Anton,-2,0,36,41,-5,77,2021-07-19 15:31:00,500829
Roman Sukhomlyn_1826496697,Roman Sukhomlyn,2,1,40,29,11,69,2021-07-19 15:35:00,500830
Pavlo Volkov_167228,Pavlo Volkov,-3,0,21,33,-12,54,2021-07-19 15:35:00,500831
S Kuzmin_124113,S Kuzmin,3,1,37,28,9,65,2021-07-19 15:38:00,500832
Dmytro Belanchyk_871572322,Dmytro Belanchyk,2,1,37,29,8,66,2021-07-19 15:40:00,500833
Kostiantyn Klymenko_167243,Kostiantyn Klymenko,-2,0,39,40,-1,79,2021-07-19 15:40:00,500834
S Lanin_123915,S Lanin,-3,0,18,34,-16,52,2021-07-19 15:45:00,500835
Dmytro Kunchurov_167253,Dmytro Kunchurov,1,1,50,46,4,96,2021-07-19 15:45:00,500836
Oleksandr Kolbasenko_167167,Oleksandr Kolbasenko,-2,0,36,41,-5,77,2021-07-19 15:50:00,500837
Oleksii Haponov_1681725047,Oleksii Haponov,2,1,42,35,7,77,2021-07-19 15:50:00,500838
Stanislav Nikolenko_167199,Stanislav Nikolenko,-3,0,25,37,-12,62,2021-07-19 15:50:00,500839
V Demchenko_123989,V Demchenko,1,1,50,51,-1,101,2021-07-19 15:51:00,500840
Artem Lisechko_167182,Artem Lisechko,-1,0,40,45,-5,85,2021-07-19 15:55:00,500841
Dmytro Derevinskyi_1252962085,Dmytro Derevinskyi,-2,0,34,42,-8,76,2021-07-19 15:55:00,500842
Jonas Kulveit_167345,Jonas Kulveit,2,1,43,31,12,74,2021-07-19 16:00:00,500843
Vasyl Kondratenko_167214,Vasyl Kondratenko,3,1,33,17,16,50,2021-07-19 16:00:00,500844
Mykola Shyshkin_167197,Mykola Shyshkin,3,1,33,17,16,50,2021-07-19 16:00:00,500845
J Vojtech_27803,J Vojtech,2,1,39,34,5,73,2021-07-19 16:04:00,500846
M Gusev_123955,M Gusev,-3,0,17,33,-16,50,2021-07-19 16:04:00,500847
Rustam Halimbaiev_167229,Rustam Halimbaiev,-1,0,41,47,-6,88,2021-07-19 16:05:00,500848
Andrii Selin_749617365,Andrii Selin,3,1,33,19,14,52,2021-07-19 16:05:00,500849
Andrii Dekhtiarenko_167244,Andrii Dekhtiarenko,3,1,33,23,10,56,2021-07-19 16:10:00,500850
Adam Krasutskyi_2092950078,Adam Krasutskyi,3,1,33,20,13,53,2021-07-19 16:10:00,500851
O Belugin_123916,O Belugin,3,1,35,24,11,59,2021-07-19 16:15:00,500852
Oleksandr Goncharuk_167254,Oleksandr Goncharuk,1,1,53,43,10,96,2021-07-19 16:15:00,500853
Artem Nesterenko_455731054,Artem Nesterenko,-1,0,43,53,-10,96,2021-07-19 16:15:00,500854
Dmytro Vakhta_1221486534,Dmytro Vakhta,2,1,46,39,7,85,2021-07-19 16:20:00,500855
D Balakin_123990,D Balakin,-1,0,45,49,-4,94,2021-07-19 16:20:00,500856
V Nemashkalo_123956,V Nemashkalo,2,1,42,40,2,82,2021-07-19 16:20:00,500857
Serhii Rak_167200,Serhii Rak,-2,0,38,42,-4,80,2021-07-19 16:20:00,500858
Hryhorii Kulishov_167268,Hryhorii Kulishov,3,1,35,29,6,64,2021-07-19 16:25:00,500859
Nazarii Danyliuk_1407645323,Nazarii Danyliuk,2,1,39,32,7,71,2021-07-19 16:25:00,500860
Viktor Bereza_167215,Viktor Bereza,1,1,52,45,7,97,2021-07-19 16:30:00,500861
Vitaliy Khamurda_1199810279,Vitaliy Khamurda,1,1,46,42,4,88,2021-07-19 16:30:00,500862
David Ako_167346,David Ako,1,1,51,49,2,100,2021-07-19 16:30:00,500863
M Flanderka_27804,M Flanderka,1,1,44,45,-1,89,2021-07-19 16:32:00,500864
Vitalii Lievshin_426228923,Vitalii Lievshin,1,1,45,47,-2,92,2021-07-19 16:35:00,500865
Oleksandr Shapoval_167230,Oleksandr Shapoval,-2,0,37,41,-4,78,2021-07-19 16:35:00,500866
Ivan Mai_1169768561,Ivan Mai,2,1,44,35,9,79,2021-07-19 16:40:00,500867
Kostiantyn Klymenko_167245,Kostiantyn Klymenko,-2,0,34,39,-5,73,2021-07-19 16:40:00,500868
Valerii Shepil_167255,Valerii Shepil,-2,0,32,43,-11,75,2021-07-19 16:45:00,500869
Roman Sukhomlyn_1791914411,Roman Sukhomlyn,2,1,37,23,14,60,2021-07-19 16:45:00,500870
O Izmailov_123917,O Izmailov,-3,0,13,33,-20,46,2021-07-19 16:46:00,500871
S Kulikov_123957,S Kulikov,-3,0,26,33,-7,59,2021-07-19 16:48:00,500872
Stanislav Nikolenko_167201,Stanislav Nikolenko,-2,0,29,42,-13,71,2021-07-19 16:50:00,500873
Dmytro Belanchyk_1653929721,Dmytro Belanchyk,1,1,53,43,10,96,2021-07-19 16:50:00,500874
Nazarii Hrytsyienko_1734498999,Nazarii Hrytsyienko,-1,0,44,51,-7,95,2021-07-19 16:55:00,500875
Andrii Romanenko_167269,Andrii Romanenko,2,1,40,37,3,77,2021-07-19 16:55:00,500876
David Mutl_167315,David Mutl,-1,0,36,44,-8,80,2021-07-19 17:00:00,500877
Oleksii Haponov_541016497,Oleksii Haponov,-1,0,45,50,-5,95,2021-07-19 17:00:00,500878
Artem Slashchev_123991,Artem Slashchev,-2,0,34,37,-3,71,2021-07-19 17:00:00,500879
Vasyl Kondratenko_167216,Vasyl Kondratenko,-2,0,34,43,-9,77,2021-07-19 17:00:00,500880
P Gireth_27759,P Gireth,-1,0,41,47,-6,88,2021-07-19 17:03:00,500881
Dmytro Derevinskyi_1381594945,Dmytro Derevinskyi,-2,0,37,46,-9,83,2021-07-19 17:05:00,500882
Rustam Halimbaiev_167231,Rustam Halimbaiev,-1,0,47,49,-2,96,2021-07-19 17:05:00,500883
V Vologzhanin_123958,V Vologzhanin,-1,0,44,52,-8,96,2021-07-19 17:08:00,500884
Vitalii Lievshin_2067698153,Vitalii Lievshin,2,1,44,36,8,80,2021-07-19 17:10:00,500885
Volodymyr Melnykov_167246,Volodymyr Melnykov,-1,0,47,50,-3,97,2021-07-19 17:10:00,500886
Dmytro Yaremchuk_1972570536,Dmytro Yaremchuk,-3,0,23,33,-10,56,2021-07-19 17:15:00,500887
Oleksandr Goncharuk_167256,Oleksandr Goncharuk,1,1,49,40,9,89,2021-07-19 17:15:00,500888
O Soldusov_123918,O Soldusov,-1,0,47,49,-2,96,2021-07-19 17:16:00,500889
Roman Shtukovanyi_1665265830,Roman Shtukovanyi,-2,0,41,45,-4,86,2021-07-19 17:20:00,500890
Yevhen Trunov_167202,Yevhen Trunov,-3,0,18,33,-15,51,2021-07-19 17:20:00,500891
I Abelmasov_123992,I Abelmasov,-1,0,40,42,-2,82,2021-07-19 17:23:00,500892
Andrii Isaiev_547578424,Andrii Isaiev,-3,0,17,33,-16,50,2021-07-19 17:25:00,500893
Pavlo Khakhamidi_167270,Pavlo Khakhamidi,3,1,34,18,16,52,2021-07-19 17:25:00,500894
Patrik Sturma_167316,Patrik Sturma,-2,0,33,43,-10,76,2021-07-19 17:30:00,500895
Dmytro Vakhta_1054741711,Dmytro Vakhta,2,1,37,28,9,65,2021-07-19 17:30:00,500896
Oleksandr Mytsyk_167217,Oleksandr Mytsyk,2,1,42,31,11,73,2021-07-19 17:30:00,500897
T Zahradnik_27760,T Zahradnik,-1,0,44,49,-5,93,2021-07-19 17:35:00,500898
Nazarii Danyliuk_264551057,Nazarii Danyliuk,-1,0,43,48,-5,91,2021-07-19 17:35:00,500899
Pavlo Volkov_167232,Pavlo Volkov,2,1,43,27,16,70,2021-07-19 17:35:00,500900
Pavlo Plushch_1000748812,Pavlo Plushch,1,1,50,48,2,98,2021-07-19 17:40:00,500901
Andrii Dekhtiarenko_167247,Andrii Dekhtiarenko,1,1,50,42,8,92,2021-07-19 17:40:00,500902
S Kulikov_123959,S Kulikov,3,1,33,18,15,51,2021-07-19 17:43:00,500903
Ivan Mai_2032717397,Ivan Mai,-3,0,19,34,-15,53,2021-07-19 17:45:00,500904
Dmytro Kunchurov_167257,Dmytro Kunchurov,-2,0,22,40,-18,62,2021-07-19 17:45:00,500905
Nazar Mosiuk_167203,Nazar Mosiuk,-1,0,54,53,1,107,2021-07-19 17:50:00,500906
O Izmailov_123919,O Izmailov,-3,0,29,36,-7,65,2021-07-19 17:50:00,500907
Vitalii Lievshin_2082864801,Vitalii Lievshin,-3,0,25,35,-10,60,2021-07-19 17:50:00,500908
Artem Slashchev_123993,Artem Slashchev,-2,0,36,44,-8,80,2021-07-19 17:53:00,500909
Adam Krasutskyi_754729054,Adam Krasutskyi,3,1,36,24,12,60,2021-07-19 17:55:00,500910
Andrii Romanenko_167271,Andrii Romanenko,3,1,33,19,14,52,2021-07-19 17:55:00,500911
Patrik Sturma_167317,Patrik Sturma,3,1,33,20,13,53,2021-07-19 18:00:00,500912
Artem Nesterenko_1649563048,Artem Nesterenko,-3,0,14,33,-19,47,2021-07-19 18:00:00,500913
Andrii Martyniuk_167218,Andrii Martyniuk,3,1,33,24,9,57,2021-07-19 18:00:00,500914
V Nemashkalo_123960,V Nemashkalo,2,1,42,31,11,73,2021-07-19 18:04:00,500915
Nazarii Hrytsyienko_1433357931,Nazarii Hrytsyienko,3,1,33,18,15,51,2021-07-19 18:05:00,500916
Serhii Pitsyk_167233,Serhii Pitsyk,-2,0,39,44,-5,83,2021-07-19 18:05:00,500917
S Dolejsi_27761,S Dolejsi,-2,0,30,42,-12,72,2021-07-19 18:10:00,500918
Oleksii Haponov_1614681941,Oleksii Haponov,-2,0,48,51,-3,99,2021-07-19 18:10:00,500919
Kostiantyn Klymenko_167248,Kostiantyn Klymenko,-3,0,18,33,-15,51,2021-07-19 18:10:00,500920
Oleksandr Bryzhevatyi_167258,Oleksandr Bryzhevatyi,2,1,40,26,14,66,2021-07-19 18:15:00,500921
D Balakin_123994,D Balakin,-2,0,29,44,-15,73,2021-07-19 18:15:00,500922
Vitaliy Khamurda_1364592413,Vitaliy Khamurda,2,1,47,41,6,88,2021-07-19 18:15:00,500923
O Belugin_123920,O Belugin,-1,0,40,42,-2,82,2021-07-19 18:16:00,500924
Dmytro Yaremchuk_1722627849,Dmytro Yaremchuk,-3,0,11,33,-22,44,2021-07-19 18:20:00,500925
Serhii Rak_167204,Serhii Rak,2,1,43,39,4,82,2021-07-19 18:20:00,500926
Hryhorii Kulishov_167272,Hryhorii Kulishov,1,1,44,48,-4,92,2021-07-19 18:25:00,500927
Ivan Mai_702170252,Ivan Mai,3,1,33,25,8,58,2021-07-19 18:25:00,500928
David Mutl_167318,David Mutl,-1,0,46,52,-6,98,2021-07-19 18:30:00,500929
Roman Sukhomlyn_763544233,Roman Sukhomlyn,3,1,33,16,17,49,2021-07-19 18:30:00,500930
Viktor Bereza_167219,Viktor Bereza,-1,0,45,49,-4,94,2021-07-19 18:30:00,500931
M Gusev_124138,M Gusev,1,1,51,44,7,95,2021-07-19 18:32:00,500932
Ja Kanera_27762,Ja Kanera,3,1,36,29,7,65,2021-07-19 18:34:00,500933
Oleksandr Shapoval_167234,Oleksandr Shapoval,1,1,58,50,8,108,2021-07-19 18:35:00,500934
Dmytro Belanchyk_2044504500,Dmytro Belanchyk,2,1,42,40,2,82,2021-07-19 18:35:00,500935
Dmytro Vakhta_627594682,Dmytro Vakhta,1,1,54,49,5,103,2021-07-19 18:40:00,500936
Andrii Dekhtiarenko_167249,Andrii Dekhtiarenko,2,1,47,38,9,85,2021-07-19 18:40:00,500937
Nazarii Kovalchuk_342605642,Nazarii Kovalchuk,-2,0,36,45,-9,81,2021-07-19 18:45:00,500938
O Izmailov_124140,O Izmailov,-1,0,45,49,-4,94,2021-07-19 18:45:00,500939
Valerii Shepil_167259,Valerii Shepil,-2,0,42,46,-4,88,2021-07-19 18:45:00,500940
Dmytro Derevinskyi_1148878107,Dmytro Derevinskyi,-1,0,38,50,-12,88,2021-07-19 18:50:00,500941
Stanislav Nikolenko_167205,Stanislav Nikolenko,-1,0,50,43,7,93,2021-07-19 18:50:00,500942
Artem Slashchev_124142,Artem Slashchev,-3,0,25,35,-10,60,2021-07-19 18:53:00,500943
Bohdan Kohut_2069412131,Bohdan Kohut,2,1,41,29,12,70,2021-07-19 18:55:00,500944
Borys Kostiuk_167273,Borys Kostiuk,1,1,56,52,4,108,2021-07-19 18:55:00,500945
Vitalii Lievshin_1205016100,Vitalii Lievshin,2,1,45,41,4,86,2021-07-19 19:00:00,500946
Vaclav Coubal_167319,Vaclav Coubal,1,1,50,47,3,97,2021-07-19 19:00:00,500947
Vasyl Kondratenko_167220,Vasyl Kondratenko,-1,0,46,49,-3,95,2021-07-19 19:00:00,500948
S Dolejsi_27763,S Dolejsi,1,1,44,47,-3,91,2021-07-19 19:01:00,500949
Rustam Halimbaiev_167235,Rustam Halimbaiev,3,1,33,15,18,48,2021-07-19 19:05:00,500950
V Vologzhanin_124139,V Vologzhanin,-3,0,24,33,-9,57,2021-07-19 19:05:00,500951
Roman Shtukovanyi_2114949297,Roman Shtukovanyi,-2,0,28,36,-8,64,2021-07-19 19:05:00,500952
Andrii Isaiev_398225957,Andrii Isaiev,-1,0,52,56,-4,108,2021-07-19 19:10:00,500953
Volodymyr Melnykov_167250,Volodymyr Melnykov,-1,0,48,52,-4,100,2021-07-19 19:10:00,500954
Oleksandr Goncharuk_167260,Oleksandr Goncharuk,-1,0,44,47,-3,91,2021-07-19 19:15:00,500955
Vadym Nechyporuk_1905281047,Vadym Nechyporuk,3,1,33,16,17,49,2021-07-19 19:15:00,500956
I Abelmasov_124143,I Abelmasov,-2,0,31,41,-10,72,2021-07-19 19:15:00,500957
O Belugin_124141,O Belugin,-2,0,33,40,-7,73,2021-07-19 19:15:00,500958
Vasyl Kushnir_1935793273,Vasyl Kushnir,-2,0,38,44,-6,82,2021-07-19 19:20:00,500959
Rodion Kapinus_167283,Rodion Kapinus,-1,0,40,49,-9,89,2021-07-19 19:20:00,500960
Yevhen Trunov_167206,Yevhen Trunov,-3,0,25,33,-8,58,2021-07-19 19:20:00,500961
Pavlo Khakhamidi_167274,Pavlo Khakhamidi,3,1,33,16,17,49,2021-07-19 19:25:00,500962
Pavlo Plushch_1820471622,Pavlo Plushch,-1,0,43,46,-3,89,2021-07-19 19:25:00,500963
Bohdan Kohut_309954973,Bohdan Kohut,3,1,37,30,7,67,2021-07-19 19:30:00,500964
David Mutl_167320,David Mutl,-1,0,45,50,-5,95,2021-07-19 19:30:00,500965
Oleksandr Mytsyk_167221,Oleksandr Mytsyk,1,1,52,50,2,102,2021-07-19 19:30:00,500966
I Zemit_123961,I Zemit,-1,0,45,49,-4,94,2021-07-19 19:31:00,500967
T Zahradnik_27764,T Zahradnik,-1,0,42,46,-4,88,2021-07-19 19:34:00,500968
Oleksandr Tuzhylin_271287002,Oleksandr Tuzhylin,-1,0,48,54,-6,102,2021-07-19 19:35:00,500969
Pavlo Volkov_167236,Pavlo Volkov,3,1,35,23,12,58,2021-07-19 19:35:00,500970
Kostiantyn Klymenko_167251,Kostiantyn Klymenko,-3,0,22,33,-11,55,2021-07-19 19:40:00,500971
Adam Krasutskyi_1863065682,Adam Krasutskyi,3,1,35,24,11,59,2021-07-19 19:40:00,500972
Dmytro Kunchurov_167261,Dmytro Kunchurov,2,1,38,38,0,76,2021-07-19 19:45:00,500973
Artem Nesterenko_2132932499,Artem Nesterenko,3,1,35,24,11,59,2021-07-19 19:45:00,500974
D Razinkov_123921,D Razinkov,-1,0,42,51,-9,93,2021-07-19 19:48:00,500975
E Glazun_123995,E Glazun,2,1,42,34,8,76,2021-07-19 19:48:00,500976
Nazar Mosiuk_167207,Nazar Mosiuk,-2,0,31,36,-5,67,2021-07-19 19:50:00,500977
Dmytro Lazuryk_167284,Dmytro Lazuryk,2,1,39,28,11,67,2021-07-19 19:50:00,500978
Nazarii Hrytsyienko_327931842,Nazarii Hrytsyienko,-3,0,24,33,-9,57,2021-07-19 19:50:00,500979
Andrii Romanenko_167275,Andrii Romanenko,2,1,41,35,6,76,2021-07-19 19:55:00,500980
Oleksii Haponov_1241149570,Oleksii Haponov,-2,0,40,45,-5,85,2021-07-19 19:55:00,500981
Vaclav Strejc_167561,Vaclav Strejc,1,1,50,47,3,97,2021-07-19 20:00:00,500982
Vitaliy Khamurda_312016957,Vitaliy Khamurda,-3,0,14,33,-19,47,2021-07-19 20:00:00,500983
Andrii Martyniuk_167222,Andrii Martyniuk,-1,0,39,51,-12,90,2021-07-19 20:00:00,500984
A Alekseyev_123962,A Alekseyev,-2,0,37,43,-6,80,2021-07-19 20:04:00,500985
Serhii Pitsyk_167237,Serhii Pitsyk,2,1,42,33,9,75,2021-07-19 20:05:00,500986
Oleksii Tiutiunnyk_365620411,Oleksii Tiutiunnyk,2,1,44,37,7,81,2021-07-19 20:05:00,500987
Valeriy Kolesnykov_167252,Valeriy Kolesnykov,2,1,41,33,8,74,2021-07-19 20:10:00,500988
Prokhor Puhach_1189836570,Prokhor Puhach,-2,0,35,38,-3,73,2021-07-19 20:10:00,500989
T Zahradnik_27805,T Zahradnik,1,1,49,47,2,96,2021-07-19 20:12:00,500990
Yevhenii Holoborodko_1430771998,Yevhenii Holoborodko,2,1,40,31,9,71,2021-07-19 20:15:00,500991
Oleksandr Bryzhevatyi_167262,Oleksandr Bryzhevatyi,2,1,44,30,14,74,2021-07-19 20:15:00,500992
A Sirotkin_123996,A Sirotkin,-2,0,39,46,-7,85,2021-07-19 20:17:00,500993
A Klavdenkov_123922,A Klavdenkov,2,1,42,35,7,77,2021-07-19 20:19:00,500994
Rodion Kapinus_167285,Rodion Kapinus,2,1,35,34,1,69,2021-07-19 20:20:00,500995
Artem Tkachenko_2080358985,Artem Tkachenko,-3,0,21,33,-12,54,2021-07-19 20:20:00,500996
Serhii Rak_167208,Serhii Rak,1,1,50,37,13,87,2021-07-19 20:20:00,500997
Hryhorii Kulishov_167276,Hryhorii Kulishov,2,1,45,38,7,83,2021-07-19 20:25:00,500998
Dmytro Vakhta_184740017,Dmytro Vakhta,1,1,52,50,2,102,2021-07-19 20:25:00,500999
Viktor Bereza_167223,Viktor Bereza,-1,0,46,52,-6,98,2021-07-19 20:30:00,501000
Vasyl Kushnir_324966467,Vasyl Kushnir,-1,0,51,49,2,100,2021-07-19 20:30:00,501001
Vaclav Coubal_167562,Vaclav Coubal,2,1,41,40,1,81,2021-07-19 20:30:00,501002
V Mishakin_123963,V Mishakin,-1,0,47,55,-8,102,2021-07-19 20:31:00,501003
Mykhailo Presniakov_1680957229,Mykhailo Presniakov,-2,0,36,42,-6,78,2021-07-19 20:35:00,501004
Oleksandr Shapoval_167238,Oleksandr Shapoval,-1,0,47,44,3,91,2021-07-19 20:35:00,501005
Valerii Hries_167563,Valerii Hries,-1,0,42,50,-8,92,2021-07-19 20:40:00,501006
Oleksii Tiutiunnyk_788725769,Oleksii Tiutiunnyk,1,1,49,53,-4,102,2021-07-19 20:40:00,501007
Maksym Zhuravliov_2112545017,Maksym Zhuravliov,1,1,43,46,-3,89,2021-07-19 20:45:00,501008
Valerii Shepil_167263,Valerii Shepil,-2,0,42,47,-5,89,2021-07-19 20:45:00,501009
E Shishko_123997,E Shishko,-3,0,22,34,-12,56,2021-07-19 20:47:00,501010
P Gireth_27806,P Gireth,-2,0,37,44,-7,81,2021-07-19 20:47:00,501011
I Soldatov_123923,I Soldatov,1,1,52,43,9,95,2021-07-19 20:49:00,501012
Yevhen Trunov_167209,Yevhen Trunov,-2,0,27,39,-12,66,2021-07-19 20:50:00,501013
Roman Sukhomlyn_2065916874,Roman Sukhomlyn,1,1,49,43,6,92,2021-07-19 20:50:00,501014
Andrii Dombrovskyi_167286,Andrii Dombrovskyi,2,1,45,28,17,73,2021-07-19 20:50:00,501015
Dmytro Belanchyk_1876247740,Dmytro Belanchyk,2,1,46,36,10,82,2021-07-19 20:55:00,501016
Borys Kostiuk_167277,Borys Kostiuk,-2,0,33,37,-4,70,2021-07-19 20:55:00,501017
Oleksandr Mytsyk_167224,Oleksandr Mytsyk,2,1,38,36,2,74,2021-07-19 21:00:00,501018
Nazarii Hrytsyienko_1876508511,Nazarii Hrytsyienko,-2,0,34,42,-8,76,2021-07-19 21:00:00,501019
Filip Marat_167321,Filip Marat,-1,0,50,52,-2,102,2021-07-19 21:00:00,501020
S Kuzmin_123964,S Kuzmin,2,1,45,35,10,80,2021-07-19 21:04:00,501021
Pavlo Volkov_167239,Pavlo Volkov,1,1,45,44,1,89,2021-07-19 21:05:00,501022
Oleksii Haponov_626958943,Oleksii Haponov,2,1,41,38,3,79,2021-07-19 21:05:00,501023
Valeriy Kolesnykov_167564,Valeriy Kolesnykov,-1,0,42,47,-5,89,2021-07-19 21:10:00,501024
Dmytro Derevinskyi_1976962336,Dmytro Derevinskyi,1,1,58,53,5,111,2021-07-19 21:10:00,501025
Dmytro Kunchurov_167264,Dmytro Kunchurov,-2,0,26,41,-15,67,2021-07-19 21:15:00,501026
Prokhor Puhach_807684255,Prokhor Puhach,3,1,33,22,11,55,2021-07-19 21:15:00,501027
E Kalashnikov_123998,E Kalashnikov,-2,0,25,40,-15,65,2021-07-19 21:17:00,501028
Dmytro Lazuryk_167287,Dmytro Lazuryk,2,1,42,32,10,74,2021-07-19 21:20:00,501029
Oleksii Tiutiunnyk_706353951,Oleksii Tiutiunnyk,1,1,46,45,1,91,2021-07-19 21:20:00,501030
Mykhailo Kistechko_167210,Mykhailo Kistechko,-2,0,38,40,-2,78,2021-07-19 21:20:00,501031
Jo Medek_27765,Jo Medek,-3,0,26,34,-8,60,2021-07-19 21:21:00,501032
Pavlo Khakhamidi_167278,Pavlo Khakhamidi,-3,0,24,35,-11,59,2021-07-19 21:25:00,501033
Yevhenii Omitsynskyi_1377249456,Yevhenii Omitsynskyi,3,1,37,28,9,65,2021-07-19 21:25:00,501034
Igor Koshkodan_167225,Igor Koshkodan,2,1,37,29,8,66,2021-07-19 21:30:00,501035
Artem Tkachenko_1978503122,Artem Tkachenko,-2,0,28,37,-9,65,2021-07-19 21:30:00,501036
D Tunitsyn_123924,D Tunitsyn,2,1,46,42,4,88,2021-07-19 21:30:00,501037
Petr Semrad_167322,Petr Semrad,-3,0,26,35,-9,61,2021-07-19 21:30:00,501038
Dmytro Vakhta_612117126,Dmytro Vakhta,3,1,34,23,11,57,2021-07-19 21:35:00,501039
V Mishakin_123965,V Mishakin,2,1,39,34,5,73,2021-07-19 21:35:00,501040
Andrii Peretiatko_167240,Andrii Peretiatko,-3,0,13,33,-20,46,2021-07-19 21:35:00,501041
Z Bilek_27766,Z Bilek,-2,0,37,43,-6,80,2021-07-19 21:39:00,501042
Vasyl Kushnir_2034305526,Vasyl Kushnir,-2,0,32,45,-13,77,2021-07-19 21:40:00,501043
Vitaliy Khamurda_726508399,Vitaliy Khamurda,1,1,46,42,4,88,2021-07-19 21:45:00,501044
Serhii Semenets_167265,Serhii Semenets,-1,0,48,44,4,92,2021-07-19 21:45:00,501045
E Shishko_123999,E Shishko,2,1,46,38,8,84,2021-07-19 21:46:00,501046
Rodion Kapinus_167288,Rodion Kapinus,2,1,40,34,6,74,2021-07-19 21:50:00,501047
Yevhen Trunov_167211,Yevhen Trunov,1,1,48,40,8,88,2021-07-19 21:50:00,501048
Maksym Zhuravliov_640868601,Maksym Zhuravliov,-2,0,34,43,-9,77,2021-07-19 21:50:00,501049
Prokhor Puhach_1842748374,Prokhor Puhach,2,1,44,33,11,77,2021-07-19 21:55:00,501050
Hryhorii Kulishov_167279,Hryhorii Kulishov,-3,0,24,34,-10,58,2021-07-19 21:55:00,501051
Petr Semrad_167323,Petr Semrad,-1,0,45,48,-3,93,2021-07-19 22:00:00,501052
Oleksandr Mytsyk_167226,Oleksandr Mytsyk,3,1,35,28,7,63,2021-07-19 22:00:00,501053
A Alekseyev_123966,A Alekseyev,2,1,39,30,9,69,2021-07-19 22:00:00,501054
Adam Krasutskyi_1531313651,Adam Krasutskyi,-2,0,37,43,-6,80,2021-07-19 22:00:00,501055
Ja Merta_27767,Ja Merta,-2,0,24,42,-18,66,2021-07-19 22:04:00,501056
Pavlo Volkov_167241,Pavlo Volkov,-1,0,55,56,-1,111,2021-07-19 22:05:00,501057
Serhii Illiushchenko_461658792,Serhii Illiushchenko,-3,0,16,35,-19,51,2021-07-19 22:05:00,501058
I Soldatov_123925,I Soldatov,1,1,47,42,5,89,2021-07-19 22:05:00,501059
Nazarii Hrytsyienko_1989516242,Nazarii Hrytsyienko,-2,0,35,43,-8,78,2021-07-19 22:10:00,501060
Dmytro Kunchurov_167266,Dmytro Kunchurov,-1,0,43,52,-9,95,2021-07-19 22:15:00,501061
Nazarii Danyliuk_1329733255,Nazarii Danyliuk,-3,0,37,43,-6,80,2021-07-19 22:15:00,501062
A Sirotkin_124000,A Sirotkin,2,1,37,34,3,71,2021-07-19 22:16:00,501063
Stanislav Nikolenko_167212,Stanislav Nikolenko,1,1,49,46,3,95,2021-07-19 22:20:00,501064
Dmytro Lazuryk_167289,Dmytro Lazuryk,-2,0,35,44,-9,79,2021-07-19 22:20:00,501065
Mykhailo Presniakov_1874627305,Mykhailo Presniakov,3,1,33,21,12,54,2021-07-19 22:20:00,501066
Serhii Kubrak_52027414,Serhii Kubrak,2,1,39,28,11,67,2021-07-19 22:25:00,501067
Serhii Sokolov_167280,Serhii Sokolov,3,1,34,22,12,56,2021-07-19 22:25:00,501068
Vasyl Kondratenko_167227,Vasyl Kondratenko,-1,0,39,49,-10,88,2021-07-19 22:30:00,501069
T Vorisek_27768,T Vorisek,3,1,33,18,15,51,2021-07-19 22:30:00,501070
Oleksii Tiutiunnyk_230053126,Oleksii Tiutiunnyk,3,1,33,13,20,46,2021-07-19 22:30:00,501071
Filip Marat_167324,Filip Marat,2,1,42,33,9,75,2021-07-19 22:30:00,501072
A Alekseyev_124154,A Alekseyev,-3,0,26,35,-9,61,2021-07-19 22:30:00,501073
Rustam Halimbaiev_167242,Rustam Halimbaiev,3,1,33,13,20,46,2021-07-19 22:35:00,501074
A Klavdenkov_123926,A Klavdenkov,-1,0,43,50,-7,93,2021-07-19 22:38:00,501075
Andrii Kotik_227397896,Andrii Kotik,-3,0,17,33,-16,50,2021-07-19 22:45:00,501076
Oleksandr Goncharuk_167267,Oleksandr Goncharuk,2,1,39,32,7,71,2021-07-19 22:45:00,501077
E Kalashnikov_124156,E Kalashnikov,1,1,48,40,8,88,2021-07-19 22:49:00,501078
Andrii Dombrovskyi_167290,Andrii Dombrovskyi,2,1,39,29,10,68,2021-07-19 22:50:00,501079
Hryhorii Kulishov_167281,Hryhorii Kulishov,3,1,33,18,15,51,2021-07-19 22:55:00,501080
Ja Merta_27769,Ja Merta,-2,0,21,37,-16,58,2021-07-19 23:00:00,501081
Jan Sr Krames_167325,Jan Sr Krames,-3,0,17,33,-16,50,2021-07-19 23:00:00,501082
S Kuzmin_124155,S Kuzmin,-3,0,32,39,-7,71,2021-07-19 23:00:00,501083
Serhii Kubrak_1203607008,Serhii Kubrak,3,1,35,24,11,59,2021-07-19 23:00:00,501084
Maksym Zhuravliov_515829254,Maksym Zhuravliov,2,1,39,33,6,72,2021-07-19 23:05:00,501085
A Sirotkin_124157,A Sirotkin,-2,0,23,35,-12,58,2021-07-19 23:18:00,501086
A Klavdenkov_124158,A Klavdenkov,3,1,33,22,11,55,2021-07-19 23:18:00,501087
Rodion Kapinus_167291,Rodion Kapinus,-3,0,23,36,-13,59,2021-07-19 23:20:00,501088
Andrii Romanenko_167282,Andrii Romanenko,-1,0,44,46,-2,90,2021-07-19 23:25:00,501089
Z Bilek_27770,Z Bilek,-1,0,41,52,-11,93,2021-07-19 23:30:00,501090
Filip Marat_167326,Filip Marat,-1,0,44,45,-1,89,2021-07-19 23:30:00,501091
R Pavlenko_123967,R Pavlenko,-1,0,47,49,-2,96,2021-07-19 23:32:00,501092
Anton Maslov_446775316,Anton Maslov,2,1,48,34,14,82,2021-07-19 23:35:00,501093
I Soldatov_124159,I Soldatov,-3,0,22,35,-13,57,2021-07-19 23:37:00,501094
Mykola Tovkach_553795184,Mykola Tovkach,2,1,43,36,7,79,2021-07-19 23:45:00,501095
S Martyukhin_124001,S Martyukhin,-2,0,21,40,-19,61,2021-07-19 23:46:00,501096
Illia Udod_167292,Illia Udod,-1,0,34,49,-15,83,2021-07-19 23:50:00,501097
V Shirshov_123927,V Shirshov,3,1,33,22,11,55,2021-07-20 00:01:00,501098
Z Bilek_27807,Z Bilek,-3,0,27,35,-8,62,2021-07-20 00:03:00,501099
T Turabekov_123968,T Turabekov,-1,0,42,48,-6,90,2021-07-20 00:04:00,501100
Andrii Chupovskyi_1484604786,Andrii Chupovskyi,-2,0,25,40,-15,65,2021-07-20 00:05:00,501101
Jakub Jenicek_167565,Jakub Jenicek,2,1,47,41,6,88,2021-07-20 00:10:00,501102
A Petrov_124002,A Petrov,2,1,46,41,5,87,2021-07-20 00:15:00,501103
Illia Semeniuk_1135352493,Illia Semeniuk,-2,0,38,46,-8,84,2021-07-20 00:15:00,501104
N Sadovskiy_123928,N Sadovskiy,-2,0,38,42,-4,80,2021-07-20 00:18:00,501105
Dmytro Lazuryk_167567,Dmytro Lazuryk,-2,0,30,37,-7,67,2021-07-20 00:20:00,501106
Jo Medek_27808,Jo Medek,-2,0,39,46,-7,85,2021-07-20 00:30:00,501107
Zh Tsybikov_123969,Zh Tsybikov,2,1,43,30,13,73,2021-07-20 00:33:00,501108
Anton Maslov_1791204126,Anton Maslov,2,1,45,33,12,78,2021-07-20 00:35:00,501109
Petr Semrad_167566,Petr Semrad,2,1,42,33,9,75,2021-07-20 00:40:00,501110
Mykola Tovkach_1833394773,Mykola Tovkach,1,1,56,45,11,101,2021-07-20 00:45:00,501111
P Semeshin_124003,P Semeshin,2,1,43,30,13,73,2021-07-20 00:46:00,501112
D Evlahin_123929,D Evlahin,-1,0,49,51,-2,100,2021-07-20 00:47:00,501113
Illia Udod_167568,Illia Udod,3,1,36,27,9,63,2021-07-20 00:50:00,501114
Oleksii Tkachuk_1691274468,Oleksii Tkachuk,1,1,52,49,3,101,2021-07-20 01:00:00,501115
S Ogai_123970,S Ogai,2,1,41,32,9,73,2021-07-20 01:01:00,501116
Alexey Hladkykh_1113731801,Alexey Hladkykh,-3,0,14,33,-19,47,2021-07-20 01:05:00,501117
Illia Semeniuk_1397726975,Illia Semeniuk,2,1,42,31,11,73,2021-07-20 01:15:00,501118
Yu Merkushin_124004,Yu Merkushin,-2,0,36,46,-10,82,2021-07-20 01:16:00,501119
I Ramensky_123930,I Ramensky,2,1,40,25,15,65,2021-07-20 01:20:00,501120
Yaroslav Vorsuliak_1312263378,Yaroslav Vorsuliak,-2,0,31,43,-12,74,2021-07-20 01:30:00,501121
T Turabekov_123971,T Turabekov,-3,0,27,33,-6,60,2021-07-20 01:31:00,501122
Andrii Chupovskyi_1600434298,Andrii Chupovskyi,1,1,47,42,5,89,2021-07-20 01:35:00,501123
Mykola Tovkach_554159233,Mykola Tovkach,-2,0,35,41,-6,76,2021-07-20 01:45:00,501124
A Petrov_124005,A Petrov,-2,0,26,38,-12,64,2021-07-20 01:45:00,501125
N Sadovskiy_123931,N Sadovskiy,-3,0,20,36,-16,56,2021-07-20 01:47:00,501126
Serhii Tkachev_167293,Serhii Tkachev,-2,0,33,39,-6,72,2021-07-20 01:55:00,501127
Oleksii Tkachuk_1745513706,Oleksii Tkachuk,-3,0,17,33,-16,50,2021-07-20 02:00:00,501128
S Ogai_123972,S Ogai,-3,0,28,34,-6,62,2021-07-20 02:01:00,501129
Anton Maslov_1438389181,Anton Maslov,1,1,53,43,10,96,2021-07-20 02:05:00,501130
Serhii Berezynskyi_390096819,Serhii Berezynskyi,-2,0,36,42,-6,78,2021-07-20 02:15:00,501131
I Ramensky_123932,I Ramensky,3,1,33,23,10,56,2021-07-20 02:15:00,501132
Yu Merkushin_124006,Yu Merkushin,-2,0,35,42,-7,77,2021-07-20 02:17:00,501133
Oleksandr Mishchenko_167294,Oleksandr Mishchenko,-2,0,37,44,-7,81,2021-07-20 02:25:00,501134
Yevhenii Faflei_1262715672,Yevhenii Faflei,1,1,50,47,3,97,2021-07-20 02:30:00,501135
A Fedosov_123973,A Fedosov,3,1,35,25,10,60,2021-07-20 02:31:00,501136
Alexey Hladkykh_1775826772,Alexey Hladkykh,3,1,33,21,12,54,2021-07-20 02:35:00,501137
Illia Semeniuk_1382086095,Illia Semeniuk,-2,0,41,47,-6,88,2021-07-20 02:45:00,501138
Artem Slashchev_123933,Artem Slashchev,-2,0,33,43,-10,76,2021-07-20 02:45:00,501139
V Safonov_124007,V Safonov,-1,0,51,53,-2,104,2021-07-20 02:46:00,501140
Serhii Tkachev_167295,Serhii Tkachev,-1,0,50,54,-4,104,2021-07-20 02:55:00,501141
Yaroslav Vorsuliak_1276995219,Yaroslav Vorsuliak,-3,0,21,33,-12,54,2021-07-20 03:00:00,501142
Zh Tsybikov_123974,Zh Tsybikov,-2,0,32,40,-8,72,2021-07-20 03:01:00,501143
Andrii Chupovskyi_1147620356,Andrii Chupovskyi,-3,0,25,33,-8,58,2021-07-20 03:05:00,501144
Mykola Tovkach_1833425395,Mykola Tovkach,-1,0,36,50,-14,86,2021-07-20 03:15:00,501145
D Evlahin_123934,D Evlahin,1,1,50,57,-7,107,2021-07-20 03:15:00,501146
Artem Chepurnyi_167296,Artem Chepurnyi,3,1,36,25,11,61,2021-07-20 03:25:00,501147
Oleksii Tkachuk_1731434204,Oleksii Tkachuk,2,1,45,37,8,82,2021-07-20 03:30:00,501148
R Pavlenko_123975,R Pavlenko,1,1,58,56,2,114,2021-07-20 03:31:00,501149
Yuriy Tarasov_642033186,Yuriy Tarasov,-2,0,31,42,-11,73,2021-07-20 03:35:00,501150
P Semeshin_124008,P Semeshin,2,1,38,29,9,67,2021-07-20 03:45:00,501151
Illia Semeniuk_1135531087,Illia Semeniuk,2,1,46,42,4,88,2021-07-20 03:45:00,501152
V Shirshov_123935,V Shirshov,-3,0,26,34,-8,60,2021-07-20 03:47:00,501153
Oleksandr Mishchenko_167297,Oleksandr Mishchenko,-2,0,35,37,-2,72,2021-07-20 03:55:00,501154
Yevhenii Faflei_1992683564,Yevhenii Faflei,1,1,57,53,4,110,2021-07-20 04:00:00,501155
A Fedosov_123976,A Fedosov,1,1,48,40,8,88,2021-07-20 04:01:00,501156
S Martyukhin_124009,S Martyukhin,2,1,45,36,9,81,2021-07-20 04:03:00,501157
Anton Maslov_1762771046,Anton Maslov,1,1,47,36,11,83,2021-07-20 04:05:00,501158
Artem Slashchev_123936,Artem Slashchev,-2,0,36,41,-5,77,2021-07-20 04:15:00,501159
Mykola Tovkach_554126561,Mykola Tovkach,-1,0,47,46,1,93,2021-07-20 04:15:00,501160
Serhii Tkachev_167298,Serhii Tkachev,2,1,46,41,5,87,2021-07-20 04:25:00,501161
Yaroslav Vorsuliak_18452696,Yaroslav Vorsuliak,-2,0,37,45,-8,82,2021-07-20 04:30:00,501162
V Safonov_124010,V Safonov,1,1,47,38,9,85,2021-07-20 04:31:00,501163
R Pavlenko_124160,R Pavlenko,-3,0,19,34,-15,53,2021-07-20 04:34:00,501164
Andrii Chupovskyi_1484753781,Andrii Chupovskyi,-1,0,41,49,-8,90,2021-07-20 04:35:00,501165
Illia Semeniuk_1397763871,Illia Semeniuk,-1,0,44,54,-10,98,2021-07-20 04:45:00,501166
V Shirshov_124162,V Shirshov,1,1,45,51,-6,96,2021-07-20 04:46:00,501167
Oleksandr Mishchenko_167299,Oleksandr Mishchenko,-3,0,21,33,-12,54,2021-07-20 04:55:00,501168
Petro Tsolik_1600675566,Petro Tsolik,2,1,46,38,8,84,2021-07-20 05:00:00,501169
S Ogai_124161,S Ogai,-2,0,33,42,-9,75,2021-07-20 05:01:00,501170
A Petrov_124164,A Petrov,3,1,33,14,19,47,2021-07-20 05:05:00,501171
Yuriy Tarasov_1539872855,Yuriy Tarasov,2,1,40,24,16,64,2021-07-20 05:05:00,501172
D Evlahin_124163,D Evlahin,-3,0,26,35,-9,61,2021-07-20 05:15:00,501173
Roman Rybachuk_1298686840,Roman Rybachuk,2,1,39,32,7,71,2021-07-20 05:15:00,501174
V Safonov_124165,V Safonov,-3,0,28,36,-8,64,2021-07-20 05:25:00,501175
Artem Chepurnyi_167300,Artem Chepurnyi,2,1,37,33,4,70,2021-07-20 05:25:00,501176
Oleksii Tkachuk_371659574,Oleksii Tkachuk,2,1,42,32,10,74,2021-07-20 05:30:00,501177
Serhii Tkachev_167301,Serhii Tkachev,1,1,48,45,3,93,2021-07-20 05:55:00,501178
Nazarii Haievyi_1688122983,Nazarii Haievyi,2,1,44,40,4,84,2021-07-20 06:00:00,501179
Volodymyr Chornobab_167302,Volodymyr Chornobab,-3,0,18,33,-15,51,2021-07-20 06:25:00,501180
Yevhenii Faflei_1600379771,Yevhenii Faflei,-2,0,35,38,-3,73,2021-07-20 06:30:00,501181
Volodymyr Chornobab_167569,Volodymyr Chornobab,3,1,33,16,17,49,2021-07-20 06:55:00,501182
Oleksandr Dukhovenko_167570,Oleksandr Dukhovenko,1,1,53,46,7,99,2021-07-20 07:25:00,501183
A Vorozheykin_124064,A Vorozheykin,2,1,43,28,15,71,2021-07-20 07:30:00,501184
I Novikov_124114,I Novikov,2,1,46,36,10,82,2021-07-20 07:47:00,501185
Nazar Mosiuk_167527,Nazar Mosiuk,-2,0,26,38,-12,64,2021-07-20 07:50:00,501186
Maksim Ovcharenko_1597047454,Maksim Ovcharenko,2,1,41,24,17,65,2021-07-20 07:50:00,501187
E Tsvetkov_124030,E Tsvetkov,1,1,51,43,8,94,2021-07-20 07:51:00,501188
Dmytro Shukin_1733202990,Dmytro Shukin,-1,0,37,47,-10,84,2021-07-20 07:55:00,501189
Valentyn Lutsenko_167347,Valentyn Lutsenko,-2,0,25,42,-17,67,2021-07-20 08:00:00,501190
S Ovechkin_124065,S Ovechkin,-2,0,28,39,-11,67,2021-07-20 08:01:00,501191
Dmytro Hrosov_167357,Dmytro Hrosov,-1,0,49,45,4,94,2021-07-20 08:05:00,501192
Kostiantyn Klymenko_167372,Kostiantyn Klymenko,-3,0,20,33,-13,53,2021-07-20 08:10:00,501193
Ihor Emets_167382,Ihor Emets,-2,0,30,42,-12,72,2021-07-20 08:15:00,501194
D Sayanov_124115,D Sayanov,1,1,48,43,5,91,2021-07-20 08:18:00,501195
Yevhen Trunov_167528,Yevhen Trunov,-3,0,30,37,-7,67,2021-07-20 08:20:00,501196
A Savinskiy_124031,A Savinskiy,2,1,44,36,8,80,2021-07-20 08:22:00,501197
Rodion Pirveli_1342365274,Rodion Pirveli,-2,0,29,42,-13,71,2021-07-20 08:25:00,501198
Andrii Martyniuk_167348,Andrii Martyniuk,-3,0,23,33,-10,56,2021-07-20 08:30:00,501199
Maksym Kolos_2061138202,Maksym Kolos,2,1,46,41,5,87,2021-07-20 08:30:00,501200
I Sergeevich_124066,I Sergeevich,3,1,33,17,16,50,2021-07-20 08:30:00,501201
Artem Kuzmyn_167358,Artem Kuzmyn,1,1,49,44,5,93,2021-07-20 08:35:00,501202
Yevhenii Holoborodko_2057513450,Yevhenii Holoborodko,-1,0,47,50,-3,97,2021-07-20 08:35:00,501203
Ruslan Kovalchuk_1465846839,Ruslan Kovalchuk,2,1,37,29,8,66,2021-07-20 08:40:00,501204
Serhii Burdelnyi_167373,Serhii Burdelnyi,1,1,53,44,9,97,2021-07-20 08:40:00,501205
Vadym Semenenko_167383,Vadym Semenenko,1,1,52,49,3,101,2021-07-20 08:45:00,501206
Volodymyr Tuchkevych_333496137,Volodymyr Tuchkevych,-3,0,15,33,-18,48,2021-07-20 08:45:00,501207
A Fedorov_124032,A Fedorov,2,1,43,36,7,79,2021-07-20 08:48:00,501208
Nazarii Kovalchuk_2098528656,Nazarii Kovalchuk,2,1,41,34,7,75,2021-07-20 08:50:00,501209
Nazar Mosiuk_167529,Nazar Mosiuk,2,1,42,39,3,81,2021-07-20 08:50:00,501210
Yurii Kurishchenko_167397,Yurii Kurishchenko,2,1,42,37,5,79,2021-07-20 08:50:00,501211
A Lobanov_124116,A Lobanov,-2,0,34,46,-12,80,2021-07-20 08:51:00,501212
Vadym Reva_167407,Vadym Reva,-3,0,25,38,-13,63,2021-07-20 08:55:00,501213
Vadym Grushko_1616670976,Vadym Grushko,-1,0,41,45,-4,86,2021-07-20 08:55:00,501214
Serhii Skachenko_1740530284,Serhii Skachenko,-1,0,36,52,-16,88,2021-07-20 08:55:00,501215
A Zabrodin_124067,A Zabrodin,3,1,33,14,19,47,2021-07-20 08:59:00,501216
Maksim Ovcharenko_270611212,Maksim Ovcharenko,1,1,51,43,8,94,2021-07-20 09:00:00,501217
Valentyn Lutsenko_167349,Valentyn Lutsenko,3,1,33,15,18,48,2021-07-20 09:00:00,501218
Ihor Kundeus_167422,Ihor Kundeus,3,1,35,23,12,58,2021-07-20 09:00:00,501219
Lukas Adamec_167537,Lukas Adamec,3,1,35,23,12,58,2021-07-20 09:00:00,501220
M Flanderka_27779,M Flanderka,-3,0,12,33,-21,45,2021-07-20 09:01:00,501221
Dmytro Baistriuchenko_2021492085,Dmytro Baistriuchenko,-1,0,37,44,-7,81,2021-07-20 09:05:00,501222
Valerii Lukianevych_167359,Valerii Lukianevych,-3,0,21,36,-15,57,2021-07-20 09:05:00,501223
Kostiantyn Klymenko_167374,Kostiantyn Klymenko,3,1,33,20,13,53,2021-07-20 09:10:00,501224
Anatolii Zapletniuk_1943349174,Anatolii Zapletniuk,2,1,41,33,8,74,2021-07-20 09:10:00,501225
Aleksandr Tulenin_1327869162,Aleksandr Tulenin,2,1,49,37,12,86,2021-07-20 09:15:00,501226
Valerii Davydov_167384,Valerii Davydov,-3,0,21,33,-12,54,2021-07-20 09:15:00,501227
V Selkin_124033,V Selkin,1,1,48,44,4,92,2021-07-20 09:16:00,501228
V Putilovsky_124117,V Putilovsky,3,1,33,24,9,57,2021-07-20 09:18:00,501229
Dmytro Lazuryk_167398,Dmytro Lazuryk,-1,0,49,52,-3,101,2021-07-20 09:20:00,501230
Serhii Rak_167530,Serhii Rak,-2,0,36,42,-6,78,2021-07-20 09:20:00,501231
Andrii Tsikhotskyi_587137222,Andrii Tsikhotskyi,3,1,33,12,21,45,2021-07-20 09:20:00,501232
Oleksii Haponov_31129561,Oleksii Haponov,2,1,37,29,8,66,2021-07-20 09:25:00,501233
Illia Marynkevych_167408,Illia Marynkevych,-2,0,42,47,-5,89,2021-07-20 09:25:00,501234
Dmytro Dubrovin_2003332685,Dmytro Dubrovin,-3,0,23,34,-11,57,2021-07-20 09:30:00,501235
Tung  Pham Duong_167538,Tung  Pham Duong,3,1,34,26,8,60,2021-07-20 09:30:00,501236
Vasyl Kondratenko_167350,Vasyl Kondratenko,-2,0,24,43,-19,67,2021-07-20 09:30:00,501237
Mykhailo Potapov_167423,Mykhailo Potapov,-3,0,29,38,-9,67,2021-07-20 09:30:00,501238
F Just_27780,F Just,-2,0,25,41,-16,66,2021-07-20 09:30:00,501239
I Sergeevich_124068,I Sergeevich,-2,0,23,41,-18,64,2021-07-20 09:30:00,501240
Spartak Abalmaz_867886088,Spartak Abalmaz,-3,0,15,33,-18,48,2021-07-20 09:30:00,501241
Eduard Rubtsov_1897224082,Eduard Rubtsov,-3,0,14,33,-19,47,2021-07-20 09:35:00,501242
Artem Kuzmyn_167360,Artem Kuzmyn,-1,0,43,53,-10,96,2021-07-20 09:35:00,501243
Maksym Kolos_837053684,Maksym Kolos,1,1,43,47,-4,90,2021-07-20 09:40:00,501244
Vitalii Mukhin_167375,Vitalii Mukhin,-3,0,12,33,-21,45,2021-07-20 09:40:00,501245
Vadym Semenenko_167385,Vadym Semenenko,3,1,33,21,12,54,2021-07-20 09:45:00,501246
Yevhenii Holoborodko_1359479814,Yevhenii Holoborodko,1,1,46,45,1,91,2021-07-20 09:45:00,501247
A Fedorov_124034,A Fedorov,-3,0,20,33,-13,53,2021-07-20 09:47:00,501248
A Lobanov_124118,A Lobanov,-2,0,39,43,-4,82,2021-07-20 09:47:00,501249
Ruslan Kovalchuk_162500962,Ruslan Kovalchuk,3,1,33,16,17,49,2021-07-20 09:50:00,501250
Yevhen Trunov_167531,Yevhen Trunov,-3,0,17,33,-16,50,2021-07-20 09:50:00,501251
Yurii Kurishchenko_167399,Yurii Kurishchenko,2,1,41,31,10,72,2021-07-20 09:50:00,501252
Volodymyr Tuchkevych_789692458,Volodymyr Tuchkevych,2,1,34,31,3,65,2021-07-20 09:55:00,501253
Anatolii Meliushko_167409,Anatolii Meliushko,-2,0,27,41,-14,68,2021-07-20 09:55:00,501254
S Ovechkin_124069,S Ovechkin,-2,0,35,40,-5,75,2021-07-20 09:59:00,501255
Tung  Pham Duong_167539,Tung  Pham Duong,2,1,41,27,14,68,2021-07-20 10:00:00,501256
Nazarii Kovalchuk_1003336460,Nazarii Kovalchuk,3,1,33,22,11,55,2021-07-20 10:00:00,501257
Ihor Kundeus_167424,Ihor Kundeus,2,1,40,37,3,77,2021-07-20 10:00:00,501258
E Samsonova_123893,E Samsonova,1,1,31,21,10,52,2021-07-20 10:00:00,501259
Ji Louda_27781,Ji Louda,2,1,46,31,15,77,2021-07-20 10:00:00,501260
Andrii Martyniuk_167351,Andrii Martyniuk,2,1,43,40,3,83,2021-07-20 10:00:00,501261
Vadym Grushko_426842202,Vadym Grushko,2,1,42,28,14,70,2021-07-20 10:05:00,501262
Serhii Skachenko_225775885,Serhii Skachenko,-2,0,34,42,-8,76,2021-07-20 10:05:00,501263
Dmytro Hrosov_167361,Dmytro Hrosov,1,1,45,45,0,90,2021-07-20 10:05:00,501264
Serhii Burdelnyi_167376,Serhii Burdelnyi,-3,0,23,33,-10,56,2021-07-20 10:10:00,501265
Rodion Pirveli_2127519071,Rodion Pirveli,2,1,45,22,23,67,2021-07-20 10:10:00,501266
Ihor Emets_167386,Ihor Emets,-2,0,32,44,-12,76,2021-07-20 10:15:00,501267
Dmytro Shukin_464249991,Dmytro Shukin,-1,0,49,56,-7,105,2021-07-20 10:15:00,501268
A Savinskiy_124035,A Savinskiy,2,1,41,34,7,75,2021-07-20 10:17:00,501269
D Sayanov_124119,D Sayanov,1,1,52,40,12,92,2021-07-20 10:18:00,501270
Anatolii Zapletniuk_114345329,Anatolii Zapletniuk,-3,0,20,33,-13,53,2021-07-20 10:20:00,501271
Nazar Mosiuk_167532,Nazar Mosiuk,2,1,39,34,5,73,2021-07-20 10:20:00,501272
Illia Udod_167400,Illia Udod,2,1,44,42,2,86,2021-07-20 10:20:00,501273
O Aratskaya_123894,O Aratskaya,2,1,24,8,16,32,2021-07-20 10:20:00,501274
Aleksandr Melnikov_1916260346,Aleksandr Melnikov,-1,0,41,48,-7,89,2021-07-20 10:25:00,501275
Illia Marynkevych_167410,Illia Marynkevych,-2,0,27,39,-12,66,2021-07-20 10:25:00,501276
Bogdan Stasiuk_1388414214,Bogdan Stasiuk,-2,0,36,45,-9,81,2021-07-20 10:30:00,501277
Lukas Adamec_167540,Lukas Adamec,1,1,44,46,-2,90,2021-07-20 10:30:00,501278
T Batthyany_27782,T Batthyany,3,1,34,23,11,57,2021-07-20 10:30:00,501279
Serhii Prus_167425,Serhii Prus,2,1,43,31,12,74,2021-07-20 10:30:00,501280
Valentyn Lutsenko_167352,Valentyn Lutsenko,2,1,44,37,7,81,2021-07-20 10:30:00,501281
S Ovechkin_124166,S Ovechkin,2,1,37,35,2,72,2021-07-20 10:30:00,501282
Oleksandr Khoroshun_167362,Oleksandr Khoroshun,2,1,42,38,4,80,2021-07-20 10:35:00,501283
Oleksii Haponov_1576098485,Oleksii Haponov,-1,0,47,49,-2,96,2021-07-20 10:35:00,501284
Sergey Filatov_1329001988,Sergey Filatov,-2,0,31,39,-8,70,2021-07-20 10:40:00,501285
Kostiantyn Klymenko_167377,Kostiantyn Klymenko,3,1,34,24,10,58,2021-07-20 10:40:00,501286
M Lysenko_123895,M Lysenko,-2,0,14,23,-9,37,2021-07-20 10:40:00,501287
Valentin Zaichenko_786611169,Valentin Zaichenko,2,1,37,26,11,63,2021-07-20 10:40:00,501288
Maksim Ovcharenko_1120482067,Maksim Ovcharenko,-1,0,46,46,0,92,2021-07-20 10:45:00,501289
Iulii Khomutovskyi_167387,Iulii Khomutovskyi,-1,0,52,48,4,100,2021-07-20 10:45:00,501290
A Fedorov_124193,A Fedorov,-2,0,33,38,-5,71,2021-07-20 10:49:00,501291
Dmytro Kryshtal_1879159026,Dmytro Kryshtal,2,1,40,36,4,76,2021-07-20 10:50:00,501292
Dmytro Lazuryk_167401,Dmytro Lazuryk,-3,0,26,38,-12,64,2021-07-20 10:50:00,501293
Yevhen Trunov_167533,Yevhen Trunov,-2,0,23,42,-19,65,2021-07-20 10:50:00,501294
A Lobanov_124194,A Lobanov,-1,0,38,47,-9,85,2021-07-20 10:51:00,501295
Yevhenii Holoborodko_661732453,Yevhenii Holoborodko,1,1,45,42,3,87,2021-07-20 10:55:00,501296
Vadym Reva_167411,Vadym Reva,-2,0,25,41,-16,66,2021-07-20 10:55:00,501297
Mykhailo Potapov_167426,Mykhailo Potapov,2,1,42,29,13,71,2021-07-20 11:00:00,501298
Andrii Martyniuk_167353,Andrii Martyniuk,-1,0,31,44,-13,75,2021-07-20 11:00:00,501299
I Sergeevich_124167,I Sergeevich,1,1,48,43,5,91,2021-07-20 11:00:00,501300
Frantisek Korenek_167541,Frantisek Korenek,3,1,34,21,13,55,2021-07-20 11:00:00,501301
P Samsonov_123896,P Samsonov,2,1,24,10,14,34,2021-07-20 11:00:00,501302
Aleksandr Tulenin_20581260,Aleksandr Tulenin,2,1,40,27,13,67,2021-07-20 11:00:00,501303
Ji Louda_27783,Ji Louda,2,1,46,40,6,86,2021-07-20 11:01:00,501304
Valerii Lukianevych_167363,Valerii Lukianevych,-1,0,48,47,1,95,2021-07-20 11:05:00,501305
Andrii Tsikhotskyi_317325011,Andrii Tsikhotskyi,1,1,50,40,10,90,2021-07-20 11:05:00,501306
Nazarii Kovalchuk_843236255,Nazarii Kovalchuk,-2,0,29,40,-11,69,2021-07-20 11:10:00,501307
Serhii Burdelnyi_167378,Serhii Burdelnyi,2,1,43,27,16,70,2021-07-20 11:10:00,501308
Spartak Abalmaz_1892293286,Spartak Abalmaz,2,1,42,33,9,75,2021-07-20 11:15:00,501309
Dmytro Dubrovin_1688114171,Dmytro Dubrovin,-3,0,10,33,-23,43,2021-07-20 11:15:00,501310
Valerii Davydov_167388,Valerii Davydov,2,1,44,36,8,80,2021-07-20 11:15:00,501311
V Selkin_124192,V Selkin,3,1,33,16,17,49,2021-07-20 11:18:00,501312
V Putilovsky_124195,V Putilovsky,3,1,33,18,15,51,2021-07-20 11:18:00,501313
Eduard Rubtsov_873384752,Eduard Rubtsov,2,1,35,25,10,60,2021-07-20 11:20:00,501314
O Aratskaya_123897,O Aratskaya,2,1,23,7,16,30,2021-07-20 11:20:00,501315
Yurii Kurishchenko_167402,Yurii Kurishchenko,1,1,51,46,5,97,2021-07-20 11:20:00,501316
Serhii Rak_167534,Serhii Rak,1,1,45,34,11,79,2021-07-20 11:20:00,501317
Ruslan Tolstykh_167412,Ruslan Tolstykh,1,1,48,48,0,96,2021-07-20 11:25:00,501318
Dmytro Baistriuchenko_1414446354,Dmytro Baistriuchenko,3,1,33,18,15,51,2021-07-20 11:25:00,501319
Vasyl Kondratenko_167354,Vasyl Kondratenko,2,1,41,35,6,76,2021-07-20 11:30:00,501320
Ihor Kundeus_167427,Ihor Kundeus,-2,0,35,39,-4,74,2021-07-20 11:30:00,501321
F Just_27784,F Just,-3,0,14,33,-19,47,2021-07-20 11:30:00,501322
Lukas Adamec_167542,Lukas Adamec,-3,0,26,34,-8,60,2021-07-20 11:30:00,501323
Dmitriy Zaporozhets_821530615,Dmitriy Zaporozhets,-2,0,32,41,-9,73,2021-07-20 11:30:00,501324
P Semeshin_124076,P Semeshin,1,1,53,45,8,98,2021-07-20 11:31:00,501325
Artem Kuzmyn_167364,Artem Kuzmyn,2,1,53,41,12,94,2021-07-20 11:35:00,501326
Ruslan Kovalchuk_1692095469,Ruslan Kovalchuk,2,1,44,35,9,79,2021-07-20 11:35:00,501327
Volodymyr Tuchkevych_703593770,Volodymyr Tuchkevych,-3,0,20,33,-13,53,2021-07-20 11:40:00,501328
Tatyana De_123898,Tatyana De,-1,0,25,31,-6,56,2021-07-20 11:40:00,501329
Vitalii Mukhin_167379,Vitalii Mukhin,-1,0,44,44,0,88,2021-07-20 11:40:00,501330
Vadym Semenenko_167389,Vadym Semenenko,3,1,34,21,13,55,2021-07-20 11:45:00,501331
Vasyl Kushnir_1672931444,Vasyl Kushnir,3,1,37,31,6,68,2021-07-20 11:45:00,501332
A Komarov_124120,A Komarov,-2,0,36,42,-6,78,2021-07-20 11:46:00,501333
M Glushkov_124036,M Glushkov,1,1,48,43,5,91,2021-07-20 11:47:00,501334
Vadym Grushko_1938522659,Vadym Grushko,-1,0,34,43,-9,77,2021-07-20 11:50:00,501335
Serhii Skachenko_103922946,Serhii Skachenko,-2,0,27,37,-10,64,2021-07-20 11:50:00,501336
Nazar Mosiuk_167535,Nazar Mosiuk,2,1,42,28,14,70,2021-07-20 11:50:00,501337
Dmytro Lazuryk_167403,Dmytro Lazuryk,-1,0,46,48,-2,94,2021-07-20 11:50:00,501338
Rodion Pirveli_1967054752,Rodion Pirveli,1,1,44,43,1,87,2021-07-20 11:55:00,501339
Anatolii Meliushko_167413,Anatolii Meliushko,-2,0,31,38,-7,69,2021-07-20 11:55:00,501340
Mykhailo Potapov_167428,Mykhailo Potapov,-3,0,23,33,-10,56,2021-07-20 12:00:00,501341
F Just_27809,F Just,-2,0,30,39,-9,69,2021-07-20 12:00:00,501342
Valentyn Lutsenko_167355,Valentyn Lutsenko,3,1,33,21,12,54,2021-07-20 12:00:00,501343
Dmytro Shukin_1079267352,Dmytro Shukin,-3,0,20,34,-14,54,2021-07-20 12:00:00,501344
E Samsonova_123899,E Samsonova,-2,0,7,23,-16,30,2021-07-20 12:00:00,501345
T Razinkov_124077,T Razinkov,3,1,34,20,14,54,2021-07-20 12:03:00,501346
Anatolii Zapletniuk_2075037744,Anatolii Zapletniuk,2,1,41,35,6,76,2021-07-20 12:05:00,501347
Frantisek Korenek_167586,Frantisek Korenek,1,1,44,44,0,88,2021-07-20 12:05:00,501348
Dmytro Hrosov_167365,Dmytro Hrosov,2,1,41,29,12,70,2021-07-20 12:05:00,501349
Aleksandr Melnikov_1014535229,Aleksandr Melnikov,1,1,50,40,10,90,2021-07-20 12:10:00,501350
Kostiantyn Klymenko_167380,Kostiantyn Klymenko,-1,0,41,50,-9,91,2021-07-20 12:10:00,501351
Ihor Emets_167390,Ihor Emets,2,1,40,25,15,65,2021-07-20 12:15:00,501352
Bogdan Stasiuk_1009874674,Bogdan Stasiuk,1,1,47,49,-2,96,2021-07-20 12:15:00,501353
A Poprocky_124037,A Poprocky,-1,0,30,46,-16,76,2021-07-20 12:15:00,501354
V Mishakin_124121,V Mishakin,3,1,38,31,7,69,2021-07-20 12:16:00,501355
Illia Udod_167404,Illia Udod,3,1,33,15,18,48,2021-07-20 12:20:00,501356
Denys Pesternikov_167536,Denys Pesternikov,2,1,38,26,12,64,2021-07-20 12:20:00,501357
M Lysenko_123900,M Lysenko,-1,0,32,30,2,62,2021-07-20 12:20:00,501358
Nazarii Danyliuk_574793394,Nazarii Danyliuk,2,1,38,32,6,70,2021-07-20 12:20:00,501359
Sergey Filatov_1748888380,Sergey Filatov,-1,0,43,49,-6,92,2021-07-20 12:25:00,501360
Illia Marynkevych_167414,Illia Marynkevych,-1,0,45,49,-4,94,2021-07-20 12:25:00,501361
Valentin Zaichenko_37580672,Valentin Zaichenko,3,1,33,19,14,52,2021-07-20 12:25:00,501362
Anton Veliiev_120215753,Anton Veliiev,2,1,43,39,4,82,2021-07-20 12:30:00,501363
Serhii Prus_167429,Serhii Prus,2,1,38,30,8,68,2021-07-20 12:30:00,501364
Viktor Bereza_167356,Viktor Bereza,2,1,40,38,2,78,2021-07-20 12:30:00,501365
T Batthyany_27810,T Batthyany,1,1,46,44,2,90,2021-07-20 12:30:00,501366
A Kozlov_124078,A Kozlov,-2,0,28,38,-10,66,2021-07-20 12:30:00,501367
Lukas Adamec_167587,Lukas Adamec,-2,0,31,39,-8,70,2021-07-20 12:35:00,501368
Dmytro Baistriuchenko_1293765864,Dmytro Baistriuchenko,2,1,42,34,8,76,2021-07-20 12:35:00,501369
Oleksandr Khoroshun_167366,Oleksandr Khoroshun,3,1,33,16,17,49,2021-07-20 12:35:00,501370
Yevhenii Holoborodko_1401115083,Yevhenii Holoborodko,2,1,34,30,4,64,2021-07-20 12:40:00,501371
Andrii Dekhtiarenko_167381,Andrii Dekhtiarenko,1,1,47,51,-4,98,2021-07-20 12:40:00,501372
Tatyana De_123901,Tatyana De,-2,0,3,24,-21,27,2021-07-20 12:40:00,501373
Iulii Khomutovskyi_167391,Iulii Khomutovskyi,2,1,39,25,14,64,2021-07-20 12:45:00,501374
A Shmakov_124122,A Shmakov,3,1,35,26,9,61,2021-07-20 12:45:00,501375
Aleksandr Tulenin_1460352783,Aleksandr Tulenin,3,1,33,16,17,49,2021-07-20 12:45:00,501376
O Manuylov_124038,O Manuylov,3,1,36,30,6,66,2021-07-20 12:45:00,501377
Yurii Kurishchenko_167405,Yurii Kurishchenko,-2,0,32,43,-11,75,2021-07-20 12:50:00,501378
Andrii Tsikhotskyi_1744396559,Andrii Tsikhotskyi,2,1,44,37,7,81,2021-07-20 12:50:00,501379
Mykhailo Kistechko_167588,Mykhailo Kistechko,-2,0,33,42,-9,75,2021-07-20 12:55:00,501380
Vadym Reva_167415,Vadym Reva,-3,0,21,33,-12,54,2021-07-20 12:55:00,501381
Nazarii Kovalchuk_594654492,Nazarii Kovalchuk,1,1,47,42,5,89,2021-07-20 12:55:00,501382
E Kalashnikov_124079,E Kalashnikov,3,1,34,25,9,59,2021-07-20 13:00:00,501383
Dmytro Dubrovin_251452422,Dmytro Dubrovin,-2,0,38,43,-5,81,2021-07-20 13:00:00,501384
Spartak Abalmaz_1649089046,Spartak Abalmaz,1,1,56,53,3,109,2021-07-20 13:00:00,501385
Jachym Sebl_167549,Jachym Sebl,-3,0,20,34,-14,54,2021-07-20 13:00:00,501386
P Samsonov_123902,P Samsonov,1,1,30,23,7,53,2021-07-20 13:00:00,501387
Ihor Kundeus_167430,Ihor Kundeus,-2,0,34,41,-7,75,2021-07-20 13:00:00,501388
M Urban_27785,M Urban,2,1,36,30,6,66,2021-07-20 13:03:00,501389
Maksim Ovcharenko_2049424487,Maksim Ovcharenko,-3,0,24,33,-9,57,2021-07-20 13:05:00,501390
Valerii Lukianevych_167367,Valerii Lukianevych,-1,0,45,44,1,89,2021-07-20 13:05:00,501391
Dmytro Shukin_31729355,Dmytro Shukin,1,1,49,47,2,96,2021-07-20 13:10:00,501392
V Zhigalov_124039,V Zhigalov,-2,0,36,47,-11,83,2021-07-20 13:15:00,501393
Valerii Davydov_167392,Valerii Davydov,-2,0,35,39,-4,74,2021-07-20 13:15:00,501394
Vasyl Kondratenko_167590,Vasyl Kondratenko,-2,0,34,41,-7,75,2021-07-20 13:15:00,501395
Anatolii Zapletniuk_1099990446,Anatolii Zapletniuk,-1,0,49,51,-2,100,2021-07-20 13:15:00,501396
A Mohnachev_124123,A Mohnachev,-2,0,29,43,-14,72,2021-07-20 13:15:00,501397
Anatolii Hritchenko_991807675,Anatolii Hritchenko,2,1,40,28,12,68,2021-07-20 13:20:00,501398
Andrii Dombrovskyi_167406,Andrii Dombrovskyi,1,1,49,47,2,96,2021-07-20 13:20:00,501399
Serhii Solomko_167592,Serhii Solomko,3,1,39,26,13,65,2021-07-20 13:20:00,501400
Ruslan Tolstykh_167416,Ruslan Tolstykh,2,1,38,26,12,64,2021-07-20 13:25:00,501401
Denys Pesternikov_167589,Denys Pesternikov,-1,0,46,51,-5,97,2021-07-20 13:25:00,501402
Serhii Hilitukha_434882698,Serhii Hilitukha,2,1,44,31,13,75,2021-07-20 13:25:00,501403
Martin Prusa_167550,Martin Prusa,-1,0,46,46,0,92,2021-07-20 13:30:00,501404
Valerii Hel_167431,Valerii Hel,1,1,44,39,5,83,2021-07-20 13:30:00,501405
Nazarii Danyliuk_7984372,Nazarii Danyliuk,2,1,38,34,4,72,2021-07-20 13:30:00,501406
A Kozlov_124080,A Kozlov,-1,0,42,46,-4,88,2021-07-20 13:30:00,501407
J Pozarsky_27786,J Pozarsky,-3,0,25,35,-10,60,2021-07-20 13:30:00,501408
Igor Sukovatyi_858450665,Igor Sukovatyi,3,1,33,23,10,56,2021-07-20 13:35:00,501409
Dmitriy Lebed_1568284038,Dmitriy Lebed,-1,0,41,49,-8,90,2021-07-20 13:35:00,501410
Dmytro Hrosov_167368,Dmytro Hrosov,-3,0,29,35,-6,64,2021-07-20 13:35:00,501411
Rodion Pirveli_2104038939,Rodion Pirveli,3,1,33,25,8,58,2021-07-20 13:40:00,501412
Viktor Bereza_167591,Viktor Bereza,-1,0,55,56,-1,111,2021-07-20 13:45:00,501413
Ihor Emets_167393,Ihor Emets,-3,0,25,33,-8,58,2021-07-20 13:45:00,501414
Oleksandr Semenets_768725191,Oleksandr Semenets,-2,0,40,41,-1,81,2021-07-20 13:45:00,501415
Andrii Dekhtiarenko_167593,Andrii Dekhtiarenko,-2,0,36,39,-3,75,2021-07-20 13:50:00,501416
Yevhenii Holoborodko_204930949,Yevhenii Holoborodko,-3,0,16,33,-17,49,2021-07-20 13:50:00,501417
Anatolii Meliushko_167417,Anatolii Meliushko,-2,0,26,39,-13,65,2021-07-20 13:55:00,501418
Ruslan Kovalchuk_363515474,Ruslan Kovalchuk,3,1,34,23,11,57,2021-07-20 13:55:00,501419
Martin Prusa_167551,Martin Prusa,-1,0,46,50,-4,96,2021-07-20 14:00:00,501420
Illia Udod_167594,Illia Udod,1,1,51,52,-1,103,2021-07-20 14:00:00,501421
Volodymyr Tuchkevych_202257046,Volodymyr Tuchkevych,-3,0,16,34,-18,50,2021-07-20 14:00:00,501422
O Manuylov_124040,O Manuylov,3,1,33,23,10,56,2021-07-20 14:01:00,501423
A Shmakov_124124,A Shmakov,-3,0,20,33,-13,53,2021-07-20 14:01:00,501424
M Svedik_27787,M Svedik,-1,0,49,57,-8,106,2021-07-20 14:03:00,501425
Nazarii Kovalchuk_1307811614,Nazarii Kovalchuk,-3,0,27,37,-10,64,2021-07-20 14:05:00,501426
Viktor Syvych_167369,Viktor Syvych,2,1,35,30,5,65,2021-07-20 14:05:00,501427
T Razinkov_124081,T Razinkov,-3,0,23,33,-10,56,2021-07-20 14:09:00,501428
Serhii Skachenko_1882563990,Serhii Skachenko,-2,0,28,41,-13,69,2021-07-20 14:10:00,501429
Vadym Grushko_25266620,Vadym Grushko,1,1,50,40,10,90,2021-07-20 14:10:00,501430
Valerii Hel_167596,Valerii Hel,-1,0,45,48,-3,93,2021-07-20 14:10:00,501431
V Mishakin_124125,V Mishakin,3,1,34,21,13,55,2021-07-20 14:15:00,501432
Bohdan Yurka_167394,Bohdan Yurka,-1,0,44,47,-3,91,2021-07-20 14:15:00,501433
A Poprocky_124041,A Poprocky,3,1,33,15,18,48,2021-07-20 14:17:00,501434
Maksym Kolos_2050923623,Maksym Kolos,-3,0,18,33,-15,51,2021-07-20 14:20:00,501435
Anatolii Zapletniuk_619178580,Anatolii Zapletniuk,3,1,33,22,11,55,2021-07-20 14:25:00,501436
Vadym Reva_167418,Vadym Reva,-1,0,47,48,-1,95,2021-07-20 14:25:00,501437
Jachym Sebl_167552,Jachym Sebl,-1,0,39,50,-11,89,2021-07-20 14:30:00,501438
Oleksandr Zhyrnov_167595,Oleksandr Zhyrnov,-3,0,22,34,-12,56,2021-07-20 14:30:00,501439
Aleksandr Melnikov_1736245928,Aleksandr Melnikov,2,1,41,32,9,73,2021-07-20 14:30:00,501440
A Kozlov_124274,A Kozlov,3,1,34,21,13,55,2021-07-20 14:32:00,501441
V Havlicek_27788,V Havlicek,3,1,33,19,14,52,2021-07-20 14:35:00,501442
Volodymyr Tuchkevych_255360337,Volodymyr Tuchkevych,-1,0,49,50,-1,99,2021-07-20 14:35:00,501443
Dmytro Hrosov_167370,Dmytro Hrosov,-3,0,21,33,-12,54,2021-07-20 14:35:00,501444
Nazarii Danyliuk_2060085351,Nazarii Danyliuk,-2,0,37,44,-7,81,2021-07-20 14:40:00,501445
Serhii Prus_167597,Serhii Prus,3,1,33,16,17,49,2021-07-20 14:40:00,501446
Ihor Emets_167395,Ihor Emets,-1,0,45,49,-4,94,2021-07-20 14:45:00,501447
Dmytro Dubrovin_838543979,Dmytro Dubrovin,1,1,46,42,4,88,2021-07-20 14:45:00,501448
Oleksandr Naida_433688690,Oleksandr Naida,2,1,37,35,2,72,2021-07-20 14:45:00,501449
A Komarov_124276,A Komarov,1,1,48,49,-1,97,2021-07-20 14:45:00,501450
V Zhigalov_124278,V Zhigalov,-1,0,37,48,-11,85,2021-07-20 14:45:00,501451
Dmytro Shukin_1442774644,Dmytro Shukin,-1,0,41,49,-8,90,2021-07-20 14:55:00,501452
Yevhen Samofal_167419,Yevhen Samofal,2,1,42,34,8,76,2021-07-20 14:55:00,501453
Dmitriy Zaporozhets_1779904474,Dmitriy Zaporozhets,1,1,55,48,7,103,2021-07-20 15:00:00,501454
Ondrej Konvalinka_167553,Ondrej Konvalinka,-3,0,23,33,-10,56,2021-07-20 15:00:00,501455
E Kalashnikov_124275,E Kalashnikov,-1,0,42,44,-2,86,2021-07-20 15:00:00,501456
M Svedik_27789,M Svedik,-3,0,17,33,-16,50,2021-07-20 15:00:00,501457
Aleksandr Tulenin_522038627,Aleksandr Tulenin,2,1,39,32,7,71,2021-07-20 15:05:00,501458
Artem Kuzmyn_167371,Artem Kuzmyn,-1,0,54,54,0,108,2021-07-20 15:05:00,501459
Serhii Hilitukha_1865212302,Serhii Hilitukha,-3,0,22,33,-11,55,2021-07-20 15:10:00,501460
A Mohnachev_124277,A Mohnachev,3,1,33,21,12,54,2021-07-20 15:14:00,501461
A Poprocky_124279,A Poprocky,3,1,33,19,14,52,2021-07-20 15:14:00,501462
Vadym Semenenko_167396,Vadym Semenenko,-2,0,31,41,-10,72,2021-07-20 15:15:00,501463
Oleksii Haponov_1787856019,Oleksii Haponov,-3,0,19,33,-14,52,2021-07-20 15:15:00,501464
Vadym Grushko_980674478,Vadym Grushko,3,1,35,28,7,63,2021-07-20 15:20:00,501465
Ivan Pytsko_167432,Ivan Pytsko,1,1,50,44,6,94,2021-07-20 15:20:00,501466
Valentyn Korovychenko_1442015307,Valentyn Korovychenko,2,1,43,34,9,77,2021-07-20 15:20:00,501467
Vadym Reva_167420,Vadym Reva,-2,0,30,42,-12,72,2021-07-20 15:25:00,501468
Maksym Kolos_2050821127,Maksym Kolos,-1,0,45,48,-3,93,2021-07-20 15:30:00,501469
J Pozarsky_27790,J Pozarsky,-3,0,26,33,-7,59,2021-07-20 15:30:00,501470
Jachym Sebl_167554,Jachym Sebl,-2,0,37,46,-9,83,2021-07-20 15:30:00,501471
Pavlo Babenko_167442,Pavlo Babenko,2,1,39,26,13,65,2021-07-20 15:30:00,501472
M Sverdlov_124082,M Sverdlov,-1,0,40,49,-9,89,2021-07-20 15:32:00,501473
Alina Man_167452,Alina Man,1,1,48,47,1,95,2021-07-20 15:35:00,501474
Yevhenii Omitsynskyi_1000027319,Yevhenii Omitsynskyi,1,1,48,47,1,95,2021-07-20 15:35:00,501475
Artem Nesterenko_900379865,Artem Nesterenko,-2,0,34,42,-8,76,2021-07-20 15:40:00,501476
Eduard Populovskyi_167467,Eduard Populovskyi,2,1,40,35,5,75,2021-07-20 15:40:00,501477
D Andreev_124126,D Andreev,-1,0,51,47,4,98,2021-07-20 15:45:00,501478
Sviatoslav Sachuk_167477,Sviatoslav Sachuk,2,1,39,35,4,74,2021-07-20 15:45:00,501479
K Bystrushkin_124042,K Bystrushkin,3,1,33,21,12,54,2021-07-20 15:45:00,501480
Vadim Tokar_1358103585,Vadim Tokar,3,1,33,16,17,49,2021-07-20 15:50:00,501481
Anatolii Dulich_167433,Anatolii Dulich,-1,0,54,54,0,108,2021-07-20 15:50:00,501482
Pavlo Plushch_1470773863,Pavlo Plushch,2,1,42,39,3,81,2021-07-20 15:55:00,501483
Illia Marynkevych_167421,Illia Marynkevych,2,1,40,31,9,71,2021-07-20 15:55:00,501484
J Pozarsky_27835,J Pozarsky,3,1,35,28,7,63,2021-07-20 16:00:00,501485
Igor Shyndel_167443,Igor Shyndel,-1,0,42,46,-4,88,2021-07-20 16:00:00,501486
S Kulikov_124083,S Kulikov,1,1,48,49,-1,97,2021-07-20 16:02:00,501487
Alina Stefaniuk_167453,Alina Stefaniuk,-2,0,34,47,-13,81,2021-07-20 16:05:00,501488
Oleksandr Maselskyi_167468,Oleksandr Maselskyi,1,1,46,35,11,81,2021-07-20 16:10:00,501489
Nikita Korbut_1186866163,Nikita Korbut,1,1,48,48,0,96,2021-07-20 16:10:00,501490
Miroslav Knobloch_167748,Miroslav Knobloch,1,1,54,49,5,103,2021-07-20 16:10:00,501491
D Molodtsov_124043,D Molodtsov,2,1,39,30,9,69,2021-07-20 16:14:00,501492
Oleh Kuzyshyn_167478,Oleh Kuzyshyn,1,1,51,40,11,91,2021-07-20 16:15:00,501493
Andrii Isaiev_672769056,Andrii Isaiev,2,1,41,31,10,72,2021-07-20 16:15:00,501494
A Golyshev_124127,A Golyshev,-3,0,17,33,-16,50,2021-07-20 16:15:00,501495
Ivan Pytsko_167434,Ivan Pytsko,3,1,34,21,13,55,2021-07-20 16:20:00,501496
Vadym Nechyporuk_155380072,Vadym Nechyporuk,1,1,48,43,5,91,2021-07-20 16:20:00,501497
Vitalii Zharskiy_629403632,Vitalii Zharskiy,2,1,46,36,10,82,2021-07-20 16:25:00,501498
Volodymyr Chornobab_167571,Volodymyr Chornobab,2,1,37,30,7,67,2021-07-20 16:25:00,501499
Mykhailo Presniakov_1353934147,Mykhailo Presniakov,1,1,49,40,9,89,2021-07-20 16:30:00,501500
Pavlo Babenko_167444,Pavlo Babenko,-2,0,38,41,-3,79,2021-07-20 16:30:00,501501
V Havlicek_27836,V Havlicek,-3,0,27,34,-7,61,2021-07-20 16:30:00,501502
Vitalii Lievshin_1279733035,Vitalii Lievshin,-2,0,36,45,-9,81,2021-07-20 16:35:00,501503
Viktoriia Husieva_167454,Viktoriia Husieva,3,1,33,21,12,54,2021-07-20 16:35:00,501504
E Anisimov_124084,E Anisimov,-3,0,18,33,-15,51,2021-07-20 16:36:00,501505
Dmytro Yaremchuk_184354551,Dmytro Yaremchuk,-2,0,31,41,-10,72,2021-07-20 16:40:00,501506
Eduard Populovskyi_167469,Eduard Populovskyi,-3,0,20,33,-13,53,2021-07-20 16:40:00,501507
Martin Prusa_167749,Martin Prusa,1,1,44,43,1,87,2021-07-20 16:40:00,501508
A Trushkin_124128,A Trushkin,1,1,57,53,4,110,2021-07-20 16:44:00,501509
Yevhenii Omitsynskyi_1189026381,Yevhenii Omitsynskyi,-1,0,41,50,-9,91,2021-07-20 16:45:00,501510
Nazar Kasianyk_167479,Nazar Kasianyk,-1,0,47,46,1,93,2021-07-20 16:45:00,501511
A Uvarov_124044,A Uvarov,-3,0,28,35,-7,63,2021-07-20 16:46:00,501512
Artem Nesterenko_245037097,Artem Nesterenko,1,1,51,49,2,100,2021-07-20 16:50:00,501513
Oleksandr Kalynevych_167435,Oleksandr Kalynevych,2,1,37,32,5,69,2021-07-20 16:50:00,501514
Andrii Kotik_1793660481,Andrii Kotik,-2,0,41,48,-7,89,2021-07-20 16:55:00,501515
Serhii Tkachev_167572,Serhii Tkachev,2,1,43,35,8,78,2021-07-20 16:55:00,501516
Nikita Vilenchyts_167445,Nikita Vilenchyts,3,1,33,15,18,48,2021-07-20 17:00:00,501517
Vaclav Jr Hejda_167555,Vaclav Jr Hejda,1,1,52,47,5,99,2021-07-20 17:00:00,501518
Vadim Tokar_520796545,Vadim Tokar,3,1,33,15,18,48,2021-07-20 17:00:00,501519
A Barton_27791,A Barton,-2,0,36,39,-3,75,2021-07-20 17:01:00,501520
V Staroverov_124085,V Staroverov,2,1,40,29,11,69,2021-07-20 17:01:00,501521
Pavlo Plushch_871811502,Pavlo Plushch,3,1,33,22,11,55,2021-07-20 17:05:00,501522
Alina Stefaniuk_167455,Alina Stefaniuk,2,1,43,37,6,80,2021-07-20 17:05:00,501523
Vitalii Lievshin_1153897573,Vitalii Lievshin,-1,0,44,55,-11,99,2021-07-20 17:10:00,501524
Viktor Dushak_167470,Viktor Dushak,2,1,45,41,4,86,2021-07-20 17:10:00,501525
Bohdan Kohut_1394044068,Bohdan Kohut,3,1,33,22,11,55,2021-07-20 17:15:00,501526
Oleh Kuzyshyn_167480,Oleh Kuzyshyn,-3,0,22,33,-11,55,2021-07-20 17:15:00,501527
A Lisov_124129,A Lisov,1,1,53,53,0,106,2021-07-20 17:16:00,501528
S Burov_124045,S Burov,2,1,46,35,11,81,2021-07-20 17:16:00,501529
Anatolii Dulich_167436,Anatolii Dulich,-2,0,34,40,-6,74,2021-07-20 17:20:00,501530
Nikita Korbut_1283336768,Nikita Korbut,-1,0,47,48,-1,95,2021-07-20 17:20:00,501531
Andrii Isaiev_1532746211,Andrii Isaiev,-3,0,23,36,-13,59,2021-07-20 17:25:00,501532
Serhii Chelpanov_167573,Serhii Chelpanov,-3,0,18,33,-15,51,2021-07-20 17:25:00,501533
Vadym Nechyporuk_2060104961,Vadym Nechyporuk,-2,0,29,42,-13,71,2021-07-20 17:30:00,501534
R Rose_27792,R Rose,-2,0,32,38,-6,70,2021-07-20 17:30:00,501535
Igor Shyndel_167446,Igor Shyndel,-3,0,18,33,-15,51,2021-07-20 17:30:00,501536
Marek Nemec_167556,Marek Nemec,-1,0,45,53,-8,98,2021-07-20 17:30:00,501537
E Anisimov_124086,E Anisimov,3,1,33,15,18,48,2021-07-20 17:31:00,501538
Alina Man_167456,Alina Man,3,1,33,22,11,55,2021-07-20 17:35:00,501539
Vitalii Zharskiy_2002658693,Vitalii Zharskiy,2,1,42,40,2,82,2021-07-20 17:35:00,501540
Serhii Pokidko_1475047294,Serhii Pokidko,-2,0,36,41,-5,77,2021-07-20 17:40:00,501541
Oleksandr Maselskyi_167471,Oleksandr Maselskyi,-1,0,50,49,1,99,2021-07-20 17:40:00,501542
A Trushkin_124130,A Trushkin,2,1,39,35,4,74,2021-07-20 17:45:00,501543
A Uvarov_124046,A Uvarov,-3,0,21,33,-12,54,2021-07-20 17:45:00,501544
Dmytro Yaremchuk_126173771,Dmytro Yaremchuk,-2,0,31,41,-10,72,2021-07-20 17:45:00,501545
Sviatoslav Sachuk_167481,Sviatoslav Sachuk,-3,0,31,37,-6,68,2021-07-20 17:45:00,501546
Vitalii Lievshin_1992201477,Vitalii Lievshin,-2,0,31,40,-9,71,2021-07-20 17:50:00,501547
Ivan Pytsko_167437,Ivan Pytsko,2,1,44,37,7,81,2021-07-20 17:50:00,501548
Serhii Tkachev_167574,Serhii Tkachev,-2,0,38,44,-6,82,2021-07-20 17:55:00,501549
Yevhenii Omitsynskyi_363632458,Yevhenii Omitsynskyi,3,1,33,10,23,43,2021-07-20 17:55:00,501550
D Salomon_27793,D Salomon,-1,0,45,51,-6,96,2021-07-20 18:00:00,501551
Pavlo Babenko_167447,Pavlo Babenko,1,1,56,52,4,108,2021-07-20 18:00:00,501552
S Kulikov_124087,S Kulikov,-1,0,43,49,-6,92,2021-07-20 18:00:00,501553
Artem Nesterenko_538898687,Artem Nesterenko,-3,0,23,33,-10,56,2021-07-20 18:00:00,501554
Marek Nemec_167557,Marek Nemec,3,1,33,25,8,58,2021-07-20 18:00:00,501555
Andrii Kotik_335904535,Andrii Kotik,-3,0,19,33,-14,52,2021-07-20 18:05:00,501556
Iryna Hrushko_167457,Iryna Hrushko,-1,0,44,50,-6,94,2021-07-20 18:05:00,501557
Eduard Populovskyi_167472,Eduard Populovskyi,2,1,43,37,6,80,2021-07-20 18:10:00,501558
Vadim Tokar_1815403534,Vadim Tokar,2,1,46,39,7,85,2021-07-20 18:10:00,501559
Mykhailo Presniakov_470885820,Mykhailo Presniakov,1,1,48,46,2,94,2021-07-20 18:15:00,501560
Ivan Udovenko_167482,Ivan Udovenko,1,1,49,46,3,95,2021-07-20 18:15:00,501561
A Golyshev_124131,A Golyshev,-2,0,34,43,-9,77,2021-07-20 18:15:00,501562
D Molodtsov_124047,D Molodtsov,2,1,43,25,18,68,2021-07-20 18:15:00,501563
Bohdan Kohut_1425136685,Bohdan Kohut,2,1,37,37,0,74,2021-07-20 18:20:00,501564
Anatolii Dulich_167438,Anatolii Dulich,-1,0,44,41,3,85,2021-07-20 18:20:00,501565
Volodymyr Chornobab_167575,Volodymyr Chornobab,2,1,43,29,14,72,2021-07-20 18:25:00,501566
Dmytro Yaremchuk_1253245118,Dmytro Yaremchuk,-3,0,19,33,-14,52,2021-07-20 18:25:00,501567
Vaclav Jr Hejda_167558,Vaclav Jr Hejda,-3,0,27,37,-10,64,2021-07-20 18:30:00,501568
Roman Shtukovanyi_1290748979,Roman Shtukovanyi,3,1,33,19,14,52,2021-07-20 18:30:00,501569
Igor Shyndel_167448,Igor Shyndel,-2,0,35,36,-1,71,2021-07-20 18:30:00,501570
T Zahradnik_27794,T Zahradnik,3,1,33,22,11,55,2021-07-20 18:31:00,501571
Dmytro Belanchyk_1696092906,Dmytro Belanchyk,1,1,55,53,2,108,2021-07-20 18:35:00,501572
Viktoriia Husieva_167458,Viktoriia Husieva,2,1,45,33,12,78,2021-07-20 18:35:00,501573
Vadym Nechyporuk_2125375318,Vadym Nechyporuk,-2,0,34,39,-5,73,2021-07-20 18:40:00,501574
Oleksandr Maselskyi_167473,Oleksandr Maselskyi,1,1,53,43,10,96,2021-07-20 18:40:00,501575
E Anisimov_124284,E Anisimov,3,1,36,28,8,64,2021-07-20 18:42:00,501576
Andrii Zeniuk_392627091,Andrii Zeniuk,-3,0,25,35,-10,60,2021-07-20 18:45:00,501577
A Uvarov_124282,A Uvarov,2,1,45,40,5,85,2021-07-20 18:45:00,501578
A Golyshev_124280,A Golyshev,-1,0,51,56,-5,107,2021-07-20 18:45:00,501579
Nazar Kasianyk_167483,Nazar Kasianyk,2,1,44,33,11,77,2021-07-20 18:45:00,501580
Oleksandr Kalynevych_167439,Oleksandr Kalynevych,-2,0,37,42,-5,79,2021-07-20 18:50:00,501581
Pavlo Plushch_1797717065,Pavlo Plushch,-2,0,34,41,-7,75,2021-07-20 18:50:00,501582
Oleksandr Mishchenko_167576,Oleksandr Mishchenko,-3,0,14,33,-19,47,2021-07-20 18:55:00,501583
Ivan Mai_328638629,Ivan Mai,-2,0,33,40,-7,73,2021-07-20 18:55:00,501584
Vitalii Lievshin_193078102,Vitalii Lievshin,3,1,34,25,9,59,2021-07-20 19:00:00,501585
Milan Liptak_167559,Milan Liptak,3,1,35,26,9,61,2021-07-20 19:00:00,501586
Nikita Vilenchyts_167449,Nikita Vilenchyts,-3,0,29,38,-9,67,2021-07-20 19:00:00,501587
V Staroverov_124285,V Staroverov,2,1,42,30,12,72,2021-07-20 19:03:00,501588
D Salomon_27795,D Salomon,-1,0,46,55,-9,101,2021-07-20 19:04:00,501589
Nikita Korbut_1745995362,Nikita Korbut,3,1,35,28,7,63,2021-07-20 19:05:00,501590
Alina Stefaniuk_167459,Alina Stefaniuk,-1,0,44,43,1,87,2021-07-20 19:05:00,501591
Viktor Dushak_167474,Viktor Dushak,-2,0,38,45,-7,83,2021-07-20 19:10:00,501592
Andrii Isaiev_371226690,Andrii Isaiev,1,1,48,41,7,89,2021-07-20 19:10:00,501593
A Lisov_124281,A Lisov,-2,0,31,41,-10,72,2021-07-20 19:14:00,501594
D Molodtsov_124283,D Molodtsov,1,1,46,44,2,90,2021-07-20 19:15:00,501595
Dmytro Vakhta_416165787,Dmytro Vakhta,1,1,50,49,1,99,2021-07-20 19:15:00,501596
Oleh Kuzyshyn_167484,Oleh Kuzyshyn,-1,0,51,53,-2,104,2021-07-20 19:15:00,501597
Rodion Kapinus_167502,Rodion Kapinus,1,1,50,53,-3,103,2021-07-20 19:20:00,501598
Maksym Mykhailovych_964091477,Maksym Mykhailovych,-3,0,13,33,-20,46,2021-07-20 19:20:00,501599
Ivan Pytsko_167440,Ivan Pytsko,2,1,43,36,7,79,2021-07-20 19:20:00,501600
Serhii Pokidko_1169962281,Serhii Pokidko,2,1,41,31,10,72,2021-07-20 19:25:00,501601
Serhii Chelpanov_167577,Serhii Chelpanov,-2,0,30,44,-14,74,2021-07-20 19:25:00,501602
Vaclav Jr Hejda_167560,Vaclav Jr Hejda,-3,0,26,36,-10,62,2021-07-20 19:30:00,501603
Vitalii Lievshin_1867047877,Vitalii Lievshin,3,1,33,15,18,48,2021-07-20 19:30:00,501604
Pavlo Babenko_167450,Pavlo Babenko,-1,0,50,52,-2,102,2021-07-20 19:30:00,501605
Alina Man_167460,Alina Man,-3,0,28,36,-8,64,2021-07-20 19:35:00,501606
Oleksandr Tuzhylin_130889924,Oleksandr Tuzhylin,-2,0,36,41,-5,77,2021-07-20 19:35:00,501607
D Tikhnenko_124088,D Tikhnenko,3,1,35,22,13,57,2021-07-20 19:36:00,501608
R Rose_27796,R Rose,-2,0,32,40,-8,72,2021-07-20 19:39:00,501609
Eduard Populovskyi_167475,Eduard Populovskyi,2,1,45,36,9,81,2021-07-20 19:40:00,501610
Yevhenii Omitsynskyi_2062945570,Yevhenii Omitsynskyi,2,1,38,30,8,68,2021-07-20 19:40:00,501611
Artem Nesterenko_32236411,Artem Nesterenko,1,1,50,45,5,95,2021-07-20 19:45:00,501612
A Shirshov_124132,A Shirshov,3,1,33,24,9,57,2021-07-20 19:45:00,501613
Sviatoslav Sachuk_167485,Sviatoslav Sachuk,1,1,44,45,-1,89,2021-07-20 19:45:00,501614
D Petrochenko_124048,D Petrochenko,-1,0,43,45,-2,88,2021-07-20 19:50:00,501615
Viacheslav Isakov_167503,Viacheslav Isakov,-2,0,36,40,-4,76,2021-07-20 19:50:00,501616
Serhii Ponomarov_167441,Serhii Ponomarov,-2,0,36,42,-6,78,2021-07-20 19:50:00,501617
Andrii Kotik_997024304,Andrii Kotik,-2,0,32,39,-7,71,2021-07-20 19:50:00,501618
Vadim Tokar_1564770904,Vadim Tokar,3,1,33,17,16,50,2021-07-20 19:55:00,501619
Serhii Tkachev_167578,Serhii Tkachev,2,1,42,30,12,72,2021-07-20 19:55:00,501620
Jan Vasek_167849,Jan Vasek,-2,0,34,45,-11,79,2021-07-20 20:00:00,501621
Yevhen Kotov_167451,Yevhen Kotov,2,1,42,35,7,77,2021-07-20 20:00:00,501622
Mykhailo Presniakov_779044385,Mykhailo Presniakov,-3,0,23,33,-10,56,2021-07-20 20:00:00,501623
A Alekseyev_124089,A Alekseyev,1,1,50,47,3,97,2021-07-20 20:00:00,501624
Iryna Hrushko_167461,Iryna Hrushko,-3,0,15,33,-18,48,2021-07-20 20:05:00,501625
Denis Kebalo_693241371,Denis Kebalo,3,1,33,19,14,52,2021-07-20 20:05:00,501626
R Rose_27838,R Rose,3,1,37,27,10,64,2021-07-20 20:08:00,501627
Oleksandr Bondarchuk_2036180473,Oleksandr Bondarchuk,3,1,35,25,10,60,2021-07-20 20:10:00,501628
Oleksandr Mytsyk_167476,Oleksandr Mytsyk,3,1,33,24,9,57,2021-07-20 20:10:00,501629
M Cheklin_124133,M Cheklin,3,1,33,18,15,51,2021-07-20 20:14:00,501630
Nikita Korbut_250146630,Nikita Korbut,-1,0,44,49,-5,93,2021-07-20 20:15:00,501631
Ivan Udovenko_167486,Ivan Udovenko,-3,0,24,36,-12,60,2021-07-20 20:15:00,501632
A Klavdenkov_124049,A Klavdenkov,2,1,41,34,7,75,2021-07-20 20:15:00,501633
Andrii Isaiev_94775506,Andrii Isaiev,3,1,33,11,22,44,2021-07-20 20:20:00,501634
Rodion Kapinus_167504,Rodion Kapinus,2,1,41,36,5,77,2021-07-20 20:20:00,501635
Vadym Nechyporuk_820606333,Vadym Nechyporuk,2,1,46,42,4,88,2021-07-20 20:25:00,501636
Volodymyr Chornobab_167579,Volodymyr Chornobab,2,1,45,37,8,82,2021-07-20 20:25:00,501637
Serhii Ponomarov_167851,Serhii Ponomarov,-2,0,33,42,-9,75,2021-07-20 20:25:00,501638
Maksym Mykhailovych_2020638118,Maksym Mykhailovych,1,1,46,41,5,87,2021-07-20 20:30:00,501639
Milan Liptak_167850,Milan Liptak,-2,0,30,42,-12,72,2021-07-20 20:30:00,501640
A Barton_27837,A Barton,-3,0,25,34,-9,59,2021-07-20 20:30:00,501641
G Bardyshev_124090,G Bardyshev,-2,0,34,44,-10,78,2021-07-20 20:34:00,501642
Dmytro Derevinskyi_863728692,Dmytro Derevinskyi,2,1,44,34,10,78,2021-07-20 20:35:00,501643
Viktoriia Husieva_167462,Viktoriia Husieva,1,1,44,45,-1,89,2021-07-20 20:35:00,501644
Yevhen Kotov_167853,Yevhen Kotov,-2,0,33,44,-11,77,2021-07-20 20:40:00,501645
Viktor Dushak_167855,Viktor Dushak,3,1,35,24,11,59,2021-07-20 20:40:00,501646
Andriy Chermenskyi_229439562,Andriy Chermenskyi,-1,0,47,54,-7,101,2021-07-20 20:40:00,501647
M Pronkin_124134,M Pronkin,-3,0,21,33,-12,54,2021-07-20 20:45:00,501648
Nazar Kasianyk_167487,Nazar Kasianyk,-1,0,47,51,-4,98,2021-07-20 20:45:00,501649
Denis Kebalo_382621531,Denis Kebalo,2,1,38,33,5,71,2021-07-20 20:45:00,501650
I Soldatov_124050,I Soldatov,-2,0,37,44,-7,81,2021-07-20 20:48:00,501651
Ivan Fedoryshyn_167505,Ivan Fedoryshyn,-2,0,41,46,-5,87,2021-07-20 20:50:00,501652
Yevhenii Omitsynskyi_547864728,Yevhenii Omitsynskyi,-3,0,21,33,-12,54,2021-07-20 20:50:00,501653
Yaroslav Tebenko_167852,Yaroslav Tebenko,-3,0,15,33,-18,48,2021-07-20 20:55:00,501654
Artem Nesterenko_5971529,Artem Nesterenko,-2,0,37,50,-13,87,2021-07-20 20:55:00,501655
Oleksandr Mishchenko_167580,Oleksandr Mishchenko,-2,0,33,45,-12,78,2021-07-20 20:55:00,501656
Tomas Vorisek_167543,Tomas Vorisek,2,1,42,33,9,75,2021-07-20 21:00:00,501657
Jo Kutifel_27797,Jo Kutifel,-3,0,22,33,-11,55,2021-07-20 21:00:00,501658
Andrii Kotik_1629534355,Andrii Kotik,3,1,34,22,12,56,2021-07-20 21:00:00,501659
M Dukhin_124091,M Dukhin,2,1,43,39,4,82,2021-07-20 21:00:00,501660
Alina Man_167463,Alina Man,3,1,33,17,16,50,2021-07-20 21:05:00,501661
Vadim Tokar_1492488620,Vadim Tokar,3,1,33,19,14,52,2021-07-20 21:05:00,501662
Pavlo Plushch_2101706598,Pavlo Plushch,3,1,33,21,12,54,2021-07-20 21:10:00,501663
Andrei Huchok_167856,Andrei Huchok,2,1,40,39,1,79,2021-07-20 21:10:00,501664
Oleksii Hrymovskyi_167854,Oleksii Hrymovskyi,1,1,52,43,9,95,2021-07-20 21:10:00,501665
Andriy Chermenskyi_17035581,Andriy Chermenskyi,-3,0,21,33,-12,54,2021-07-20 21:15:00,501666
Sviatoslav Sachuk_167488,Sviatoslav Sachuk,1,1,48,41,7,89,2021-07-20 21:15:00,501667
E Kupryakov_124135,E Kupryakov,1,1,47,46,1,93,2021-07-20 21:15:00,501668
B Grebenyuk_124051,B Grebenyuk,-1,0,49,48,1,97,2021-07-20 21:17:00,501669
Denis Kebalo_15291315,Denis Kebalo,2,1,38,31,7,69,2021-07-20 21:20:00,501670
Viacheslav Isakov_167506,Viacheslav Isakov,-1,0,48,49,-1,97,2021-07-20 21:20:00,501671
Nikita Korbut_929697721,Nikita Korbut,-1,0,47,48,-1,95,2021-07-20 21:25:00,501672
M Huk_27798,M Huk,-2,0,30,42,-12,72,2021-07-20 21:30:00,501673
Andrii Isaiev_225114111,Andrii Isaiev,2,1,37,35,2,72,2021-07-20 21:30:00,501674
Martin Stusek_167544,Martin Stusek,2,1,35,32,3,67,2021-07-20 21:30:00,501675
G Bardyshev_124092,G Bardyshev,-2,0,30,39,-9,69,2021-07-20 21:31:00,501676
Yevheniia Severyna_167464,Yevheniia Severyna,1,1,59,58,1,117,2021-07-20 21:35:00,501677
Vadym Nechyporuk_1868286802,Vadym Nechyporuk,2,1,42,32,10,74,2021-07-20 21:35:00,501678
Maksym Mykhailovych_1013610824,Maksym Mykhailovych,1,1,44,41,3,85,2021-07-20 21:40:00,501679
Serhii Pokidko_358524947,Serhii Pokidko,2,1,41,31,10,72,2021-07-20 21:45:00,501680
M Pronkin_124136,M Pronkin,-2,0,32,34,-2,66,2021-07-20 21:45:00,501681
Egor Kovpak_167489,Egor Kovpak,2,1,46,41,5,87,2021-07-20 21:45:00,501682
I Soldatov_124052,I Soldatov,-3,0,20,35,-15,55,2021-07-20 21:47:00,501683
Rodion Kapinus_167507,Rodion Kapinus,3,1,33,22,11,55,2021-07-20 21:50:00,501684
Denis Kebalo_1733155386,Denis Kebalo,3,1,33,19,14,52,2021-07-20 21:50:00,501685
Oleksandr Bondarchuk_114716091,Oleksandr Bondarchuk,2,1,41,35,6,76,2021-07-20 21:55:00,501686
Volodymyr Chornobab_167582,Volodymyr Chornobab,3,1,37,31,6,68,2021-07-20 21:55:00,501687
Roman Shtukovanyi_238859357,Roman Shtukovanyi,-1,0,43,45,-2,88,2021-07-20 22:00:00,501688
A Alekseyev_124093,A Alekseyev,2,1,36,34,2,70,2021-07-20 22:00:00,501689
Martin Stusek_167545,Martin Stusek,2,1,35,33,2,68,2021-07-20 22:00:00,501690
E Mares_27799,E Mares,-2,0,23,37,-14,60,2021-07-20 22:00:00,501691
Dmytro Belanchyk_30906130,Dmytro Belanchyk,1,1,49,48,1,97,2021-07-20 22:05:00,501692
Alina Man_167465,Alina Man,3,1,36,28,8,64,2021-07-20 22:05:00,501693
Andrii Kotik_2033208490,Andrii Kotik,-3,0,29,37,-8,66,2021-07-20 22:10:00,501694
Sviatoslav Sachuk_167490,Sviatoslav Sachuk,2,1,48,36,12,84,2021-07-20 22:15:00,501695
Vitalii Zharskiy_739674614,Vitalii Zharskiy,2,1,44,33,11,77,2021-07-20 22:15:00,501696
M Cheklin_124137,M Cheklin,1,1,50,39,11,89,2021-07-20 22:15:00,501697
A Klavdenkov_124053,A Klavdenkov,1,1,49,47,2,96,2021-07-20 22:17:00,501698
Dmytro Derevinskyi_69907019,Dmytro Derevinskyi,1,1,48,44,4,92,2021-07-20 22:20:00,501699
Viacheslav Isakov_167508,Viacheslav Isakov,2,1,40,39,1,79,2021-07-20 22:20:00,501700
Andriy Chermenskyi_968825525,Andriy Chermenskyi,1,1,39,40,-1,79,2021-07-20 22:25:00,501701
Artem Chepurnyi_167583,Artem Chepurnyi,-2,0,27,43,-16,70,2021-07-20 22:25:00,501702
G Bardyshev_124286,G Bardyshev,1,1,45,40,5,85,2021-07-20 22:30:00,501703
Tomas Vorisek_167546,Tomas Vorisek,-2,0,37,43,-6,80,2021-07-20 22:30:00,501704
Denis Kebalo_2043665305,Denis Kebalo,2,1,44,31,13,75,2021-07-20 22:30:00,501705
D Brumlich_27800,D Brumlich,-1,0,49,49,0,98,2021-07-20 22:30:00,501706
Alina Stefaniuk_167466,Alina Stefaniuk,1,1,48,43,5,91,2021-07-20 22:35:00,501707
Nazarii Hrytsyienko_474302182,Nazarii Hrytsyienko,-3,0,23,33,-10,56,2021-07-20 22:45:00,501708
Oleh Kuzyshyn_167491,Oleh Kuzyshyn,-2,0,28,42,-14,70,2021-07-20 22:45:00,501709
Ivan Fedoryshyn_167509,Ivan Fedoryshyn,1,1,47,42,5,89,2021-07-20 22:50:00,501710
I Soldatov_124288,I Soldatov,-3,0,28,37,-9,65,2021-07-20 22:51:00,501711
Volodymyr Chornobab_167584,Volodymyr Chornobab,3,1,33,15,18,48,2021-07-20 22:55:00,501712
M Pronkin_124290,M Pronkin,1,1,61,56,5,117,2021-07-20 22:55:00,501713
Andriy Chermenskyi_2126926253,Andriy Chermenskyi,-3,0,17,33,-16,50,2021-07-20 23:00:00,501714
David Prusa_167547,David Prusa,2,1,42,36,6,78,2021-07-20 23:00:00,501715
A Alekseyev_124287,A Alekseyev,1,1,43,45,-2,88,2021-07-20 23:00:00,501716
E Mares_27801,E Mares,-2,0,33,41,-8,74,2021-07-20 23:01:00,501717
Denis Kebalo_1006415294,Denis Kebalo,2,1,38,25,13,63,2021-07-20 23:05:00,501718
B Grebenyuk_124289,B Grebenyuk,-1,0,46,52,-6,98,2021-07-20 23:17:00,501719
Rodion Kapinus_167510,Rodion Kapinus,-3,0,25,34,-9,59,2021-07-20 23:20:00,501720
O Shagarov_124094,O Shagarov,2,1,45,35,10,80,2021-07-20 23:30:00,501721
Tomas Vorisek_167548,Tomas Vorisek,2,1,41,33,8,74,2021-07-20 23:30:00,501722
M Huk_27802,M Huk,-2,0,23,41,-18,64,2021-07-20 23:30:00,501723
M Cheklin_124291,M Cheklin,-3,0,15,33,-18,48,2021-07-20 23:31:00,501724
Andrey Movin_1443885203,Andrey Movin,-2,0,34,35,-1,69,2021-07-20 23:35:00,501725
Oleksandr Medvedyev_1491361533,Oleksandr Medvedyev,-3,0,27,37,-10,64,2021-07-20 23:45:00,501726
S Martyukhin_124144,S Martyukhin,-1,0,39,50,-11,89,2021-07-20 23:49:00,501727
Artem Yurkov_167511,Artem Yurkov,1,1,51,43,8,94,2021-07-20 23:50:00,501728
O Kutuzov_124054,O Kutuzov,1,1,52,40,12,92,2021-07-20 23:53:00,501729
K Churin_124095,K Churin,-3,0,15,33,-18,48,2021-07-21 00:00:00,501730
M Huk_27839,M Huk,3,1,35,27,8,62,2021-07-21 00:00:00,501731
Andrii Chupovskyi_2035992923,Andrii Chupovskyi,3,1,33,17,16,50,2021-07-21 00:05:00,501732
Jan Zaloudik_167857,Jan Zaloudik,3,1,33,23,10,56,2021-07-21 00:10:00,501733
Ihor Matsehora_1411392236,Ihor Matsehora,1,1,48,38,10,86,2021-07-21 00:15:00,501734
A Girevenkov_124145,A Girevenkov,1,1,45,45,0,90,2021-07-21 00:20:00,501735
Pavlo Khakhamidi_167512,Pavlo Khakhamidi,-3,0,24,35,-11,59,2021-07-21 00:25:00,501736
V Shirshov_124055,V Shirshov,1,1,52,47,5,99,2021-07-21 00:25:00,501737
Jo Kutifel_27840,Jo Kutifel,-2,0,40,45,-5,85,2021-07-21 00:30:00,501738
N Sukharnikov_124096,N Sukharnikov,-3,0,18,35,-17,53,2021-07-21 00:30:00,501739
Ivan Fedoryshyn_167859,Ivan Fedoryshyn,-1,0,47,53,-6,100,2021-07-21 00:30:00,501740
Andrey Movin_190216522,Andrey Movin,1,1,46,48,-2,94,2021-07-21 00:35:00,501741
David Prusa_167858,David Prusa,2,1,42,33,9,75,2021-07-21 00:40:00,501742
Oleksandr Medvedyev_825199834,Oleksandr Medvedyev,-1,0,46,50,-4,96,2021-07-21 00:45:00,501743
P Semeshin_124146,P Semeshin,-1,0,46,51,-5,97,2021-07-21 00:53:00,501744
Serhii Sokolov_167513,Serhii Sokolov,-2,0,31,36,-5,67,2021-07-21 00:55:00,501745
I Ramensky_124056,I Ramensky,1,1,57,47,10,104,2021-07-21 00:57:00,501746
A Aslanyan_124097,A Aslanyan,3,1,33,12,21,45,2021-07-21 01:00:00,501747
Artem Yurkov_167860,Artem Yurkov,-1,0,47,48,-1,95,2021-07-21 01:00:00,501748
Nodar Kukava_1387472237,Nodar Kukava,-2,0,38,45,-7,83,2021-07-21 01:05:00,501749
Viktor Bosak_259960360,Viktor Bosak,-1,0,45,49,-4,94,2021-07-21 01:15:00,501750
Vitalii Kyilo_167514,Vitalii Kyilo,2,1,41,35,6,76,2021-07-21 01:25:00,501751
E Kalashnikov_124147,E Kalashnikov,-2,0,36,44,-8,80,2021-07-21 01:27:00,501752
K Churin_124098,K Churin,-1,0,40,43,-3,83,2021-07-21 01:31:00,501753
Andrii Chupovskyi_770477444,Andrii Chupovskyi,-2,0,34,43,-9,77,2021-07-21 01:35:00,501754
S Myagkov_124057,S Myagkov,-2,0,34,42,-8,76,2021-07-21 01:36:00,501755
Ihor Matsehora_1120692533,Ihor Matsehora,-3,0,17,33,-16,50,2021-07-21 01:45:00,501756
A Girevenkov_124148,A Girevenkov,-3,0,15,33,-18,48,2021-07-21 01:49:00,501757
Serhii Sokolov_167515,Serhii Sokolov,3,1,33,26,7,59,2021-07-21 01:55:00,501758
A Aslanyan_124099,A Aslanyan,-2,0,36,40,-4,76,2021-07-21 02:00:00,501759
V Shirshov_124058,V Shirshov,-2,0,37,39,-2,76,2021-07-21 02:01:00,501760
Andrey Movin_2079038774,Andrey Movin,-3,0,15,33,-18,48,2021-07-21 02:05:00,501761
E Kalashnikov_124149,E Kalashnikov,-2,0,36,43,-7,79,2021-07-21 02:14:00,501762
Oleksandr Medvedyev_1929882414,Oleksandr Medvedyev,1,1,42,47,-5,89,2021-07-21 02:15:00,501763
Pavlo Khakhamidi_167516,Pavlo Khakhamidi,2,1,37,32,5,69,2021-07-21 02:25:00,501764
S Myagkov_124059,S Myagkov,2,1,38,31,7,69,2021-07-21 02:25:00,501765
D Korneev_124100,D Korneev,-3,0,25,34,-9,59,2021-07-21 02:30:00,501766
Nodar Kukava_1164933282,Nodar Kukava,3,1,33,19,14,52,2021-07-21 02:35:00,501767
Yu Merkushin_124150,Yu Merkushin,2,1,45,33,12,78,2021-07-21 02:44:00,501768
Viktor Bosak_1751501391,Viktor Bosak,3,1,33,24,9,57,2021-07-21 02:45:00,501769
A Vlasov_124060,A Vlasov,-2,0,38,45,-7,83,2021-07-21 02:51:00,501770
Hryhorii Kulishov_167517,Hryhorii Kulishov,1,1,50,44,6,94,2021-07-21 02:55:00,501771
N Sukharnikov_124101,N Sukharnikov,-3,0,27,36,-9,63,2021-07-21 03:01:00,501772
Andrii Chupovskyi_2090533596,Andrii Chupovskyi,1,1,42,43,-1,85,2021-07-21 03:05:00,501773
P Semeshin_124151,P Semeshin,3,1,33,23,10,56,2021-07-21 03:15:00,501774
Ihor Matsehora_1120058049,Ihor Matsehora,-2,0,34,44,-10,78,2021-07-21 03:15:00,501775
I Ramensky_124061,I Ramensky,-3,0,23,33,-10,56,2021-07-21 03:23:00,501776
Vitalii Kyilo_167518,Vitalii Kyilo,-3,0,31,37,-6,68,2021-07-21 03:25:00,501777
O Shagarov_124102,O Shagarov,2,1,45,40,5,85,2021-07-21 03:32:00,501778
Anton Maslov_1858619373,Anton Maslov,-1,0,44,44,0,88,2021-07-21 03:35:00,501779
Roman Vashchuk_1250858204,Roman Vashchuk,3,1,38,28,10,66,2021-07-21 03:45:00,501780
O Kutuzov_124062,O Kutuzov,-3,0,24,33,-9,57,2021-07-21 03:45:00,501781
S Martyukhin_124152,S Martyukhin,3,1,33,21,12,54,2021-07-21 03:47:00,501782
Serhii Sokolov_167519,Serhii Sokolov,-3,0,13,33,-20,46,2021-07-21 03:55:00,501783
D Korneev_124103,D Korneev,-1,0,51,59,-8,110,2021-07-21 04:01:00,501784
Andrey Movin_1862541867,Andrey Movin,-2,0,28,44,-16,72,2021-07-21 04:05:00,501785
Oleksandr Medvedyev_582482327,Oleksandr Medvedyev,-2,0,32,46,-14,78,2021-07-21 04:15:00,501786
Yu Merkushin_124153,Yu Merkushin,-1,0,48,55,-7,103,2021-07-21 04:17:00,501787
A Vlasov_124063,A Vlasov,-2,0,27,42,-15,69,2021-07-21 04:17:00,501788
Pavlo Khakhamidi_167520,Pavlo Khakhamidi,3,1,33,25,8,58,2021-07-21 04:25:00,501789
Yuriy Tarasov_713295930,Yuriy Tarasov,1,1,52,34,18,86,2021-07-21 04:35:00,501790
K Churin_124292,K Churin,2,1,41,24,17,65,2021-07-21 04:43:00,501791
Oleksandr Medvedyev_2117133510,Oleksandr Medvedyev,-2,0,33,43,-10,76,2021-07-21 04:45:00,501792
A Vlasov_124294,A Vlasov,-2,0,36,42,-6,78,2021-07-21 04:47:00,501793
A Girevenkov_124296,A Girevenkov,2,1,43,37,6,80,2021-07-21 04:55:00,501794
Hryhorii Kulishov_167521,Hryhorii Kulishov,-1,0,50,47,3,97,2021-07-21 04:55:00,501795
Nodar Kukava_1101593088,Nodar Kukava,2,1,41,36,5,77,2021-07-21 05:05:00,501796
A Aslanyan_124293,A Aslanyan,-3,0,32,39,-7,71,2021-07-21 05:07:00,501797
Igor Demchuk_801204061,Igor Demchuk,-2,0,29,40,-11,69,2021-07-21 05:15:00,501798
I Ramensky_124295,I Ramensky,2,1,39,29,10,68,2021-07-21 05:16:00,501799
S Martyukhin_124297,S Martyukhin,2,1,49,42,7,91,2021-07-21 05:18:00,501800
Vitalii Kyilo_167522,Vitalii Kyilo,1,1,47,38,9,85,2021-07-21 05:25:00,501801
Pavlo Khakhamidi_167523,Pavlo Khakhamidi,-1,0,48,50,-2,98,2021-07-21 05:55:00,501802
Borys Kostiuk_167524,Borys Kostiuk,2,1,44,33,11,77,2021-07-21 06:25:00,501803
Pavlo Khakhamidi_167525,Pavlo Khakhamidi,3,1,34,28,6,62,2021-07-21 06:55:00,501804
Serhii Sokolov_167526,Serhii Sokolov,2,1,40,27,13,67,2021-07-21 07:25:00,501805
G Karpovkin_124206,G Karpovkin,1,1,50,36,14,86,2021-07-21 07:30:00,501806
A Savinskiy_124168,A Savinskiy,-2,0,33,43,-10,76,2021-07-21 07:46:00,501807
Yu Gavrilov_124240,Yu Gavrilov,2,1,45,35,10,80,2021-07-21 07:48:00,501808
Volodymyr Plishylo_1398359981,Volodymyr Plishylo,-2,0,30,41,-11,71,2021-07-21 07:50:00,501809
Serhii Hot_167598,Serhii Hot,-1,0,41,50,-9,91,2021-07-21 07:50:00,501810
Artem Borysov_2043255522,Artem Borysov,-1,0,42,48,-6,90,2021-07-21 07:55:00,501811
Pavlo Babenko_167608,Pavlo Babenko,3,1,34,23,11,57,2021-07-21 08:00:00,501812
A Vorozheykin_124207,A Vorozheykin,3,1,33,18,15,51,2021-07-21 08:00:00,501813
Alina Stefaniuk_167623,Alina Stefaniuk,2,1,42,33,9,75,2021-07-21 08:05:00,501814
Oleksandr Maselskyi_167633,Oleksandr Maselskyi,3,1,38,28,10,66,2021-07-21 08:10:00,501815
Serhii Semenets_167643,Serhii Semenets,2,1,44,38,6,82,2021-07-21 08:15:00,501816
D Bogdanov_124169,D Bogdanov,1,1,48,41,7,89,2021-07-21 08:16:00,501817
D Andreev_124241,D Andreev,-3,0,15,33,-18,48,2021-07-21 08:17:00,501818
Oleksandr Kalynevych_167599,Oleksandr Kalynevych,1,1,58,50,8,108,2021-07-21 08:20:00,501819
Davyd Symonchuk_1791320695,Davyd Symonchuk,2,1,44,34,10,78,2021-07-21 08:25:00,501820
O Belugin_124208,O Belugin,-2,0,27,40,-13,67,2021-07-21 08:30:00,501821
Illia Yanishevskiy_1587117404,Illia Yanishevskiy,-3,0,21,33,-12,54,2021-07-21 08:30:00,501822
Oleksii Hrymovskyi_167609,Oleksii Hrymovskyi,-2,0,27,40,-13,67,2021-07-21 08:30:00,501823
Oleksiy Sapronov_1868259904,Oleksiy Sapronov,-2,0,31,41,-10,72,2021-07-21 08:35:00,501824
Viktoriia Husieva_167624,Viktoriia Husieva,-3,0,28,35,-7,63,2021-07-21 08:35:00,501825
Viktor Dushak_167634,Viktor Dushak,1,1,53,47,6,100,2021-07-21 08:40:00,501826
Artem Nesterenko_1019959736,Artem Nesterenko,1,1,43,38,5,81,2021-07-21 08:40:00,501827
Oleh Formaziuk_1541686478,Oleh Formaziuk,1,1,48,42,6,90,2021-07-21 08:45:00,501828
Oleksandr Goncharuk_167644,Oleksandr Goncharuk,-3,0,22,33,-11,55,2021-07-21 08:45:00,501829
O Kharlakin_124170,O Kharlakin,-2,0,31,40,-9,71,2021-07-21 08:47:00,501830
A Batalov_124242,A Batalov,-2,0,36,44,-8,80,2021-07-21 08:47:00,501831
Serhii Hot_167600,Serhii Hot,-3,0,21,33,-12,54,2021-07-21 08:50:00,501832
Oleksii Tkachuk_1971466335,Oleksii Tkachuk,1,1,56,52,4,108,2021-07-21 08:50:00,501833
Igor Shyndel_167658,Igor Shyndel,3,1,33,22,11,55,2021-07-21 08:50:00,501834
Yan Zaharov_873497744,Yan Zaharov,2,1,38,33,5,71,2021-07-21 08:55:00,501835
Yurii Reva_167673,Yurii Reva,2,1,38,34,4,72,2021-07-21 08:55:00,501836
Nikita Trofimov_1253577607,Nikita Trofimov,-2,0,46,54,-8,100,2021-07-21 08:55:00,501837
A Zabrodin_124209,A Zabrodin,1,1,46,46,0,92,2021-07-21 09:00:00,501838
Oleksandr Maslovskyi_167688,Oleksandr Maslovskyi,2,1,54,45,9,99,2021-07-21 09:00:00,501839
Nikita Vilenchyts_167610,Nikita Vilenchyts,2,1,41,25,16,66,2021-07-21 09:00:00,501840
Anton Riabukhin_847505100,Anton Riabukhin,-2,0,32,40,-8,72,2021-07-21 09:00:00,501841
David Ako_167825,David Ako,-3,0,15,33,-18,48,2021-07-21 09:00:00,501842
R Pavelka_27811,R Pavelka,-3,0,10,33,-23,43,2021-07-21 09:02:00,501843
Alina Stefaniuk_167625,Alina Stefaniuk,2,1,44,33,11,77,2021-07-21 09:05:00,501844
Oleksandr Yarovoi_1497324605,Oleksandr Yarovoi,2,1,41,32,9,73,2021-07-21 09:05:00,501845
Andrii Selin_1831690484,Andrii Selin,2,1,42,36,6,78,2021-07-21 09:10:00,501846
Oleksandr Maselskyi_167635,Oleksandr Maselskyi,2,1,43,31,12,74,2021-07-21 09:10:00,501847
S Simonov_124243,S Simonov,-1,0,46,50,-4,96,2021-07-21 09:15:00,501848
Stefan Yakimenko_167645,Stefan Yakimenko,-1,0,45,39,6,84,2021-07-21 09:15:00,501849
Serhii Illiushchenko_708752596,Serhii Illiushchenko,-1,0,38,47,-9,85,2021-07-21 09:15:00,501850
V Nemashkalo_124171,V Nemashkalo,2,1,41,26,15,67,2021-07-21 09:16:00,501851
Artem Yurkov_167659,Artem Yurkov,2,1,48,37,11,85,2021-07-21 09:20:00,501852
Dmytro Lohosha_1142391780,Dmytro Lohosha,-3,0,19,33,-14,52,2021-07-21 09:20:00,501853
Serhii Prus_167601,Serhii Prus,-2,0,31,40,-9,71,2021-07-21 09:20:00,501854
Yaroslav Vorsuliak_1695566595,Yaroslav Vorsuliak,3,1,34,23,11,57,2021-07-21 09:25:00,501855
Andrii Novikov_167674,Andrii Novikov,-1,0,51,53,-2,104,2021-07-21 09:25:00,501856
Oles Dopilko_167689,Oles Dopilko,-3,0,18,33,-15,51,2021-07-21 09:30:00,501857
P Pycha_27812,P Pycha,-2,0,34,42,-8,76,2021-07-21 09:30:00,501858
Oleksii Hrymovskyi_167611,Oleksii Hrymovskyi,-2,0,32,40,-8,72,2021-07-21 09:30:00,501859
Serhii Poliakov_1977500851,Serhii Poliakov,3,1,35,24,11,59,2021-07-21 09:30:00,501860
Serhii Baranovskyi_1710543905,Serhii Baranovskyi,-1,0,43,50,-7,93,2021-07-21 09:30:00,501861
Tung  Pham Duong_167826,Tung  Pham Duong,2,1,47,43,4,90,2021-07-21 09:30:00,501862
O Belugin_124210,O Belugin,-3,0,16,33,-17,49,2021-07-21 09:30:00,501863
Davyd Symonchuk_1849001498,Davyd Symonchuk,3,1,33,19,14,52,2021-07-21 09:35:00,501864
Alina Man_167626,Alina Man,1,1,48,49,-1,97,2021-07-21 09:35:00,501865
Illia Yanishevskiy_689928623,Illia Yanishevskiy,-3,0,17,33,-16,50,2021-07-21 09:40:00,501866
Eduard Populovskyi_167636,Eduard Populovskyi,-2,0,30,42,-12,72,2021-07-21 09:40:00,501867
Oleksiy Sapronov_2115598055,Oleksiy Sapronov,-2,0,33,42,-9,75,2021-07-21 09:45:00,501868
Oleksandr Goncharuk_167646,Oleksandr Goncharuk,3,1,33,19,14,52,2021-07-21 09:45:00,501869
O Kharlakin_124172,O Kharlakin,-2,0,31,43,-12,74,2021-07-21 09:48:00,501870
Oleksandr Kalynevych_167602,Oleksandr Kalynevych,2,1,44,32,12,76,2021-07-21 09:50:00,501871
Andrii Matiushenko_167660,Andrii Matiushenko,2,1,42,38,4,80,2021-07-21 09:50:00,501872
Artem Nesterenko_608157491,Artem Nesterenko,-3,0,22,33,-11,55,2021-07-21 09:50:00,501873
Mykhailo Diachenko_167675,Mykhailo Diachenko,2,1,41,38,3,79,2021-07-21 09:55:00,501874
Oleh Formaziuk_1333868742,Oleh Formaziuk,2,1,45,39,6,84,2021-07-21 09:55:00,501875
A Batalov_124244,A Batalov,2,1,38,29,9,67,2021-07-21 09:58:00,501876
Pavlo Babenko_167612,Pavlo Babenko,3,1,33,15,18,48,2021-07-21 10:00:00,501877
Oleksandr Maslovskyi_167690,Oleksandr Maslovskyi,2,1,40,34,6,74,2021-07-21 10:00:00,501878
P Anton_27813,P Anton,3,1,33,23,10,56,2021-07-21 10:00:00,501879
A Vorozheykin_124211,A Vorozheykin,-2,0,28,39,-11,67,2021-07-21 10:00:00,501880
Oleksii Tkachuk_1084339577,Oleksii Tkachuk,2,1,43,36,7,79,2021-07-21 10:00:00,501881
Tung  Pham Duong_167827,Tung  Pham Duong,-3,0,16,33,-17,49,2021-07-21 10:00:00,501882
Yan Zaharov_358894756,Yan Zaharov,-1,0,42,52,-10,94,2021-07-21 10:05:00,501883
Nikita Trofimov_1790832121,Nikita Trofimov,-3,0,31,37,-6,68,2021-07-21 10:05:00,501884
Viktoriia Husieva_167627,Viktoriia Husieva,-1,0,51,47,4,98,2021-07-21 10:05:00,501885
Volodymyr Plishylo_2091153081,Volodymyr Plishylo,-3,0,29,36,-7,65,2021-07-21 10:10:00,501886
Viktor Dushak_167637,Viktor Dushak,-2,0,28,40,-12,68,2021-07-21 10:10:00,501887
Artem Borysov_380878386,Artem Borysov,3,1,34,28,6,62,2021-07-21 10:15:00,501888
Serhii Semenets_167647,Serhii Semenets,3,1,33,10,23,43,2021-07-21 10:15:00,501889
D Bogdanov_124173,D Bogdanov,3,1,34,26,8,60,2021-07-21 10:16:00,501890
D Andreev_124245,D Andreev,2,1,41,33,8,74,2021-07-21 10:19:00,501891
Serhii Hot_167603,Serhii Hot,2,1,35,31,4,66,2021-07-21 10:20:00,501892
Artem Yurkov_167661,Artem Yurkov,2,1,43,37,6,80,2021-07-21 10:20:00,501893
Andrii Selin_1725721247,Andrii Selin,1,1,44,39,5,83,2021-07-21 10:20:00,501894
Serhii Illiushchenko_896323890,Serhii Illiushchenko,1,1,52,46,6,98,2021-07-21 10:25:00,501895
Andrii Novikov_167676,Andrii Novikov,2,1,44,30,14,74,2021-07-21 10:25:00,501896
V Havlicek_27814,V Havlicek,2,1,39,35,4,74,2021-07-21 10:29:00,501897
Mykhailo Senyk_167691,Mykhailo Senyk,1,1,50,42,8,92,2021-07-21 10:30:00,501898
O Belugin_124332,O Belugin,3,1,37,26,11,63,2021-07-21 10:30:00,501899
Serhiy Tkachuk_1960980482,Serhiy Tkachuk,2,1,43,27,16,70,2021-07-21 10:30:00,501900
Illia Udod_167613,Illia Udod,-1,0,44,49,-5,93,2021-07-21 10:30:00,501901
David Ako_167828,David Ako,-2,0,31,43,-12,74,2021-07-21 10:30:00,501902
Alina Stefaniuk_167628,Alina Stefaniuk,-2,0,30,42,-12,72,2021-07-21 10:35:00,501903
Volodymyr Ivasiv_1277050159,Volodymyr Ivasiv,3,1,33,17,16,50,2021-07-21 10:35:00,501904
Oleksandr Maselskyi_167638,Oleksandr Maselskyi,1,1,56,51,5,107,2021-07-21 10:40:00,501905
Igor Maksymchuk_1005168,Igor Maksymchuk,-2,0,26,35,-9,61,2021-07-21 10:40:00,501906
Serhii Baranovskyi_1158593298,Serhii Baranovskyi,-2,0,38,44,-6,82,2021-07-21 10:40:00,501907
Stanislav Shapiro_167648,Stanislav Shapiro,3,1,34,27,7,61,2021-07-21 10:45:00,501908
O Kharlakin_124340,O Kharlakin,-2,0,27,40,-13,67,2021-07-21 10:45:00,501909
Serhii Ponomarenko_790068020,Serhii Ponomarenko,-1,0,45,47,-2,92,2021-07-21 10:45:00,501910
S Simonov_124348,S Simonov,-3,0,20,33,-13,53,2021-07-21 10:48:00,501911
Oleksandr Kalynevych_167604,Oleksandr Kalynevych,-1,0,38,48,-10,86,2021-07-21 10:50:00,501912
Serhii Kiilo_382118654,Serhii Kiilo,1,1,44,42,2,86,2021-07-21 10:50:00,501913
Igor Shyndel_167662,Igor Shyndel,-3,0,26,33,-7,59,2021-07-21 10:50:00,501914
Oleksiy Sapronov_1793816162,Oleksiy Sapronov,-2,0,36,39,-3,75,2021-07-21 10:55:00,501915
Yurii Reva_167677,Yurii Reva,-2,0,38,38,0,76,2021-07-21 10:55:00,501916
P Anton_27815,P Anton,-3,0,28,36,-8,64,2021-07-21 11:00:00,501917
Nikita Vilenchyts_167614,Nikita Vilenchyts,-3,0,27,37,-10,64,2021-07-21 11:00:00,501918
Oles Dopilko_167692,Oles Dopilko,-3,0,22,35,-13,57,2021-07-21 11:00:00,501919
Artem Nesterenko_1497695540,Artem Nesterenko,-2,0,32,42,-10,74,2021-07-21 11:00:00,501920
A Zabrodin_124333,A Zabrodin,2,1,44,37,7,81,2021-07-21 11:00:00,501921
Ondrej Konvalinka_167829,Ondrej Konvalinka,-2,0,32,40,-8,72,2021-07-21 11:00:00,501922
Viktoriia Husieva_167629,Viktoriia Husieva,3,1,33,22,11,55,2021-07-21 11:05:00,501923
Dmytro Lohosha_1016056017,Dmytro Lohosha,1,1,53,47,6,100,2021-07-21 11:05:00,501924
Yaroslav Vorsuliak_1427232281,Yaroslav Vorsuliak,3,1,33,21,12,54,2021-07-21 11:10:00,501925
Viktor Dushak_167639,Viktor Dushak,2,1,39,31,8,70,2021-07-21 11:10:00,501926
Serhii Poliakov_531836733,Serhii Poliakov,-3,0,18,33,-15,51,2021-07-21 11:15:00,501927
Stefan Yakimenko_167649,Stefan Yakimenko,2,1,41,24,17,65,2021-07-21 11:15:00,501928
Yu Gavrilov_124349,Yu Gavrilov,-1,0,46,52,-6,98,2021-07-21 11:15:00,501929
Nikita Trofimov_728595355,Nikita Trofimov,3,1,37,29,8,66,2021-07-21 11:15:00,501930
D Bogdanov_124341,D Bogdanov,-3,0,20,33,-13,53,2021-07-21 11:16:00,501931
Ivan Fedoryshyn_167663,Ivan Fedoryshyn,-1,0,55,53,2,108,2021-07-21 11:20:00,501932
Anton Riabukhin_91995549,Anton Riabukhin,3,1,33,18,15,51,2021-07-21 11:20:00,501933
Serhii Prus_167605,Serhii Prus,-1,0,46,53,-7,99,2021-07-21 11:20:00,501934
Oleksandr Yarovoi_1048940086,Oleksandr Yarovoi,-2,0,36,40,-4,76,2021-07-21 11:25:00,501935
Oleh Skoryk_167678,Oleh Skoryk,3,1,35,26,9,61,2021-07-21 11:25:00,501936
Pavlo Zaderei_1063226778,Pavlo Zaderei,2,1,41,29,12,70,2021-07-21 11:30:00,501937
P Pycha_27816,P Pycha,-1,0,38,50,-12,88,2021-07-21 11:30:00,501938
Oleksandr Maslovskyi_167693,Oleksandr Maslovskyi,2,1,40,43,-3,83,2021-07-21 11:30:00,501939
David Ako_167830,David Ako,-1,0,35,50,-15,85,2021-07-21 11:30:00,501940
Oleksii Hrymovskyi_167615,Oleksii Hrymovskyi,2,1,40,28,12,68,2021-07-21 11:30:00,501941
A Komarov_124212,A Komarov,-3,0,26,35,-9,61,2021-07-21 11:32:00,501942
Alina Man_167630,Alina Man,-2,0,40,41,-1,81,2021-07-21 11:35:00,501943
Andrii Isaiev_210238662,Andrii Isaiev,-2,0,36,44,-8,80,2021-07-21 11:35:00,501944
Eduard Populovskyi_167640,Eduard Populovskyi,-1,0,46,51,-5,97,2021-07-21 11:40:00,501945
Oleh Formaziuk_761465304,Oleh Formaziuk,-3,0,17,34,-17,51,2021-07-21 11:40:00,501946
Oleksii Tkachuk_1746999458,Oleksii Tkachuk,-3,0,27,35,-8,62,2021-07-21 11:45:00,501947
Oleksandr Goncharuk_167650,Oleksandr Goncharuk,1,1,51,49,2,100,2021-07-21 11:45:00,501948
D Mikheev_124174,D Mikheev,-3,0,25,36,-11,61,2021-07-21 11:46:00,501949
R Homenko_124246,R Homenko,-2,0,33,43,-10,76,2021-07-21 11:49:00,501950
Yan Zaharov_97421453,Yan Zaharov,2,1,43,33,10,76,2021-07-21 11:50:00,501951
Andrii Matiushenko_167664,Andrii Matiushenko,3,1,33,13,20,46,2021-07-21 11:50:00,501952
Serhii Hot_167606,Serhii Hot,-3,0,24,34,-10,58,2021-07-21 11:50:00,501953
Uryi Schepanskyi_1877890856,Uryi Schepanskyi,-2,0,29,42,-13,71,2021-07-21 11:50:00,501954
Davyd Symonchuk_1076424235,Davyd Symonchuk,2,1,40,32,8,72,2021-07-21 11:55:00,501955
Mykhailo Diachenko_167679,Mykhailo Diachenko,2,1,44,36,8,80,2021-07-21 11:55:00,501956
Pavlo Babenko_167616,Pavlo Babenko,-3,0,23,33,-10,56,2021-07-21 12:00:00,501957
Oles Dopilko_167694,Oles Dopilko,2,1,45,40,5,85,2021-07-21 12:00:00,501958
Illia Yanishevskiy_487572437,Illia Yanishevskiy,-1,0,44,49,-5,93,2021-07-21 12:00:00,501959
V Mishakin_124213,V Mishakin,-2,0,27,41,-14,68,2021-07-21 12:01:00,501960
Alina Stefaniuk_167631,Alina Stefaniuk,-1,0,39,44,-5,83,2021-07-21 12:05:00,501961
Ondrej Konvalinka_167876,Ondrej Konvalinka,1,1,52,49,3,101,2021-07-21 12:05:00,501962
Andrii Selin_2123736702,Andrii Selin,3,1,41,34,7,75,2021-07-21 12:05:00,501963
P Pycha_27841,P Pycha,-3,0,24,33,-9,57,2021-07-21 12:05:00,501964
Oleksandr Maselskyi_167641,Oleksandr Maselskyi,-2,0,20,41,-21,61,2021-07-21 12:10:00,501965
Serhii Illiushchenko_761979846,Serhii Illiushchenko,2,1,40,30,10,70,2021-07-21 12:10:00,501966
Serhii Semenets_167651,Serhii Semenets,3,1,35,28,7,63,2021-07-21 12:15:00,501967
Serhiy Tkachuk_2136496303,Serhiy Tkachuk,2,1,39,33,6,72,2021-07-21 12:15:00,501968
M Ilichev_124175,M Ilichev,-2,0,30,42,-12,72,2021-07-21 12:16:00,501969
I Matveyev_124247,I Matveyev,-3,0,23,33,-10,56,2021-07-21 12:19:00,501970
Volodymyr Ivasiv_487380715,Volodymyr Ivasiv,1,1,52,47,5,99,2021-07-21 12:20:00,501971
Yaroslav Tebenko_167607,Yaroslav Tebenko,1,1,47,44,3,91,2021-07-21 12:20:00,501972
Artem Yurkov_167665,Artem Yurkov,-2,0,32,43,-11,75,2021-07-21 12:20:00,501973
Andrii Novikov_167680,Andrii Novikov,-3,0,31,37,-6,68,2021-07-21 12:25:00,501974
Igor Maksymchuk_139350491,Igor Maksymchuk,-1,0,43,47,-4,90,2021-07-21 12:25:00,501975
Nikita Trofimov_11239329,Nikita Trofimov,2,1,44,39,5,83,2021-07-21 12:25:00,501976
Volodymyr Plishylo_1689428470,Volodymyr Plishylo,2,1,40,30,10,70,2021-07-21 12:30:00,501977
P Anton_27842,P Anton,-2,0,31,39,-8,70,2021-07-21 12:30:00,501978
Illia Udod_167617,Illia Udod,-2,0,33,44,-11,77,2021-07-21 12:30:00,501979
Mykhailo Senyk_167695,Mykhailo Senyk,-1,0,51,50,1,101,2021-07-21 12:30:00,501980
V Kutin_124214,V Kutin,1,1,50,38,12,88,2021-07-21 12:31:00,501981
Yevheniia Severyna_167632,Yevheniia Severyna,2,1,42,32,10,74,2021-07-21 12:35:00,501982
Artem Borysov_413647471,Artem Borysov,2,1,44,34,10,78,2021-07-21 12:35:00,501983
Frantisek Korenek_167877,Frantisek Korenek,-2,0,31,40,-9,71,2021-07-21 12:35:00,501984
Oleksiy Sapronov_69712862,Oleksiy Sapronov,-1,0,46,44,2,90,2021-07-21 12:40:00,501985
Andrei Huchok_167642,Andrei Huchok,1,1,40,38,2,78,2021-07-21 12:40:00,501986
Stanislav Shapiro_167652,Stanislav Shapiro,3,1,33,16,17,49,2021-07-21 12:45:00,501987
Artem Nesterenko_371017588,Artem Nesterenko,-2,0,30,41,-11,71,2021-07-21 12:45:00,501988
N Zhurba_124176,N Zhurba,-1,0,37,45,-8,82,2021-07-21 12:46:00,501989
F Ambrosimov_124248,F Ambrosimov,-2,0,37,43,-6,80,2021-07-21 12:50:00,501990
Dmytro Lohosha_895740554,Dmytro Lohosha,1,1,52,45,7,97,2021-07-21 12:50:00,501991
Igor Shyndel_167666,Igor Shyndel,-1,0,42,44,-2,86,2021-07-21 12:50:00,501992
Yaroslav Vorsuliak_646466615,Yaroslav Vorsuliak,-1,0,43,51,-8,94,2021-07-21 12:55:00,501993
Yurii Reva_167681,Yurii Reva,3,1,34,27,7,61,2021-07-21 12:55:00,501994
Serhii Poliakov_190265369,Serhii Poliakov,-1,0,35,49,-14,84,2021-07-21 13:00:00,501995
T Holik_27817,T Holik,-3,0,20,33,-13,53,2021-07-21 13:00:00,501996
Serhii Baranovskyi_751424663,Serhii Baranovskyi,2,1,43,37,6,80,2021-07-21 13:00:00,501997
Nikita Vilenchyts_167618,Nikita Vilenchyts,-3,0,22,35,-13,57,2021-07-21 13:00:00,501998
Oleksandr Maslovskyi_167696,Oleksandr Maslovskyi,1,1,48,35,13,83,2021-07-21 13:00:00,501999
Quang Trung Le_167831,Quang Trung Le,-1,0,46,54,-8,100,2021-07-21 13:00:00,502000
V Dakhin_124215,V Dakhin,-3,0,21,33,-12,54,2021-07-21 13:03:00,502001
Roman Mazur_168018,Roman Mazur,2,1,40,32,8,72,2021-07-21 13:05:00,502002
Serhii Ponomarenko_826596316,Serhii Ponomarenko,3,1,33,24,9,57,2021-07-21 13:05:00,502003
Serhii Kiilo_730966222,Serhii Kiilo,1,1,45,42,3,87,2021-07-21 13:10:00,502004
Alina Man_168020,Alina Man,-1,0,45,49,-4,94,2021-07-21 13:10:00,502005
A Kozlov_124177,A Kozlov,1,1,51,51,0,102,2021-07-21 13:15:00,502006
Andrii Selin_1470125786,Andrii Selin,3,1,33,18,15,51,2021-07-21 13:15:00,502007
Stefan Yakimenko_167653,Stefan Yakimenko,2,1,42,33,9,75,2021-07-21 13:15:00,502008
Serhii Illiushchenko_972114682,Serhii Illiushchenko,2,1,41,33,8,74,2021-07-21 13:20:00,502009
Viktor Dushak_168022,Viktor Dushak,3,1,33,23,10,56,2021-07-21 13:20:00,502010
Ivan Fedoryshyn_167667,Ivan Fedoryshyn,2,1,50,35,15,85,2021-07-21 13:20:00,502011
Ya Bazhinov_124249,Ya Bazhinov,3,1,33,18,15,51,2021-07-21 13:21:00,502012
Oleg Gavryluk_1628999006,Oleg Gavryluk,3,1,33,25,8,58,2021-07-21 13:25:00,502013
Oleh Skoryk_167682,Oleh Skoryk,3,1,35,25,10,60,2021-07-21 13:25:00,502014
M Svedik_27818,M Svedik,-1,0,45,51,-6,96,2021-07-21 13:29:00,502015
Rostyslav Fylypiv_167697,Rostyslav Fylypiv,1,1,44,46,-2,90,2021-07-21 13:30:00,502016
Pavlo Babenko_167619,Pavlo Babenko,-3,0,24,35,-11,59,2021-07-21 13:30:00,502017
Ihor Petryshyn_680746736,Ihor Petryshyn,1,1,53,49,4,102,2021-07-21 13:30:00,502018
Martin Melisek_167832,Martin Melisek,2,1,39,34,5,73,2021-07-21 13:30:00,502019
V Kutin_124216,V Kutin,-1,0,44,51,-7,95,2021-07-21 13:32:00,502020
Oleksandr Zhuravlov_969361263,Oleksandr Zhuravlov,-2,0,36,41,-5,77,2021-07-21 13:35:00,502021
Yaroslav Tebenko_168019,Yaroslav Tebenko,-1,0,48,52,-4,100,2021-07-21 13:35:00,502022
Nikita Trofimov_1518489895,Nikita Trofimov,1,1,51,50,1,101,2021-07-21 13:35:00,502023
Anastasiia Gordinskaya-Sheiko_168021,Anastasiia Gordinskaya-Sheiko,-3,0,28,37,-9,65,2021-07-21 13:40:00,502024
Anton Riabukhin_1029743330,Anton Riabukhin,-2,0,44,46,-2,90,2021-07-21 13:40:00,502025
F Ambrosimov_124250,F Ambrosimov,1,1,53,45,8,98,2021-07-21 13:45:00,502026
Serhii Semenets_167654,Serhii Semenets,1,1,51,36,15,87,2021-07-21 13:45:00,502027
Oleksandr Yarovoi_1648523173,Oleksandr Yarovoi,3,1,34,28,6,62,2021-07-21 13:45:00,502028
Oleksiy Sapronov_42301314,Oleksiy Sapronov,-2,0,38,44,-6,82,2021-07-21 13:50:00,502029
Andrii Obishchenko_168023,Andrii Obishchenko,-2,0,32,43,-11,75,2021-07-21 13:50:00,502030
Andrii Matiushenko_167668,Andrii Matiushenko,-1,0,46,53,-7,99,2021-07-21 13:50:00,502031
N Zhurba_124178,N Zhurba,1,1,51,45,6,96,2021-07-21 13:52:00,502032
Mykhailo Diachenko_167683,Mykhailo Diachenko,2,1,41,33,8,74,2021-07-21 13:55:00,502033
Artem Nesterenko_1216611065,Artem Nesterenko,-2,0,36,46,-10,82,2021-07-21 13:55:00,502034
Oliver Korp_27819,Oliver Korp,-2,0,27,41,-14,68,2021-07-21 14:00:00,502035
Oleh Formaziuk_820508505,Oleh Formaziuk,3,1,33,22,11,55,2021-07-21 14:00:00,502036
Volodymyr Voronenkov_167620,Volodymyr Voronenkov,2,1,42,32,10,74,2021-07-21 14:00:00,502037
Martin Melisek_167833,Martin Melisek,-2,0,29,40,-11,69,2021-07-21 14:00:00,502038
Oleksii Tkachuk_798267943,Oleksii Tkachuk,2,1,38,32,6,70,2021-07-21 14:05:00,502039
V Mishakin_124217,V Mishakin,-1,0,47,48,-1,95,2021-07-21 14:09:00,502040
Serhii Baranovskyi_1158733713,Serhii Baranovskyi,3,1,34,25,9,59,2021-07-21 14:10:00,502041
Yan Zaharov_579968202,Yan Zaharov,2,1,42,40,2,82,2021-07-21 14:10:00,502042
Oleh Pereguda_167655,Oleh Pereguda,-3,0,21,33,-12,54,2021-07-21 14:15:00,502043
Mykhailo Senyk_168024,Mykhailo Senyk,-1,0,44,48,-4,92,2021-07-21 14:15:00,502044
Volodymyr Plishylo_809177984,Volodymyr Plishylo,3,1,33,19,14,52,2021-07-21 14:15:00,502045
I Matveyev_124251,I Matveyev,-2,0,35,43,-8,78,2021-07-21 14:18:00,502046
Igor Shyndel_167669,Igor Shyndel,3,1,33,20,13,53,2021-07-21 14:20:00,502047
Artem Borysov_1963593025,Artem Borysov,3,1,34,22,12,56,2021-07-21 14:20:00,502048
M Ilichev_124179,M Ilichev,-2,0,37,43,-6,80,2021-07-21 14:21:00,502049
Yurii Reva_167684,Yurii Reva,2,1,46,37,9,83,2021-07-21 14:25:00,502050
Andrii Selin_1331326362,Andrii Selin,-2,0,30,42,-12,72,2021-07-21 14:25:00,502051
T Batthyany_27820,T Batthyany,1,1,49,49,0,98,2021-07-21 14:30:00,502052
Quang Trung Le_167834,Quang Trung Le,-2,0,42,51,-9,93,2021-07-21 14:30:00,502053
Serhii Illiushchenko_1918647521,Serhii Illiushchenko,-1,0,39,49,-10,88,2021-07-21 14:30:00,502054
Pavlo Babenko_167621,Pavlo Babenko,-1,0,45,50,-5,95,2021-07-21 14:30:00,502055
Oleg Gavryluk_1087293213,Oleg Gavryluk,3,1,33,22,11,55,2021-07-21 14:35:00,502056
Yaroslav Vorsuliak_1780092339,Yaroslav Vorsuliak,-1,0,48,48,0,96,2021-07-21 14:40:00,502057
A Komarov_124372,A Komarov,-1,0,40,44,-4,84,2021-07-21 14:42:00,502058
Serhii Poliakov_1960498205,Serhii Poliakov,1,1,46,43,3,89,2021-07-21 14:45:00,502059
Nikita Trofimov_631881019,Nikita Trofimov,-2,0,42,45,-3,87,2021-07-21 14:45:00,502060
Serhii Semenets_167656,Serhii Semenets,-3,0,20,33,-13,53,2021-07-21 14:45:00,502061
Ihor Maiovka_168025,Ihor Maiovka,2,1,40,38,2,78,2021-07-21 14:45:00,502062
Vitalii Vovk_1998144850,Vitalii Vovk,3,1,33,26,7,59,2021-07-21 14:50:00,502063
Viacheslav Isakov_167670,Viacheslav Isakov,3,1,34,25,9,59,2021-07-21 14:50:00,502064
Roman Bambutsa_167685,Roman Bambutsa,3,1,33,18,15,51,2021-07-21 14:55:00,502065
I Matveyev_124376,I Matveyev,-1,0,42,47,-5,89,2021-07-21 14:55:00,502066
M Ilichev_124374,M Ilichev,3,1,33,23,10,56,2021-07-21 14:55:00,502067
Mykola Zakladnyi_2115591775,Mykola Zakladnyi,1,1,42,39,3,81,2021-07-21 14:55:00,502068
Oleksii Hrymovskyi_167622,Oleksii Hrymovskyi,-1,0,42,49,-7,91,2021-07-21 15:00:00,502069
Jaromir Janda_167835,Jaromir Janda,2,1,39,37,2,76,2021-07-21 15:00:00,502070
Pavlo Zaderei_1063079961,Pavlo Zaderei,-1,0,45,47,-2,92,2021-07-21 15:00:00,502071
Oliver Korp_27821,Oliver Korp,-3,0,14,33,-19,47,2021-07-21 15:00:00,502072
Andrii Isaiev_1579489929,Andrii Isaiev,1,1,46,45,1,91,2021-07-21 15:05:00,502073
V Dakhin_124373,V Dakhin,3,1,33,24,9,57,2021-07-21 15:06:00,502074
Oleh Formaziuk_761329113,Oleh Formaziuk,2,1,38,28,10,66,2021-07-21 15:10:00,502075
Oleksii Tkachuk_1746856865,Oleksii Tkachuk,-1,0,45,47,-2,92,2021-07-21 15:15:00,502076
Oleksandr Goncharuk_167657,Oleksandr Goncharuk,2,1,39,39,0,78,2021-07-21 15:15:00,502077
N Zhurba_124375,N Zhurba,1,1,54,50,4,104,2021-07-21 15:16:00,502078
Yan Zaharov_380596772,Yan Zaharov,-1,0,49,47,2,96,2021-07-21 15:20:00,502079
Igor Shyndel_167671,Igor Shyndel,1,1,49,41,8,90,2021-07-21 15:20:00,502080
Uryi Schepanskyi_1878029093,Uryi Schepanskyi,1,1,45,38,7,83,2021-07-21 15:20:00,502081
Oleh Holiak_167698,Oleh Holiak,-3,0,26,33,-7,59,2021-07-21 15:20:00,502082
F Ambrosimov_124377,F Ambrosimov,-2,0,40,48,-8,88,2021-07-21 15:25:00,502083
Yurii Reva_167686,Yurii Reva,2,1,42,36,6,78,2021-07-21 15:25:00,502084
Volodymyr Plishylo_117395094,Volodymyr Plishylo,-2,0,34,43,-9,77,2021-07-21 15:25:00,502085
M Svedik_27822,M Svedik,3,1,33,20,13,53,2021-07-21 15:29:00,502086
Quang Trung Le_167836,Quang Trung Le,-1,0,45,47,-2,92,2021-07-21 15:30:00,502087
Artem Borysov_640167432,Artem Borysov,2,1,39,40,-1,79,2021-07-21 15:30:00,502088
Volodymyr Melnykov_167708,Volodymyr Melnykov,-1,0,42,45,-3,87,2021-07-21 15:30:00,502089
Ir Kim_124218,Ir Kim,2,1,41,36,5,77,2021-07-21 15:32:00,502090
Anastasiia Havelia_167723,Anastasiia Havelia,-3,0,17,33,-16,50,2021-07-21 15:35:00,502091
Illia Hubariev_905763361,Illia Hubariev,-3,0,17,33,-16,50,2021-07-21 15:35:00,502092
Kateryna Somova_167738,Kateryna Somova,2,1,46,37,9,83,2021-07-21 15:40:00,502093
Vitalii Protopopov_1183948531,Vitalii Protopopov,2,1,44,31,13,75,2021-07-21 15:40:00,502094
Oleksandr Hryshchenko_167765,Oleksandr Hryshchenko,-2,0,33,39,-6,72,2021-07-21 15:45:00,502095
Vitalii Zharskiy_1249958966,Vitalii Zharskiy,-2,0,41,44,-3,85,2021-07-21 15:50:00,502096
Kyrylo Tkachenko_167699,Kyrylo Tkachenko,1,1,48,44,4,92,2021-07-21 15:50:00,502097
Artem Yurkov_167672,Artem Yurkov,1,1,50,53,-3,103,2021-07-21 15:50:00,502098
V Putilovsky_124180,V Putilovsky,-2,0,32,40,-8,72,2021-07-21 15:52:00,502099
Andrii Novikov_167687,Andrii Novikov,-2,0,35,39,-4,74,2021-07-21 15:55:00,502100
Mykola Lytvynenko_590085855,Mykola Lytvynenko,-3,0,26,35,-9,61,2021-07-21 15:55:00,502101
A Poprocky_124252,A Poprocky,1,1,48,41,7,89,2021-07-21 15:55:00,502102
T Holik_27867,T Holik,2,1,36,33,3,69,2021-07-21 16:00:00,502103
Serhii Solomko_167709,Serhii Solomko,-2,0,35,41,-6,76,2021-07-21 16:00:00,502104
Davyd Symonchuk_1376537386,Davyd Symonchuk,3,1,36,29,7,65,2021-07-21 16:00:00,502105
M Gusev_124219,M Gusev,-3,0,21,33,-12,54,2021-07-21 16:02:00,502106
Iryna Ahalakova_167724,Iryna Ahalakova,3,1,35,24,11,59,2021-07-21 16:05:00,502107
Lukas Adamec_168026,Lukas Adamec,2,1,46,35,11,81,2021-07-21 16:05:00,502108
Illia Yanishevskiy_1606252696,Illia Yanishevskiy,-2,0,35,41,-6,76,2021-07-21 16:05:00,502109
Maksym Senchenko_1371929170,Maksym Senchenko,-1,0,51,44,7,95,2021-07-21 16:10:00,502110
Anastasiia Ostapenko_167739,Anastasiia Ostapenko,3,1,33,12,21,45,2021-07-21 16:10:00,502111
Viktor Yevtodii_167766,Viktor Yevtodii,-1,0,44,49,-5,93,2021-07-21 16:15:00,502112
Dmitriy Zaporozhets_1028606655,Dmitriy Zaporozhets,1,1,56,46,10,102,2021-07-21 16:15:00,502113
I Novikov_124181,I Novikov,-3,0,23,33,-10,56,2021-07-21 16:16:00,502114
Roman Rybachuk_58636132,Roman Rybachuk,-1,0,47,49,-2,96,2021-07-21 16:20:00,502115
Oleh Holiak_167700,Oleh Holiak,1,1,40,43,-3,83,2021-07-21 16:20:00,502116
Andrii Zeniuk_487649034,Andrii Zeniuk,1,1,52,45,7,97,2021-07-21 16:25:00,502117
Andrii Peretiatko_167780,Andrii Peretiatko,2,1,42,31,11,73,2021-07-21 16:25:00,502118
K Simonov_124253,K Simonov,-1,0,52,54,-2,106,2021-07-21 16:25:00,502119
M Svedik_27868,M Svedik,1,1,49,41,8,90,2021-07-21 16:30:00,502120
Serhii Burdelnyi_167710,Serhii Burdelnyi,-1,0,46,51,-5,97,2021-07-21 16:30:00,502121
Yevhen Masko_2100851601,Yevhen Masko,-3,0,18,34,-16,52,2021-07-21 16:30:00,502122
V Vologzhanin_124220,V Vologzhanin,1,1,48,36,12,84,2021-07-21 16:30:00,502123
Oleksandr Shchytka_529798515,Oleksandr Shchytka,-3,0,13,33,-20,46,2021-07-21 16:35:00,502124
Martin Melisek_168027,Martin Melisek,-1,0,39,49,-10,88,2021-07-21 16:35:00,502125
Hanna Babii_167725,Hanna Babii,-3,0,22,33,-11,55,2021-07-21 16:35:00,502126
Oleksandr Brezytskyi_1869187649,Oleksandr Brezytskyi,1,1,47,44,3,91,2021-07-21 16:40:00,502127
Kateryna Somova_167740,Kateryna Somova,-2,0,24,42,-18,66,2021-07-21 16:40:00,502128
Illia Hubariev_1203970046,Illia Hubariev,-2,0,32,39,-7,71,2021-07-21 16:45:00,502129
Oleksandr Buberenko_167767,Oleksandr Buberenko,3,1,33,16,17,49,2021-07-21 16:45:00,502130
I Minchenkov_124182,I Minchenkov,-2,0,29,39,-10,68,2021-07-21 16:45:00,502131
Vitalii Protopopov_1702569042,Vitalii Protopopov,-2,0,26,41,-15,67,2021-07-21 16:50:00,502132
Oleh Hil_167701,Oleh Hil,-1,0,54,55,-1,109,2021-07-21 16:50:00,502133
Oleksandr Shapoval_167781,Oleksandr Shapoval,1,1,52,47,5,99,2021-07-21 16:55:00,502134
Mykola Tovkach_1579413194,Mykola Tovkach,-3,0,27,34,-7,61,2021-07-21 16:55:00,502135
Serhii Solomko_167711,Serhii Solomko,-3,0,21,33,-12,54,2021-07-21 17:00:00,502136
Vitalii Zharskiy_274647317,Vitalii Zharskiy,-2,0,34,42,-8,76,2021-07-21 17:00:00,502137
Milan Obertik_167837,Milan Obertik,3,1,34,28,6,62,2021-07-21 17:00:00,502138
V Staroverov_124221,V Staroverov,-1,0,47,53,-6,100,2021-07-21 17:02:00,502139
A Krotkov_124254,A Krotkov,-3,0,20,34,-14,54,2021-07-21 17:03:00,502140
R Hasmanda_27823,R Hasmanda,1,1,51,46,5,97,2021-07-21 17:04:00,502141
Mykola Lytvynenko_1615499294,Mykola Lytvynenko,1,1,53,49,4,102,2021-07-21 17:05:00,502142
Iryna Ahalakova_167726,Iryna Ahalakova,-2,0,30,40,-10,70,2021-07-21 17:05:00,502143
Oleksandr Shchytka_1397240818,Oleksandr Shchytka,-3,0,21,35,-14,56,2021-07-21 17:10:00,502144
Yuliia Yemelianenko_167741,Yuliia Yemelianenko,-3,0,23,33,-10,56,2021-07-21 17:10:00,502145
Viktor Yevtodii_167768,Viktor Yevtodii,-2,0,34,42,-8,76,2021-07-21 17:15:00,502146
D Korneev_124183,D Korneev,-1,0,46,49,-3,95,2021-07-21 17:15:00,502147
Nikolay Bondarenko_1492276933,Nikolay Bondarenko,2,1,41,36,5,77,2021-07-21 17:15:00,502148
N Pashkov_124255,N Pashkov,-3,0,20,33,-13,53,2021-07-21 17:19:00,502149
Kyrylo Tkachenko_167702,Kyrylo Tkachenko,-3,0,20,33,-13,53,2021-07-21 17:20:00,502150
Anton Veliiev_1779873762,Anton Veliiev,1,1,50,45,5,95,2021-07-21 17:20:00,502151
Alexander Leonenko_400217277,Alexander Leonenko,-1,0,46,44,2,90,2021-07-21 17:25:00,502152
Serhii Pitsyk_167782,Serhii Pitsyk,3,1,34,28,6,62,2021-07-21 17:25:00,502153
Roman Rybachuk_2069416277,Roman Rybachuk,2,1,40,29,11,69,2021-07-21 17:30:00,502154
Petr Dvorak_167838,Petr Dvorak,1,1,56,47,9,103,2021-07-21 17:30:00,502155
Volodymyr Melnykov_167712,Volodymyr Melnykov,2,1,44,31,13,75,2021-07-21 17:30:00,502156
V Vologzhanin_124222,V Vologzhanin,-1,0,44,47,-3,91,2021-07-21 17:32:00,502157
Anastasiia Havelia_167727,Anastasiia Havelia,2,1,42,27,15,69,2021-07-21 17:35:00,502158
Maksym Mykhailovych_1666300062,Maksym Mykhailovych,-3,0,17,33,-16,50,2021-07-21 17:35:00,502159
M Kolar_27824,M Kolar,2,1,41,29,12,70,2021-07-21 17:37:00,502160
Serhii Zemiantsev_1205671208,Serhii Zemiantsev,-3,0,13,33,-20,46,2021-07-21 17:40:00,502161
Anastasiia Ostapenko_167742,Anastasiia Ostapenko,3,1,33,14,19,47,2021-07-21 17:40:00,502162
Oleksandr Hryshchenko_167769,Oleksandr Hryshchenko,-2,0,34,41,-7,75,2021-07-21 17:45:00,502163
Oleksandr Brezytskyi_1010334480,Oleksandr Brezytskyi,2,1,43,33,10,76,2021-07-21 17:45:00,502164
A Krotkov_124256,A Krotkov,2,1,39,36,3,75,2021-07-21 17:46:00,502165
Oleksandr Shchytka_783190439,Oleksandr Shchytka,2,1,44,30,14,74,2021-07-21 17:50:00,502166
Oleh Holiak_167703,Oleh Holiak,2,1,43,27,16,70,2021-07-21 17:50:00,502167
Igor Trydukh_167795,Igor Trydukh,-2,0,35,42,-7,77,2021-07-21 17:50:00,502168
I Minchenkov_124184,I Minchenkov,2,1,37,26,11,63,2021-07-21 17:50:00,502169
Oleksandr Shapoval_167783,Oleksandr Shapoval,3,1,33,18,15,51,2021-07-21 17:55:00,502170
Maksym Senchenko_569935630,Maksym Senchenko,1,1,46,43,3,89,2021-07-21 17:55:00,502171
Oleg Hubanishchev_167713,Oleg Hubanishchev,-3,0,29,37,-8,66,2021-07-21 18:00:00,502172
Petr Dvorak_167839,Petr Dvorak,-3,0,24,33,-9,57,2021-07-21 18:00:00,502173
Dmitriy Zaporozhets_261315385,Dmitriy Zaporozhets,-2,0,38,41,-3,79,2021-07-21 18:00:00,502174
M Gusev_124223,M Gusev,2,1,40,27,13,67,2021-07-21 18:00:00,502175
A Barbora_27825,A Barbora,1,1,47,45,2,92,2021-07-21 18:02:00,502176
Liudmyla Kabakova_167728,Liudmyla Kabakova,2,1,41,29,12,70,2021-07-21 18:05:00,502177
Mykola Tovkach_685176736,Mykola Tovkach,-2,0,31,41,-10,72,2021-07-21 18:05:00,502178
Andrii Zeniuk_19078283,Andrii Zeniuk,-3,0,17,33,-16,50,2021-07-21 18:10:00,502179
Kateryna Somova_167743,Kateryna Somova,-1,0,41,46,-5,87,2021-07-21 18:10:00,502180
Vadym Ishchuk_167770,Vadym Ishchuk,-2,0,34,39,-5,73,2021-07-21 18:15:00,502181
Yevhen Masko_1432396977,Yevhen Masko,-3,0,31,38,-7,69,2021-07-21 18:15:00,502182
K Simonov_124257,K Simonov,1,1,45,39,6,84,2021-07-21 18:16:00,502183
I Novikov_124185,I Novikov,-3,0,19,33,-14,52,2021-07-21 18:16:00,502184
Kyrylo Tkachenko_167704,Kyrylo Tkachenko,2,1,45,39,6,84,2021-07-21 18:20:00,502185
Ivan Udovenko_167796,Ivan Udovenko,-3,0,23,33,-10,56,2021-07-21 18:20:00,502186
Nikolay Bondarenko_1567305831,Nikolay Bondarenko,-1,0,49,54,-5,103,2021-07-21 18:20:00,502187
Oleksandr Brezytskyi_1866061760,Oleksandr Brezytskyi,2,1,48,42,6,90,2021-07-21 18:25:00,502188
Andrii Peretiatko_167784,Andrii Peretiatko,-1,0,45,46,-1,91,2021-07-21 18:25:00,502189
Serhii Burdelnyi_167714,Serhii Burdelnyi,-2,0,34,42,-8,76,2021-07-21 18:30:00,502190
Illia Hubariev_1107684842,Illia Hubariev,1,1,53,50,3,103,2021-07-21 18:30:00,502191
V Staroverov_124378,V Staroverov,-1,0,49,53,-4,102,2021-07-21 18:30:00,502192
Milan Obertik_167840,Milan Obertik,-1,0,45,50,-5,95,2021-07-21 18:30:00,502193
T Varnuska_27826,T Varnuska,3,1,34,18,16,52,2021-07-21 18:32:00,502194
Hanna Babii_167729,Hanna Babii,-2,0,32,42,-10,74,2021-07-21 18:35:00,502195
Vitalii Protopopov_2011156047,Vitalii Protopopov,-2,0,32,42,-10,74,2021-07-21 18:35:00,502196
Anastasiia Ostapenko_167744,Anastasiia Ostapenko,1,1,51,45,6,96,2021-07-21 18:40:00,502197
Roman Rybachuk_418619650,Roman Rybachuk,-3,0,28,35,-7,63,2021-07-21 18:40:00,502198
Oleksandr Buberenko_167771,Oleksandr Buberenko,2,1,43,33,10,76,2021-07-21 18:45:00,502199
I Novikov_124380,I Novikov,-3,0,23,33,-10,56,2021-07-21 18:45:00,502200
Vitalii Zharskiy_969374210,Vitalii Zharskiy,2,1,43,39,4,82,2021-07-21 18:45:00,502201
Nazar Kasianyk_167797,Nazar Kasianyk,3,1,33,18,15,51,2021-07-21 18:50:00,502202
Mykola Lytvynenko_142762538,Mykola Lytvynenko,-2,0,29,39,-10,68,2021-07-21 18:50:00,502203
Oleh Hil_167705,Oleh Hil,-2,0,33,42,-9,75,2021-07-21 18:50:00,502204
N Pashkov_124388,N Pashkov,3,1,34,24,10,58,2021-07-21 18:51:00,502205
Vasyl Shepel_1462643671,Vasyl Shepel,2,1,42,33,9,75,2021-07-21 18:55:00,502206
Serhii Khandetskyi_167785,Serhii Khandetskyi,-3,0,16,33,-17,49,2021-07-21 18:55:00,502207
Serhii Solomko_167715,Serhii Solomko,3,1,33,21,12,54,2021-07-21 19:00:00,502208
Oleksandr Shchytka_2087290293,Oleksandr Shchytka,-3,0,26,35,-9,61,2021-07-21 19:00:00,502209
Tomas Cerveny_167841,Tomas Cerveny,-2,0,32,41,-9,73,2021-07-21 19:00:00,502210
A Barbora_27827,A Barbora,-2,0,30,37,-7,67,2021-07-21 19:00:00,502211
M Gusev_124379,M Gusev,1,1,47,46,1,93,2021-07-21 19:01:00,502212
Iryna Ahalakova_167730,Iryna Ahalakova,2,1,40,32,8,72,2021-07-21 19:05:00,502213
Anton Veliiev_1805733668,Anton Veliiev,3,1,33,19,14,52,2021-07-21 19:05:00,502214
Yuliia Yemelianenko_167745,Yuliia Yemelianenko,-1,0,45,44,1,89,2021-07-21 19:10:00,502215
Alexander Leonenko_1700415832,Alexander Leonenko,3,1,38,30,8,68,2021-07-21 19:10:00,502216
Viktor Yevtodii_167772,Viktor Yevtodii,1,1,44,43,1,87,2021-07-21 19:15:00,502217
Illia Semeniuk_1291358806,Illia Semeniuk,1,1,49,45,4,94,2021-07-21 19:15:00,502218
I Minchenkov_124381,I Minchenkov,-2,0,37,44,-7,81,2021-07-21 19:15:00,502219
A Poprocky_124389,A Poprocky,-3,0,25,34,-9,59,2021-07-21 19:16:00,502220
Oleh Holiak_167706,Oleh Holiak,1,1,48,40,8,88,2021-07-21 19:20:00,502221
Ivan Udovenko_167798,Ivan Udovenko,-1,0,40,45,-5,85,2021-07-21 19:20:00,502222
Maksym Mykhailovych_1966066358,Maksym Mykhailovych,-1,0,49,50,-1,99,2021-07-21 19:20:00,502223
Serhii Zemiantsev_975566101,Serhii Zemiantsev,1,1,38,41,-3,79,2021-07-21 19:25:00,502224
Serhii Pitsyk_167786,Serhii Pitsyk,-1,0,42,50,-8,92,2021-07-21 19:25:00,502225
Oleksandr Shchytka_1397601838,Oleksandr Shchytka,-2,0,38,46,-8,84,2021-07-21 19:30:00,502226
M Kolar_27828,M Kolar,-1,0,52,49,3,101,2021-07-21 19:30:00,502227
Volodymyr Melnykov_167716,Volodymyr Melnykov,2,1,47,37,10,84,2021-07-21 19:30:00,502228
Milan Obertik_167842,Milan Obertik,-2,0,35,38,-3,73,2021-07-21 19:30:00,502229
Anastasiia Havelia_167731,Anastasiia Havelia,-1,0,48,54,-6,102,2021-07-21 19:35:00,502230
Vasyl Shepel_2067488576,Vasyl Shepel,3,1,33,13,20,46,2021-07-21 19:35:00,502231
G Bardyshev_124224,G Bardyshev,2,1,39,23,16,62,2021-07-21 19:38:00,502232
Maksym Senchenko_368898901,Maksym Senchenko,3,1,33,22,11,55,2021-07-21 19:40:00,502233
Kateryna Somova_167746,Kateryna Somova,2,1,46,41,5,87,2021-07-21 19:40:00,502234
Dmitriy Zaporozhets_823260550,Dmitriy Zaporozhets,1,1,48,43,5,91,2021-07-21 19:45:00,502235
Oleksandr Hryshchenko_167773,Oleksandr Hryshchenko,-2,0,37,46,-9,83,2021-07-21 19:45:00,502236
A Shirshov_124258,A Shirshov,3,1,34,24,10,58,2021-07-21 19:47:00,502237
D Petrochenko_124186,D Petrochenko,3,1,35,24,11,59,2021-07-21 19:47:00,502238
Oleksandr Shpak_167707,Oleksandr Shpak,2,1,40,34,6,74,2021-07-21 19:50:00,502239
Igor Trydukh_167799,Igor Trydukh,-3,0,18,33,-15,51,2021-07-21 19:50:00,502240
Mykola Tovkach_162872580,Mykola Tovkach,-2,0,30,40,-10,70,2021-07-21 19:50:00,502241
Oleksandr Shapoval_167787,Oleksandr Shapoval,-2,0,34,41,-7,75,2021-07-21 19:55:00,502242
Andrii Zeniuk_1164397105,Andrii Zeniuk,2,1,44,28,16,72,2021-07-21 19:55:00,502243
Yevhen Masko_710905886,Yevhen Masko,-1,0,47,51,-4,98,2021-07-21 20:00:00,502244
I Mihaylov_124225,I Mihaylov,-2,0,35,40,-5,75,2021-07-21 20:00:00,502245
Liudmyla Kabakova_167732,Liudmyla Kabakova,3,1,36,29,7,65,2021-07-21 20:05:00,502246
Oleksandr Bondarchuk_1161863346,Oleksandr Bondarchuk,2,1,42,36,6,78,2021-07-21 20:05:00,502247
Tomas Cerveny_168162,Tomas Cerveny,-3,0,25,33,-8,58,2021-07-21 20:10:00,502248
Andriy Chermenskyi_1354043032,Andriy Chermenskyi,-3,0,17,33,-16,50,2021-07-21 20:10:00,502249
Vadym Ishchuk_167774,Vadym Ishchuk,3,1,33,20,13,53,2021-07-21 20:15:00,502250
A Klavdenkov_124187,A Klavdenkov,1,1,50,49,1,99,2021-07-21 20:15:00,502251
Serhii Rutskyi_1114371206,Serhii Rutskyi,2,1,44,40,4,84,2021-07-21 20:15:00,502252
V Fedorov_124259,V Fedorov,2,1,43,39,4,82,2021-07-21 20:15:00,502253
Oleh Kuzyshyn_167800,Oleh Kuzyshyn,-1,0,50,56,-6,106,2021-07-21 20:20:00,502254
Andrii Troyan_961050504,Andrii Troyan,3,1,37,31,6,68,2021-07-21 20:20:00,502255
A Barbora_27869,A Barbora,-2,0,32,40,-8,72,2021-07-21 20:24:00,502256
Andrii Peretiatko_167788,Andrii Peretiatko,-2,0,31,42,-11,73,2021-07-21 20:25:00,502257
Roman Rybachuk_1968101487,Roman Rybachuk,3,1,33,23,10,56,2021-07-21 20:25:00,502258
Vladyslav-Ivan Sheremeta_168166,Vladyslav-Ivan Sheremeta,3,1,33,17,16,50,2021-07-21 20:25:00,502259
Serhii Burdelnyi_167718,Serhii Burdelnyi,-1,0,39,46,-7,85,2021-07-21 20:30:00,502260
Vadim Tokar_1096098672,Vadim Tokar,-1,0,42,42,0,84,2021-07-21 20:30:00,502261
I Zemit_124226,I Zemit,2,1,41,35,6,76,2021-07-21 20:31:00,502262
Roman Derypaska_833855799,Roman Derypaska,-3,0,16,34,-18,50,2021-07-21 20:35:00,502263
Hanna Babii_167733,Hanna Babii,1,1,51,43,8,94,2021-07-21 20:35:00,502264
Oleksandr Bondarchuk_1338042292,Oleksandr Bondarchuk,3,1,33,16,17,49,2021-07-21 20:40:00,502265
Yuliia Yemelianenko_168164,Yuliia Yemelianenko,-1,0,52,53,-1,105,2021-07-21 20:40:00,502266
Roland Balog_168163,Roland Balog,-2,0,31,44,-13,75,2021-07-21 20:40:00,502267
Dmytro Alekseenko_1246950782,Dmytro Alekseenko,-3,0,21,33,-12,54,2021-07-21 20:45:00,502268
Oleksandr Buberenko_167775,Oleksandr Buberenko,-2,0,28,42,-14,70,2021-07-21 20:45:00,502269
A Innazarov_124260,A Innazarov,-3,0,24,33,-9,57,2021-07-21 20:45:00,502270
Nazar Kasianyk_167801,Nazar Kasianyk,-3,0,23,36,-13,59,2021-07-21 20:50:00,502271
Illia Hubariev_1178531356,Illia Hubariev,3,1,35,26,9,61,2021-07-21 20:50:00,502272
R Hasmanda_27870,R Hasmanda,-2,0,27,41,-14,68,2021-07-21 20:51:00,502273
I Soldatov_124188,I Soldatov,-2,0,34,40,-6,74,2021-07-21 20:52:00,502274
Oleksandr Shpak_168167,Oleksandr Shpak,-3,0,14,33,-19,47,2021-07-21 20:55:00,502275
Vitalii Protopopov_1470524811,Vitalii Protopopov,-1,0,34,43,-9,77,2021-07-21 20:55:00,502276
Serhii Khandetskyi_167789,Serhii Khandetskyi,1,1,45,42,3,87,2021-07-21 20:55:00,502277
Volodymyr Melnykov_167719,Volodymyr Melnykov,2,1,48,40,8,88,2021-07-21 21:00:00,502278
Jonas Kulveit_167843,Jonas Kulveit,-3,0,25,34,-9,59,2021-07-21 21:00:00,502279
Mykola Tovkach_1727906938,Mykola Tovkach,-2,0,37,41,-4,78,2021-07-21 21:00:00,502280
V Mishakin_124227,V Mishakin,-3,0,17,33,-16,50,2021-07-21 21:01:00,502281
Vitalii Zharskiy_1417489141,Vitalii Zharskiy,1,1,54,42,12,96,2021-07-21 21:05:00,502282
Anastasiia Havelia_167734,Anastasiia Havelia,3,1,33,14,19,47,2021-07-21 21:05:00,502283
Alisa Dubrova_168165,Alisa Dubrova,-2,0,23,41,-18,64,2021-07-21 21:10:00,502284
Mykola Lytvynenko_1528367886,Mykola Lytvynenko,-2,0,39,47,-8,86,2021-07-21 21:10:00,502285
E Kupryakov_124261,E Kupryakov,-2,0,29,38,-9,67,2021-07-21 21:15:00,502286
M Huk_27829,M Huk,-2,0,34,44,-10,78,2021-07-21 21:15:00,502287
Andriy Chermenskyi_709668473,Andriy Chermenskyi,-2,0,38,49,-11,87,2021-07-21 21:15:00,502288
Oleksandr Hryshchenko_167776,Oleksandr Hryshchenko,-1,0,34,44,-10,78,2021-07-21 21:15:00,502289
A Yudin_124189,A Yudin,2,1,36,23,13,59,2021-07-21 21:17:00,502290
Ivan Udovenko_167802,Ivan Udovenko,1,1,55,52,3,107,2021-07-21 21:20:00,502291
Oleksandr Bondarchuk_1070484686,Oleksandr Bondarchuk,2,1,43,37,6,80,2021-07-21 21:20:00,502292
Illia Hubariev_690037137,Illia Hubariev,1,1,53,47,6,100,2021-07-21 21:25:00,502293
Serhii Pitsyk_167790,Serhii Pitsyk,-1,0,43,50,-7,93,2021-07-21 21:25:00,502294
Milos Frydl_167844,Milos Frydl,3,1,34,27,7,61,2021-07-21 21:30:00,502295
I Zemit_124228,I Zemit,2,1,47,46,1,93,2021-07-21 21:30:00,502296
Valerii Hries_167720,Valerii Hries,3,1,33,23,10,56,2021-07-21 21:30:00,502297
Vasiliy Smyk_743927321,Vasiliy Smyk,1,1,44,43,1,87,2021-07-21 21:30:00,502298
Roman Rybachuk_129795462,Roman Rybachuk,-1,0,46,46,0,92,2021-07-21 21:35:00,502299
Oleksandra Naidych_167735,Oleksandra Naidych,-1,0,47,53,-6,100,2021-07-21 21:35:00,502300
K Brozik_27830,K Brozik,1,1,43,43,0,86,2021-07-21 21:36:00,502301
Vitalii Zharskiy_1669276350,Vitalii Zharskiy,-2,0,30,42,-12,72,2021-07-21 21:40:00,502302
A Innazarov_124262,A Innazarov,3,1,33,21,12,54,2021-07-21 21:45:00,502303
Yevhen Masko_294699176,Yevhen Masko,2,1,40,32,8,72,2021-07-21 21:45:00,502304
Vladyslav Mishchenko_167777,Vladyslav Mishchenko,1,1,53,48,5,101,2021-07-21 21:45:00,502305
I Soldatov_124190,I Soldatov,-2,0,39,45,-6,84,2021-07-21 21:48:00,502306
Igor Trydukh_167803,Igor Trydukh,1,1,45,43,2,88,2021-07-21 21:50:00,502307
Dmytro Alekseenko_1567721868,Dmytro Alekseenko,1,1,54,49,5,103,2021-07-21 21:50:00,502308
Andrii Peretiatko_167791,Andrii Peretiatko,1,1,45,40,5,85,2021-07-21 21:55:00,502309
Andriy Chermenskyi_1470740206,Andriy Chermenskyi,-1,0,49,55,-6,104,2021-07-21 21:55:00,502310
Serhii Rutskyi_604970408,Serhii Rutskyi,3,1,33,22,11,55,2021-07-21 22:00:00,502311
I Mihaylov_124229,I Mihaylov,2,1,41,35,6,76,2021-07-21 22:00:00,502312
jr. Havlik_27831,jr. Havlik,-3,0,28,35,-7,63,2021-07-21 22:00:00,502313
Milos Frydl_167845,Milos Frydl,2,1,43,33,10,76,2021-07-21 22:00:00,502314
Anastasiia Havelia_167736,Anastasiia Havelia,-1,0,48,53,-5,101,2021-07-21 22:05:00,502315
Andrii Troyan_1015474788,Andrii Troyan,2,1,43,33,10,76,2021-07-21 22:05:00,502316
Mykola Tovkach_1737134105,Mykola Tovkach,-3,0,24,37,-13,61,2021-07-21 22:10:00,502317
Oleksandr Hryshchenko_167778,Oleksandr Hryshchenko,-2,0,37,41,-4,78,2021-07-21 22:15:00,502318
V Fedorov_124263,V Fedorov,1,1,50,44,6,94,2021-07-21 22:15:00,502319
Andrii Zeniuk_1215455547,Andrii Zeniuk,-1,0,50,54,-4,104,2021-07-21 22:15:00,502320
Oleh Kuzyshyn_167804,Oleh Kuzyshyn,-1,0,46,58,-12,104,2021-07-21 22:20:00,502321
Serhii Zemiantsev_2110003210,Serhii Zemiantsev,-2,0,27,41,-14,68,2021-07-21 22:20:00,502322
A Klavdenkov_124191,A Klavdenkov,-2,0,38,48,-10,86,2021-07-21 22:25:00,502323
Denis Kebalo_668285645,Denis Kebalo,-1,0,47,42,5,89,2021-07-21 22:25:00,502324
Maksym Marchuk_167792,Maksym Marchuk,-3,0,24,33,-9,57,2021-07-21 22:25:00,502325
Oleksandr Bondarchuk_1245034544,Oleksandr Bondarchuk,3,1,33,23,10,56,2021-07-21 22:30:00,502326
Serhii Solomko_167722,Serhii Solomko,-1,0,51,54,-3,105,2021-07-21 22:30:00,502327
Jonas Kulveit_167846,Jonas Kulveit,3,1,34,23,11,57,2021-07-21 22:30:00,502328
V Mishakin_124418,V Mishakin,1,1,49,48,1,97,2021-07-21 22:31:00,502329
P Bradac_27832,P Bradac,-2,0,30,42,-12,72,2021-07-21 22:31:00,502330
Iryna Ahalakova_167737,Iryna Ahalakova,-3,0,14,33,-19,47,2021-07-21 22:35:00,502331
Viktor Yevtodii_167779,Viktor Yevtodii,-3,0,12,33,-21,45,2021-07-21 22:45:00,502332
Serhii Berezynskyi_1481125743,Serhii Berezynskyi,2,1,43,35,8,78,2021-07-21 22:45:00,502333
Nazar Kasianyk_167805,Nazar Kasianyk,3,1,33,18,15,51,2021-07-21 22:50:00,502334
Andrii Peretiatko_167793,Andrii Peretiatko,-3,0,15,33,-18,48,2021-07-21 22:55:00,502335
E Kupryakov_124420,E Kupryakov,-1,0,47,50,-3,97,2021-07-21 22:57:00,502336
Jan Sr Krames_167847,Jan Sr Krames,3,1,36,30,6,66,2021-07-21 23:00:00,502337
Dmytro Alekseenko_1749388003,Dmytro Alekseenko,-1,0,42,50,-8,92,2021-07-21 23:00:00,502338
I Mihaylov_124419,I Mihaylov,-3,0,27,34,-7,61,2021-07-21 23:01:00,502339
jr. Havlik_27833,jr. Havlik,3,1,34,27,7,61,2021-07-21 23:01:00,502340
I Soldatov_124422,I Soldatov,-3,0,27,34,-7,61,2021-07-21 23:02:00,502341
Denis Kebalo_1087793455,Denis Kebalo,3,1,33,18,15,51,2021-07-21 23:05:00,502342
Igor Trydukh_167806,Igor Trydukh,1,1,47,45,2,92,2021-07-21 23:20:00,502343
A Yudin_124423,A Yudin,-2,0,35,39,-4,74,2021-07-21 23:24:00,502344
Oleksandr Shapoval_167794,Oleksandr Shapoval,-1,0,37,45,-8,82,2021-07-21 23:25:00,502345
A Shirshov_124421,A Shirshov,2,1,42,37,5,79,2021-07-21 23:27:00,502346
Jonas Kulveit_167848,Jonas Kulveit,-2,0,38,39,-1,77,2021-07-21 23:30:00,502347
K Brozik_27834,K Brozik,1,1,54,47,7,101,2021-07-21 23:30:00,502348
R Pavlenko_124230,R Pavlenko,2,1,43,32,11,75,2021-07-21 23:32:00,502349
Oleksii Krutko_1993113164,Oleksii Krutko,-1,0,48,47,1,95,2021-07-21 23:35:00,502350
Vladimir Malashevsky_621604248,Vladimir Malashevsky,1,1,43,43,0,86,2021-07-21 23:45:00,502351
D Balakin_124196,D Balakin,-1,0,47,45,2,92,2021-07-21 23:50:00,502352
Dmytro Prokopenko_167807,Dmytro Prokopenko,2,1,42,34,8,76,2021-07-21 23:50:00,502353
E Kalashnikov_124264,E Kalashnikov,2,1,41,34,7,75,2021-07-21 23:58:00,502354
T Turabekov_124231,T Turabekov,2,1,43,33,10,76,2021-07-22 00:01:00,502355
P Bradac_27871,P Bradac,-2,0,32,44,-12,76,2021-07-22 00:01:00,502356
Jan Sr Krames_168182,Jan Sr Krames,3,1,38,32,6,70,2021-07-22 00:05:00,502357
Denys Shcherbak_1479825100,Denys Shcherbak,-2,0,36,35,1,71,2021-07-22 00:05:00,502358
Viktor Trachuk_1967958602,Viktor Trachuk,2,1,38,26,12,64,2021-07-22 00:15:00,502359
Igor Trydukh_167808,Igor Trydukh,2,1,43,36,7,79,2021-07-22 00:20:00,502360
I Soldatov_124265,I Soldatov,3,1,33,22,11,55,2021-07-22 00:23:00,502361
N Sadovskiy_124197,N Sadovskiy,1,1,51,39,12,90,2021-07-22 00:23:00,502362
Oleksandr Gomilko_167810,Oleksandr Gomilko,-2,0,37,40,-3,77,2021-07-22 00:25:00,502363
M Huk_27872,M Huk,1,1,47,46,1,93,2021-07-22 00:30:00,502364
Zh Tsybikov_124232,Zh Tsybikov,-2,0,35,41,-6,76,2021-07-22 00:31:00,502365
Filip Marat_168183,Filip Marat,-3,0,21,33,-12,54,2021-07-22 00:35:00,502366
Oleksii Krutko_2130749223,Oleksii Krutko,3,1,35,26,9,61,2021-07-22 00:35:00,502367
Vladimir Malashevsky_1498699694,Vladimir Malashevsky,-1,0,40,53,-13,93,2021-07-22 00:45:00,502368
V Safonov_124266,V Safonov,1,1,48,40,8,88,2021-07-22 00:46:00,502369
Ivan Udovenko_167809,Ivan Udovenko,-3,0,21,33,-12,54,2021-07-22 00:50:00,502370
K Malahov_124198,K Malahov,2,1,41,33,8,74,2021-07-22 00:52:00,502371
Dmytro Rehotun_167811,Dmytro Rehotun,2,1,42,34,8,76,2021-07-22 00:55:00,502372
S Ogai_124233,S Ogai,-1,0,43,50,-7,93,2021-07-22 01:03:00,502373
Denys Shcherbak_767985231,Denys Shcherbak,1,1,51,45,6,96,2021-07-22 01:05:00,502374
Viktor Trachuk_1226207029,Viktor Trachuk,2,1,41,34,7,75,2021-07-22 01:15:00,502375
D Sayanov_124267,D Sayanov,3,1,34,26,8,60,2021-07-22 01:16:00,502376
A Vlasov_124199,A Vlasov,-3,0,24,33,-9,57,2021-07-22 01:22:00,502377
Roman Hnoievoi_167812,Roman Hnoievoi,-2,0,25,40,-15,65,2021-07-22 01:25:00,502378
Oleksii Krutko_876214316,Oleksii Krutko,-1,0,44,54,-10,98,2021-07-22 01:35:00,502379
T Turabekov_124234,T Turabekov,-2,0,38,40,-2,78,2021-07-22 01:37:00,502380
Vladimir Malashevsky_185659227,Vladimir Malashevsky,-2,0,34,45,-11,79,2021-07-22 01:45:00,502381
N Sadovskiy_124200,N Sadovskiy,3,1,36,25,11,61,2021-07-22 01:45:00,502382
I Soldatov_124268,I Soldatov,-3,0,24,33,-9,57,2021-07-22 01:46:00,502383
Dmytro Rehotun_167813,Dmytro Rehotun,2,1,39,28,11,67,2021-07-22 01:55:00,502384
S Ogai_124235,S Ogai,3,1,33,19,14,52,2021-07-22 02:03:00,502385
Serhii Boiko_811169631,Serhii Boiko,2,1,39,33,6,72,2021-07-22 02:05:00,502386
Aleksandr Tulenin_1339299032,Aleksandr Tulenin,2,1,39,33,6,72,2021-07-22 02:15:00,502387
A Vlasov_124201,A Vlasov,-3,0,27,36,-9,63,2021-07-22 02:16:00,502388
D Sayanov_124269,D Sayanov,-2,0,31,40,-9,71,2021-07-22 02:17:00,502389
Oleksandr Gomilko_167814,Oleksandr Gomilko,1,1,50,39,11,89,2021-07-22 02:25:00,502390
A Fedosov_124236,A Fedosov,-1,0,47,49,-2,96,2021-07-22 02:33:00,502391
Oleksii Krutko_1274130938,Oleksii Krutko,1,1,51,38,13,89,2021-07-22 02:35:00,502392
Viktor Trachuk_283540794,Viktor Trachuk,2,1,43,29,14,72,2021-07-22 02:45:00,502393
Artem Slashchev_124202,Artem Slashchev,-2,0,45,50,-5,95,2021-07-22 02:45:00,502394
N Zhurba_124270,N Zhurba,-3,0,20,33,-13,53,2021-07-22 02:45:00,502395
Oleksandr Kovalchuk_167815,Oleksandr Kovalchuk,-3,0,31,43,-12,74,2021-07-22 02:55:00,502396
Zh Tsybikov_124237,Zh Tsybikov,3,1,37,30,7,67,2021-07-22 03:02:00,502397
Denys Shcherbak_1479647661,Denys Shcherbak,-2,0,35,43,-8,78,2021-07-22 03:05:00,502398
Vladimir Malashevsky_1498665108,Vladimir Malashevsky,-1,0,41,48,-7,89,2021-07-22 03:15:00,502399
V Safonov_124271,V Safonov,2,1,43,30,13,73,2021-07-22 03:16:00,502400
K Malahov_124203,K Malahov,-2,0,31,37,-6,68,2021-07-22 03:19:00,502401
Roman Hnoievoi_167816,Roman Hnoievoi,3,1,33,20,13,53,2021-07-22 03:25:00,502402
R Pavlenko_124238,R Pavlenko,-3,0,22,33,-11,55,2021-07-22 03:33:00,502403
Oleksii Krutko_2130713354,Oleksii Krutko,-3,0,17,33,-16,50,2021-07-22 03:35:00,502404
Viktor Trachuk_1825641228,Viktor Trachuk,1,1,50,39,11,89,2021-07-22 03:45:00,502405
D Balakin_124204,D Balakin,-3,0,25,33,-8,58,2021-07-22 03:46:00,502406
E Kalashnikov_124272,E Kalashnikov,3,1,33,25,8,58,2021-07-22 03:46:00,502407
Dmytro Rehotun_167817,Dmytro Rehotun,2,1,42,38,4,80,2021-07-22 03:55:00,502408
A Fedosov_124239,A Fedosov,1,1,48,43,5,91,2021-07-22 04:02:00,502409
Denys Shcherbak_1666041384,Denys Shcherbak,-2,0,31,39,-8,70,2021-07-22 04:05:00,502410
Vladimir Malashevsky_288795333,Vladimir Malashevsky,-3,0,21,34,-13,55,2021-07-22 04:15:00,502411
Artem Slashchev_124205,Artem Slashchev,-2,0,33,42,-9,75,2021-07-22 04:15:00,502412
N Zhurba_124273,N Zhurba,-3,0,19,33,-14,52,2021-07-22 04:16:00,502413
Oleksandr Gomilko_167818,Oleksandr Gomilko,-3,0,20,33,-13,53,2021-07-22 04:25:00,502414
R Pavlenko_124424,R Pavlenko,-3,0,26,35,-9,61,2021-07-22 04:35:00,502415
Oleksii Krutko_704948637,Oleksii Krutko,2,1,43,30,13,73,2021-07-22 04:35:00,502416
D Sayanov_124426,D Sayanov,-3,0,27,34,-7,61,2021-07-22 04:45:00,502417
Viktor Trachuk_1226030613,Viktor Trachuk,-2,0,38,42,-4,80,2021-07-22 04:45:00,502418
D Balakin_124429,D Balakin,1,1,48,44,4,92,2021-07-22 04:49:00,502419
Oleksandr Kovalchuk_167819,Oleksandr Kovalchuk,3,1,33,21,12,54,2021-07-22 04:55:00,502420
Zh Tsybikov_124425,Zh Tsybikov,-2,0,41,44,-3,85,2021-07-22 05:00:00,502421
Serhii Boiko_810987964,Serhii Boiko,1,1,49,39,10,88,2021-07-22 05:05:00,502422
E Kalashnikov_124427,E Kalashnikov,-2,0,36,39,-3,75,2021-07-22 05:15:00,502423
Viktor Kotov_61750201,Viktor Kotov,1,1,48,41,7,89,2021-07-22 05:15:00,502424
Artem Slashchev_124428,Artem Slashchev,1,1,46,45,1,91,2021-07-22 05:25:00,502425
Roman Hnoievoi_167820,Roman Hnoievoi,-1,0,46,48,-2,94,2021-07-22 05:25:00,502426
Oleksandr Gomilko_167821,Oleksandr Gomilko,-1,0,45,45,0,90,2021-07-22 05:55:00,502427
Oleksandr Liushnia_167822,Oleksandr Liushnia,-1,0,43,47,-4,90,2021-07-22 06:25:00,502428
Oleksandr Gomilko_167823,Oleksandr Gomilko,-3,0,21,34,-13,55,2021-07-22 06:55:00,502429
Dmytro Rehotun_167824,Dmytro Rehotun,1,1,52,39,13,91,2021-07-22 07:25:00,502430
O Belugin_124334,O Belugin,-3,0,19,35,-16,54,2021-07-22 07:31:00,502431
A Komarov_124298,A Komarov,2,1,41,35,6,76,2021-07-22 07:46:00,502432
V Bazilevskiy_124382,V Bazilevskiy,1,1,51,42,9,93,2021-07-22 07:49:00,502433
Anton Riabukhin_1278635204,Anton Riabukhin,-3,0,16,33,-17,49,2021-07-22 07:50:00,502434
Vladyslav-Ivan Sheremeta_167998,Vladyslav-Ivan Sheremeta,2,1,41,31,10,72,2021-07-22 07:50:00,502435
Oleksandr Yarovoi_713569867,Oleksandr Yarovoi,2,1,40,36,4,76,2021-07-22 07:55:00,502436
Vladyslav Stukalov_168008,Vladyslav Stukalov,1,1,53,52,1,105,2021-07-22 08:00:00,502437
S Ovechkin_124335,S Ovechkin,-1,0,41,48,-7,89,2021-07-22 08:00:00,502438
Eduard Sotnikov_167983,Eduard Sotnikov,-1,0,46,41,5,87,2021-07-22 08:05:00,502439
Yuliia Yemelianenko_168028,Yuliia Yemelianenko,-2,0,37,48,-11,85,2021-07-22 08:10:00,502440
Oleksandr Buberenko_168043,Oleksandr Buberenko,3,1,38,27,11,65,2021-07-22 08:15:00,502441
E Makarenkov_124299,E Makarenkov,-2,0,34,42,-8,76,2021-07-22 08:16:00,502442
I Tolmachev_124383,I Tolmachev,-2,0,36,37,-1,73,2021-07-22 08:18:00,502443
Oleh Hil_167999,Oleh Hil,-2,0,35,43,-8,78,2021-07-22 08:20:00,502444
Anatolii Lievshin_1320980597,Anatolii Lievshin,-3,0,25,36,-11,61,2021-07-22 08:25:00,502445
Dmytro Kunchurov_168009,Dmytro Kunchurov,1,1,52,45,7,97,2021-07-22 08:30:00,502446
Bohdan Zaika_1909244632,Bohdan Zaika,-3,0,25,34,-9,59,2021-07-22 08:30:00,502447
G Karpovkin_124336,G Karpovkin,2,1,46,30,16,76,2021-07-22 08:32:00,502448
Mykhailo Hostiev_167984,Mykhailo Hostiev,-1,0,37,46,-9,83,2021-07-22 08:35:00,502449
Maksym Mykytiuk_240237871,Maksym Mykytiuk,-2,0,27,38,-11,65,2021-07-22 08:35:00,502450
Alisa Dubrova_168029,Alisa Dubrova,-1,0,47,50,-3,97,2021-07-22 08:40:00,502451
Serhii Hilitukha_447305344,Serhii Hilitukha,-1,0,47,53,-6,100,2021-07-22 08:40:00,502452
Oleksandr Hryshchenko_168044,Oleksandr Hryshchenko,-2,0,25,42,-17,67,2021-07-22 08:45:00,502453
Nazarii Hrytsyienko_1819037,Nazarii Hrytsyienko,3,1,36,22,14,58,2021-07-22 08:45:00,502454
D Andreev_124384,D Andreev,-2,0,34,41,-7,75,2021-07-22 08:46:00,502455
D Tikhnenko_124300,D Tikhnenko,1,1,52,41,11,93,2021-07-22 08:46:00,502456
Nazar Kasianyk_168058,Nazar Kasianyk,2,1,47,33,14,80,2021-07-22 08:50:00,502457
Vladyslav-Ivan Sheremeta_168000,Vladyslav-Ivan Sheremeta,-2,0,33,41,-8,74,2021-07-22 08:50:00,502458
Ihor Petryshyn_2007399668,Ihor Petryshyn,-3,0,29,35,-6,64,2021-07-22 08:50:00,502459
Nikita Trofimov_978500846,Nikita Trofimov,-3,0,16,33,-17,49,2021-07-22 08:55:00,502460
Oleksandr Zhuravlov_1987349285,Oleksandr Zhuravlov,-3,0,24,34,-10,58,2021-07-22 08:55:00,502461
Serhii Bohach_167968,Serhii Bohach,-2,0,29,43,-14,72,2021-07-22 08:55:00,502462
A Zabrodin_124337,A Zabrodin,3,1,33,22,11,55,2021-07-22 09:00:00,502463
Vitalii Vovk_431954142,Vitalii Vovk,1,1,50,48,2,98,2021-07-22 09:00:00,502464
Mykola Kulynych_167953,Mykola Kulynych,-1,0,46,54,-8,100,2021-07-22 09:00:00,502465
Vladyslav Stukalov_168010,Vladyslav Stukalov,2,1,39,32,7,71,2021-07-22 09:00:00,502466
Vaclav Jr Hejda_168138,Vaclav Jr Hejda,2,1,42,35,7,77,2021-07-22 09:00:00,502467
V Dolezal_27843,V Dolezal,3,1,33,18,15,51,2021-07-22 09:02:00,502468
Oleksandr Yarovoi_37698676,Oleksandr Yarovoi,-1,0,43,48,-5,91,2021-07-22 09:05:00,502469
Viktor Syvych_167985,Viktor Syvych,-3,0,20,33,-13,53,2021-07-22 09:05:00,502470
Pavlo Zaderei_1089609974,Pavlo Zaderei,2,1,45,31,14,76,2021-07-22 09:10:00,502471
Kateryna Somova_168030,Kateryna Somova,-2,0,25,40,-15,65,2021-07-22 09:10:00,502472
Nikita Korbut_115657149,Nikita Korbut,3,1,35,25,10,60,2021-07-22 09:15:00,502473
Oleksandr Ivchuk_168045,Oleksandr Ivchuk,-2,0,30,42,-12,72,2021-07-22 09:15:00,502474
A Lisov_124385,A Lisov,-1,0,42,48,-6,90,2021-07-22 09:17:00,502475
V Mishakin_124301,V Mishakin,3,1,35,25,10,60,2021-07-22 09:17:00,502476
Sviatoslav Sachuk_168059,Sviatoslav Sachuk,-1,0,41,52,-11,93,2021-07-22 09:20:00,502477
Vadym Nechyporuk_367809338,Vadym Nechyporuk,2,1,47,40,7,87,2021-07-22 09:20:00,502478
Kyrylo Tkachenko_168001,Kyrylo Tkachenko,-1,0,38,47,-9,85,2021-07-22 09:20:00,502479
Volodymyr Ivasiv_225908181,Volodymyr Ivasiv,1,1,50,46,4,96,2021-07-22 09:25:00,502480
Ihor Kovalenko_167969,Ihor Kovalenko,1,1,44,39,5,83,2021-07-22 09:25:00,502481
Jaroslav Puk_168139,Jaroslav Puk,2,1,43,34,9,77,2021-07-22 09:30:00,502482
Mykhailo Hlaholev_167954,Mykhailo Hlaholev,3,1,33,20,13,53,2021-07-22 09:30:00,502483
Ihor Biletskyi_168011,Ihor Biletskyi,2,1,42,24,18,66,2021-07-22 09:30:00,502484
G Karpovkin_124338,G Karpovkin,-3,0,23,33,-10,56,2021-07-22 09:30:00,502485
Yuriy Abroskin_603303937,Yuriy Abroskin,-1,0,48,48,0,96,2021-07-22 09:30:00,502486
Uryi Schepanskyi_785237900,Uryi Schepanskyi,-3,0,21,33,-12,54,2021-07-22 09:30:00,502487
J Svec_27844,J Svec,-3,0,18,33,-15,51,2021-07-22 09:31:00,502488
Anatolii Lievshin_252626799,Anatolii Lievshin,-1,0,48,55,-7,103,2021-07-22 09:35:00,502489
Mykhailo Hostiev_167986,Mykhailo Hostiev,-2,0,36,40,-4,76,2021-07-22 09:35:00,502490
Alisa Dubrova_168031,Alisa Dubrova,-3,0,18,33,-15,51,2021-07-22 09:40:00,502491
Mykola Zakladnyi_171707974,Mykola Zakladnyi,-1,0,43,48,-5,91,2021-07-22 09:40:00,502492
Oleksandr Hryshchenko_168046,Oleksandr Hryshchenko,-2,0,32,38,-6,70,2021-07-22 09:45:00,502493
Maksym Mykytiuk_1649477077,Maksym Mykytiuk,-1,0,38,47,-9,85,2021-07-22 09:45:00,502494
D Tikhnenko_124302,D Tikhnenko,1,1,48,37,11,85,2021-07-22 09:46:00,502495
D Andreev_124386,D Andreev,2,1,47,33,14,80,2021-07-22 09:46:00,502496
Maksym Mrykh_168060,Maksym Mrykh,1,1,40,43,-3,83,2021-07-22 09:50:00,502497
Serhii Hilitukha_921855037,Serhii Hilitukha,3,1,33,25,8,58,2021-07-22 09:50:00,502498
Oleh Hil_168002,Oleh Hil,-1,0,41,50,-9,91,2021-07-22 09:50:00,502499
Hennadii Buianover_167970,Hennadii Buianover,1,1,57,49,8,106,2021-07-22 09:55:00,502500
Nazarii Hrytsyienko_1366752399,Nazarii Hrytsyienko,1,1,46,40,6,86,2021-07-22 09:55:00,502501
Jaroslav Puk_168140,Jaroslav Puk,-1,0,49,46,3,95,2021-07-22 10:00:00,502502
Dmytro Kunchurov_168012,Dmytro Kunchurov,1,1,56,55,1,111,2021-07-22 10:00:00,502503
Ivan Kryvyi_167955,Ivan Kryvyi,2,1,44,32,12,76,2021-07-22 10:00:00,502504
Ihor Petryshyn_1035271636,Ihor Petryshyn,2,1,41,31,10,72,2021-07-22 10:00:00,502505
S Ovechkin_124339,S Ovechkin,1,1,50,41,9,91,2021-07-22 10:01:00,502506
Oleksandr Zhuravlov_1727317806,Oleksandr Zhuravlov,3,1,33,19,14,52,2021-07-22 10:05:00,502507
Eduard Sotnikov_167987,Eduard Sotnikov,2,1,45,37,8,82,2021-07-22 10:05:00,502508
Nikita Trofimov_2070494882,Nikita Trofimov,2,1,40,33,7,73,2021-07-22 10:05:00,502509
M Cmunt_27845,M Cmunt,-1,0,42,52,-10,94,2021-07-22 10:07:00,502510
Anton Riabukhin_2069059225,Anton Riabukhin,-3,0,18,33,-15,51,2021-07-22 10:10:00,502511
Yuliia Yemelianenko_168032,Yuliia Yemelianenko,2,1,41,29,12,70,2021-07-22 10:10:00,502512
Oleksandr Buberenko_168047,Oleksandr Buberenko,-2,0,37,44,-7,81,2021-07-22 10:15:00,502513
I Tolmachev_124387,I Tolmachev,3,1,33,25,8,58,2021-07-22 10:15:00,502514
Bohdan Zaika_1990770899,Bohdan Zaika,-2,0,38,45,-7,83,2021-07-22 10:15:00,502515
E Makarenkov_124303,E Makarenkov,-2,0,35,45,-10,80,2021-07-22 10:16:00,502516
Vladyslav-Ivan Sheremeta_168003,Vladyslav-Ivan Sheremeta,2,1,41,39,2,80,2021-07-22 10:20:00,502517
Yaroslav Voytenko_707184194,Yaroslav Voytenko,-3,0,11,33,-22,44,2021-07-22 10:20:00,502518
Sviatoslav Sachuk_168061,Sviatoslav Sachuk,-1,0,43,54,-11,97,2021-07-22 10:20:00,502519
Oleksiy Sapronov_4859149,Oleksiy Sapronov,-1,0,44,51,-7,95,2021-07-22 10:25:00,502520
Ihor Kovalenko_167971,Ihor Kovalenko,-1,0,52,56,-4,108,2021-07-22 10:25:00,502521
Vaclav Jr Hejda_168141,Vaclav Jr Hejda,3,1,35,25,10,60,2021-07-22 10:30:00,502522
Vladyslav Stukalov_168013,Vladyslav Stukalov,1,1,53,48,5,101,2021-07-22 10:30:00,502523
Vadym Nechyporuk_1148039710,Vadym Nechyporuk,-1,0,41,48,-7,89,2021-07-22 10:30:00,502524
Mykhailo Hlaholev_167956,Mykhailo Hlaholev,1,1,52,53,-1,105,2021-07-22 10:30:00,502525
Petro Tsolik_1714402744,Petro Tsolik,1,1,54,50,4,104,2021-07-22 10:35:00,502526
Oleksandr Khoroshun_167988,Oleksandr Khoroshun,3,1,33,20,13,53,2021-07-22 10:35:00,502527
T Andrle_27846,T Andrle,2,1,37,31,6,68,2021-07-22 10:37:00,502528
Olha Yureneva_168033,Olha Yureneva,3,1,33,13,20,46,2021-07-22 10:40:00,502529
Uryi Schepanskyi_1305788021,Uryi Schepanskyi,-1,0,49,55,-6,104,2021-07-22 10:40:00,502530
O Belugin_124430,O Belugin,1,1,51,47,4,98,2021-07-22 10:40:00,502531
Serhii Poliakov_1601740786,Serhii Poliakov,-1,0,45,50,-5,95,2021-07-22 10:40:00,502532
Volodymyr Plishylo_815017188,Volodymyr Plishylo,-1,0,43,48,-5,91,2021-07-22 10:45:00,502533
Vladyslav Mishchenko_168048,Vladyslav Mishchenko,3,1,33,20,13,53,2021-07-22 10:45:00,502534
E Makarenkov_124434,E Makarenkov,-2,0,32,44,-12,76,2021-07-22 10:46:00,502535
A Lisov_124432,A Lisov,-3,0,19,33,-14,52,2021-07-22 10:47:00,502536
Oleh Hil_168004,Oleh Hil,-2,0,33,43,-10,76,2021-07-22 10:50:00,502537
Nazar Kasianyk_168062,Nazar Kasianyk,-1,0,49,46,3,95,2021-07-22 10:50:00,502538
Oleksandr Yarovoi_785287281,Oleksandr Yarovoi,2,1,38,34,4,72,2021-07-22 10:50:00,502539
Pavlo Zaderei_1251207594,Pavlo Zaderei,-3,0,21,33,-12,54,2021-07-22 10:55:00,502540
Serhii Bohach_167972,Serhii Bohach,1,1,53,43,10,96,2021-07-22 10:55:00,502541
Dmytro Kunchurov_168014,Dmytro Kunchurov,1,1,49,41,8,90,2021-07-22 11:00:00,502542
Mykola Kulynych_167957,Mykola Kulynych,1,1,49,50,-1,99,2021-07-22 11:00:00,502543
Nikita Korbut_1762883434,Nikita Korbut,3,1,38,25,13,63,2021-07-22 11:00:00,502544
Lukas Mayer_168142,Lukas Mayer,-2,0,31,39,-8,70,2021-07-22 11:00:00,502545
M Cmunt_27847,M Cmunt,2,1,42,38,4,80,2021-07-22 11:03:00,502546
Viktor Syvych_167989,Viktor Syvych,3,1,33,23,10,56,2021-07-22 11:05:00,502547
Nazarii Hrytsyienko_1889759602,Nazarii Hrytsyienko,3,1,33,23,10,56,2021-07-22 11:05:00,502548
Volodymyr Ivasiv_1162472719,Volodymyr Ivasiv,-2,0,40,50,-10,90,2021-07-22 11:10:00,502549
Kateryna Somova_168034,Kateryna Somova,1,1,55,54,1,109,2021-07-22 11:10:00,502550
G Karpovkin_124431,G Karpovkin,-3,0,20,33,-13,53,2021-07-22 11:12:00,502551
Oleksandr Ivchuk_168049,Oleksandr Ivchuk,2,1,44,37,7,81,2021-07-22 11:15:00,502552
Nikita Trofimov_1085685656,Nikita Trofimov,1,1,46,49,-3,95,2021-07-22 11:15:00,502553
Yuriy Abroskin_1511791269,Yuriy Abroskin,2,1,37,32,5,69,2021-07-22 11:15:00,502554
D Andreev_124433,D Andreev,1,1,49,38,11,87,2021-07-22 11:17:00,502555
A Komarov_124435,A Komarov,3,1,33,24,9,57,2021-07-22 11:17:00,502556
Kyrylo Tkachenko_168005,Kyrylo Tkachenko,1,1,52,38,14,90,2021-07-22 11:20:00,502557
Iurii Bondarenko_168063,Iurii Bondarenko,-2,0,33,39,-6,72,2021-07-22 11:20:00,502558
Vitalii Vovk_333587373,Vitalii Vovk,-2,0,38,41,-3,79,2021-07-22 11:20:00,502559
Valerii Danchenko_167973,Valerii Danchenko,1,1,51,38,13,89,2021-07-22 11:25:00,502560
Mykola Zakladnyi_1884064964,Mykola Zakladnyi,-1,0,50,51,-1,101,2021-07-22 11:25:00,502561
Ihor Biletskyi_168015,Ihor Biletskyi,-1,0,47,50,-3,97,2021-07-22 11:30:00,502562
Maksym Mykytiuk_902427841,Maksym Mykytiuk,1,1,49,45,4,94,2021-07-22 11:30:00,502563
Vaclav Jr Hejda_168143,Vaclav Jr Hejda,-3,0,21,33,-12,54,2021-07-22 11:30:00,502564
Ihor Dubyna_167958,Ihor Dubyna,-2,0,25,41,-16,66,2021-07-22 11:30:00,502565
Mykhailo Hostiev_167990,Mykhailo Hostiev,1,1,45,38,7,83,2021-07-22 11:35:00,502566
Serhii Hilitukha_208734939,Serhii Hilitukha,2,1,39,31,8,70,2021-07-22 11:35:00,502567
M Ilichev_124342,M Ilichev,1,1,40,41,-1,81,2021-07-22 11:35:00,502568
J Svec_27848,J Svec,-3,0,14,33,-19,47,2021-07-22 11:36:00,502569
Alisa Dubrova_168035,Alisa Dubrova,-2,0,37,39,-2,76,2021-07-22 11:40:00,502570
Dmytro Vakhta_1486036093,Dmytro Vakhta,1,1,54,46,8,100,2021-07-22 11:40:00,502571
Oleksandr Hryshchenko_168050,Oleksandr Hryshchenko,1,1,45,50,-5,95,2021-07-22 11:45:00,502572
Ihor Petryshyn_2122448267,Ihor Petryshyn,-1,0,44,48,-4,92,2021-07-22 11:45:00,502573
F Ambrosimov_124390,F Ambrosimov,3,1,33,21,12,54,2021-07-22 11:46:00,502574
P Medvedev_124304,P Medvedev,-1,0,46,46,0,92,2021-07-22 11:48:00,502575
Vladyslav-Ivan Sheremeta_168006,Vladyslav-Ivan Sheremeta,3,1,35,23,12,58,2021-07-22 11:50:00,502576
Maksym Mrykh_168064,Maksym Mrykh,3,1,33,17,16,50,2021-07-22 11:50:00,502577
Oleksandr Zhuravlov_765681455,Oleksandr Zhuravlov,-1,0,47,51,-4,98,2021-07-22 11:50:00,502578
Roman Cherevko_935564951,Roman Cherevko,1,1,62,55,7,117,2021-07-22 11:50:00,502579
Anatolii Lievshin_2037171398,Anatolii Lievshin,-3,0,27,35,-8,62,2021-07-22 11:55:00,502580
Hennadii Buianover_167974,Hennadii Buianover,3,1,33,19,14,52,2021-07-22 11:55:00,502581
Bohdan Zaika_1560042423,Bohdan Zaika,-3,0,27,34,-7,61,2021-07-22 12:00:00,502582
Vladyslav Stukalov_168016,Vladyslav Stukalov,3,1,33,19,14,52,2021-07-22 12:00:00,502583
Lukas Mayer_168184,Lukas Mayer,-1,0,50,49,1,99,2021-07-22 12:00:00,502584
J Svec_27873,J Svec,-1,0,46,54,-8,100,2021-07-22 12:00:00,502585
Ivan Kryvyi_167959,Ivan Kryvyi,-3,0,25,34,-9,59,2021-07-22 12:00:00,502586
D Sayanov_124343,D Sayanov,-3,0,19,33,-14,52,2021-07-22 12:04:00,502587
Eduard Sotnikov_167991,Eduard Sotnikov,3,1,33,15,18,48,2021-07-22 12:05:00,502588
Yaroslav Voytenko_834294087,Yaroslav Voytenko,-2,0,36,45,-9,81,2021-07-22 12:05:00,502589
Oleksiy Sapronov_1720567754,Oleksiy Sapronov,-1,0,41,47,-6,88,2021-07-22 12:10:00,502590
Yuliia Yemelianenko_168036,Yuliia Yemelianenko,3,1,33,24,9,57,2021-07-22 12:10:00,502591
Oleksandr Buberenko_168051,Oleksandr Buberenko,1,1,48,39,9,87,2021-07-22 12:15:00,502592
A Slachshilin_124391,A Slachshilin,2,1,46,36,10,82,2021-07-22 12:15:00,502593
Vadym Nechyporuk_400895417,Vadym Nechyporuk,1,1,53,47,6,100,2021-07-22 12:15:00,502594
V Putilovsky_124305,V Putilovsky,2,1,42,34,8,76,2021-07-22 12:17:00,502595
Petro Tsolik_1476906392,Petro Tsolik,-2,0,34,46,-12,80,2021-07-22 12:20:00,502596
Sviatoslav Sachuk_168065,Sviatoslav Sachuk,-2,0,35,43,-8,78,2021-07-22 12:20:00,502597
Oleh Holiak_168007,Oleh Holiak,2,1,37,36,1,73,2021-07-22 12:20:00,502598
Nikita Trofimov_1790728700,Nikita Trofimov,-2,0,31,36,-5,67,2021-07-22 12:25:00,502599
Serhii Poliakov_1585491412,Serhii Poliakov,2,1,41,29,12,70,2021-07-22 12:25:00,502600
Ihor Kovalenko_167975,Ihor Kovalenko,-3,0,21,33,-12,54,2021-07-22 12:25:00,502601
Ihor Emets_168017,Ihor Emets,-2,0,33,42,-9,75,2021-07-22 12:30:00,502602
Anton Riabukhin_1349944232,Anton Riabukhin,2,1,42,35,7,77,2021-07-22 12:30:00,502603
Jaromir Janda_168185,Jaromir Janda,3,1,35,20,15,55,2021-07-22 12:30:00,502604
Mykhailo Hlaholev_167960,Mykhailo Hlaholev,-1,0,58,60,-2,118,2021-07-22 12:30:00,502605
T Razinkov_124344,T Razinkov,1,1,48,40,8,88,2021-07-22 12:31:00,502606
Oleksandr Khoroshun_167992,Oleksandr Khoroshun,-3,0,22,33,-11,55,2021-07-22 12:35:00,502607
Serhii Kiilo_1690564733,Serhii Kiilo,-2,0,35,43,-8,78,2021-07-22 12:35:00,502608
M Cmunt_27874,M Cmunt,-2,0,24,40,-16,64,2021-07-22 12:37:00,502609
Pavlo Zaderei_191834086,Pavlo Zaderei,2,1,42,28,14,70,2021-07-22 12:40:00,502610
Olha Yureneva_168037,Olha Yureneva,2,1,42,33,9,75,2021-07-22 12:40:00,502611
Nikita Korbut_1840429115,Nikita Korbut,-3,0,22,35,-13,57,2021-07-22 12:45:00,502612
Vladyslav Mishchenko_168052,Vladyslav Mishchenko,-1,0,55,43,12,98,2021-07-22 12:45:00,502613
A Lobanov_124306,A Lobanov,-3,0,23,35,-12,58,2021-07-22 12:46:00,502614
I Poletaev_124392,I Poletaev,-2,0,34,44,-10,78,2021-07-22 12:46:00,502615
Nazarii Hrytsyienko_1718291946,Nazarii Hrytsyienko,1,1,47,42,5,89,2021-07-22 12:50:00,502616
Nazar Kasianyk_168066,Nazar Kasianyk,3,1,34,23,11,57,2021-07-22 12:50:00,502617
Serhii Bohach_167976,Serhii Bohach,-2,0,29,44,-15,73,2021-07-22 12:55:00,502618
Volodymyr Ivasiv_147726707,Volodymyr Ivasiv,2,1,42,25,17,67,2021-07-22 12:55:00,502619
Oleksandr Shpak_168186,Oleksandr Shpak,-2,0,34,44,-10,78,2021-07-22 13:00:00,502620
Yuriy Abroskin_714082530,Yuriy Abroskin,-2,0,36,41,-5,77,2021-07-22 13:00:00,502621
Uryi Schepanskyi_314726790,Uryi Schepanskyi,-2,0,35,42,-7,77,2021-07-22 13:00:00,502622
Jan Blazek_168144,Jan Blazek,-3,0,16,33,-17,49,2021-07-22 13:00:00,502623
Mykola Kulynych_167961,Mykola Kulynych,-1,0,39,42,-3,81,2021-07-22 13:00:00,502624
Viktor Syvych_167993,Viktor Syvych,1,1,45,49,-4,94,2021-07-22 13:05:00,502625
M Flanderka_27849,M Flanderka,1,1,52,48,4,100,2021-07-22 13:05:00,502626
Dmytro Kunchurov_168188,Dmytro Kunchurov,3,1,33,17,16,50,2021-07-22 13:05:00,502627
Volodymyr Plishylo_21185895,Volodymyr Plishylo,-1,0,42,48,-6,90,2021-07-22 13:05:00,502628
A Kozlov_124345,A Kozlov,-2,0,37,50,-13,87,2021-07-22 13:06:00,502629
Kateryna Somova_168038,Kateryna Somova,-2,0,28,37,-9,65,2021-07-22 13:10:00,502630
Oleksandr Yarovoi_722922123,Oleksandr Yarovoi,3,1,34,28,6,62,2021-07-22 13:10:00,502631
Oleksandr Ivchuk_168053,Oleksandr Ivchuk,1,1,47,43,4,90,2021-07-22 13:15:00,502632
Andrii Selin_797436048,Andrii Selin,-1,0,45,43,2,88,2021-07-22 13:15:00,502633
I Matveyev_124393,I Matveyev,-3,0,15,33,-18,48,2021-07-22 13:16:00,502634
I Minchenkov_124307,I Minchenkov,-1,0,49,46,3,95,2021-07-22 13:16:00,502635
Adam Krasutskyi_741511165,Adam Krasutskyi,2,1,43,35,8,78,2021-07-22 13:20:00,502636
Iurii Bondarenko_168067,Iurii Bondarenko,1,1,47,49,-2,96,2021-07-22 13:20:00,502637
Valerii Danchenko_167977,Valerii Danchenko,2,1,44,38,6,82,2021-07-22 13:25:00,502638
Vadym Nechyporuk_612296078,Vadym Nechyporuk,2,1,42,35,7,77,2021-07-22 13:25:00,502639
Oleh Holiak_168187,Oleh Holiak,1,1,44,43,1,87,2021-07-22 13:30:00,502640
Yaroslav Vorsuliak_535363471,Yaroslav Vorsuliak,-2,0,21,40,-19,61,2021-07-22 13:30:00,502641
Jan Herink_168145,Jan Herink,3,1,33,19,14,52,2021-07-22 13:30:00,502642
Ihor Dubyna_167962,Ihor Dubyna,2,1,37,38,-1,75,2021-07-22 13:30:00,502643
T Razinkov_124346,T Razinkov,2,1,42,33,9,75,2021-07-22 13:33:00,502644
Yan Zaharov_953939941,Yan Zaharov,2,1,45,36,9,81,2021-07-22 13:35:00,502645
Eduard Sotnikov_167994,Eduard Sotnikov,1,1,41,41,0,82,2021-07-22 13:35:00,502646
Nikita Trofimov_1437159298,Nikita Trofimov,-2,0,37,43,-6,80,2021-07-22 13:35:00,502647
Volodymyr Kononikhin_168189,Volodymyr Kononikhin,2,1,41,33,8,74,2021-07-22 13:35:00,502648
J Vojtech_27850,J Vojtech,-3,0,19,33,-14,52,2021-07-22 13:38:00,502649
Vitalii Vovk_586166887,Vitalii Vovk,2,1,41,30,11,71,2021-07-22 13:40:00,502650
Yuliia Yemelianenko_168039,Yuliia Yemelianenko,-2,0,34,38,-4,72,2021-07-22 13:40:00,502651
Mykola Zakladnyi_183799666,Mykola Zakladnyi,1,1,46,45,1,91,2021-07-22 13:45:00,502652
Oleksandr Buberenko_168054,Oleksandr Buberenko,2,1,42,34,8,76,2021-07-22 13:45:00,502653
I Poletaev_124394,I Poletaev,3,1,33,20,13,53,2021-07-22 13:46:00,502654
A Lobanov_124308,A Lobanov,1,1,50,37,13,87,2021-07-22 13:48:00,502655
Maksym Mykytiuk_717499939,Maksym Mykytiuk,2,1,40,32,8,72,2021-07-22 13:50:00,502656
Maksym Mrykh_168068,Maksym Mrykh,2,1,46,37,9,83,2021-07-22 13:50:00,502657
Hennadii Buianover_167978,Hennadii Buianover,1,1,45,36,9,81,2021-07-22 13:55:00,502658
Serhii Hilitukha_1428308543,Serhii Hilitukha,-2,0,35,40,-5,75,2021-07-22 13:55:00,502659
Ivan Kryvyi_167963,Ivan Kryvyi,-2,0,27,41,-14,68,2021-07-22 14:00:00,502660
Jan Herink_168146,Jan Herink,-2,0,31,42,-11,73,2021-07-22 14:00:00,502661
Nazarii Hrytsyienko_1150697136,Nazarii Hrytsyienko,-2,0,32,43,-11,75,2021-07-22 14:00:00,502662
D Sayanov_124347,D Sayanov,-2,0,27,41,-14,68,2021-07-22 14:01:00,502663
T Holik_27851,T Holik,2,1,39,31,8,70,2021-07-22 14:01:00,502664
Ihor Petryshyn_791796091,Ihor Petryshyn,-1,0,47,46,1,93,2021-07-22 14:05:00,502665
Valerii Voloshko_167995,Valerii Voloshko,3,1,33,20,13,53,2021-07-22 14:05:00,502666
Nataliia Shchekotikhina_168040,Nataliia Shchekotikhina,-3,0,24,33,-9,57,2021-07-22 14:10:00,502667
Oleksandr Zhuravlov_397125271,Oleksandr Zhuravlov,-1,0,38,46,-8,84,2021-07-22 14:10:00,502668
Uryi Schepanskyi_1305651830,Uryi Schepanskyi,-2,0,29,39,-10,68,2021-07-22 14:10:00,502669
Vadym Ishchuk_168055,Vadym Ishchuk,-1,0,44,45,-1,89,2021-07-22 14:15:00,502670
Anton Riabukhin_2054979433,Anton Riabukhin,3,1,33,17,16,50,2021-07-22 14:15:00,502671
A Slachshilin_124395,A Slachshilin,-2,0,37,42,-5,79,2021-07-22 14:16:00,502672
V Putilovsky_124309,V Putilovsky,-1,0,44,51,-7,95,2021-07-22 14:20:00,502673
Nazar Kasianyk_168069,Nazar Kasianyk,2,1,43,30,13,73,2021-07-22 14:20:00,502674
Oleksandr Yarovoi_1237312707,Oleksandr Yarovoi,-2,0,41,46,-5,87,2021-07-22 14:20:00,502675
Andrii Selin_756483793,Andrii Selin,-1,0,44,46,-2,90,2021-07-22 14:25:00,502676
Serhii Bohach_167979,Serhii Bohach,3,1,34,25,9,59,2021-07-22 14:25:00,502677
Mykola Kulynych_167964,Mykola Kulynych,2,1,36,28,8,64,2021-07-22 14:30:00,502678
Serhii Zazymko_866737199,Serhii Zazymko,-3,0,20,33,-13,53,2021-07-22 14:30:00,502679
Jan Blazek_168147,Jan Blazek,-2,0,34,44,-10,78,2021-07-22 14:30:00,502680
A Barton_27852,A Barton,3,1,33,22,11,55,2021-07-22 14:31:00,502681
A Kozlov_124504,A Kozlov,-1,0,49,50,-1,99,2021-07-22 14:31:00,502682
Eduard Sotnikov_167996,Eduard Sotnikov,-2,0,30,40,-10,70,2021-07-22 14:35:00,502683
Vadym Nechyporuk_1871570703,Vadym Nechyporuk,1,1,48,40,8,88,2021-07-22 14:35:00,502684
Yuliia Yemelianenko_168041,Yuliia Yemelianenko,-1,0,49,50,-1,99,2021-07-22 14:40:00,502685
Yaroslav Vorsuliak_1402328892,Yaroslav Vorsuliak,-2,0,36,45,-9,81,2021-07-22 14:40:00,502686
Oleksandr Buberenko_168056,Oleksandr Buberenko,1,1,47,35,12,82,2021-07-22 14:45:00,502687
Nikita Trofimov_952368392,Nikita Trofimov,2,1,43,34,9,77,2021-07-22 14:45:00,502688
Oleksandr Zhuravlov_1769635883,Oleksandr Zhuravlov,2,1,43,25,18,68,2021-07-22 14:45:00,502689
I Matveyev_124506,I Matveyev,-2,0,38,44,-6,82,2021-07-22 14:46:00,502690
Davyd Symonchuk_2082896038,Davyd Symonchuk,1,1,46,36,10,82,2021-07-22 14:50:00,502691
Igor Trydukh_168070,Igor Trydukh,2,1,41,32,9,73,2021-07-22 14:50:00,502692
A Lobanov_124508,A Lobanov,1,1,48,36,12,84,2021-07-22 14:53:00,502693
Oleksandr Gress_167980,Oleksandr Gress,2,1,37,35,2,72,2021-07-22 14:55:00,502694
T Holik_27853,T Holik,-1,0,47,54,-7,101,2021-07-22 15:00:00,502695
Jachym Sebl_168148,Jachym Sebl,-1,0,50,52,-2,102,2021-07-22 15:00:00,502696
Pavlo Zaderei_1990347313,Pavlo Zaderei,-2,0,27,41,-14,68,2021-07-22 15:00:00,502697
Oleksii Bahrii_167965,Oleksii Bahrii,-1,0,45,46,-1,91,2021-07-22 15:00:00,502698
M Ilichev_124505,M Ilichev,-3,0,21,33,-12,54,2021-07-22 15:01:00,502699
Mykhailo Hostiev_167997,Mykhailo Hostiev,3,1,38,27,11,65,2021-07-22 15:05:00,502700
Nikita Korbut_1840602462,Nikita Korbut,1,1,52,48,4,100,2021-07-22 15:05:00,502701
Andrii Baklykov_144303214,Andrii Baklykov,2,1,42,37,5,79,2021-07-22 15:10:00,502702
Volodymyr Ivasiv_1264026406,Volodymyr Ivasiv,-1,0,42,48,-6,90,2021-07-22 15:15:00,502703
Oleksandr Hryshchenko_168057,Oleksandr Hryshchenko,-1,0,45,42,3,87,2021-07-22 15:15:00,502704
A Slachshilin_124507,A Slachshilin,-3,0,29,39,-10,68,2021-07-22 15:16:00,502705
Yevhen Trunov_168168,Yevhen Trunov,3,1,33,20,13,53,2021-07-22 15:20:00,502706
Serhii Poliakov_1250692863,Serhii Poliakov,-1,0,42,50,-8,92,2021-07-22 15:20:00,502707
Nazar Kasianyk_168071,Nazar Kasianyk,3,1,37,27,10,64,2021-07-22 15:20:00,502708
Roman Cherevko_935699096,Roman Cherevko,-1,0,46,45,1,91,2021-07-22 15:20:00,502709
V Putilovsky_124509,V Putilovsky,2,1,36,33,3,69,2021-07-22 15:22:00,502710
Anton Riabukhin_1335754727,Anton Riabukhin,-3,0,26,33,-7,59,2021-07-22 15:25:00,502711
Serhii Bohach_167981,Serhii Bohach,2,1,38,36,2,74,2021-07-22 15:25:00,502712
Mykhailo Teteruk_168073,Mykhailo Teteruk,-1,0,47,43,4,90,2021-07-22 15:30:00,502713
Jan Blazek_168149,Jan Blazek,-3,0,24,34,-10,58,2021-07-22 15:30:00,502714
Mykola Kulynych_167966,Mykola Kulynych,3,1,33,18,15,51,2021-07-22 15:30:00,502715
M Sverdlov_124350,M Sverdlov,-1,0,42,53,-11,95,2021-07-22 15:31:00,502716
J Vojtech_27854,J Vojtech,1,1,47,44,3,91,2021-07-22 15:34:00,502717
Illia Hubariev_1971206683,Illia Hubariev,-2,0,34,35,-1,69,2021-07-22 15:35:00,502718
Roman Bambutsa_167908,Roman Bambutsa,2,1,42,37,5,79,2021-07-22 15:35:00,502719
Igor Gatsenko_168083,Igor Gatsenko,2,1,40,37,3,77,2021-07-22 15:40:00,502720
Artem Tkachenko_1985130512,Artem Tkachenko,-3,0,21,33,-12,54,2021-07-22 15:40:00,502721
Oleksandr Bryzhevatyi_168098,Oleksandr Bryzhevatyi,2,1,41,27,14,68,2021-07-22 15:45:00,502722
Stanislav Nikolenko_168169,Stanislav Nikolenko,1,1,53,49,4,102,2021-07-22 15:50:00,502723
Nazarii Kovalchuk_1617291666,Nazarii Kovalchuk,-1,0,45,52,-7,97,2021-07-22 15:50:00,502724
O Manuylov_124310,O Manuylov,-3,0,21,33,-12,54,2021-07-22 15:50:00,502725
Sviatoslav Sachuk_168072,Sviatoslav Sachuk,2,1,36,30,6,66,2021-07-22 15:50:00,502726
Yu Lbov_124396,Yu Lbov,-2,0,29,38,-9,67,2021-07-22 15:54:00,502727
Roman Derypaska_403393199,Roman Derypaska,2,1,36,37,-1,73,2021-07-22 15:55:00,502728
Ihor Kovalenko_167982,Ihor Kovalenko,1,1,43,44,-1,87,2021-07-22 15:55:00,502729
Mykhailo Hlaholev_167967,Mykhailo Hlaholev,2,1,43,32,11,75,2021-07-22 16:00:00,502730
Jachym Sebl_168190,Jachym Sebl,3,1,33,16,17,49,2021-07-22 16:00:00,502731
Anatolii Lievshin_1520223908,Anatolii Lievshin,1,1,46,46,0,92,2021-07-22 16:00:00,502732
Yevhenii Honchar_168074,Yevhenii Honchar,3,1,34,20,14,54,2021-07-22 16:00:00,502733
Andrii Novikov_167909,Andrii Novikov,1,1,50,40,10,90,2021-07-22 16:05:00,502734
Uryi Leymanovskyi_851034789,Uryi Leymanovskyi,3,1,35,27,8,62,2021-07-22 16:10:00,502735
Serhii Turovets_168084,Serhii Turovets,3,1,33,20,13,53,2021-07-22 16:10:00,502736
M Gusev_124351,M Gusev,1,1,45,43,2,88,2021-07-22 16:11:00,502737
J Vojtech_27899,J Vojtech,-2,0,34,43,-9,77,2021-07-22 16:12:00,502738
Serhii Gergeliuk_1571268199,Serhii Gergeliuk,-1,0,45,45,0,90,2021-07-22 16:15:00,502739
Serhii Semenets_168099,Serhii Semenets,1,1,47,44,3,91,2021-07-22 16:15:00,502740
M Glushkov_124311,M Glushkov,-3,0,20,33,-13,53,2021-07-22 16:16:00,502741
V Beliakov_124397,V Beliakov,-2,0,37,45,-8,82,2021-07-22 16:16:00,502742
Serhii Berezynskyi_1490910294,Serhii Berezynskyi,-1,0,46,49,-3,95,2021-07-22 16:20:00,502743
Serhii Rak_168170,Serhii Rak,3,1,33,17,16,50,2021-07-22 16:20:00,502744
Nazarii Danyliuk_1891864105,Nazarii Danyliuk,2,1,39,26,13,65,2021-07-22 16:25:00,502745
Andrii Peretiatko_167893,Andrii Peretiatko,-2,0,41,47,-6,88,2021-07-22 16:25:00,502746
Serhii Zemiantsev_1075912313,Serhii Zemiantsev,-2,0,32,42,-10,74,2021-07-22 16:30:00,502747
Lukas Adamec_168191,Lukas Adamec,-2,0,35,40,-5,75,2021-07-22 16:30:00,502748
Mykhailo Teteruk_168075,Mykhailo Teteruk,-1,0,49,55,-6,104,2021-07-22 16:30:00,502749
Mykhailo Diachenko_167910,Mykhailo Diachenko,2,1,37,33,4,70,2021-07-22 16:35:00,502750
Oleksandr Shchytka_1400957628,Oleksandr Shchytka,1,1,48,40,8,88,2021-07-22 16:35:00,502751
Oleksandr Brezytskyi_362930221,Oleksandr Brezytskyi,2,1,45,33,12,78,2021-07-22 16:40:00,502752
Oleksandr Hryhoriev_168085,Oleksandr Hryhoriev,3,1,33,21,12,54,2021-07-22 16:40:00,502753
A Barton_27900,A Barton,2,1,39,37,2,76,2021-07-22 16:42:00,502754
I Pandur_124352,I Pandur,-3,0,18,33,-15,51,2021-07-22 16:45:00,502755
Valerii Shepil_168100,Valerii Shepil,2,1,44,40,4,84,2021-07-22 16:45:00,502756
Illia Hubariev_1741084304,Illia Hubariev,-1,0,45,45,0,90,2021-07-22 16:45:00,502757
A Kolmin_124312,A Kolmin,-1,0,47,53,-6,100,2021-07-22 16:46:00,502758
I Abelmasov_124398,I Abelmasov,2,1,45,41,4,86,2021-07-22 16:46:00,502759
Stanislav Nikolenko_168171,Stanislav Nikolenko,2,1,44,36,8,80,2021-07-22 16:50:00,502760
Artem Tkachenko_20313756,Artem Tkachenko,2,1,40,28,12,68,2021-07-22 16:50:00,502761
Oleksandr Shapoval_167894,Oleksandr Shapoval,-2,0,28,42,-14,70,2021-07-22 16:55:00,502762
Illia Semeniuk_686675615,Illia Semeniuk,-1,0,52,47,5,99,2021-07-22 16:55:00,502763
Milan Liptak_168150,Milan Liptak,-3,0,19,33,-14,52,2021-07-22 17:00:00,502764
Nazarii Kovalchuk_205700388,Nazarii Kovalchuk,-3,0,27,35,-8,62,2021-07-22 17:00:00,502765
Serhii Nemtsov_168076,Serhii Nemtsov,2,1,44,29,15,73,2021-07-22 17:00:00,502766
E Anisimov_124353,E Anisimov,1,1,50,43,7,93,2021-07-22 17:02:00,502767
Roman Derypaska_887193613,Roman Derypaska,-3,0,24,36,-12,60,2021-07-22 17:05:00,502768
Andrii Novikov_167911,Andrii Novikov,3,1,35,28,7,63,2021-07-22 17:05:00,502769
Oleksandr Shchytka_1685543393,Oleksandr Shchytka,3,1,33,23,10,56,2021-07-22 17:10:00,502770
Serhii Turovets_168086,Serhii Turovets,-2,0,34,40,-6,74,2021-07-22 17:10:00,502771
E Mares_27855,E Mares,-1,0,51,53,-2,104,2021-07-22 17:11:00,502772
Borys Buriak_1495865567,Borys Buriak,-1,0,39,50,-11,89,2021-07-22 17:15:00,502773
Serhii Semenets_168101,Serhii Semenets,-1,0,42,47,-5,89,2021-07-22 17:15:00,502774
D Evlahin_124399,D Evlahin,3,1,33,19,14,52,2021-07-22 17:15:00,502775
A Krotkov_124313,A Krotkov,-1,0,49,45,4,94,2021-07-22 17:17:00,502776
Yevhen Trunov_168172,Yevhen Trunov,-1,0,46,48,-2,94,2021-07-22 17:20:00,502777
Maksym Samaray_1737748714,Maksym Samaray,1,1,48,49,-1,97,2021-07-22 17:20:00,502778
Serhii Gergeliuk_319126549,Serhii Gergeliuk,3,1,33,26,7,59,2021-07-22 17:25:00,502779
Maksym Marchuk_167895,Maksym Marchuk,2,1,42,33,9,75,2021-07-22 17:25:00,502780
Serhii Berezynskyi_206072812,Serhii Berezynskyi,-2,0,35,43,-8,78,2021-07-22 17:30:00,502781
Yevhenii Honchar_168077,Yevhenii Honchar,-1,0,52,52,0,104,2021-07-22 17:30:00,502782
Jaroslav Puk_168151,Jaroslav Puk,-3,0,24,34,-10,58,2021-07-22 17:30:00,502783
Roman Bambutsa_167912,Roman Bambutsa,-2,0,36,44,-8,80,2021-07-22 17:35:00,502784
Nazarii Danyliuk_1988758123,Nazarii Danyliuk,1,1,47,49,-2,96,2021-07-22 17:35:00,502785
I Pandur_124354,I Pandur,-1,0,49,57,-8,106,2021-07-22 17:38:00,502786
Igor Gatsenko_168087,Igor Gatsenko,-2,0,38,41,-3,79,2021-07-22 17:40:00,502787
Mykola Lytvynenko_1943434333,Mykola Lytvynenko,-2,0,42,43,-1,85,2021-07-22 17:40:00,502788
P Bradac_27856,P Bradac,-2,0,40,44,-4,84,2021-07-22 17:43:00,502789
Oleksandr Brezytskyi_1767389909,Oleksandr Brezytskyi,-2,0,33,41,-8,74,2021-07-22 17:45:00,502790
Oleksandr Bryzhevatyi_168102,Oleksandr Bryzhevatyi,2,1,43,37,6,80,2021-07-22 17:45:00,502791
A Kolmin_124314,A Kolmin,2,1,38,25,13,63,2021-07-22 17:46:00,502792
I Abelmasov_124400,I Abelmasov,-1,0,39,50,-11,89,2021-07-22 17:47:00,502793
Volodymyr Kuzmych_168173,Volodymyr Kuzmych,2,1,39,37,2,76,2021-07-22 17:50:00,502794
Andrii Martyniuk_168123,Andrii Martyniuk,-2,0,28,37,-9,65,2021-07-22 17:50:00,502795
Oleksandr Shchytka_318412869,Oleksandr Shchytka,3,1,33,21,12,54,2021-07-22 17:50:00,502796
Oleksandr Shapoval_167896,Oleksandr Shapoval,-1,0,48,49,-1,97,2021-07-22 17:55:00,502797
Uryi Leymanovskyi_1409373542,Uryi Leymanovskyi,-2,0,35,44,-9,79,2021-07-22 17:55:00,502798
Jaroslav Puk_168152,Jaroslav Puk,-2,0,30,34,-4,64,2021-07-22 18:00:00,502799
Artem Tkachenko_1800332415,Artem Tkachenko,1,1,44,49,-5,93,2021-07-22 18:00:00,502800
Mykhailo Teteruk_168078,Mykhailo Teteruk,-2,0,32,44,-12,76,2021-07-22 18:00:00,502801
Illia Semeniuk_170385980,Illia Semeniuk,-3,0,26,34,-8,60,2021-07-22 18:05:00,502802
Oleh Skoryk_167913,Oleh Skoryk,3,1,33,15,18,48,2021-07-22 18:05:00,502803
M Gusev_124355,M Gusev,-3,0,18,33,-15,51,2021-07-22 18:06:00,502804
George Poturidis_168088,George Poturidis,3,1,37,29,8,66,2021-07-22 18:10:00,502805
Nazarii Kovalchuk_927999780,Nazarii Kovalchuk,-1,0,54,45,9,99,2021-07-22 18:10:00,502806
Vladyslav Beniumov_168103,Vladyslav Beniumov,2,1,38,34,4,72,2021-07-22 18:15:00,502807
Serhii Zemiantsev_2038393272,Serhii Zemiantsev,1,1,43,42,1,85,2021-07-22 18:15:00,502808
Ja Kanera_27857,Ja Kanera,2,1,39,38,1,77,2021-07-22 18:15:00,502809
V Beliakov_124401,V Beliakov,3,1,33,23,10,56,2021-07-22 18:17:00,502810
M Glushkov_124315,M Glushkov,1,1,45,36,9,81,2021-07-22 18:19:00,502811
Borys Buriak_1960760339,Borys Buriak,-2,0,42,48,-6,90,2021-07-22 18:20:00,502812
Serhii Rak_168174,Serhii Rak,1,1,45,41,4,86,2021-07-22 18:20:00,502813
Oleksandr Brezytskyi_887480627,Oleksandr Brezytskyi,2,1,42,26,16,68,2021-07-22 18:25:00,502814
Andrii Peretiatko_167897,Andrii Peretiatko,1,1,43,46,-3,89,2021-07-22 18:25:00,502815
Yevhenii Honchar_168079,Yevhenii Honchar,3,1,33,12,21,45,2021-07-22 18:30:00,502816
Illia Hubariev_222419807,Illia Hubariev,-3,0,15,33,-18,48,2021-07-22 18:30:00,502817
Milan Liptak_168153,Milan Liptak,1,1,46,33,13,79,2021-07-22 18:30:00,502818
I Pandur_124544,I Pandur,-2,0,40,40,0,80,2021-07-22 18:32:00,502819
Volodymyr Tuchkevych_1195134885,Volodymyr Tuchkevych,3,1,33,21,12,54,2021-07-22 18:35:00,502820
Mykhailo Diachenko_167914,Mykhailo Diachenko,2,1,43,39,4,82,2021-07-22 18:35:00,502821
Oleksandr Hryhoriev_168089,Oleksandr Hryhoriev,1,1,52,49,3,101,2021-07-22 18:40:00,502822
Serhii Berezynskyi_1424591916,Serhii Berezynskyi,2,1,42,29,13,71,2021-07-22 18:40:00,502823
T Postelt_27858,T Postelt,1,1,48,46,2,94,2021-07-22 18:41:00,502824
Valerii Shepil_168104,Valerii Shepil,2,1,42,23,19,65,2021-07-22 18:45:00,502825
Andrii Hordii_1205903564,Andrii Hordii,1,1,45,46,-1,91,2021-07-22 18:45:00,502826
O Manuylov_124548,O Manuylov,-2,0,34,44,-10,78,2021-07-22 18:47:00,502827
Yu Lbov_124546,Yu Lbov,2,1,38,32,6,70,2021-07-22 18:47:00,502828
Stanislav Nikolenko_168175,Stanislav Nikolenko,2,1,41,33,8,74,2021-07-22 18:50:00,502829
Roman Derypaska_1592916080,Roman Derypaska,3,1,34,26,8,60,2021-07-22 18:50:00,502830
Serhii Pitsyk_167898,Serhii Pitsyk,1,1,51,47,4,98,2021-07-22 18:55:00,502831
Nikolay Bondarenko_1025711160,Nikolay Bondarenko,-1,0,48,46,2,94,2021-07-22 18:55:00,502832
Serhii Nemtsov_168080,Serhii Nemtsov,-2,0,21,40,-19,61,2021-07-22 19:00:00,502833
Oleksandr Shchytka_852372388,Oleksandr Shchytka,-3,0,19,33,-14,52,2021-07-22 19:00:00,502834
Tomas Lukes_168154,Tomas Lukes,-1,0,51,53,-2,104,2021-07-22 19:00:00,502835
M Sverdlov_124545,M Sverdlov,2,1,41,29,12,70,2021-07-22 19:02:00,502836
Andrii Novikov_167915,Andrii Novikov,-3,0,28,35,-7,63,2021-07-22 19:05:00,502837
Maksym Samaray_1582051004,Maksym Samaray,-2,0,37,38,-1,75,2021-07-22 19:05:00,502838
Ja Kanera_27859,Ja Kanera,2,1,41,35,6,76,2021-07-22 19:05:00,502839
Serhii Gergeliuk_1651132663,Serhii Gergeliuk,2,1,39,33,6,72,2021-07-22 19:10:00,502840
Serhii Turovets_168090,Serhii Turovets,1,1,47,47,0,94,2021-07-22 19:10:00,502841
Serhii Semenets_168105,Serhii Semenets,3,1,33,21,12,54,2021-07-22 19:15:00,502842
Roman Rybachuk_304689226,Roman Rybachuk,-1,0,53,48,5,101,2021-07-22 19:15:00,502843
I Abelmasov_124547,I Abelmasov,-1,0,50,56,-6,106,2021-07-22 19:17:00,502844
M Glushkov_124549,M Glushkov,-3,0,18,33,-15,51,2021-07-22 19:18:00,502845
Vasyl Kondratenko_168126,Vasyl Kondratenko,-1,0,41,46,-5,87,2021-07-22 19:20:00,502846
Vasyl Kushnir_1410951872,Vasyl Kushnir,-1,0,51,54,-3,105,2021-07-22 19:20:00,502847
Yevhen Trunov_168176,Yevhen Trunov,2,1,40,28,12,68,2021-07-22 19:20:00,502848
Mykola Lytvynenko_1226240203,Mykola Lytvynenko,-1,0,43,50,-7,93,2021-07-22 19:25:00,502849
Maksym Marchuk_167899,Maksym Marchuk,3,1,33,25,8,58,2021-07-22 19:25:00,502850
Milan Liptak_168155,Milan Liptak,-2,0,33,41,-8,74,2021-07-22 19:30:00,502851
Nikolay Bondarenko_4180076,Nikolay Bondarenko,-3,0,30,37,-7,67,2021-07-22 19:30:00,502852
Mykhailo Teteruk_168081,Mykhailo Teteruk,-2,0,23,41,-18,64,2021-07-22 19:30:00,502853
P Bradac_27860,P Bradac,2,1,42,35,7,77,2021-07-22 19:31:00,502854
I Mihaylov_124356,I Mihaylov,-3,0,32,38,-6,70,2021-07-22 19:31:00,502855
Oleksandr Shchytka_1298565556,Oleksandr Shchytka,2,1,43,35,8,78,2021-07-22 19:35:00,502856
Roman Bambutsa_167916,Roman Bambutsa,2,1,43,30,13,73,2021-07-22 19:35:00,502857
Uryi Leymanovskyi_2134711,Uryi Leymanovskyi,-3,0,18,33,-15,51,2021-07-22 19:40:00,502858
Igor Gatsenko_168091,Igor Gatsenko,-1,0,53,54,-1,107,2021-07-22 19:40:00,502859
D Razinkov_124316,D Razinkov,-3,0,20,33,-13,53,2021-07-22 19:45:00,502860
Artem Tkachenko_1472959789,Artem Tkachenko,1,1,51,48,3,99,2021-07-22 19:45:00,502861
Oleksandr Bryzhevatyi_168106,Oleksandr Bryzhevatyi,1,1,58,55,3,113,2021-07-22 19:45:00,502862
D Merzlikin_124402,D Merzlikin,-3,0,13,33,-20,46,2021-07-22 19:49:00,502863
Andrii Martyniuk_168127,Andrii Martyniuk,-1,0,40,49,-9,89,2021-07-22 19:50:00,502864
Volodymyr Kuzmych_168177,Volodymyr Kuzmych,1,1,40,39,1,79,2021-07-22 19:50:00,502865
Illia Semeniuk_1854990488,Illia Semeniuk,-2,0,29,37,-8,66,2021-07-22 19:50:00,502866
Oleksandr Shapoval_167900,Oleksandr Shapoval,-3,0,24,34,-10,58,2021-07-22 19:55:00,502867
Nazarii Kovalchuk_1377876999,Nazarii Kovalchuk,-1,0,43,48,-5,91,2021-07-22 19:55:00,502868
Serhii Zemiantsev_665483644,Serhii Zemiantsev,2,1,41,33,8,74,2021-07-22 20:00:00,502869
Oleksandr Dukhovenko_168082,Oleksandr Dukhovenko,-3,0,12,33,-21,45,2021-07-22 20:00:00,502870
D Tikhnenko_124357,D Tikhnenko,-1,0,56,56,0,112,2021-07-22 20:01:00,502871
E Mares_27901,E Mares,-2,0,33,43,-10,76,2021-07-22 20:02:00,502872
Oleh Skoryk_167917,Oleh Skoryk,1,1,49,49,0,98,2021-07-22 20:05:00,502873
Oleksandr Tuzhylin_1504473153,Oleksandr Tuzhylin,-2,0,34,44,-10,78,2021-07-22 20:05:00,502874
Anton Limonov_1683497819,Anton Limonov,-3,0,19,33,-14,52,2021-07-22 20:10:00,502875
Dominik Marasek_168472,Dominik Marasek,-1,0,45,46,-1,91,2021-07-22 20:10:00,502876
George Poturidis_168092,George Poturidis,-2,0,31,34,-3,65,2021-07-22 20:10:00,502877
Anton Veliiev_1687314683,Anton Veliiev,-3,0,22,36,-14,58,2021-07-22 20:15:00,502878
Vladyslav Beniumov_168107,Vladyslav Beniumov,-3,0,10,33,-23,43,2021-07-22 20:15:00,502879
D Komarov_124403,D Komarov,2,1,40,25,15,65,2021-07-22 20:15:00,502880
A Klavdenkov_124317,A Klavdenkov,1,1,48,45,3,93,2021-07-22 20:17:00,502881
Serhii Gergeliuk_752223980,Serhii Gergeliuk,2,1,40,36,4,76,2021-07-22 20:20:00,502882
Igor Koshkodan_168128,Igor Koshkodan,-1,0,48,50,-2,98,2021-07-22 20:20:00,502883
Serhii Rak_168178,Serhii Rak,-3,0,25,34,-9,59,2021-07-22 20:20:00,502884
Andrii Peretiatko_167901,Andrii Peretiatko,-3,0,19,33,-14,52,2021-07-22 20:25:00,502885
Serhii Berezynskyi_1358282112,Serhii Berezynskyi,2,1,41,31,10,72,2021-07-22 20:25:00,502886
Vasyl Kushnir_1735516979,Vasyl Kushnir,-1,0,54,50,4,104,2021-07-22 20:30:00,502887
Oleksandr Dukhovenko_168474,Oleksandr Dukhovenko,-2,0,35,41,-6,76,2021-07-22 20:30:00,502888
T Postelt_27902,T Postelt,2,1,42,33,9,75,2021-07-22 20:33:00,502889
Yevhen Masko_1055832859,Yevhen Masko,-1,0,44,45,-1,89,2021-07-22 20:35:00,502890
Mykhailo Diachenko_167918,Mykhailo Diachenko,3,1,36,27,9,63,2021-07-22 20:35:00,502891
M Dukhin_124358,M Dukhin,-3,0,16,33,-17,49,2021-07-22 20:37:00,502892
Oleksandr Tuzhylin_1025441278,Oleksandr Tuzhylin,3,1,33,22,11,55,2021-07-22 20:40:00,502893
Oleksandr Hryhoriev_168093,Oleksandr Hryhoriev,2,1,43,34,9,77,2021-07-22 20:40:00,502894
Jaroslav Puk_168473,Jaroslav Puk,1,1,43,38,5,81,2021-07-22 20:40:00,502895
Valerii Shepil_168108,Valerii Shepil,3,1,35,23,12,58,2021-07-22 20:45:00,502896
Dmytro Yaremchuk_1177290429,Dmytro Yaremchuk,-3,0,22,33,-11,55,2021-07-22 20:45:00,502897
A Frolov_124404,A Frolov,3,1,33,23,10,56,2021-07-22 20:45:00,502898
B Grebenyuk_124318,B Grebenyuk,-2,0,25,38,-13,63,2021-07-22 20:47:00,502899
Oleg Kolivay_168129,Oleg Kolivay,3,1,33,17,16,50,2021-07-22 20:50:00,502900
Illia Hubariev_1336895723,Illia Hubariev,-3,0,19,33,-14,52,2021-07-22 20:50:00,502901
Serhii Pitsyk_167902,Serhii Pitsyk,2,1,42,24,18,66,2021-07-22 20:55:00,502902
Artem Tkachenko_1259975864,Artem Tkachenko,-3,0,24,33,-9,57,2021-07-22 20:55:00,502903
Vaclav Ezr_168156,Vaclav Ezr,-2,0,30,39,-9,69,2021-07-22 21:00:00,502904
Denys Pesternikov_168475,Denys Pesternikov,-3,0,21,33,-12,54,2021-07-22 21:00:00,502905
Illia Semeniuk_1673620035,Illia Semeniuk,1,1,50,42,8,92,2021-07-22 21:00:00,502906
S Kuzmin_124359,S Kuzmin,-1,0,37,49,-12,86,2021-07-22 21:00:00,502907
Jo Kutifel_27861,Jo Kutifel,1,1,45,50,-5,95,2021-07-22 21:01:00,502908
Roman Bambutsa_167919,Roman Bambutsa,-2,0,36,44,-8,80,2021-07-22 21:05:00,502909
Nazarii Kovalchuk_1397716434,Nazarii Kovalchuk,1,1,49,46,3,95,2021-07-22 21:05:00,502910
Igor Gatsenko_168094,Igor Gatsenko,-3,0,15,33,-18,48,2021-07-22 21:10:00,502911
Roman Derypaska_583724633,Roman Derypaska,1,1,61,52,9,113,2021-07-22 21:10:00,502912
Anton Limonov_496410867,Anton Limonov,-1,0,44,45,-1,89,2021-07-22 21:15:00,502913
A Silantev_124405,A Silantev,-1,0,49,47,2,96,2021-07-22 21:15:00,502914
Oleksandr Bryzhevatyi_168109,Oleksandr Bryzhevatyi,-1,0,44,44,0,88,2021-07-22 21:15:00,502915
D Tunitsyn_124319,D Tunitsyn,1,1,51,45,6,96,2021-07-22 21:16:00,502916
Vasyl Kondratenko_168130,Vasyl Kondratenko,2,1,37,31,6,68,2021-07-22 21:20:00,502917
Andrii Nakliutskyi_167950,Andrii Nakliutskyi,3,1,34,22,12,56,2021-07-22 21:20:00,502918
Oleksandr Tuzhylin_1761416773,Oleksandr Tuzhylin,3,1,34,23,11,57,2021-07-22 21:20:00,502919
Maksym Samaray_34671843,Maksym Samaray,2,1,52,42,10,94,2021-07-22 21:25:00,502920
Maksym Marchuk_167903,Maksym Marchuk,1,1,49,40,9,89,2021-07-22 21:25:00,502921
Martin Stusek_168157,Martin Stusek,-2,0,27,40,-13,67,2021-07-22 21:30:00,502922
Serhii Gergeliuk_770147716,Serhii Gergeliuk,-3,0,29,38,-9,67,2021-07-22 21:30:00,502923
E Mares_27862,E Mares,-1,0,50,48,2,98,2021-07-22 21:33:00,502924
M Dukhin_124360,M Dukhin,-3,0,30,37,-7,67,2021-07-22 21:35:00,502925
Serhii Berezynskyi_1566596940,Serhii Berezynskyi,-1,0,37,50,-13,87,2021-07-22 21:35:00,502926
Taras Bonishchuk_167920,Taras Bonishchuk,-3,0,23,36,-13,59,2021-07-22 21:35:00,502927
Mykola Rybka_168095,Mykola Rybka,1,1,42,47,-5,89,2021-07-22 21:40:00,502928
Vasyl Kushnir_415862072,Vasyl Kushnir,2,1,40,37,3,77,2021-07-22 21:40:00,502929
Yevhen Masko_1033895126,Yevhen Masko,-2,0,33,46,-13,79,2021-07-22 21:45:00,502930
Maksym Adyntsev_168110,Maksym Adyntsev,-1,0,43,44,-1,87,2021-07-22 21:45:00,502931
Andrii Martyniuk_168131,Andrii Martyniuk,-1,0,49,52,-3,101,2021-07-22 21:50:00,502932
Dmytro Yaremchuk_946868762,Dmytro Yaremchuk,-1,0,41,48,-7,89,2021-07-22 21:50:00,502933
A Frolov_124406,A Frolov,-2,0,36,42,-6,78,2021-07-22 21:51:00,502934
B Grebenyuk_124320,B Grebenyuk,-3,0,29,35,-6,64,2021-07-22 21:52:00,502935
Andrii Peretiatko_167904,Andrii Peretiatko,3,1,33,22,11,55,2021-07-22 21:55:00,502936
Anton Limonov_1608352781,Anton Limonov,-2,0,32,40,-8,72,2021-07-22 21:55:00,502937
Martin Stusek_168158,Martin Stusek,-3,0,22,35,-13,57,2021-07-22 22:00:00,502938
Anton Veliiev_456790635,Anton Veliiev,-3,0,26,37,-11,63,2021-07-22 22:00:00,502939
D Brumlich_27863,D Brumlich,-1,0,48,46,2,94,2021-07-22 22:03:00,502940
Volodymyr Tuchkevych_1412595615,Volodymyr Tuchkevych,2,1,38,32,6,70,2021-07-22 22:05:00,502941
Roman Bambutsa_167921,Roman Bambutsa,3,1,33,22,11,55,2021-07-22 22:05:00,502942
Illia Semeniuk_427586463,Illia Semeniuk,-1,0,42,46,-4,88,2021-07-22 22:10:00,502943
Igor Gatsenko_168096,Igor Gatsenko,-1,0,46,54,-8,100,2021-07-22 22:10:00,502944
D Tikhnenko_124361,D Tikhnenko,2,1,36,31,5,67,2021-07-22 22:11:00,502945
Nazarii Danyliuk_1922609847,Nazarii Danyliuk,-2,0,35,43,-8,78,2021-07-22 22:15:00,502946
Oleksandr Bryzhevatyi_168111,Oleksandr Bryzhevatyi,3,1,34,21,13,55,2021-07-22 22:15:00,502947
D Komarov_124407,D Komarov,3,1,37,29,8,66,2021-07-22 22:17:00,502948
A Klavdenkov_124321,A Klavdenkov,3,1,35,25,10,60,2021-07-22 22:17:00,502949
Roman Derypaska_15132898,Roman Derypaska,2,1,44,40,4,84,2021-07-22 22:20:00,502950
Igor Koshkodan_168132,Igor Koshkodan,2,1,42,36,6,78,2021-07-22 22:20:00,502951
Stanislav Nikolenko_168181,Stanislav Nikolenko,-3,0,25,33,-8,58,2021-07-22 22:20:00,502952
Vitalii Lievshin_576270861,Vitalii Lievshin,-2,0,38,41,-3,79,2021-07-22 22:25:00,502953
Pavlo Volkov_167905,Pavlo Volkov,-1,0,55,47,8,102,2021-07-22 22:25:00,502954
Vaclav Ezr_168159,Vaclav Ezr,-2,0,36,38,-2,74,2021-07-22 22:30:00,502955
Oleksandr Tuzhylin_1398034193,Oleksandr Tuzhylin,1,1,50,51,-1,101,2021-07-22 22:30:00,502956
jr. Hruska_27864,jr. Hruska,-1,0,48,48,0,96,2021-07-22 22:30:00,502957
Andrii Novikov_167922,Andrii Novikov,-2,0,29,42,-13,71,2021-07-22 22:35:00,502958
M Dukhin_124560,M Dukhin,-1,0,43,46,-3,89,2021-07-22 22:38:00,502959
Serhii Turovets_168097,Serhii Turovets,-3,0,19,33,-14,52,2021-07-22 22:40:00,502960
Mykola Tovkach_1941615241,Mykola Tovkach,-2,0,33,45,-12,78,2021-07-22 22:45:00,502961
Serhii Semenets_168112,Serhii Semenets,-3,0,21,33,-12,54,2021-07-22 22:45:00,502962
B Grebenyuk_124562,B Grebenyuk,2,1,38,34,4,72,2021-07-22 22:46:00,502963
D Merzlikin_124565,D Merzlikin,3,1,34,22,12,56,2021-07-22 22:46:00,502964
Oleg Kolivay_168133,Oleg Kolivay,1,1,50,41,9,91,2021-07-22 22:50:00,502965
Andrii Peretiatko_167906,Andrii Peretiatko,-1,0,49,52,-3,101,2021-07-22 22:55:00,502966
Dmytro Yaremchuk_536920787,Dmytro Yaremchuk,1,1,56,47,9,103,2021-07-22 23:00:00,502967
Tomas Vorisek_168160,Tomas Vorisek,-1,0,57,58,-1,115,2021-07-22 23:00:00,502968
D Brumlich_27865,D Brumlich,-1,0,52,56,-4,108,2021-07-22 23:01:00,502969
Vitalii Lievshin_1241399902,Vitalii Lievshin,-2,0,22,38,-16,60,2021-07-22 23:05:00,502970
D Tikhnenko_124561,D Tikhnenko,2,1,46,37,9,83,2021-07-22 23:05:00,502971
A Klavdenkov_124563,A Klavdenkov,-2,0,30,46,-16,76,2021-07-22 23:15:00,502972
A Silantev_124564,A Silantev,1,1,53,36,17,89,2021-07-22 23:16:00,502973
Andrii Martyniuk_168134,Andrii Martyniuk,2,1,39,28,11,67,2021-07-22 23:20:00,502974
Oleksandr Shapoval_167907,Oleksandr Shapoval,-3,0,20,33,-13,53,2021-07-22 23:25:00,502975
Vaclav Ezr_168161,Vaclav Ezr,1,1,49,50,-1,99,2021-07-22 23:30:00,502976
E Mares_27866,E Mares,1,1,44,46,-2,90,2021-07-22 23:32:00,502977
T Turabekov_124362,T Turabekov,1,1,54,53,1,107,2021-07-22 23:32:00,502978
Serhii Tsybulin_900586251,Serhii Tsybulin,-2,0,32,40,-8,72,2021-07-22 23:35:00,502979
Mykola Treshchetka_1934834588,Mykola Treshchetka,-1,0,52,50,2,102,2021-07-22 23:45:00,502980
A Petrov_124408,A Petrov,2,1,42,36,6,78,2021-07-22 23:48:00,502981
D Balakin_124322,D Balakin,-2,0,32,41,-9,73,2021-07-22 23:49:00,502982
Oleksandr Mytsyk_168135,Oleksandr Mytsyk,-1,0,44,50,-6,94,2021-07-22 23:50:00,502983
R Pavlenko_124363,R Pavlenko,2,1,36,24,12,60,2021-07-23 00:03:00,502984
Anastasiia Havelia_167878,Anastasiia Havelia,-2,0,30,42,-12,72,2021-07-23 00:05:00,502985
Serhii Boiko_546855041,Serhii Boiko,2,1,42,27,15,69,2021-07-23 00:05:00,502986
D Brumlich_27903,D Brumlich,1,1,49,41,8,90,2021-07-23 00:05:00,502987
I Ramensky_124323,I Ramensky,-2,0,35,43,-8,78,2021-07-23 00:15:00,502988
Oleksandr Mykhalus_706039918,Oleksandr Mykhalus,-1,0,46,48,-2,94,2021-07-23 00:15:00,502989
D Sayanov_124409,D Sayanov,2,1,39,27,12,66,2021-07-23 00:17:00,502990
Andrii Martyniuk_168136,Andrii Martyniuk,-2,0,34,40,-6,74,2021-07-23 00:20:00,502991
David Prusa_168498,David Prusa,1,1,51,30,21,81,2021-07-23 00:20:00,502992
Hryhorii Kulishov_167861,Hryhorii Kulishov,-1,0,53,53,0,106,2021-07-23 00:25:00,502993
D Ignatev_124364,D Ignatev,-2,0,35,41,-6,76,2021-07-23 00:30:00,502994
Jo Kutifel_27904,Jo Kutifel,2,1,42,38,4,80,2021-07-23 00:33:00,502995
Liudmyla Kabakova_167879,Liudmyla Kabakova,1,1,45,50,-5,95,2021-07-23 00:35:00,502996
Serhii Tsybulin_1749786970,Serhii Tsybulin,2,1,46,33,13,79,2021-07-23 00:35:00,502997
V Safonov_124410,V Safonov,-3,0,24,34,-10,58,2021-07-23 00:45:00,502998
Mykola Treshchetka_1255463215,Mykola Treshchetka,1,1,53,42,11,95,2021-07-23 00:45:00,502999
S Burov_124324,S Burov,-1,0,49,53,-4,102,2021-07-23 00:47:00,503000
Vasyl Kondratenko_168137,Vasyl Kondratenko,1,1,49,42,7,91,2021-07-23 00:50:00,503001
Martin Stusek_168499,Martin Stusek,-1,0,49,49,0,98,2021-07-23 00:50:00,503002
Borys Kostiuk_167862,Borys Kostiuk,-2,0,30,43,-13,73,2021-07-23 00:55:00,503003
A Fedosov_124365,A Fedosov,3,1,33,19,14,52,2021-07-23 01:00:00,503004
Iryna Ahalakova_167880,Iryna Ahalakova,-3,0,19,33,-14,52,2021-07-23 01:05:00,503005
Serhii Boiko_480829334,Serhii Boiko,-2,0,35,43,-8,78,2021-07-23 01:05:00,503006
N Zhurba_124411,N Zhurba,-2,0,33,43,-10,76,2021-07-23 01:15:00,503007
Maxim Naumchuk_235678458,Maxim Naumchuk,-1,0,48,56,-8,104,2021-07-23 01:15:00,503008
Yu Lbov_124325,Yu Lbov,-3,0,19,34,-15,53,2021-07-23 01:19:00,503009
Pavlo Khakhamidi_167863,Pavlo Khakhamidi,1,1,50,43,7,93,2021-07-23 01:25:00,503010
R Pavlenko_124366,R Pavlenko,1,1,53,46,7,99,2021-07-23 01:31:00,503011
Liudmyla Kabakova_167881,Liudmyla Kabakova,-3,0,26,34,-8,60,2021-07-23 01:35:00,503012
Serhii Tsybulin_891949709,Serhii Tsybulin,2,1,43,36,7,79,2021-07-23 01:35:00,503013
D Sayanov_124412,D Sayanov,1,1,50,49,1,99,2021-07-23 01:45:00,503014
Oleksandr Mykhalus_946447219,Oleksandr Mykhalus,3,1,33,15,18,48,2021-07-23 01:45:00,503015
I Ramensky_124326,I Ramensky,-2,0,38,43,-5,81,2021-07-23 01:45:00,503016
Borys Kostiuk_167864,Borys Kostiuk,-2,0,29,36,-7,65,2021-07-23 01:55:00,503017
A Fedosov_124367,A Fedosov,-1,0,50,50,0,100,2021-07-23 02:05:00,503018
Denys Shcherbak_259077390,Denys Shcherbak,2,1,43,36,7,79,2021-07-23 02:05:00,503019
Anastasiia Havelia_167882,Anastasiia Havelia,-1,0,46,51,-5,97,2021-07-23 02:05:00,503020
Mykola Treshchetka_101600123,Mykola Treshchetka,3,1,33,17,16,50,2021-07-23 02:15:00,503021
Yu Lbov_124327,Yu Lbov,3,1,33,20,13,53,2021-07-23 02:15:00,503022
N Zhurba_124413,N Zhurba,-2,0,35,41,-6,76,2021-07-23 02:17:00,503023
Hryhorii Kulishov_167865,Hryhorii Kulishov,2,1,39,35,4,74,2021-07-23 02:25:00,503024
Serhii Tsybulin_1651644357,Serhii Tsybulin,-2,0,35,36,-1,71,2021-07-23 02:35:00,503025
Viktoriia Anarmetova_167883,Viktoriia Anarmetova,3,1,34,20,14,54,2021-07-23 02:35:00,503026
K Churin_124368,K Churin,-3,0,17,33,-16,50,2021-07-23 02:36:00,503027
D Evlahin_124328,D Evlahin,-1,0,41,50,-9,91,2021-07-23 02:45:00,503028
Maxim Naumchuk_689860163,Maxim Naumchuk,-1,0,39,47,-8,86,2021-07-23 02:45:00,503029
I Soldatov_124414,I Soldatov,-2,0,36,39,-3,75,2021-07-23 02:46:00,503030
Serhii Levin_167866,Serhii Levin,-1,0,45,45,0,90,2021-07-23 02:55:00,503031
D Ignatev_124369,D Ignatev,-1,0,48,43,5,91,2021-07-23 03:01:00,503032
Serhii Boiko_546677602,Serhii Boiko,-2,0,32,43,-11,75,2021-07-23 03:05:00,503033
Iryna Ahalakova_167884,Iryna Ahalakova,-2,0,34,41,-7,75,2021-07-23 03:05:00,503034
Oleksandr Mykhalus_699976305,Oleksandr Mykhalus,2,1,42,32,10,74,2021-07-23 03:15:00,503035
V Safonov_124415,V Safonov,3,1,35,18,17,53,2021-07-23 03:16:00,503036
S Burov_124329,S Burov,1,1,47,43,4,90,2021-07-23 03:16:00,503037
Pavlo Khakhamidi_167867,Pavlo Khakhamidi,2,1,44,35,9,79,2021-07-23 03:25:00,503038
T Turabekov_124370,T Turabekov,-3,0,25,34,-9,59,2021-07-23 03:32:00,503039
Serhii Tsybulin_1749755321,Serhii Tsybulin,-3,0,22,33,-11,55,2021-07-23 03:35:00,503040
Liudmyla Kabakova_167885,Liudmyla Kabakova,-3,0,22,33,-11,55,2021-07-23 03:35:00,503041
A Petrov_124416,A Petrov,3,1,33,16,17,49,2021-07-23 03:45:00,503042
Andrey Matcyk_158926164,Andrey Matcyk,-2,0,41,47,-6,88,2021-07-23 03:45:00,503043
D Balakin_124330,D Balakin,-1,0,49,53,-4,102,2021-07-23 03:46:00,503044
Borys Kostiuk_167868,Borys Kostiuk,1,1,48,44,4,92,2021-07-23 03:55:00,503045
K Churin_124371,K Churin,-3,0,19,33,-14,52,2021-07-23 04:01:00,503046
Serhii Boiko_68176569,Serhii Boiko,-2,0,34,47,-13,81,2021-07-23 04:05:00,503047
Anastasiia Havelia_167886,Anastasiia Havelia,3,1,38,29,9,67,2021-07-23 04:05:00,503048
Mykola Treshchetka_1950551892,Mykola Treshchetka,2,1,44,35,9,79,2021-07-23 04:15:00,503049
I Soldatov_124417,I Soldatov,-1,0,47,53,-6,100,2021-07-23 04:16:00,503050
D Evlahin_124331,D Evlahin,-2,0,31,39,-8,70,2021-07-23 04:21:00,503051
Hryhorii Kulishov_167869,Hryhorii Kulishov,1,1,48,49,-1,97,2021-07-23 04:25:00,503052
D Ignatev_124566,D Ignatev,2,1,41,36,5,77,2021-07-23 04:30:00,503053
Viktoriia Anarmetova_167887,Viktoriia Anarmetova,1,1,47,45,2,92,2021-07-23 04:35:00,503054
Serhii Tsybulin_1776352244,Serhii Tsybulin,-1,0,37,42,-5,79,2021-07-23 04:35:00,503055
Andrey Matcyk_1880137713,Andrey Matcyk,3,1,33,22,11,55,2021-07-23 04:45:00,503056
I Soldatov_124570,I Soldatov,1,1,41,46,-5,87,2021-07-23 04:47:00,503057
I Ramensky_124568,I Ramensky,2,1,43,33,10,76,2021-07-23 04:48:00,503058
Serhii Levin_167870,Serhii Levin,3,1,33,20,13,53,2021-07-23 04:55:00,503059
T Turabekov_124567,T Turabekov,2,1,44,41,3,85,2021-07-23 05:00:00,503060
Denys Shcherbak_259255093,Denys Shcherbak,-2,0,30,40,-10,70,2021-07-23 05:05:00,503061
Iryna Ahalakova_167888,Iryna Ahalakova,-2,0,24,42,-18,66,2021-07-23 05:05:00,503062
Oleksandr Mykhalus_1467734255,Oleksandr Mykhalus,2,1,39,33,6,72,2021-07-23 05:15:00,503063
D Evlahin_124569,D Evlahin,3,1,34,27,7,61,2021-07-23 05:15:00,503064
D Sayanov_124571,D Sayanov,2,1,45,33,12,78,2021-07-23 05:16:00,503065
Pavlo Khakhamidi_167871,Pavlo Khakhamidi,-1,0,50,50,0,100,2021-07-23 05:25:00,503066
Anastasiia Havelia_167889,Anastasiia Havelia,3,1,39,27,12,66,2021-07-23 05:35:00,503067
Hryhorii Kulishov_167872,Hryhorii Kulishov,3,1,33,13,20,46,2021-07-23 05:55:00,503068
Hanna Babii_167890,Hanna Babii,-2,0,37,46,-9,83,2021-07-23 06:05:00,503069
Serhii Sokolov_167873,Serhii Sokolov,-1,0,43,45,-2,88,2021-07-23 06:25:00,503070
Anastasiia Havelia_167891,Anastasiia Havelia,-3,0,24,33,-9,57,2021-07-23 06:35:00,503071
Hryhorii Kulishov_167874,Hryhorii Kulishov,2,1,44,34,10,78,2021-07-23 06:55:00,503072
Liudmyla Kabakova_167892,Liudmyla Kabakova,-2,0,27,45,-18,72,2021-07-23 07:05:00,503073
Borys Kostiuk_167875,Borys Kostiuk,-2,0,33,40,-7,73,2021-07-23 07:25:00,503074
S Ovechkin_124470,S Ovechkin,-2,0,29,37,-8,66,2021-07-23 07:32:00,503075
A Klavdenkov_124436,A Klavdenkov,1,1,50,47,3,97,2021-07-23 07:48:00,503076
V Sinkovskiy_124510,V Sinkovskiy,-2,0,30,43,-13,73,2021-07-23 07:48:00,503077
Dmytro Shukin_335337607,Dmytro Shukin,-2,0,39,45,-6,84,2021-07-23 07:50:00,503078
Stanislav Nikolenko_168488,Stanislav Nikolenko,2,1,42,31,11,73,2021-07-23 07:50:00,503079
Vitalii Solovei_1467543000,Vitalii Solovei,-2,0,35,44,-9,79,2021-07-23 07:55:00,503080
A Vorozheykin_124471,A Vorozheykin,-3,0,26,37,-11,63,2021-07-23 08:00:00,503081
Serhii Nemtsov_168202,Serhii Nemtsov,-2,0,30,44,-14,74,2021-07-23 08:00:00,503082
Zaur Mahomedov_168212,Zaur Mahomedov,2,1,39,30,9,69,2021-07-23 08:05:00,503083
Nadiia Harmash_168237,Nadiia Harmash,-2,0,30,40,-10,70,2021-07-23 08:10:00,503084
Oleksandr Hryshchenko_168247,Oleksandr Hryshchenko,2,1,42,31,11,73,2021-07-23 08:15:00,503085
A Fedorov_124511,A Fedorov,-1,0,41,52,-11,93,2021-07-23 08:16:00,503086
Serhii Rak_168489,Serhii Rak,2,1,38,32,6,70,2021-07-23 08:20:00,503087
D Petrochenko_124437,D Petrochenko,1,1,57,55,2,112,2021-07-23 08:23:00,503088
Serhii Kinash_1922140017,Serhii Kinash,-1,0,50,55,-5,105,2021-07-23 08:25:00,503089
Oleksandr Dukhovenko_168203,Oleksandr Dukhovenko,-3,0,20,34,-14,54,2021-07-23 08:30:00,503090
I Sergeevich_124472,I Sergeevich,2,1,40,37,3,77,2021-07-23 08:30:00,503091
Vadym Komar_1209452781,Vadym Komar,1,1,50,46,4,96,2021-07-23 08:30:00,503092
Kostiantyn Kovalchuk_168213,Kostiantyn Kovalchuk,-2,0,35,38,-3,73,2021-07-23 08:35:00,503093
Artem Tkachenko_941438017,Artem Tkachenko,-3,0,20,34,-14,54,2021-07-23 08:35:00,503094
Olha Yureneva_168238,Olha Yureneva,2,1,43,35,8,78,2021-07-23 08:40:00,503095
Oleksiy Sapronov_1436659686,Oleksiy Sapronov,-3,0,26,36,-10,62,2021-07-23 08:40:00,503096
Oleksandr Ivchuk_168248,Oleksandr Ivchuk,-2,0,22,39,-17,61,2021-07-23 08:45:00,503097
Vadym Nechyporuk_585150664,Vadym Nechyporuk,-2,0,32,40,-8,72,2021-07-23 08:45:00,503098
Vasyl Kondratenko_168257,Vasyl Kondratenko,1,1,55,46,9,101,2021-07-23 08:50:00,503099
Yevhenii Faflei_1970170386,Yevhenii Faflei,-1,0,48,53,-5,101,2021-07-23 08:50:00,503100
Serhii Rak_168490,Serhii Rak,2,1,45,33,12,78,2021-07-23 08:50:00,503101
R Alov_124512,R Alov,3,1,33,14,19,47,2021-07-23 08:52:00,503102
Andrii Peretiatko_168267,Andrii Peretiatko,2,1,44,30,14,74,2021-07-23 08:55:00,503103
Yan Zaharov_383749102,Yan Zaharov,-1,0,46,54,-8,100,2021-07-23 08:55:00,503104
Eduard Rubtsov_1205366018,Eduard Rubtsov,-1,0,42,53,-11,95,2021-07-23 08:55:00,503105
Serhii Nemtsov_168204,Serhii Nemtsov,-3,0,15,33,-18,48,2021-07-23 09:00:00,503106
Mykola Kulynych_168282,Mykola Kulynych,1,1,58,54,4,112,2021-07-23 09:00:00,503107
T Batthyany_27875,T Batthyany,3,1,34,24,10,58,2021-07-23 09:00:00,503108
M Chernyavskiy_124473,M Chernyavskiy,-1,0,47,48,-1,95,2021-07-23 09:00:00,503109
E Mishutin_124438,E Mishutin,-1,0,44,51,-7,95,2021-07-23 09:00:00,503110
Ivan Kozyr_1707703606,Ivan Kozyr,-2,0,27,37,-10,64,2021-07-23 09:00:00,503111
Frantisek Korenek_168448,Frantisek Korenek,-1,0,42,48,-6,90,2021-07-23 09:00:00,503112
Oleh Stasevskyi_1547268110,Oleh Stasevskyi,-1,0,47,49,-2,96,2021-07-23 09:05:00,503113
Andrii Hrytsai_168214,Andrii Hrytsai,2,1,42,38,4,80,2021-07-23 09:05:00,503114
Andrii Troyan_192783625,Andrii Troyan,-2,0,38,40,-2,78,2021-07-23 09:10:00,503115
Nadiia Harmash_168239,Nadiia Harmash,-1,0,46,57,-11,103,2021-07-23 09:10:00,503116
Oleksandr Hryshchenko_168249,Oleksandr Hryshchenko,-1,0,49,52,-3,101,2021-07-23 09:15:00,503117
Nikita Korbut_199727523,Nikita Korbut,1,1,48,44,4,92,2021-07-23 09:15:00,503118
V Selkin_124513,V Selkin,-3,0,25,35,-10,60,2021-07-23 09:16:00,503119
Stanislav Nikolenko_168491,Stanislav Nikolenko,2,1,42,30,12,72,2021-07-23 09:20:00,503120
Dmytro Vakhta_1759079614,Dmytro Vakhta,-1,0,50,52,-2,102,2021-07-23 09:20:00,503121
Valeriy Kolesnykov_168258,Valeriy Kolesnykov,-2,0,34,35,-1,69,2021-07-23 09:20:00,503122
Dmytro Zeniuk_1504083770,Dmytro Zeniuk,2,1,37,34,3,71,2021-07-23 09:25:00,503123
I Sergeevich_124474,I Sergeevich,-1,0,44,48,-4,92,2021-07-23 09:30:00,503124
V Skokan_27876,V Skokan,1,1,45,40,5,85,2021-07-23 09:30:00,503125
Petr Kubat_168449,Petr Kubat,-1,0,43,51,-8,94,2021-07-23 09:30:00,503126
Volodymyr Voronenkov_168205,Volodymyr Voronenkov,-3,0,22,35,-13,57,2021-07-23 09:30:00,503127
Rodion Pirveli_987306322,Rodion Pirveli,-1,0,50,47,3,97,2021-07-23 09:30:00,503128
Oleksandr Zhuravlov_876165739,Oleksandr Zhuravlov,-3,0,23,33,-10,56,2021-07-23 09:30:00,503129
Ihor Dubyna_168283,Ihor Dubyna,-3,0,21,33,-12,54,2021-07-23 09:30:00,503130
A Yudin_124439,A Yudin,-1,0,48,51,-3,99,2021-07-23 09:32:00,503131
Kostiantyn Kovalchuk_168215,Kostiantyn Kovalchuk,2,1,44,35,9,79,2021-07-23 09:35:00,503132
Dmytro Shukin_1591656717,Dmytro Shukin,-3,0,18,33,-15,51,2021-07-23 09:35:00,503133
Yana Mykhailyk_168240,Yana Mykhailyk,-1,0,35,45,-10,80,2021-07-23 09:40:00,503134
Vitalii Solovei_100095118,Vitalii Solovei,-1,0,42,45,-3,87,2021-07-23 09:40:00,503135
Vladyslav Mishchenko_168250,Vladyslav Mishchenko,-2,0,31,40,-9,71,2021-07-23 09:45:00,503136
Artem Tkachenko_228253055,Artem Tkachenko,-2,0,31,40,-9,71,2021-07-23 09:45:00,503137
R Alov_124514,R Alov,-2,0,33,41,-8,74,2021-07-23 09:48:00,503138
Oleksandr Hordiichuk_168492,Oleksandr Hordiichuk,3,1,33,15,18,48,2021-07-23 09:50:00,503139
Vasyl Kondratenko_168259,Vasyl Kondratenko,1,1,50,38,12,88,2021-07-23 09:50:00,503140
Oleksiy Sapronov_1381216713,Oleksiy Sapronov,-3,0,20,33,-13,53,2021-07-23 09:50:00,503141
Serhii Khandetskyi_168269,Serhii Khandetskyi,-2,0,33,41,-8,74,2021-07-23 09:55:00,503142
Vadym Nechyporuk_236876701,Vadym Nechyporuk,3,1,33,19,14,52,2021-07-23 09:55:00,503143
Yevhenii Faflei_356164270,Yevhenii Faflei,-1,0,51,50,1,101,2021-07-23 10:00:00,503144
Oleksandr Dukhovenko_168206,Oleksandr Dukhovenko,-2,0,26,41,-15,67,2021-07-23 10:00:00,503145
Petr Kubat_168450,Petr Kubat,2,1,43,34,9,77,2021-07-23 10:00:00,503146
Mykhailo Hlaholev_168284,Mykhailo Hlaholev,-1,0,41,48,-7,89,2021-07-23 10:00:00,503147
A Vorozheykin_124475,A Vorozheykin,-1,0,55,60,-5,115,2021-07-23 10:02:00,503148
Ja Svoboda_27877,Ja Svoboda,-3,0,23,35,-12,58,2021-07-23 10:02:00,503149
Eduard Rubtsov_731840620,Eduard Rubtsov,-2,0,35,41,-6,76,2021-07-23 10:05:00,503150
Zaur Mahomedov_168216,Zaur Mahomedov,-2,0,32,43,-11,75,2021-07-23 10:05:00,503151
Yan Zaharov_672860406,Yan Zaharov,1,1,46,43,3,89,2021-07-23 10:05:00,503152
Olha Yureneva_168241,Olha Yureneva,-2,0,41,44,-3,85,2021-07-23 10:10:00,503153
E Mishutin_124440,E Mishutin,1,1,51,47,4,98,2021-07-23 10:10:00,503154
Ivan Kozyr_643127147,Ivan Kozyr,1,1,47,35,12,82,2021-07-23 10:10:00,503155
Oleksandr Ivchuk_168251,Oleksandr Ivchuk,-2,0,31,42,-11,73,2021-07-23 10:15:00,503156
Oleh Stasevskyi_1082353965,Oleh Stasevskyi,1,1,56,51,5,107,2021-07-23 10:15:00,503157
A Fedorov_124515,A Fedorov,2,1,41,37,4,78,2021-07-23 10:17:00,503158
Oleg Kolivay_168260,Oleg Kolivay,3,1,36,30,6,66,2021-07-23 10:20:00,503159
Stanislav Nikolenko_168481,Stanislav Nikolenko,1,1,53,42,11,95,2021-07-23 10:20:00,503160
Andrii Troyan_1385503984,Andrii Troyan,2,1,42,31,11,73,2021-07-23 10:20:00,503161
Adam Krasutskyi_1192346493,Adam Krasutskyi,2,1,40,26,14,66,2021-07-23 10:25:00,503162
Oleksandr Shapoval_168270,Oleksandr Shapoval,2,1,41,33,8,74,2021-07-23 10:25:00,503163
Serhii Berezynskyi_553055038,Serhii Berezynskyi,1,1,46,45,1,91,2021-07-23 10:30:00,503164
Frantisek Korenek_168451,Frantisek Korenek,3,1,33,14,19,47,2021-07-23 10:30:00,503165
Serhii Nemtsov_168207,Serhii Nemtsov,-3,0,23,33,-10,56,2021-07-23 10:30:00,503166
Ihor Dubyna_168285,Ihor Dubyna,-3,0,15,33,-18,48,2021-07-23 10:30:00,503167
Jr. Mecl_27878,Jr. Mecl,1,1,48,46,2,94,2021-07-23 10:30:00,503168
Vasyl Aksenin_122056863,Vasyl Aksenin,1,1,46,47,-1,93,2021-07-23 10:35:00,503169
Taras Yemelianov_168217,Taras Yemelianov,3,1,35,25,10,60,2021-07-23 10:35:00,503170
Oleksandr Zhuravlov_1360349830,Oleksandr Zhuravlov,-2,0,24,41,-17,65,2021-07-23 10:40:00,503171
Roman Reznichenko_133106969,Roman Reznichenko,-1,0,46,43,3,89,2021-07-23 10:40:00,503172
Nadiia Harmash_168242,Nadiia Harmash,-1,0,45,54,-9,99,2021-07-23 10:40:00,503173
A Vorozheykin_124572,A Vorozheykin,-2,0,38,44,-6,82,2021-07-23 10:43:00,503174
Oleksandr Hryshchenko_168252,Oleksandr Hryshchenko,-3,0,24,34,-10,58,2021-07-23 10:45:00,503175
Ruslan Hripun_1398336051,Ruslan Hripun,3,1,33,24,9,57,2021-07-23 10:45:00,503176
D Petrochenko_124441,D Petrochenko,-1,0,45,43,2,88,2021-07-23 10:46:00,503177
Valeriy Kolesnykov_168261,Valeriy Kolesnykov,-2,0,35,41,-6,76,2021-07-23 10:50:00,503178
Andrii Nakliutskyi_168493,Andrii Nakliutskyi,2,1,43,39,4,82,2021-07-23 10:50:00,503179
Petro Kolesnik_1619728087,Petro Kolesnik,3,1,33,21,12,54,2021-07-23 10:50:00,503180
V Sinkovskiy_124574,V Sinkovskiy,-1,0,40,46,-6,86,2021-07-23 10:51:00,503181
Andrii Peretiatko_168271,Andrii Peretiatko,-2,0,22,44,-22,66,2021-07-23 10:55:00,503182
Artem Tkachenko_1752118110,Artem Tkachenko,-1,0,49,41,8,90,2021-07-23 10:55:00,503183
Mykola Kulynych_168286,Mykola Kulynych,2,1,42,34,8,76,2021-07-23 11:00:00,503184
Jachym Sebl_168452,Jachym Sebl,2,1,44,40,4,84,2021-07-23 11:00:00,503185
Ja Svoboda_27879,Ja Svoboda,-3,0,25,34,-9,59,2021-07-23 11:00:00,503186
Nikita Korbut_1705615703,Nikita Korbut,3,1,33,20,13,53,2021-07-23 11:00:00,503187
Oleksandr Dukhovenko_168208,Oleksandr Dukhovenko,-3,0,20,33,-13,53,2021-07-23 11:00:00,503188
Dmytro Vakhta_2034004562,Dmytro Vakhta,3,1,36,18,18,54,2021-07-23 11:05:00,503189
Andrii Hrytsai_168218,Andrii Hrytsai,-2,0,30,42,-12,72,2021-07-23 11:05:00,503190
M Chernyavskiy_124573,M Chernyavskiy,-2,0,32,43,-11,75,2021-07-23 11:10:00,503191
Dmytro Zeniuk_1587166462,Dmytro Zeniuk,-1,0,41,46,-5,87,2021-07-23 11:10:00,503192
Olha Yureneva_168243,Olha Yureneva,-2,0,40,49,-9,89,2021-07-23 11:10:00,503193
Yan Zaharov_278600882,Yan Zaharov,3,1,38,24,14,62,2021-07-23 11:15:00,503194
Rodion Pirveli_491406349,Rodion Pirveli,3,1,33,24,9,57,2021-07-23 11:15:00,503195
Oleksandr Ivchuk_168253,Oleksandr Ivchuk,-1,0,46,46,0,92,2021-07-23 11:15:00,503196
A Yudin_124576,A Yudin,-1,0,51,49,2,100,2021-07-23 11:19:00,503197
Serhii Rak_168483,Serhii Rak,3,1,34,22,12,56,2021-07-23 11:20:00,503198
Serhii Kinash_1932370171,Serhii Kinash,-1,0,38,46,-8,84,2021-07-23 11:20:00,503199
Vasyl Kondratenko_168262,Vasyl Kondratenko,2,1,38,23,15,61,2021-07-23 11:20:00,503200
R Alov_124575,R Alov,3,1,35,27,8,62,2021-07-23 11:23:00,503201
Vadym Komar_1579229963,Vadym Komar,-2,0,29,38,-9,67,2021-07-23 11:25:00,503202
Ihor Oranskyi_168272,Ihor Oranskyi,1,1,53,52,1,105,2021-07-23 11:25:00,503203
Frantisek Korenek_168453,Frantisek Korenek,2,1,43,33,10,76,2021-07-23 11:30:00,503204
Serhii Darahan_168287,Serhii Darahan,-3,0,28,36,-8,64,2021-07-23 11:30:00,503205
Volodymyr Voronenkov_168209,Volodymyr Voronenkov,-3,0,21,33,-12,54,2021-07-23 11:30:00,503206
V Skokan_27880,V Skokan,-3,0,20,35,-15,55,2021-07-23 11:30:00,503207
Anatolii Zapletniuk_690275742,Anatolii Zapletniuk,2,1,45,35,10,80,2021-07-23 11:30:00,503208
Oleksiy Sapronov_1448506414,Oleksiy Sapronov,-2,0,31,39,-8,70,2021-07-23 11:35:00,503209
Kostiantyn Kovalchuk_168219,Kostiantyn Kovalchuk,3,1,33,25,8,58,2021-07-23 11:35:00,503210
A Ekzhanov_124476,A Ekzhanov,1,1,55,51,4,106,2021-07-23 11:39:00,503211
Yana Mykhailyk_168244,Yana Mykhailyk,-1,0,42,47,-5,89,2021-07-23 11:40:00,503212
Vadym Nechyporuk_1881503832,Vadym Nechyporuk,3,1,33,24,9,57,2021-07-23 11:40:00,503213
Vladyslav Mishchenko_168254,Vladyslav Mishchenko,2,1,43,37,6,80,2021-07-23 11:45:00,503214
Yevhenii Faflei_1909399323,Yevhenii Faflei,-1,0,41,46,-5,87,2021-07-23 11:45:00,503215
I Matveyev_124516,I Matveyev,3,1,33,17,16,50,2021-07-23 11:48:00,503216
Oleksandr Hordiichuk_168494,Oleksandr Hordiichuk,1,1,47,40,7,87,2021-07-23 11:50:00,503217
Eduard Rubtsov_1107650078,Eduard Rubtsov,2,1,43,37,6,80,2021-07-23 11:50:00,503218
Valeriy Kolesnykov_168263,Valeriy Kolesnykov,3,1,36,26,10,62,2021-07-23 11:50:00,503219
Pavlo Pyasta_430650046,Pavlo Pyasta,2,1,44,37,7,81,2021-07-23 11:50:00,503220
Dmytro Shukin_1801375189,Dmytro Shukin,-2,0,30,42,-12,72,2021-07-23 11:55:00,503221
Serhii Khandetskyi_168273,Serhii Khandetskyi,3,1,34,23,11,57,2021-07-23 11:55:00,503222
D Petrochenko_124577,D Petrochenko,-1,0,49,51,-2,100,2021-07-23 11:57:00,503223
Vitalii Solovei_705862523,Vitalii Solovei,-3,0,22,33,-11,55,2021-07-23 12:00:00,503224
Mykhailo Hlaholev_168288,Mykhailo Hlaholev,-1,0,47,53,-6,100,2021-07-23 12:00:00,503225
Serhii Nemtsov_168210,Serhii Nemtsov,2,1,44,36,8,80,2021-07-23 12:00:00,503226
Ja Svoboda_27905,Ja Svoboda,-2,0,35,42,-7,77,2021-07-23 12:00:00,503227
Andrii Troyan_509906187,Andrii Troyan,-2,0,31,46,-15,77,2021-07-23 12:05:00,503228
Zaur Mahomedov_168220,Zaur Mahomedov,2,1,44,31,13,75,2021-07-23 12:05:00,503229
V Kutin_124477,V Kutin,-2,0,35,40,-5,75,2021-07-23 12:06:00,503230
Adam Krasutskyi_759301160,Adam Krasutskyi,-1,0,47,48,-1,95,2021-07-23 12:10:00,503231
Serhii Berezynskyi_293294906,Serhii Berezynskyi,-2,0,32,43,-11,75,2021-07-23 12:15:00,503232
Ondrej Konvalinka_168505,Ondrej Konvalinka,1,1,55,50,5,105,2021-07-23 12:15:00,503233
Oleksandr Hryshchenko_168255,Oleksandr Hryshchenko,2,1,35,37,-2,72,2021-07-23 12:15:00,503234
A Slachshilin_124517,A Slachshilin,3,1,33,23,10,56,2021-07-23 12:16:00,503235
Andrii Nakliutskyi_168495,Andrii Nakliutskyi,-1,0,50,46,4,96,2021-07-23 12:20:00,503236
Oleg Kolivay_168264,Oleg Kolivay,3,1,37,30,7,67,2021-07-23 12:20:00,503237
Vasyl Aksenin_1484035375,Vasyl Aksenin,-2,0,26,42,-16,68,2021-07-23 12:20:00,503238
Oleksandr Shapoval_168274,Oleksandr Shapoval,-3,0,18,33,-15,51,2021-07-23 12:25:00,503239
Roman Reznichenko_1426295756,Roman Reznichenko,-3,0,19,33,-14,52,2021-07-23 12:25:00,503240
Yan Zaharov_72645836,Yan Zaharov,3,1,33,19,14,52,2021-07-23 12:25:00,503241
Denys Pesternikov_168211,Denys Pesternikov,-3,0,21,33,-12,54,2021-07-23 12:30:00,503242
Oleksandr Dziabura_1641655603,Oleksandr Dziabura,2,1,42,34,8,76,2021-07-23 12:30:00,503243
Ihor Dubyna_168289,Ihor Dubyna,-2,0,34,39,-5,73,2021-07-23 12:30:00,503244
Jr. Mecl_27906,Jr. Mecl,3,1,35,28,7,63,2021-07-23 12:31:00,503245
K Bystrushkin_124442,K Bystrushkin,2,1,43,33,10,76,2021-07-23 12:32:00,503246
Taras Yemelianov_168221,Taras Yemelianov,-3,0,26,33,-7,59,2021-07-23 12:35:00,503247
Serhii Kubrak_321208186,Serhii Kubrak,1,1,53,47,6,100,2021-07-23 12:35:00,503248
S Kuzmin_124478,S Kuzmin,1,1,50,47,3,97,2021-07-23 12:38:00,503249
Svitlana Yureneva_168246,Svitlana Yureneva,-1,0,38,46,-8,84,2021-07-23 12:40:00,503250
Artem Tkachenko_1521285038,Artem Tkachenko,-1,0,48,53,-5,101,2021-07-23 12:40:00,503251
Jachym Sebl_168506,Jachym Sebl,2,1,40,29,11,69,2021-07-23 12:45:00,503252
Nikita Korbut_1958836308,Nikita Korbut,-3,0,29,36,-7,65,2021-07-23 12:45:00,503253
Oleksandr Buberenko_168256,Oleksandr Buberenko,2,1,38,29,9,67,2021-07-23 12:45:00,503254
I Poletaev_124518,I Poletaev,1,1,47,43,4,90,2021-07-23 12:46:00,503255
Andrii Nakliutskyi_168496,Andrii Nakliutskyi,3,1,33,25,8,58,2021-07-23 12:50:00,503256
Vasyl Kondratenko_168265,Vasyl Kondratenko,-2,0,40,42,-2,82,2021-07-23 12:50:00,503257
Dmytro Vakhta_1324811672,Dmytro Vakhta,2,1,45,35,10,80,2021-07-23 12:50:00,503258
D Molodtsov_124443,D Molodtsov,2,1,37,30,7,67,2021-07-23 12:54:00,503259
Andrii Peretiatko_168275,Andrii Peretiatko,-3,0,25,33,-8,58,2021-07-23 12:55:00,503260
Dmytro Zeniuk_188280218,Dmytro Zeniuk,-1,0,48,53,-5,101,2021-07-23 12:55:00,503261
Mykola Kulynych_168290,Mykola Kulynych,2,1,43,39,4,82,2021-07-23 13:00:00,503262
Petr Dvorak_168454,Petr Dvorak,-3,0,17,33,-16,50,2021-07-23 13:00:00,503263
Volodymyr Voronenkov_168507,Volodymyr Voronenkov,2,1,43,34,9,77,2021-07-23 13:00:00,503264
Rodion Pirveli_727139355,Rodion Pirveli,1,1,45,42,3,87,2021-07-23 13:00:00,503265
Oleksandr Zhuravlov_1256602807,Oleksandr Zhuravlov,2,1,54,47,7,101,2021-07-23 13:00:00,503266
Andrii Hrytsai_168222,Andrii Hrytsai,-3,0,15,33,-18,48,2021-07-23 13:05:00,503267
Ivan Kozyr_288637657,Ivan Kozyr,-1,0,53,55,-2,108,2021-07-23 13:05:00,503268
Ja Prokupek_27881,Ja Prokupek,-2,0,43,43,0,86,2021-07-23 13:08:00,503269
Oleh Stasevskyi_428431405,Oleh Stasevskyi,-2,0,24,37,-13,61,2021-07-23 13:10:00,503270
D Popov_124479,D Popov,1,1,55,43,12,98,2021-07-23 13:12:00,503271
Andrii Troyan_399858805,Andrii Troyan,3,1,33,24,9,57,2021-07-23 13:15:00,503272
Ya Bazhinov_124519,Ya Bazhinov,3,1,39,33,6,72,2021-07-23 13:18:00,503273
Ihor Dmytruk_168266,Ihor Dmytruk,-1,0,41,46,-5,87,2021-07-23 13:20:00,503274
Serhii Hilitukha_416590128,Serhii Hilitukha,3,1,38,24,14,62,2021-07-23 13:20:00,503275
V Demchenko_124444,V Demchenko,-1,0,41,56,-15,97,2021-07-23 13:20:00,503276
Oleksandr Hordiichuk_168497,Oleksandr Hordiichuk,-2,0,36,44,-8,80,2021-07-23 13:20:00,503277
Oleksandr Zhyrnov_168509,Oleksandr Zhyrnov,-2,0,39,43,-4,82,2021-07-23 13:20:00,503278
Nazarii Hrytsyienko_1541231651,Nazarii Hrytsyienko,3,1,35,22,13,57,2021-07-23 13:25:00,503279
Yana Mykhailyk_168511,Yana Mykhailyk,-3,0,17,33,-16,50,2021-07-23 13:25:00,503280
Ihor Oranskyi_168276,Ihor Oranskyi,1,1,45,40,5,85,2021-07-23 13:25:00,503281
Serhii Darahan_168291,Serhii Darahan,-1,0,47,48,-1,95,2021-07-23 13:30:00,503282
Yevhenii Honchar_168508,Yevhenii Honchar,2,1,38,34,4,72,2021-07-23 13:30:00,503283
Oleksii Tkachuk_1629918590,Oleksii Tkachuk,-1,0,47,47,0,94,2021-07-23 13:30:00,503284
Tomas Cerveny_168455,Tomas Cerveny,3,1,33,19,14,52,2021-07-23 13:30:00,503285
Ja Sich_27882,Ja Sich,-1,0,42,41,1,83,2021-07-23 13:33:00,503286
Dmytro Alekseenko_1362257861,Dmytro Alekseenko,-2,0,35,43,-8,78,2021-07-23 13:35:00,503287
Yan Zaharov_928455766,Yan Zaharov,-2,0,30,42,-12,72,2021-07-23 13:35:00,503288
Zaur Mahomedov_168223,Zaur Mahomedov,1,1,53,47,6,100,2021-07-23 13:35:00,503289
Serhii Kinash_827655424,Serhii Kinash,1,1,48,48,0,96,2021-07-23 13:40:00,503290
Vadym Komar_1898628119,Vadym Komar,2,1,42,34,8,76,2021-07-23 13:45:00,503291
I Poletaev_124520,I Poletaev,-3,0,26,36,-10,62,2021-07-23 13:47:00,503292
A Vlasov_124445,A Vlasov,3,1,38,26,12,64,2021-07-23 13:49:00,503293
Artem Tkachenko_179965410,Artem Tkachenko,3,1,34,24,10,58,2021-07-23 13:50:00,503294
Oleksandr Buberenko_168510,Oleksandr Buberenko,-1,0,49,54,-5,103,2021-07-23 13:50:00,503295
S Kuzmin_124480,S Kuzmin,-3,0,23,33,-10,56,2021-07-23 13:52:00,503296
Anastasiia Mydvetska_168512,Anastasiia Mydvetska,3,1,33,19,14,52,2021-07-23 13:55:00,503297
Serhii Khandetskyi_168277,Serhii Khandetskyi,-1,0,40,45,-5,85,2021-07-23 13:55:00,503298
Oleksiy Sapronov_1907868121,Oleksiy Sapronov,2,1,36,34,2,70,2021-07-23 13:55:00,503299
Tomas Cerveny_168456,Tomas Cerveny,2,1,42,29,13,71,2021-07-23 14:00:00,503300
Vadym Nechyporuk_934526497,Vadym Nechyporuk,-1,0,46,50,-4,96,2021-07-23 14:00:00,503301
Mykhailo Hlaholev_168292,Mykhailo Hlaholev,-1,0,49,53,-4,102,2021-07-23 14:00:00,503302
R Pavelka_27883,R Pavelka,-1,0,36,51,-15,87,2021-07-23 14:02:00,503303
Yevhenii Faflei_1281974075,Yevhenii Faflei,1,1,51,38,13,89,2021-07-23 14:05:00,503304
Roman Yushko_168224,Roman Yushko,2,1,45,37,8,82,2021-07-23 14:05:00,503305
Oleksandr Zhuravlov_1360209415,Oleksandr Zhuravlov,-2,0,34,41,-7,75,2021-07-23 14:10:00,503306
Oleg Kolivay_168513,Oleg Kolivay,-2,0,29,38,-9,67,2021-07-23 14:10:00,503307
Eduard Rubtsov_971975330,Eduard Rubtsov,1,1,48,48,0,96,2021-07-23 14:10:00,503308
V Kutin_124481,V Kutin,2,1,45,39,6,84,2021-07-23 14:11:00,503309
V Demchenko_124446,V Demchenko,3,1,33,16,17,49,2021-07-23 14:12:00,503310
Dmytro Shukin_1187628606,Dmytro Shukin,-1,0,40,50,-10,90,2021-07-23 14:15:00,503311
A Slachshilin_124521,A Slachshilin,3,1,33,14,19,47,2021-07-23 14:16:00,503312
Vitalii Solovei_1604496476,Vitalii Solovei,-2,0,36,44,-8,80,2021-07-23 14:20:00,503313
Andrii Troyan_1084638971,Andrii Troyan,-2,0,34,41,-7,75,2021-07-23 14:25:00,503314
Andrii Peretiatko_168278,Andrii Peretiatko,1,1,48,35,13,83,2021-07-23 14:25:00,503315
D Molodtsov_124447,D Molodtsov,2,1,43,26,17,69,2021-07-23 14:28:00,503316
Mykola Kulynych_168293,Mykola Kulynych,3,1,33,16,17,49,2021-07-23 14:30:00,503317
Adam Krasutskyi_1818228820,Adam Krasutskyi,2,1,42,24,18,66,2021-07-23 14:30:00,503318
Petr Dvorak_168457,Petr Dvorak,1,1,50,44,6,94,2021-07-23 14:30:00,503319
M Urban_27884,M Urban,2,1,43,35,8,78,2021-07-23 14:33:00,503320
Zaur Mahomedov_168225,Zaur Mahomedov,-3,0,27,35,-8,62,2021-07-23 14:35:00,503321
Serhii Berezynskyi_1292223201,Serhii Berezynskyi,-2,0,34,45,-11,79,2021-07-23 14:35:00,503322
Oleksandr Mytsyk_168514,Oleksandr Mytsyk,-1,0,33,42,-9,75,2021-07-23 14:40:00,503323
Yevhenii Faflei_799132946,Yevhenii Faflei,-3,0,24,33,-9,57,2021-07-23 14:40:00,503324
Eduard Rubtsov_1993611088,Eduard Rubtsov,3,1,33,21,12,54,2021-07-23 14:45:00,503325
Yan Zaharov_278707474,Yan Zaharov,-3,0,17,33,-16,50,2021-07-23 14:45:00,503326
I Poletaev_124680,I Poletaev,-2,0,40,47,-7,87,2021-07-23 14:46:00,503327
A Ekzhanov_124682,A Ekzhanov,-2,0,40,49,-9,89,2021-07-23 14:46:00,503328
Ruslan Hripun_2071579708,Ruslan Hripun,2,1,41,26,15,67,2021-07-23 14:50:00,503329
Petro Kolesnik_82737020,Petro Kolesnik,-2,0,35,40,-5,75,2021-07-23 14:55:00,503330
Maksym Marchuk_168279,Maksym Marchuk,2,1,41,32,9,73,2021-07-23 14:55:00,503331
A Vlasov_124684,A Vlasov,-3,0,21,33,-12,54,2021-07-23 14:58:00,503332
Maxim Suvorov_168458,Maxim Suvorov,-2,0,35,41,-6,76,2021-07-23 15:00:00,503333
R Pavelka_27885,R Pavelka,1,1,46,42,4,88,2021-07-23 15:00:00,503334
Oleksii Bahrii_168294,Oleksii Bahrii,1,1,49,49,0,98,2021-07-23 15:00:00,503335
Anatolii Zapletniuk_678975525,Anatolii Zapletniuk,-1,0,48,55,-7,103,2021-07-23 15:00:00,503336
Kostiantyn Kovalchuk_168226,Kostiantyn Kovalchuk,1,1,48,49,-1,97,2021-07-23 15:05:00,503337
Nikita Korbut_1996205947,Nikita Korbut,-1,0,46,42,4,88,2021-07-23 15:05:00,503338
Vadym Nechyporuk_934489473,Vadym Nechyporuk,3,1,36,27,9,63,2021-07-23 15:10:00,503339
Vasyl Aksenin_2110852230,Vasyl Aksenin,2,1,45,35,10,80,2021-07-23 15:15:00,503340
Ya Bazhinov_124681,Ya Bazhinov,3,1,35,28,7,63,2021-07-23 15:18:00,503341
Dmytro Alekseenko_506145861,Dmytro Alekseenko,2,1,44,43,1,87,2021-07-23 15:20:00,503342
Bohdan Chaikovskyi_168297,Bohdan Chaikovskyi,-3,0,31,38,-7,69,2021-07-23 15:20:00,503343
Pavlo Pyasta_346320365,Pavlo Pyasta,2,1,51,36,15,87,2021-07-23 15:20:00,503344
D Molodtsov_124685,D Molodtsov,3,1,35,24,11,59,2021-07-23 15:21:00,503345
S Kuzmin_124683,S Kuzmin,-3,0,13,33,-20,46,2021-07-23 15:21:00,503346
Ivan Kozyr_1802030402,Ivan Kozyr,3,1,37,25,12,62,2021-07-23 15:25:00,503347
Andrii Peretiatko_168280,Andrii Peretiatko,-1,0,48,58,-10,106,2021-07-23 15:25:00,503348
Oleh Stasevskyi_1791232933,Oleh Stasevskyi,3,1,33,16,17,49,2021-07-23 15:30:00,503349
Oleksandr Kolbasenko_168307,Oleksandr Kolbasenko,1,1,47,45,2,92,2021-07-23 15:30:00,503350
Petr Dvorak_168459,Petr Dvorak,-1,0,49,53,-4,102,2021-07-23 15:30:00,503351
Mykola Kulynych_168295,Mykola Kulynych,1,1,50,45,5,95,2021-07-23 15:30:00,503352
Ja Sich_27886,Ja Sich,2,1,44,33,11,77,2021-07-23 15:32:00,503353
Viacheslav Isakov_168317,Viacheslav Isakov,-2,0,24,40,-16,64,2021-07-23 15:35:00,503354
Roman Shtukovanyi_1168278563,Roman Shtukovanyi,-1,0,44,46,-2,90,2021-07-23 15:35:00,503355
M Sverdlov_124482,M Sverdlov,3,1,35,27,8,62,2021-07-23 15:36:00,503356
Karina Zavinovskaya_589852403,Karina Zavinovskaya,-2,0,31,41,-10,72,2021-07-23 15:40:00,503357
Yuliia Khilinska_168332,Yuliia Khilinska,-1,0,48,48,0,96,2021-07-23 15:40:00,503358
Vitalii Mukhin_168347,Vitalii Mukhin,-2,0,38,41,-3,79,2021-07-23 15:45:00,503359
V Zhigalov_124522,V Zhigalov,-1,0,40,42,-2,82,2021-07-23 15:46:00,503360
I Tolmachev_124448,I Tolmachev,1,1,51,46,5,97,2021-07-23 15:46:00,503361
Oleh Chulanov_168298,Oleh Chulanov,1,1,50,43,7,93,2021-07-23 15:50:00,503362
Andrii Hordii_1537132018,Andrii Hordii,-3,0,17,33,-16,50,2021-07-23 15:50:00,503363
Roman Cherevko_683391993,Roman Cherevko,-1,0,44,48,-4,92,2021-07-23 15:55:00,503364
Oleksandr Shapoval_168281,Oleksandr Shapoval,-3,0,20,33,-13,53,2021-07-23 15:55:00,503365
Oleksandr Broiakovskyi_168308,Oleksandr Broiakovskyi,1,1,56,48,8,104,2021-07-23 16:00:00,503366
V Nemashkalo_124483,V Nemashkalo,-3,0,21,34,-13,55,2021-07-23 16:00:00,503367
Ihor Dubyna_168296,Ihor Dubyna,-2,0,36,39,-3,75,2021-07-23 16:00:00,503368
Serhii Kinash_932129897,Serhii Kinash,-1,0,43,51,-8,94,2021-07-23 16:00:00,503369
Ja Prokupek_27931,Ja Prokupek,-1,0,50,55,-5,105,2021-07-23 16:01:00,503370
Vadym Komar_1733576104,Vadym Komar,-2,0,35,43,-8,78,2021-07-23 16:05:00,503371
Roman Makarenko_168318,Roman Makarenko,1,1,51,43,8,94,2021-07-23 16:05:00,503372
Anton Myrza_2040625585,Anton Myrza,1,1,46,44,2,90,2021-07-23 16:10:00,503373
Anastasia Holiak_168333,Anastasia Holiak,3,1,33,21,12,54,2021-07-23 16:10:00,503374
Halyna Telna_33641084,Halyna Telna,-2,0,36,41,-5,77,2021-07-23 16:15:00,503375
Kostiantyn Tsoi_168348,Kostiantyn Tsoi,-3,0,24,36,-12,60,2021-07-23 16:15:00,503376
A Golyshev_124449,A Golyshev,1,1,54,52,2,106,2021-07-23 16:15:00,503377
Maxim Suvorov_168530,Maxim Suvorov,-1,0,35,47,-12,82,2021-07-23 16:15:00,503378
A Krotkov_124523,A Krotkov,2,1,39,30,9,69,2021-07-23 16:15:00,503379
Bohdan Chaikovskyi_168299,Bohdan Chaikovskyi,-1,0,43,49,-6,92,2021-07-23 16:20:00,503380
Vladimir Malashevsky_920852863,Vladimir Malashevsky,1,1,57,51,6,108,2021-07-23 16:20:00,503381
Hryhorii Kulishov_168362,Hryhorii Kulishov,-1,0,41,49,-8,90,2021-07-23 16:25:00,503382
Nazarii Kovalchuk_1607358146,Nazarii Kovalchuk,1,1,49,44,5,93,2021-07-23 16:25:00,503383
I Pandur_124484,I Pandur,-3,0,28,35,-7,63,2021-07-23 16:29:00,503384
Oleksandr Kolbasenko_168309,Oleksandr Kolbasenko,-3,0,21,33,-12,54,2021-07-23 16:30:00,503385
Serhii Baranovskyi_72466736,Serhii Baranovskyi,2,1,41,26,15,67,2021-07-23 16:30:00,503386
R Pavelka_27932,R Pavelka,3,1,33,16,17,49,2021-07-23 16:32:00,503387
Oleksandr Dziabura_1433202129,Oleksandr Dziabura,-1,0,34,45,-11,79,2021-07-23 16:35:00,503388
Yurii Kolesnyk_168319,Yurii Kolesnyk,-2,0,32,42,-10,74,2021-07-23 16:35:00,503389
Nataliia Konovalova_168334,Nataliia Konovalova,-2,0,30,38,-8,68,2021-07-23 16:40:00,503390
Serhii Kubrak_1625218840,Serhii Kubrak,-1,0,45,48,-3,93,2021-07-23 16:40:00,503391
Serhii Solomko_168349,Serhii Solomko,-3,0,19,34,-15,53,2021-07-23 16:45:00,503392
Roland Balog_168531,Roland Balog,-2,0,30,44,-14,74,2021-07-23 16:45:00,503393
Roman Shtukovanyi_890590147,Roman Shtukovanyi,-3,0,20,33,-13,53,2021-07-23 16:45:00,503394
S Lanin_124524,S Lanin,-3,0,27,37,-10,64,2021-07-23 16:46:00,503395
V Bazilevskiy_124450,V Bazilevskiy,-2,0,41,45,-4,86,2021-07-23 16:47:00,503396
Nazarii Sydorak_168300,Nazarii Sydorak,1,1,46,49,-3,95,2021-07-23 16:50:00,503397
Karina Zavinovskaya_506242479,Karina Zavinovskaya,-2,0,36,40,-4,76,2021-07-23 16:50:00,503398
Viktor Trachuk_848062784,Viktor Trachuk,-2,0,33,37,-4,70,2021-07-23 16:55:00,503399
Ruslan Onishchenko_168363,Ruslan Onishchenko,-3,0,23,33,-10,56,2021-07-23 16:55:00,503400
Ir Kim_124485,Ir Kim,-3,0,15,33,-18,48,2021-07-23 17:00:00,503401
Ji Louda_27887,Ji Louda,-2,0,40,46,-6,86,2021-07-23 17:00:00,503402
Artur Akopyan_168460,Artur Akopyan,-2,0,31,35,-4,66,2021-07-23 17:00:00,503403
Andrii Hordii_65641729,Andrii Hordii,-2,0,39,43,-4,82,2021-07-23 17:00:00,503404
Ivan Efimenko_168310,Ivan Efimenko,1,1,55,47,8,102,2021-07-23 17:00:00,503405
Roman Cherevko_304265916,Roman Cherevko,2,1,46,38,8,84,2021-07-23 17:05:00,503406
Roman Makarenko_168320,Roman Makarenko,-3,0,20,33,-13,53,2021-07-23 17:05:00,503407
Ruslan Hripun_1669397008,Ruslan Hripun,-1,0,45,49,-4,94,2021-07-23 17:10:00,503408
Anastasia Holiak_168335,Anastasia Holiak,-3,0,22,35,-13,57,2021-07-23 17:10:00,503409
Petro Kolesnik_1954859777,Petro Kolesnik,-2,0,29,43,-14,72,2021-07-23 17:15:00,503410
Kostiantyn Tsoi_168350,Kostiantyn Tsoi,-3,0,27,35,-8,62,2021-07-23 17:15:00,503411
S Skotnikov_124451,S Skotnikov,2,1,41,34,7,75,2021-07-23 17:16:00,503412
A Merezhko_124525,A Merezhko,-1,0,45,54,-9,99,2021-07-23 17:17:00,503413
Serhii Gergeliuk_953290721,Serhii Gergeliuk,3,1,33,15,18,48,2021-07-23 17:20:00,503414
Oleh Chulanov_168301,Oleh Chulanov,-3,0,19,33,-14,52,2021-07-23 17:20:00,503415
Serhii Sokolov_168364,Serhii Sokolov,3,1,33,20,13,53,2021-07-23 17:25:00,503416
Iryna Aseieva_1433458146,Iryna Aseieva,-3,0,28,36,-8,64,2021-07-23 17:25:00,503417
Vladimir Malashevsky_1409213891,Vladimir Malashevsky,2,1,46,35,11,81,2021-07-23 17:30:00,503418
Lukas Mayer_168461,Lukas Mayer,-3,0,23,33,-10,56,2021-07-23 17:30:00,503419
I Pandur_124486,I Pandur,1,1,43,42,1,85,2021-07-23 17:30:00,503420
Oleksandr Broiakovskyi_168311,Oleksandr Broiakovskyi,1,1,49,46,3,95,2021-07-23 17:30:00,503421
V Skokan_27888,V Skokan,2,1,40,38,2,78,2021-07-23 17:31:00,503422
Viacheslav Isakov_168321,Viacheslav Isakov,1,1,52,49,3,101,2021-07-23 17:35:00,503423
Nazarii Kovalchuk_1065457487,Nazarii Kovalchuk,-2,0,45,49,-4,94,2021-07-23 17:35:00,503424
Yuliia Khilinska_168336,Yuliia Khilinska,-2,0,37,40,-3,77,2021-07-23 17:40:00,503425
Serhii Baranovskyi_758649679,Serhii Baranovskyi,-3,0,21,33,-12,54,2021-07-23 17:40:00,503426
Vitalii Mukhin_168351,Vitalii Mukhin,2,1,39,33,6,72,2021-07-23 17:45:00,503427
V Bazilevskiy_124452,V Bazilevskiy,-1,0,38,47,-9,85,2021-07-23 17:45:00,503428
Dmytro Shukin_1891716623,Dmytro Shukin,3,1,36,29,7,65,2021-07-23 17:45:00,503429
S Lanin_124526,S Lanin,-2,0,29,39,-10,68,2021-07-23 17:46:00,503430
Vitalii Solovei_957341865,Vitalii Solovei,2,1,41,29,12,70,2021-07-23 17:50:00,503431
Bohdan Chaikovskyi_168302,Bohdan Chaikovskyi,-2,0,27,41,-14,68,2021-07-23 17:50:00,503432
Ruslan Onishchenko_168365,Ruslan Onishchenko,1,1,46,43,3,89,2021-07-23 17:55:00,503433
Anton Myrza_1878913189,Anton Myrza,1,1,45,47,-2,92,2021-07-23 17:55:00,503434
D Salomon_27889,D Salomon,1,1,47,48,-1,95,2021-07-23 18:00:00,503435
Oleksandr Kolbasenko_168312,Oleksandr Kolbasenko,2,1,42,31,11,73,2021-07-23 18:00:00,503436
Halyna Telna_552415048,Halyna Telna,2,1,39,34,5,73,2021-07-23 18:00:00,503437
Lukas Mayer_168462,Lukas Mayer,-3,0,22,34,-12,56,2021-07-23 18:00:00,503438
V Nemashkalo_124487,V Nemashkalo,1,1,59,52,7,111,2021-07-23 18:02:00,503439
Aleksandr Tulenin_189297051,Aleksandr Tulenin,1,1,52,49,3,101,2021-07-23 18:05:00,503440
Roman Hnoievoi_168322,Roman Hnoievoi,-3,0,24,36,-12,60,2021-07-23 18:05:00,503441
Andrii Hordii_700756440,Andrii Hordii,-3,0,16,33,-17,49,2021-07-23 18:10:00,503442
Iryna Tiutiunyk_168337,Iryna Tiutiunyk,3,1,34,27,7,61,2021-07-23 18:10:00,503443
A Golyshev_124453,A Golyshev,-1,0,50,47,3,97,2021-07-23 18:15:00,503444
Oleh Pereguda_168352,Oleh Pereguda,-1,0,39,44,-5,83,2021-07-23 18:15:00,503445
Roman Cherevko_1282181507,Roman Cherevko,1,1,54,45,9,99,2021-07-23 18:15:00,503446
A Krotkov_124527,A Krotkov,1,1,50,44,6,94,2021-07-23 18:16:00,503447
Oleh Chulanov_168303,Oleh Chulanov,-2,0,36,45,-9,81,2021-07-23 18:20:00,503448
Maksym Kolos_964957507,Maksym Kolos,2,1,43,37,6,80,2021-07-23 18:20:00,503449
Hryhorii Kulishov_168366,Hryhorii Kulishov,-3,0,24,33,-9,57,2021-07-23 18:25:00,503450
Dmytro Derevinskyi_922661467,Dmytro Derevinskyi,2,1,43,38,5,81,2021-07-23 18:25:00,503451
Artur Akopyan_168463,Artur Akopyan,-1,0,45,49,-4,94,2021-07-23 18:30:00,503452
Roman Shtukovanyi_1578639357,Roman Shtukovanyi,1,1,56,57,-1,113,2021-07-23 18:30:00,503453
jr. Havlik_27890,jr. Havlik,-2,0,30,43,-13,73,2021-07-23 18:30:00,503454
Oleksandr Broiakovskyi_168313,Oleksandr Broiakovskyi,2,1,43,29,14,72,2021-07-23 18:30:00,503455
Karina Zavinovskaya_1542813548,Karina Zavinovskaya,-3,0,27,37,-10,64,2021-07-23 18:35:00,503456
Yurii Kolesnyk_168323,Yurii Kolesnyk,-2,0,39,47,-8,86,2021-07-23 18:35:00,503457
Nataliia Konovalova_168338,Nataliia Konovalova,-2,0,35,36,-1,71,2021-07-23 18:40:00,503458
Viktor Trachuk_469610802,Viktor Trachuk,3,1,33,14,19,47,2021-07-23 18:40:00,503459
Ir Kim_124686,Ir Kim,1,1,49,43,6,92,2021-07-23 18:43:00,503460
Serhii Solomko_168353,Serhii Solomko,3,1,35,24,11,59,2021-07-23 18:45:00,503461
Nazarii Danyliuk_2066447138,Nazarii Danyliuk,2,1,38,38,0,76,2021-07-23 18:45:00,503462
S Lanin_124688,S Lanin,-3,0,28,35,-7,63,2021-07-23 18:46:00,503463
V Bazilevskiy_124690,V Bazilevskiy,3,1,33,22,11,55,2021-07-23 18:48:00,503464
Lev Kuzyo_585775204,Lev Kuzyo,-3,0,29,37,-8,66,2021-07-23 18:50:00,503465
Nazarii Sydorak_168304,Nazarii Sydorak,1,1,41,45,-4,86,2021-07-23 18:50:00,503466
Dmytro Shukin_2063366882,Dmytro Shukin,1,1,53,52,1,105,2021-07-23 18:55:00,503467
Vitalii Kyilo_168367,Vitalii Kyilo,-3,0,30,37,-7,67,2021-07-23 18:55:00,503468
Ivan Efimenko_168314,Ivan Efimenko,-1,0,41,45,-4,86,2021-07-23 19:00:00,503469
Milan Liptak_168464,Milan Liptak,-1,0,37,49,-12,86,2021-07-23 19:00:00,503470
D Salomon_27891,D Salomon,2,1,40,36,4,76,2021-07-23 19:00:00,503471
Vitalii Solovei_728935987,Vitalii Solovei,1,1,48,49,-1,97,2021-07-23 19:00:00,503472
Roman Makarenko_168324,Roman Makarenko,-1,0,38,46,-8,84,2021-07-23 19:05:00,503473
Serhii Gergeliuk_949101690,Serhii Gergeliuk,-1,0,47,44,3,91,2021-07-23 19:05:00,503474
Anastasia Holiak_168339,Anastasia Holiak,-3,0,18,35,-17,53,2021-07-23 19:10:00,503475
Iryna Aseieva_1233507198,Iryna Aseieva,2,1,41,34,7,75,2021-07-23 19:10:00,503476
Kostiantyn Tsoi_168354,Kostiantyn Tsoi,2,1,43,34,9,77,2021-07-23 19:15:00,503477
Vladimir Malashevsky_1134627522,Vladimir Malashevsky,-1,0,54,55,-1,109,2021-07-23 19:15:00,503478
A Merezhko_124689,A Merezhko,3,1,33,24,9,57,2021-07-23 19:15:00,503479
S Skotnikov_124691,S Skotnikov,-2,0,26,44,-18,70,2021-07-23 19:15:00,503480
V Nemashkalo_124687,V Nemashkalo,2,1,42,33,9,75,2021-07-23 19:16:00,503481
Karina Zharkova_168404,Karina Zharkova,2,1,39,30,9,69,2021-07-23 19:20:00,503482
Bohdan Chaikovskyi_168305,Bohdan Chaikovskyi,-3,0,25,34,-9,59,2021-07-23 19:20:00,503483
Vasyl Kushnir_728790091,Vasyl Kushnir,-2,0,32,38,-6,70,2021-07-23 19:20:00,503484
Roman Cherevko_683249664,Roman Cherevko,3,1,34,23,11,57,2021-07-23 19:25:00,503485
Serhii Sokolov_168368,Serhii Sokolov,-2,0,32,42,-10,74,2021-07-23 19:25:00,503486
Serhii Kinash_2116142793,Serhii Kinash,-3,0,24,36,-12,60,2021-07-23 19:30:00,503487
V Skokan_27892,V Skokan,1,1,46,39,7,85,2021-07-23 19:30:00,503488
Oleksandr Kolbasenko_168315,Oleksandr Kolbasenko,-2,0,29,38,-9,67,2021-07-23 19:30:00,503489
Artur Akopyan_168465,Artur Akopyan,3,1,33,19,14,52,2021-07-23 19:30:00,503490
Viacheslav Isakov_168325,Viacheslav Isakov,3,1,37,27,10,64,2021-07-23 19:35:00,503491
Vadym Komar_465978891,Vadym Komar,2,1,45,37,8,82,2021-07-23 19:35:00,503492
Yuliia Khilinska_168340,Yuliia Khilinska,1,1,53,41,12,94,2021-07-23 19:40:00,503493
Anton Myrza_1086605513,Anton Myrza,3,1,33,19,14,52,2021-07-23 19:40:00,503494
D Tikhnenko_124488,D Tikhnenko,-3,0,23,36,-13,59,2021-07-23 19:45:00,503495
Vitalii Mukhin_168355,Vitalii Mukhin,-1,0,46,43,3,89,2021-07-23 19:45:00,503496
Halyna Telna_547750572,Halyna Telna,-1,0,46,52,-6,98,2021-07-23 19:45:00,503497
S Lanovenko_124528,S Lanovenko,-2,0,34,46,-12,80,2021-07-23 19:46:00,503498
D Petrochenko_124454,D Petrochenko,-2,0,33,41,-8,74,2021-07-23 19:49:00,503499
Volodymyr Korobko_168306,Volodymyr Korobko,3,1,34,21,13,55,2021-07-23 19:50:00,503500
Anzhela Sydorko_168411,Anzhela Sydorko,-1,0,35,47,-12,82,2021-07-23 19:50:00,503501
Aleksandr Tulenin_1944744792,Aleksandr Tulenin,-3,0,29,36,-7,65,2021-07-23 19:50:00,503502
Andrii Hordii_1735776361,Andrii Hordii,-2,0,32,41,-9,73,2021-07-23 19:55:00,503503
Ruslan Onishchenko_168369,Ruslan Onishchenko,3,1,33,17,16,50,2021-07-23 19:55:00,503504
Artem Yurkov_168316,Artem Yurkov,-2,0,31,37,-6,68,2021-07-23 20:00:00,503505
Serhii Baranovskyi_1157655752,Serhii Baranovskyi,3,1,33,18,15,51,2021-07-23 20:00:00,503506
Ji Louda_27933,Ji Louda,3,1,41,34,7,75,2021-07-23 20:03:00,503507
Dmytro Shukin_539005186,Dmytro Shukin,2,1,39,32,7,71,2021-07-23 20:05:00,503508
Roman Hnoievoi_168326,Roman Hnoievoi,-1,0,43,53,-10,96,2021-07-23 20:05:00,503509
Tomas Lukes_168780,Tomas Lukes,3,1,36,24,12,60,2021-07-23 20:05:00,503510
A Alekseyev_124489,A Alekseyev,3,1,33,19,14,52,2021-07-23 20:05:00,503511
Iryna Tiutiunyk_168341,Iryna Tiutiunyk,3,1,33,15,18,48,2021-07-23 20:10:00,503512
Vitalii Solovei_152596566,Vitalii Solovei,1,1,39,38,1,77,2021-07-23 20:10:00,503513
Yevhenii Holoborodko_2137586993,Yevhenii Holoborodko,1,1,46,41,5,87,2021-07-23 20:15:00,503514
Oleh Pereguda_168356,Oleh Pereguda,-2,0,38,45,-7,83,2021-07-23 20:15:00,503515
A Klavdenkov_124455,A Klavdenkov,-3,0,30,37,-7,67,2021-07-23 20:17:00,503516
A Fedorov_124529,A Fedorov,-3,0,30,37,-7,67,2021-07-23 20:18:00,503517
Anna Miklukha_1772943207,Anna Miklukha,-1,0,38,48,-10,86,2021-07-23 20:20:00,503518
Volodymyr Kuzmych_168782,Volodymyr Kuzmych,-1,0,51,53,-2,104,2021-07-23 20:20:00,503519
Karina Zharkova_168399,Karina Zharkova,-2,0,35,46,-11,81,2021-07-23 20:20:00,503520
Hryhorii Kulishov_168370,Hryhorii Kulishov,3,1,35,27,8,62,2021-07-23 20:25:00,503521
Viktor Trachuk_515270860,Viktor Trachuk,-1,0,49,56,-7,105,2021-07-23 20:25:00,503522
Ivan Efimenko_168784,Ivan Efimenko,-2,0,27,40,-13,67,2021-07-23 20:30:00,503523
E Makarenkov_124490,E Makarenkov,-2,0,30,45,-15,75,2021-07-23 20:30:00,503524
Vasyl Kushnir_625167157,Vasyl Kushnir,2,1,51,47,4,98,2021-07-23 20:30:00,503525
D Salomon_27934,D Salomon,-2,0,39,42,-3,81,2021-07-23 20:31:00,503526
Lukas Mayer_168781,Lukas Mayer,-2,0,31,44,-13,75,2021-07-23 20:35:00,503527
Yurii Kolesnyk_168327,Yurii Kolesnyk,1,1,51,52,-1,103,2021-07-23 20:35:00,503528
Roman Cherevko_761292591,Roman Cherevko,-2,0,33,39,-6,72,2021-07-23 20:35:00,503529
Nataliia Konovalova_168342,Nataliia Konovalova,1,1,48,39,9,87,2021-07-23 20:40:00,503530
Ruslan Hripun_993330308,Ruslan Hripun,2,1,41,26,15,67,2021-07-23 20:40:00,503531
Serhii Solomko_168357,Serhii Solomko,-3,0,17,34,-17,51,2021-07-23 20:45:00,503532
I Soldatov_124456,I Soldatov,2,1,46,41,5,87,2021-07-23 20:45:00,503533
Oleh Stasevskyi_748721378,Oleh Stasevskyi,1,1,43,40,3,83,2021-07-23 20:45:00,503534
V Nemashkalo_124530,V Nemashkalo,1,1,58,54,4,112,2021-07-23 20:46:00,503535
Roman Shtukovanyi_1241260978,Roman Shtukovanyi,-3,0,22,35,-13,57,2021-07-23 20:50:00,503536
Polina Nerush_168412,Polina Nerush,1,1,51,38,13,89,2021-07-23 20:50:00,503537
Volodymyr Korobko_168783,Volodymyr Korobko,-2,0,31,38,-7,69,2021-07-23 20:50:00,503538
Vitalii Kyilo_168371,Vitalii Kyilo,-2,0,25,41,-16,66,2021-07-23 20:55:00,503539
Karina Zavinovskaya_2057195225,Karina Zavinovskaya,1,1,48,44,4,92,2021-07-23 20:55:00,503540
Oleg Shevchuk_87853032,Oleg Shevchuk,2,1,40,29,11,69,2021-07-23 21:00:00,503541
S Kuzmin_124491,S Kuzmin,-3,0,16,34,-18,50,2021-07-23 21:00:00,503542
Tomas Cerveny_168466,Tomas Cerveny,-2,0,40,44,-4,84,2021-07-23 21:00:00,503543
Rodion Kapinus_168785,Rodion Kapinus,-3,0,17,33,-16,50,2021-07-23 21:00:00,503544
Ja Kanera_27893,Ja Kanera,-1,0,45,46,-1,91,2021-07-23 21:02:00,503545
Andrii Hordii_903466278,Andrii Hordii,1,1,44,44,0,88,2021-07-23 21:05:00,503546
Viacheslav Isakov_168328,Viacheslav Isakov,1,1,52,48,4,100,2021-07-23 21:05:00,503547
Serhii Baranovskyi_520191809,Serhii Baranovskyi,-2,0,42,49,-7,91,2021-07-23 21:10:00,503548
Yuliia Khilinska_168343,Yuliia Khilinska,1,1,49,52,-3,101,2021-07-23 21:10:00,503549
Ivan Kozyr_553070892,Ivan Kozyr,2,1,41,23,18,64,2021-07-23 21:15:00,503550
Vitalii Mukhin_168358,Vitalii Mukhin,-1,0,49,41,8,90,2021-07-23 21:15:00,503551
V Marshalov_124457,V Marshalov,-1,0,47,50,-3,97,2021-07-23 21:16:00,503552
Dmytro Derevinskyi_1908897538,Dmytro Derevinskyi,1,1,48,47,1,95,2021-07-23 21:20:00,503553
Anzhela Sydorko_168413,Anzhela Sydorko,-1,0,45,52,-7,97,2021-07-23 21:20:00,503554
I Pandur_124531,I Pandur,-3,0,27,34,-7,61,2021-07-23 21:24:00,503555
Serhii Sokolov_168372,Serhii Sokolov,3,1,33,17,16,50,2021-07-23 21:25:00,503556
Roman Shtukovanyi_836087075,Roman Shtukovanyi,-3,0,21,33,-12,54,2021-07-23 21:25:00,503557
Karina Zavinovskaya_1736608905,Karina Zavinovskaya,-2,0,23,42,-19,65,2021-07-23 21:30:00,503558
E Makarenkov_124492,E Makarenkov,-1,0,50,50,0,100,2021-07-23 21:30:00,503559
Jan Hrncir_168467,Jan Hrncir,2,1,42,39,3,81,2021-07-23 21:30:00,503560
Oleksandr Lykhytskyi_168329,Oleksandr Lykhytskyi,-1,0,45,53,-8,98,2021-07-23 21:35:00,503561
Z Bilek_27894,Z Bilek,-1,0,48,56,-8,104,2021-07-23 21:35:00,503562
Vladimir Malashevsky_2095411475,Vladimir Malashevsky,3,1,33,24,9,57,2021-07-23 21:35:00,503563
Oksana Kregul_168344,Oksana Kregul,-3,0,13,33,-20,46,2021-07-23 21:40:00,503564
Vasyl Kushnir_1057942028,Vasyl Kushnir,2,1,39,30,9,69,2021-07-23 21:40:00,503565
Roman Cherevko_611012380,Roman Cherevko,-1,0,50,55,-5,105,2021-07-23 21:45:00,503566
Vadym Kucheriavyi_168359,Vadym Kucheriavyi,2,1,38,29,9,67,2021-07-23 21:45:00,503567
V Nemashkalo_124532,V Nemashkalo,1,1,52,48,4,100,2021-07-23 21:46:00,503568
Karina Zharkova_168414,Karina Zharkova,2,1,43,38,5,81,2021-07-23 21:50:00,503569
Oleksandr Tuzhylin_2133823531,Oleksandr Tuzhylin,1,1,49,44,5,93,2021-07-23 21:50:00,503570
Hryhorii Kulishov_168373,Hryhorii Kulishov,-1,0,44,47,-3,91,2021-07-23 21:55:00,503571
Bohdan Kohut_473863038,Bohdan Kohut,2,1,48,43,5,91,2021-07-23 21:55:00,503572
I Soldatov_124458,I Soldatov,-2,0,41,44,-3,85,2021-07-23 21:55:00,503573
Jan Hrncir_168468,Jan Hrncir,1,1,50,34,16,84,2021-07-23 22:00:00,503574
Yevhenii Holoborodko_267100633,Yevhenii Holoborodko,-3,0,18,33,-15,51,2021-07-23 22:00:00,503575
A Alekseyev_124493,A Alekseyev,-3,0,30,36,-6,66,2021-07-23 22:02:00,503576
Viacheslav Isakov_168330,Viacheslav Isakov,-1,0,40,48,-8,88,2021-07-23 22:05:00,503577
Iryna Aseieva_2144642504,Iryna Aseieva,-1,0,47,50,-3,97,2021-07-23 22:05:00,503578
Jo Medek_27895,Jo Medek,3,1,33,19,14,52,2021-07-23 22:06:00,503579
Yuliia Khilinska_168345,Yuliia Khilinska,1,1,42,43,-1,85,2021-07-23 22:10:00,503580
Viktor Trachuk_506438950,Viktor Trachuk,3,1,35,18,17,53,2021-07-23 22:10:00,503581
Nazarii Kovalchuk_2045110372,Nazarii Kovalchuk,1,1,56,50,6,106,2021-07-23 22:15:00,503582
Vitalii Mukhin_168360,Vitalii Mukhin,-2,0,34,42,-8,76,2021-07-23 22:15:00,503583
Lev Kuzyo_1467132232,Lev Kuzyo,2,1,39,26,13,65,2021-07-23 22:20:00,503584
Anzhela Sydorko_168415,Anzhela Sydorko,1,1,42,44,-2,86,2021-07-23 22:20:00,503585
A Fedorov_124533,A Fedorov,-3,0,26,35,-9,61,2021-07-23 22:21:00,503586
A Klavdenkov_124459,A Klavdenkov,-1,0,36,42,-6,78,2021-07-23 22:24:00,503587
Borys Kostiuk_168374,Borys Kostiuk,3,1,34,19,15,53,2021-07-23 22:25:00,503588
Oleksandr Tuzhylin_1443489472,Oleksandr Tuzhylin,-3,0,25,33,-8,58,2021-07-23 22:25:00,503589
Tomas Cerveny_168469,Tomas Cerveny,1,1,50,32,18,82,2021-07-23 22:30:00,503590
Ja Zajicek_27896,Ja Zajicek,3,1,35,22,13,57,2021-07-23 22:30:00,503591
Anton Limonov_1423136714,Anton Limonov,2,1,42,30,12,72,2021-07-23 22:30:00,503592
E Makarenkov_124692,E Makarenkov,3,1,33,21,12,54,2021-07-23 22:31:00,503593
Roman Makarenko_168331,Roman Makarenko,-2,0,36,38,-2,74,2021-07-23 22:35:00,503594
Anastasia Holiak_168346,Anastasia Holiak,-1,0,44,49,-5,93,2021-07-23 22:40:00,503595
Vladimir Malashevsky_758433639,Vladimir Malashevsky,-1,0,37,45,-8,82,2021-07-23 22:45:00,503596
Kostiantyn Tsoi_168361,Kostiantyn Tsoi,-1,0,44,47,-3,91,2021-07-23 22:45:00,503597
A Fedorov_124694,A Fedorov,-1,0,42,50,-8,92,2021-07-23 22:48:00,503598
Polina Nerush_168416,Polina Nerush,1,1,49,39,10,88,2021-07-23 22:50:00,503599
A Klavdenkov_124696,A Klavdenkov,3,1,34,24,10,58,2021-07-23 22:55:00,503600
Hryhorii Kulishov_168375,Hryhorii Kulishov,2,1,42,30,12,72,2021-07-23 22:55:00,503601
Bohdan Kohut_533142154,Bohdan Kohut,1,1,48,48,0,96,2021-07-23 23:00:00,503602
Milan Obertik_168470,Milan Obertik,1,1,43,42,1,85,2021-07-23 23:00:00,503603
D Tikhnenko_124693,D Tikhnenko,-1,0,46,51,-5,97,2021-07-23 23:00:00,503604
Jo Medek_27897,Jo Medek,-1,0,39,50,-11,89,2021-07-23 23:01:00,503605
Oleksandr Tuzhylin_1056035295,Oleksandr Tuzhylin,-3,0,22,33,-11,55,2021-07-23 23:05:00,503606
S Lanovenko_124695,S Lanovenko,2,1,42,30,12,72,2021-07-23 23:18:00,503607
I Soldatov_124697,I Soldatov,-3,0,22,34,-12,56,2021-07-23 23:19:00,503608
Karina Zharkova_168417,Karina Zharkova,-1,0,43,47,-4,90,2021-07-23 23:20:00,503609
Ruslan Onishchenko_168376,Ruslan Onishchenko,1,1,52,44,8,96,2021-07-23 23:25:00,503610
Tomas Cerveny_168471,Tomas Cerveny,3,1,33,18,15,51,2021-07-23 23:30:00,503611
Z Bilek_27898,Z Bilek,2,1,42,29,13,71,2021-07-23 23:31:00,503612
S Ogai_124494,S Ogai,-3,0,20,33,-13,53,2021-07-23 23:33:00,503613
Anton Limonov_307119982,Anton Limonov,3,1,33,20,13,53,2021-07-23 23:35:00,503614
Bohdan Kohut_604714620,Bohdan Kohut,3,1,33,21,12,54,2021-07-23 23:40:00,503615
Maksym Skhabovskyi_403435436,Maksym Skhabovskyi,3,1,33,21,12,54,2021-07-23 23:45:00,503616
N Zhurba_124550,N Zhurba,-3,0,28,34,-6,62,2021-07-23 23:47:00,503617
V Shirshov_124460,V Shirshov,3,1,33,21,12,54,2021-07-23 23:49:00,503618
Tetyana Mudrak_168410,Tetyana Mudrak,-1,0,50,53,-3,103,2021-07-23 23:50:00,503619
Matej Fausek_168786,Matej Fausek,2,1,42,32,10,74,2021-07-24 00:00:00,503620
Ja Kanera_27935,Ja Kanera,2,1,45,40,5,85,2021-07-24 00:00:00,503621
A Fedosov_124495,A Fedosov,-2,0,31,42,-11,73,2021-07-24 00:01:00,503622
Vitalii Kobets_168500,Vitalii Kobets,-1,0,48,49,-1,97,2021-07-24 00:05:00,503623
Dmytro Yaremchuk_1533211415,Dmytro Yaremchuk,-3,0,14,33,-19,47,2021-07-24 00:10:00,503624
Oleksandr Tuzhylin_1516720044,Oleksandr Tuzhylin,2,1,39,32,7,71,2021-07-24 00:15:00,503625
A Serebrennikov_124551,A Serebrennikov,3,1,34,21,13,55,2021-07-24 00:15:00,503626
Andrii Khvysiuk_343447366,Andrii Khvysiuk,1,1,51,52,-1,103,2021-07-24 00:15:00,503627
A Uvarov_124461,A Uvarov,-1,0,43,45,-2,88,2021-07-24 00:16:00,503628
Jo Medek_27936,Jo Medek,-2,0,28,43,-15,71,2021-07-24 00:30:00,503629
Jan Hrncir_168787,Jan Hrncir,-1,0,45,51,-6,96,2021-07-24 00:30:00,503630
D Sayanov_124496,D Sayanov,3,1,34,27,7,61,2021-07-24 00:33:00,503631
Anzhela Sydorko_168788,Anzhela Sydorko,-3,0,19,34,-15,53,2021-07-24 00:35:00,503632
Roman Bambutsa_168419,Roman Bambutsa,1,1,53,46,7,99,2021-07-24 00:35:00,503633
Maksym Skhabovskyi_1306027857,Maksym Skhabovskyi,-3,0,26,36,-10,62,2021-07-24 00:45:00,503634
I Afanasev_124552,I Afanasev,3,1,33,19,14,52,2021-07-24 00:46:00,503635
K Malahov_124462,K Malahov,-2,0,37,37,0,74,2021-07-24 00:48:00,503636
Oleksii Hrymovskyi_168434,Oleksii Hrymovskyi,1,1,48,45,3,93,2021-07-24 00:55:00,503637
A Aslanyan_124497,A Aslanyan,3,1,35,20,15,55,2021-07-24 01:01:00,503638
Yaroslava Pachich_168789,Yaroslava Pachich,1,1,45,50,-5,95,2021-07-24 01:05:00,503639
Yurii Reva_168420,Yurii Reva,-3,0,19,33,-14,52,2021-07-24 01:05:00,503640
Oleksandr Tuzhylin_1774599824,Oleksandr Tuzhylin,3,1,36,25,11,61,2021-07-24 01:10:00,503641
Anton Limonov_1344551059,Anton Limonov,-3,0,20,33,-13,53,2021-07-24 01:15:00,503642
Serhiy Tkachuk_2056172435,Serhiy Tkachuk,-3,0,16,33,-17,49,2021-07-24 01:15:00,503643
A Petrov_124553,A Petrov,2,1,41,34,7,75,2021-07-24 01:15:00,503644
A Ilin_124463,A Ilin,3,1,35,24,11,59,2021-07-24 01:18:00,503645
Andriy Zaitsev_180945088,Andriy Zaitsev,-3,0,15,33,-18,48,2021-07-24 01:20:00,503646
Pavlo Babenko_168435,Pavlo Babenko,-2,0,36,44,-8,80,2021-07-24 01:25:00,503647
A Fedosov_124498,A Fedosov,1,1,46,36,10,82,2021-07-24 01:30:00,503648
Roman Bambutsa_168421,Roman Bambutsa,-1,0,41,47,-6,88,2021-07-24 01:35:00,503649
Andrii Khvysiuk_2100671799,Andrii Khvysiuk,1,1,42,37,5,79,2021-07-24 01:45:00,503650
A Serebrennikov_124554,A Serebrennikov,-2,0,29,39,-10,68,2021-07-24 01:46:00,503651
A Uvarov_124464,A Uvarov,1,1,56,48,8,104,2021-07-24 01:46:00,503652
Dmytro Baistriuchenko_600563805,Dmytro Baistriuchenko,2,1,41,32,9,73,2021-07-24 01:50:00,503653
Oleksii Hrymovskyi_168436,Oleksii Hrymovskyi,2,1,46,41,5,87,2021-07-24 01:55:00,503654
A Aslanyan_124499,A Aslanyan,2,1,37,25,12,62,2021-07-24 02:02:00,503655
Vitalii Kobets_168501,Vitalii Kobets,-2,0,35,38,-3,73,2021-07-24 02:05:00,503656
Maksym Skhabovskyi_717497749,Maksym Skhabovskyi,1,1,49,43,6,92,2021-07-24 02:15:00,503657
A Petrov_124555,A Petrov,-2,0,31,38,-7,69,2021-07-24 02:15:00,503658
Andriy Zaitsev_1481889491,Andriy Zaitsev,-2,0,28,43,-15,71,2021-07-24 02:20:00,503659
A Ilin_124465,A Ilin,-1,0,46,48,-2,94,2021-07-24 02:25:00,503660
Serhii Tkachev_168437,Serhii Tkachev,-3,0,20,35,-15,55,2021-07-24 02:25:00,503661
N Sukharnikov_124500,N Sukharnikov,3,1,33,23,10,56,2021-07-24 02:32:00,503662
Mykhailo Diachenko_168423,Mykhailo Diachenko,-1,0,48,47,1,95,2021-07-24 02:35:00,503663
Serhiy Tkachuk_2014216134,Serhiy Tkachuk,-2,0,32,40,-8,72,2021-07-24 02:45:00,503664
A Girevenkov_124556,A Girevenkov,1,1,51,41,10,92,2021-07-24 02:46:00,503665
Dmytro Baistriuchenko_1233858499,Dmytro Baistriuchenko,-2,0,24,39,-15,63,2021-07-24 02:50:00,503666
Artem Chepurnyi_168438,Artem Chepurnyi,3,1,35,22,13,57,2021-07-24 02:55:00,503667
D Sayanov_124501,D Sayanov,-3,0,17,33,-16,50,2021-07-24 03:00:00,503668
Artem Slashchev_124466,Artem Slashchev,-3,0,24,34,-10,58,2021-07-24 03:02:00,503669
Yurii Reva_168424,Yurii Reva,2,1,40,29,11,69,2021-07-24 03:05:00,503670
Andrii Khvysiuk_942983503,Andrii Khvysiuk,3,1,34,20,14,54,2021-07-24 03:15:00,503671
I Afanasev_124557,I Afanasev,-3,0,22,34,-12,56,2021-07-24 03:16:00,503672
Andriy Zaitsev_2033024761,Andriy Zaitsev,-2,0,40,46,-6,86,2021-07-24 03:20:00,503673
K Malahov_124467,K Malahov,-1,0,40,42,-2,82,2021-07-24 03:23:00,503674
Pavlo Babenko_168439,Pavlo Babenko,1,1,48,51,-3,99,2021-07-24 03:25:00,503675
S Ogai_124502,S Ogai,-2,0,37,39,-2,76,2021-07-24 03:30:00,503676
Roman Bambutsa_168425,Roman Bambutsa,-2,0,35,46,-11,81,2021-07-24 03:35:00,503677
Dmytro Lohosha_652776155,Dmytro Lohosha,2,1,37,31,6,68,2021-07-24 03:45:00,503678
N Zhurba_124558,N Zhurba,2,1,37,34,3,71,2021-07-24 03:46:00,503679
Dmitriy Lebed_2061433417,Dmitriy Lebed,-1,0,46,47,-1,93,2021-07-24 03:50:00,503680
V Shirshov_124468,V Shirshov,-2,0,46,50,-4,96,2021-07-24 03:51:00,503681
Oleksii Hrymovskyi_168440,Oleksii Hrymovskyi,-3,0,19,34,-15,53,2021-07-24 03:55:00,503682
N Sukharnikov_124503,N Sukharnikov,2,1,43,31,12,74,2021-07-24 04:00:00,503683
Vitalii Kobets_168502,Vitalii Kobets,3,1,33,18,15,51,2021-07-24 04:05:00,503684
A Girevenkov_124559,A Girevenkov,1,1,53,47,6,100,2021-07-24 04:15:00,503685
Maksym Skhabovskyi_2064412849,Maksym Skhabovskyi,1,1,54,49,5,103,2021-07-24 04:15:00,503686
Andriy Zaitsev_717111065,Andriy Zaitsev,-1,0,38,46,-8,84,2021-07-24 04:20:00,503687
Artem Slashchev_124469,Artem Slashchev,-3,0,21,33,-12,54,2021-07-24 04:24:00,503688
Serhii Tkachev_168441,Serhii Tkachev,1,1,45,52,-7,97,2021-07-24 04:25:00,503689
D Sayanov_124698,D Sayanov,-1,0,43,46,-3,89,2021-07-24 04:33:00,503690
Mykhailo Diachenko_168427,Mykhailo Diachenko,-2,0,34,38,-4,72,2021-07-24 04:35:00,503691
Oleg Gavryluk_585259752,Oleg Gavryluk,1,1,47,44,3,91,2021-07-24 04:45:00,503692
N Zhurba_124702,N Zhurba,2,1,45,36,9,81,2021-07-24 04:50:00,503693
Dmytro Baistriuchenko_600802360,Dmytro Baistriuchenko,-2,0,33,45,-12,78,2021-07-24 04:50:00,503694
K Malahov_124700,K Malahov,-3,0,25,35,-10,60,2021-07-24 04:50:00,503695
Artem Chepurnyi_168442,Artem Chepurnyi,2,1,40,34,6,74,2021-07-24 04:55:00,503696
N Sukharnikov_124699,N Sukharnikov,-3,0,16,33,-17,49,2021-07-24 05:02:00,503697
Yurii Reva_168428,Yurii Reva,-3,0,26,34,-8,60,2021-07-24 05:05:00,503698
A Ilin_124701,A Ilin,-1,0,46,49,-3,95,2021-07-24 05:15:00,503699
Andrii Khvysiuk_1863914098,Andrii Khvysiuk,2,1,43,28,15,71,2021-07-24 05:15:00,503700
Andriy Zaitsev_294703434,Andriy Zaitsev,3,1,33,25,8,58,2021-07-24 05:20:00,503701
I Afanasev_124703,I Afanasev,-2,0,22,42,-20,64,2021-07-24 05:21:00,503702
Pavlo Babenko_168443,Pavlo Babenko,3,1,34,26,8,60,2021-07-24 05:25:00,503703
Vitalii Kobets_168503,Vitalii Kobets,-2,0,36,43,-7,79,2021-07-24 05:35:00,503704
Dmytro Baistriuchenko_540812334,Dmytro Baistriuchenko,-1,0,46,46,0,92,2021-07-24 05:50:00,503705
Serhii Tkachev_168444,Serhii Tkachev,-1,0,38,55,-17,93,2021-07-24 05:55:00,503706
Oleksandr Melashenko_168430,Oleksandr Melashenko,-2,0,18,42,-24,60,2021-07-24 06:05:00,503707
Andriy Zaitsev_2033134686,Andriy Zaitsev,1,1,54,49,5,103,2021-07-24 06:20:00,503708
Nikita Vilenchyts_168445,Nikita Vilenchyts,-2,0,33,44,-11,77,2021-07-24 06:25:00,503709
Vitalii Kobets_168504,Vitalii Kobets,2,1,42,34,8,76,2021-07-24 06:35:00,503710
Dmitriy Lebed_2061532452,Dmitriy Lebed,-2,0,30,36,-6,66,2021-07-24 06:50:00,503711
Serhii Tkachev_168446,Serhii Tkachev,-2,0,32,37,-5,69,2021-07-24 06:55:00,503712
Roman Bambutsa_168432,Roman Bambutsa,-3,0,28,36,-8,64,2021-07-24 07:05:00,503713
Oleksii Hrymovskyi_168447,Oleksii Hrymovskyi,3,1,35,25,10,60,2021-07-24 07:25:00,503714
A Kononenko_124616,A Kononenko,-3,0,25,35,-10,60,2021-07-24 07:38:00,503715
A Golyshev_124646,A Golyshev,2,1,44,32,12,76,2021-07-24 07:47:00,503716
Nikita Trofimov_2117781347,Nikita Trofimov,-2,0,33,42,-9,75,2021-07-24 07:50:00,503717
A Savinskiy_124578,A Savinskiy,-1,0,44,46,-2,90,2021-07-24 07:50:00,503718
Bohdan Chaikovskyi_168515,Bohdan Chaikovskyi,-3,0,25,36,-11,61,2021-07-24 07:50:00,503719
Ruslan Hripun_828122911,Ruslan Hripun,-2,0,37,43,-6,80,2021-07-24 07:55:00,503720
Dmytro Lazuryk_168532,Dmytro Lazuryk,1,1,47,41,6,88,2021-07-24 08:00:00,503721
I Sergeevich_124612,I Sergeevich,-3,0,16,33,-17,49,2021-07-24 08:02:00,503722
Kostiantyn Kovalchuk_168547,Kostiantyn Kovalchuk,-1,0,52,51,1,103,2021-07-24 08:05:00,503723
Anastasia Holiak_168562,Anastasia Holiak,2,1,47,46,1,93,2021-07-24 08:10:00,503724
Dmytro Khairov_168765,Dmytro Khairov,1,1,52,44,8,96,2021-07-24 08:15:00,503725
A Batalov_124647,A Batalov,2,1,40,35,5,75,2021-07-24 08:16:00,503726
I Pandur_124579,I Pandur,1,1,52,47,5,99,2021-07-24 08:17:00,503727
Volodymyr Kuzmych_168516,Volodymyr Kuzmych,2,1,43,33,10,76,2021-07-24 08:20:00,503728
Andrii Baklykov_275912119,Andrii Baklykov,1,1,50,51,-1,101,2021-07-24 08:25:00,503729
Illia Udod_168533,Illia Udod,-3,0,17,34,-17,51,2021-07-24 08:30:00,503730
Dmytro Shukin_34481245,Dmytro Shukin,-3,0,20,33,-13,53,2021-07-24 08:30:00,503731
G Karpovkin_124613,G Karpovkin,3,1,33,17,16,50,2021-07-24 08:31:00,503732
Yevhen Bielokon_168548,Yevhen Bielokon,1,1,60,51,9,111,2021-07-24 08:35:00,503733
Yaroslav Voytenko_1353440650,Yaroslav Voytenko,-1,0,45,54,-9,99,2021-07-24 08:35:00,503734
Tatiana Tatianina_838262648,Tatiana Tatianina,1,1,53,45,8,98,2021-07-24 08:40:00,503735
Iryna Tiutiunyk_168563,Iryna Tiutiunyk,2,1,39,30,9,69,2021-07-24 08:40:00,503736
Ivan Kazmirovskyi_168766,Ivan Kazmirovskyi,1,1,49,43,6,92,2021-07-24 08:45:00,503737
Viktor Burdukovskyi_634769632,Viktor Burdukovskyi,-3,0,12,33,-21,45,2021-07-24 08:45:00,503738
Yu Gavrilov_124648,Yu Gavrilov,1,1,50,48,2,98,2021-07-24 08:46:00,503739
Oleh Chulanov_168517,Oleh Chulanov,3,1,35,24,11,59,2021-07-24 08:50:00,503740
Nadiia Kovtun_168577,Nadiia Kovtun,-2,0,39,43,-4,82,2021-07-24 08:50:00,503741
Ruslan Andrischak_745202192,Ruslan Andrischak,2,1,44,23,21,67,2021-07-24 08:50:00,503742
Eduard Rubtsov_867026741,Eduard Rubtsov,2,1,42,32,10,74,2021-07-24 08:55:00,503743
Yurii Kurishchenko_168592,Yurii Kurishchenko,1,1,48,43,5,91,2021-07-24 08:55:00,503744
Mykola Lytvynenko_1721131463,Mykola Lytvynenko,2,1,45,33,12,78,2021-07-24 08:55:00,503745
V Klimentev_124580,V Klimentev,-2,0,36,41,-5,77,2021-07-24 08:57:00,503746
Illia Valchuk_168534,Illia Valchuk,-2,0,31,42,-11,73,2021-07-24 09:00:00,503747
Oleksandr Levadnyi_1279907303,Oleksandr Levadnyi,3,1,33,21,12,54,2021-07-24 09:00:00,503748
A Kononenko_124614,A Kononenko,3,1,33,14,19,47,2021-07-24 09:00:00,503749
Filip Strejc_168741,Filip Strejc,1,1,44,44,0,88,2021-07-24 09:00:00,503750
V Skokan_27907,V Skokan,-2,0,30,41,-11,71,2021-07-24 09:03:00,503751
Volodymyr Vasiukov_168549,Volodymyr Vasiukov,-3,0,25,33,-8,58,2021-07-24 09:05:00,503752
Ivan Kozyr_545634989,Ivan Kozyr,2,1,41,29,12,70,2021-07-24 09:05:00,503753
Anzhela Sydorko_168564,Anzhela Sydorko,3,1,33,21,12,54,2021-07-24 09:10:00,503754
Vitalii Krivenko_990693939,Vitalii Krivenko,2,1,40,31,9,71,2021-07-24 09:10:00,503755
S Skotnikov_124649,S Skotnikov,-2,0,34,42,-8,76,2021-07-24 09:15:00,503756
Oleksandr Goncharuk_168767,Oleksandr Goncharuk,1,1,51,48,3,99,2021-07-24 09:15:00,503757
Ulyana Palamarchuk_246086417,Ulyana Palamarchuk,-3,0,12,33,-21,45,2021-07-24 09:15:00,503758
Viktor Milishcuk_1489203061,Viktor Milishcuk,-3,0,24,35,-11,59,2021-07-24 09:20:00,503759
V Staroverov_124581,V Staroverov,3,1,33,22,11,55,2021-07-24 09:20:00,503760
Tetyana Mudrak_168578,Tetyana Mudrak,-2,0,33,46,-13,79,2021-07-24 09:20:00,503761
Volodymyr Kuzmych_168518,Volodymyr Kuzmych,1,1,47,43,4,90,2021-07-24 09:20:00,503762
Ihor Terletskyi_1700919734,Ihor Terletskyi,1,1,55,46,9,101,2021-07-24 09:25:00,503763
Serhii Chelpanov_168593,Serhii Chelpanov,2,1,39,19,20,58,2021-07-24 09:25:00,503764
Illia Udod_168535,Illia Udod,-2,0,34,44,-10,78,2021-07-24 09:30:00,503765
Roman Reznichenko_1704904009,Roman Reznichenko,3,1,33,21,12,54,2021-07-24 09:30:00,503766
Ja Kanera_27908,Ja Kanera,3,1,34,20,14,54,2021-07-24 09:30:00,503767
Oleksandr Zhukovskyi_1851868411,Oleksandr Zhukovskyi,-2,0,34,41,-7,75,2021-07-24 09:30:00,503768
Lukas Hobl_168742,Lukas Hobl,-1,0,49,50,-1,99,2021-07-24 09:30:00,503769
A Merezhko_124615,A Merezhko,2,1,40,34,6,74,2021-07-24 09:31:00,503770
Andrii Baklykov_482319055,Andrii Baklykov,3,1,33,20,13,53,2021-07-24 09:35:00,503771
Yevhen Bielokon_168550,Yevhen Bielokon,2,1,42,35,7,77,2021-07-24 09:35:00,503772
Dmytro Shukin_1635932925,Dmytro Shukin,-2,0,38,42,-4,80,2021-07-24 09:40:00,503773
Iryna Tiutiunyk_168565,Iryna Tiutiunyk,3,1,41,33,8,74,2021-07-24 09:40:00,503774
Ivan Kazmirovskyi_168768,Ivan Kazmirovskyi,-3,0,23,35,-12,58,2021-07-24 09:45:00,503775
Yaroslav Voytenko_1231463190,Yaroslav Voytenko,-2,0,37,39,-2,76,2021-07-24 09:45:00,503776
V Klimentev_124582,V Klimentev,2,1,46,35,11,81,2021-07-24 09:46:00,503777
Yu Gavrilov_124650,Yu Gavrilov,3,1,35,23,12,58,2021-07-24 09:46:00,503778
Tatiana Tatianina_796360374,Tatiana Tatianina,3,1,33,16,17,49,2021-07-24 09:50:00,503779
Polina Nerush_168579,Polina Nerush,-3,0,25,34,-9,59,2021-07-24 09:50:00,503780
Bohdan Chaikovskyi_168519,Bohdan Chaikovskyi,-3,0,25,33,-8,58,2021-07-24 09:50:00,503781
Viktor Burdukovskyi_1277295488,Viktor Burdukovskyi,-3,0,23,33,-10,56,2021-07-24 09:55:00,503782
Yurii Kurishchenko_168594,Yurii Kurishchenko,2,1,42,34,8,76,2021-07-24 09:55:00,503783
Jr. Mecl_27909,Jr. Mecl,-1,0,43,37,6,80,2021-07-24 10:00:00,503784
Lukas Hobl_168743,Lukas Hobl,-2,0,45,48,-3,93,2021-07-24 10:00:00,503785
Dmytro Lazuryk_168536,Dmytro Lazuryk,-1,0,48,48,0,96,2021-07-24 10:00:00,503786
Roman Demchuk_1518859382,Roman Demchuk,1,1,49,42,7,91,2021-07-24 10:00:00,503787
G Karpovkin_124617,G Karpovkin,1,1,50,46,4,96,2021-07-24 10:01:00,503788
Dmytro Dubrovin_1619222761,Dmytro Dubrovin,3,1,33,25,8,58,2021-07-24 10:05:00,503789
Eduard Rubtsov_693117103,Eduard Rubtsov,2,1,42,22,20,64,2021-07-24 10:05:00,503790
Kostiantyn Kovalchuk_168551,Kostiantyn Kovalchuk,-1,0,45,51,-6,96,2021-07-24 10:05:00,503791
Nikita Trofimov_82152653,Nikita Trofimov,-1,0,40,47,-7,87,2021-07-24 10:10:00,503792
Anastasia Holiak_168566,Anastasia Holiak,-3,0,18,33,-15,51,2021-07-24 10:10:00,503793
Ruslan Hripun_837596155,Ruslan Hripun,-2,0,37,36,1,73,2021-07-24 10:15:00,503794
Dmytro Khairov_168769,Dmytro Khairov,-1,0,48,50,-2,98,2021-07-24 10:15:00,503795
A Batalov_124651,A Batalov,2,1,44,34,10,78,2021-07-24 10:16:00,503796
I Pandur_124583,I Pandur,3,1,34,24,10,58,2021-07-24 10:17:00,503797
Taras Gil_168520,Taras Gil,-2,0,32,42,-10,74,2021-07-24 10:20:00,503798
Tetyana Mudrak_168580,Tetyana Mudrak,-2,0,34,47,-13,81,2021-07-24 10:20:00,503799
Vitalii Krivenko_1387713983,Vitalii Krivenko,1,1,48,43,5,91,2021-07-24 10:20:00,503800
Veronika Andriushchenko_222161824,Veronika Andriushchenko,-1,0,44,53,-9,97,2021-07-24 10:25:00,503801
Viacheslav Isakov_168595,Viacheslav Isakov,1,1,50,41,9,91,2021-07-24 10:25:00,503802
Andrii Dombrovskyi_168537,Andrii Dombrovskyi,1,1,50,52,-2,102,2021-07-24 10:30:00,503803
M Huk_27910,M Huk,2,1,45,34,11,79,2021-07-24 10:30:00,503804
Yurii Novokhatskyi_629617138,Yurii Novokhatskyi,2,1,37,28,9,65,2021-07-24 10:30:00,503805
Filip Strejc_168744,Filip Strejc,-2,0,32,41,-9,73,2021-07-24 10:30:00,503806
Taras Yemelianov_168552,Taras Yemelianov,2,1,37,32,5,69,2021-07-24 10:35:00,503807
Ruslan Andrischak_503084971,Ruslan Andrischak,-2,0,35,40,-5,75,2021-07-24 10:35:00,503808
I Sergeevich_124706,I Sergeevich,3,1,33,22,11,55,2021-07-24 10:36:00,503809
Oksana Kregul_168567,Oksana Kregul,-2,0,36,43,-7,79,2021-07-24 10:40:00,503810
Oleksandr Zhukovskyi_1557751563,Oleksandr Zhukovskyi,2,1,39,33,6,72,2021-07-24 10:40:00,503811
Dmytro Alekseenko_2134890305,Dmytro Alekseenko,-1,0,48,53,-5,101,2021-07-24 10:40:00,503812
Stepan Grygorenko_168770,Stepan Grygorenko,-3,0,21,33,-12,54,2021-07-24 10:45:00,503813
Serhii Boiko_1349666420,Serhii Boiko,3,1,33,19,14,52,2021-07-24 10:45:00,503814
S Skotnikov_124708,S Skotnikov,-3,0,15,33,-18,48,2021-07-24 10:45:00,503815
A Savinskiy_124704,A Savinskiy,2,1,43,38,5,81,2021-07-24 10:46:00,503816
Oleh Chulanov_168521,Oleh Chulanov,1,1,50,40,10,90,2021-07-24 10:50:00,503817
Nadiia Kovtun_168581,Nadiia Kovtun,2,1,40,33,7,73,2021-07-24 10:50:00,503818
Serhii Kinash_1977192757,Serhii Kinash,2,1,38,28,10,66,2021-07-24 10:50:00,503819
Serhii Chelpanov_168596,Serhii Chelpanov,1,1,50,44,6,94,2021-07-24 10:55:00,503820
Yaroslav Voytenko_1904583842,Yaroslav Voytenko,-1,0,45,51,-6,96,2021-07-24 10:55:00,503821
Illia Valchuk_168538,Illia Valchuk,1,1,53,49,4,102,2021-07-24 11:00:00,503822
Jr. Mecl_27911,Jr. Mecl,2,1,44,39,5,83,2021-07-24 11:00:00,503823
Ulyana Palamarchuk_235304682,Ulyana Palamarchuk,-2,0,33,39,-6,72,2021-07-24 11:00:00,503824
Frantisek Camr_168745,Frantisek Camr,-3,0,13,33,-20,46,2021-07-24 11:00:00,503825
G Karpovkin_124707,G Karpovkin,-3,0,16,33,-17,49,2021-07-24 11:02:00,503826
Viktor Milishcuk_476923495,Viktor Milishcuk,1,1,48,41,7,89,2021-07-24 11:05:00,503827
Volodymyr Vasiukov_168553,Volodymyr Vasiukov,-1,0,49,50,-1,99,2021-07-24 11:05:00,503828
Ihor Terletskyi_1090074555,Ihor Terletskyi,2,1,36,33,3,69,2021-07-24 11:10:00,503829
Anzhela Sydorko_168568,Anzhela Sydorko,-1,0,40,51,-11,91,2021-07-24 11:10:00,503830
Mykola Lytvynenko_245763076,Mykola Lytvynenko,1,1,45,40,5,85,2021-07-24 11:15:00,503831
Roman Reznichenko_1813200463,Roman Reznichenko,2,1,47,43,4,90,2021-07-24 11:15:00,503832
Oleksandr Goncharuk_168771,Oleksandr Goncharuk,-2,0,35,36,-1,71,2021-07-24 11:15:00,503833
Yu Gavrilov_124709,Yu Gavrilov,-3,0,20,33,-13,53,2021-07-24 11:16:00,503834
I Pandur_124705,I Pandur,2,1,42,34,8,76,2021-07-24 11:16:00,503835
Oleksandr Levadnyi_403345768,Oleksandr Levadnyi,-1,0,50,57,-7,107,2021-07-24 11:20:00,503836
Yaroslava Pachich_168582,Yaroslava Pachich,-3,0,24,34,-10,58,2021-07-24 11:20:00,503837
Volodymyr Kuzmych_168522,Volodymyr Kuzmych,-3,0,21,33,-12,54,2021-07-24 11:20:00,503838
Yurii Kurishchenko_168597,Yurii Kurishchenko,-3,0,16,34,-18,50,2021-07-24 11:25:00,503839
Ivan Kozyr_1526823479,Ivan Kozyr,-2,0,37,46,-9,83,2021-07-24 11:25:00,503840
Filip Strejc_168746,Filip Strejc,3,1,33,24,9,57,2021-07-24 11:30:00,503841
M Marchenko_124618,M Marchenko,2,1,39,32,7,71,2021-07-24 11:30:00,503842
Vadim Sidorenko_856028636,Vadim Sidorenko,-2,0,29,42,-13,71,2021-07-24 11:30:00,503843
Illia Udod_168539,Illia Udod,-2,0,34,41,-7,75,2021-07-24 11:30:00,503844
Ja Kanera_27912,Ja Kanera,2,1,44,27,17,71,2021-07-24 11:30:00,503845
Tatiana Tatianina_778431272,Tatiana Tatianina,1,1,52,36,16,88,2021-07-24 11:35:00,503846
Yevhen Bielokon_168554,Yevhen Bielokon,-2,0,40,47,-7,87,2021-07-24 11:35:00,503847
Viktor Burdukovskyi_1317696241,Viktor Burdukovskyi,-1,0,50,58,-8,108,2021-07-24 11:40:00,503848
Iryna Tiutiunyk_168569,Iryna Tiutiunyk,-2,0,26,41,-15,67,2021-07-24 11:40:00,503849
Ivan Kazmirovskyi_168772,Ivan Kazmirovskyi,2,1,44,28,16,72,2021-07-24 11:45:00,503850
Ruslan Andrischak_1444613977,Ruslan Andrischak,3,1,36,26,10,62,2021-07-24 11:45:00,503851
D Mikheev_124584,D Mikheev,3,1,37,26,11,63,2021-07-24 11:46:00,503852
A Shirshov_124652,A Shirshov,3,1,34,23,11,57,2021-07-24 11:46:00,503853
Bohdan Chaikovskyi_168523,Bohdan Chaikovskyi,-2,0,32,43,-11,75,2021-07-24 11:50:00,503854
Valentyn Korovychenko_93161360,Valentyn Korovychenko,-3,0,28,36,-8,64,2021-07-24 11:50:00,503855
Polina Nerush_168583,Polina Nerush,-3,0,19,33,-14,52,2021-07-24 11:50:00,503856
Eduard Rubtsov_191904650,Eduard Rubtsov,-2,0,31,42,-11,73,2021-07-24 11:50:00,503857
Andrii Baklykov_1183760374,Andrii Baklykov,-2,0,36,47,-11,83,2021-07-24 11:55:00,503858
Serhii Chelpanov_168598,Serhii Chelpanov,3,1,33,18,15,51,2021-07-24 11:55:00,503859
Dmytro Shukin_194101302,Dmytro Shukin,-2,0,29,44,-15,73,2021-07-24 12:00:00,503860
V Skokan_27937,V Skokan,2,1,41,29,12,70,2021-07-24 12:00:00,503861
Dmytro Lazuryk_168540,Dmytro Lazuryk,1,1,50,49,1,99,2021-07-24 12:00:00,503862
V Dakhin_124619,V Dakhin,-1,0,41,51,-10,92,2021-07-24 12:01:00,503863
Vitalii Krivenko_88703800,Vitalii Krivenko,1,1,45,42,3,87,2021-07-24 12:05:00,503864
Frantisek Camr_168800,Frantisek Camr,-3,0,27,37,-10,64,2021-07-24 12:05:00,503865
Kostiantyn Kovalchuk_168555,Kostiantyn Kovalchuk,-2,0,36,42,-6,78,2021-07-24 12:05:00,503866
Veronika Andriushchenko_494354868,Veronika Andriushchenko,-1,0,50,51,-1,101,2021-07-24 12:10:00,503867
Anastasia Holiak_168570,Anastasia Holiak,-3,0,23,34,-11,57,2021-07-24 12:10:00,503868
Yurii Novokhatskyi_1016440957,Yurii Novokhatskyi,1,1,50,39,11,89,2021-07-24 12:15:00,503869
V Petrov_124653,V Petrov,-3,0,23,34,-11,57,2021-07-24 12:15:00,503870
M Ilichev_124585,M Ilichev,-2,0,35,41,-6,76,2021-07-24 12:15:00,503871
Dmytro Khairov_168773,Dmytro Khairov,2,1,45,35,10,80,2021-07-24 12:15:00,503872
Tetyana Mudrak_168584,Tetyana Mudrak,-2,0,33,43,-10,76,2021-07-24 12:20:00,503873
Taras Gil_168524,Taras Gil,-3,0,22,36,-14,58,2021-07-24 12:20:00,503874
Roman Demchuk_1377185887,Roman Demchuk,-3,0,16,33,-17,49,2021-07-24 12:20:00,503875
Viacheslav Isakov_168599,Viacheslav Isakov,-2,0,35,43,-8,78,2021-07-24 12:25:00,503876
Dmytro Dubrovin_2080932799,Dmytro Dubrovin,-3,0,19,33,-14,52,2021-07-24 12:25:00,503877
Dmytro Alekseenko_1637423532,Dmytro Alekseenko,-3,0,28,37,-9,65,2021-07-24 12:25:00,503878
M Huk_27938,M Huk,1,1,49,44,5,93,2021-07-24 12:29:00,503879
Nikita Trofimov_946446255,Nikita Trofimov,1,1,54,52,2,106,2021-07-24 12:30:00,503880
Andrii Dombrovskyi_168541,Andrii Dombrovskyi,-2,0,34,39,-5,73,2021-07-24 12:30:00,503881
D Popov_124620,D Popov,2,1,45,39,6,84,2021-07-24 12:31:00,503882
Taras Yemelianov_168556,Taras Yemelianov,3,1,33,20,13,53,2021-07-24 12:35:00,503883
Ruslan Hripun_1875504681,Ruslan Hripun,-1,0,41,51,-10,92,2021-07-24 12:35:00,503884
Jan Zaloudik_168801,Jan Zaloudik,-1,0,48,50,-2,98,2021-07-24 12:35:00,503885
Oksana Kregul_168571,Oksana Kregul,-2,0,38,44,-6,82,2021-07-24 12:40:00,503886
Yaroslav Voytenko_521846478,Yaroslav Voytenko,-3,0,30,37,-7,67,2021-07-24 12:40:00,503887
Ulyana Palamarchuk_1638627732,Ulyana Palamarchuk,1,1,47,48,-1,95,2021-07-24 12:45:00,503888
Stepan Grygorenko_168774,Stepan Grygorenko,-2,0,31,44,-13,75,2021-07-24 12:45:00,503889
A Innazarov_124654,A Innazarov,-3,0,17,33,-16,50,2021-07-24 12:45:00,503890
E Masokin_124586,E Masokin,3,1,33,20,13,53,2021-07-24 12:47:00,503891
Viktor Milishcuk_841408964,Viktor Milishcuk,-2,0,28,42,-14,70,2021-07-24 12:50:00,503892
Oleh Chulanov_168525,Oleh Chulanov,-1,0,53,51,2,104,2021-07-24 12:50:00,503893
Nadiia Kovtun_168585,Nadiia Kovtun,-3,0,22,33,-11,55,2021-07-24 12:50:00,503894
Ihor Terletskyi_172744486,Ihor Terletskyi,3,1,33,24,9,57,2021-07-24 12:55:00,503895
Yurii Kurishchenko_168600,Yurii Kurishchenko,-3,0,19,33,-14,52,2021-07-24 12:55:00,503896
Oleksandr Zhukovskyi_960114150,Oleksandr Zhukovskyi,3,1,40,34,6,74,2021-07-24 13:00:00,503897
Roman Reznichenko_1792147273,Roman Reznichenko,1,1,51,51,0,102,2021-07-24 13:00:00,503898
Illia Valchuk_168542,Illia Valchuk,-3,0,19,36,-17,55,2021-07-24 13:00:00,503899
David Mutl_168747,David Mutl,-2,0,41,46,-5,87,2021-07-24 13:00:00,503900
A Suslov_124621,A Suslov,2,1,42,34,8,76,2021-07-24 13:00:00,503901
Ja Zajicek_27913,Ja Zajicek,-1,0,42,41,1,83,2021-07-24 13:04:00,503902
Serhii Boiko_865475009,Serhii Boiko,2,1,43,36,7,79,2021-07-24 13:05:00,503903
Volodymyr Vasiukov_168557,Volodymyr Vasiukov,-3,0,19,34,-15,53,2021-07-24 13:05:00,503904
Anzhela Sydorko_168572,Anzhela Sydorko,-1,0,41,48,-7,89,2021-07-24 13:10:00,503905
Serhii Kinash_1935065508,Serhii Kinash,-3,0,18,33,-15,51,2021-07-24 13:10:00,503906
Vitalii Krivenko_650340100,Vitalii Krivenko,-1,0,43,45,-2,88,2021-07-24 13:15:00,503907
Oleksandr Goncharuk_168775,Oleksandr Goncharuk,-1,0,47,46,1,93,2021-07-24 13:15:00,503908
M Pronkin_124655,M Pronkin,2,1,42,33,9,75,2021-07-24 13:15:00,503909
E Shishko_124587,E Shishko,1,1,52,49,3,101,2021-07-24 13:15:00,503910
Bohdan Chaikovskyi_168526,Bohdan Chaikovskyi,-2,0,31,40,-9,71,2021-07-24 13:20:00,503911
Yaroslava Pachich_168586,Yaroslava Pachich,3,1,33,24,9,57,2021-07-24 13:20:00,503912
Iryna Aseieva_1118897152,Iryna Aseieva,1,1,50,48,2,98,2021-07-24 13:20:00,503913
Oleksandr Lykhytskyi_168601,Oleksandr Lykhytskyi,-2,0,38,39,-1,77,2021-07-24 13:25:00,503914
Vasil Salivonchyk_1715308027,Vasil Salivonchyk,3,1,33,20,13,53,2021-07-24 13:25:00,503915
Ivan Syniavskyi_1217561104,Ivan Syniavskyi,-1,0,46,55,-9,101,2021-07-24 13:30:00,503916
Dmytro Lazuryk_168543,Dmytro Lazuryk,3,1,33,18,15,51,2021-07-24 13:30:00,503917
Patrik Sturma_168748,Patrik Sturma,-3,0,21,33,-12,54,2021-07-24 13:30:00,503918
D Popov_124622,D Popov,2,1,43,29,14,72,2021-07-24 13:31:00,503919
Kostiantyn Kovalchuk_168558,Kostiantyn Kovalchuk,-2,0,37,45,-8,82,2021-07-24 13:35:00,503920
Rodion Pirveli_2031746328,Rodion Pirveli,2,1,46,36,10,82,2021-07-24 13:35:00,503921
Mykola Lytvynenko_1410404304,Mykola Lytvynenko,-2,0,40,43,-3,83,2021-07-24 13:35:00,503922
Ja Merta_27914,Ja Merta,-2,0,32,40,-8,72,2021-07-24 13:36:00,503923
Oleksandr Levadnyi_786033084,Oleksandr Levadnyi,2,1,47,37,10,84,2021-07-24 13:40:00,503924
Anastasia Holiak_168573,Anastasia Holiak,-3,0,22,33,-11,55,2021-07-24 13:40:00,503925
Dmytro Khairov_168776,Dmytro Khairov,-3,0,25,33,-8,58,2021-07-24 13:45:00,503926
Ivan Kozyr_1580786137,Ivan Kozyr,2,1,41,30,11,71,2021-07-24 13:45:00,503927
A Innazarov_124656,A Innazarov,1,1,49,39,10,88,2021-07-24 13:46:00,503928
Polina Nerush_168587,Polina Nerush,-2,0,34,42,-8,76,2021-07-24 13:50:00,503929
Yaroslav Voytenko_234741659,Yaroslav Voytenko,-2,0,24,38,-14,62,2021-07-24 13:50:00,503930
Volodymyr Korobko_168527,Volodymyr Korobko,2,1,41,26,15,67,2021-07-24 13:50:00,503931
E Masokin_124588,E Masokin,-3,0,23,34,-11,57,2021-07-24 13:52:00,503932
Tatiana Tatianina_1858423312,Tatiana Tatianina,2,1,39,29,10,68,2021-07-24 13:55:00,503933
Oleksandr Broiakovskyi_168544,Oleksandr Broiakovskyi,1,1,46,46,0,92,2021-07-24 14:00:00,503934
Viacheslav Isakov_168802,Viacheslav Isakov,-2,0,37,41,-4,78,2021-07-24 14:00:00,503935
Patrik Sturma_168749,Patrik Sturma,3,1,33,15,18,48,2021-07-24 14:00:00,503936
Viktor Burdukovskyi_636338350,Viktor Burdukovskyi,3,1,39,32,7,71,2021-07-24 14:00:00,503937
Jo Medek_27915,Jo Medek,-1,0,42,49,-7,91,2021-07-24 14:01:00,503938
V Dakhin_124623,V Dakhin,2,1,48,46,2,94,2021-07-24 14:01:00,503939
Roman Yushko_168559,Roman Yushko,-1,0,46,52,-6,98,2021-07-24 14:05:00,503940
Ruslan Andrischak_750734930,Ruslan Andrischak,-2,0,33,43,-10,76,2021-07-24 14:05:00,503941
Eduard Rubtsov_1234385758,Eduard Rubtsov,-2,0,31,39,-8,70,2021-07-24 14:10:00,503942
Valentyn Korovychenko_104883734,Valentyn Korovychenko,-2,0,40,42,-2,82,2021-07-24 14:10:00,503943
Nataliia Konovalova_168574,Nataliia Konovalova,-3,0,27,38,-11,65,2021-07-24 14:10:00,503944
Serhii Semenets_168777,Serhii Semenets,2,1,39,29,10,68,2021-07-24 14:15:00,503945
Nikita Trofimov_739135572,Nikita Trofimov,2,1,44,41,3,85,2021-07-24 14:15:00,503946
M Ilichev_124589,M Ilichev,-2,0,41,42,-1,83,2021-07-24 14:16:00,503947
V Petrov_124657,V Petrov,-3,0,28,40,-12,68,2021-07-24 14:17:00,503948
Nadiia Kovtun_168588,Nadiia Kovtun,-1,0,38,49,-11,87,2021-07-24 14:20:00,503949
Bohdan Chaikovskyi_168528,Bohdan Chaikovskyi,3,1,33,22,11,55,2021-07-24 14:20:00,503950
Ruslan Hripun_906149399,Ruslan Hripun,-1,0,45,44,1,89,2021-07-24 14:20:00,503951
Vitalii Krivenko_1262471967,Vitalii Krivenko,2,1,44,44,0,88,2021-07-24 14:25:00,503952
Roman Makarenko_168803,Roman Makarenko,1,1,42,45,-3,87,2021-07-24 14:30:00,503953
David Mutl_168750,David Mutl,-1,0,48,48,0,96,2021-07-24 14:30:00,503954
Dmytro Lazuryk_168545,Dmytro Lazuryk,1,1,47,40,7,87,2021-07-24 14:30:00,503955
Veronika Andriushchenko_2011634848,Veronika Andriushchenko,-3,0,13,33,-20,46,2021-07-24 14:30:00,503956
T Vorisek_27916,T Vorisek,2,1,43,35,8,78,2021-07-24 14:34:00,503957
Viktor Burdukovskyi_1445650090,Viktor Burdukovskyi,-3,0,21,33,-12,54,2021-07-24 14:35:00,503958
Kostiantyn Kovalchuk_168560,Kostiantyn Kovalchuk,-3,0,26,34,-8,60,2021-07-24 14:35:00,503959
A Suslov_124796,A Suslov,-1,0,48,48,0,96,2021-07-24 14:36:00,503960
Roman Demchuk_1100124481,Roman Demchuk,-3,0,22,33,-11,55,2021-07-24 14:40:00,503961
Anastasia Holiak_168575,Anastasia Holiak,3,1,33,22,11,55,2021-07-24 14:40:00,503962
Andrii Herasymenko_1785497080,Andrii Herasymenko,2,1,42,37,5,79,2021-07-24 14:45:00,503963
Dmytro Khairov_168778,Dmytro Khairov,-1,0,40,45,-5,85,2021-07-24 14:45:00,503964
Dmytro Dubrovin_3887432,Dmytro Dubrovin,-3,0,17,33,-16,50,2021-07-24 14:45:00,503965
M Ilichev_124804,M Ilichev,-3,0,14,33,-19,47,2021-07-24 14:49:00,503966
Volodymyr Kuzmych_168529,Volodymyr Kuzmych,3,1,35,27,8,62,2021-07-24 14:50:00,503967
Serhii Tsybulin_85037190,Serhii Tsybulin,1,1,55,47,8,102,2021-07-24 14:50:00,503968
Anzhela Hassan_168589,Anzhela Hassan,-1,0,43,49,-6,92,2021-07-24 14:50:00,503969
V Petrov_124806,V Petrov,-3,0,21,33,-12,54,2021-07-24 14:51:00,503970
Maksym Kolos_403297117,Maksym Kolos,-3,0,25,33,-8,58,2021-07-24 14:55:00,503971
Artur Akopyan_168751,Artur Akopyan,3,1,33,14,19,47,2021-07-24 15:00:00,503972
Jo Medek_27917,Jo Medek,1,1,51,45,6,96,2021-07-24 15:00:00,503973
Illia Udod_168546,Illia Udod,-3,0,17,33,-16,50,2021-07-24 15:00:00,503974
Vadim Sidorenko_856175453,Vadim Sidorenko,-1,0,56,57,-1,113,2021-07-24 15:00:00,503975
V Dakhin_124797,V Dakhin,2,1,40,31,9,71,2021-07-24 15:04:00,503976
Yevhen Bielokon_168561,Yevhen Bielokon,-2,0,32,39,-7,71,2021-07-24 15:05:00,503977
Iryna Aseieva_240276479,Iryna Aseieva,2,1,36,24,12,60,2021-07-24 15:05:00,503978
Iryna Tiutiunyk_168576,Iryna Tiutiunyk,2,1,45,38,7,83,2021-07-24 15:10:00,503979
Vasil Salivonchyk_165917091,Vasil Salivonchyk,-2,0,40,45,-5,85,2021-07-24 15:10:00,503980
Artur Moriak_689917944,Artur Moriak,1,1,53,46,7,99,2021-07-24 15:15:00,503981
Ivan Kazmirovskyi_168779,Ivan Kazmirovskyi,1,1,45,42,3,87,2021-07-24 15:15:00,503982
D Mikheev_124805,D Mikheev,2,1,42,33,9,75,2021-07-24 15:16:00,503983
A Innazarov_124807,A Innazarov,-2,0,34,42,-8,76,2021-07-24 15:16:00,503984
Mykola Lytvynenko_261683079,Mykola Lytvynenko,-1,0,43,47,-4,90,2021-07-24 15:20:00,503985
Nadiia Kovtun_168590,Nadiia Kovtun,-3,0,23,33,-10,56,2021-07-24 15:20:00,503986
Yaroslav Tebenko_168602,Yaroslav Tebenko,3,1,33,16,17,49,2021-07-24 15:20:00,503987
Eduard Rubtsov_1019268044,Eduard Rubtsov,1,1,47,48,-1,95,2021-07-24 15:20:00,503988
Nikita Trofimov_818816104,Nikita Trofimov,-3,0,18,34,-16,52,2021-07-24 15:25:00,503989
V Nemashkalo_124624,V Nemashkalo,-2,0,32,42,-10,74,2021-07-24 15:30:00,503990
Ruslan Hripun_208440536,Ruslan Hripun,-2,0,30,39,-9,69,2021-07-24 15:30:00,503991
Serhii Burdelnyi_168617,Serhii Burdelnyi,2,1,39,34,5,73,2021-07-24 15:30:00,503992
David Mutl_168752,David Mutl,-3,0,16,33,-17,49,2021-07-24 15:30:00,503993
Ja Merta_27918,Ja Merta,-2,0,28,42,-14,70,2021-07-24 15:32:00,503994
Anastasiia Ostapenko_168627,Anastasiia Ostapenko,-2,0,39,41,-2,80,2021-07-24 15:35:00,503995
Denys Shcherbak_143062118,Denys Shcherbak,-1,0,53,52,1,105,2021-07-24 15:35:00,503996
Roman Shtukovanyi_1918524678,Roman Shtukovanyi,-2,0,38,45,-7,83,2021-07-24 15:40:00,503997
Tamara Kravchuk_168657,Tamara Kravchuk,-2,0,38,42,-4,80,2021-07-24 15:40:00,503998
Alena Petlenko_168666,Alena Petlenko,1,1,50,49,1,99,2021-07-24 15:45:00,503999
A Slachshilin_124658,A Slachshilin,1,1,44,46,-2,90,2021-07-24 15:47:00,504000
I Kovalev_124590,I Kovalev,2,1,44,36,8,80,2021-07-24 15:48:00,504001
Oleh Sapuzhak_168603,Oleh Sapuzhak,-2,0,37,41,-4,78,2021-07-24 15:50:00,504002
Oleksandr Kasatiy_544107878,Oleksandr Kasatiy,-3,0,23,34,-11,57,2021-07-24 15:50:00,504003
Tetyana Mudrak_168591,Tetyana Mudrak,2,1,40,35,5,75,2021-07-24 15:50:00,504004
Yurii Teteria_1950609677,Yurii Teteria,1,1,51,42,9,93,2021-07-24 15:55:00,504005
Roman Cherevko_408328818,Roman Cherevko,-2,0,39,49,-10,88,2021-07-24 15:55:00,504006
V Staroverov_124625,V Staroverov,1,1,54,50,4,104,2021-07-24 16:00:00,504007
Jan Zalesky_168804,Jan Zalesky,-1,0,47,44,3,91,2021-07-24 16:00:00,504008
Andrii Baklykov_826360259,Andrii Baklykov,3,1,33,20,13,53,2021-07-24 16:00:00,504009
Serhii Dovzhenko_168618,Serhii Dovzhenko,-1,0,42,47,-5,89,2021-07-24 16:00:00,504010
Ja Merta_27975,Ja Merta,-3,0,23,33,-10,56,2021-07-24 16:03:00,504011
Dmytro Shukin_316843376,Dmytro Shukin,3,1,34,24,10,58,2021-07-24 16:05:00,504012
Viktoriia Husieva_168628,Viktoriia Husieva,3,1,33,16,17,49,2021-07-24 16:05:00,504013
Olha Kostiuk_168643,Olha Kostiuk,-3,0,5,33,-28,38,2021-07-24 16:10:00,504014
Uryi Schepanskyi_513894821,Uryi Schepanskyi,-2,0,38,40,-2,78,2021-07-24 16:10:00,504015
Yevhenii Holoborodko_851688182,Yevhenii Holoborodko,-3,0,19,33,-14,52,2021-07-24 16:15:00,504016
Marharyta Saltanovska_168667,Marharyta Saltanovska,-2,0,34,43,-9,77,2021-07-24 16:15:00,504017
I Minchenkov_124591,I Minchenkov,2,1,35,30,5,65,2021-07-24 16:18:00,504018
Ihor Matsehora_2069659617,Ihor Matsehora,-2,0,29,37,-8,66,2021-07-24 16:20:00,504019
Anatolii Dulich_168604,Anatolii Dulich,1,1,52,50,2,102,2021-07-24 16:20:00,504020
F Ambrosimov_124659,F Ambrosimov,1,1,46,46,0,92,2021-07-24 16:21:00,504021
Yurii Parahailo_221972178,Yurii Parahailo,-3,0,17,34,-17,51,2021-07-24 16:25:00,504022
Oleksii Hrymovskyi_168790,Oleksii Hrymovskyi,-3,0,27,33,-6,60,2021-07-24 16:25:00,504023
Serhii Burdelnyi_168619,Serhii Burdelnyi,-2,0,30,37,-7,67,2021-07-24 16:30:00,504024
Mykola Lytvynenko_210637737,Mykola Lytvynenko,-1,0,50,43,7,93,2021-07-24 16:30:00,504025
Artur Akopyan_168805,Artur Akopyan,2,1,42,36,6,78,2021-07-24 16:30:00,504026
Lev Kuzyo_184949569,Lev Kuzyo,-3,0,18,33,-15,51,2021-07-24 16:30:00,504027
Jo Medek_27976,Jo Medek,1,1,48,46,2,94,2021-07-24 16:30:00,504028
Alina Stefaniuk_168629,Alina Stefaniuk,3,1,33,22,11,55,2021-07-24 16:35:00,504029
S Kulikov_124626,S Kulikov,3,1,33,17,16,50,2021-07-24 16:35:00,504030
Serhii Tsybulin_840681552,Serhii Tsybulin,3,1,36,21,15,57,2021-07-24 16:35:00,504031
Liudmyla Kudriei_168658,Liudmyla Kudriei,-3,0,17,33,-16,50,2021-07-24 16:40:00,504032
Ruslan Hripun_906084059,Ruslan Hripun,-2,0,33,41,-8,74,2021-07-24 16:40:00,504033
Denys Shcherbak_114138150,Denys Shcherbak,3,1,33,25,8,58,2021-07-24 16:45:00,504034
Yuliia Yemelianenko_168668,Yuliia Yemelianenko,1,1,53,54,-1,107,2021-07-24 16:45:00,504035
I Novikov_124592,I Novikov,3,1,33,16,17,49,2021-07-24 16:46:00,504036
Oleh Sapuzhak_168605,Oleh Sapuzhak,-1,0,50,50,0,100,2021-07-24 16:50:00,504037
Roman Shtukovanyi_1219554600,Roman Shtukovanyi,-1,0,55,60,-5,115,2021-07-24 16:50:00,504038
Serhii Tkachev_168791,Serhii Tkachev,1,1,63,56,7,119,2021-07-24 16:55:00,504039
Viktor Bosak_19774719,Viktor Bosak,3,1,33,18,15,51,2021-07-24 16:55:00,504040
I Matveyev_124660,I Matveyev,-3,0,19,33,-14,52,2021-07-24 16:57:00,504041
Oleksandr Kasatiy_2058205475,Oleksandr Kasatiy,1,1,58,55,3,113,2021-07-24 17:00:00,504042
Jan Tomanec_168753,Jan Tomanec,-1,0,48,45,3,93,2021-07-24 17:00:00,504043
Volodymyr Melnykov_168620,Volodymyr Melnykov,-2,0,32,42,-10,74,2021-07-24 17:00:00,504044
E Anisimov_124627,E Anisimov,3,1,33,25,8,58,2021-07-24 17:02:00,504045
Oleksandr Zhukovskyi_1090723544,Oleksandr Zhukovskyi,-2,0,36,41,-5,77,2021-07-24 17:05:00,504046
Viktoriia Husieva_168630,Viktoriia Husieva,1,1,45,48,-3,93,2021-07-24 17:05:00,504047
Roman Cherevko_1948743315,Roman Cherevko,2,1,42,34,8,76,2021-07-24 17:05:00,504048
K Brozik_27919,K Brozik,3,1,33,21,12,54,2021-07-24 17:09:00,504049
Yevhen Masko_709859217,Yevhen Masko,2,1,42,38,4,80,2021-07-24 17:10:00,504050
Olha Kostiuk_168659,Olha Kostiuk,-2,0,33,39,-6,72,2021-07-24 17:10:00,504051
Marharyta Saltanovska_168669,Marharyta Saltanovska,-3,0,21,33,-12,54,2021-07-24 17:15:00,504052
Maksym Kolos_851932311,Maksym Kolos,1,1,51,41,10,92,2021-07-24 17:15:00,504053
K Churin_124593,K Churin,-3,0,22,33,-11,55,2021-07-24 17:17:00,504054
I Nirkov_124661,I Nirkov,-2,0,35,42,-7,77,2021-07-24 17:18:00,504055
Yaroslav Tebenko_168606,Yaroslav Tebenko,3,1,35,20,15,55,2021-07-24 17:20:00,504056
Volodymyr Maksiuta_209793937,Volodymyr Maksiuta,-2,0,33,41,-8,74,2021-07-24 17:20:00,504057
Oleksii Hrymovskyi_168792,Oleksii Hrymovskyi,-1,0,42,45,-3,87,2021-07-24 17:25:00,504058
Yevhenii Holoborodko_1663494941,Yevhenii Holoborodko,-3,0,25,33,-8,58,2021-07-24 17:25:00,504059
S Kulikov_124628,S Kulikov,1,1,48,41,7,89,2021-07-24 17:30:00,504060
Jan Herink_168754,Jan Herink,3,1,33,23,10,56,2021-07-24 17:30:00,504061
Ihor Matsehora_1003370913,Ihor Matsehora,-2,0,23,42,-19,65,2021-07-24 17:30:00,504062
V Skokan_27920,V Skokan,-2,0,35,38,-3,73,2021-07-24 17:30:00,504063
Serhii Dovzhenko_168621,Serhii Dovzhenko,-1,0,48,46,2,94,2021-07-24 17:30:00,504064
Oleksii Romaniv_427362434,Oleksii Romaniv,1,1,49,46,3,95,2021-07-24 17:35:00,504065
Anastasiia Ostapenko_168631,Anastasiia Ostapenko,3,1,40,26,14,66,2021-07-24 17:35:00,504066
Tamara Kravchuk_168660,Tamara Kravchuk,-2,0,33,48,-15,81,2021-07-24 17:40:00,504067
Valentyn Korovychenko_362204989,Valentyn Korovychenko,1,1,50,42,8,92,2021-07-24 17:40:00,504068
Yevhenii Kryvorotko_696129676,Yevhenii Kryvorotko,-2,0,40,45,-5,85,2021-07-24 17:40:00,504069
Andrii Baklykov_1025798899,Andrii Baklykov,-1,0,45,53,-8,98,2021-07-24 17:45:00,504070
Alena Petlenko_168670,Alena Petlenko,-3,0,19,33,-14,52,2021-07-24 17:45:00,504071
I Novikov_124594,I Novikov,-3,0,24,35,-11,59,2021-07-24 17:46:00,504072
I Matveyev_124662,I Matveyev,-1,0,41,52,-11,93,2021-07-24 17:47:00,504073
Oleh Kapeliukha_168607,Oleh Kapeliukha,2,1,41,27,14,68,2021-07-24 17:50:00,504074
Ivan Kozyr_1746296793,Ivan Kozyr,2,1,44,36,8,80,2021-07-24 17:50:00,504075
Egor Kovpak_168696,Egor Kovpak,3,1,34,24,10,58,2021-07-24 17:50:00,504076
Oleksandr Mishchenko_168793,Oleksandr Mishchenko,-2,0,28,40,-12,68,2021-07-24 17:55:00,504077
Uryi Schepanskyi_69193028,Uryi Schepanskyi,2,1,40,29,11,69,2021-07-24 17:55:00,504078
V Staroverov_124629,V Staroverov,-1,0,42,54,-12,96,2021-07-24 17:59:00,504079
Jan Herink_168755,Jan Herink,3,1,33,10,23,43,2021-07-24 18:00:00,504080
R Rose_27921,R Rose,-1,0,41,38,3,79,2021-07-24 18:00:00,504081
Serhii Burdelnyi_168622,Serhii Burdelnyi,3,1,33,25,8,58,2021-07-24 18:00:00,504082
Roman Shtukovanyi_1006189260,Roman Shtukovanyi,-3,0,28,37,-9,65,2021-07-24 18:00:00,504083
Anastasiia Gordinskaya-Sheiko_168632,Anastasiia Gordinskaya-Sheiko,-2,0,41,44,-3,85,2021-07-24 18:05:00,504084
Igor Vatsyn_2048245327,Igor Vatsyn,-2,0,34,43,-9,77,2021-07-24 18:05:00,504085
Yurii Parahailo_275360480,Yurii Parahailo,3,1,33,16,17,49,2021-07-24 18:10:00,504086
Anastasia Degteva_168647,Anastasia Degteva,-3,0,22,35,-13,57,2021-07-24 18:10:00,504087
I Minchenkov_124595,I Minchenkov,-3,0,18,33,-15,51,2021-07-24 18:15:00,504088
Sergey Filatov_57124624,Sergey Filatov,1,1,46,40,6,86,2021-07-24 18:15:00,504089
Nataliia Svydnytska_168671,Nataliia Svydnytska,3,1,35,23,12,58,2021-07-24 18:15:00,504090
Lev Kuzyo_754712834,Lev Kuzyo,-2,0,34,42,-8,76,2021-07-24 18:15:00,504091
Vitalii Klimov_168697,Vitalii Klimov,2,1,44,36,8,80,2021-07-24 18:20:00,504092
Anatolii Dulich_168608,Anatolii Dulich,3,1,33,20,13,53,2021-07-24 18:20:00,504093
Dmytro Derevinskyi_427531741,Dmytro Derevinskyi,-1,0,48,48,0,96,2021-07-24 18:20:00,504094
F Ambrosimov_124663,F Ambrosimov,3,1,34,26,8,60,2021-07-24 18:21:00,504095
Vadym Komar_152913311,Vadym Komar,-1,0,40,51,-11,91,2021-07-24 18:25:00,504096
Serhii Tkachev_168794,Serhii Tkachev,1,1,45,48,-3,93,2021-07-24 18:25:00,504097
Serhii Dovzhenko_168623,Serhii Dovzhenko,3,1,33,18,15,51,2021-07-24 18:30:00,504098
Denys Shcherbak_1916994841,Denys Shcherbak,2,1,38,33,5,71,2021-07-24 18:30:00,504099
Jan Tomanec_168756,Jan Tomanec,-3,0,20,33,-13,53,2021-07-24 18:30:00,504100
Oliver Korp_27922,Oliver Korp,-1,0,49,52,-3,101,2021-07-24 18:30:00,504101
V Nemashkalo_124828,V Nemashkalo,2,1,43,37,6,80,2021-07-24 18:34:00,504102
Roman Sukhomlyn_786385904,Roman Sukhomlyn,1,1,53,46,7,99,2021-07-24 18:35:00,504103
Alina Stefaniuk_168633,Alina Stefaniuk,2,1,41,27,14,68,2021-07-24 18:35:00,504104
Liudmyla Kudriei_168661,Liudmyla Kudriei,3,1,33,22,11,55,2021-07-24 18:40:00,504105
Viktor Bosak_88946762,Viktor Bosak,1,1,43,45,-2,88,2021-07-24 18:40:00,504106
Yuliia Yemelianenko_168672,Yuliia Yemelianenko,3,1,33,17,16,50,2021-07-24 18:45:00,504107
Oleksandr Kasatiy_990934281,Oleksandr Kasatiy,-1,0,48,49,-1,97,2021-07-24 18:45:00,504108
K Churin_124830,K Churin,3,1,36,25,11,61,2021-07-24 18:49:00,504109
Serhii Mishchenko_168698,Serhii Mishchenko,1,1,48,39,9,87,2021-07-24 18:50:00,504110
Roman Cherevko_1054396496,Roman Cherevko,-3,0,29,37,-8,66,2021-07-24 18:50:00,504111
I Matveyev_124832,I Matveyev,-3,0,29,35,-6,64,2021-07-24 18:50:00,504112
Oleksandr Zhukovskyi_1377406753,Oleksandr Zhukovskyi,-1,0,47,48,-1,95,2021-07-24 18:50:00,504113
Oleh Sapuzhak_168609,Oleh Sapuzhak,3,1,33,18,15,51,2021-07-24 18:50:00,504114
Oleksandr Yarovoi_463527611,Oleksandr Yarovoi,-2,0,42,47,-5,89,2021-07-24 18:55:00,504115
Oleksii Hrymovskyi_168795,Oleksii Hrymovskyi,1,1,46,44,2,90,2021-07-24 18:55:00,504116
Volodymyr Melnykov_168624,Volodymyr Melnykov,-1,0,54,53,1,107,2021-07-24 19:00:00,504117
Vadym Komar_745603877,Vadym Komar,1,1,52,47,5,99,2021-07-24 19:00:00,504118
David Brichacek_168757,David Brichacek,3,1,34,25,9,59,2021-07-24 19:00:00,504119
S Kulikov_124829,S Kulikov,1,1,48,39,9,87,2021-07-24 19:04:00,504120
Volodymyr Maksiuta_1633354474,Volodymyr Maksiuta,-3,0,17,33,-16,50,2021-07-24 19:05:00,504121
Viktoriia Husieva_168634,Viktoriia Husieva,3,1,33,18,15,51,2021-07-24 19:05:00,504122
R Rose_27923,R Rose,2,1,43,27,16,70,2021-07-24 19:06:00,504123
Olha Kostiuk_168649,Olha Kostiuk,-1,0,48,46,2,94,2021-07-24 19:10:00,504124
Yevhenii Holoborodko_1317957111,Yevhenii Holoborodko,-1,0,38,46,-8,84,2021-07-24 19:10:00,504125
Marharyta Saltanovska_168673,Marharyta Saltanovska,-3,0,17,33,-16,50,2021-07-24 19:15:00,504126
Ihor Matsehora_1519294313,Ihor Matsehora,-1,0,50,53,-3,103,2021-07-24 19:15:00,504127
I Minchenkov_124831,I Minchenkov,-1,0,42,51,-9,93,2021-07-24 19:16:00,504128
A Slachshilin_124833,A Slachshilin,-3,0,23,34,-11,57,2021-07-24 19:17:00,504129
Vitalii Klimov_168699,Vitalii Klimov,1,1,47,44,3,91,2021-07-24 19:20:00,504130
Yaroslav Tebenko_168610,Yaroslav Tebenko,-2,0,32,40,-8,72,2021-07-24 19:20:00,504131
Oleksii Romaniv_1238916332,Oleksii Romaniv,3,1,33,20,13,53,2021-07-24 19:20:00,504132
Yevhenii Kryvorotko_555711635,Yevhenii Kryvorotko,1,1,45,47,-2,92,2021-07-24 19:25:00,504133
Serhii Tkachev_168796,Serhii Tkachev,-3,0,22,34,-12,56,2021-07-24 19:25:00,504134
Jan Tomanec_168758,Jan Tomanec,-3,0,15,33,-18,48,2021-07-24 19:30:00,504135
Serhii Burdelnyi_168625,Serhii Burdelnyi,-2,0,36,40,-4,76,2021-07-24 19:30:00,504136
Dmytro Derevinskyi_561868923,Dmytro Derevinskyi,1,1,48,46,2,94,2021-07-24 19:30:00,504137
V Skokan_27924,V Skokan,-2,0,35,37,-2,72,2021-07-24 19:31:00,504138
Serhii Pokidko_1745998506,Serhii Pokidko,1,1,46,47,-1,93,2021-07-24 19:35:00,504139
Anastasiia Ostapenko_168635,Anastasiia Ostapenko,2,1,44,33,11,77,2021-07-24 19:35:00,504140
Tamara Kravchuk_168650,Tamara Kravchuk,1,1,53,42,11,95,2021-07-24 19:40:00,504141
Uryi Schepanskyi_629532624,Uryi Schepanskyi,3,1,37,31,6,68,2021-07-24 19:40:00,504142
Roman Shtukovanyi_1137879294,Roman Shtukovanyi,-3,0,18,33,-15,51,2021-07-24 19:45:00,504143
Alena Petlenko_168674,Alena Petlenko,1,1,48,42,6,90,2021-07-24 19:45:00,504144
A Golovinskii_124664,A Golovinskii,2,1,41,31,10,72,2021-07-24 19:46:00,504145
B Grebenyuk_124596,B Grebenyuk,-1,0,43,46,-3,89,2021-07-24 19:47:00,504146
Egor Kovpak_168700,Egor Kovpak,1,1,48,46,2,94,2021-07-24 19:50:00,504147
Igor Vatsyn_620068856,Igor Vatsyn,1,1,57,55,2,112,2021-07-24 19:50:00,504148
Oleh Kapeliukha_168611,Oleh Kapeliukha,2,1,38,32,6,70,2021-07-24 19:50:00,504149
Yurii Parahailo_1846256072,Yurii Parahailo,1,1,50,40,10,90,2021-07-24 19:55:00,504150
Oleksandr Mishchenko_168797,Oleksandr Mishchenko,2,1,45,34,11,79,2021-07-24 19:55:00,504151
Valerii Hries_168626,Valerii Hries,2,1,42,27,15,69,2021-07-24 20:00:00,504152
Oliver Korp_27977,Oliver Korp,-2,0,27,42,-15,69,2021-07-24 20:00:00,504153
Tomas Pesula_169015,Tomas Pesula,-1,0,49,46,3,95,2021-07-24 20:00:00,504154
Lev Kuzyo_1219634937,Lev Kuzyo,-1,0,45,48,-3,93,2021-07-24 20:00:00,504155
D Tikhnenko_124630,D Tikhnenko,1,1,49,43,6,92,2021-07-24 20:03:00,504156
Anastasiia Gordinskaya-Sheiko_168636,Anastasiia Gordinskaya-Sheiko,-1,0,37,44,-7,81,2021-07-24 20:05:00,504157
Oleksandr Yarovoi_1648441087,Oleksandr Yarovoi,3,1,35,20,15,55,2021-07-24 20:05:00,504158
Vadym Komar_744350814,Vadym Komar,-2,0,39,40,-1,79,2021-07-24 20:10:00,504159
Anastasia Degteva_168662,Anastasia Degteva,1,1,52,38,14,90,2021-07-24 20:10:00,504160
Oleksii Haponov_331726706,Oleksii Haponov,-3,0,27,34,-7,61,2021-07-24 20:15:00,504161
Nataliia Svydnytska_168675,Nataliia Svydnytska,3,1,33,18,15,51,2021-07-24 20:15:00,504162
A Klavdenkov_124597,A Klavdenkov,1,1,40,45,-5,85,2021-07-24 20:16:00,504163
K Puzankov_124665,K Puzankov,-3,0,22,33,-11,55,2021-07-24 20:16:00,504164
Yevhenii Holoborodko_600077086,Yevhenii Holoborodko,-3,0,29,37,-8,66,2021-07-24 20:20:00,504165
Anatolii Dulich_168612,Anatolii Dulich,-3,0,21,35,-14,56,2021-07-24 20:20:00,504166
Valentyn Lutsenko_168701,Valentyn Lutsenko,1,1,49,50,-1,99,2021-07-24 20:20:00,504167
I Mihaylov_124631,I Mihaylov,1,1,48,35,13,83,2021-07-24 20:25:00,504168
Viktor Bosak_1807782582,Viktor Bosak,-2,0,27,39,-12,66,2021-07-24 20:25:00,504169
Oleksii Hrymovskyi_168798,Oleksii Hrymovskyi,2,1,41,26,15,67,2021-07-24 20:25:00,504170
Ihor Syniavskyi_305918123,Ihor Syniavskyi,-3,0,20,34,-14,54,2021-07-24 20:30:00,504171
Valerii Hries_169017,Valerii Hries,-2,0,37,43,-6,80,2021-07-24 20:30:00,504172
David Brichacek_169016,David Brichacek,3,1,37,23,14,60,2021-07-24 20:30:00,504173
R Rose_27978,R Rose,2,1,42,28,14,70,2021-07-24 20:31:00,504174
Serhii Baranovskyi_486361250,Serhii Baranovskyi,1,1,48,45,3,93,2021-07-24 20:35:00,504175
Alina Stefaniuk_168637,Alina Stefaniuk,3,1,38,29,9,67,2021-07-24 20:35:00,504176
Liudmyla Kudriei_168663,Liudmyla Kudriei,-2,0,30,41,-11,71,2021-07-24 20:40:00,504177
Dmytro Derevinskyi_1395401640,Dmytro Derevinskyi,1,1,52,39,13,91,2021-07-24 20:40:00,504178
Yuliia Yemelianenko_168676,Yuliia Yemelianenko,1,1,44,45,-1,89,2021-07-24 20:45:00,504179
Serhii Pokidko_342130637,Serhii Pokidko,2,1,47,36,11,83,2021-07-24 20:45:00,504180
E Mishutin_124598,E Mishutin,-2,0,32,42,-10,74,2021-07-24 20:47:00,504181
А Монаков_124666,А Монаков,2,1,45,36,9,81,2021-07-24 20:48:00,504182
Yaroslav Tebenko_168613,Yaroslav Tebenko,-2,0,40,45,-5,85,2021-07-24 20:50:00,504183
Denys Shcherbak_909837077,Denys Shcherbak,-2,0,31,46,-15,77,2021-07-24 20:50:00,504184
Serhii Mishchenko_168702,Serhii Mishchenko,3,1,33,21,12,54,2021-07-24 20:50:00,504185
Nikita Vilenchyts_168799,Nikita Vilenchyts,-2,0,37,44,-7,81,2021-07-24 20:55:00,504186
Roman Shtukovanyi_1052918772,Roman Shtukovanyi,-3,0,18,34,-16,52,2021-07-24 20:55:00,504187
Filip Marat_168759,Filip Marat,1,1,48,44,4,92,2021-07-24 21:00:00,504188
Igor Demchuk_1666532885,Igor Demchuk,-2,0,33,41,-8,74,2021-07-24 21:00:00,504189
Anatolii Kovalenko_169018,Anatolii Kovalenko,1,1,45,46,-1,91,2021-07-24 21:00:00,504190
Ji Louda_27925,Ji Louda,1,1,48,45,3,93,2021-07-24 21:01:00,504191
E Makarenkov_124632,E Makarenkov,-2,0,25,43,-18,68,2021-07-24 21:04:00,504192
Oleksandr Kasatiy_2025651607,Oleksandr Kasatiy,1,1,45,44,1,89,2021-07-24 21:05:00,504193
Anastasiia Ostapenko_168638,Anastasiia Ostapenko,1,1,51,46,5,97,2021-07-24 21:05:00,504194
Tamara Kravchuk_168653,Tamara Kravchuk,-1,0,38,44,-6,82,2021-07-24 21:10:00,504195
Roman Cherevko_188133495,Roman Cherevko,3,1,39,31,8,70,2021-07-24 21:10:00,504196
Oleksandr Yarovoi_1654359025,Oleksandr Yarovoi,-3,0,21,33,-12,54,2021-07-24 21:15:00,504197
Alena Petlenko_168677,Alena Petlenko,2,1,39,27,12,66,2021-07-24 21:15:00,504198
A Yudin_124599,A Yudin,3,1,38,31,7,69,2021-07-24 21:17:00,504199
A Silantev_124667,A Silantev,1,1,46,42,4,88,2021-07-24 21:18:00,504200
Vitalii Klimov_168703,Vitalii Klimov,-1,0,37,50,-13,87,2021-07-24 21:20:00,504201
Oleh Hudyma_168614,Oleh Hudyma,-1,0,43,46,-3,89,2021-07-24 21:20:00,504202
Dmytro Derevinskyi_106780340,Dmytro Derevinskyi,2,1,42,26,16,68,2021-07-24 21:20:00,504203
A Alekseyev_124633,A Alekseyev,-1,0,50,49,1,99,2021-07-24 21:21:00,504204
Oleksii Haponov_802921820,Oleksii Haponov,-3,0,15,33,-18,48,2021-07-24 21:25:00,504205
K Brozik_27926,K Brozik,-1,0,44,47,-3,91,2021-07-24 21:30:00,504206
Yevhenii Holoborodko_20302969,Yevhenii Holoborodko,-3,0,20,33,-13,53,2021-07-24 21:30:00,504207
Dominik Pasek_168760,Dominik Pasek,-1,0,46,50,-4,96,2021-07-24 21:30:00,504208
Ihor Matsehora_1026699122,Ihor Matsehora,3,1,35,22,13,57,2021-07-24 21:35:00,504209
Yevheniia Severyna_168639,Yevheniia Severyna,-1,0,45,45,0,90,2021-07-24 21:35:00,504210
Pavlo Babenko_169019,Pavlo Babenko,2,1,44,35,9,79,2021-07-24 21:35:00,504211
Olha Panchyshyn_168664,Olha Panchyshyn,2,1,44,40,4,84,2021-07-24 21:40:00,504212
Oleksandr Staryi_1864340789,Oleksandr Staryi,-3,0,29,36,-7,65,2021-07-24 21:40:00,504213
Diana Dushyna_168678,Diana Dushyna,-2,0,37,47,-10,84,2021-07-24 21:45:00,504214
Serhii Ponomarenko_1886351930,Serhii Ponomarenko,-3,0,26,34,-8,60,2021-07-24 21:45:00,504215
E Mishutin_124600,E Mishutin,-2,0,39,44,-5,83,2021-07-24 21:46:00,504216
А Монаков_124668,А Монаков,-3,0,27,35,-8,62,2021-07-24 21:48:00,504217
E Makarenkov_124634,E Makarenkov,2,1,42,34,8,76,2021-07-24 21:49:00,504218
Egor Kovpak_168704,Egor Kovpak,1,1,51,38,13,89,2021-07-24 21:50:00,504219
Vitalii Solovei_1812845454,Vitalii Solovei,-1,0,49,45,4,94,2021-07-24 21:50:00,504220
Yaroslav Tebenko_168615,Yaroslav Tebenko,1,1,47,41,6,88,2021-07-24 21:50:00,504221
Dmytro Derevinskyi_286334389,Dmytro Derevinskyi,-1,0,40,50,-10,90,2021-07-24 21:55:00,504222
Denys Shcherbak_389041842,Denys Shcherbak,2,1,42,39,3,81,2021-07-24 22:00:00,504223
M Huk_27927,M Huk,3,1,33,24,9,57,2021-07-24 22:00:00,504224
Dominik Pasek_168761,Dominik Pasek,1,1,47,43,4,90,2021-07-24 22:00:00,504225
Anastasiia Ostapenko_168640,Anastasiia Ostapenko,3,1,33,18,15,51,2021-07-24 22:05:00,504226
Roman Sukhomlyn_106622756,Roman Sukhomlyn,-2,0,35,41,-6,76,2021-07-24 22:05:00,504227
Nikita Vilenchyts_169020,Nikita Vilenchyts,1,1,45,38,7,83,2021-07-24 22:05:00,504228
I Mihaylov_124635,I Mihaylov,3,1,33,22,11,55,2021-07-24 22:06:00,504229
Samvel Melkumian_304976014,Samvel Melkumian,3,1,33,16,17,49,2021-07-24 22:10:00,504230
Tamara Kravchuk_168655,Tamara Kravchuk,-3,0,18,33,-15,51,2021-07-24 22:10:00,504231
A Klavdenkov_124601,A Klavdenkov,2,1,37,33,4,70,2021-07-24 22:15:00,504232
Oleksandr Kasatiy_1577464167,Oleksandr Kasatiy,-1,0,49,48,1,97,2021-07-24 22:15:00,504233
Alena Petlenko_168679,Alena Petlenko,-3,0,19,33,-14,52,2021-07-24 22:15:00,504234
K Puzankov_124669,K Puzankov,-1,0,46,47,-1,93,2021-07-24 22:16:00,504235
Oleh Sapuzhak_168616,Oleh Sapuzhak,1,1,55,50,5,105,2021-07-24 22:20:00,504236
Valentyn Lutsenko_168705,Valentyn Lutsenko,-3,0,22,33,-11,55,2021-07-24 22:20:00,504237
Yevhenii Kryvorotko_184766278,Yevhenii Kryvorotko,1,1,52,45,7,97,2021-07-24 22:20:00,504238
Vadym Komar_2065622050,Vadym Komar,2,1,53,47,6,100,2021-07-24 22:25:00,504239
Jr. Mecl_27928,Jr. Mecl,-1,0,42,47,-5,89,2021-07-24 22:30:00,504240
Filip Marat_168762,Filip Marat,1,1,42,35,7,77,2021-07-24 22:30:00,504241
A Alekseyev_124834,A Alekseyev,3,1,35,19,16,54,2021-07-24 22:31:00,504242
Viktoriia Husieva_168641,Viktoriia Husieva,-1,0,53,56,-3,109,2021-07-24 22:35:00,504243
Olha Kostiuk_168665,Olha Kostiuk,1,1,51,44,7,95,2021-07-24 22:40:00,504244
Viktor Bosak_1428257054,Viktor Bosak,-1,0,47,51,-4,98,2021-07-24 22:45:00,504245
Marharyta Saltanovska_168680,Marharyta Saltanovska,2,1,38,39,-1,77,2021-07-24 22:45:00,504246
E Mishutin_124836,E Mishutin,-3,0,25,33,-8,58,2021-07-24 22:47:00,504247
Serhii Mishchenko_168706,Serhii Mishchenko,-3,0,18,33,-15,51,2021-07-24 22:50:00,504248
K Puzankov_124838,K Puzankov,-2,0,35,49,-14,84,2021-07-24 22:54:00,504249
M Huk_27929,M Huk,-2,0,38,41,-3,79,2021-07-24 23:00:00,504250
Petr Semrad_168763,Petr Semrad,-2,0,34,40,-6,74,2021-07-24 23:00:00,504251
Dmitriy Lebed_131139312,Dmitriy Lebed,-1,0,45,51,-6,96,2021-07-24 23:00:00,504252
D Tikhnenko_124835,D Tikhnenko,2,1,38,33,5,71,2021-07-24 23:00:00,504253
A Klavdenkov_124837,A Klavdenkov,3,1,33,19,14,52,2021-07-24 23:17:00,504254
Egor Kovpak_168707,Egor Kovpak,3,1,33,21,12,54,2021-07-24 23:20:00,504255
A Golovinskii_124839,A Golovinskii,1,1,48,42,6,90,2021-07-24 23:22:00,504256
Viacheslav Kovalenko_1985739763,Viacheslav Kovalenko,3,1,33,15,18,48,2021-07-24 23:30:00,504257
Filip Marat_168764,Filip Marat,-1,0,44,51,-7,95,2021-07-24 23:30:00,504258
K Brozik_27930,K Brozik,2,1,39,37,2,76,2021-07-24 23:31:00,504259
T Turabekov_124636,T Turabekov,-1,0,47,50,-3,97,2021-07-24 23:31:00,504260
O Kutuzov_124602,O Kutuzov,-3,0,20,34,-14,54,2021-07-24 23:45:00,504261
Aleksandr Tulenin_115966029,Aleksandr Tulenin,3,1,34,24,10,58,2021-07-24 23:45:00,504262
Igor Trydukh_168708,Igor Trydukh,3,1,40,25,15,65,2021-07-24 23:50:00,504263
A Petrov_124670,A Petrov,-2,0,36,44,-8,80,2021-07-24 23:53:00,504264
Dmitriy Lebed_834171064,Dmitriy Lebed,2,1,44,34,10,78,2021-07-25 00:00:00,504265
Ji Louda_27979,Ji Louda,1,1,49,43,6,92,2021-07-25 00:02:00,504266
R Pavlenko_124637,R Pavlenko,3,1,33,16,17,49,2021-07-25 00:02:00,504267
Mykhailo Diachenko_168711,Mykhailo Diachenko,2,1,52,48,4,100,2021-07-25 00:05:00,504268
Petr Vanecek_169021,Petr Vanecek,2,1,41,35,6,76,2021-07-25 00:10:00,504269
A Vlasov_124603,A Vlasov,-2,0,41,44,-3,85,2021-07-25 00:15:00,504270
Viktor Kotov_1313590799,Viktor Kotov,3,1,34,22,12,56,2021-07-25 00:15:00,504271
Egor Kovpak_168709,Egor Kovpak,1,1,49,45,4,94,2021-07-25 00:20:00,504272
Oleksandr Liushnia_168726,Oleksandr Liushnia,-2,0,22,42,-20,64,2021-07-25 00:25:00,504273
S Martyukhin_124671,S Martyukhin,-2,0,36,38,-2,74,2021-07-25 00:25:00,504274
M Huk_27980,M Huk,1,1,48,45,3,93,2021-07-25 00:30:00,504275
Viacheslav Kovalenko_1280116676,Viacheslav Kovalenko,2,1,46,40,6,86,2021-07-25 00:30:00,504276
S Ogai_124638,S Ogai,1,1,48,42,6,90,2021-07-25 00:32:00,504277
Yevhenii Sokoltsov_168712,Yevhenii Sokoltsov,1,1,51,46,5,97,2021-07-25 00:35:00,504278
Dominik Pasek_169022,Dominik Pasek,2,1,44,39,5,83,2021-07-25 00:40:00,504279
Aleksandr Tulenin_1712372786,Aleksandr Tulenin,-1,0,42,46,-4,88,2021-07-25 00:45:00,504280
Vitalii Klimov_168710,Vitalii Klimov,-2,0,24,41,-17,65,2021-07-25 00:50:00,504281
D Evlahin_124604,D Evlahin,1,1,48,39,9,87,2021-07-25 00:53:00,504282
Oleksandr Lysenko_168727,Oleksandr Lysenko,-2,0,37,43,-6,80,2021-07-25 00:55:00,504283
A Girevenkov_124672,A Girevenkov,-2,0,28,37,-9,65,2021-07-25 00:56:00,504284
Dmitriy Lebed_1920032780,Dmitriy Lebed,3,1,33,15,18,48,2021-07-25 01:00:00,504285
K Churin_124639,K Churin,3,1,33,20,13,53,2021-07-25 01:02:00,504286
Viktor Vakhrushev_168713,Viktor Vakhrushev,3,1,33,25,8,58,2021-07-25 01:05:00,504287
Viktor Trachuk_876868607,Viktor Trachuk,2,1,38,27,11,65,2021-07-25 01:15:00,504288
A Ilin_124605,A Ilin,1,1,48,37,11,85,2021-07-25 01:16:00,504289
A Serebrennikov_124673,A Serebrennikov,2,1,41,29,12,70,2021-07-25 01:23:00,504290
Oleksandr Kovalchuk_168728,Oleksandr Kovalchuk,-1,0,46,50,-4,96,2021-07-25 01:25:00,504291
Andriy Zaitsev_825890560,Andriy Zaitsev,2,1,38,28,10,66,2021-07-25 01:30:00,504292
R Pavlenko_124640,R Pavlenko,3,1,33,25,8,58,2021-07-25 01:30:00,504293
Yevhenii Sokoltsov_168714,Yevhenii Sokoltsov,2,1,47,40,7,87,2021-07-25 01:35:00,504294
Viktor Kotov_1072648159,Viktor Kotov,-2,0,28,40,-12,68,2021-07-25 01:45:00,504295
A Vlasov_124606,A Vlasov,1,1,49,42,7,91,2021-07-25 01:47:00,504296
S Martyukhin_124674,S Martyukhin,-2,0,41,47,-6,88,2021-07-25 01:54:00,504297
Oleksandr Lysenko_168729,Oleksandr Lysenko,-3,0,21,33,-12,54,2021-07-25 01:55:00,504298
K Churin_124641,K Churin,-2,0,32,42,-10,74,2021-07-25 02:00:00,504299
Dmitriy Lebed_1798117084,Dmitriy Lebed,-3,0,19,33,-14,52,2021-07-25 02:00:00,504300
Mykhailo Diachenko_168715,Mykhailo Diachenko,-1,0,43,51,-8,94,2021-07-25 02:05:00,504301
Aleksandr Tulenin_1356236667,Aleksandr Tulenin,-3,0,19,33,-14,52,2021-07-25 02:15:00,504302
A Ilin_124607,A Ilin,2,1,40,34,6,74,2021-07-25 02:17:00,504303
A Serebrennikov_124675,A Serebrennikov,1,1,48,43,5,91,2021-07-25 02:25:00,504304
Oleksandr Liushnia_168730,Oleksandr Liushnia,-2,0,39,43,-4,82,2021-07-25 02:25:00,504305
Viacheslav Kovalenko_18969933,Viacheslav Kovalenko,-1,0,52,54,-2,106,2021-07-25 02:30:00,504306
V Putilovsky_124642,V Putilovsky,-3,0,26,34,-8,60,2021-07-25 02:30:00,504307
Artem Lisechko_168716,Artem Lisechko,-1,0,47,45,2,92,2021-07-25 02:35:00,504308
Viktor Trachuk_104011162,Viktor Trachuk,1,1,40,45,-5,85,2021-07-25 02:45:00,504309
Yu Lbov_124608,Yu Lbov,1,1,47,45,2,92,2021-07-25 02:47:00,504310
Dmytro Rehotun_168731,Dmytro Rehotun,2,1,43,31,12,74,2021-07-25 02:55:00,504311
Dmitriy Lebed_834205019,Dmitriy Lebed,1,1,45,42,3,87,2021-07-25 03:00:00,504312
S Ogai_124643,S Ogai,1,1,42,43,-1,85,2021-07-25 03:01:00,504313
Viktor Vakhrushev_168717,Viktor Vakhrushev,1,1,48,44,4,92,2021-07-25 03:05:00,504314
E Kalashnikov_124676,E Kalashnikov,-2,0,28,43,-15,71,2021-07-25 03:15:00,504315
Viktor Kotov_1400479547,Viktor Kotov,2,1,48,42,6,90,2021-07-25 03:15:00,504316
D Evlahin_124609,D Evlahin,1,1,47,41,6,88,2021-07-25 03:18:00,504317
Oleksandr Kovalchuk_168732,Oleksandr Kovalchuk,2,1,41,32,9,73,2021-07-25 03:25:00,504318
Viacheslav Kovalenko_1292501331,Viacheslav Kovalenko,2,1,44,40,4,84,2021-07-25 03:30:00,504319
T Turabekov_124644,T Turabekov,2,1,46,39,7,85,2021-07-25 03:32:00,504320
Yevhenii Sokoltsov_168718,Yevhenii Sokoltsov,-2,0,36,38,-2,74,2021-07-25 03:35:00,504321
A Girevenkov_124677,A Girevenkov,-3,0,26,33,-7,59,2021-07-25 03:41:00,504322
O Kutuzov_124610,O Kutuzov,-1,0,46,51,-5,97,2021-07-25 03:45:00,504323
Vladimir Malashevsky_125934020,Vladimir Malashevsky,-3,0,16,33,-17,49,2021-07-25 03:45:00,504324
Oleksandr Lysenko_168733,Oleksandr Lysenko,-2,0,36,48,-12,84,2021-07-25 03:55:00,504325
Dmitriy Lebed_1919922855,Dmitriy Lebed,-2,0,33,39,-6,72,2021-07-25 04:00:00,504326
V Putilovsky_124645,V Putilovsky,1,1,50,43,7,93,2021-07-25 04:01:00,504327
A Petrov_124678,A Petrov,3,1,33,19,14,52,2021-07-25 04:02:00,504328
Mykhailo Diachenko_168719,Mykhailo Diachenko,2,1,36,34,2,70,2021-07-25 04:05:00,504329
Aleksandr Tulenin_871951081,Aleksandr Tulenin,-2,0,39,40,-1,79,2021-07-25 04:15:00,504330
Yu Lbov_124611,Yu Lbov,-3,0,19,34,-15,53,2021-07-25 04:17:00,504331
E Kalashnikov_124679,E Kalashnikov,-2,0,37,42,-5,79,2021-07-25 04:22:00,504332
Oleksandr Liushnia_168734,Oleksandr Liushnia,-2,0,37,38,-1,75,2021-07-25 04:25:00,504333
Andriy Zaitsev_58511975,Andriy Zaitsev,1,1,50,36,14,86,2021-07-25 04:30:00,504334
Artem Lisechko_168720,Artem Lisechko,-1,0,46,49,-3,95,2021-07-25 04:35:00,504335
V Putilovsky_124840,V Putilovsky,2,1,35,29,6,64,2021-07-25 04:36:00,504336
Aleksandr Tulenin_183011316,Aleksandr Tulenin,3,1,33,13,20,46,2021-07-25 04:45:00,504337
Yu Lbov_124842,Yu Lbov,-3,0,25,33,-8,58,2021-07-25 04:46:00,504338
E Kalashnikov_124844,E Kalashnikov,1,1,54,46,8,100,2021-07-25 04:48:00,504339
Dmytro Rehotun_168735,Dmytro Rehotun,-2,0,27,37,-10,64,2021-07-25 04:55:00,504340
T Turabekov_124841,T Turabekov,2,1,40,24,16,64,2021-07-25 05:02:00,504341
Viktor Vakhrushev_168721,Viktor Vakhrushev,-1,0,46,43,3,89,2021-07-25 05:05:00,504342
Oleh Formaziuk_96188036,Oleh Formaziuk,-3,0,16,33,-17,49,2021-07-25 05:15:00,504343
A Ilin_124843,A Ilin,-2,0,26,41,-15,67,2021-07-25 05:15:00,504344
A Petrov_124845,A Petrov,-3,0,30,37,-7,67,2021-07-25 05:18:00,504345
Oleksandr Kovalchuk_168736,Oleksandr Kovalchuk,3,1,42,31,11,73,2021-07-25 05:25:00,504346
Mykhailo Diachenko_168722,Mykhailo Diachenko,-1,0,45,46,-1,91,2021-07-25 05:35:00,504347
Oleksandr Liushnia_168737,Oleksandr Liushnia,1,1,47,48,-1,95,2021-07-25 05:55:00,504348
Vitalii Kobets_168723,Vitalii Kobets,-2,0,35,43,-8,78,2021-07-25 06:05:00,504349
Oleksandr Gomilko_168738,Oleksandr Gomilko,-3,0,19,33,-14,52,2021-07-25 06:25:00,504350
Mykhailo Diachenko_168724,Mykhailo Diachenko,3,1,33,18,15,51,2021-07-25 06:35:00,504351
Oleksandr Liushnia_168739,Oleksandr Liushnia,3,1,33,27,6,60,2021-07-25 06:55:00,504352
Yevhenii Sokoltsov_168725,Yevhenii Sokoltsov,2,1,42,28,14,70,2021-07-25 07:05:00,504353
Oleksandr Lysenko_168740,Oleksandr Lysenko,-3,0,18,33,-15,51,2021-07-25 07:25:00,504354
O Belugin_124744,O Belugin,-2,0,31,40,-9,71,2021-07-25 07:30:00,504355
V Bazilevskiy_124778,V Bazilevskiy,2,1,40,33,7,73,2021-07-25 07:46:00,504356
Mykola Belia_168806,Mykola Belia,2,1,37,36,1,73,2021-07-25 07:50:00,504357
Nikita Trofimov_2041268702,Nikita Trofimov,-3,0,23,33,-10,56,2021-07-25 07:50:00,504358
V Staroverov_124710,V Staroverov,-1,0,45,50,-5,95,2021-07-25 07:52:00,504359
Serhii Kinash_370131819,Serhii Kinash,1,1,47,45,2,92,2021-07-25 07:55:00,504360
Anatolii Kovalenko_168816,Anatolii Kovalenko,-2,0,35,43,-8,78,2021-07-25 08:00:00,504361
A Vorozheykin_124745,A Vorozheykin,-2,0,33,41,-8,74,2021-07-25 08:00:00,504362
Anastasiia Ostapenko_168826,Anastasiia Ostapenko,2,1,44,33,11,77,2021-07-25 08:05:00,504363
Tamara Kravchuk_168836,Tamara Kravchuk,-3,0,21,34,-13,55,2021-07-25 08:10:00,504364
Yaroslava Pachich_168851,Yaroslava Pachich,-3,0,17,33,-16,50,2021-07-25 08:15:00,504365
A Golyshev_124779,A Golyshev,-1,0,48,48,0,96,2021-07-25 08:16:00,504366
R Agababyan_124711,R Agababyan,-3,0,24,33,-9,57,2021-07-25 08:19:00,504367
Oleh Hudyma_168807,Oleh Hudyma,1,1,52,44,8,96,2021-07-25 08:20:00,504368
Serhii Tsybulin_2040889470,Serhii Tsybulin,1,1,51,41,10,92,2021-07-25 08:25:00,504369
Mykhailo Presniakov_1984080583,Mykhailo Presniakov,3,1,34,25,9,59,2021-07-25 08:30:00,504370
Serhii Solomko_168817,Serhii Solomko,1,1,49,40,9,89,2021-07-25 08:30:00,504371
G Karpovkin_124746,G Karpovkin,3,1,36,26,10,62,2021-07-25 08:30:00,504372
Yevheniia Severyna_168827,Yevheniia Severyna,-3,0,27,36,-9,63,2021-07-25 08:35:00,504373
Vadim Sidorenko_1927196726,Vadim Sidorenko,2,1,41,37,4,78,2021-07-25 08:35:00,504374
Olha Kostiuk_168837,Olha Kostiuk,2,1,39,28,11,67,2021-07-25 08:40:00,504375
Ulyana Palamarchuk_742114737,Ulyana Palamarchuk,-3,0,19,33,-14,52,2021-07-25 08:40:00,504376
Tetyana Mudrak_168852,Tetyana Mudrak,1,1,43,50,-7,93,2021-07-25 08:45:00,504377
Igor Demchuk_1556316442,Igor Demchuk,2,1,43,30,13,73,2021-07-25 08:45:00,504378
E Golovachev_124780,E Golovachev,-1,0,46,52,-6,98,2021-07-25 08:46:00,504379
O Kharlakin_124712,O Kharlakin,-2,0,30,43,-13,73,2021-07-25 08:46:00,504380
Artem Yurkov_168866,Artem Yurkov,3,1,33,24,9,57,2021-07-25 08:50:00,504381
Mykola Belia_168808,Mykola Belia,-3,0,17,33,-16,50,2021-07-25 08:50:00,504382
Nazarii Danyliuk_834699687,Nazarii Danyliuk,1,1,52,55,-3,107,2021-07-25 08:50:00,504383
Dmytro Dubrovin_869725233,Dmytro Dubrovin,1,1,50,43,7,93,2021-07-25 08:55:00,504384
Oleksii Hrymovskyi_168881,Oleksii Hrymovskyi,3,1,35,26,9,61,2021-07-25 08:55:00,504385
Frantisek Camr_168991,Frantisek Camr,2,1,42,20,22,62,2021-07-25 09:00:00,504386
Anatolii Kovalenko_168818,Anatolii Kovalenko,-1,0,47,50,-3,97,2021-07-25 09:00:00,504387
Oleksandr Levadnyi_640530896,Oleksandr Levadnyi,3,1,33,13,20,46,2021-07-25 09:00:00,504388
M Chernyavskiy_124747,M Chernyavskiy,3,1,33,17,16,50,2021-07-25 09:01:00,504389
Ja Prokupek_27963,Ja Prokupek,-2,0,33,34,-1,67,2021-07-25 09:02:00,504390
Dmytro Shukin_2035169596,Dmytro Shukin,2,1,43,40,3,83,2021-07-25 09:05:00,504391
Anastasiia Ostapenko_168828,Anastasiia Ostapenko,1,1,37,43,-6,80,2021-07-25 09:05:00,504392
Kyrylo Yehorov_1711751349,Kyrylo Yehorov,2,1,42,31,11,73,2021-07-25 09:10:00,504393
Anastasia Degteva_168838,Anastasia Degteva,3,1,33,19,14,52,2021-07-25 09:10:00,504394
Iryna Aseieva_2141572578,Iryna Aseieva,3,1,35,20,15,55,2021-07-25 09:15:00,504395
Marharyta Saltanovska_168853,Marharyta Saltanovska,3,1,33,20,13,53,2021-07-25 09:15:00,504396
S Lanovenko_124713,S Lanovenko,1,1,47,37,10,84,2021-07-25 09:16:00,504397
S Skotnikov_124781,S Skotnikov,1,1,48,45,3,93,2021-07-25 09:16:00,504398
Andrii Dombrovskyi_168867,Andrii Dombrovskyi,-1,0,48,53,-5,101,2021-07-25 09:20:00,504399
Yaroslav Tebenko_168809,Yaroslav Tebenko,-1,0,53,54,-1,107,2021-07-25 09:20:00,504400
Oleksandr Medvedyev_1839933477,Oleksandr Medvedyev,3,1,34,23,11,57,2021-07-25 09:20:00,504401
Serhii Tkachev_168882,Serhii Tkachev,2,1,43,36,7,79,2021-07-25 09:25:00,504402
Volodymyr Plishylo_295430526,Volodymyr Plishylo,3,1,37,30,7,67,2021-07-25 09:25:00,504403
G Karpovkin_124748,G Karpovkin,-2,0,29,36,-7,65,2021-07-25 09:30:00,504404
Lukas Hobl_168992,Lukas Hobl,-3,0,16,33,-17,49,2021-07-25 09:30:00,504405
Yurii Teteria_1640416256,Yurii Teteria,1,1,46,46,0,92,2021-07-25 09:30:00,504406
Volodymyr Melnykov_168819,Volodymyr Melnykov,-3,0,20,33,-13,53,2021-07-25 09:30:00,504407
P Pycha_27964,P Pycha,3,1,33,22,11,55,2021-07-25 09:30:00,504408
Serhii Tsybulin_1386187536,Serhii Tsybulin,1,1,53,53,0,106,2021-07-25 09:35:00,504409
Alina Stefaniuk_168829,Alina Stefaniuk,-1,0,53,55,-2,108,2021-07-25 09:35:00,504410
Olha Kostiuk_168839,Olha Kostiuk,-3,0,20,33,-13,53,2021-07-25 09:40:00,504411
Mykhailo Presniakov_1837245331,Mykhailo Presniakov,-1,0,48,50,-2,98,2021-07-25 09:40:00,504412
Tetyana Mudrak_168854,Tetyana Mudrak,-2,0,25,40,-15,65,2021-07-25 09:45:00,504413
Vadim Sidorenko_303111588,Vadim Sidorenko,1,1,52,46,6,98,2021-07-25 09:45:00,504414
O Kharlakin_124714,O Kharlakin,2,1,43,28,15,71,2021-07-25 09:46:00,504415
E Golovachev_124782,E Golovachev,-3,0,22,33,-11,55,2021-07-25 09:48:00,504416
Ulyana Palamarchuk_1811877245,Ulyana Palamarchuk,-2,0,32,42,-10,74,2021-07-25 09:50:00,504417
Oleh Hudyma_168810,Oleh Hudyma,3,1,33,18,15,51,2021-07-25 09:50:00,504418
Illia Udod_168868,Illia Udod,-1,0,58,59,-1,117,2021-07-25 09:50:00,504419
Igor Demchuk_18755093,Igor Demchuk,-3,0,20,33,-13,53,2021-07-25 09:55:00,504420
Oleksii Hrymovskyi_168883,Oleksii Hrymovskyi,3,1,33,18,15,51,2021-07-25 09:55:00,504421
A Vorozheykin_124749,A Vorozheykin,-1,0,42,46,-4,88,2021-07-25 10:00:00,504422
Serhii Solomko_168820,Serhii Solomko,-1,0,34,43,-9,77,2021-07-25 10:00:00,504423
Nazarii Danyliuk_758594971,Nazarii Danyliuk,3,1,34,25,9,59,2021-07-25 10:00:00,504424
Lukas Hobl_168993,Lukas Hobl,2,1,43,34,9,77,2021-07-25 10:00:00,504425
R Pavelka_27965,R Pavelka,-2,0,43,50,-7,93,2021-07-25 10:01:00,504426
Yevheniia Severyna_168830,Yevheniia Severyna,3,1,33,18,15,51,2021-07-25 10:05:00,504427
Dmytro Dubrovin_1183697002,Dmytro Dubrovin,-1,0,46,50,-4,96,2021-07-25 10:05:00,504428
Nikita Trofimov_517678478,Nikita Trofimov,-3,0,21,33,-12,54,2021-07-25 10:10:00,504429
Tamara Kravchuk_168840,Tamara Kravchuk,-1,0,45,50,-5,95,2021-07-25 10:10:00,504430
Serhii Kinash_36593619,Serhii Kinash,1,1,49,54,-5,103,2021-07-25 10:15:00,504431
Yaroslava Pachich_168855,Yaroslava Pachich,-3,0,20,34,-14,54,2021-07-25 10:15:00,504432
R Agababyan_124715,R Agababyan,-2,0,34,44,-10,78,2021-07-25 10:16:00,504433
A Golyshev_124783,A Golyshev,-1,0,49,47,2,96,2021-07-25 10:17:00,504434
Andrii Dombrovskyi_168869,Andrii Dombrovskyi,-2,0,39,41,-2,80,2021-07-25 10:20:00,504435
Mykola Belia_168811,Mykola Belia,-2,0,24,38,-14,62,2021-07-25 10:20:00,504436
Kyrylo Yehorov_728561998,Kyrylo Yehorov,1,1,47,42,5,89,2021-07-25 10:20:00,504437
Tatiana Tatianina_317097991,Tatiana Tatianina,-1,0,51,55,-4,106,2021-07-25 10:25:00,504438
Oleksandr Mishchenko_168884,Oleksandr Mishchenko,2,1,40,34,6,74,2021-07-25 10:25:00,504439
Igor Vatsyn_1336471296,Igor Vatsyn,-3,0,16,33,-17,49,2021-07-25 10:30:00,504440
Anatolii Kovalenko_168821,Anatolii Kovalenko,1,1,46,46,0,92,2021-07-25 10:30:00,504441
L Adamec_27966,L Adamec,2,1,42,34,8,76,2021-07-25 10:30:00,504442
Frantisek Camr_168994,Frantisek Camr,-1,0,51,59,-8,110,2021-07-25 10:30:00,504443
A Vorozheykin_124846,A Vorozheykin,2,1,45,34,11,79,2021-07-25 10:32:00,504444
Andrii Hordii_143482124,Andrii Hordii,-3,0,20,33,-13,53,2021-07-25 10:35:00,504445
Anastasiia Ostapenko_168831,Anastasiia Ostapenko,-1,0,44,41,3,85,2021-07-25 10:35:00,504446
Aniuta Muliarchuk_168841,Aniuta Muliarchuk,-3,0,28,34,-6,62,2021-07-25 10:40:00,504447
Sergey Filatov_1443759865,Sergey Filatov,3,1,33,23,10,56,2021-07-25 10:40:00,504448
Yevhen Masko_1518211783,Yevhen Masko,2,1,46,40,6,86,2021-07-25 10:45:00,504449
Karina Zharkova_168856,Karina Zharkova,-3,0,23,33,-10,56,2021-07-25 10:45:00,504450
A Golyshev_124851,A Golyshev,-1,0,48,49,-1,97,2021-07-25 10:47:00,504451
R Agababyan_124848,R Agababyan,-3,0,19,33,-14,52,2021-07-25 10:48:00,504452
Oleksandr Semenets_1314473270,Oleksandr Semenets,-1,0,49,50,-1,99,2021-07-25 10:50:00,504453
Oleh Hudyma_168812,Oleh Hudyma,-3,0,22,33,-11,55,2021-07-25 10:50:00,504454
Artem Yurkov_168870,Artem Yurkov,-1,0,41,48,-7,89,2021-07-25 10:50:00,504455
Vadim Sidorenko_1138143077,Vadim Sidorenko,-1,0,43,49,-6,92,2021-07-25 10:55:00,504456
Serhii Tkachev_168885,Serhii Tkachev,-1,0,46,54,-8,100,2021-07-25 10:55:00,504457
R Pavelka_27967,R Pavelka,1,1,55,55,0,110,2021-07-25 11:00:00,504458
Iryna Aseieva_138290913,Iryna Aseieva,-2,0,35,44,-9,79,2021-07-25 11:00:00,504459
Serhii Solomko_168822,Serhii Solomko,-3,0,14,33,-19,47,2021-07-25 11:00:00,504460
G Karpovkin_124847,G Karpovkin,-1,0,36,49,-13,85,2021-07-25 11:00:00,504461
Jan Zajicek_168995,Jan Zajicek,3,1,33,16,17,49,2021-07-25 11:00:00,504462
Yevheniia Severyna_168832,Yevheniia Severyna,3,1,33,19,14,52,2021-07-25 11:05:00,504463
Oleksandr Medvedyev_1705566187,Oleksandr Medvedyev,-2,0,36,40,-4,76,2021-07-25 11:05:00,504464
Volodymyr Plishylo_806842093,Volodymyr Plishylo,-3,0,16,33,-17,49,2021-07-25 11:10:00,504465
Anastasia Degteva_168842,Anastasia Degteva,-1,0,45,49,-4,94,2021-07-25 11:10:00,504466
Yurii Teteria_1644917218,Yurii Teteria,2,1,42,30,12,72,2021-07-25 11:15:00,504467
O Kharlakin_124849,O Kharlakin,2,1,45,40,5,85,2021-07-25 11:15:00,504468
Marharyta Saltanovska_168857,Marharyta Saltanovska,-1,0,45,49,-4,94,2021-07-25 11:15:00,504469
S Skotnikov_124850,S Skotnikov,3,1,33,20,13,53,2021-07-25 11:16:00,504470
Oleksandr Levadnyi_1784297999,Oleksandr Levadnyi,-1,0,45,47,-2,92,2021-07-25 11:20:00,504471
Dmytro Lazuryk_168871,Dmytro Lazuryk,-2,0,34,36,-2,70,2021-07-25 11:20:00,504472
Yaroslav Tebenko_168813,Yaroslav Tebenko,-1,0,49,55,-6,104,2021-07-25 11:20:00,504473
Dmytro Shukin_1196663674,Dmytro Shukin,2,1,43,37,6,80,2021-07-25 11:25:00,504474
Oleksii Hrymovskyi_168886,Oleksii Hrymovskyi,1,1,56,51,5,107,2021-07-25 11:25:00,504475
Volodymyr Melnykov_168823,Volodymyr Melnykov,3,1,39,27,12,66,2021-07-25 11:30:00,504476
Vitalii Krivenko_1691232124,Vitalii Krivenko,3,1,33,20,13,53,2021-07-25 11:30:00,504477
Frantisek Camr_168996,Frantisek Camr,-2,0,36,44,-8,80,2021-07-25 11:30:00,504478
S Maksakov_124750,S Maksakov,3,1,33,18,15,51,2021-07-25 11:32:00,504479
Alina Stefaniuk_168833,Alina Stefaniuk,3,1,34,19,15,53,2021-07-25 11:35:00,504480
Ulyana Palamarchuk_146968467,Ulyana Palamarchuk,-3,0,23,33,-10,56,2021-07-25 11:35:00,504481
P Pycha_27968,P Pycha,-1,0,37,50,-13,87,2021-07-25 11:36:00,504482
Olha Kostiuk_168843,Olha Kostiuk,3,1,33,25,8,58,2021-07-25 11:40:00,504483
Igor Demchuk_863685964,Igor Demchuk,3,1,33,25,8,58,2021-07-25 11:40:00,504484
Nazarii Danyliuk_1035078703,Nazarii Danyliuk,-2,0,37,41,-4,78,2021-07-25 11:45:00,504485
Tetyana Mudrak_168858,Tetyana Mudrak,-2,0,30,41,-11,71,2021-07-25 11:45:00,504486
I Matveyev_124784,I Matveyev,-2,0,33,46,-13,79,2021-07-25 11:46:00,504487
I Novikov_124716,I Novikov,-3,0,17,33,-16,50,2021-07-25 11:46:00,504488
Dmytro Dubrovin_667570265,Dmytro Dubrovin,-1,0,58,59,-1,117,2021-07-25 11:50:00,504489
Illia Udod_168872,Illia Udod,-2,0,36,46,-10,82,2021-07-25 11:50:00,504490
Mykola Belia_168814,Mykola Belia,-1,0,48,47,1,95,2021-07-25 11:50:00,504491
Serhii Tsybulin_1186020627,Serhii Tsybulin,3,1,33,18,15,51,2021-07-25 11:55:00,504492
Serhii Tkachev_168887,Serhii Tkachev,-2,0,42,41,1,83,2021-07-25 11:55:00,504493
Mykhailo Presniakov_723969280,Mykhailo Presniakov,3,1,33,20,13,53,2021-07-25 12:00:00,504494
Anatolii Kovalenko_168824,Anatolii Kovalenko,1,1,51,41,10,92,2021-07-25 12:00:00,504495
N Sadovskiy_124751,N Sadovskiy,-1,0,34,45,-11,79,2021-07-25 12:01:00,504496
Kyrylo Yehorov_284001938,Kyrylo Yehorov,1,1,51,41,10,92,2021-07-25 12:05:00,504497
Anastasiia Ostapenko_168834,Anastasiia Ostapenko,2,1,42,34,8,76,2021-07-25 12:05:00,504498
Tatiana Tatianina_768177731,Tatiana Tatianina,-3,0,23,33,-10,56,2021-07-25 12:10:00,504499
Tamara Kravchuk_168844,Tamara Kravchuk,-1,0,46,47,-1,93,2021-07-25 12:10:00,504500
R Pavelka_27981,R Pavelka,2,1,37,29,8,66,2021-07-25 12:12:00,504501
Igor Vatsyn_2101585268,Igor Vatsyn,-3,0,19,34,-15,53,2021-07-25 12:15:00,504502
Yaroslava Pachich_168859,Yaroslava Pachich,-3,0,21,33,-12,54,2021-07-25 12:15:00,504503
F Ambrosimov_124785,F Ambrosimov,-2,0,34,42,-8,76,2021-07-25 12:16:00,504504
A Tretyakov_124719,A Tretyakov,-1,0,49,48,1,97,2021-07-25 12:16:00,504505
Andrii Dombrovskyi_168873,Andrii Dombrovskyi,1,1,46,46,0,92,2021-07-25 12:20:00,504506
Jakub Nemecek_169023,Jakub Nemecek,-3,0,21,34,-13,55,2021-07-25 12:20:00,504507
Andrii Hordii_800842804,Andrii Hordii,-1,0,45,51,-6,96,2021-07-25 12:20:00,504508
Ihor Kvak_168815,Ihor Kvak,-1,0,38,48,-10,86,2021-07-25 12:20:00,504509
Sergey Filatov_858053449,Sergey Filatov,-3,0,21,35,-14,56,2021-07-25 12:25:00,504510
Oleksandr Mishchenko_168888,Oleksandr Mishchenko,3,1,33,14,19,47,2021-07-25 12:25:00,504511
Valeriy Kolesnykov_168825,Valeriy Kolesnykov,3,1,34,24,10,58,2021-07-25 12:30:00,504512
S Burov_124752,S Burov,3,1,33,20,13,53,2021-07-25 12:30:00,504513
Nikita Trofimov_1964093636,Nikita Trofimov,3,1,33,22,11,55,2021-07-25 12:30:00,504514
Alina Man_168835,Alina Man,3,1,33,19,14,52,2021-07-25 12:35:00,504515
Serhii Kinash_1694372475,Serhii Kinash,1,1,48,48,0,96,2021-07-25 12:35:00,504516
Ja Prokupek_27982,Ja Prokupek,-1,0,54,50,4,104,2021-07-25 12:36:00,504517
Aniuta Muliarchuk_168845,Aniuta Muliarchuk,-2,0,30,41,-11,71,2021-07-25 12:40:00,504518
Vadim Sidorenko_2020085541,Vadim Sidorenko,-2,0,29,39,-10,68,2021-07-25 12:40:00,504519
Karina Zharkova_168860,Karina Zharkova,-2,0,30,37,-7,67,2021-07-25 12:45:00,504520
Iryna Aseieva_1950862503,Iryna Aseieva,2,1,39,19,20,58,2021-07-25 12:45:00,504521
I Poletaev_124786,I Poletaev,3,1,33,22,11,55,2021-07-25 12:49:00,504522
A Lobanov_124717,A Lobanov,-2,0,33,42,-9,75,2021-07-25 12:50:00,504523
Artem Yurkov_168874,Artem Yurkov,2,1,38,29,9,67,2021-07-25 12:50:00,504524
Jan Zajicek_169024,Jan Zajicek,-1,0,47,44,3,91,2021-07-25 12:50:00,504525
Oleksandr Medvedyev_1134890935,Oleksandr Medvedyev,-3,0,27,34,-7,61,2021-07-25 12:50:00,504526
Oleksii Hrymovskyi_168889,Oleksii Hrymovskyi,1,1,47,44,3,91,2021-07-25 12:55:00,504527
Volodymyr Plishylo_704589039,Volodymyr Plishylo,-1,0,43,45,-2,88,2021-07-25 12:55:00,504528
Yurii Teteria_1395027085,Yurii Teteria,1,1,46,40,6,86,2021-07-25 13:00:00,504529
Serhii Solomko_169025,Serhii Solomko,-3,0,20,33,-13,53,2021-07-25 13:00:00,504530
Tomas Lukes_168997,Tomas Lukes,2,1,42,36,6,78,2021-07-25 13:00:00,504531
A Skrebnev_124753,A Skrebnev,-3,0,25,33,-8,58,2021-07-25 13:00:00,504532
Yevhen Masko_677071020,Yevhen Masko,-3,0,25,36,-11,61,2021-07-25 13:05:00,504533
Alina Stefaniuk_169027,Alina Stefaniuk,-1,0,43,50,-7,93,2021-07-25 13:05:00,504534
Anastasia Degteva_168846,Anastasia Degteva,3,1,33,16,17,49,2021-07-25 13:10:00,504535
Oleksandr Semenets_1632751271,Oleksandr Semenets,-3,0,28,35,-7,63,2021-07-25 13:10:00,504536
K Novak_27945,K Novak,2,1,40,35,5,75,2021-07-25 13:13:00,504537
I Lednev_124787,I Lednev,-2,0,36,44,-8,80,2021-07-25 13:15:00,504538
Marharyta Saltanovska_168861,Marharyta Saltanovska,-3,0,25,36,-11,61,2021-07-25 13:15:00,504539
Kyrylo Yehorov_1467701717,Kyrylo Yehorov,-2,0,40,46,-6,86,2021-07-25 13:15:00,504540
Halyna Telna_1938749505,Halyna Telna,2,1,42,31,11,73,2021-07-25 13:20:00,504541
Dmytro Lazuryk_168875,Dmytro Lazuryk,-1,0,48,44,4,92,2021-07-25 13:20:00,504542
A Frolov_124718,A Frolov,3,1,33,16,17,49,2021-07-25 13:22:00,504543
Nikita Vilenchyts_168890,Nikita Vilenchyts,-2,0,32,45,-13,77,2021-07-25 13:25:00,504544
Ihor Matsehora_1452256667,Ihor Matsehora,1,1,47,50,-3,97,2021-07-25 13:25:00,504545
Jan Herink_168998,Jan Herink,2,1,42,32,10,74,2021-07-25 13:30:00,504546
S Burov_124754,S Burov,3,1,33,18,15,51,2021-07-25 13:30:00,504547
Vitalii Levytskyi_169026,Vitalii Levytskyi,1,1,48,47,1,95,2021-07-25 13:30:00,504548
Ihor Kvak_169029,Ihor Kvak,-2,0,29,37,-8,66,2021-07-25 13:30:00,504549
Nazarii Kovalchuk_1010825880,Nazarii Kovalchuk,-2,0,33,44,-11,77,2021-07-25 13:30:00,504550
Mykola Lytvynenko_1738614454,Mykola Lytvynenko,3,1,34,26,8,60,2021-07-25 13:35:00,504551
Alina Man_169028,Alina Man,3,1,36,27,9,63,2021-07-25 13:35:00,504552
M-n Regner_27946,M-n Regner,2,1,44,36,8,80,2021-07-25 13:35:00,504553
Tamara Kravchuk_168847,Tamara Kravchuk,1,1,44,39,5,83,2021-07-25 13:40:00,504554
Oleksandr Levadnyi_1209056031,Oleksandr Levadnyi,-3,0,21,33,-12,54,2021-07-25 13:40:00,504555
Dmytro Shukin_1415762598,Dmytro Shukin,2,1,43,30,13,73,2021-07-25 13:45:00,504556
I Poletaev_124788,I Poletaev,-2,0,35,39,-4,74,2021-07-25 13:49:00,504557
A Lobanov_124721,A Lobanov,-1,0,43,49,-6,92,2021-07-25 13:49:00,504558
Vadim Sidorenko_1967499855,Vadim Sidorenko,-2,0,39,44,-5,83,2021-07-25 13:50:00,504559
Illia Udod_168876,Illia Udod,-1,0,43,42,1,85,2021-07-25 13:50:00,504560
Ulyana Palamarchuk_995154521,Ulyana Palamarchuk,-3,0,20,33,-13,53,2021-07-25 13:55:00,504561
Oleksandr Mishchenko_169031,Oleksandr Mishchenko,-3,0,25,33,-8,58,2021-07-25 14:00:00,504562
Igor Demchuk_939382408,Igor Demchuk,1,1,42,47,-5,89,2021-07-25 14:00:00,504563
Oleh Sapuzhak_169030,Oleh Sapuzhak,-2,0,38,41,-3,79,2021-07-25 14:00:00,504564
Jan Herink_168999,Jan Herink,-2,0,32,39,-7,71,2021-07-25 14:00:00,504565
V Dolezal_27947,V Dolezal,1,1,50,42,8,92,2021-07-25 14:00:00,504566
N Sadovskiy_124755,N Sadovskiy,2,1,45,38,7,83,2021-07-25 14:00:00,504567
Nazarii Danyliuk_797822431,Nazarii Danyliuk,3,1,34,22,12,56,2021-07-25 14:05:00,504568
Olha Panchyshyn_168848,Olha Panchyshyn,-1,0,43,53,-10,96,2021-07-25 14:10:00,504569
Dmytro Dubrovin_2092100763,Dmytro Dubrovin,-3,0,18,33,-15,51,2021-07-25 14:10:00,504570
Yuliia Yemelianenko_168863,Yuliia Yemelianenko,2,1,43,31,12,74,2021-07-25 14:15:00,504571
Nikita Trofimov_1729215617,Nikita Trofimov,1,1,52,40,12,92,2021-07-25 14:15:00,504572
F Ambrosimov_124789,F Ambrosimov,1,1,55,45,10,100,2021-07-25 14:16:00,504573
Serhii Kinash_1433220160,Serhii Kinash,-3,0,26,36,-10,62,2021-07-25 14:20:00,504574
Artem Yurkov_168877,Artem Yurkov,1,1,46,44,2,90,2021-07-25 14:20:00,504575
A Frolov_124720,A Frolov,3,1,37,26,11,63,2021-07-25 14:23:00,504576
Kyrylo Yehorov_889354181,Kyrylo Yehorov,1,1,49,46,3,95,2021-07-25 14:25:00,504577
A Skrebnev_124852,A Skrebnev,-3,0,25,34,-9,59,2021-07-25 14:30:00,504578
Pavlo Babenko_169032,Pavlo Babenko,-3,0,23,33,-10,56,2021-07-25 14:30:00,504579
A Barbora_27948,A Barbora,3,1,33,20,13,53,2021-07-25 14:30:00,504580
Tomas Lukes_169000,Tomas Lukes,-1,0,44,49,-5,93,2021-07-25 14:30:00,504581
Tatiana Tatianina_232768539,Tatiana Tatianina,3,1,33,20,13,53,2021-07-25 14:30:00,504582
Oleksandr Medvedyev_605116440,Oleksandr Medvedyev,-3,0,7,33,-26,40,2021-07-25 14:35:00,504583
Volodymyr Plishylo_317107967,Volodymyr Plishylo,2,1,44,36,8,80,2021-07-25 14:40:00,504584
Tamara Kravchuk_168849,Tamara Kravchuk,2,1,42,33,9,75,2021-07-25 14:40:00,504585
Yaroslava Pachich_168864,Yaroslava Pachich,1,1,47,45,2,92,2021-07-25 14:45:00,504586
Dmytro Dubrovin_1200943642,Dmytro Dubrovin,-1,0,42,45,-3,87,2021-07-25 14:45:00,504587
Illia Valchuk_168878,Illia Valchuk,-1,0,43,43,0,86,2021-07-25 14:50:00,504588
Andrii Baklykov_1043588929,Andrii Baklykov,-1,0,41,47,-6,88,2021-07-25 14:50:00,504589
I Novikov_124854,I Novikov,-1,0,46,52,-6,98,2021-07-25 14:50:00,504590
Maksym Kolos_939103066,Maksym Kolos,-3,0,15,34,-19,49,2021-07-25 14:55:00,504591
I Matveyev_124856,I Matveyev,-2,0,30,42,-12,72,2021-07-25 14:59:00,504592
V Dolezal_27949,V Dolezal,-3,0,19,33,-14,52,2021-07-25 15:00:00,504593
David Brichacek_169001,David Brichacek,3,1,33,18,15,51,2021-07-25 15:00:00,504594
N Sadovskiy_124853,N Sadovskiy,-2,0,29,40,-11,69,2021-07-25 15:00:00,504595
Vitalii Krivenko_1048771331,Vitalii Krivenko,-2,0,40,42,-2,82,2021-07-25 15:00:00,504596
Veronika Andriushchenko_2053358940,Veronika Andriushchenko,-3,0,23,34,-11,57,2021-07-25 15:05:00,504597
Ihor Matsehora_713154999,Ihor Matsehora,1,1,51,48,3,99,2021-07-25 15:10:00,504598
Olha Kostiuk_168850,Olha Kostiuk,1,1,46,47,-1,93,2021-07-25 15:10:00,504599
Vasyl Verbianyi_1624227752,Vasyl Verbianyi,2,1,47,41,6,88,2021-07-25 15:15:00,504600
A Lobanov_124855,A Lobanov,-2,0,33,44,-11,77,2021-07-25 15:19:00,504601
Iryna Konkulovska_168891,Iryna Konkulovska,-2,0,26,39,-13,65,2021-07-25 15:20:00,504602
Valentyn Korovychenko_1019067188,Valentyn Korovychenko,2,1,49,42,7,91,2021-07-25 15:20:00,504603
Artem Yurkov_168879,Artem Yurkov,1,1,42,48,-6,90,2021-07-25 15:20:00,504604
Nikita Trofimov_1955702375,Nikita Trofimov,-1,0,50,52,-2,102,2021-07-25 15:25:00,504605
I Lednev_124857,I Lednev,-2,0,35,43,-8,78,2021-07-25 15:27:00,504606
M-n Regner_27950,M-n Regner,1,1,47,47,0,94,2021-07-25 15:30:00,504607
Serhii Kinash_2051600246,Serhii Kinash,3,1,36,29,7,65,2021-07-25 15:30:00,504608
Ir Kim_124756,Ir Kim,-3,0,19,34,-15,53,2021-07-25 15:30:00,504609
Tomas Lukes_169002,Tomas Lukes,-2,0,32,42,-10,74,2021-07-25 15:30:00,504610
Anastasiia Kozak_168901,Anastasiia Kozak,1,1,45,45,0,90,2021-07-25 15:30:00,504611
Denys Shcherbak_1022842187,Denys Shcherbak,2,1,41,29,12,70,2021-07-25 15:35:00,504612
Oleksandr Kovalchuk_168911,Oleksandr Kovalchuk,2,1,42,30,12,72,2021-07-25 15:35:00,504613
Andrii Troyan_1270080253,Andrii Troyan,-3,0,20,33,-13,53,2021-07-25 15:40:00,504614
Oleksandr Hryshchenko_168926,Oleksandr Hryshchenko,1,1,49,42,7,91,2021-07-25 15:40:00,504615
Maksym Mrykh_168941,Maksym Mrykh,-1,0,43,52,-9,95,2021-07-25 15:45:00,504616
Mariana Hryhoruk_168892,Mariana Hryhoruk,-3,0,30,38,-8,68,2021-07-25 15:50:00,504617
Ihor Petryshyn_47317836,Ihor Petryshyn,1,1,47,43,4,90,2021-07-25 15:50:00,504618
E Golovachev_124722,E Golovachev,1,1,50,48,2,98,2021-07-25 15:50:00,504619
Andrii Dombrovskyi_168880,Andrii Dombrovskyi,3,1,33,22,11,55,2021-07-25 15:50:00,504620
V Fedorov_124790,V Fedorov,-3,0,22,33,-11,55,2021-07-25 15:53:00,504621
Nadiia Harmash_168902,Nadiia Harmash,2,1,39,32,7,71,2021-07-25 16:00:00,504622
Serhii Tsybulin_148628630,Serhii Tsybulin,3,1,36,27,9,63,2021-07-25 16:00:00,504623
I Pandur_124757,I Pandur,1,1,42,46,-4,88,2021-07-25 16:00:00,504624
V Dolezal_28013,V Dolezal,-3,0,23,33,-10,56,2021-07-25 16:03:00,504625
Mykhailo Presniakov_105710114,Mykhailo Presniakov,-3,0,26,34,-8,60,2021-07-25 16:05:00,504626
Martin Melisek_169287,Martin Melisek,-3,0,24,35,-11,59,2021-07-25 16:05:00,504627
Viktor Yevtodii_168927,Viktor Yevtodii,-3,0,23,33,-10,56,2021-07-25 16:10:00,504628
Anatolii Lievshin_1143348053,Anatolii Lievshin,-2,0,34,45,-11,79,2021-07-25 16:10:00,504629
Dmitriy Zaporozhets_1559611575,Dmitriy Zaporozhets,2,1,41,31,10,72,2021-07-25 16:15:00,504630
Valentyn Lutsenko_168942,Valentyn Lutsenko,-2,0,32,43,-11,75,2021-07-25 16:15:00,504631
A Batalov_124723,A Batalov,1,1,53,50,3,103,2021-07-25 16:17:00,504632
M Cheklin_124791,M Cheklin,-3,0,23,33,-10,56,2021-07-25 16:17:00,504633
Iryna Konkulovska_168893,Iryna Konkulovska,3,1,37,25,12,62,2021-07-25 16:20:00,504634
Yurii Nevmyvaka_1318220175,Yurii Nevmyvaka,-2,0,42,43,-1,85,2021-07-25 16:20:00,504635
Andrii Peretiatko_168951,Andrii Peretiatko,-2,0,33,37,-4,70,2021-07-25 16:25:00,504636
Volodymyr Ivasiv_1500103028,Volodymyr Ivasiv,2,1,41,34,7,75,2021-07-25 16:25:00,504637
S Kulikov_124758,S Kulikov,-3,0,26,37,-11,63,2021-07-25 16:30:00,504638
Anastasiia Kozak_168903,Anastasiia Kozak,1,1,50,46,4,96,2021-07-25 16:30:00,504639
M-n Regner_28014,M-n Regner,1,1,49,41,8,90,2021-07-25 16:31:00,504640
Andrii Baklykov_178449283,Andrii Baklykov,1,1,51,50,1,101,2021-07-25 16:35:00,504641
Oleksandr Liushnia_168913,Oleksandr Liushnia,-2,0,35,39,-4,74,2021-07-25 16:35:00,504642
David Brichacek_169288,David Brichacek,2,1,40,31,9,71,2021-07-25 16:35:00,504643
Oleksandr Semenets_1314535541,Oleksandr Semenets,-2,0,38,41,-3,79,2021-07-25 16:40:00,504644
Yevhen Hasan_168928,Yevhen Hasan,-2,0,32,40,-8,72,2021-07-25 16:40:00,504645
Maksym Mrykh_168943,Maksym Mrykh,3,1,33,24,9,57,2021-07-25 16:45:00,504646
Denys Shcherbak_695040149,Denys Shcherbak,1,1,48,37,11,85,2021-07-25 16:45:00,504647
V Petrov_124792,V Petrov,3,1,33,23,10,56,2021-07-25 16:48:00,504648
Andrii Troyan_2023311650,Andrii Troyan,-2,0,28,38,-10,66,2021-07-25 16:50:00,504649
Romana Faflei_168894,Romana Faflei,-1,0,47,46,1,93,2021-07-25 16:50:00,504650
Yurii Novokhatskyi_1979309546,Yurii Novokhatskyi,3,1,33,24,9,57,2021-07-25 16:55:00,504651
Viktor Vakhrushev_168952,Viktor Vakhrushev,-2,0,21,40,-19,61,2021-07-25 16:55:00,504652
S Homutov_124724,S Homutov,1,1,52,48,4,100,2021-07-25 16:55:00,504653
Svitlana Yureneva_168904,Svitlana Yureneva,3,1,33,12,21,45,2021-07-25 17:00:00,504654
Jan Zaloudik_169003,Jan Zaloudik,1,1,51,47,4,98,2021-07-25 17:00:00,504655
V Selkin_124759,V Selkin,-2,0,34,41,-7,75,2021-07-25 17:00:00,504656
Ihor Petryshyn_188788774,Ihor Petryshyn,-3,0,16,33,-17,49,2021-07-25 17:00:00,504657
Ja Kanera_27951,Ja Kanera,-3,0,14,33,-19,47,2021-07-25 17:06:00,504658
Viktor Yevtodii_168929,Viktor Yevtodii,-2,0,27,39,-12,66,2021-07-25 17:10:00,504659
Yevhen Masko_1145385042,Yevhen Masko,3,1,33,26,7,59,2021-07-25 17:10:00,504660
Vitalii Klimov_168944,Vitalii Klimov,-3,0,30,36,-6,66,2021-07-25 17:15:00,504661
A Shirshov_124793,A Shirshov,3,1,33,13,20,46,2021-07-25 17:15:00,504662
Mykhailo Presniakov_1404737904,Mykhailo Presniakov,-2,0,37,41,-4,78,2021-07-25 17:15:00,504663
Uryi Schepanskyi_43935273,Uryi Schepanskyi,2,1,39,39,0,78,2021-07-25 17:20:00,504664
Mariana Hryhoruk_168895,Mariana Hryhoruk,-1,0,45,49,-4,94,2021-07-25 17:20:00,504665
Yevhenii Sokoltsov_168953,Yevhenii Sokoltsov,1,1,51,47,4,98,2021-07-25 17:25:00,504666
Dmitriy Zaporozhets_1203865265,Dmitriy Zaporozhets,2,1,41,27,14,68,2021-07-25 17:25:00,504667
S Skotnikov_124725,S Skotnikov,-3,0,26,39,-13,65,2021-07-25 17:27:00,504668
Yurii Nevmyvaka_609679240,Yurii Nevmyvaka,2,1,47,38,9,85,2021-07-25 17:30:00,504669
Roland Balog_169004,Roland Balog,-2,0,36,41,-5,77,2021-07-25 17:30:00,504670
Nadiia Harmash_168905,Nadiia Harmash,-3,0,15,33,-18,48,2021-07-25 17:30:00,504671
S Kulikov_124760,S Kulikov,-2,0,29,41,-12,70,2021-07-25 17:31:00,504672
Z Bilek_27952,Z Bilek,3,1,33,12,21,45,2021-07-25 17:31:00,504673
Serhij Maksymiv_1747781551,Serhij Maksymiv,2,1,38,31,7,69,2021-07-25 17:35:00,504674
Oleksandr Kovalchuk_168915,Oleksandr Kovalchuk,1,1,46,47,-1,93,2021-07-25 17:35:00,504675
Oleksandr Hryshchenko_168930,Oleksandr Hryshchenko,3,1,37,27,10,64,2021-07-25 17:40:00,504676
V Petrov_124794,V Petrov,3,1,35,26,9,61,2021-07-25 17:45:00,504677
Valentyn Lutsenko_168945,Valentyn Lutsenko,-3,0,17,33,-16,50,2021-07-25 17:45:00,504678
Serhii Boiko_1978263112,Serhii Boiko,2,1,39,36,3,75,2021-07-25 17:45:00,504679
S Homutov_124726,S Homutov,-2,0,30,40,-10,70,2021-07-25 17:48:00,504680
Dmytro Shukin_338138859,Dmytro Shukin,2,1,42,23,19,65,2021-07-25 17:50:00,504681
Iryna Konkulovska_168896,Iryna Konkulovska,3,1,33,22,11,55,2021-07-25 17:50:00,504682
Viktor Vakhrushev_168954,Viktor Vakhrushev,-1,0,45,48,-3,93,2021-07-25 17:55:00,504683
Anatolii Lievshin_857460933,Anatolii Lievshin,-1,0,46,43,3,89,2021-07-25 17:55:00,504684
Jo Kutifel_27953,Jo Kutifel,2,1,43,32,11,75,2021-07-25 18:00:00,504685
Roland Balog_169005,Roland Balog,-2,0,42,44,-2,86,2021-07-25 18:00:00,504686
I Pandur_124761,I Pandur,1,1,45,49,-4,94,2021-07-25 18:00:00,504687
Anastasiia Kozak_168906,Anastasiia Kozak,-3,0,17,33,-16,50,2021-07-25 18:00:00,504688
Andrii Troyan_349016311,Andrii Troyan,3,1,33,18,15,51,2021-07-25 18:00:00,504689
Yurii Kolesnyk_168916,Yurii Kolesnyk,2,1,41,27,14,68,2021-07-25 18:05:00,504690
Vasil Salivonchyk_547896494,Vasil Salivonchyk,1,1,45,45,0,90,2021-07-25 18:05:00,504691
Volodymyr Ivasiv_734758151,Volodymyr Ivasiv,1,1,55,55,0,110,2021-07-25 18:10:00,504692
Oleksandr Kolbasenko_168931,Oleksandr Kolbasenko,3,1,33,22,11,55,2021-07-25 18:10:00,504693
Maksym Mrykh_168946,Maksym Mrykh,1,1,51,48,3,99,2021-07-25 18:15:00,504694
M Cheklin_124795,M Cheklin,1,1,54,46,8,100,2021-07-25 18:15:00,504695
A Batalov_124727,A Batalov,-2,0,30,38,-8,68,2021-07-25 18:16:00,504696
Mariana Hryhoruk_168897,Mariana Hryhoruk,2,1,39,29,10,68,2021-07-25 18:20:00,504697
Pavlo Cherednichenko_1608110751,Pavlo Cherednichenko,2,1,43,32,11,75,2021-07-25 18:20:00,504698
Oleksandr Yarovoi_597335127,Oleksandr Yarovoi,1,1,53,45,8,98,2021-07-25 18:25:00,504699
Andrii Peretiatko_168955,Andrii Peretiatko,-2,0,38,38,0,76,2021-07-25 18:25:00,504700
Denys Shcherbak_2078725847,Denys Shcherbak,-2,0,35,44,-9,79,2021-07-25 18:30:00,504701
Jan Zaloudik_169006,Jan Zaloudik,-1,0,42,44,-2,86,2021-07-25 18:30:00,504702
jr. Hruska_27954,jr. Hruska,1,1,55,45,10,100,2021-07-25 18:30:00,504703
Nadiia Harmash_168907,Nadiia Harmash,2,1,39,32,7,71,2021-07-25 18:30:00,504704
Serhii Illiushchenko_1807949456,Serhii Illiushchenko,1,1,44,44,0,88,2021-07-25 18:35:00,504705
Oleksandr Liushnia_168917,Oleksandr Liushnia,1,1,48,43,5,91,2021-07-25 18:35:00,504706
S Kulikov_124904,S Kulikov,-3,0,21,33,-12,54,2021-07-25 18:37:00,504707
Yurii Novokhatskyi_183552328,Yurii Novokhatskyi,-3,0,19,33,-14,52,2021-07-25 18:40:00,504708
Yevhen Hasan_168932,Yevhen Hasan,-2,0,32,41,-9,73,2021-07-25 18:40:00,504709
Ihor Petryshyn_169993013,Ihor Petryshyn,1,1,48,43,5,91,2021-07-25 18:45:00,504710
Valentyn Lutsenko_168947,Valentyn Lutsenko,-3,0,20,33,-13,53,2021-07-25 18:45:00,504711
S Skotnikov_124906,S Skotnikov,-1,0,47,48,-1,95,2021-07-25 18:46:00,504712
Romana Faflei_168898,Romana Faflei,2,1,41,37,4,78,2021-07-25 18:50:00,504713
V Fedorov_124908,V Fedorov,-2,0,28,36,-8,64,2021-07-25 18:52:00,504714
Prokhor Puhach_763539558,Prokhor Puhach,-1,0,47,51,-4,98,2021-07-25 18:55:00,504715
Zaur Mahomedov_168956,Zaur Mahomedov,-1,0,47,54,-7,101,2021-07-25 18:55:00,504716
Oleksandr Yarovoi_467856417,Oleksandr Yarovoi,1,1,44,43,1,87,2021-07-25 19:00:00,504717
Svitlana Yureneva_168908,Svitlana Yureneva,-1,0,44,52,-8,96,2021-07-25 19:00:00,504718
Jan Zajicek_169007,Jan Zajicek,1,1,49,45,4,94,2021-07-25 19:00:00,504719
V Selkin_124905,V Selkin,-1,0,40,51,-11,91,2021-07-25 19:00:00,504720
Jo Kutifel_27955,Jo Kutifel,-2,0,27,41,-14,68,2021-07-25 19:04:00,504721
Uryi Schepanskyi_951127568,Uryi Schepanskyi,3,1,36,22,14,58,2021-07-25 19:05:00,504722
Dmitriy Zaporozhets_1440559428,Dmitriy Zaporozhets,-1,0,41,50,-9,91,2021-07-25 19:10:00,504723
Viktor Yevtodii_168933,Viktor Yevtodii,1,1,56,45,11,101,2021-07-25 19:10:00,504724
Vitalii Klimov_168948,Vitalii Klimov,3,1,44,36,8,80,2021-07-25 19:15:00,504725
Yurii Nevmyvaka_2122342409,Yurii Nevmyvaka,-1,0,47,54,-7,101,2021-07-25 19:15:00,504726
A Shirshov_124909,A Shirshov,1,1,52,43,9,95,2021-07-25 19:15:00,504727
A Batalov_124907,A Batalov,-2,0,34,41,-7,75,2021-07-25 19:20:00,504728
Iryna Konkulovska_168899,Iryna Konkulovska,3,1,33,21,12,54,2021-07-25 19:20:00,504729
Serhij Maksymiv_360566866,Serhij Maksymiv,-1,0,45,44,1,89,2021-07-25 19:20:00,504730
Oleh Kuzyshyn_168966,Oleh Kuzyshyn,3,1,33,13,20,46,2021-07-25 19:20:00,504731
Yevhenii Sokoltsov_168957,Yevhenii Sokoltsov,3,1,33,20,13,53,2021-07-25 19:25:00,504732
Jan Zaloudik_169008,Jan Zaloudik,-1,0,43,50,-7,93,2021-07-25 19:30:00,504733
Pavlo Cherednichenko_959672420,Pavlo Cherednichenko,-3,0,15,33,-18,48,2021-07-25 19:30:00,504734
Z Bilek_27956,Z Bilek,-1,0,51,52,-1,103,2021-07-25 19:30:00,504735
Anastasiia Kozak_168909,Anastasiia Kozak,1,1,50,39,11,89,2021-07-25 19:30:00,504736
D Tikhnenko_124762,D Tikhnenko,2,1,43,32,11,75,2021-07-25 19:31:00,504737
Mykola Zakladnyi_740966422,Mykola Zakladnyi,1,1,51,38,13,89,2021-07-25 19:35:00,504738
Oleksandr Kovalchuk_168919,Oleksandr Kovalchuk,1,1,48,45,3,93,2021-07-25 19:35:00,504739
Oleksandr Hryshchenko_168934,Oleksandr Hryshchenko,-1,0,43,48,-5,91,2021-07-25 19:40:00,504740
Anatolii Lievshin_2131853657,Anatolii Lievshin,-1,0,43,41,2,84,2021-07-25 19:40:00,504741
Andrii Troyan_1088290043,Andrii Troyan,2,1,39,35,4,74,2021-07-25 19:45:00,504742
Maksym Mrykh_168949,Maksym Mrykh,2,1,43,36,7,79,2021-07-25 19:45:00,504743
V Marshalov_124728,V Marshalov,1,1,50,39,11,89,2021-07-25 19:46:00,504744
Igor Trydukh_168967,Igor Trydukh,1,1,50,45,5,95,2021-07-25 19:50:00,504745
Olena Kutkova_168900,Olena Kutkova,2,1,39,33,6,72,2021-07-25 19:50:00,504746
Vasil Salivonchyk_1296031510,Vasil Salivonchyk,1,1,52,52,0,104,2021-07-25 19:50:00,504747
Viktor Vakhrushev_168958,Viktor Vakhrushev,-2,0,38,45,-7,83,2021-07-25 19:55:00,504748
Volodymyr Ivasiv_1395818268,Volodymyr Ivasiv,1,1,47,38,9,85,2021-07-25 19:55:00,504749
V Shirshov_124798,V Shirshov,-2,0,40,45,-5,85,2021-07-25 19:58:00,504750
Nataliia Riabchenko_168910,Nataliia Riabchenko,-3,0,21,33,-12,54,2021-07-25 20:00:00,504751
E Makarenkov_124763,E Makarenkov,2,1,48,37,11,85,2021-07-25 20:00:00,504752
Yurii Kolesnyk_168920,Yurii Kolesnyk,-2,0,23,42,-19,65,2021-07-25 20:05:00,504753
Prokhor Puhach_674131315,Prokhor Puhach,1,1,48,52,-4,100,2021-07-25 20:05:00,504754
Ja Kanera_28015,Ja Kanera,-3,0,24,34,-10,58,2021-07-25 20:08:00,504755
Oleksandr Kolbasenko_168935,Oleksandr Kolbasenko,-1,0,40,52,-12,92,2021-07-25 20:10:00,504756
Oleksandr Yarovoi_565136449,Oleksandr Yarovoi,2,1,40,30,10,70,2021-07-25 20:10:00,504757
Oleksii Haponov_864679241,Oleksii Haponov,3,1,35,21,14,56,2021-07-25 20:15:00,504758
Serhii Mishchenko_168950,Serhii Mishchenko,1,1,46,43,3,89,2021-07-25 20:15:00,504759
D Petrochenko_124729,D Petrochenko,2,1,40,33,7,73,2021-07-25 20:17:00,504760
Dmitriy Zaporozhets_1314547320,Dmitriy Zaporozhets,-3,0,26,36,-10,62,2021-07-25 20:20:00,504761
V Beliakov_124799,V Beliakov,1,1,55,52,3,107,2021-07-25 20:23:00,504762
Andrii Peretiatko_168959,Andrii Peretiatko,1,1,47,50,-3,97,2021-07-25 20:25:00,504763
Yurii Novokhatskyi_156719061,Yurii Novokhatskyi,-3,0,16,33,-17,49,2021-07-25 20:25:00,504764
Olha Umantsyv_169299,Olha Umantsyv,2,1,47,43,4,90,2021-07-25 20:25:00,504765
M Dukhin_124764,M Dukhin,3,1,33,21,12,54,2021-07-25 20:30:00,504766
Svitlana Yureneva_169301,Svitlana Yureneva,2,1,57,42,15,99,2021-07-25 20:30:00,504767
Petro Tsolik_1550866981,Petro Tsolik,-3,0,12,33,-21,45,2021-07-25 20:30:00,504768
Z Bilek_28016,Z Bilek,1,1,46,46,0,92,2021-07-25 20:31:00,504769
Oleksandr Liushnia_168921,Oleksandr Liushnia,-1,0,48,55,-7,103,2021-07-25 20:35:00,504770
Yevhen Hasan_168936,Yevhen Hasan,-2,0,30,42,-12,72,2021-07-25 20:40:00,504771
Pavlo Cherednichenko_795852240,Pavlo Cherednichenko,1,1,46,51,-5,97,2021-07-25 20:40:00,504772
I Moshkov_124730,I Moshkov,2,1,41,32,9,73,2021-07-25 20:45:00,504773
Mykola Zakladnyi_243980603,Mykola Zakladnyi,-3,0,25,37,-12,62,2021-07-25 20:45:00,504774
Denys Shcherbak_797437556,Denys Shcherbak,1,1,49,46,3,95,2021-07-25 20:50:00,504775
Fedir Balbas_168969,Fedir Balbas,3,1,33,22,11,55,2021-07-25 20:50:00,504776
Andrii Troyan_2032585986,Andrii Troyan,-2,0,33,41,-8,74,2021-07-25 20:55:00,504777
Zaur Mahomedov_168960,Zaur Mahomedov,2,1,40,30,10,70,2021-07-25 20:55:00,504778
Olena Kutkova_169300,Olena Kutkova,3,1,35,26,9,61,2021-07-25 20:55:00,504779
Tomas Vorisek_169303,Tomas Vorisek,1,1,48,52,-4,100,2021-07-25 20:55:00,504780
Yuliia Ishchenko_169302,Yuliia Ishchenko,-1,0,43,44,-1,87,2021-07-25 21:00:00,504781
V Chernov_124765,V Chernov,-2,0,30,38,-8,68,2021-07-25 21:00:00,504782
Oleksandr Mykhalus_1942666525,Oleksandr Mykhalus,1,1,47,43,4,90,2021-07-25 21:00:00,504783
Bohdan Havryliuk_169305,Bohdan Havryliuk,-2,0,28,43,-15,71,2021-07-25 21:00:00,504784
Ihor Petryshyn_870412250,Ihor Petryshyn,1,1,51,47,4,98,2021-07-25 21:05:00,504785
T Batthyany_27969,T Batthyany,2,1,41,32,9,73,2021-07-25 21:06:00,504786
K Malahov_124800,K Malahov,3,1,33,19,14,52,2021-07-25 21:06:00,504787
Oleksandr Hryshchenko_168937,Oleksandr Hryshchenko,1,1,47,43,4,90,2021-07-25 21:10:00,504788
Prokhor Puhach_549674751,Prokhor Puhach,-2,0,31,42,-11,73,2021-07-25 21:15:00,504789
E Mishutin_124731,E Mishutin,-1,0,47,51,-4,98,2021-07-25 21:18:00,504790
Pavlo Cherednichenko_1220891223,Pavlo Cherednichenko,2,1,41,32,9,73,2021-07-25 21:20:00,504791
Yevhenii Sokoltsov_168961,Yevhenii Sokoltsov,3,1,33,22,11,55,2021-07-25 21:25:00,504792
Vladyslav Kaluhin_1152160445,Vladyslav Kaluhin,-1,0,41,44,-3,85,2021-07-25 21:25:00,504793
Roland Balog_169304,Roland Balog,-2,0,34,41,-7,75,2021-07-25 21:25:00,504794
P Khramkov_124801,P Khramkov,-1,0,44,48,-4,92,2021-07-25 21:27:00,504795
Martin Prusa_169010,Martin Prusa,-1,0,45,51,-6,96,2021-07-25 21:30:00,504796
M Dukhin_124766,M Dukhin,2,1,39,30,9,69,2021-07-25 21:30:00,504797
Serhii Mishchenko_169306,Serhii Mishchenko,1,1,48,42,6,90,2021-07-25 21:30:00,504798
Dmitriy Zaporozhets_1701193308,Dmitriy Zaporozhets,3,1,33,17,16,50,2021-07-25 21:30:00,504799
R Rose_27970,R Rose,1,1,46,37,9,83,2021-07-25 21:31:00,504800
Oleksandr Gomilko_168923,Oleksandr Gomilko,-3,0,15,33,-18,48,2021-07-25 21:35:00,504801
Yurii Nevmyvaka_361090052,Yurii Nevmyvaka,3,1,34,19,15,53,2021-07-25 21:35:00,504802
Vladyslav Mishchenko_168938,Vladyslav Mishchenko,3,1,33,25,8,58,2021-07-25 21:40:00,504803
Serhij Maksymiv_1071313222,Serhij Maksymiv,3,1,36,20,16,56,2021-07-25 21:40:00,504804
I Moshkov_124732,I Moshkov,-3,0,16,33,-17,49,2021-07-25 21:48:00,504805
Serhii Kiilo_760241569,Serhii Kiilo,-1,0,44,48,-4,92,2021-07-25 21:50:00,504806
Oleh Kuzyshyn_168971,Oleh Kuzyshyn,-3,0,18,33,-15,51,2021-07-25 21:50:00,504807
Pavlo Cherednichenko_1129986988,Pavlo Cherednichenko,-2,0,34,38,-4,72,2021-07-25 21:55:00,504808
Andrii Peretiatko_168962,Andrii Peretiatko,-3,0,16,33,-17,49,2021-07-25 21:55:00,504809
K Malahov_124802,K Malahov,3,1,34,22,12,56,2021-07-25 21:58:00,504810
T Holik_27971,T Holik,-2,0,23,41,-18,64,2021-07-25 22:00:00,504811
Denys Shcherbak_437498191,Denys Shcherbak,2,1,40,35,5,75,2021-07-25 22:00:00,504812
Martin Prusa_169011,Martin Prusa,-2,0,45,43,2,88,2021-07-25 22:00:00,504813
E Makarenkov_124767,E Makarenkov,-1,0,43,49,-6,92,2021-07-25 22:02:00,504814
Oleksandr Kovalchuk_168924,Oleksandr Kovalchuk,-3,0,19,33,-14,52,2021-07-25 22:05:00,504815
Serhii Illiushchenko_700848144,Serhii Illiushchenko,-3,0,20,33,-13,53,2021-07-25 22:05:00,504816
Oleksandr Hryshchenko_168939,Oleksandr Hryshchenko,2,1,37,30,7,67,2021-07-25 22:10:00,504817
Mykola Treshchetka_1062891858,Mykola Treshchetka,-3,0,17,34,-17,51,2021-07-25 22:10:00,504818
Volodymyr Ivasiv_2021277789,Volodymyr Ivasiv,-3,0,28,34,-6,62,2021-07-25 22:15:00,504819
V Beliakov_124803,V Beliakov,-2,0,34,37,-3,71,2021-07-25 22:16:00,504820
D Petrochenko_124733,D Petrochenko,-1,0,47,58,-11,105,2021-07-25 22:16:00,504821
Igor Trydukh_168972,Igor Trydukh,1,1,58,51,7,109,2021-07-25 22:20:00,504822
Oleksandr Yarovoi_1035231525,Oleksandr Yarovoi,-1,0,42,49,-7,91,2021-07-25 22:25:00,504823
Artem Lisechko_168963,Artem Lisechko,3,1,33,15,18,48,2021-07-25 22:25:00,504824
Ja Svoboda_27972,Ja Svoboda,-1,0,45,46,-1,91,2021-07-25 22:30:00,504825
V Chernov_124966,V Chernov,-2,0,34,44,-10,78,2021-07-25 22:34:00,504826
Viktor Yevtodii_168940,Viktor Yevtodii,-2,0,38,44,-6,82,2021-07-25 22:40:00,504827
Oleksandr Mykhalus_483220779,Oleksandr Mykhalus,3,1,33,26,7,59,2021-07-25 22:45:00,504828
V Shirshov_124968,V Shirshov,1,1,51,48,3,99,2021-07-25 22:46:00,504829
Andrii Peretiatko_168964,Andrii Peretiatko,2,1,42,31,11,73,2021-07-25 22:55:00,504830
I Moshkov_124970,I Moshkov,-1,0,56,52,4,108,2021-07-25 22:57:00,504831
Filip Marat_169013,Filip Marat,3,1,34,24,10,58,2021-07-25 23:00:00,504832
Oleksandr Kasatiy_508168109,Oleksandr Kasatiy,1,1,48,47,1,95,2021-07-25 23:00:00,504833
T Holik_27973,T Holik,-3,0,27,34,-7,61,2021-07-25 23:00:00,504834
M Dukhin_124967,M Dukhin,1,1,48,44,4,92,2021-07-25 23:01:00,504835
V Beliakov_124969,V Beliakov,-1,0,40,53,-13,93,2021-07-25 23:16:00,504836
Oleh Kuzyshyn_168974,Oleh Kuzyshyn,1,1,53,44,9,97,2021-07-25 23:20:00,504837
Viktor Vakhrushev_168965,Viktor Vakhrushev,3,1,33,25,8,58,2021-07-25 23:25:00,504838
V Marshalov_124971,V Marshalov,-1,0,39,47,-8,86,2021-07-25 23:30:00,504839
Yurii Parahailo_400935115,Yurii Parahailo,-1,0,48,51,-3,99,2021-07-25 23:30:00,504840
R Rose_27974,R Rose,-2,0,33,41,-8,74,2021-07-25 23:30:00,504841
N Sukharnikov_124768,N Sukharnikov,-3,0,15,33,-18,48,2021-07-25 23:33:00,504842
Oleh Formaziuk_152442101,Oleh Formaziuk,1,1,53,47,6,100,2021-07-25 23:45:00,504843
S Martyukhin_124808,S Martyukhin,1,1,49,44,5,93,2021-07-25 23:52:00,504844
Oleksandr Kasatiy_1284224507,Oleksandr Kasatiy,2,1,42,36,6,78,2021-07-26 00:00:00,504845
S Myagkov_124734,S Myagkov,2,1,44,36,8,80,2021-07-26 00:00:00,504846
Jan Sr Krames_169311,Jan Sr Krames,3,1,35,25,10,60,2021-07-26 00:00:00,504847
T Turabekov_124769,T Turabekov,3,1,34,28,6,62,2021-07-26 00:00:00,504848
T Holik_28018,T Holik,-1,0,48,43,5,91,2021-07-26 00:02:00,504849
Dmytro Lohosha_1909979703,Dmytro Lohosha,1,1,49,40,9,89,2021-07-26 00:15:00,504850
Fedir Balbas_169313,Fedir Balbas,3,1,33,24,9,57,2021-07-26 00:20:00,504851
E Kalashnikov_124809,E Kalashnikov,-2,0,37,41,-4,78,2021-07-26 00:24:00,504852
Maksym Balakiriev_168976,Maksym Balakiriev,-2,0,37,40,-3,77,2021-07-26 00:25:00,504853
N Sadovskiy_124735,N Sadovskiy,3,1,34,25,9,59,2021-07-26 00:27:00,504854
Ihor Syniavskyi_94135329,Ihor Syniavskyi,-1,0,45,53,-8,98,2021-07-26 00:30:00,504855
S Ogai_124770,S Ogai,2,1,41,26,15,67,2021-07-26 00:31:00,504856
R Rose_28017,R Rose,-2,0,40,44,-4,84,2021-07-26 00:31:00,504857
Oleh Formaziuk_423201836,Oleh Formaziuk,-1,0,43,47,-4,90,2021-07-26 00:45:00,504858
P Semeshin_124810,P Semeshin,-2,0,32,39,-7,71,2021-07-26 00:47:00,504859
A Ilin_124736,A Ilin,2,1,48,41,7,89,2021-07-26 00:49:00,504860
Ivan Udovenko_169314,Ivan Udovenko,2,1,48,43,5,91,2021-07-26 00:50:00,504861
Mykola Polysynskyi_168977,Mykola Polysynskyi,3,1,33,20,13,53,2021-07-26 00:55:00,504862
A Aslanyan_124771,A Aslanyan,3,1,33,19,14,52,2021-07-26 01:00:00,504863
Yurii Parahailo_1667665151,Yurii Parahailo,-3,0,22,36,-14,58,2021-07-26 01:00:00,504864
Oleg Gavryluk_613634427,Oleg Gavryluk,2,1,40,29,11,69,2021-07-26 01:15:00,504865
Yu Merkushin_124811,Yu Merkushin,-1,0,40,48,-8,88,2021-07-26 01:19:00,504866
D Balakin_124737,D Balakin,-3,0,18,33,-15,51,2021-07-26 01:22:00,504867
Maksym Marchuk_168978,Maksym Marchuk,-3,0,24,35,-11,59,2021-07-26 01:25:00,504868
Oleksandr Kasatiy_705229211,Oleksandr Kasatiy,-1,0,46,47,-1,93,2021-07-26 01:30:00,504869
T Turabekov_124772,T Turabekov,-3,0,23,34,-11,57,2021-07-26 01:31:00,504870
Dmytro Lohosha_694546888,Dmytro Lohosha,-3,0,26,35,-9,61,2021-07-26 01:45:00,504871
N Sadovskiy_124738,N Sadovskiy,-1,0,42,45,-3,87,2021-07-26 01:46:00,504872
E Kalashnikov_124812,E Kalashnikov,-2,0,34,41,-7,75,2021-07-26 01:47:00,504873
Mykola Polysynskyi_168979,Mykola Polysynskyi,2,1,39,25,14,64,2021-07-26 01:55:00,504874
Ihor Syniavskyi_285878202,Ihor Syniavskyi,2,1,42,37,5,79,2021-07-26 02:00:00,504875
A Aslanyan_124773,A Aslanyan,3,1,33,14,19,47,2021-07-26 02:01:00,504876
Oleh Formaziuk_357516262,Oleh Formaziuk,-2,0,42,40,2,82,2021-07-26 02:15:00,504877
Yu Merkushin_124813,Yu Merkushin,-3,0,24,34,-10,58,2021-07-26 02:15:00,504878
D Balakin_124739,D Balakin,3,1,35,24,11,59,2021-07-26 02:17:00,504879
Maksym Balakiriev_168980,Maksym Balakiriev,-2,0,28,40,-12,68,2021-07-26 02:25:00,504880
Yurii Parahailo_801279855,Yurii Parahailo,-2,0,36,38,-2,74,2021-07-26 02:30:00,504881
R Pavlenko_124774,R Pavlenko,-1,0,45,52,-7,97,2021-07-26 02:30:00,504882
Oleg Gavryluk_2012561526,Oleg Gavryluk,-2,0,31,37,-6,68,2021-07-26 02:45:00,504883
A Uvarov_124740,A Uvarov,-1,0,46,53,-7,99,2021-07-26 02:46:00,504884
R Kobytov_124814,R Kobytov,-3,0,25,34,-9,59,2021-07-26 02:48:00,504885
Oleksandr Shapoval_168981,Oleksandr Shapoval,-1,0,42,50,-8,92,2021-07-26 02:55:00,504886
Oleksandr Staryi_78274461,Oleksandr Staryi,-3,0,26,33,-7,59,2021-07-26 03:00:00,504887
S Ogai_124775,S Ogai,-2,0,36,46,-10,82,2021-07-26 03:01:00,504888
Dmytro Lohosha_1215030688,Dmytro Lohosha,3,1,34,27,7,61,2021-07-26 03:15:00,504889
A Ilin_124741,A Ilin,-2,0,33,36,-3,69,2021-07-26 03:20:00,504890
P Semeshin_124815,P Semeshin,-1,0,50,49,1,99,2021-07-26 03:20:00,504891
Maksym Marchuk_168982,Maksym Marchuk,1,1,50,40,10,90,2021-07-26 03:25:00,504892
N Sukharnikov_124776,N Sukharnikov,-3,0,21,33,-12,54,2021-07-26 03:30:00,504893
Oleksandr Kasatiy_753924145,Oleksandr Kasatiy,-3,0,20,33,-13,53,2021-07-26 03:30:00,504894
Maksym Skhabovskyi_497084369,Maksym Skhabovskyi,-1,0,49,52,-3,101,2021-07-26 03:45:00,504895
S Martyukhin_124816,S Martyukhin,-1,0,43,44,-1,87,2021-07-26 03:49:00,504896
S Myagkov_124742,S Myagkov,-1,0,45,48,-3,93,2021-07-26 03:52:00,504897
Mykola Polysynskyi_168983,Mykola Polysynskyi,1,1,48,35,13,83,2021-07-26 03:55:00,504898
R Pavlenko_124777,R Pavlenko,-1,0,45,54,-9,99,2021-07-26 04:00:00,504899
Oleksandr Staryi_78240770,Oleksandr Staryi,-2,0,27,40,-13,67,2021-07-26 04:00:00,504900
Oleh Formaziuk_464865447,Oleh Formaziuk,3,1,33,23,10,56,2021-07-26 04:15:00,504901
A Uvarov_124743,A Uvarov,2,1,42,41,1,83,2021-07-26 04:22:00,504902
R Kobytov_124817,R Kobytov,-2,0,31,39,-8,70,2021-07-26 04:22:00,504903
Maksym Balakiriev_168984,Maksym Balakiriev,-1,0,42,49,-7,91,2021-07-26 04:25:00,504904
Oleksandr Kasatiy_1258273494,Oleksandr Kasatiy,-3,0,22,33,-11,55,2021-07-26 04:30:00,504905
R Pavlenko_124972,R Pavlenko,1,1,44,43,1,87,2021-07-26 04:35:00,504906
Dmytro Lohosha_1910120118,Dmytro Lohosha,-2,0,38,41,-3,79,2021-07-26 04:45:00,504907
Oleksandr Shapoval_168985,Oleksandr Shapoval,1,1,54,49,5,103,2021-07-26 04:55:00,504908
Yu Merkushin_124974,Yu Merkushin,3,1,33,25,8,58,2021-07-26 04:58:00,504909
A Aslanyan_124973,A Aslanyan,3,1,33,23,10,56,2021-07-26 05:02:00,504910
D Balakin_124976,D Balakin,-2,0,34,42,-8,76,2021-07-26 05:11:00,504911
Oleh Formaziuk_423447948,Oleh Formaziuk,2,1,41,30,11,71,2021-07-26 05:15:00,504912
P Semeshin_124975,P Semeshin,-3,0,24,33,-9,57,2021-07-26 05:16:00,504913
Maksym Marchuk_168986,Maksym Marchuk,1,1,47,48,-1,95,2021-07-26 05:25:00,504914
A Uvarov_124977,A Uvarov,-2,0,25,44,-19,69,2021-07-26 05:44:00,504915
Maksym Balakiriev_168987,Maksym Balakiriev,2,1,40,32,8,72,2021-07-26 05:55:00,504916
Rustam Halimbaiev_168988,Rustam Halimbaiev,3,1,37,24,13,61,2021-07-26 06:25:00,504917
Maksym Balakiriev_168989,Maksym Balakiriev,3,1,33,19,14,52,2021-07-26 06:55:00,504918
Mykola Polysynskyi_168990,Mykola Polysynskyi,-2,0,36,42,-6,78,2021-07-26 07:25:00,504919
A Kolmin_124892,A Kolmin,1,1,48,42,6,90,2021-07-26 07:30:00,504920
V Tsvetkov_124932,V Tsvetkov,-1,0,40,47,-7,87,2021-07-26 07:47:00,504921
O Kharlakin_124858,O Kharlakin,1,1,47,46,1,93,2021-07-26 07:48:00,504922
Anton Limonov_936946592,Anton Limonov,-2,0,24,41,-17,65,2021-07-26 07:50:00,504923
Olha Umantsyv_169033,Olha Umantsyv,-1,0,54,48,6,102,2021-07-26 07:50:00,504924
Oleksandr Lysak_1144698784,Oleksandr Lysak,-2,0,35,44,-9,79,2021-07-26 07:55:00,504925
Yuliia Ishchenko_169307,Yuliia Ishchenko,-2,0,39,44,-5,83,2021-07-26 08:00:00,504926
Ruslan Solomko_169058,Ruslan Solomko,-1,0,34,46,-12,80,2021-07-26 08:05:00,504927
A Vorozheykin_124893,A Vorozheykin,-1,0,41,48,-7,89,2021-07-26 08:07:00,504928
Viktor Yevtodii_169073,Viktor Yevtodii,-2,0,35,38,-3,73,2021-07-26 08:10:00,504929
Dmytro Kunchurov_169088,Dmytro Kunchurov,-1,0,48,48,0,96,2021-07-26 08:15:00,504930
V Sinkovskiy_124859,V Sinkovskiy,-2,0,27,36,-9,63,2021-07-26 08:15:00,504931
Mariana Hryhoruk_169034,Mariana Hryhoruk,-3,0,17,33,-16,50,2021-07-26 08:20:00,504932
A Batalov_124933,A Batalov,3,1,33,18,15,51,2021-07-26 08:24:00,504933
Oleksandr Tuzhylin_1351650583,Oleksandr Tuzhylin,1,1,48,48,0,96,2021-07-26 08:25:00,504934
Anton Maslov_1637772035,Anton Maslov,-3,0,18,33,-15,51,2021-07-26 08:30:00,504935
Olha Yureneva_169290,Olha Yureneva,2,1,40,32,8,72,2021-07-26 08:30:00,504936
A Zabrodin_124894,A Zabrodin,-1,0,44,46,-2,90,2021-07-26 08:33:00,504937
Anton Myrza_233526846,Anton Myrza,-2,0,30,40,-10,70,2021-07-26 08:35:00,504938
Oleksandr Lykhytskyi_169059,Oleksandr Lykhytskyi,-1,0,44,45,-1,89,2021-07-26 08:35:00,504939
Andrii Sydorenko_1566483902,Andrii Sydorenko,2,1,44,39,5,83,2021-07-26 08:40:00,504940
Yevhen Hasan_169074,Yevhen Hasan,2,1,40,29,11,69,2021-07-26 08:40:00,504941
D Kolesnikov_124934,D Kolesnikov,-1,0,50,51,-1,101,2021-07-26 08:45:00,504942
Dmytro Vakhta_355740647,Dmytro Vakhta,-3,0,22,34,-12,56,2021-07-26 08:45:00,504943
Oleh Yurenev_169089,Oleh Yurenev,-3,0,22,33,-11,55,2021-07-26 08:45:00,504944
D Bogdanov_124860,D Bogdanov,3,1,33,17,16,50,2021-07-26 08:45:00,504945
Bohdan Havryliuk_169103,Bohdan Havryliuk,1,1,44,43,1,87,2021-07-26 08:50:00,504946
Olha Umantsyv_169035,Olha Umantsyv,-3,0,19,33,-14,52,2021-07-26 08:50:00,504947
Volodymyr Plishylo_1756324759,Volodymyr Plishylo,-2,0,33,42,-9,75,2021-07-26 08:50:00,504948
Pavlo Plushch_514466033,Pavlo Plushch,3,1,34,23,11,57,2021-07-26 08:55:00,504949
Igor Maksymchuk_2019107141,Igor Maksymchuk,3,1,35,16,19,51,2021-07-26 08:55:00,504950
Ihor Kovalenko_169113,Ihor Kovalenko,-1,0,37,45,-8,82,2021-07-26 08:55:00,504951
Yuliia Ishchenko_169308,Yuliia Ishchenko,3,1,33,17,16,50,2021-07-26 09:00:00,504952
Bohdan Kohut_169276930,Bohdan Kohut,3,1,33,20,13,53,2021-07-26 09:00:00,504953
Serhii Prus_169128,Serhii Prus,2,1,52,41,11,93,2021-07-26 09:00:00,504954
J Pozarsky_27983,J Pozarsky,-3,0,19,33,-14,52,2021-07-26 09:00:00,504955
Jiri Cerny_169263,Jiri Cerny,-3,0,20,33,-13,53,2021-07-26 09:00:00,504956
Oleksandr Lysak_1347513945,Oleksandr Lysak,-1,0,48,54,-6,102,2021-07-26 09:05:00,504957
Roman Hnoievoi_169060,Roman Hnoievoi,2,1,39,35,4,74,2021-07-26 09:05:00,504958
Serhii Gergeliuk_94332152,Serhii Gergeliuk,-1,0,45,47,-2,92,2021-07-26 09:10:00,504959
Oleksandr Ivchuk_169075,Oleksandr Ivchuk,1,1,53,44,9,97,2021-07-26 09:10:00,504960
Oleksandr Goncharuk_169090,Oleksandr Goncharuk,1,1,53,52,1,105,2021-07-26 09:15:00,504961
Oleg Mikluha_684633421,Oleg Mikluha,1,1,47,47,0,94,2021-07-26 09:15:00,504962
S Homutov_124935,S Homutov,1,1,44,34,10,78,2021-07-26 09:16:00,504963
E Tsvetkov_124861,E Tsvetkov,-3,0,22,33,-11,55,2021-07-26 09:16:00,504964
I Sergeevich_124895,I Sergeevich,-1,0,44,46,-2,90,2021-07-26 09:16:00,504965
Iryna Konkulovska_169036,Iryna Konkulovska,1,1,48,46,2,94,2021-07-26 09:20:00,504966
Maksym Mrykh_169104,Maksym Mrykh,3,1,36,25,11,61,2021-07-26 09:20:00,504967
Nazarii Hrytsyienko_84841508,Nazarii Hrytsyienko,-2,0,30,43,-13,73,2021-07-26 09:20:00,504968
Yevhen Khurtak_169114,Yevhen Khurtak,-3,0,20,36,-16,56,2021-07-26 09:25:00,504969
Andrii Hordii_263192850,Andrii Hordii,-1,0,42,47,-5,89,2021-07-26 09:25:00,504970
Martin Sulc_169264,Martin Sulc,1,1,56,58,-2,114,2021-07-26 09:30:00,504971
Vadym Komar_794796973,Vadym Komar,1,1,52,39,13,91,2021-07-26 09:30:00,504972
Yana Mykhailyk_169292,Yana Mykhailyk,2,1,42,36,6,78,2021-07-26 09:30:00,504973
F Just_27984,F Just,2,1,45,39,6,84,2021-07-26 09:30:00,504974
Serhii Poliakov_820399702,Serhii Poliakov,2,1,47,39,8,86,2021-07-26 09:30:00,504975
Kyrylo Tkachenko_169129,Kyrylo Tkachenko,2,1,40,35,5,75,2021-07-26 09:30:00,504976
Oleksandr Tuzhylin_241689827,Oleksandr Tuzhylin,2,1,41,22,19,63,2021-07-26 09:35:00,504977
Oleksandr Lykhytskyi_169061,Oleksandr Lykhytskyi,2,1,45,42,3,87,2021-07-26 09:35:00,504978
Alexey Hladkykh_1453647851,Alexey Hladkykh,-3,0,18,33,-15,51,2021-07-26 09:40:00,504979
Yevhen Hasan_169076,Yevhen Hasan,-2,0,34,39,-5,73,2021-07-26 09:40:00,504980
Oleh Yurenev_169091,Oleh Yurenev,-1,0,46,46,0,92,2021-07-26 09:45:00,504981
Anton Myrza_1884240347,Anton Myrza,3,1,33,16,17,49,2021-07-26 09:45:00,504982
A Zabrodin_124896,A Zabrodin,-2,0,33,42,-9,75,2021-07-26 09:47:00,504983
D Bogdanov_124862,D Bogdanov,3,1,33,22,11,55,2021-07-26 09:47:00,504984
D Kolesnikov_124936,D Kolesnikov,-2,0,33,41,-8,74,2021-07-26 09:49:00,504985
Andrii Sydorenko_905683510,Andrii Sydorenko,3,1,34,25,9,59,2021-07-26 09:50:00,504986
Mariana Hryhoruk_169037,Mariana Hryhoruk,-2,0,30,39,-9,69,2021-07-26 09:50:00,504987
Bohdan Havryliuk_169105,Bohdan Havryliuk,-2,0,38,48,-10,86,2021-07-26 09:50:00,504988
Serhii Bohach_169115,Serhii Bohach,-1,0,40,45,-5,85,2021-07-26 09:55:00,504989
Dmytro Vakhta_1285032966,Dmytro Vakhta,-2,0,38,41,-3,79,2021-07-26 09:55:00,504990
Olha Yureneva_169293,Olha Yureneva,-2,0,29,41,-12,70,2021-07-26 10:00:00,504991
Martin Sulc_169265,Martin Sulc,3,1,34,20,14,54,2021-07-26 10:00:00,504992
Serhii Prus_169130,Serhii Prus,3,1,37,22,15,59,2021-07-26 10:00:00,504993
Volodymyr Plishylo_846956584,Volodymyr Plishylo,1,1,52,47,5,99,2021-07-26 10:00:00,504994
Jo Belovsky_27985,Jo Belovsky,1,1,51,40,11,91,2021-07-26 10:03:00,504995
Igor Maksymchuk_761465624,Igor Maksymchuk,3,1,37,26,11,63,2021-07-26 10:05:00,504996
Ruslan Solomko_169062,Ruslan Solomko,2,1,41,35,6,76,2021-07-26 10:05:00,504997
Pavlo Plushch_1526130367,Pavlo Plushch,-1,0,46,47,-1,93,2021-07-26 10:05:00,504998
Anton Limonov_323832876,Anton Limonov,2,1,43,33,10,76,2021-07-26 10:10:00,504999
Viktor Yevtodii_169077,Viktor Yevtodii,-1,0,41,52,-11,93,2021-07-26 10:10:00,505000
Dmytro Kunchurov_169092,Dmytro Kunchurov,-3,0,16,35,-19,51,2021-07-26 10:15:00,505001
A Vorozheykin_124897,A Vorozheykin,-3,0,25,35,-10,60,2021-07-26 10:15:00,505002
Anton Maslov_862460017,Anton Maslov,3,1,33,19,14,52,2021-07-26 10:15:00,505003
V Sinkovskiy_124863,V Sinkovskiy,1,1,50,53,-3,103,2021-07-26 10:17:00,505004
A Batalov_124937,A Batalov,1,1,46,40,6,86,2021-07-26 10:18:00,505005
Olha Umantsyv_169038,Olha Umantsyv,-2,0,34,44,-10,78,2021-07-26 10:20:00,505006
Oleg Kolivay_169106,Oleg Kolivay,1,1,50,49,1,99,2021-07-26 10:20:00,505007
Serhii Gergeliuk_1292079756,Serhii Gergeliuk,3,1,33,18,15,51,2021-07-26 10:20:00,505008
Maxim Naumchuk_1548824231,Maxim Naumchuk,-1,0,45,45,0,90,2021-07-26 10:25:00,505009
Yevhen Khurtak_169116,Yevhen Khurtak,1,1,49,40,9,89,2021-07-26 10:25:00,505010
Oleksandr Shpak_169131,Oleksandr Shpak,-3,0,22,33,-11,55,2021-07-26 10:30:00,505011
Jiri Cerny_169266,Jiri Cerny,-2,0,26,44,-18,70,2021-07-26 10:30:00,505012
Yuliia Ishchenko_169309,Yuliia Ishchenko,2,1,40,30,10,70,2021-07-26 10:30:00,505013
Davyd Symonchuk_1200739348,Davyd Symonchuk,-1,0,43,52,-9,95,2021-07-26 10:30:00,505014
L Adamec_27986,L Adamec,-2,0,34,43,-9,77,2021-07-26 10:33:00,505015
Yurii Kolesnyk_169063,Yurii Kolesnyk,-1,0,54,55,-1,109,2021-07-26 10:35:00,505016
Nazarii Kovalchuk_1607637514,Nazarii Kovalchuk,-2,0,36,39,-3,75,2021-07-26 10:35:00,505017
A Vorozheykin_124978,A Vorozheykin,-2,0,30,37,-7,67,2021-07-26 10:36:00,505018
Artem Borysov_401549557,Artem Borysov,-1,0,51,56,-5,107,2021-07-26 10:40:00,505019
Pavlo Pyasta_772801142,Pavlo Pyasta,1,1,46,38,8,84,2021-07-26 10:40:00,505020
Oleksandr Kolbasenko_169078,Oleksandr Kolbasenko,-1,0,38,48,-10,86,2021-07-26 10:40:00,505021
Volodymyr Kononikhin_169093,Volodymyr Kononikhin,-2,0,35,40,-5,75,2021-07-26 10:45:00,505022
Bohdan Sinkevych_1805722223,Bohdan Sinkevych,-2,0,35,43,-8,78,2021-07-26 10:45:00,505023
E Tsvetkov_124982,E Tsvetkov,-2,0,30,40,-10,70,2021-07-26 10:50:00,505024
Oleksandr Lysak_1840879733,Oleksandr Lysak,-2,0,33,38,-5,71,2021-07-26 10:50:00,505025
Maksym Mrykh_169107,Maksym Mrykh,-3,0,32,40,-8,72,2021-07-26 10:50:00,505026
Mariana Hryhoruk_169039,Mariana Hryhoruk,-1,0,43,47,-4,90,2021-07-26 10:50:00,505027
D Kolesnikov_124980,D Kolesnikov,-3,0,20,33,-13,53,2021-07-26 10:53:00,505028
Anton Myrza_1164778975,Anton Myrza,3,1,35,19,16,54,2021-07-26 10:55:00,505029
Ihor Kovalenko_169117,Ihor Kovalenko,-1,0,44,47,-3,91,2021-07-26 10:55:00,505030
Oleg Mikluha_1561731551,Oleg Mikluha,-2,0,29,40,-11,69,2021-07-26 11:00:00,505031
Kyrylo Tkachenko_169132,Kyrylo Tkachenko,3,1,33,17,16,50,2021-07-26 11:00:00,505032
Jo Belovsky_27987,Jo Belovsky,-1,0,34,50,-16,84,2021-07-26 11:00:00,505033
Olha Yureneva_169295,Olha Yureneva,2,1,35,31,4,66,2021-07-26 11:00:00,505034
Milan Obertik_169267,Milan Obertik,3,1,37,22,15,59,2021-07-26 11:00:00,505035
I Sergeevich_124979,I Sergeevich,-3,0,14,33,-19,47,2021-07-26 11:02:00,505036
Nazarii Hrytsyienko_1748776387,Nazarii Hrytsyienko,3,1,34,20,14,54,2021-07-26 11:05:00,505037
Roman Hnoievoi_169064,Roman Hnoievoi,1,1,45,42,3,87,2021-07-26 11:05:00,505038
Oleksandr Ivchuk_169079,Oleksandr Ivchuk,1,1,45,44,1,89,2021-07-26 11:10:00,505039
Andrii Hordii_1930719825,Andrii Hordii,-3,0,20,33,-13,53,2021-07-26 11:10:00,505040
Vadym Komar_393558695,Vadym Komar,2,1,39,35,4,74,2021-07-26 11:15:00,505041
Serhii Poliakov_1636474980,Serhii Poliakov,1,1,44,46,-2,90,2021-07-26 11:15:00,505042
Oleksandr Goncharuk_169094,Oleksandr Goncharuk,1,1,47,39,8,86,2021-07-26 11:15:00,505043
V Sinkovskiy_124983,V Sinkovskiy,-3,0,22,34,-12,56,2021-07-26 11:15:00,505044
A Batalov_124981,A Batalov,-3,0,27,34,-7,61,2021-07-26 11:17:00,505045
Iryna Konkulovska_169040,Iryna Konkulovska,3,1,33,22,11,55,2021-07-26 11:20:00,505046
Bohdan Havryliuk_169108,Bohdan Havryliuk,-1,0,39,52,-13,91,2021-07-26 11:20:00,505047
Bohdan Kohut_552458226,Bohdan Kohut,3,1,33,18,15,51,2021-07-26 11:20:00,505048
Alexey Hladkykh_1658112571,Alexey Hladkykh,-1,0,52,49,3,101,2021-07-26 11:25:00,505049
Oleksandr Gress_169118,Oleksandr Gress,-2,0,25,43,-18,68,2021-07-26 11:25:00,505050
Yana Mykhailyk_169296,Yana Mykhailyk,-3,0,23,33,-10,56,2021-07-26 11:30:00,505051
Anatolii Zapletniuk_46077482,Anatolii Zapletniuk,2,1,45,36,9,81,2021-07-26 11:30:00,505052
Jiri Cerny_169268,Jiri Cerny,-2,0,35,42,-7,77,2021-07-26 11:30:00,505053
Serhii Prus_169133,Serhii Prus,2,1,42,34,8,76,2021-07-26 11:30:00,505054
F Just_27988,F Just,1,1,50,35,15,85,2021-07-26 11:31:00,505055
A Komarov_124898,A Komarov,-3,0,21,33,-12,54,2021-07-26 11:33:00,505056
Oleksandr Lykhytskyi_169065,Oleksandr Lykhytskyi,-1,0,53,54,-1,107,2021-07-26 11:35:00,505057
Andrii Sydorenko_521373765,Andrii Sydorenko,1,1,45,43,2,88,2021-07-26 11:35:00,505058
Yevhen Hasan_169080,Yevhen Hasan,1,1,48,47,1,95,2021-07-26 11:40:00,505059
Dmytro Vakhta_1925371358,Dmytro Vakhta,-3,0,10,33,-23,43,2021-07-26 11:40:00,505060
I Minchenkov_124864,I Minchenkov,2,1,34,35,-1,69,2021-07-26 11:44:00,505061
Volodymyr Plishylo_710535858,Volodymyr Plishylo,-2,0,37,41,-4,78,2021-07-26 11:45:00,505062
Oleh Yurenev_169095,Oleh Yurenev,-1,0,55,55,0,110,2021-07-26 11:45:00,505063
A Klavdenkov_124938,A Klavdenkov,3,1,33,23,10,56,2021-07-26 11:48:00,505064
Igor Maksymchuk_1644588179,Igor Maksymchuk,-1,0,47,51,-4,98,2021-07-26 11:50:00,505065
Maksym Mrykh_169109,Maksym Mrykh,3,1,33,20,13,53,2021-07-26 11:50:00,505066
Pavlo Plushch_484888162,Pavlo Plushch,2,1,37,33,4,70,2021-07-26 11:50:00,505067
Olha Umantsyv_169041,Olha Umantsyv,1,1,44,37,7,81,2021-07-26 11:50:00,505068
Oleksandr Tuzhylin_93932417,Oleksandr Tuzhylin,2,1,43,33,10,76,2021-07-26 11:55:00,505069
Serhii Bohach_169119,Serhii Bohach,-3,0,20,34,-14,54,2021-07-26 11:55:00,505070
Yuliia Ishchenko_169310,Yuliia Ishchenko,3,1,36,23,13,59,2021-07-26 12:00:00,505071
Anton Maslov_1709685349,Anton Maslov,-2,0,30,41,-11,71,2021-07-26 12:00:00,505072
Kyrylo Tkachenko_169134,Kyrylo Tkachenko,3,1,33,21,12,54,2021-07-26 12:00:00,505073
A Kazakov_124899,A Kazakov,3,1,33,19,14,52,2021-07-26 12:01:00,505074
Ruslan Solomko_169066,Ruslan Solomko,1,1,48,41,7,89,2021-07-26 12:05:00,505075
J Pozarsky_28019,J Pozarsky,-1,0,40,45,-5,85,2021-07-26 12:05:00,505076
Tomas Cerveny_169315,Tomas Cerveny,2,1,43,36,7,79,2021-07-26 12:05:00,505077
Serhii Gergeliuk_1632543862,Serhii Gergeliuk,-2,0,41,46,-5,87,2021-07-26 12:05:00,505078
Maxim Naumchuk_1765416963,Maxim Naumchuk,-2,0,28,41,-13,69,2021-07-26 12:10:00,505079
Viktor Yevtodii_169081,Viktor Yevtodii,-2,0,42,44,-2,86,2021-07-26 12:10:00,505080
A Lobanov_124865,A Lobanov,2,1,42,26,16,68,2021-07-26 12:15:00,505081
Dmytro Kunchurov_169096,Dmytro Kunchurov,-2,0,37,44,-7,81,2021-07-26 12:15:00,505082
Davyd Symonchuk_834758002,Davyd Symonchuk,-3,0,18,33,-15,51,2021-07-26 12:15:00,505083
D Petrochenko_124939,D Petrochenko,3,1,36,27,9,63,2021-07-26 12:17:00,505084
Romana Faflei_169042,Romana Faflei,-2,0,31,44,-13,75,2021-07-26 12:20:00,505085
Nazarii Kovalchuk_1299025959,Nazarii Kovalchuk,1,1,47,44,3,91,2021-07-26 12:20:00,505086
Oleg Kolivay_169110,Oleg Kolivay,-3,0,23,33,-10,56,2021-07-26 12:20:00,505087
Artem Borysov_1957018136,Artem Borysov,-3,0,24,35,-11,59,2021-07-26 12:25:00,505088
Pavlo Pyasta_1382233238,Pavlo Pyasta,2,1,38,34,4,72,2021-07-26 12:25:00,505089
Yevhen Khurtak_169120,Yevhen Khurtak,-1,0,46,46,0,92,2021-07-26 12:25:00,505090
Oleksandr Shpak_169135,Oleksandr Shpak,3,1,33,18,15,51,2021-07-26 12:30:00,505091
Anton Limonov_481806642,Anton Limonov,-3,0,24,33,-9,57,2021-07-26 12:30:00,505092
Nataliia Riabchenko_169298,Nataliia Riabchenko,-2,0,31,39,-8,70,2021-07-26 12:30:00,505093
L Adamec_28020,L Adamec,-2,0,30,41,-11,71,2021-07-26 12:32:00,505094
M Dukhin_124900,M Dukhin,-2,0,32,42,-10,74,2021-07-26 12:32:00,505095
Yurii Kolesnyk_169067,Yurii Kolesnyk,-1,0,45,52,-7,97,2021-07-26 12:35:00,505096
Oleh Obidnyi_1546456831,Oleh Obidnyi,-1,0,45,44,1,89,2021-07-26 12:35:00,505097
Milan Obertik_169316,Milan Obertik,1,1,48,39,9,87,2021-07-26 12:35:00,505098
Anton Myrza_1261501459,Anton Myrza,-1,0,51,50,1,101,2021-07-26 12:40:00,505099
Oleksandr Kolbasenko_169082,Oleksandr Kolbasenko,1,1,47,41,6,88,2021-07-26 12:40:00,505100
Volodymyr Kononikhin_169097,Volodymyr Kononikhin,-3,0,24,33,-9,57,2021-07-26 12:45:00,505101
Oleg Mikluha_197515825,Oleg Mikluha,-2,0,39,42,-3,81,2021-07-26 12:45:00,505102
D Razinkov_124940,D Razinkov,-2,0,27,38,-11,65,2021-07-26 12:46:00,505103
V Putilovsky_124866,V Putilovsky,-2,0,25,41,-16,66,2021-07-26 12:46:00,505104
Nazarii Hrytsyienko_150033205,Nazarii Hrytsyienko,-3,0,19,33,-14,52,2021-07-26 12:50:00,505105
Bohdan Havryliuk_169111,Bohdan Havryliuk,-1,0,48,50,-2,98,2021-07-26 12:50:00,505106
Andrii Hordii_330113494,Andrii Hordii,-2,0,30,43,-13,73,2021-07-26 12:55:00,505107
Ihor Kovalenko_169121,Ihor Kovalenko,-3,0,18,33,-15,51,2021-07-26 12:55:00,505108
Serhii Prus_169136,Serhii Prus,3,1,34,22,12,56,2021-07-26 13:00:00,505109
Serhii Poliakov_2073645935,Serhii Poliakov,-3,0,25,33,-8,58,2021-07-26 13:00:00,505110
Vadym Komar_1177316565,Vadym Komar,-1,0,47,49,-2,96,2021-07-26 13:00:00,505111
Petr Fiser_169269,Petr Fiser,-1,0,46,44,2,90,2021-07-26 13:00:00,505112
Romana Faflei_169317,Romana Faflei,-3,0,19,33,-14,52,2021-07-26 13:00:00,505113
R Hasmanda_27989,R Hasmanda,-2,0,31,42,-11,73,2021-07-26 13:02:00,505114
Roman Hnoievoi_169068,Roman Hnoievoi,2,1,43,33,10,76,2021-07-26 13:05:00,505115
Bohdan Sinkevych_604680350,Bohdan Sinkevych,3,1,33,18,15,51,2021-07-26 13:05:00,505116
Oleksandr Lysak_510364842,Oleksandr Lysak,-1,0,49,51,-2,100,2021-07-26 13:10:00,505117
Olha Yureneva_169319,Olha Yureneva,-1,0,45,50,-5,95,2021-07-26 13:10:00,505118
Oleksandr Ivchuk_169083,Oleksandr Ivchuk,1,1,52,38,14,90,2021-07-26 13:10:00,505119
Oleksandr Goncharuk_169098,Oleksandr Goncharuk,-3,0,23,33,-10,56,2021-07-26 13:15:00,505120
Serhii Gergeliuk_2031358867,Serhii Gergeliuk,3,1,34,27,7,61,2021-07-26 13:15:00,505121
P Medvedev_124867,P Medvedev,2,1,37,26,11,63,2021-07-26 13:16:00,505122
E Mishutin_124941,E Mishutin,1,1,45,47,-2,92,2021-07-26 13:16:00,505123
Tatyana De_125018,Tatyana De,-2,0,5,24,-19,29,2021-07-26 13:20:00,505124
Oleh Furman_2071840050,Oleh Furman,-1,0,41,41,0,82,2021-07-26 13:20:00,505125
Valentyn Lutsenko_169112,Valentyn Lutsenko,-3,0,20,33,-13,53,2021-07-26 13:20:00,505126
Andrii Kotik_1008414952,Andrii Kotik,-3,0,25,36,-11,61,2021-07-26 13:25:00,505127
Oleksandr Gress_169122,Oleksandr Gress,-2,0,31,40,-9,71,2021-07-26 13:25:00,505128
J Veselka_27990,J Veselka,2,1,40,31,9,71,2021-07-26 13:29:00,505129
Olena Kutkova_169318,Olena Kutkova,3,1,33,21,12,54,2021-07-26 13:30:00,505130
Nazarii Danyliuk_1103880572,Nazarii Danyliuk,-3,0,22,34,-12,56,2021-07-26 13:30:00,505131
Oleh Holiak_169137,Oleh Holiak,-2,0,32,42,-10,74,2021-07-26 13:30:00,505132
Vaclav Coubal_169270,Vaclav Coubal,-2,0,28,39,-11,67,2021-07-26 13:30:00,505133
V Kutin_124901,V Kutin,-2,0,30,39,-9,69,2021-07-26 13:32:00,505134
Dmytro Derevinskyi_2029802136,Dmytro Derevinskyi,-3,0,25,34,-9,59,2021-07-26 13:35:00,505135
Bohdan Zaika_878150161,Bohdan Zaika,1,1,51,44,7,95,2021-07-26 13:35:00,505136
Ruslan Solomko_169069,Ruslan Solomko,3,1,33,19,14,52,2021-07-26 13:35:00,505137
P Samsonov_125019,P Samsonov,2,1,28,23,5,51,2021-07-26 13:40:00,505138
Bohdan Kohut_1686536400,Bohdan Kohut,-2,0,22,43,-21,65,2021-07-26 13:40:00,505139
Viktor Yevtodii_169084,Viktor Yevtodii,1,1,55,48,7,103,2021-07-26 13:40:00,505140
Svitlana Yureneva_169320,Svitlana Yureneva,-2,0,29,41,-12,70,2021-07-26 13:40:00,505141
Anton Maslov_97423695,Anton Maslov,-3,0,20,33,-13,53,2021-07-26 13:45:00,505142
Dmytro Kunchurov_169099,Dmytro Kunchurov,-1,0,52,59,-7,111,2021-07-26 13:45:00,505143
Anton Myrza_568633454,Anton Myrza,-3,0,30,36,-6,66,2021-07-26 13:50:00,505144
Oleg Kolivay_169321,Oleg Kolivay,1,1,50,47,3,97,2021-07-26 13:50:00,505145
Serhii Bohach_169123,Serhii Bohach,-2,0,32,42,-10,74,2021-07-26 13:55:00,505146
Andrii Sydorenko_1561662141,Andrii Sydorenko,2,1,36,30,6,66,2021-07-26 13:55:00,505147
O Aratskaya_125020,O Aratskaya,1,1,30,26,4,56,2021-07-26 14:00:00,505148
Vaclav Coubal_169271,Vaclav Coubal,-2,0,40,40,0,80,2021-07-26 14:00:00,505149
Dmytro Vakhta_1809316164,Dmytro Vakhta,-2,0,29,37,-8,66,2021-07-26 14:00:00,505150
M Kolar_27991,M Kolar,-1,0,46,49,-3,95,2021-07-26 14:01:00,505151
M Dukhin_124902,M Dukhin,-2,0,23,39,-16,62,2021-07-26 14:03:00,505152
Roman Makarenko_169070,Roman Makarenko,3,1,34,27,7,61,2021-07-26 14:05:00,505153
Volodymyr Plishylo_1383123143,Volodymyr Plishylo,1,1,50,39,11,89,2021-07-26 14:05:00,505154
Kyrylo Tkachenko_169323,Kyrylo Tkachenko,-1,0,49,42,7,91,2021-07-26 14:10:00,505155
Vladyslav Mishchenko_169085,Vladyslav Mishchenko,-3,0,20,33,-13,53,2021-07-26 14:10:00,505156
Pavlo Plushch_1647568024,Pavlo Plushch,2,1,42,34,8,76,2021-07-26 14:10:00,505157
Igor Maksymchuk_2044056102,Igor Maksymchuk,-2,0,39,39,0,78,2021-07-26 14:10:00,505158
D Razinkov_124942,D Razinkov,-2,0,32,41,-9,73,2021-07-26 14:12:00,505159
V Putilovsky_124868,V Putilovsky,-2,0,35,38,-3,73,2021-07-26 14:12:00,505160
Anton Limonov_91604527,Anton Limonov,1,1,47,53,-6,100,2021-07-26 14:15:00,505161
Stefan Yakimenko_169100,Stefan Yakimenko,-2,0,35,40,-5,75,2021-07-26 14:15:00,505162
P Samsonov_125021,P Samsonov,-2,0,12,24,-12,36,2021-07-26 14:20:00,505163
Oleh Obidnyi_524894993,Oleh Obidnyi,2,1,41,26,15,67,2021-07-26 14:20:00,505164
Egor Kovpak_169322,Egor Kovpak,2,1,38,37,1,75,2021-07-26 14:20:00,505165
Ihor Kovalenko_169124,Ihor Kovalenko,2,1,45,33,12,78,2021-07-26 14:25:00,505166
Serhii Gergeliuk_1763663682,Serhii Gergeliuk,-1,0,53,56,-3,109,2021-07-26 14:25:00,505167
A Kazakov_124903,A Kazakov,-3,0,25,39,-14,64,2021-07-26 14:27:00,505168
Oleg Mikluha_1219084065,Oleg Mikluha,-1,0,44,45,-1,89,2021-07-26 14:30:00,505169
Petr Fiser_169272,Petr Fiser,-2,0,39,49,-10,88,2021-07-26 14:30:00,505170
A Lobanov_124869,A Lobanov,2,1,44,32,12,76,2021-07-26 14:33:00,505171
Nazarii Hrytsyienko_565156278,Nazarii Hrytsyienko,3,1,33,21,12,54,2021-07-26 14:35:00,505172
Ruslan Solomko_169071,Ruslan Solomko,-2,0,37,41,-4,78,2021-07-26 14:35:00,505173
D Petrochenko_124943,D Petrochenko,2,1,44,30,14,74,2021-07-26 14:35:00,505174
Viktor Yevtodii_169086,Viktor Yevtodii,2,1,47,43,4,90,2021-07-26 14:40:00,505175
Oleksandr Shpak_169324,Oleksandr Shpak,-3,0,29,35,-6,64,2021-07-26 14:40:00,505176
Vasyl Verbianyi_454585762,Vasyl Verbianyi,3,1,35,22,13,57,2021-07-26 14:40:00,505177
Ja Prokupek_27992,Ja Prokupek,-3,0,26,33,-7,59,2021-07-26 14:44:00,505178
Dmytro Kunchurov_169101,Dmytro Kunchurov,3,1,33,21,12,54,2021-07-26 14:45:00,505179
Vadym Komar_2095908381,Vadym Komar,1,1,49,45,4,94,2021-07-26 14:45:00,505180
Bohdan Zaika_1637490339,Bohdan Zaika,-1,0,46,52,-6,98,2021-07-26 14:45:00,505181
Vitalii Lievshin_943740304,Vitalii Lievshin,3,1,34,22,12,56,2021-07-26 14:50:00,505182
Anatolii Meliushko_169125,Anatolii Meliushko,-1,0,44,43,1,87,2021-07-26 14:55:00,505183
M Dukhin_125056,M Dukhin,-1,0,51,53,-2,104,2021-07-26 14:59:00,505184
Anatolii Zapletniuk_292547633,Anatolii Zapletniuk,-1,0,36,44,-8,80,2021-07-26 15:00:00,505185
Vaclav Strejc_169273,Vaclav Strejc,3,1,36,18,18,54,2021-07-26 15:00:00,505186
V Putilovsky_125058,V Putilovsky,1,1,48,47,1,95,2021-07-26 15:02:00,505187
Oleksandr Lykhytskyi_169072,Oleksandr Lykhytskyi,1,1,54,52,2,106,2021-07-26 15:05:00,505188
Anatolii Hritchenko_54329067,Anatolii Hritchenko,3,1,35,23,12,58,2021-07-26 15:05:00,505189
D Razinkov_125060,D Razinkov,2,1,46,33,13,79,2021-07-26 15:06:00,505190
M Kolar_27993,M Kolar,-3,0,15,33,-18,48,2021-07-26 15:07:00,505191
Yevhen Hasan_169087,Yevhen Hasan,1,1,50,43,7,93,2021-07-26 15:10:00,505192
Andrii Kotik_1747514442,Andrii Kotik,-2,0,29,44,-15,73,2021-07-26 15:10:00,505193
Oleh Yurenev_169102,Oleh Yurenev,2,1,43,29,14,72,2021-07-26 15:15:00,505194
Nazarii Kovalchuk_1616762723,Nazarii Kovalchuk,-1,0,48,54,-6,102,2021-07-26 15:15:00,505195
Pavlo Pyasta_971203826,Pavlo Pyasta,3,1,33,23,10,56,2021-07-26 15:20:00,505196
Serhii Rak_169138,Serhii Rak,-2,0,24,42,-18,66,2021-07-26 15:20:00,505197
Pavlo Plushch_1747020399,Pavlo Plushch,3,1,33,18,15,51,2021-07-26 15:20:00,505198
Ihor Kovalenko_169126,Ihor Kovalenko,3,1,34,24,10,58,2021-07-26 15:25:00,505199
Anton Limonov_1505841732,Anton Limonov,1,1,52,46,6,98,2021-07-26 15:25:00,505200
J Veselka_27994,J Veselka,2,1,41,29,12,70,2021-07-26 15:30:00,505201
Vladyslav Pavliuk_169153,Vladyslav Pavliuk,1,1,46,43,3,89,2021-07-26 15:30:00,505202
Petr Fiser_169274,Petr Fiser,3,1,34,20,14,54,2021-07-26 15:30:00,505203
P Medvedev_125059,P Medvedev,-1,0,45,46,-1,91,2021-07-26 15:33:00,505204
Mykola Polysynskyi_169183,Mykola Polysynskyi,3,1,36,28,8,64,2021-07-26 15:35:00,505205
Roman Sukhomlyn_1108105735,Roman Sukhomlyn,2,1,36,32,4,68,2021-07-26 15:35:00,505206
A Komarov_125057,A Komarov,1,1,44,38,6,82,2021-07-26 15:35:00,505207
A Klavdenkov_125061,A Klavdenkov,1,1,46,44,2,90,2021-07-26 15:39:00,505208
Dmitriy Zaporozhets_531883967,Dmitriy Zaporozhets,2,1,38,30,8,68,2021-07-26 15:40:00,505209
Alisa Dubrova_169198,Alisa Dubrova,2,1,43,42,1,85,2021-07-26 15:40:00,505210
Bohdan Yurka_169208,Bohdan Yurka,3,1,34,23,11,57,2021-07-26 15:45:00,505211
Oleh Bindas_169139,Oleh Bindas,3,1,37,26,11,63,2021-07-26 15:50:00,505212
Vitalii Zharskiy_313520200,Vitalii Zharskiy,3,1,33,21,12,54,2021-07-26 15:50:00,505213
Yevhen Khurtak_169127,Yevhen Khurtak,-2,0,34,41,-7,75,2021-07-26 15:55:00,505214
Dmitriy Lebed_404949032,Dmitriy Lebed,2,1,42,37,5,79,2021-07-26 15:55:00,505215
Andrii Samofalov_169154,Andrii Samofalov,-3,0,25,34,-9,59,2021-07-26 16:00:00,505216
Daniel Skopec_169325,Daniel Skopec,-1,0,40,45,-5,85,2021-07-26 16:00:00,505217
Oleksandr Tuzhylin_140802471,Oleksandr Tuzhylin,1,1,49,39,10,88,2021-07-26 16:00:00,505218
M Kolar_28045,M Kolar,-2,0,26,43,-17,69,2021-07-26 16:02:00,505219
O Belugin_124870,O Belugin,3,1,33,24,9,57,2021-07-26 16:03:00,505220
Maksym Balakiriev_169184,Maksym Balakiriev,1,1,50,44,6,94,2021-07-26 16:05:00,505221
M Sverdlov_124910,M Sverdlov,-3,0,25,34,-9,59,2021-07-26 16:06:00,505222
Anastasiia Kozak_169199,Anastasiia Kozak,2,1,45,39,6,84,2021-07-26 16:10:00,505223
Adam Krasutskyi_2120993629,Adam Krasutskyi,3,1,33,19,14,52,2021-07-26 16:10:00,505224
D Balakin_124944,D Balakin,-1,0,44,47,-3,91,2021-07-26 16:13:00,505225
Serhii Illiushchenko_1261284233,Serhii Illiushchenko,2,1,43,31,12,74,2021-07-26 16:15:00,505226
Iulii Khomutovskyi_169209,Iulii Khomutovskyi,1,1,46,45,1,91,2021-07-26 16:15:00,505227
S Ovechkin_124871,S Ovechkin,-3,0,26,33,-7,59,2021-07-26 16:19:00,505228
Nazar Mosiuk_169140,Nazar Mosiuk,-2,0,36,38,-2,74,2021-07-26 16:20:00,505229
Aleksandr Tulenin_246055589,Aleksandr Tulenin,-2,0,31,42,-11,73,2021-07-26 16:20:00,505230
Andrii Zeniuk_1908942328,Andrii Zeniuk,-3,0,21,33,-12,54,2021-07-26 16:25:00,505231
Kostiantyn Kovalchuk_169223,Kostiantyn Kovalchuk,1,1,46,43,3,89,2021-07-26 16:25:00,505232
S Kulikov_124911,S Kulikov,1,1,48,36,12,84,2021-07-26 16:27:00,505233
Vaclav Coubal_169326,Vaclav Coubal,-2,0,31,42,-11,73,2021-07-26 16:30:00,505234
Valerii Hries_169155,Valerii Hries,3,1,33,13,20,46,2021-07-26 16:30:00,505235
Oleksandr Naida_895939430,Oleksandr Naida,-2,0,32,37,-5,69,2021-07-26 16:30:00,505236
Serhii Pitsyk_169185,Serhii Pitsyk,-3,0,20,33,-13,53,2021-07-26 16:35:00,505237
Andriy Chermenskyi_1281008661,Andriy Chermenskyi,-2,0,36,36,0,72,2021-07-26 16:35:00,505238
Ja Prokupek_28046,Ja Prokupek,-3,0,24,33,-9,57,2021-07-26 16:36:00,505239
Eduard Rubtsov_2069824202,Eduard Rubtsov,3,1,33,24,9,57,2021-07-26 16:40:00,505240
Alisa Dubrova_169200,Alisa Dubrova,3,1,33,15,18,48,2021-07-26 16:40:00,505241
Roman Sukhomlyn_1035291462,Roman Sukhomlyn,-1,0,46,50,-4,96,2021-07-26 16:45:00,505242
S Lanin_124872,S Lanin,-2,0,36,43,-7,79,2021-07-26 16:45:00,505243
Vladyslav Stukalov_169210,Vladyslav Stukalov,1,1,51,42,9,93,2021-07-26 16:45:00,505244
Dmitriy Zaporozhets_110953336,Dmitriy Zaporozhets,-3,0,24,33,-9,57,2021-07-26 16:50:00,505245
Oleh Bindas_169141,Oleh Bindas,1,1,49,44,5,93,2021-07-26 16:50:00,505246
V Shirshov_124945,V Shirshov,2,1,47,40,7,87,2021-07-26 16:52:00,505247
Viktor Trachuk_618800938,Viktor Trachuk,1,1,48,48,0,96,2021-07-26 16:55:00,505248
Yevhen Bielokon_169224,Yevhen Bielokon,-2,0,33,42,-9,75,2021-07-26 16:55:00,505249
E Anisimov_124912,E Anisimov,-3,0,19,33,-14,52,2021-07-26 16:57:00,505250
Filip Marat_169275,Filip Marat,-1,0,50,40,10,90,2021-07-26 17:00:00,505251
Vitalii Zharskiy_1284024322,Vitalii Zharskiy,2,1,40,34,6,74,2021-07-26 17:00:00,505252
Andrii Samofalov_169156,Andrii Samofalov,-2,0,38,44,-6,82,2021-07-26 17:00:00,505253
K Brozik_28001,K Brozik,-1,0,41,51,-10,92,2021-07-26 17:01:00,505254
Maksym Balakiriev_169186,Maksym Balakiriev,-3,0,21,33,-12,54,2021-07-26 17:05:00,505255
Dmitriy Lebed_2108479679,Dmitriy Lebed,2,1,38,30,8,68,2021-07-26 17:05:00,505256
Viktoriia Husieva_169201,Viktoriia Husieva,-1,0,46,44,2,90,2021-07-26 17:10:00,505257
Andriy Chermenskyi_1196255022,Andriy Chermenskyi,3,1,38,28,10,66,2021-07-26 17:10:00,505258
Andrii Herasymenko_1148208348,Andrii Herasymenko,-1,0,36,51,-15,87,2021-07-26 17:15:00,505259
Iulii Khomutovskyi_169211,Iulii Khomutovskyi,3,1,33,13,20,46,2021-07-26 17:15:00,505260
A Krotkov_124873,A Krotkov,-1,0,44,50,-6,94,2021-07-26 17:15:00,505261
V Nemashkalo_124913,V Nemashkalo,1,1,49,46,3,95,2021-07-26 17:17:00,505262
Adam Krasutskyi_981339411,Adam Krasutskyi,-2,0,35,45,-10,80,2021-07-26 17:20:00,505263
Serhii Rak_169142,Serhii Rak,2,1,39,35,4,74,2021-07-26 17:20:00,505264
D Molodtsov_124946,D Molodtsov,-1,0,44,41,3,85,2021-07-26 17:24:00,505265
Roman Yushko_169225,Roman Yushko,2,1,48,36,12,84,2021-07-26 17:25:00,505266
Serhii Illiushchenko_1308399374,Serhii Illiushchenko,-3,0,17,33,-16,50,2021-07-26 17:25:00,505267
Aleksandr Tulenin_528658835,Aleksandr Tulenin,3,1,34,22,12,56,2021-07-26 17:30:00,505268
M Huk_28002,M Huk,-3,0,29,35,-6,64,2021-07-26 17:30:00,505269
Jonas Kulveit_169276,Jonas Kulveit,-1,0,48,53,-5,101,2021-07-26 17:30:00,505270
Vladyslav Pavliuk_169157,Vladyslav Pavliuk,-3,0,17,33,-16,50,2021-07-26 17:30:00,505271
Serhii Rutskyi_859465153,Serhii Rutskyi,-3,0,27,34,-7,61,2021-07-26 17:35:00,505272
Mykola Polysynskyi_169187,Mykola Polysynskyi,2,1,38,37,1,75,2021-07-26 17:35:00,505273
Anastasiia Kozak_169202,Anastasiia Kozak,2,1,42,27,15,69,2021-07-26 17:40:00,505274
Vadym Grushko_725045580,Vadym Grushko,-1,0,40,50,-10,90,2021-07-26 17:40:00,505275
Bohdan Yurka_169212,Bohdan Yurka,-1,0,45,49,-4,94,2021-07-26 17:45:00,505276
Eduard Rubtsov_705094583,Eduard Rubtsov,2,1,39,33,6,72,2021-07-26 17:45:00,505277
S Lanin_124874,S Lanin,-1,0,47,53,-6,100,2021-07-26 17:47:00,505278
Andriy Chermenskyi_763995341,Andriy Chermenskyi,-3,0,25,33,-8,58,2021-07-26 17:50:00,505279
Yaroslav Kravets_169143,Yaroslav Kravets,-2,0,33,41,-8,74,2021-07-26 17:50:00,505280
Yevhen Bielokon_169226,Yevhen Bielokon,-1,0,47,46,1,93,2021-07-26 17:55:00,505281
Roman Sukhomlyn_835706700,Roman Sukhomlyn,3,1,33,20,13,53,2021-07-26 17:55:00,505282
E Anisimov_124914,E Anisimov,-2,0,39,46,-7,85,2021-07-26 17:55:00,505283
V Demchenko_124947,V Demchenko,3,1,33,20,13,53,2021-07-26 17:57:00,505284
Serhii Solomko_169158,Serhii Solomko,-1,0,36,45,-9,81,2021-07-26 18:00:00,505285
D Brumlich_28003,D Brumlich,-2,0,40,41,-1,81,2021-07-26 18:00:00,505286
Jonas Kulveit_169277,Jonas Kulveit,3,1,34,25,9,59,2021-07-26 18:00:00,505287
Dmitriy Zaporozhets_1418599130,Dmitriy Zaporozhets,3,1,33,20,13,53,2021-07-26 18:00:00,505288
Vladimir Malashevsky_55558871,Vladimir Malashevsky,2,1,37,33,4,70,2021-07-26 18:05:00,505289
Oleksandr Shapoval_169188,Oleksandr Shapoval,-2,0,28,41,-13,69,2021-07-26 18:05:00,505290
Alisa Dubrova_169203,Alisa Dubrova,1,1,51,51,0,102,2021-07-26 18:10:00,505291
Andrii Zeniuk_541969970,Andrii Zeniuk,-2,0,30,42,-12,72,2021-07-26 18:10:00,505292
Oleksandr Naida_196086409,Oleksandr Naida,2,1,42,34,8,76,2021-07-26 18:15:00,505293
Maksym Kozhevnikov_169213,Maksym Kozhevnikov,-3,0,27,34,-7,61,2021-07-26 18:15:00,505294
D Molodtsov_124948,D Molodtsov,-2,0,22,38,-16,60,2021-07-26 18:15:00,505295
S Ovechkin_124875,S Ovechkin,-2,0,40,49,-9,89,2021-07-26 18:16:00,505296
S Kulikov_124915,S Kulikov,-1,0,42,52,-10,94,2021-07-26 18:19:00,505297
Andrii Herasymenko_1939129906,Andrii Herasymenko,1,1,46,40,6,86,2021-07-26 18:20:00,505298
Nazar Mosiuk_169144,Nazar Mosiuk,-2,0,33,41,-8,74,2021-07-26 18:20:00,505299
Kostiantyn Kovalchuk_169227,Kostiantyn Kovalchuk,-1,0,43,51,-8,94,2021-07-26 18:25:00,505300
Eduard Rubtsov_1938806923,Eduard Rubtsov,3,1,33,22,11,55,2021-07-26 18:25:00,505301
Nikita Korbut_1700117436,Nikita Korbut,3,1,33,23,10,56,2021-07-26 18:30:00,505302
Filip Marat_169278,Filip Marat,-2,0,37,36,1,73,2021-07-26 18:30:00,505303
Valerii Hries_169159,Valerii Hries,-2,0,35,41,-6,76,2021-07-26 18:30:00,505304
T Postelt_28004,T Postelt,3,1,35,21,14,56,2021-07-26 18:31:00,505305
Serhii Pitsyk_169189,Serhii Pitsyk,-2,0,40,43,-3,83,2021-07-26 18:35:00,505306
Pavlo Chyzh_586442082,Pavlo Chyzh,-2,0,32,36,-4,68,2021-07-26 18:35:00,505307
Viktor Trachuk_2001501195,Viktor Trachuk,3,1,39,30,9,69,2021-07-26 18:40:00,505308
Anastasiia Kozak_169204,Anastasiia Kozak,1,1,48,46,2,94,2021-07-26 18:40:00,505309
V Shirshov_124949,V Shirshov,-1,0,44,44,0,88,2021-07-26 18:44:00,505310
Vladyslav Stukalov_169214,Vladyslav Stukalov,3,1,38,32,6,70,2021-07-26 18:45:00,505311
Vitalii Zharskiy_1090961778,Vitalii Zharskiy,1,1,57,51,6,108,2021-07-26 18:45:00,505312
Oleh Bindas_169145,Oleh Bindas,-3,0,23,33,-10,56,2021-07-26 18:50:00,505313
Dmitriy Lebed_1179174458,Dmitriy Lebed,3,1,33,21,12,54,2021-07-26 18:50:00,505314
Rodion Pirveli_30876358,Rodion Pirveli,2,1,41,30,11,71,2021-07-26 18:55:00,505315
S Ovechkin_125102,S Ovechkin,2,1,42,37,5,79,2021-07-26 18:55:00,505316
Roman Bambutsa_169228,Roman Bambutsa,2,1,45,32,13,77,2021-07-26 18:55:00,505317
Andrii Samofalov_169160,Andrii Samofalov,-2,0,29,43,-14,72,2021-07-26 19:00:00,505318
Andriy Chermenskyi_780576709,Andriy Chermenskyi,2,1,38,36,2,74,2021-07-26 19:00:00,505319
D Brumlich_28005,D Brumlich,-2,0,45,49,-4,94,2021-07-26 19:00:00,505320
E Anisimov_125104,E Anisimov,-1,0,51,44,7,95,2021-07-26 19:00:00,505321
Stepan Rejent_169279,Stepan Rejent,-2,0,35,44,-9,79,2021-07-26 19:00:00,505322
Maksym Balakiriev_169190,Maksym Balakiriev,2,1,38,33,5,71,2021-07-26 19:05:00,505323
Adam Krasutskyi_1581775128,Adam Krasutskyi,-1,0,44,51,-7,95,2021-07-26 19:05:00,505324
Viktoriia Husieva_169205,Viktoriia Husieva,-1,0,44,47,-3,91,2021-07-26 19:10:00,505325
Serhii Illiushchenko_1087676828,Serhii Illiushchenko,-3,0,29,35,-6,64,2021-07-26 19:10:00,505326
Aleksandr Tulenin_978554605,Aleksandr Tulenin,1,1,51,40,11,91,2021-07-26 19:15:00,505327
Iulii Khomutovskyi_169215,Iulii Khomutovskyi,2,1,38,30,8,68,2021-07-26 19:15:00,505328
S Lanin_125103,S Lanin,1,1,49,44,5,93,2021-07-26 19:18:00,505329
D Molodtsov_125106,D Molodtsov,1,1,51,47,4,98,2021-07-26 19:19:00,505330
Serhii Rak_169146,Serhii Rak,-1,0,41,56,-15,97,2021-07-26 19:20:00,505331
Andrii Martyniuk_169238,Andrii Martyniuk,-1,0,48,46,2,94,2021-07-26 19:20:00,505332
Serhii Rutskyi_1128701466,Serhii Rutskyi,-3,0,25,34,-9,59,2021-07-26 19:20:00,505333
Roman Yushko_169229,Roman Yushko,2,1,48,44,4,92,2021-07-26 19:25:00,505334
Vadym Grushko_1591912229,Vadym Grushko,-3,0,25,33,-8,58,2021-07-26 19:25:00,505335
M Sverdlov_125105,M Sverdlov,-3,0,21,33,-12,54,2021-07-26 19:29:00,505336
Vladyslav Pavliuk_169161,Vladyslav Pavliuk,-1,0,45,50,-5,95,2021-07-26 19:30:00,505337
Filip Marat_169280,Filip Marat,-2,0,41,41,0,82,2021-07-26 19:30:00,505338
Andriy Chermenskyi_764073221,Andriy Chermenskyi,1,1,48,46,2,94,2021-07-26 19:30:00,505339
M Huk_28006,M Huk,2,1,38,37,1,75,2021-07-26 19:30:00,505340
Rodion Pirveli_846687659,Rodion Pirveli,1,1,50,52,-2,102,2021-07-26 19:35:00,505341
Mykola Polysynskyi_169191,Mykola Polysynskyi,3,1,33,16,17,49,2021-07-26 19:35:00,505342
Alisa Dubrova_169206,Alisa Dubrova,-3,0,26,35,-9,61,2021-07-26 19:40:00,505343
Roman Sukhomlyn_1590727844,Roman Sukhomlyn,-2,0,30,44,-14,74,2021-07-26 19:40:00,505344
B Grebenyuk_124876,B Grebenyuk,2,1,37,35,2,72,2021-07-26 19:45:00,505345
Bohdan Yurka_169216,Bohdan Yurka,-2,0,32,41,-9,73,2021-07-26 19:45:00,505346
Dmitriy Zaporozhets_1248261992,Dmitriy Zaporozhets,1,1,49,41,8,90,2021-07-26 19:45:00,505347
V Chernov_124916,V Chernov,-3,0,18,33,-15,51,2021-07-26 19:48:00,505348
Yaroslav Kravets_169147,Yaroslav Kravets,-3,0,21,33,-12,54,2021-07-26 19:50:00,505349
Vladimir Malashevsky_2072752174,Vladimir Malashevsky,-2,0,28,41,-13,69,2021-07-26 19:50:00,505350
Vasyl Kondratenko_169239,Vasyl Kondratenko,-2,0,34,41,-7,75,2021-07-26 19:50:00,505351
Andrii Zeniuk_211987307,Andrii Zeniuk,-2,0,30,41,-11,71,2021-07-26 19:55:00,505352
D Balakin_125107,D Balakin,-2,0,26,40,-14,66,2021-07-26 19:55:00,505353
Yevhen Bielokon_169230,Yevhen Bielokon,-1,0,51,51,0,102,2021-07-26 19:55:00,505354
M Huk_28047,M Huk,3,1,33,25,8,58,2021-07-26 20:00:00,505355
Serhii Solomko_169162,Serhii Solomko,3,1,33,23,10,56,2021-07-26 20:00:00,505356
Oleksandr Naida_1441589554,Oleksandr Naida,1,1,43,37,6,80,2021-07-26 20:00:00,505357
Oleksandr Shapoval_169192,Oleksandr Shapoval,-2,0,36,39,-3,75,2021-07-26 20:05:00,505358
M Dukhin_124917,M Dukhin,-3,0,14,33,-19,47,2021-07-26 20:05:00,505359
Prokhor Puhach_913898907,Prokhor Puhach,-2,0,34,39,-5,73,2021-07-26 20:05:00,505360
Anastasiia Moskaliuk_169207,Anastasiia Moskaliuk,3,1,33,20,13,53,2021-07-26 20:10:00,505361
Oleksii Tiutiunnyk_1036693209,Oleksii Tiutiunnyk,1,1,48,38,10,86,2021-07-26 20:10:00,505362
Adam Krasutskyi_1449241485,Adam Krasutskyi,-2,0,35,44,-9,79,2021-07-26 20:15:00,505363
Maksym Kozhevnikov_169217,Maksym Kozhevnikov,3,1,35,26,9,61,2021-07-26 20:15:00,505364
Adam Sochor_169611,Adam Sochor,-1,0,51,57,-6,108,2021-07-26 20:15:00,505365
D Petrochenko_124877,D Petrochenko,2,1,41,34,7,75,2021-07-26 20:16:00,505366
Serhii Illiushchenko_1998989171,Serhii Illiushchenko,-3,0,22,34,-12,56,2021-07-26 20:20:00,505367
A Sirotkin_124950,A Sirotkin,-2,0,36,43,-7,79,2021-07-26 20:20:00,505368
Andrii Martyniuk_169240,Andrii Martyniuk,-2,0,27,41,-14,68,2021-07-26 20:20:00,505369
Nazar Mosiuk_169148,Nazar Mosiuk,-3,0,21,34,-13,55,2021-07-26 20:20:00,505370
Viktor Trachuk_973607721,Viktor Trachuk,2,1,44,33,11,77,2021-07-26 20:25:00,505371
Kostiantyn Kovalchuk_169231,Kostiantyn Kovalchuk,2,1,44,37,7,81,2021-07-26 20:25:00,505372
K Brozik_28048,K Brozik,-2,0,31,40,-9,71,2021-07-26 20:30:00,505373
Maksym Mykhailovych_292688704,Maksym Mykhailovych,2,1,37,38,-1,75,2021-07-26 20:30:00,505374
E Makarenkov_124918,E Makarenkov,1,1,49,46,3,95,2021-07-26 20:30:00,505375
Valerii Hries_169163,Valerii Hries,3,1,33,16,17,49,2021-07-26 20:30:00,505376
Serhii Pitsyk_169193,Serhii Pitsyk,2,1,44,29,15,73,2021-07-26 20:35:00,505377
Spartak Abalmaz_1999554082,Spartak Abalmaz,1,1,47,41,6,88,2021-07-26 20:35:00,505378
Prokhor Puhach_651039617,Prokhor Puhach,1,1,54,50,4,104,2021-07-26 20:40:00,505379
Anastasiia Kozak_169613,Anastasiia Kozak,-1,0,45,40,5,85,2021-07-26 20:40:00,505380
Vladyslav Stukalov_169218,Vladyslav Stukalov,-2,0,27,42,-15,69,2021-07-26 20:45:00,505381
Serhii Kiilo_1956284142,Serhii Kiilo,1,1,46,44,2,90,2021-07-26 20:45:00,505382
Stepan Rejent_169612,Stepan Rejent,2,1,47,37,10,84,2021-07-26 20:45:00,505383
I Moshkov_124878,I Moshkov,-2,0,39,39,0,78,2021-07-26 20:45:00,505384
A Girevenkov_124951,A Girevenkov,3,1,33,20,13,53,2021-07-26 20:46:00,505385
Oleksandr Mytsyk_169241,Oleksandr Mytsyk,2,1,39,35,4,74,2021-07-26 20:50:00,505386
Roman Sukhomlyn_877363845,Roman Sukhomlyn,-2,0,34,38,-4,72,2021-07-26 20:50:00,505387
Serhii Rak_169149,Serhii Rak,-3,0,18,33,-15,51,2021-07-26 20:50:00,505388
Roman Bambutsa_169232,Roman Bambutsa,2,1,38,33,5,71,2021-07-26 20:55:00,505389
Dmitriy Zaporozhets_1350345372,Dmitriy Zaporozhets,-2,0,30,35,-5,65,2021-07-26 20:55:00,505390
Vladyslav Pavliuk_169164,Vladyslav Pavliuk,-1,0,46,43,3,89,2021-07-26 21:00:00,505391
Martin Prusa_169281,Martin Prusa,-2,0,33,40,-7,73,2021-07-26 21:00:00,505392
Viktor Kotov_826276683,Viktor Kotov,-3,0,23,34,-11,57,2021-07-26 21:00:00,505393
I Mihaylov_124919,I Mihaylov,2,1,43,23,20,66,2021-07-26 21:01:00,505394
K Novak_28007,K Novak,1,1,53,46,7,99,2021-07-26 21:01:00,505395
R Kobytov_124952,R Kobytov,-1,0,45,47,-2,92,2021-07-26 21:03:00,505396
Mykola Polysynskyi_169194,Mykola Polysynskyi,-2,0,41,48,-7,89,2021-07-26 21:05:00,505397
Vitalii Zharskiy_1720663090,Vitalii Zharskiy,1,1,46,46,0,92,2021-07-26 21:05:00,505398
Dmitriy Lebed_1915651718,Dmitriy Lebed,-3,0,24,35,-11,59,2021-07-26 21:10:00,505399
Nataliia Svydnytska_169614,Nataliia Svydnytska,-1,0,48,51,-3,99,2021-07-26 21:10:00,505400
D Tunitsyn_124879,D Tunitsyn,1,1,52,48,4,100,2021-07-26 21:15:00,505401
Oleksii Tiutiunnyk_788420359,Oleksii Tiutiunnyk,3,1,33,22,11,55,2021-07-26 21:15:00,505402
Bohdan Yurka_169219,Bohdan Yurka,1,1,59,53,6,112,2021-07-26 21:15:00,505403
Vasyl Kondratenko_169242,Vasyl Kondratenko,2,1,39,29,10,68,2021-07-26 21:20:00,505404
Denys Pesternikov_169150,Denys Pesternikov,2,1,40,36,4,76,2021-07-26 21:20:00,505405
Prokhor Puhach_1491650856,Prokhor Puhach,-2,0,33,42,-9,75,2021-07-26 21:20:00,505406
Adam Krasutskyi_204435749,Adam Krasutskyi,3,1,33,15,18,48,2021-07-26 21:25:00,505407
Roman Yushko_169233,Roman Yushko,-2,0,36,43,-7,79,2021-07-26 21:25:00,505408
Serhii Illiushchenko_1797143818,Serhii Illiushchenko,3,1,34,22,12,56,2021-07-26 21:30:00,505409
Jan Sr Krames_169282,Jan Sr Krames,2,1,44,36,8,80,2021-07-26 21:30:00,505410
I Afanasev_124953,I Afanasev,-3,0,28,39,-11,67,2021-07-26 21:30:00,505411
Vadym Kucheriavyi_169165,Vadym Kucheriavyi,-1,0,44,44,0,88,2021-07-26 21:30:00,505412
E Makarenkov_124920,E Makarenkov,-1,0,38,54,-16,92,2021-07-26 21:31:00,505413
T Andrle_28008,T Andrle,-1,0,37,51,-14,88,2021-07-26 21:31:00,505414
Aleksandr Tulenin_1818618283,Aleksandr Tulenin,1,1,46,42,4,88,2021-07-26 21:35:00,505415
Pavlo Volkov_169195,Pavlo Volkov,2,1,38,34,4,72,2021-07-26 21:35:00,505416
Serhii Rutskyi_974238793,Serhii Rutskyi,-1,0,54,53,1,107,2021-07-26 21:40:00,505417
Valentin Zaichenko_261793658,Valentin Zaichenko,2,1,36,34,2,70,2021-07-26 21:45:00,505418
Oleksandr Kochetkov_169220,Oleksandr Kochetkov,3,1,33,26,7,59,2021-07-26 21:45:00,505419
I Moshkov_124880,I Moshkov,-2,0,36,45,-9,81,2021-07-26 21:48:00,505420
Andrii Martyniuk_169243,Andrii Martyniuk,-2,0,32,41,-9,73,2021-07-26 21:50:00,505421
Serhii Kiilo_1180733598,Serhii Kiilo,-2,0,38,47,-9,85,2021-07-26 21:50:00,505422
Serhii Rak_169151,Serhii Rak,-1,0,45,49,-4,94,2021-07-26 21:50:00,505423
R Kobytov_124954,R Kobytov,-3,0,30,36,-6,66,2021-07-26 21:52:00,505424
Oleksii Tiutiunnyk_768220732,Oleksii Tiutiunnyk,-1,0,48,48,0,96,2021-07-26 21:55:00,505425
Kostiantyn Kovalchuk_169234,Kostiantyn Kovalchuk,3,1,35,24,11,59,2021-07-26 21:55:00,505426
Nikita Korbut_808747616,Nikita Korbut,1,1,47,46,1,93,2021-07-26 22:00:00,505427
Jan Sr Krames_169283,Jan Sr Krames,2,1,40,31,9,71,2021-07-26 22:00:00,505428
Vladyslav Pavliuk_169166,Vladyslav Pavliuk,1,1,51,45,6,96,2021-07-26 22:00:00,505429
Mykola Polysynskyi_169196,Mykola Polysynskyi,-3,0,25,34,-9,59,2021-07-26 22:05:00,505430
Pavlo Chyzh_1199592578,Pavlo Chyzh,3,1,34,23,11,57,2021-07-26 22:05:00,505431
M Cmunt_28009,M Cmunt,-2,0,36,41,-5,77,2021-07-26 22:08:00,505432
Vladimir Malashevsky_1349391844,Vladimir Malashevsky,-3,0,20,33,-13,53,2021-07-26 22:10:00,505433
M Dukhin_124921,M Dukhin,-1,0,51,45,6,96,2021-07-26 22:11:00,505434
Maksym Mykhailovych_2033310375,Maksym Mykhailovych,1,1,45,51,-6,96,2021-07-26 22:15:00,505435
Bohdan Yurka_169221,Bohdan Yurka,2,1,44,34,10,78,2021-07-26 22:15:00,505436
D Petrochenko_124881,D Petrochenko,-2,0,40,45,-5,85,2021-07-26 22:15:00,505437
A Girevenkov_124955,A Girevenkov,-3,0,18,33,-15,51,2021-07-26 22:16:00,505438
Vasyl Kondratenko_169244,Vasyl Kondratenko,-2,0,40,47,-7,87,2021-07-26 22:20:00,505439
Oleh Bindas_169152,Oleh Bindas,1,1,52,49,3,101,2021-07-26 22:20:00,505440
Dmitriy Lebed_1915475302,Dmitriy Lebed,1,1,47,44,3,91,2021-07-26 22:20:00,505441
Andrii Hrytsai_169235,Andrii Hrytsai,-3,0,15,33,-18,48,2021-07-26 22:25:00,505442
Pavlo Cherednichenko_848665340,Pavlo Cherednichenko,1,1,53,51,2,104,2021-07-26 22:25:00,505443
Martin Prusa_169284,Martin Prusa,-3,0,29,38,-9,67,2021-07-26 22:30:00,505444
Andrii Samofalov_169167,Andrii Samofalov,-3,0,28,34,-6,62,2021-07-26 22:30:00,505445
Prokhor Puhach_396304020,Prokhor Puhach,-2,0,32,39,-7,71,2021-07-26 22:30:00,505446
O Kucirek_28010,O Kucirek,-3,0,26,35,-9,61,2021-07-26 22:34:00,505447
Maksym Balakiriev_169197,Maksym Balakiriev,3,1,33,15,18,48,2021-07-26 22:35:00,505448
Iulii Khomutovskyi_169222,Iulii Khomutovskyi,-2,0,33,43,-10,76,2021-07-26 22:45:00,505449
Viktor Trachuk_689361619,Viktor Trachuk,-1,0,48,50,-2,98,2021-07-26 22:45:00,505450
I Moshkov_125110,I Moshkov,2,1,39,37,2,76,2021-07-26 22:46:00,505451
R Kobytov_125108,R Kobytov,3,1,33,20,13,53,2021-07-26 22:47:00,505452
M Dukhin_125112,M Dukhin,-1,0,43,52,-9,95,2021-07-26 22:49:00,505453
Oleksandr Mytsyk_169245,Oleksandr Mytsyk,3,1,36,24,12,60,2021-07-26 22:50:00,505454
Kostiantyn Kovalchuk_169236,Kostiantyn Kovalchuk,-2,0,34,44,-10,78,2021-07-26 22:55:00,505455
Ales Svoboda_169285,Ales Svoboda,1,1,42,43,-1,85,2021-07-26 23:00:00,505456
Prokhor Puhach_1491720552,Prokhor Puhach,1,1,42,44,-2,86,2021-07-26 23:00:00,505457
M Cmunt_28011,M Cmunt,-2,0,29,38,-9,67,2021-07-26 23:00:00,505458
Oleksii Tiutiunnyk_768150145,Oleksii Tiutiunnyk,2,1,43,35,8,78,2021-07-26 23:05:00,505459
A Girevenkov_125109,A Girevenkov,1,1,47,44,3,91,2021-07-26 23:15:00,505460
D Tunitsyn_125111,D Tunitsyn,-2,0,32,40,-8,72,2021-07-26 23:15:00,505461
Andrii Martyniuk_169246,Andrii Martyniuk,2,1,45,43,2,88,2021-07-26 23:20:00,505462
E Makarenkov_125113,E Makarenkov,-3,0,24,36,-12,60,2021-07-26 23:24:00,505463
Yevhen Bielokon_169237,Yevhen Bielokon,-3,0,27,37,-10,64,2021-07-26 23:25:00,505464
Martin Prusa_169286,Martin Prusa,-1,0,43,48,-5,91,2021-07-26 23:30:00,505465
T Andrle_28012,T Andrle,-3,0,21,33,-12,54,2021-07-26 23:30:00,505466
Mykhailo Presniakov_685405869,Mykhailo Presniakov,-3,0,27,33,-6,60,2021-07-26 23:35:00,505467
O Kutuzov_124882,O Kutuzov,3,1,33,20,13,53,2021-07-26 23:45:00,505468
Roman Rybachuk_1257229883,Roman Rybachuk,-2,0,28,39,-11,67,2021-07-26 23:45:00,505469
V Safonov_124956,V Safonov,1,1,47,43,4,90,2021-07-26 23:46:00,505470
Viktor Bereza_169247,Viktor Bereza,2,1,44,36,8,80,2021-07-26 23:50:00,505471
A Aslanyan_124922,A Aslanyan,-2,0,38,35,3,73,2021-07-26 23:56:00,505472
M Cmunt_28049,M Cmunt,2,1,36,32,4,68,2021-07-27 00:00:00,505473
Dmytro Arzanov_1158507475,Dmytro Arzanov,3,1,34,20,14,54,2021-07-27 00:05:00,505474
Serhii Berezynskyi_1182473138,Serhii Berezynskyi,3,1,35,24,11,59,2021-07-27 00:15:00,505475
D Sayanov_124957,D Sayanov,-2,0,36,42,-6,78,2021-07-27 00:16:00,505476
S Burov_124883,S Burov,-2,0,35,40,-5,75,2021-07-27 00:16:00,505477
N Zhurba_124923,N Zhurba,2,1,43,32,11,75,2021-07-27 00:18:00,505478
Matej Fausek_169615,Matej Fausek,3,1,35,29,6,64,2021-07-27 00:20:00,505479
Vitalii Kyilo_169248,Vitalii Kyilo,-1,0,51,51,0,102,2021-07-27 00:25:00,505480
T Andrle_28050,T Andrle,-3,0,25,35,-10,60,2021-07-27 00:30:00,505481
Mykhailo Presniakov_153772938,Mykhailo Presniakov,1,1,47,44,3,91,2021-07-27 00:35:00,505482
Zh Tsybikov_124924,Zh Tsybikov,-3,0,15,33,-18,48,2021-07-27 00:36:00,505483
Igor Koshkodan_169617,Igor Koshkodan,1,1,47,45,2,92,2021-07-27 00:40:00,505484
K Malahov_124884,K Malahov,-1,0,47,46,1,93,2021-07-27 00:45:00,505485
Roman Rybachuk_1232956222,Roman Rybachuk,-1,0,54,51,3,105,2021-07-27 00:45:00,505486
E Kalashnikov_124958,E Kalashnikov,-2,0,25,43,-18,68,2021-07-27 00:46:00,505487
Ales Svoboda_169616,Ales Svoboda,-1,0,47,50,-3,97,2021-07-27 00:50:00,505488
Pavlo Khakhamidi_169249,Pavlo Khakhamidi,-3,0,23,33,-10,56,2021-07-27 00:55:00,505489
Dmytro Zeniuk_2053999678,Dmytro Zeniuk,-1,0,45,50,-5,95,2021-07-27 01:00:00,505490
R Pavlenko_124925,R Pavlenko,-1,0,38,46,-8,84,2021-07-27 01:01:00,505491
Dmytro Arzanov_2127087764,Dmytro Arzanov,-1,0,41,52,-11,93,2021-07-27 01:05:00,505492
Viktor Bereza_169618,Viktor Bereza,3,1,33,23,10,56,2021-07-27 01:10:00,505493
Serhii Berezynskyi_627994447,Serhii Berezynskyi,-2,0,32,38,-6,70,2021-07-27 01:15:00,505494
A Serebrennikov_124959,A Serebrennikov,-2,0,32,41,-9,73,2021-07-27 01:15:00,505495
V Shirshov_124885,V Shirshov,2,1,38,29,9,67,2021-07-27 01:16:00,505496
Igor Trydukh_169250,Igor Trydukh,-1,0,45,46,-1,91,2021-07-27 01:25:00,505497
N Zhurba_124926,N Zhurba,-2,0,31,37,-6,68,2021-07-27 01:30:00,505498
Ivan Synytskyi_924514068,Ivan Synytskyi,2,1,43,34,9,77,2021-07-27 01:30:00,505499
Mykhailo Presniakov_1452146701,Mykhailo Presniakov,1,1,50,38,12,88,2021-07-27 01:35:00,505500
S Burov_124886,S Burov,1,1,51,51,0,102,2021-07-27 01:45:00,505501
Roman Rybachuk_782487337,Roman Rybachuk,3,1,33,21,12,54,2021-07-27 01:45:00,505502
D Sayanov_124960,D Sayanov,-1,0,38,47,-9,85,2021-07-27 01:47:00,505503
Pavlo Khakhamidi_169251,Pavlo Khakhamidi,3,1,33,9,24,42,2021-07-27 01:55:00,505504
Dmytro Zeniuk_1216351567,Dmytro Zeniuk,-3,0,22,33,-11,55,2021-07-27 02:00:00,505505
R Pavlenko_124927,R Pavlenko,-2,0,37,44,-7,81,2021-07-27 02:01:00,505506
Kyrylo Yehorov_821815784,Kyrylo Yehorov,2,1,40,34,6,74,2021-07-27 02:05:00,505507
Mykola Tovkach_732049873,Mykola Tovkach,-3,0,21,33,-12,54,2021-07-27 02:15:00,505508
V Shirshov_124887,V Shirshov,1,1,52,43,9,95,2021-07-27 02:15:00,505509
A Serebrennikov_124961,A Serebrennikov,-2,0,33,41,-8,74,2021-07-27 02:17:00,505510
Vitalii Kyilo_169252,Vitalii Kyilo,-2,0,41,47,-6,88,2021-07-27 02:25:00,505511
Vasyl Aksenin_1387948317,Vasyl Aksenin,-2,0,37,46,-9,83,2021-07-27 02:30:00,505512
D Evlahin_124928,D Evlahin,3,1,38,23,15,61,2021-07-27 02:30:00,505513
Mykhailo Presniakov_1536564013,Mykhailo Presniakov,-3,0,24,34,-10,58,2021-07-27 02:35:00,505514
Serhii Berezynskyi_1962063721,Serhii Berezynskyi,-1,0,42,44,-2,86,2021-07-27 02:45:00,505515
Yu Merkushin_124962,Yu Merkushin,-1,0,46,49,-3,95,2021-07-27 02:46:00,505516
D Balakin_124888,D Balakin,-2,0,36,42,-6,78,2021-07-27 02:46:00,505517
Borys Kostiuk_169253,Borys Kostiuk,-3,0,22,34,-12,56,2021-07-27 02:55:00,505518
Ivan Synytskyi_2108162764,Ivan Synytskyi,2,1,41,34,7,75,2021-07-27 03:00:00,505519
Zh Tsybikov_124929,Zh Tsybikov,3,1,33,13,20,46,2021-07-27 03:00:00,505520
Dmytro Arzanov_1366385788,Dmytro Arzanov,-1,0,50,51,-1,101,2021-07-27 03:05:00,505521
Roman Rybachuk_1232773404,Roman Rybachuk,2,1,40,31,9,71,2021-07-27 03:15:00,505522
K Malahov_124889,K Malahov,-1,0,43,49,-6,92,2021-07-27 03:15:00,505523
E Kalashnikov_124963,E Kalashnikov,-1,0,42,53,-11,95,2021-07-27 03:16:00,505524
Igor Trydukh_169254,Igor Trydukh,2,1,41,35,6,76,2021-07-27 03:25:00,505525
Dmytro Zeniuk_2031826758,Dmytro Zeniuk,-1,0,41,50,-9,91,2021-07-27 03:30:00,505526
A Aslanyan_124930,A Aslanyan,2,1,41,34,7,75,2021-07-27 03:30:00,505527
Mykhailo Presniakov_2018810629,Mykhailo Presniakov,-1,0,44,51,-7,95,2021-07-27 03:35:00,505528
O Kutuzov_124890,O Kutuzov,-2,0,41,45,-4,86,2021-07-27 03:45:00,505529
Serhii Berezynskyi_1182442776,Serhii Berezynskyi,1,1,52,47,5,99,2021-07-27 03:45:00,505530
V Safonov_124964,V Safonov,-2,0,25,41,-16,66,2021-07-27 03:52:00,505531
Pavlo Khakhamidi_169255,Pavlo Khakhamidi,2,1,39,31,8,70,2021-07-27 03:55:00,505532
Vasyl Aksenin_284002178,Vasyl Aksenin,-3,0,19,33,-14,52,2021-07-27 04:00:00,505533
D Evlahin_124931,D Evlahin,-3,0,25,35,-10,60,2021-07-27 04:00:00,505534
Dmytro Arzanov_2126910193,Dmytro Arzanov,-3,0,22,33,-11,55,2021-07-27 04:05:00,505535
D Balakin_124891,D Balakin,-3,0,19,33,-14,52,2021-07-27 04:15:00,505536
Roman Rybachuk_782241225,Roman Rybachuk,-2,0,37,43,-6,80,2021-07-27 04:15:00,505537
Yu Merkushin_124965,Yu Merkushin,-3,0,17,33,-16,50,2021-07-27 04:16:00,505538
Vitalii Kyilo_169256,Vitalii Kyilo,1,1,45,46,-1,91,2021-07-27 04:25:00,505539
Ivan Synytskyi_1732861108,Ivan Synytskyi,3,1,33,16,17,49,2021-07-27 04:30:00,505540
N Zhurba_125114,N Zhurba,3,1,34,26,8,60,2021-07-27 04:31:00,505541
Mykhailo Presniakov_1452254448,Mykhailo Presniakov,2,1,51,49,2,100,2021-07-27 04:35:00,505542
K Malahov_125118,K Malahov,-1,0,43,50,-7,93,2021-07-27 04:45:00,505543
Serhii Berezynskyi_627892079,Serhii Berezynskyi,2,1,43,32,11,75,2021-07-27 04:45:00,505544
A Serebrennikov_125116,A Serebrennikov,3,1,33,22,11,55,2021-07-27 04:47:00,505545
Borys Kostiuk_169257,Borys Kostiuk,-1,0,52,54,-2,106,2021-07-27 04:55:00,505546
Yevhenii Faflei_552261538,Yevhenii Faflei,-1,0,51,49,2,100,2021-07-27 05:00:00,505547
Zh Tsybikov_125115,Zh Tsybikov,-2,0,28,35,-7,63,2021-07-27 05:01:00,505548
Kyrylo Yehorov_822136971,Kyrylo Yehorov,2,1,46,39,7,85,2021-07-27 05:05:00,505549
S Burov_125119,S Burov,1,1,51,42,9,93,2021-07-27 05:14:00,505550
E Kalashnikov_125117,E Kalashnikov,-3,0,19,33,-14,52,2021-07-27 05:15:00,505551
Illia Semeniuk_1925984030,Illia Semeniuk,3,1,33,24,9,57,2021-07-27 05:15:00,505552
Igor Trydukh_169258,Igor Trydukh,1,1,49,51,-2,100,2021-07-27 05:25:00,505553
Dmytro Zeniuk_403445295,Dmytro Zeniuk,2,1,37,35,2,72,2021-07-27 05:30:00,505554
Vitalii Kyilo_169259,Vitalii Kyilo,-1,0,42,48,-6,90,2021-07-27 05:55:00,505555
Vasyl Aksenin_2102417716,Vasyl Aksenin,1,1,46,41,5,87,2021-07-27 06:00:00,505556
Hryhorii Kulishov_169260,Hryhorii Kulishov,-2,0,40,43,-3,83,2021-07-27 06:25:00,505557
Yaroslav Vorsuliak_1797708214,Yaroslav Vorsuliak,-3,0,23,33,-10,56,2021-07-27 06:30:00,505558
Vitalii Kyilo_169261,Vitalii Kyilo,3,1,33,20,13,53,2021-07-27 06:55:00,505559
Pavlo Khakhamidi_169262,Pavlo Khakhamidi,-1,0,52,50,2,102,2021-07-27 07:25:00,505560
M Chernyavskiy_125022,M Chernyavskiy,-2,0,28,41,-13,69,2021-07-27 07:31:00,505561
D Bogdanov_124984,D Bogdanov,-2,0,38,48,-10,86,2021-07-27 07:48:00,505562
A Lobanov_125062,A Lobanov,-2,0,35,41,-6,76,2021-07-27 07:49:00,505563
Serhii Rak_169342,Serhii Rak,1,1,49,42,7,91,2021-07-27 07:50:00,505564
Bohdan Kohut_1110380495,Bohdan Kohut,2,1,41,37,4,78,2021-07-27 07:50:00,505565
Anton Maslov_1308000796,Anton Maslov,3,1,33,21,12,54,2021-07-27 07:55:00,505566
Oleksandr Hryshchenko_169364,Oleksandr Hryshchenko,2,1,40,31,9,71,2021-07-27 08:00:00,505567
S Ovechkin_125023,S Ovechkin,-3,0,16,33,-17,49,2021-07-27 08:02:00,505568
Ihor Kovalenko_169371,Ihor Kovalenko,-1,0,52,57,-5,109,2021-07-27 08:05:00,505569
Viktoriia Husieva_169386,Viktoriia Husieva,-2,0,36,43,-7,79,2021-07-27 08:10:00,505570
Oleksandr Bryzhevatyi_169401,Oleksandr Bryzhevatyi,1,1,47,32,15,79,2021-07-27 08:15:00,505571
Oleh Bindas_169343,Oleh Bindas,2,1,46,36,10,82,2021-07-27 08:20:00,505572
I Novikov_125063,I Novikov,-3,0,25,34,-9,59,2021-07-27 08:20:00,505573
V Staroverov_124985,V Staroverov,-1,0,44,41,3,85,2021-07-27 08:23:00,505574
Oleksandr Tuzhylin_973562086,Oleksandr Tuzhylin,2,1,41,37,4,78,2021-07-27 08:25:00,505575
Oleksandr Kolbasenko_169365,Oleksandr Kolbasenko,-2,0,30,40,-10,70,2021-07-27 08:30:00,505576
G Karpovkin_125024,G Karpovkin,-2,0,31,44,-13,75,2021-07-27 08:30:00,505577
Oleh Obidnyi_508483691,Oleh Obidnyi,2,1,43,36,7,79,2021-07-27 08:30:00,505578
Artem Tkachenko_1567807557,Artem Tkachenko,-1,0,45,49,-4,94,2021-07-27 08:35:00,505579
Serhii Bohach_169372,Serhii Bohach,-2,0,29,41,-12,70,2021-07-27 08:35:00,505580
Maxim Naumchuk_500621366,Maxim Naumchuk,3,1,33,24,9,57,2021-07-27 08:40:00,505581
Anastasiia Moskaliuk_169387,Anastasiia Moskaliuk,-2,0,34,44,-10,78,2021-07-27 08:40:00,505582
Dmytro Khairov_169402,Dmytro Khairov,-2,0,30,39,-9,69,2021-07-27 08:45:00,505583
Volodymyr Tuchkevych_1381168069,Volodymyr Tuchkevych,2,1,40,27,13,67,2021-07-27 08:45:00,505584
T Turabekov_125064,T Turabekov,-2,0,40,47,-7,87,2021-07-27 08:46:00,505585
A Fedorov_124986,A Fedorov,-2,0,30,41,-11,71,2021-07-27 08:48:00,505586
Maksym Mykytiuk_952983057,Maksym Mykytiuk,-2,0,33,42,-9,75,2021-07-27 08:50:00,505587
Vasyl Kondratenko_169416,Vasyl Kondratenko,-3,0,10,33,-23,43,2021-07-27 08:50:00,505588
Yaroslav Kravets_169344,Yaroslav Kravets,2,1,40,31,9,71,2021-07-27 08:50:00,505589
Bohdan Zaika_233678260,Bohdan Zaika,-2,0,28,40,-12,68,2021-07-27 08:55:00,505590
Yevhen Bielokon_169428,Yevhen Bielokon,-1,0,45,42,3,87,2021-07-27 08:55:00,505591
Artem Borysov_552678689,Artem Borysov,2,1,45,38,7,83,2021-07-27 08:55:00,505592
Artur Akopyan_169578,Artur Akopyan,2,1,42,38,4,80,2021-07-27 09:00:00,505593
Vasyl Moshovskyi_169443,Vasyl Moshovskyi,-1,0,34,44,-10,78,2021-07-27 09:00:00,505594
Bohdan Sinkevych_509086773,Bohdan Sinkevych,-2,0,32,42,-10,74,2021-07-27 09:00:00,505595
Oleksandr Hryshchenko_169356,Oleksandr Hryshchenko,1,1,44,44,0,88,2021-07-27 09:00:00,505596
I Sergeevich_125025,I Sergeevich,3,1,34,28,6,62,2021-07-27 09:00:00,505597
R Hasmanda_28021,R Hasmanda,-2,0,44,44,0,88,2021-07-27 09:02:00,505598
Anton Maslov_1313855035,Anton Maslov,3,1,35,24,11,59,2021-07-27 09:05:00,505599
Dmytro Tsurkalenko_169373,Dmytro Tsurkalenko,-3,0,28,35,-7,63,2021-07-27 09:05:00,505600
Anatolii Zapletniuk_895247643,Anatolii Zapletniuk,-2,0,45,53,-8,98,2021-07-27 09:10:00,505601
Alisa Dubrova_169388,Alisa Dubrova,-3,0,21,33,-12,54,2021-07-27 09:10:00,505602
Oleh Pereguda_169403,Oleh Pereguda,-2,0,28,38,-10,66,2021-07-27 09:15:00,505603
Oleh Furman_1857892530,Oleh Furman,-2,0,41,42,-1,83,2021-07-27 09:15:00,505604
V Selkin_124987,V Selkin,2,1,44,37,7,81,2021-07-27 09:18:00,505605
V Putilovsky_125065,V Putilovsky,1,1,39,41,-2,80,2021-07-27 09:19:00,505606
Oleg Kolivay_169417,Oleg Kolivay,2,1,43,28,15,71,2021-07-27 09:20:00,505607
Oleksandr Medvedyev_57378567,Oleksandr Medvedyev,1,1,55,46,9,101,2021-07-27 09:20:00,505608
Oleh Bindas_169345,Oleh Bindas,3,1,33,17,16,50,2021-07-27 09:20:00,505609
Oleksandr Melashenko_169429,Oleksandr Melashenko,-3,0,28,37,-9,65,2021-07-27 09:25:00,505610
Ihor Petryshyn_1328745979,Ihor Petryshyn,3,1,34,23,11,57,2021-07-27 09:25:00,505611
Oleksandr Ivchuk_169366,Oleksandr Ivchuk,-1,0,52,52,0,104,2021-07-27 09:30:00,505612
Jaroslav Puk_169579,Jaroslav Puk,2,1,48,43,5,91,2021-07-27 09:30:00,505613
Oleksandr Shpak_169444,Oleksandr Shpak,-1,0,47,44,3,91,2021-07-27 09:30:00,505614
Yuriy Abroskin_2059012896,Yuriy Abroskin,-1,0,40,47,-7,87,2021-07-27 09:30:00,505615
Dmytro Derevinskyi_1047800098,Dmytro Derevinskyi,2,1,44,40,4,84,2021-07-27 09:30:00,505616
G Karpovkin_125026,G Karpovkin,1,1,47,47,0,94,2021-07-27 09:31:00,505617
M-n Regner_28022,M-n Regner,-3,0,23,35,-12,58,2021-07-27 09:32:00,505618
Serhii Bohach_169374,Serhii Bohach,-3,0,28,35,-7,63,2021-07-27 09:35:00,505619
Oleksandr Tuzhylin_1787071734,Oleksandr Tuzhylin,3,1,33,15,18,48,2021-07-27 09:35:00,505620
Oleksandr Lysak_1232046611,Oleksandr Lysak,2,1,37,30,7,67,2021-07-27 09:40:00,505621
Anastasiia Moskaliuk_169389,Anastasiia Moskaliuk,-2,0,33,42,-9,75,2021-07-27 09:40:00,505622
Artem Tkachenko_419671131,Artem Tkachenko,-1,0,47,46,1,93,2021-07-27 09:45:00,505623
Dmytro Khairov_169404,Dmytro Khairov,2,1,47,41,6,88,2021-07-27 09:45:00,505624
A Fedorov_124988,A Fedorov,-3,0,21,33,-12,54,2021-07-27 09:47:00,505625
T Turabekov_125066,T Turabekov,3,1,33,23,10,56,2021-07-27 09:48:00,505626
Serhii Rak_169331,Serhii Rak,-3,0,17,33,-16,50,2021-07-27 09:50:00,505627
Maxim Naumchuk_184240209,Maxim Naumchuk,2,1,42,28,14,70,2021-07-27 09:50:00,505628
Oleg Kolivay_169418,Oleg Kolivay,2,1,37,25,12,62,2021-07-27 09:50:00,505629
Volodymyr Tuchkevych_1092931813,Volodymyr Tuchkevych,-2,0,33,38,-5,71,2021-07-27 09:55:00,505630
Roman Yushko_169430,Roman Yushko,3,1,33,19,14,52,2021-07-27 09:55:00,505631
Oleksandr Kolbasenko_169367,Oleksandr Kolbasenko,1,1,44,42,2,86,2021-07-27 10:00:00,505632
Tatyana De_124818,Tatyana De,-2,0,4,24,-20,28,2021-07-27 10:00:00,505633
Jaroslav Puk_169580,Jaroslav Puk,1,1,50,43,7,93,2021-07-27 10:00:00,505634
Kyrylo Tkachenko_169445,Kyrylo Tkachenko,2,1,38,33,5,71,2021-07-27 10:00:00,505635
Maksym Mykytiuk_1202819206,Maksym Mykytiuk,3,1,33,27,6,60,2021-07-27 10:00:00,505636
Ja Prokupek_28023,Ja Prokupek,2,1,42,27,15,69,2021-07-27 10:01:00,505637
S Ovechkin_125027,S Ovechkin,-2,0,32,42,-10,74,2021-07-27 10:01:00,505638
Artem Borysov_570802832,Artem Borysov,2,1,44,30,14,74,2021-07-27 10:05:00,505639
Ihor Kovalenko_169375,Ihor Kovalenko,-3,0,23,33,-10,56,2021-07-27 10:05:00,505640
Bohdan Zaika_718973106,Bohdan Zaika,1,1,50,40,10,90,2021-07-27 10:05:00,505641
Bohdan Kohut_1758833952,Bohdan Kohut,2,1,43,32,11,75,2021-07-27 10:10:00,505642
Viktoriia Husieva_169390,Viktoriia Husieva,-1,0,54,52,2,106,2021-07-27 10:10:00,505643
Oleh Obidnyi_1786722736,Oleh Obidnyi,2,1,43,34,9,77,2021-07-27 10:15:00,505644
Oleksandr Bryzhevatyi_169405,Oleksandr Bryzhevatyi,1,1,55,50,5,105,2021-07-27 10:15:00,505645
V Staroverov_124989,V Staroverov,1,1,47,54,-7,101,2021-07-27 10:17:00,505646
I Novikov_125067,I Novikov,1,1,45,43,2,88,2021-07-27 10:18:00,505647
Denys Pesternikov_169346,Denys Pesternikov,2,1,42,38,4,80,2021-07-27 10:20:00,505648
Vasyl Kondratenko_169419,Vasyl Kondratenko,2,1,52,47,5,99,2021-07-27 10:20:00,505649
Anatolii Zapletniuk_1073101872,Anatolii Zapletniuk,1,1,62,55,7,117,2021-07-27 10:20:00,505650
P Samsonov_124819,P Samsonov,2,1,23,7,16,30,2021-07-27 10:20:00,505651
Oleksandr Melashenko_169431,Oleksandr Melashenko,1,1,46,54,-8,100,2021-07-27 10:25:00,505652
Oleh Furman_1259215324,Oleh Furman,-1,0,47,48,-1,95,2021-07-27 10:25:00,505653
Artur Akopyan_169581,Artur Akopyan,-3,0,23,33,-10,56,2021-07-27 10:30:00,505654
Oleksandr Shpak_169446,Oleksandr Shpak,-3,0,27,35,-8,62,2021-07-27 10:30:00,505655
Oleksandr Hryshchenko_169359,Oleksandr Hryshchenko,3,1,36,26,10,62,2021-07-27 10:30:00,505656
Bogdan Stasiuk_2080012026,Bogdan Stasiuk,2,1,38,33,5,71,2021-07-27 10:30:00,505657
A Barbora_28024,A Barbora,-1,0,39,51,-12,90,2021-07-27 10:30:00,505658
S Ovechkin_125120,S Ovechkin,-3,0,21,33,-12,54,2021-07-27 10:31:00,505659
Oleksandr Sharanyuk_169376,Oleksandr Sharanyuk,2,1,42,28,14,70,2021-07-27 10:35:00,505660
Petro Tsolik_694073560,Petro Tsolik,-3,0,10,33,-23,43,2021-07-27 10:35:00,505661
Vadym Komar_920246031,Vadym Komar,-3,0,32,40,-8,72,2021-07-27 10:40:00,505662
Olha Yureneva_169391,Olha Yureneva,-3,0,20,34,-14,54,2021-07-27 10:40:00,505663
Oleg Moshynskyy_600754800,Oleg Moshynskyy,3,1,38,31,7,69,2021-07-27 10:40:00,505664
O Aratskaya_124820,O Aratskaya,2,1,24,11,13,35,2021-07-27 10:40:00,505665
Dmytro Yaremchuk_1095712393,Dmytro Yaremchuk,2,1,40,32,8,72,2021-07-27 10:45:00,505666
Stefan Yakimenko_169406,Stefan Yakimenko,-1,0,48,53,-5,101,2021-07-27 10:45:00,505667
Anton Maslov_1849428822,Anton Maslov,-2,0,42,47,-5,89,2021-07-27 10:50:00,505668
Oleksandr Mytsyk_169420,Oleksandr Mytsyk,3,1,33,24,9,57,2021-07-27 10:50:00,505669
Yaroslav Kravets_169347,Yaroslav Kravets,-1,0,37,45,-8,82,2021-07-27 10:50:00,505670
Yevhen Bielokon_169432,Yevhen Bielokon,-2,0,26,43,-17,69,2021-07-27 10:55:00,505671
Artem Tkachenko_1803118226,Artem Tkachenko,-2,0,39,46,-7,85,2021-07-27 10:55:00,505672
A Fedorov_125122,A Fedorov,-3,0,24,37,-13,61,2021-07-27 10:57:00,505673
I Novikov_125124,I Novikov,-2,0,25,38,-13,63,2021-07-27 10:59:00,505674
M Chernyavskiy_125121,M Chernyavskiy,1,1,51,46,5,97,2021-07-27 11:00:00,505675
Miroslav Brozek_169582,Miroslav Brozek,-2,0,35,42,-7,77,2021-07-27 11:00:00,505676
Oleksandr Kolbasenko_169368,Oleksandr Kolbasenko,-1,0,42,52,-10,94,2021-07-27 11:00:00,505677
Vasyl Moshovskyi_169447,Vasyl Moshovskyi,-1,0,47,49,-2,96,2021-07-27 11:00:00,505678
Maxim Naumchuk_1319861320,Maxim Naumchuk,1,1,54,47,7,101,2021-07-27 11:00:00,505679
P Shilnikov_124821,P Shilnikov,2,1,23,5,18,28,2021-07-27 11:00:00,505680
Ja Prokupek_28025,Ja Prokupek,-3,0,25,34,-9,59,2021-07-27 11:02:00,505681
Oleksandr Medvedyev_1845931838,Oleksandr Medvedyev,1,1,51,51,0,102,2021-07-27 11:05:00,505682
Dmytro Tsurkalenko_169377,Dmytro Tsurkalenko,1,1,42,45,-3,87,2021-07-27 11:05:00,505683
Alisa Dubrova_169392,Alisa Dubrova,-2,0,29,39,-10,68,2021-07-27 11:10:00,505684
Ihor Petryshyn_448605259,Ihor Petryshyn,-2,0,30,44,-14,74,2021-07-27 11:10:00,505685
Dmytro Derevinskyi_115606124,Dmytro Derevinskyi,1,1,48,41,7,89,2021-07-27 11:15:00,505686
Oleh Pereguda_169407,Oleh Pereguda,1,1,52,51,1,103,2021-07-27 11:15:00,505687
Yuriy Abroskin_1838838710,Yuriy Abroskin,-3,0,19,33,-14,52,2021-07-27 11:15:00,505688
D Bogdanov_125123,D Bogdanov,-3,0,23,33,-10,56,2021-07-27 11:16:00,505689
Vasyl Kondratenko_169421,Vasyl Kondratenko,3,1,33,15,18,48,2021-07-27 11:20:00,505690
P Samsonov_124822,P Samsonov,-1,0,23,25,-2,48,2021-07-27 11:20:00,505691
Oleh Bindas_169348,Oleh Bindas,-2,0,31,41,-10,72,2021-07-27 11:20:00,505692
Bohdan Sinkevych_1318254972,Bohdan Sinkevych,-1,0,51,58,-7,109,2021-07-27 11:20:00,505693
V Putilovsky_125125,V Putilovsky,-3,0,23,33,-10,56,2021-07-27 11:23:00,505694
Oleksandr Lysak_1948872165,Oleksandr Lysak,2,1,42,28,14,70,2021-07-27 11:25:00,505695
Oleh Obrazkov_169433,Oleh Obrazkov,3,1,33,16,17,49,2021-07-27 11:25:00,505696
Mykhailo Potapov_169448,Mykhailo Potapov,-2,0,30,42,-12,72,2021-07-27 11:30:00,505697
M-n Regner_28026,M-n Regner,-1,0,50,49,1,99,2021-07-27 11:30:00,505698
Oleksandr Ivchuk_169361,Oleksandr Ivchuk,-1,0,42,45,-3,87,2021-07-27 11:30:00,505699
Artur Akopyan_169583,Artur Akopyan,-2,0,32,39,-7,71,2021-07-27 11:30:00,505700
Anton Myrza_2081090684,Anton Myrza,2,1,41,28,13,69,2021-07-27 11:30:00,505701
Serhii Bohach_169378,Serhii Bohach,-3,0,26,33,-7,59,2021-07-27 11:35:00,505702
Andrii Sydorenko_1668310160,Andrii Sydorenko,3,1,37,27,10,64,2021-07-27 11:35:00,505703
Anastasiia Moskaliuk_169393,Anastasiia Moskaliuk,3,1,33,21,12,54,2021-07-27 11:40:00,505704
V Pak_124823,V Pak,-2,0,13,22,-9,35,2021-07-27 11:40:00,505705
N Zhurba_125028,N Zhurba,2,1,42,30,12,72,2021-07-27 11:40:00,505706
Volodymyr Tuchkevych_989183389,Volodymyr Tuchkevych,-1,0,49,54,-5,103,2021-07-27 11:40:00,505707
Maksym Mykytiuk_721706359,Maksym Mykytiuk,2,1,41,37,4,78,2021-07-27 11:45:00,505708
K Simonov_124990,K Simonov,2,1,35,29,6,64,2021-07-27 11:45:00,505709
Dmytro Khairov_169408,Dmytro Khairov,1,1,39,40,-1,79,2021-07-27 11:45:00,505710
A Kazakov_125074,A Kazakov,3,1,33,21,12,54,2021-07-27 11:46:00,505711
Viktor Bereza_169422,Viktor Bereza,-2,0,33,40,-7,73,2021-07-27 11:50:00,505712
Bohdan Zaika_25843933,Bohdan Zaika,-3,0,23,33,-10,56,2021-07-27 11:50:00,505713
Serhii Rak_169349,Serhii Rak,-3,0,17,33,-16,50,2021-07-27 11:50:00,505714
Artem Borysov_809782857,Artem Borysov,-1,0,43,52,-9,95,2021-07-27 11:50:00,505715
Roman Yushko_169434,Roman Yushko,2,1,48,37,11,85,2021-07-27 11:55:00,505716
Oleksandr Tuzhylin_380708375,Oleksandr Tuzhylin,3,1,37,24,13,61,2021-07-27 11:55:00,505717
Oleh Obidnyi_72634126,Oleh Obidnyi,3,1,34,25,9,59,2021-07-27 12:00:00,505718
Oleksandr Hryshchenko_169369,Oleksandr Hryshchenko,1,1,47,40,7,87,2021-07-27 12:00:00,505719
Kyrylo Tkachenko_169449,Kyrylo Tkachenko,-2,0,39,40,-1,79,2021-07-27 12:00:00,505720
Tatyana De_124824,Tatyana De,-2,0,4,24,-20,28,2021-07-27 12:00:00,505721
A Kozlov_125029,A Kozlov,-1,0,42,46,-4,88,2021-07-27 12:00:00,505722
Ihor Kovalenko_169379,Ihor Kovalenko,-1,0,43,52,-9,95,2021-07-27 12:05:00,505723
Anatolii Zapletniuk_1253494089,Anatolii Zapletniuk,-3,0,23,34,-11,57,2021-07-27 12:05:00,505724
Viktoriia Husieva_169394,Viktoriia Husieva,1,1,50,43,7,93,2021-07-27 12:10:00,505725
Oleh Furman_339320664,Oleh Furman,3,1,33,17,16,50,2021-07-27 12:10:00,505726
R Hasmanda_28051,R Hasmanda,2,1,46,33,13,79,2021-07-27 12:12:00,505727
A Kolmin_124991,A Kolmin,-2,0,37,40,-3,77,2021-07-27 12:14:00,505728
Bogdan Stasiuk_762009641,Bogdan Stasiuk,1,1,51,45,6,96,2021-07-27 12:15:00,505729
Oleksandr Bryzhevatyi_169409,Oleksandr Bryzhevatyi,2,1,47,47,0,94,2021-07-27 12:15:00,505730
Tomas Stejskal_169619,Tomas Stejskal,-3,0,27,34,-7,61,2021-07-27 12:15:00,505731
A Shmakov_125075,A Shmakov,-2,0,36,43,-7,79,2021-07-27 12:16:00,505732
Denys Pesternikov_169350,Denys Pesternikov,-1,0,40,47,-7,87,2021-07-27 12:20:00,505733
O Aratskaya_124825,O Aratskaya,2,1,24,10,14,34,2021-07-27 12:20:00,505734
Oleg Kolivay_169423,Oleg Kolivay,1,1,50,49,1,99,2021-07-27 12:20:00,505735
Petro Tsolik_1407662753,Petro Tsolik,-1,0,45,48,-3,93,2021-07-27 12:20:00,505736
Oleksandr Melashenko_169435,Oleksandr Melashenko,2,1,40,30,10,70,2021-07-27 12:25:00,505737
Vadym Komar_811814529,Vadym Komar,1,1,49,48,1,97,2021-07-27 12:25:00,505738
Oleg Moshynskyy_1063726415,Oleg Moshynskyy,-1,0,40,54,-14,94,2021-07-27 12:25:00,505739
Vladyslav Mishchenko_169370,Vladyslav Mishchenko,-2,0,33,35,-2,68,2021-07-27 12:30:00,505740
M Ilichev_125030,M Ilichev,-1,0,37,48,-11,85,2021-07-27 12:30:00,505741
Bohdan Kohut_1491726193,Bohdan Kohut,-1,0,44,44,0,88,2021-07-27 12:30:00,505742
Oleksandr Shpak_169450,Oleksandr Shpak,-2,0,28,40,-12,68,2021-07-27 12:30:00,505743
Nodar Kukava_649586530,Nodar Kukava,3,1,33,17,16,50,2021-07-27 12:35:00,505744
Oleksandr Sharanyuk_169380,Oleksandr Sharanyuk,3,1,33,18,15,51,2021-07-27 12:35:00,505745
V Pak_124826,V Pak,-2,0,10,24,-14,34,2021-07-27 12:40:00,505746
Artem Tkachenko_1752607878,Artem Tkachenko,1,1,49,38,11,87,2021-07-27 12:40:00,505747
Olha Yureneva_169395,Olha Yureneva,3,1,33,21,12,54,2021-07-27 12:40:00,505748
Ja Prokupek_28052,Ja Prokupek,2,1,48,40,8,88,2021-07-27 12:41:00,505749
Stefan Yakimenko_169410,Stefan Yakimenko,3,1,35,20,15,55,2021-07-27 12:45:00,505750
Maxim Naumchuk_1537169164,Maxim Naumchuk,3,1,34,21,13,55,2021-07-27 12:45:00,505751
V Zhigalov_124992,V Zhigalov,-2,0,27,39,-12,66,2021-07-27 12:45:00,505752
Miroslav Brozek_169620,Miroslav Brozek,-2,0,40,43,-3,83,2021-07-27 12:45:00,505753
A Zirin_125076,A Zirin,-1,0,50,59,-9,109,2021-07-27 12:47:00,505754
Yaroslav Kravets_169351,Yaroslav Kravets,1,1,44,38,6,82,2021-07-27 12:50:00,505755
Oleksandr Mytsyk_169424,Oleksandr Mytsyk,-1,0,45,52,-7,97,2021-07-27 12:50:00,505756
Oleksandr Medvedyev_1772353773,Oleksandr Medvedyev,-1,0,39,51,-12,90,2021-07-27 12:50:00,505757
Yevhen Bielokon_169436,Yevhen Bielokon,-2,0,39,41,-2,80,2021-07-27 12:55:00,505758
Ihor Petryshyn_1102035146,Ihor Petryshyn,-3,0,28,37,-9,65,2021-07-27 12:55:00,505759
Dmytro Derevinskyi_1910709671,Dmytro Derevinskyi,-1,0,40,50,-10,90,2021-07-27 13:00:00,505760
Vasyl Moshovskyi_169451,Vasyl Moshovskyi,2,1,38,39,-1,77,2021-07-27 13:00:00,505761
Yuriy Abroskin_1246577846,Yuriy Abroskin,1,1,56,50,6,106,2021-07-27 13:00:00,505762
P Shilnikov_124827,P Shilnikov,2,1,22,9,13,31,2021-07-27 13:00:00,505763
Vojtech Matous_169584,Vojtech Matous,1,1,49,47,2,96,2021-07-27 13:00:00,505764
R Kobytov_125031,R Kobytov,-1,0,47,49,-2,96,2021-07-27 13:01:00,505765
Dmytro Yaremchuk_1319213186,Dmytro Yaremchuk,-2,0,28,40,-12,68,2021-07-27 13:05:00,505766
Dmytro Tsurkalenko_169381,Dmytro Tsurkalenko,2,1,43,31,12,74,2021-07-27 13:05:00,505767
Vladyslav Mishchenko_169631,Vladyslav Mishchenko,2,1,44,35,9,79,2021-07-27 13:05:00,505768
Alisa Dubrova_169396,Alisa Dubrova,-3,0,16,33,-17,49,2021-07-27 13:10:00,505769
Anton Maslov_1987720160,Anton Maslov,-3,0,16,33,-17,49,2021-07-27 13:10:00,505770
M Svedik_28027,M Svedik,2,1,43,34,9,77,2021-07-27 13:13:00,505771
O Manuylov_124993,O Manuylov,-1,0,42,46,-4,88,2021-07-27 13:14:00,505772
Oleh Pereguda_169411,Oleh Pereguda,-3,0,12,33,-21,45,2021-07-27 13:15:00,505773
Anatolii Zapletniuk_2058747187,Anatolii Zapletniuk,2,1,38,32,6,70,2021-07-27 13:15:00,505774
Serhii Rak_169338,Serhii Rak,-1,0,42,50,-8,92,2021-07-27 13:20:00,505775
Viktor Bereza_169425,Viktor Bereza,-3,0,19,33,-14,52,2021-07-27 13:20:00,505776
Oleh Furman_519801940,Oleh Furman,2,1,41,28,13,69,2021-07-27 13:20:00,505777
V Mishakin_125077,V Mishakin,3,1,35,27,8,62,2021-07-27 13:24:00,505778
Ihor Matsehora_569921602,Ihor Matsehora,-1,0,47,47,0,94,2021-07-27 13:25:00,505779
Oleh Obrazkov_169437,Oleh Obrazkov,1,1,51,48,3,99,2021-07-27 13:25:00,505780
Vaclav Strejc_169585,Vaclav Strejc,3,1,33,24,9,57,2021-07-27 13:30:00,505781
Serhij Maksymiv_885365127,Serhij Maksymiv,-1,0,50,48,2,98,2021-07-27 13:30:00,505782
Mykhailo Potapov_169452,Mykhailo Potapov,1,1,43,42,1,85,2021-07-27 13:30:00,505783
M Ilichev_125032,M Ilichev,2,1,42,31,11,73,2021-07-27 13:32:00,505784
Ivan Efimenko_169632,Ivan Efimenko,3,1,33,15,18,48,2021-07-27 13:35:00,505785
Serhii Pokidko_852746812,Serhii Pokidko,1,1,51,35,16,86,2021-07-27 13:35:00,505786
Ihor Kovalenko_169382,Ihor Kovalenko,3,1,33,21,12,54,2021-07-27 13:35:00,505787
Igor Maksymchuk_1641278365,Igor Maksymchuk,3,1,36,21,15,57,2021-07-27 13:35:00,505788
M Flanderka_28028,M Flanderka,2,1,41,35,6,76,2021-07-27 13:38:00,505789
Viktoriia Husieva_169397,Viktoriia Husieva,2,1,44,36,8,80,2021-07-27 13:40:00,505790
Bohdan Sinkevych_1260810808,Bohdan Sinkevych,-3,0,18,33,-15,51,2021-07-27 13:40:00,505791
Nodar Kukava_1797893004,Nodar Kukava,-1,0,45,54,-9,99,2021-07-27 13:45:00,505792
Oleksandr Bryzhevatyi_169412,Oleksandr Bryzhevatyi,3,1,35,24,11,59,2021-07-27 13:45:00,505793
A Zirin_125078,A Zirin,3,1,35,20,15,55,2021-07-27 13:48:00,505794
Viktor Bereza_169426,Viktor Bereza,1,1,39,43,-4,82,2021-07-27 13:50:00,505795
Artem Tkachenko_56527352,Artem Tkachenko,2,1,45,29,16,74,2021-07-27 13:50:00,505796
Mykhailo Kistechko_169352,Mykhailo Kistechko,1,1,55,45,10,100,2021-07-27 13:50:00,505797
V Zhigalov_124994,V Zhigalov,2,1,42,43,-1,85,2021-07-27 13:50:00,505798
Roman Yushko_169438,Roman Yushko,-2,0,29,43,-14,72,2021-07-27 13:55:00,505799
Maxim Naumchuk_2065965437,Maxim Naumchuk,3,1,37,25,12,62,2021-07-27 13:55:00,505800
Vaclav Strejc_169586,Vaclav Strejc,3,1,33,13,20,46,2021-07-27 14:00:00,505801
Volodymyr Tuchkevych_642305473,Volodymyr Tuchkevych,1,1,48,46,2,94,2021-07-27 14:00:00,505802
A Kozlov_125033,A Kozlov,-2,0,27,34,-7,61,2021-07-27 14:00:00,505803
Kyrylo Tkachenko_169453,Kyrylo Tkachenko,-1,0,51,50,1,101,2021-07-27 14:00:00,505804
Maksym Mykytiuk_2016699774,Maksym Mykytiuk,-2,0,32,38,-6,70,2021-07-27 14:05:00,505805
Hennadii Buianover_169383,Hennadii Buianover,-2,0,33,38,-5,71,2021-07-27 14:05:00,505806
J Vojtech_28029,J Vojtech,-1,0,44,45,-1,89,2021-07-27 14:09:00,505807
Artem Borysov_195765095,Artem Borysov,-3,0,27,34,-7,61,2021-07-27 14:10:00,505808
Bohdan Zaika_13469145,Bohdan Zaika,-2,0,35,42,-7,77,2021-07-27 14:10:00,505809
Anastasiia Kozak_169398,Anastasiia Kozak,-1,0,52,57,-5,109,2021-07-27 14:10:00,505810
Bohdan Kohut_2000649454,Bohdan Kohut,-3,0,26,36,-10,62,2021-07-27 14:15:00,505811
Vitalii Mukhin_169413,Vitalii Mukhin,2,1,41,32,9,73,2021-07-27 14:15:00,505812
A Shmakov_125079,A Shmakov,-2,0,30,39,-9,69,2021-07-27 14:16:00,505813
A Kolmin_124995,A Kolmin,3,1,36,28,8,64,2021-07-27 14:16:00,505814
Oleksandr Mytsyk_169427,Oleksandr Mytsyk,-2,0,30,44,-14,74,2021-07-27 14:20:00,505815
Oleksandr Lysak_1309855521,Oleksandr Lysak,-2,0,37,43,-6,80,2021-07-27 14:20:00,505816
Serhii Rak_169353,Serhii Rak,-2,0,39,44,-5,83,2021-07-27 14:20:00,505817
Yevhen Bielokon_169439,Yevhen Bielokon,3,1,33,22,11,55,2021-07-27 14:25:00,505818
Anatolii Zapletniuk_400560039,Anatolii Zapletniuk,-2,0,41,48,-7,89,2021-07-27 14:25:00,505819
Oleh Furman_1843559573,Oleh Furman,-1,0,47,48,-1,95,2021-07-27 14:30:00,505820
Vojtech Matous_169587,Vojtech Matous,-2,0,29,46,-17,75,2021-07-27 14:30:00,505821
Vasyl Moshovskyi_169454,Vasyl Moshovskyi,2,1,37,33,4,70,2021-07-27 14:30:00,505822
R Kobytov_125160,R Kobytov,-3,0,32,39,-7,71,2021-07-27 14:31:00,505823
Ihor Kovalenko_169384,Ihor Kovalenko,-2,0,23,36,-13,59,2021-07-27 14:35:00,505824
Volodymyr Tuchkevych_1612306551,Volodymyr Tuchkevych,1,1,55,52,3,107,2021-07-27 14:35:00,505825
Maksym Mykytiuk_824686473,Maksym Mykytiuk,2,1,41,33,8,74,2021-07-27 14:40:00,505826
Viktoriia Husieva_169399,Viktoriia Husieva,3,1,33,17,16,50,2021-07-27 14:40:00,505827
T Holik_28030,T Holik,3,1,33,21,12,54,2021-07-27 14:42:00,505828
Oleksandr Bryzhevatyi_169414,Oleksandr Bryzhevatyi,-1,0,52,54,-2,106,2021-07-27 14:45:00,505829
Yuriy Abroskin_1981674026,Yuriy Abroskin,-2,0,25,42,-17,67,2021-07-27 14:45:00,505830
Artem Borysov_211681996,Artem Borysov,-2,0,34,39,-5,73,2021-07-27 14:45:00,505831
O Manuylov_125170,O Manuylov,-1,0,43,51,-8,94,2021-07-27 14:47:00,505832
A Shmakov_125168,A Shmakov,-1,0,34,48,-14,82,2021-07-27 14:47:00,505833
Oleh Bindas_169341,Oleh Bindas,3,1,33,24,9,57,2021-07-27 14:50:00,505834
Anton Limonov_1407781143,Anton Limonov,2,1,39,29,10,68,2021-07-27 14:50:00,505835
Taras Bonishchuk_169440,Taras Bonishchuk,-1,0,46,49,-3,95,2021-07-27 14:55:00,505836
Oleh Holiak_169455,Oleh Holiak,-2,0,35,42,-7,77,2021-07-27 15:00:00,505837
Petr Fiser_169588,Petr Fiser,-2,0,36,43,-7,79,2021-07-27 15:00:00,505838
M Ilichev_125161,M Ilichev,-2,0,36,40,-4,76,2021-07-27 15:00:00,505839
Anton Myrza_1571415819,Anton Myrza,3,1,33,23,10,56,2021-07-27 15:00:00,505840
J Vojtech_28031,J Vojtech,-2,0,32,39,-7,71,2021-07-27 15:02:00,505841
Andrii Sydorenko_1590499371,Andrii Sydorenko,3,1,34,24,10,58,2021-07-27 15:05:00,505842
Serhii Bohach_169385,Serhii Bohach,-2,0,35,36,-1,71,2021-07-27 15:05:00,505843
Oleksandr Kostiuk_693844617,Oleksandr Kostiuk,3,1,34,26,8,60,2021-07-27 15:10:00,505844
Dmytro Khairov_169415,Dmytro Khairov,-1,0,49,50,-1,99,2021-07-27 15:15:00,505845
Serhij Maksymiv_903612224,Serhij Maksymiv,2,1,39,35,4,74,2021-07-27 15:15:00,505846
A Zirin_125169,A Zirin,-1,0,48,52,-4,100,2021-07-27 15:16:00,505847
V Zhigalov_125171,V Zhigalov,-2,0,22,41,-19,63,2021-07-27 15:17:00,505848
Dmytro Derevinskyi_595280045,Dmytro Derevinskyi,-1,0,49,55,-6,104,2021-07-27 15:20:00,505849
Oleksandr Kalynevych_169458,Oleksandr Kalynevych,-1,0,47,47,0,94,2021-07-27 15:20:00,505850
Igor Maksymchuk_1570893123,Igor Maksymchuk,-3,0,19,34,-15,53,2021-07-27 15:20:00,505851
Bohdan Kohut_606598526,Bohdan Kohut,3,1,33,21,12,54,2021-07-27 15:25:00,505852
Yevhen Bielokon_169441,Yevhen Bielokon,1,1,50,34,16,84,2021-07-27 15:25:00,505853
Vasyl Moshovskyi_169456,Vasyl Moshovskyi,2,1,40,34,6,74,2021-07-27 15:30:00,505854
Vojtech Matous_169589,Vojtech Matous,-1,0,43,52,-9,95,2021-07-27 15:30:00,505855
Sviatoslav Sachuk_169473,Sviatoslav Sachuk,2,1,47,43,4,90,2021-07-27 15:30:00,505856
S Kulikov_125034,S Kulikov,-2,0,34,39,-5,73,2021-07-27 15:31:00,505857
M Flanderka_28032,M Flanderka,1,1,48,45,3,93,2021-07-27 15:33:00,505858
Adam Krasutskyi_1832980360,Adam Krasutskyi,3,1,35,25,10,60,2021-07-27 15:35:00,505859
Vitalii Kobets_169488,Vitalii Kobets,3,1,35,26,9,61,2021-07-27 15:35:00,505860
Oleg Gavryluk_853137984,Oleg Gavryluk,1,1,52,44,8,96,2021-07-27 15:40:00,505861
Oleksii Hlazkov_169503,Oleksii Hlazkov,-3,0,19,33,-14,52,2021-07-27 15:40:00,505862
Vladimir Andrievskiy_169621,Vladimir Andrievskiy,-1,0,48,44,4,92,2021-07-27 15:45:00,505863
Artem Slashchev_124996,Artem Slashchev,-2,0,41,44,-3,85,2021-07-27 15:46:00,505864
Andrii Novikov_169459,Andrii Novikov,1,1,52,49,3,101,2021-07-27 15:50:00,505865
Serhii Rutskyi_1563809486,Serhii Rutskyi,-3,0,12,33,-21,45,2021-07-27 15:50:00,505866
V Bazilevskiy_125080,V Bazilevskiy,1,1,46,40,6,86,2021-07-27 15:51:00,505867
Spartak Abalmaz_1945504191,Spartak Abalmaz,1,1,49,41,8,90,2021-07-27 15:55:00,505868
Oleksandr Melashenko_169442,Oleksandr Melashenko,-1,0,49,51,-2,100,2021-07-27 15:55:00,505869
Oleksandr Tuzhylin_1758835631,Oleksandr Tuzhylin,3,1,35,29,6,64,2021-07-27 16:00:00,505870
Oleksandr Shpak_169457,Oleksandr Shpak,-1,0,36,42,-6,78,2021-07-27 16:00:00,505871
Egor Kovpak_169474,Egor Kovpak,2,1,43,29,14,72,2021-07-27 16:00:00,505872
M Gusev_125035,M Gusev,-2,0,32,39,-7,71,2021-07-27 16:05:00,505873
Andrii Novikov_169489,Andrii Novikov,-1,0,48,40,8,88,2021-07-27 16:05:00,505874
Andrei Huchok_169504,Andrei Huchok,-2,0,31,45,-14,76,2021-07-27 16:10:00,505875
Oleksiy Sapronov_1888940875,Oleksiy Sapronov,1,1,45,42,3,87,2021-07-27 16:10:00,505876
Petr Fiser_169633,Petr Fiser,3,1,34,19,15,53,2021-07-27 16:15:00,505877
Andrii Isaiev_88788231,Andrii Isaiev,1,1,57,48,9,105,2021-07-27 16:15:00,505878
D Molodtsov_124997,D Molodtsov,2,1,42,33,9,75,2021-07-27 16:15:00,505879
Mykola Odarenko_169622,Mykola Odarenko,-2,0,33,40,-7,73,2021-07-27 16:15:00,505880
I Tolmachev_125081,I Tolmachev,1,1,43,43,0,86,2021-07-27 16:17:00,505881
Yaroslav Tebenko_169460,Yaroslav Tebenko,-1,0,51,52,-1,103,2021-07-27 16:20:00,505882
Vadym Nechyporuk_1831488047,Vadym Nechyporuk,-1,0,48,54,-6,102,2021-07-27 16:20:00,505883
J Vojtech_28077,J Vojtech,-3,0,20,33,-13,53,2021-07-27 16:24:00,505884
Andrii Zeniuk_202543157,Andrii Zeniuk,-3,0,26,34,-8,60,2021-07-27 16:25:00,505885
Hryhorii Kulishov_169533,Hryhorii Kulishov,-1,0,48,54,-6,102,2021-07-27 16:25:00,505886
Yurii Kolos_169475,Yurii Kolos,3,1,48,42,6,90,2021-07-27 16:30:00,505887
Valentin Zaichenko_1323883103,Valentin Zaichenko,-2,0,37,43,-6,80,2021-07-27 16:30:00,505888
Rodion Pirveli_750595812,Rodion Pirveli,1,1,55,43,12,98,2021-07-27 16:35:00,505889
Mykhailo Diachenko_169490,Mykhailo Diachenko,3,1,34,26,8,60,2021-07-27 16:35:00,505890
V Nemashkalo_125036,V Nemashkalo,-2,0,44,48,-4,92,2021-07-27 16:37:00,505891
Andriy Chermenskyi_598701815,Andriy Chermenskyi,2,1,43,33,10,76,2021-07-27 16:40:00,505892
Oleksandr Maselskyi_169505,Oleksandr Maselskyi,-3,0,21,33,-12,54,2021-07-27 16:40:00,505893
T Holik_28078,T Holik,3,1,36,25,11,61,2021-07-27 16:43:00,505894
Vladimir Andrievskiy_169623,Vladimir Andrievskiy,-3,0,26,34,-8,60,2021-07-27 16:45:00,505895
Adam Krasutskyi_944072606,Adam Krasutskyi,2,1,41,31,10,72,2021-07-27 16:45:00,505896
Christian Kratochvil_169634,Christian Kratochvil,2,1,45,31,14,76,2021-07-27 16:45:00,505897
V Beliakov_124998,V Beliakov,-3,0,20,35,-15,55,2021-07-27 16:49:00,505898
D Kolesnikov_125082,D Kolesnikov,-2,0,34,43,-9,77,2021-07-27 16:50:00,505899
Andrii Novikov_169461,Andrii Novikov,-2,0,28,44,-16,72,2021-07-27 16:50:00,505900
Oleg Gavryluk_114478556,Oleg Gavryluk,2,1,39,27,12,66,2021-07-27 16:50:00,505901
Andrii Kotik_1265104656,Andrii Kotik,3,1,38,32,6,70,2021-07-27 16:55:00,505902
Serhii Sokolov_169534,Serhii Sokolov,-1,0,51,51,0,102,2021-07-27 16:55:00,505903
Egor Kovpak_169476,Egor Kovpak,-1,0,45,54,-9,99,2021-07-27 17:00:00,505904
Tomas Lukes_169590,Tomas Lukes,2,1,42,34,8,76,2021-07-27 17:00:00,505905
Serhii Rutskyi_678717132,Serhii Rutskyi,-3,0,16,33,-17,49,2021-07-27 17:00:00,505906
Andrii Novikov_169491,Andrii Novikov,-1,0,41,50,-9,91,2021-07-27 17:05:00,505907
Spartak Abalmaz_356532116,Spartak Abalmaz,-1,0,48,43,5,91,2021-07-27 17:05:00,505908
jr. Havlik_28033,jr. Havlik,2,1,42,33,9,75,2021-07-27 17:05:00,505909
Ir Kim_125037,Ir Kim,-1,0,50,42,8,92,2021-07-27 17:09:00,505910
Rodion Pirveli_2117918035,Rodion Pirveli,3,1,33,26,7,59,2021-07-27 17:10:00,505911
Andrei Huchok_169506,Andrei Huchok,-2,0,34,36,-2,70,2021-07-27 17:10:00,505912
Ihor Emets_169624,Ihor Emets,2,1,44,34,10,78,2021-07-27 17:15:00,505913
K Bystrushkin_124999,K Bystrushkin,-2,0,29,43,-14,72,2021-07-27 17:15:00,505914
Anatolii Yakovenko_1431721106,Anatolii Yakovenko,2,1,40,33,7,73,2021-07-27 17:15:00,505915
A Lisov_125083,A Lisov,-1,0,40,48,-8,88,2021-07-27 17:17:00,505916
Nikita Korbut_2023733831,Nikita Korbut,-2,0,37,38,-1,75,2021-07-27 17:20:00,505917
Oleksandr Kalynevych_169462,Oleksandr Kalynevych,-2,0,36,41,-5,77,2021-07-27 17:20:00,505918
Vitalii Kyilo_169535,Vitalii Kyilo,2,1,43,23,20,66,2021-07-27 17:25:00,505919
Andrii Troyan_11363532,Andrii Troyan,-2,0,28,43,-15,71,2021-07-27 17:25:00,505920
F Pusch_28034,F Pusch,-3,0,21,33,-12,54,2021-07-27 17:30:00,505921
Vadym Nechyporuk_1907217466,Vadym Nechyporuk,3,1,33,23,10,56,2021-07-27 17:30:00,505922
Sviatoslav Sachuk_169477,Sviatoslav Sachuk,1,1,47,48,-1,95,2021-07-27 17:30:00,505923
Milan Liptak_169591,Milan Liptak,1,1,56,49,7,105,2021-07-27 17:30:00,505924
Vitalii Kobets_169492,Vitalii Kobets,-1,0,37,50,-13,87,2021-07-27 17:35:00,505925
Vitalii Zharskiy_1476339605,Vitalii Zharskiy,2,1,43,34,9,77,2021-07-27 17:35:00,505926
Oleksii Hlazkov_169507,Oleksii Hlazkov,1,1,47,40,7,87,2021-07-27 17:40:00,505927
Vadym Grushko_1032369637,Vadym Grushko,-3,0,16,33,-17,49,2021-07-27 17:40:00,505928
Andriy Chermenskyi_922214235,Andriy Chermenskyi,-1,0,50,48,2,98,2021-07-27 17:45:00,505929
Mykola Odarenko_169625,Mykola Odarenko,1,1,48,40,8,88,2021-07-27 17:45:00,505930
V Beliakov_125000,V Beliakov,1,1,46,39,7,85,2021-07-27 17:46:00,505931
D Kolesnikov_125084,D Kolesnikov,-1,0,43,56,-13,99,2021-07-27 17:47:00,505932
V Nemashkalo_125038,V Nemashkalo,3,1,33,20,13,53,2021-07-27 17:48:00,505933
Rodion Pirveli_1649945009,Rodion Pirveli,-2,0,33,43,-10,76,2021-07-27 17:50:00,505934
Nikita Vilenchyts_169548,Nikita Vilenchyts,-1,0,34,48,-14,82,2021-07-27 17:50:00,505935
Oleh Kapeliukha_169463,Oleh Kapeliukha,3,1,34,22,12,56,2021-07-27 17:50:00,505936
Serhii Sokolov_169536,Serhii Sokolov,-1,0,50,53,-3,103,2021-07-27 17:55:00,505937
Oleksiy Sapronov_1749301963,Oleksiy Sapronov,2,1,41,20,21,61,2021-07-27 17:55:00,505938
Milan Liptak_169592,Milan Liptak,-2,0,34,45,-11,79,2021-07-27 18:00:00,505939
Dmytro Prokopenko_169478,Dmytro Prokopenko,-1,0,40,51,-11,91,2021-07-27 18:00:00,505940
M Huk_28035,M Huk,-2,0,31,42,-11,73,2021-07-27 18:00:00,505941
Andrii Isaiev_1481433319,Andrii Isaiev,1,1,52,31,21,83,2021-07-27 18:00:00,505942
Andrii Kotik_2107788850,Andrii Kotik,-2,0,33,40,-7,73,2021-07-27 18:05:00,505943
Andrii Hrytsai_169493,Andrii Hrytsai,-3,0,23,33,-10,56,2021-07-27 18:05:00,505944
Andrii Zeniuk_1059070382,Andrii Zeniuk,-3,0,19,33,-14,52,2021-07-27 18:10:00,505945
Serhii Dovzhenko_169508,Serhii Dovzhenko,-3,0,14,33,-19,47,2021-07-27 18:10:00,505946
M Gusev_125039,M Gusev,1,1,48,44,4,92,2021-07-27 18:10:00,505947
Valentin Zaichenko_1385579264,Valentin Zaichenko,-1,0,42,51,-9,93,2021-07-27 18:15:00,505948
Vladimir Andrievskiy_169626,Vladimir Andrievskiy,2,1,37,32,5,69,2021-07-27 18:15:00,505949
I Tolmachev_125085,I Tolmachev,1,1,51,39,12,90,2021-07-27 18:18:00,505950
D Molodtsov_125001,D Molodtsov,1,1,41,41,0,82,2021-07-27 18:19:00,505951
Vitalii Rychkov_169549,Vitalii Rychkov,3,1,33,14,19,47,2021-07-27 18:20:00,505952
Yaroslav Tebenko_169464,Yaroslav Tebenko,-2,0,36,45,-9,81,2021-07-27 18:20:00,505953
Anatolii Yakovenko_1600059220,Anatolii Yakovenko,1,1,44,36,8,80,2021-07-27 18:20:00,505954
Andriy Chermenskyi_1989142233,Andriy Chermenskyi,1,1,51,37,14,88,2021-07-27 18:25:00,505955
Hryhorii Kulishov_169537,Hryhorii Kulishov,2,1,39,32,7,71,2021-07-27 18:25:00,505956
Jr. Obeslo_28036,Jr. Obeslo,-1,0,41,46,-5,87,2021-07-27 18:30:00,505957
Yurii Kolos_169479,Yurii Kolos,3,1,33,20,13,53,2021-07-27 18:30:00,505958
Adam Krasutskyi_1523751478,Adam Krasutskyi,-1,0,36,48,-12,84,2021-07-27 18:30:00,505959
Tomas Lukes_169593,Tomas Lukes,2,1,43,32,11,75,2021-07-27 18:30:00,505960
Oleg Gavryluk_1182122753,Oleg Gavryluk,-1,0,34,48,-14,82,2021-07-27 18:35:00,505961
Mykhailo Diachenko_169494,Mykhailo Diachenko,-1,0,43,48,-5,91,2021-07-27 18:35:00,505962
Oleksandr Maselskyi_169509,Oleksandr Maselskyi,-1,0,41,45,-4,86,2021-07-27 18:40:00,505963
Vadym Nechyporuk_821794349,Vadym Nechyporuk,-2,0,47,43,4,90,2021-07-27 18:40:00,505964
Mykola Odarenko_169627,Mykola Odarenko,3,1,35,19,16,54,2021-07-27 18:45:00,505965
Serhii Rutskyi_1767429459,Serhii Rutskyi,-3,0,16,34,-18,50,2021-07-27 18:45:00,505966
Andrii Novikov_169465,Andrii Novikov,-2,0,35,45,-10,80,2021-07-27 18:50:00,505967
Spartak Abalmaz_1580468825,Spartak Abalmaz,3,1,33,24,9,57,2021-07-27 18:50:00,505968
Oleksii Hrymovskyi_169550,Oleksii Hrymovskyi,1,1,47,45,2,92,2021-07-27 18:50:00,505969
D Kolesnikov_125234,D Kolesnikov,-1,0,48,51,-3,99,2021-07-27 18:52:00,505970
Ir Kim_125238,Ir Kim,3,1,34,18,16,52,2021-07-27 18:52:00,505971
Andrii Herasymenko_1833523589,Andrii Herasymenko,-2,0,38,45,-7,83,2021-07-27 18:55:00,505972
V Beliakov_125236,V Beliakov,-3,0,22,34,-12,56,2021-07-27 18:56:00,505973
Lukas Mayer_169594,Lukas Mayer,-3,0,21,33,-12,54,2021-07-27 19:00:00,505974
M Huk_28037,M Huk,2,1,42,30,12,72,2021-07-27 19:00:00,505975
Rodion Pirveli_1958711859,Rodion Pirveli,-3,0,24,34,-10,58,2021-07-27 19:00:00,505976
Egor Kovpak_169480,Egor Kovpak,2,1,42,30,12,72,2021-07-27 19:00:00,505977
Nikita Korbut_736680094,Nikita Korbut,3,1,35,21,14,56,2021-07-27 19:05:00,505978
Andrii Novikov_169495,Andrii Novikov,-1,0,40,51,-11,91,2021-07-27 19:05:00,505979
M Gusev_125239,M Gusev,-2,0,34,41,-7,75,2021-07-27 19:09:00,505980
Andrei Huchok_169510,Andrei Huchok,1,1,43,45,-2,88,2021-07-27 19:10:00,505981
Andrii Troyan_1404211200,Andrii Troyan,2,1,41,39,2,80,2021-07-27 19:10:00,505982
Dmytro Vakhta_1951710444,Dmytro Vakhta,1,1,50,50,0,100,2021-07-27 19:15:00,505983
Artem Slashchev_125237,Artem Slashchev,2,1,40,37,3,77,2021-07-27 19:15:00,505984
Ihor Emets_169628,Ihor Emets,3,1,37,25,12,62,2021-07-27 19:15:00,505985
Oleksandr Kalynevych_169466,Oleksandr Kalynevych,2,1,41,32,9,73,2021-07-27 19:20:00,505986
Vitalii Rychkov_169551,Vitalii Rychkov,2,1,41,30,11,71,2021-07-27 19:20:00,505987
Vitalii Zharskiy_1109710156,Vitalii Zharskiy,3,1,33,22,11,55,2021-07-27 19:20:00,505988
V Bazilevskiy_125235,V Bazilevskiy,3,1,33,16,17,49,2021-07-27 19:21:00,505989
Vadym Grushko_1108447264,Vadym Grushko,-3,0,17,33,-16,50,2021-07-27 19:25:00,505990
Vitalii Kyilo_169539,Vitalii Kyilo,-2,0,33,39,-6,72,2021-07-27 19:25:00,505991
Eduard Rubtsov_1085036321,Eduard Rubtsov,-2,0,36,43,-7,79,2021-07-27 19:30:00,505992
Tomas Lukes_169595,Tomas Lukes,1,1,46,35,11,81,2021-07-27 19:30:00,505993
F Pusch_28038,F Pusch,2,1,43,33,10,76,2021-07-27 19:30:00,505994
Sviatoslav Sachuk_169481,Sviatoslav Sachuk,2,1,42,38,4,80,2021-07-27 19:30:00,505995
Vitalii Kobets_169496,Vitalii Kobets,-1,0,50,55,-5,105,2021-07-27 19:35:00,505996
Anatolii Yakovenko_271707322,Anatolii Yakovenko,-1,0,39,48,-9,87,2021-07-27 19:35:00,505997
D Tikhnenko_125040,D Tikhnenko,2,1,41,26,15,67,2021-07-27 19:38:00,505998
Oleksii Hlazkov_169511,Oleksii Hlazkov,-2,0,34,41,-7,75,2021-07-27 19:40:00,505999
Oleksiy Sapronov_1492703401,Oleksiy Sapronov,-2,0,34,46,-12,80,2021-07-27 19:40:00,506000
Andrii Isaiev_1696324429,Andrii Isaiev,1,1,50,45,5,95,2021-07-27 19:45:00,506001
Vladimir Andrievskiy_169629,Vladimir Andrievskiy,-1,0,45,48,-3,93,2021-07-27 19:45:00,506002
A Klavdenkov_125002,A Klavdenkov,-1,0,46,50,-4,96,2021-07-27 19:48:00,506003
F Ambrosimov_125086,F Ambrosimov,2,1,38,34,4,72,2021-07-27 19:48:00,506004
Andrii Kotik_1149911799,Andrii Kotik,-1,0,37,51,-14,88,2021-07-27 19:50:00,506005
Oleh Kapeliukha_169467,Oleh Kapeliukha,1,1,43,41,2,84,2021-07-27 19:50:00,506006
Nikita Vilenchyts_169552,Nikita Vilenchyts,3,1,34,24,10,58,2021-07-27 19:50:00,506007
Andrii Zeniuk_683858459,Andrii Zeniuk,3,1,33,25,8,58,2021-07-27 19:55:00,506008
Valentin Zaichenko_579231191,Valentin Zaichenko,-1,0,45,51,-6,96,2021-07-27 20:00:00,506009
Dmytro Prokopenko_169482,Dmytro Prokopenko,-3,0,20,34,-14,54,2021-07-27 20:00:00,506010
Jr. Obeslo_28079,Jr. Obeslo,2,1,44,30,14,74,2021-07-27 20:00:00,506011
G Bardyshev_125041,G Bardyshev,-3,0,22,33,-11,55,2021-07-27 20:02:00,506012
Igor Sukovatyi_887833353,Igor Sukovatyi,1,1,51,40,11,91,2021-07-27 20:05:00,506013
Lukas Mayer_169886,Lukas Mayer,-2,0,32,42,-10,74,2021-07-27 20:05:00,506014
Andrii Hrytsai_169497,Andrii Hrytsai,1,1,46,38,8,84,2021-07-27 20:05:00,506015
Serhii Skachenko_884470611,Serhii Skachenko,3,1,35,26,9,61,2021-07-27 20:10:00,506016
Serhii Dovzhenko_169512,Serhii Dovzhenko,-1,0,35,46,-11,81,2021-07-27 20:10:00,506017
P Pinkovskii_125087,P Pinkovskii,-3,0,22,33,-11,55,2021-07-27 20:15:00,506018
Roman Sukhomlyn_797031467,Roman Sukhomlyn,2,1,46,38,8,84,2021-07-27 20:15:00,506019
Serhii Turovets_169630,Serhii Turovets,-2,0,33,43,-10,76,2021-07-27 20:15:00,506020
Yurii Shmyndra_169553,Yurii Shmyndra,1,1,50,45,5,95,2021-07-27 20:20:00,506021
Yaroslav Tebenko_169468,Yaroslav Tebenko,2,1,42,36,6,78,2021-07-27 20:20:00,506022
Vitalii Protopopov_158213159,Vitalii Protopopov,2,1,44,33,11,77,2021-07-27 20:20:00,506023
I Soldatov_125003,I Soldatov,-2,0,35,39,-4,74,2021-07-27 20:24:00,506024
Hryhorii Kulishov_169541,Hryhorii Kulishov,-2,0,36,41,-5,77,2021-07-27 20:25:00,506025
Vadym Nechyporuk_418287878,Vadym Nechyporuk,-1,0,40,49,-9,89,2021-07-27 20:25:00,506026
jr. Havlik_28080,jr. Havlik,-1,0,45,46,-1,91,2021-07-27 20:30:00,506027
Yurii Kolos_169483,Yurii Kolos,-3,0,20,33,-13,53,2021-07-27 20:30:00,506028
Viktor Bedriichuk_229027937,Viktor Bedriichuk,-1,0,46,42,4,88,2021-07-27 20:30:00,506029
S Kuzmin_125042,S Kuzmin,1,1,44,46,-2,90,2021-07-27 20:32:00,506030
David Brichacek_169887,David Brichacek,1,1,53,44,9,97,2021-07-27 20:35:00,506031
Mykhailo Diachenko_169498,Mykhailo Diachenko,1,1,46,35,11,81,2021-07-27 20:35:00,506032
Dmitriy Lebed_1072674525,Dmitriy Lebed,-2,0,27,42,-15,69,2021-07-27 20:35:00,506033
Igor Sukovatyi_172580803,Igor Sukovatyi,3,1,33,20,13,53,2021-07-27 20:40:00,506034
Oleksandr Maselskyi_169513,Oleksandr Maselskyi,-2,0,34,44,-10,78,2021-07-27 20:40:00,506035
Ihor Emets_169888,Ihor Emets,2,1,44,36,8,80,2021-07-27 20:45:00,506036
Dmytro Alekseenko_784182824,Dmytro Alekseenko,1,1,48,40,8,88,2021-07-27 20:45:00,506037
M Pronkin_125088,M Pronkin,-3,0,25,34,-9,59,2021-07-27 20:46:00,506038
Adam Krasutskyi_439793515,Adam Krasutskyi,-3,0,21,33,-12,54,2021-07-27 20:50:00,506039
Oleksandr Kalynevych_169469,Oleksandr Kalynevych,1,1,54,45,9,99,2021-07-27 20:50:00,506040
Oleksii Hrymovskyi_169554,Oleksii Hrymovskyi,3,1,33,21,12,54,2021-07-27 20:50:00,506041
V Marshalov_125004,V Marshalov,1,1,53,52,1,105,2021-07-27 20:51:00,506042
Oleg Gavryluk_265729981,Oleg Gavryluk,-2,0,40,41,-1,81,2021-07-27 20:55:00,506043
Andrii Kotik_1407044472,Andrii Kotik,-3,0,23,34,-11,57,2021-07-27 21:00:00,506044
Sviatoslav Sachuk_169484,Sviatoslav Sachuk,-2,0,33,45,-12,78,2021-07-27 21:00:00,506045
P Gireth_28039,P Gireth,-1,0,47,46,1,93,2021-07-27 21:00:00,506046
Tomas Vorisek_169635,Tomas Vorisek,-2,0,35,47,-12,82,2021-07-27 21:00:00,506047
V Mishakin_125043,V Mishakin,-2,0,32,35,-3,67,2021-07-27 21:02:00,506048
Vitalii Kobets_169499,Vitalii Kobets,1,1,46,34,12,80,2021-07-27 21:05:00,506049
Viktor Bedriichuk_1308655881,Viktor Bedriichuk,-2,0,30,42,-12,72,2021-07-27 21:05:00,506050
Spartak Abalmaz_1887419705,Spartak Abalmaz,-1,0,39,46,-7,85,2021-07-27 21:10:00,506051
Oleksii Hlazkov_169514,Oleksii Hlazkov,-1,0,46,45,1,91,2021-07-27 21:10:00,506052
Serhii Skachenko_1229120,Serhii Skachenko,-1,0,47,46,1,93,2021-07-27 21:15:00,506053
Igor Gatsenko_169889,Igor Gatsenko,2,1,39,35,4,74,2021-07-27 21:15:00,506054
V Fedorov_125089,V Fedorov,-1,0,50,51,-1,101,2021-07-27 21:17:00,506055
Anatolii Dulich_169470,Anatolii Dulich,-2,0,37,44,-7,81,2021-07-27 21:20:00,506056
Igor Sukovatyi_1579234505,Igor Sukovatyi,-3,0,22,33,-11,55,2021-07-27 21:20:00,506057
Vitalii Rychkov_169555,Vitalii Rychkov,3,1,33,17,16,50,2021-07-27 21:20:00,506058
Adam Krasutskyi_1266152320,Adam Krasutskyi,-2,0,35,43,-8,78,2021-07-27 21:25:00,506059
Vitalii Kyilo_169543,Vitalii Kyilo,1,1,48,49,-1,97,2021-07-27 21:25:00,506060
D Razinkov_125005,D Razinkov,-2,0,31,40,-9,71,2021-07-27 21:27:00,506061
Andrii Troyan_642639588,Andrii Troyan,-2,0,30,40,-10,70,2021-07-27 21:30:00,506062
Fedir Balbas_169485,Fedir Balbas,-3,0,21,34,-13,55,2021-07-27 21:30:00,506063
S Kuzmin_125044,S Kuzmin,-1,0,43,54,-11,97,2021-07-27 21:30:00,506064
Jan Holan_169597,Jan Holan,-2,0,34,42,-8,76,2021-07-27 21:30:00,506065
Ji Louda_28040,Ji Louda,-1,0,40,49,-9,89,2021-07-27 21:32:00,506066
Vadym Nechyporuk_166004875,Vadym Nechyporuk,3,1,34,26,8,60,2021-07-27 21:35:00,506067
Roman Bambutsa_169500,Roman Bambutsa,1,1,48,41,7,89,2021-07-27 21:35:00,506068
Maksym Mykhailovych_191678405,Maksym Mykhailovych,3,1,34,21,13,55,2021-07-27 21:40:00,506069
Andrii Obishchenko_169515,Andrii Obishchenko,1,1,52,50,2,102,2021-07-27 21:40:00,506070
Vadym Grushko_2066372327,Vadym Grushko,-3,0,26,33,-7,59,2021-07-27 21:45:00,506071
Nikita Vilenchyts_169556,Nikita Vilenchyts,3,1,33,26,7,59,2021-07-27 21:50:00,506072
Oleksandr Kalynevych_169471,Oleksandr Kalynevych,1,1,45,42,3,87,2021-07-27 21:50:00,506073
Dmytro Alekseenko_1115729432,Dmytro Alekseenko,3,1,33,19,14,52,2021-07-27 21:50:00,506074
M Pronkin_125090,M Pronkin,1,1,50,43,7,93,2021-07-27 21:54:00,506075
Hryhorii Kulishov_169544,Hryhorii Kulishov,2,1,39,36,3,75,2021-07-27 21:55:00,506076
Serhii Skachenko_1284086983,Serhii Skachenko,-3,0,21,33,-12,54,2021-07-27 21:55:00,506077
Oleksiy Sapronov_1403461201,Oleksiy Sapronov,-2,0,31,38,-7,69,2021-07-27 22:00:00,506078
V Marshalov_125006,V Marshalov,-3,0,12,33,-21,45,2021-07-27 22:00:00,506079
Jan Holan_169598,Jan Holan,-3,0,12,33,-21,45,2021-07-27 22:00:00,506080
G Bardyshev_125045,G Bardyshev,2,1,40,43,-3,83,2021-07-27 22:00:00,506081
Z Bilek_28041,Z Bilek,2,1,48,44,4,92,2021-07-27 22:01:00,506082
Vitalii Kobets_169501,Vitalii Kobets,2,1,43,24,19,67,2021-07-27 22:05:00,506083
Vitalii Protopopov_1541084033,Vitalii Protopopov,1,1,46,39,7,85,2021-07-27 22:05:00,506084
Andrii Kotik_911269125,Andrii Kotik,-3,0,15,33,-18,48,2021-07-27 22:10:00,506085
Oleksii Hlazkov_169516,Oleksii Hlazkov,3,1,33,24,9,57,2021-07-27 22:10:00,506086
Andrii Novikov_169472,Andrii Novikov,2,1,38,34,4,72,2021-07-27 22:20:00,506087
Spartak Abalmaz_214880555,Spartak Abalmaz,2,1,42,29,13,71,2021-07-27 22:20:00,506088
Yurii Shmyndra_169557,Yurii Shmyndra,3,1,33,21,12,54,2021-07-27 22:20:00,506089
I Soldatov_125007,I Soldatov,1,1,53,47,6,100,2021-07-27 22:24:00,506090
Borys Kostiuk_169545,Borys Kostiuk,-1,0,43,53,-10,96,2021-07-27 22:25:00,506091
Oleksandr Bondarchuk_1088532793,Oleksandr Bondarchuk,-1,0,41,47,-6,88,2021-07-27 22:25:00,506092
P Pinkovskii_125091,P Pinkovskii,-1,0,45,52,-7,97,2021-07-27 22:28:00,506093
Egor Kovpak_169487,Egor Kovpak,-2,0,30,43,-13,73,2021-07-27 22:30:00,506094
Tomas Vorisek_169636,Tomas Vorisek,2,1,41,32,9,73,2021-07-27 22:30:00,506095
Igor Sukovatyi_954611544,Igor Sukovatyi,-3,0,15,33,-18,48,2021-07-27 22:30:00,506096
V Mishakin_125240,V Mishakin,-1,0,44,50,-6,94,2021-07-27 22:34:00,506097
Jo Kutifel_28042,Jo Kutifel,-3,0,21,35,-14,56,2021-07-27 22:34:00,506098
Andrii Novikov_169502,Andrii Novikov,-3,0,22,33,-11,55,2021-07-27 22:35:00,506099
Andrei Huchok_169517,Andrei Huchok,2,1,37,32,5,69,2021-07-27 22:40:00,506100
A Klavdenkov_125251,A Klavdenkov,3,1,33,0,33,33,2021-07-27 22:45:00,506101
Nazarii Hrytsyienko_595162707,Nazarii Hrytsyienko,-1,0,48,54,-6,102,2021-07-27 22:45:00,506102
Oleksii Hrymovskyi_169558,Oleksii Hrymovskyi,-1,0,47,41,6,88,2021-07-27 22:50:00,506103
Denys Nemchenko_1901330304,Denys Nemchenko,-3,0,23,33,-10,56,2021-07-27 23:00:00,506104
Z Bilek_28043,Z Bilek,-1,0,47,44,3,91,2021-07-27 23:00:00,506105
Jaromir Zlamal_169600,Jaromir Zlamal,-1,0,46,50,-4,96,2021-07-27 23:00:00,506106
G Bardyshev_125241,G Bardyshev,-3,0,24,33,-9,57,2021-07-27 23:00:00,506107
Serhii Skachenko_1623743580,Serhii Skachenko,2,1,45,39,6,84,2021-07-27 23:05:00,506108
V Fedorov_125242,V Fedorov,1,1,46,49,-3,95,2021-07-27 23:09:00,506109
I Soldatov_125244,I Soldatov,1,1,54,45,9,99,2021-07-27 23:17:00,506110
Nikita Vilenchyts_169559,Nikita Vilenchyts,3,1,33,16,17,49,2021-07-27 23:20:00,506111
Serhii Sokolov_169547,Serhii Sokolov,-1,0,42,44,-2,86,2021-07-27 23:25:00,506112
Tomas Vorisek_169637,Tomas Vorisek,-3,0,21,33,-12,54,2021-07-27 23:30:00,506113
D Sayanov_125046,D Sayanov,3,1,41,34,7,75,2021-07-27 23:31:00,506114
Ji Louda_28044,Ji Louda,-2,0,29,41,-12,70,2021-07-27 23:33:00,506115
Kyrylo Yehorov_30162555,Kyrylo Yehorov,-2,0,33,43,-10,76,2021-07-27 23:35:00,506116
M Pronkin_125243,M Pronkin,-2,0,32,42,-10,74,2021-07-27 23:42:00,506117
Mykola Treshchetka_608503891,Mykola Treshchetka,1,1,47,44,3,91,2021-07-27 23:45:00,506118
Pavlo Babenko_169560,Pavlo Babenko,2,1,53,43,10,96,2021-07-27 23:50:00,506119
P Gireth_28081,P Gireth,3,1,33,18,15,51,2021-07-28 00:00:00,506120
D Korneev_125047,D Korneev,1,1,51,43,8,94,2021-07-28 00:01:00,506121
V Shirshov_125008,V Shirshov,1,1,48,46,2,94,2021-07-28 00:01:00,506122
Mykhailo Presniakov_394185650,Mykhailo Presniakov,2,1,42,35,7,77,2021-07-28 00:05:00,506123
N Zhurba_125092,N Zhurba,2,1,45,45,0,90,2021-07-28 00:07:00,506124
Jaromir Zlamal_169890,Jaromir Zlamal,3,1,33,18,15,51,2021-07-28 00:15:00,506125
Valerii Baklykov_2058292928,Valerii Baklykov,-1,0,45,49,-4,94,2021-07-28 00:15:00,506126
Nikita Vilenchyts_169561,Nikita Vilenchyts,3,1,33,23,10,56,2021-07-28 00:20:00,506127
Roman Hnoievoi_169563,Roman Hnoievoi,-3,0,33,41,-8,74,2021-07-28 00:25:00,506128
Jo Kutifel_28082,Jo Kutifel,-1,0,42,47,-5,89,2021-07-28 00:29:00,506129
D Balakin_125009,D Balakin,1,1,45,42,3,87,2021-07-28 00:30:00,506130
D Ignatev_125048,D Ignatev,-2,0,42,46,-4,88,2021-07-28 00:31:00,506131
Kyrylo Yehorov_1794152771,Kyrylo Yehorov,-3,0,28,34,-6,62,2021-07-28 00:35:00,506132
A Serebrennikov_125093,A Serebrennikov,3,1,33,20,13,53,2021-07-28 00:36:00,506133
Mykola Treshchetka_1567026964,Mykola Treshchetka,3,1,33,21,12,54,2021-07-28 00:45:00,506134
Jakub Figel_169891,Jakub Figel,3,1,33,14,19,47,2021-07-28 00:45:00,506135
Vitalii Rychkov_169562,Vitalii Rychkov,2,1,40,30,10,70,2021-07-28 00:50:00,506136
Ruslan Solomko_169564,Ruslan Solomko,-2,0,33,38,-5,71,2021-07-28 00:55:00,506137
D Petrochenko_125094,D Petrochenko,-2,0,39,45,-6,84,2021-07-28 00:59:00,506138
V Sidorin_125049,V Sidorin,2,1,40,36,4,76,2021-07-28 01:04:00,506139
Mykhailo Presniakov_1936649854,Mykhailo Presniakov,-1,0,49,54,-5,103,2021-07-28 01:05:00,506140
N Sadovskiy_125010,N Sadovskiy,-3,0,24,35,-11,59,2021-07-28 01:11:00,506141
Yurii Nevmyvaka_215948277,Yurii Nevmyvaka,3,1,33,9,24,42,2021-07-28 01:15:00,506142
I Soldatov_125095,I Soldatov,1,1,52,38,14,90,2021-07-28 01:22:00,506143
Dmytro Rehotun_169565,Dmytro Rehotun,3,1,33,21,12,54,2021-07-28 01:25:00,506144
A Ilin_125011,A Ilin,-2,0,28,43,-15,71,2021-07-28 01:27:00,506145
D Korneev_125050,D Korneev,-1,0,47,45,2,92,2021-07-28 01:29:00,506146
Kyrylo Yehorov_2123273645,Kyrylo Yehorov,-3,0,22,33,-11,55,2021-07-28 01:35:00,506147
Valerii Baklykov_1413577253,Valerii Baklykov,2,1,36,27,9,63,2021-07-28 01:45:00,506148
A Serebrennikov_125096,A Serebrennikov,2,1,43,34,9,77,2021-07-28 01:53:00,506149
Ruslan Solomko_169566,Ruslan Solomko,-2,0,31,41,-10,72,2021-07-28 01:55:00,506150
D Balakin_125012,D Balakin,-1,0,52,52,0,104,2021-07-28 02:00:00,506151
Dmytro Baistriuchenko_1891714888,Dmytro Baistriuchenko,-1,0,45,54,-9,99,2021-07-28 02:05:00,506152
V Sidorin_125051,V Sidorin,-2,0,32,43,-11,75,2021-07-28 02:09:00,506153
Mykola Treshchetka_1410936948,Mykola Treshchetka,1,1,47,37,10,84,2021-07-28 02:15:00,506154
I Soldatov_125097,I Soldatov,1,1,43,45,-2,88,2021-07-28 02:21:00,506155
Roman Hnoievoi_169567,Roman Hnoievoi,-3,0,23,33,-10,56,2021-07-28 02:25:00,506156
A Ilin_125013,A Ilin,-2,0,32,44,-12,76,2021-07-28 02:32:00,506157
N Sukharnikov_125052,N Sukharnikov,1,1,47,48,-1,95,2021-07-28 02:33:00,506158
Kyrylo Yehorov_1262428411,Kyrylo Yehorov,-3,0,19,33,-14,52,2021-07-28 02:35:00,506159
Yurii Nevmyvaka_1899574136,Yurii Nevmyvaka,-2,0,33,45,-12,78,2021-07-28 02:45:00,506160
Oleksandr Gomilko_169568,Oleksandr Gomilko,-1,0,53,52,1,105,2021-07-28 02:55:00,506161
A Girevenkov_125098,A Girevenkov,-1,0,41,50,-9,91,2021-07-28 02:55:00,506162
S Myagkov_125014,S Myagkov,3,1,33,21,12,54,2021-07-28 02:59:00,506163
Mykhailo Presniakov_784310529,Mykhailo Presniakov,-3,0,18,33,-15,51,2021-07-28 03:05:00,506164
D Ignatev_125053,D Ignatev,2,1,37,27,10,64,2021-07-28 03:07:00,506165
Valerii Baklykov_85267663,Valerii Baklykov,-2,0,34,42,-8,76,2021-07-28 03:15:00,506166
N Sadovskiy_125015,N Sadovskiy,3,1,33,12,21,45,2021-07-28 03:20:00,506167
Dmytro Rehotun_169569,Dmytro Rehotun,3,1,33,21,12,54,2021-07-28 03:25:00,506168
D Petrochenko_125099,D Petrochenko,2,1,42,36,6,78,2021-07-28 03:26:00,506169
D Sayanov_125054,D Sayanov,2,1,42,34,8,76,2021-07-28 03:31:00,506170
Kyrylo Yehorov_1434099010,Kyrylo Yehorov,-1,0,47,48,-1,95,2021-07-28 03:35:00,506171
V Shirshov_125016,V Shirshov,-2,0,32,40,-8,72,2021-07-28 03:45:00,506172
Andrey Matcyk_634826301,Andrey Matcyk,3,1,33,24,9,57,2021-07-28 03:45:00,506173
Ruslan Solomko_169570,Ruslan Solomko,-3,0,23,33,-10,56,2021-07-28 03:55:00,506174
N Zhurba_125100,N Zhurba,-3,0,15,33,-18,48,2021-07-28 03:57:00,506175
N Sukharnikov_125055,N Sukharnikov,2,1,43,34,9,77,2021-07-28 04:00:00,506176
Mykhailo Presniakov_1936400409,Mykhailo Presniakov,-3,0,18,33,-15,51,2021-07-28 04:05:00,506177
Mykola Treshchetka_1637890784,Mykola Treshchetka,3,1,33,20,13,53,2021-07-28 04:15:00,506178
A Girevenkov_125101,A Girevenkov,1,1,50,43,7,93,2021-07-28 04:17:00,506179
S Myagkov_125017,S Myagkov,-2,0,39,49,-10,88,2021-07-28 04:19:00,506180
Roman Hnoievoi_169571,Roman Hnoievoi,-2,0,22,38,-16,60,2021-07-28 04:25:00,506181
D Korneev_125245,D Korneev,2,1,41,34,7,75,2021-07-28 04:32:00,506182
Kyrylo Yehorov_2123453394,Kyrylo Yehorov,-1,0,44,48,-4,92,2021-07-28 04:35:00,506183
Valerii Baklykov_873686215,Valerii Baklykov,-1,0,44,50,-6,94,2021-07-28 04:45:00,506184
A Girevenkov_125247,A Girevenkov,-1,0,54,60,-6,114,2021-07-28 04:48:00,506185
D Balakin_125249,D Balakin,-1,0,42,48,-6,90,2021-07-28 04:53:00,506186
Oleksandr Gomilko_169572,Oleksandr Gomilko,-3,0,31,37,-6,68,2021-07-28 04:55:00,506187
D Ignatev_125246,D Ignatev,1,1,45,46,-1,91,2021-07-28 05:01:00,506188
Dmytro Baistriuchenko_1891393701,Dmytro Baistriuchenko,-2,0,31,40,-9,71,2021-07-28 05:05:00,506189
Yurii Nevmyvaka_2011998171,Yurii Nevmyvaka,-2,0,27,42,-15,69,2021-07-28 05:15:00,506190
Dmytro Rehotun_169573,Dmytro Rehotun,3,1,36,28,8,64,2021-07-28 05:25:00,506191
N Zhurba_125248,N Zhurba,2,1,41,38,3,79,2021-07-28 05:26:00,506192
N Sadovskiy_125250,N Sadovskiy,1,1,48,52,-4,100,2021-07-28 05:31:00,506193
Roman Hnoievoi_169574,Roman Hnoievoi,-1,0,46,45,1,91,2021-07-28 05:55:00,506194
Oleksandr Liushnia_169575,Oleksandr Liushnia,-2,0,32,39,-7,71,2021-07-28 06:25:00,506195
Roman Hnoievoi_169576,Roman Hnoievoi,3,1,33,18,15,51,2021-07-28 06:55:00,506196
Ruslan Solomko_169577,Ruslan Solomko,3,1,34,22,12,56,2021-07-28 07:25:00,506197
A Vorozheykin_125162,A Vorozheykin,-3,0,18,34,-16,52,2021-07-28 07:30:00,506198
O Kharlakin_125126,O Kharlakin,-2,0,29,41,-12,70,2021-07-28 07:48:00,506199
K Olshakov_125200,K Olshakov,-2,0,34,44,-10,78,2021-07-28 07:48:00,506200
Ihor Kvak_169638,Ihor Kvak,1,1,49,44,5,93,2021-07-28 07:50:00,506201
Serhii Boiko_63099061,Serhii Boiko,-1,0,44,46,-2,90,2021-07-28 07:50:00,506202
Oleksandr Dziabura_1366975221,Oleksandr Dziabura,-2,0,32,39,-7,71,2021-07-28 07:55:00,506203
Yurii Kolos_169653,Yurii Kolos,3,1,33,23,10,56,2021-07-28 08:00:00,506204
O Belugin_125163,O Belugin,2,1,43,36,7,79,2021-07-28 08:00:00,506205
Dmytro Hrosov_169663,Dmytro Hrosov,3,1,33,22,11,55,2021-07-28 08:05:00,506206
Oleksandr Maselskyi_169678,Oleksandr Maselskyi,-3,0,22,34,-12,56,2021-07-28 08:10:00,506207
Iulii Khomutovskyi_169693,Iulii Khomutovskyi,-3,0,14,33,-19,47,2021-07-28 08:15:00,506208
A Golyshev_125201,A Golyshev,3,1,33,23,10,56,2021-07-28 08:16:00,506209
A Fedorov_125127,A Fedorov,-1,0,43,46,-3,89,2021-07-28 08:17:00,506210
Yaroslav Tebenko_169639,Yaroslav Tebenko,3,1,35,21,14,56,2021-07-28 08:20:00,506211
Vladimir Lushnikov_756953810,Vladimir Lushnikov,2,1,40,30,10,70,2021-07-28 08:25:00,506212
Bohdan Havryliuk_169654,Bohdan Havryliuk,-3,0,24,35,-11,59,2021-07-28 08:30:00,506213
Dmytro Kryshtal_302613019,Dmytro Kryshtal,2,1,39,31,8,70,2021-07-28 08:30:00,506214
A Kolmin_125164,A Kolmin,3,1,33,12,21,45,2021-07-28 08:33:00,506215
Andrii Baklykov_1797406224,Andrii Baklykov,2,1,48,41,7,89,2021-07-28 08:35:00,506216
Artem Kuzmyn_169664,Artem Kuzmyn,-1,0,44,46,-2,90,2021-07-28 08:35:00,506217
Oleksii Hlazkov_169679,Oleksii Hlazkov,-3,0,20,34,-14,54,2021-07-28 08:40:00,506218
Yulia Hodko_1733036551,Yulia Hodko,3,1,33,19,14,52,2021-07-28 08:40:00,506219
Oleksandr Medvedyev_135896760,Oleksandr Medvedyev,-2,0,28,37,-9,65,2021-07-28 08:45:00,506220
Vladyslav Stukalov_169694,Vladyslav Stukalov,-3,0,24,33,-9,57,2021-07-28 08:45:00,506221
D Kolesnikov_125202,D Kolesnikov,-1,0,48,50,-2,98,2021-07-28 08:46:00,506222
E Tsvetkov_125128,E Tsvetkov,-2,0,35,34,1,69,2021-07-28 08:47:00,506223
Serhii Ponomarov_169640,Serhii Ponomarov,-2,0,32,42,-10,74,2021-07-28 08:50:00,506224
Ihor Petryshyn_1644954582,Ihor Petryshyn,-3,0,18,33,-15,51,2021-07-28 08:50:00,506225
Oleksii Hrymovskyi_169708,Oleksii Hrymovskyi,3,1,33,26,7,59,2021-07-28 08:50:00,506226
Dmytro Dubrovin_530849552,Dmytro Dubrovin,-2,0,35,38,-3,73,2021-07-28 08:55:00,506227
Illia Marynkevych_169723,Illia Marynkevych,-1,0,50,52,-2,102,2021-07-28 08:55:00,506228
Serhii Baranovskyi_52200662,Serhii Baranovskyi,-1,0,39,45,-6,84,2021-07-28 08:55:00,506229
Yurii Kolos_169655,Yurii Kolos,-2,0,32,38,-6,70,2021-07-28 09:00:00,506230
Ondrej Konvalinka_169862,Ondrej Konvalinka,-1,0,49,54,-5,103,2021-07-28 09:00:00,506231
Denys Kvyk_169738,Denys Kvyk,2,1,39,26,13,65,2021-07-28 09:00:00,506232
Denys Shcherbak_914412852,Denys Shcherbak,-2,0,34,43,-9,77,2021-07-28 09:00:00,506233
A Zabrodin_125165,A Zabrodin,2,1,38,33,5,71,2021-07-28 09:01:00,506234
Sr. Obeslo_28053,Sr. Obeslo,2,1,39,33,6,72,2021-07-28 09:02:00,506235
Oleksandr Khoroshun_169665,Oleksandr Khoroshun,-2,0,24,42,-18,66,2021-07-28 09:05:00,506236
Maksym Kolos_747341389,Maksym Kolos,-2,0,39,46,-7,85,2021-07-28 09:05:00,506237
Kostiantyn Seliuk_169680,Kostiantyn Seliuk,-3,0,29,36,-7,65,2021-07-28 09:10:00,506238
Davyd Symonchuk_1537215805,Davyd Symonchuk,-1,0,36,44,-8,80,2021-07-28 09:10:00,506239
Tatiana Tatianina_1145945257,Tatiana Tatianina,-2,0,33,39,-6,72,2021-07-28 09:15:00,506240
Volodymyr Kononikhin_169695,Volodymyr Kononikhin,-3,0,24,33,-9,57,2021-07-28 09:15:00,506241
A Savinskiy_125129,A Savinskiy,2,1,41,26,15,67,2021-07-28 09:16:00,506242
Yu Gavrilov_125203,Yu Gavrilov,3,1,33,18,15,51,2021-07-28 09:17:00,506243
Nikita Vilenchyts_169709,Nikita Vilenchyts,-2,0,29,42,-13,71,2021-07-28 09:20:00,506244
Yaroslav Tebenko_169641,Yaroslav Tebenko,-3,0,24,33,-9,57,2021-07-28 09:20:00,506245
Igor Vatsyn_1478625971,Igor Vatsyn,-1,0,40,48,-8,88,2021-07-28 09:20:00,506246
Kostiantyn Nesterenko_169724,Kostiantyn Nesterenko,-2,0,34,40,-6,74,2021-07-28 09:25:00,506247
Petro Tsolik_2072741051,Petro Tsolik,-2,0,37,46,-9,83,2021-07-28 09:25:00,506248
Egor Kovpak_169656,Egor Kovpak,2,1,38,23,15,61,2021-07-28 09:30:00,506249
Nazarii Danyliuk_22111481,Nazarii Danyliuk,-1,0,42,46,-4,88,2021-07-28 09:30:00,506250
Valerii Melnyk_915540960,Valerii Melnyk,1,1,50,45,5,95,2021-07-28 09:30:00,506251
Filip Marat_169863,Filip Marat,1,1,50,49,1,99,2021-07-28 09:30:00,506252
Serhii Prus_169739,Serhii Prus,2,1,46,43,3,89,2021-07-28 09:30:00,506253
M Sulc_28054,M Sulc,3,1,35,22,13,57,2021-07-28 09:34:00,506254
Artem Kuzmyn_169666,Artem Kuzmyn,-2,0,31,40,-9,71,2021-07-28 09:35:00,506255
Vladimir Lushnikov_810159836,Vladimir Lushnikov,-1,0,42,46,-4,88,2021-07-28 09:35:00,506256
A Kolmin_125166,A Kolmin,-1,0,49,45,4,94,2021-07-28 09:36:00,506257
Dmytro Kryshtal_754222936,Dmytro Kryshtal,3,1,34,26,8,60,2021-07-28 09:40:00,506258
Oleksii Hlazkov_169681,Oleksii Hlazkov,-1,0,44,51,-7,95,2021-07-28 09:40:00,506259
E Tsvetkov_125130,E Tsvetkov,1,1,49,47,2,96,2021-07-28 09:45:00,506260
Vladyslav Stukalov_169696,Vladyslav Stukalov,2,1,44,33,11,77,2021-07-28 09:45:00,506261
Andrii Baklykov_647490801,Andrii Baklykov,-3,0,25,34,-9,59,2021-07-28 09:45:00,506262
D Kolesnikov_125204,D Kolesnikov,-2,0,42,44,-2,86,2021-07-28 09:46:00,506263
Yulia Hodko_2111432921,Yulia Hodko,2,1,40,31,9,71,2021-07-28 09:50:00,506264
Ihor Kvak_169642,Ihor Kvak,2,1,42,29,13,71,2021-07-28 09:50:00,506265
Yurii Shmyndra_169710,Yurii Shmyndra,1,1,52,43,9,95,2021-07-28 09:50:00,506266
Oleksandr Medvedyev_1123372283,Oleksandr Medvedyev,-2,0,25,43,-18,68,2021-07-28 09:55:00,506267
Yevhen Samofal_169725,Yevhen Samofal,2,1,42,27,15,69,2021-07-28 09:55:00,506268
Ihor Petryshyn_1215958433,Ihor Petryshyn,2,1,43,28,15,71,2021-07-28 10:00:00,506269
Oliver Korp_28055,Oliver Korp,-2,0,34,44,-10,78,2021-07-28 10:00:00,506270
Vladyslav-Ivan Sheremeta_169740,Vladyslav-Ivan Sheremeta,2,1,43,34,9,77,2021-07-28 10:00:00,506271
Filip Marat_169864,Filip Marat,1,1,49,50,-1,99,2021-07-28 10:00:00,506272
Bohdan Havryliuk_169657,Bohdan Havryliuk,1,1,55,55,0,110,2021-07-28 10:00:00,506273
Dmytro Dubrovin_1424709200,Dmytro Dubrovin,-1,0,49,58,-9,107,2021-07-28 10:05:00,506274
Dmytro Hrosov_169667,Dmytro Hrosov,-3,0,21,34,-13,55,2021-07-28 10:05:00,506275
Serhii Baranovskyi_547463244,Serhii Baranovskyi,-2,0,33,42,-9,75,2021-07-28 10:05:00,506276
Oleksandr Maselskyi_169682,Oleksandr Maselskyi,-2,0,35,44,-9,79,2021-07-28 10:10:00,506277
Serhii Boiko_1032511047,Serhii Boiko,3,1,34,27,7,61,2021-07-28 10:10:00,506278
Oleksandr Dziabura_847025,Oleksandr Dziabura,1,1,51,47,4,98,2021-07-28 10:15:00,506279
Iulii Khomutovskyi_169697,Iulii Khomutovskyi,-3,0,10,33,-23,43,2021-07-28 10:15:00,506280
A Fedorov_125131,A Fedorov,1,1,46,39,7,85,2021-07-28 10:16:00,506281
A Golyshev_125205,A Golyshev,-3,0,25,34,-9,59,2021-07-28 10:17:00,506282
Nikita Vilenchyts_169711,Nikita Vilenchyts,-1,0,46,45,1,91,2021-07-28 10:20:00,506283
Anatolii Dulich_169643,Anatolii Dulich,-1,0,48,50,-2,98,2021-07-28 10:20:00,506284
Volodymyr Maksiuta_1788035205,Volodymyr Maksiuta,2,1,39,38,1,77,2021-07-28 10:20:00,506285
O Belugin_125167,O Belugin,2,1,46,42,4,88,2021-07-28 10:22:00,506286
Kostiantyn Nesterenko_169726,Kostiantyn Nesterenko,3,1,36,30,6,66,2021-07-28 10:25:00,506287
Iryna Aseieva_987561824,Iryna Aseieva,-2,0,38,42,-4,80,2021-07-28 10:25:00,506288
Serhii Prus_169741,Serhii Prus,2,1,44,38,6,82,2021-07-28 10:30:00,506289
T Holik_28056,T Holik,-2,0,29,42,-13,71,2021-07-28 10:30:00,506290
Ondrej Konvalinka_169865,Ondrej Konvalinka,-2,0,40,43,-3,83,2021-07-28 10:30:00,506291
Yurii Kolos_169658,Yurii Kolos,-2,0,36,42,-6,78,2021-07-28 10:30:00,506292
Roman Pinchuk_519573280,Roman Pinchuk,3,1,33,18,15,51,2021-07-28 10:30:00,506293
Maksym Mykytiuk_1163373045,Maksym Mykytiuk,-2,0,35,43,-8,78,2021-07-28 10:35:00,506294
Viktor Syvych_169668,Viktor Syvych,-2,0,37,44,-7,81,2021-07-28 10:35:00,506295
Valeriy Kolesnykov_169683,Valeriy Kolesnykov,2,1,46,40,6,86,2021-07-28 10:40:00,506296
Sergey Filatov_276608888,Sergey Filatov,1,1,51,40,11,91,2021-07-28 10:40:00,506297
Valerii Melnyk_1743771405,Valerii Melnyk,3,1,33,14,19,47,2021-07-28 10:40:00,506298
Oleksandr Durduka_169698,Oleksandr Durduka,-1,0,49,48,1,97,2021-07-28 10:45:00,506299
D Kolesnikov_125253,D Kolesnikov,-3,0,28,37,-9,65,2021-07-28 10:45:00,506300
Serhii Tsybulin_1130608181,Serhii Tsybulin,1,1,53,51,2,104,2021-07-28 10:45:00,506301
A Fedorov_125255,A Fedorov,1,1,51,46,5,97,2021-07-28 10:46:00,506302
Serhii Ponomarov_169644,Serhii Ponomarov,1,1,48,40,8,88,2021-07-28 10:50:00,506303
Serhii Kinash_30503702,Serhii Kinash,-3,0,18,33,-15,51,2021-07-28 10:50:00,506304
Oleksii Hrymovskyi_169712,Oleksii Hrymovskyi,3,1,34,19,15,53,2021-07-28 10:50:00,506305
A Vorozheykin_125257,A Vorozheykin,-3,0,16,33,-17,49,2021-07-28 10:52:00,506306
Illia Marynkevych_169727,Illia Marynkevych,-1,0,39,46,-7,85,2021-07-28 10:55:00,506307
Davyd Symonchuk_1503750313,Davyd Symonchuk,1,1,50,42,8,92,2021-07-28 10:55:00,506308
Tatiana Tatianina_172050142,Tatiana Tatianina,-3,0,27,36,-9,63,2021-07-28 11:00:00,506309
Jonas Kulveit_169866,Jonas Kulveit,-1,0,44,48,-4,92,2021-07-28 11:00:00,506310
Oliver Korp_28057,Oliver Korp,-3,0,15,33,-18,48,2021-07-28 11:00:00,506311
Bohdan Havryliuk_169659,Bohdan Havryliuk,-1,0,45,48,-3,93,2021-07-28 11:00:00,506312
Denys Kvyk_169742,Denys Kvyk,-1,0,46,51,-5,97,2021-07-28 11:00:00,506313
Oleksandr Khoroshun_169669,Oleksandr Khoroshun,1,1,50,44,6,94,2021-07-28 11:05:00,506314
Igor Vatsyn_939303494,Igor Vatsyn,3,1,35,21,14,56,2021-07-28 11:05:00,506315
O Belugin_125258,O Belugin,-3,0,26,35,-9,61,2021-07-28 11:06:00,506316
Petro Tsolik_169433333,Petro Tsolik,-2,0,31,43,-12,74,2021-07-28 11:10:00,506317
Kostiantyn Seliuk_169684,Kostiantyn Seliuk,-1,0,42,51,-9,93,2021-07-28 11:10:00,506318
Nazarii Danyliuk_1807641446,Nazarii Danyliuk,3,1,34,22,12,56,2021-07-28 11:15:00,506319
Serhii Baranovskyi_1108418386,Serhii Baranovskyi,-3,0,23,34,-11,57,2021-07-28 11:15:00,506320
K Olshakov_125254,K Olshakov,1,1,46,47,-1,93,2021-07-28 11:15:00,506321
Volodymyr Kononikhin_169699,Volodymyr Kononikhin,-1,0,34,48,-14,82,2021-07-28 11:15:00,506322
E Tsvetkov_125256,E Tsvetkov,-1,0,46,49,-3,95,2021-07-28 11:16:00,506323
Yaroslav Tebenko_169645,Yaroslav Tebenko,-1,0,40,48,-8,88,2021-07-28 11:20:00,506324
Denys Shcherbak_969793562,Denys Shcherbak,-2,0,33,40,-7,73,2021-07-28 11:20:00,506325
Pavlo Babenko_169713,Pavlo Babenko,3,1,33,23,10,56,2021-07-28 11:20:00,506326
Ruslan Tolstykh_169728,Ruslan Tolstykh,3,1,33,19,14,52,2021-07-28 11:25:00,506327
Maksym Kolos_1603368993,Maksym Kolos,-2,0,27,44,-17,71,2021-07-28 11:25:00,506328
Oleh Holiak_169743,Oleh Holiak,3,1,34,26,8,60,2021-07-28 11:30:00,506329
Egor Kovpak_169660,Egor Kovpak,1,1,47,42,5,89,2021-07-28 11:30:00,506330
Ondrej Konvalinka_169867,Ondrej Konvalinka,-2,0,41,46,-5,87,2021-07-28 11:30:00,506331
Andrii Baklykov_406284505,Andrii Baklykov,-2,0,34,44,-10,78,2021-07-28 11:30:00,506332
M Sulc_28058,M Sulc,3,1,41,28,13,69,2021-07-28 11:30:00,506333
O Pronin_125172,O Pronin,-2,0,28,38,-10,66,2021-07-28 11:31:00,506334
Artem Kuzmyn_169670,Artem Kuzmyn,2,1,44,30,14,74,2021-07-28 11:35:00,506335
Yulia Hodko_1084837009,Yulia Hodko,1,1,48,38,10,86,2021-07-28 11:35:00,506336
Oleksii Hlazkov_169685,Oleksii Hlazkov,-1,0,43,50,-7,93,2021-07-28 11:40:00,506337
Oleksandr Medvedyev_1329305423,Oleksandr Medvedyev,-2,0,35,40,-5,75,2021-07-28 11:40:00,506338
Ihor Petryshyn_720454908,Ihor Petryshyn,-3,0,23,34,-11,57,2021-07-28 11:45:00,506339
Vladyslav Stukalov_169700,Vladyslav Stukalov,2,1,41,31,10,72,2021-07-28 11:45:00,506340
I Poletaev_125206,I Poletaev,-1,0,49,49,0,98,2021-07-28 11:46:00,506341
A Kozlov_125132,A Kozlov,2,1,45,38,7,83,2021-07-28 11:47:00,506342
Dmytro Dubrovin_1562121022,Dmytro Dubrovin,-2,0,38,42,-4,80,2021-07-28 11:50:00,506343
Nikita Trofimov_502986813,Nikita Trofimov,2,1,43,38,5,81,2021-07-28 11:50:00,506344
Yurii Shmyndra_169714,Yurii Shmyndra,-1,0,39,47,-8,86,2021-07-28 11:50:00,506345
Ihor Kvak_169646,Ihor Kvak,-1,0,51,53,-2,104,2021-07-28 11:50:00,506346
Yevhen Samofal_169729,Yevhen Samofal,-3,0,31,37,-6,68,2021-07-28 11:55:00,506347
Vladimir Lushnikov_2116009580,Vladimir Lushnikov,-1,0,48,49,-1,97,2021-07-28 11:55:00,506348
Dmytro Kryshtal_319973793,Dmytro Kryshtal,-2,0,33,39,-6,72,2021-07-28 12:00:00,506349
V Kutin_125173,V Kutin,1,1,49,43,6,92,2021-07-28 12:00:00,506350
Yurii Kolos_169661,Yurii Kolos,2,1,42,33,9,75,2021-07-28 12:00:00,506351
Vladyslav-Ivan Sheremeta_169744,Vladyslav-Ivan Sheremeta,3,1,35,25,10,60,2021-07-28 12:00:00,506352
Oliver Korp_28083,Oliver Korp,-3,0,28,35,-7,63,2021-07-28 12:05:00,506353
Jonas Kulveit_169892,Jonas Kulveit,2,1,43,39,4,82,2021-07-28 12:05:00,506354
Dmytro Hrosov_169671,Dmytro Hrosov,-2,0,29,36,-7,65,2021-07-28 12:05:00,506355
Volodymyr Maksiuta_1193729329,Volodymyr Maksiuta,-2,0,28,39,-11,67,2021-07-28 12:05:00,506356
Oleksandr Maselskyi_169686,Oleksandr Maselskyi,1,1,55,54,1,109,2021-07-28 12:10:00,506357
Iryna Aseieva_139949400,Iryna Aseieva,3,1,33,16,17,49,2021-07-28 12:10:00,506358
Iulii Khomutovskyi_169701,Iulii Khomutovskyi,3,1,33,23,10,56,2021-07-28 12:15:00,506359
Roman Pinchuk_1730774304,Roman Pinchuk,-1,0,50,55,-5,105,2021-07-28 12:15:00,506360
T Razinkov_125133,T Razinkov,1,1,49,46,3,95,2021-07-28 12:19:00,506361
A Libatskii_125207,A Libatskii,3,1,36,25,11,61,2021-07-28 12:19:00,506362
Maksym Mykytiuk_340998852,Maksym Mykytiuk,-1,0,44,48,-4,92,2021-07-28 12:20:00,506363
Nikita Vilenchyts_169715,Nikita Vilenchyts,-3,0,24,33,-9,57,2021-07-28 12:20:00,506364
Anatolii Dulich_169647,Anatolii Dulich,1,1,52,42,10,94,2021-07-28 12:20:00,506365
Serhii Baranovskyi_1998081788,Serhii Baranovskyi,1,1,47,47,0,94,2021-07-28 12:25:00,506366
Kostiantyn Nesterenko_169730,Kostiantyn Nesterenko,-2,0,31,42,-11,73,2021-07-28 12:25:00,506367
Sergey Filatov_1250906861,Sergey Filatov,2,1,38,30,8,68,2021-07-28 12:25:00,506368
Dmytro Prokopenko_169662,Dmytro Prokopenko,-2,0,30,42,-12,72,2021-07-28 12:30:00,506369
Serhii Prus_169745,Serhii Prus,-1,0,42,44,-2,86,2021-07-28 12:30:00,506370
Sr. Obeslo_28084,Sr. Obeslo,-2,0,28,41,-13,69,2021-07-28 12:30:00,506371
Serhii Boiko_1170149325,Serhii Boiko,3,1,34,26,8,60,2021-07-28 12:30:00,506372
Stepan Rejent_169893,Stepan Rejent,3,1,35,21,14,56,2021-07-28 12:35:00,506373
Oleksandr Dziabura_1660931418,Oleksandr Dziabura,1,1,51,44,7,95,2021-07-28 12:35:00,506374
Viktor Syvych_169672,Viktor Syvych,-2,0,42,46,-4,88,2021-07-28 12:35:00,506375
V Chernov_125174,V Chernov,-1,0,46,44,2,90,2021-07-28 12:39:00,506376
Davyd Symonchuk_2142467182,Davyd Symonchuk,3,1,33,15,18,48,2021-07-28 12:40:00,506377
Valeriy Kolesnykov_169687,Valeriy Kolesnykov,-2,0,33,41,-8,74,2021-07-28 12:40:00,506378
Oleksandr Durduka_169702,Oleksandr Durduka,2,1,39,36,3,75,2021-07-28 12:45:00,506379
Tatiana Tatianina_487074384,Tatiana Tatianina,-1,0,38,51,-13,89,2021-07-28 12:45:00,506380
I Matveyev_125208,I Matveyev,-3,0,26,33,-7,59,2021-07-28 12:46:00,506381
Oleksii Hrymovskyi_169716,Oleksii Hrymovskyi,-2,0,35,44,-9,79,2021-07-28 12:50:00,506382
Igor Vatsyn_306018184,Igor Vatsyn,-1,0,49,46,3,95,2021-07-28 12:50:00,506383
Serhii Ponomarov_169648,Serhii Ponomarov,2,1,39,31,8,70,2021-07-28 12:50:00,506384
Petro Tsolik_650847954,Petro Tsolik,3,1,35,19,16,54,2021-07-28 12:55:00,506385
Illia Marynkevych_169731,Illia Marynkevych,3,1,34,25,9,59,2021-07-28 12:55:00,506386
Vaclav Jr Hejda_169868,Vaclav Jr Hejda,-2,0,39,44,-5,83,2021-07-28 13:00:00,506387
Valerii Melnyk_595265926,Valerii Melnyk,2,1,46,38,8,84,2021-07-28 13:00:00,506388
Denys Kvyk_169746,Denys Kvyk,-2,0,39,40,-1,79,2021-07-28 13:00:00,506389
Nazarii Danyliuk_392595380,Nazarii Danyliuk,2,1,41,32,9,73,2021-07-28 13:00:00,506390
M Ilichev_125134,M Ilichev,1,1,51,48,3,99,2021-07-28 13:01:00,506391
J Pozarsky_28059,J Pozarsky,2,1,40,34,6,74,2021-07-28 13:03:00,506392
Serhii Tsybulin_1640772866,Serhii Tsybulin,2,1,45,40,5,85,2021-07-28 13:05:00,506393
Oleksandr Khoroshun_169673,Oleksandr Khoroshun,-2,0,32,38,-6,70,2021-07-28 13:05:00,506394
M Dukhin_125175,M Dukhin,-1,0,44,41,3,85,2021-07-28 13:10:00,506395
Serhii Kinash_722973592,Serhii Kinash,1,1,51,51,0,102,2021-07-28 13:10:00,506396
Kostiantyn Seliuk_169688,Kostiantyn Seliuk,-3,0,26,35,-9,61,2021-07-28 13:10:00,506397
Dmytro Prokopenko_169894,Dmytro Prokopenko,-1,0,29,45,-16,74,2021-07-28 13:10:00,506398
Ya Bazhinov_125209,Ya Bazhinov,2,1,44,34,10,78,2021-07-28 13:15:00,506399
Volodymyr Kononikhin_169703,Volodymyr Kononikhin,2,1,42,29,13,71,2021-07-28 13:15:00,506400
Vladyslav Sliuzenko_638317305,Vladyslav Sliuzenko,2,1,40,25,15,65,2021-07-28 13:15:00,506401
Ihor Kvak_169649,Ihor Kvak,-3,0,25,34,-9,59,2021-07-28 13:20:00,506402
Pavlo Babenko_169717,Pavlo Babenko,-3,0,20,33,-13,53,2021-07-28 13:20:00,506403
Anna Miklukha_615285496,Anna Miklukha,2,1,44,39,5,83,2021-07-28 13:20:00,506404
Viktor Bosak_1418538996,Viktor Bosak,1,1,44,36,8,80,2021-07-28 13:25:00,506405
Ruslan Tolstykh_169732,Ruslan Tolstykh,2,1,42,33,9,75,2021-07-28 13:25:00,506406
Artur Akopyan_169869,Artur Akopyan,-3,0,24,34,-10,58,2021-07-28 13:30:00,506407
Nazarii Haievyi_1516776990,Nazarii Haievyi,-2,0,35,36,-1,71,2021-07-28 13:30:00,506408
Oleh Holiak_169747,Oleh Holiak,3,1,33,22,11,55,2021-07-28 13:30:00,506409
M Urban_28060,M Urban,3,1,36,24,12,60,2021-07-28 13:33:00,506410
D Mikheev_125135,D Mikheev,1,1,55,51,4,106,2021-07-28 13:35:00,506411
Serhii Baranovskyi_1533108524,Serhii Baranovskyi,2,1,44,36,8,80,2021-07-28 13:35:00,506412
Volodymyr Plishylo_1230409488,Volodymyr Plishylo,-3,0,17,33,-16,50,2021-07-28 13:35:00,506413
Dmytro Hrosov_169674,Dmytro Hrosov,-2,0,31,41,-10,72,2021-07-28 13:35:00,506414
Denys Shcherbak_704313204,Denys Shcherbak,2,1,41,30,11,71,2021-07-28 13:40:00,506415
Oleksandr Maselskyi_169689,Oleksandr Maselskyi,-2,0,34,41,-7,75,2021-07-28 13:40:00,506416
Maksym Mrykh_169895,Maksym Mrykh,-2,0,48,55,-7,103,2021-07-28 13:40:00,506417
Maksym Kolos_323407360,Maksym Kolos,-3,0,26,33,-7,59,2021-07-28 13:45:00,506418
Iulii Khomutovskyi_169704,Iulii Khomutovskyi,-3,0,11,33,-22,44,2021-07-28 13:45:00,506419
V Chernov_125176,V Chernov,-3,0,24,33,-9,57,2021-07-28 13:45:00,506420
I Matveyev_125210,I Matveyev,1,1,54,51,3,105,2021-07-28 13:48:00,506421
Yurii Shmyndra_169718,Yurii Shmyndra,-1,0,42,41,1,83,2021-07-28 13:50:00,506422
Andrii Novikov_169650,Andrii Novikov,-1,0,45,52,-7,97,2021-07-28 13:50:00,506423
Andrii Baklykov_215569000,Andrii Baklykov,2,1,42,29,13,71,2021-07-28 13:50:00,506424
Yulia Hodko_505002089,Yulia Hodko,-1,0,52,51,1,103,2021-07-28 13:55:00,506425
Yevhen Samofal_169733,Yevhen Samofal,-1,0,42,47,-5,89,2021-07-28 13:55:00,506426
Oleksandr Medvedyev_1691832988,Oleksandr Medvedyev,2,1,43,35,8,78,2021-07-28 14:00:00,506427
Vladyslav-Ivan Sheremeta_169748,Vladyslav-Ivan Sheremeta,2,1,42,33,9,75,2021-07-28 14:00:00,506428
Artur Akopyan_169870,Artur Akopyan,-3,0,23,33,-10,56,2021-07-28 14:00:00,506429
J Veselka_28061,J Veselka,-2,0,28,40,-12,68,2021-07-28 14:00:00,506430
Ihor Petryshyn_773372592,Ihor Petryshyn,-3,0,20,33,-13,53,2021-07-28 14:05:00,506431
Valerii Lukianevych_169675,Valerii Lukianevych,-2,0,28,42,-14,70,2021-07-28 14:05:00,506432
V Kutin_125177,V Kutin,1,1,55,47,8,102,2021-07-28 14:05:00,506433
Andrei Huchok_169690,Andrei Huchok,3,1,33,20,13,53,2021-07-28 14:10:00,506434
Dmytro Dubrovin_656244336,Dmytro Dubrovin,3,1,33,16,17,49,2021-07-28 14:10:00,506435
Valerii Melnyk_1821582194,Valerii Melnyk,2,1,42,30,12,72,2021-07-28 14:10:00,506436
Serhii Boiko_636922231,Serhii Boiko,-2,0,39,46,-7,85,2021-07-28 14:15:00,506437
Ihor Biletskyi_169705,Ihor Biletskyi,-3,0,30,38,-8,68,2021-07-28 14:15:00,506438
Ihor Kvak_169651,Ihor Kvak,-2,0,40,45,-5,85,2021-07-28 14:20:00,506439
Oleksii Hrymovskyi_169719,Oleksii Hrymovskyi,-2,0,33,35,-2,68,2021-07-28 14:20:00,506440
Oleksandr Dziabura_1037286578,Oleksandr Dziabura,1,1,49,39,10,88,2021-07-28 14:20:00,506441
M Ilichev_125136,M Ilichev,-3,0,18,33,-15,51,2021-07-28 14:22:00,506442
Andrii Baklykov_1652940551,Andrii Baklykov,-2,0,33,39,-6,72,2021-07-28 14:25:00,506443
A Libatskii_125211,A Libatskii,1,1,50,41,9,91,2021-07-28 14:25:00,506444
Illia Marynkevych_169734,Illia Marynkevych,2,1,43,35,8,78,2021-07-28 14:25:00,506445
Yaroslava Prykhodko_1883433596,Yaroslava Prykhodko,-1,0,52,57,-5,109,2021-07-28 14:30:00,506446
Denys Kvyk_169749,Denys Kvyk,2,1,44,39,5,83,2021-07-28 14:30:00,506447
Vaclav Jr Hejda_169871,Vaclav Jr Hejda,-2,0,34,41,-7,75,2021-07-28 14:30:00,506448
R Pavelka_28062,R Pavelka,-3,0,18,33,-15,51,2021-07-28 14:31:00,506449
Dmytro Hrosov_169676,Dmytro Hrosov,1,1,50,47,3,97,2021-07-28 14:35:00,506450
Oleksandr Medvedyev_876879731,Oleksandr Medvedyev,3,1,35,25,10,60,2021-07-28 14:35:00,506451
Nazarii Haievyi_198223667,Nazarii Haievyi,3,1,33,23,10,56,2021-07-28 14:40:00,506452
Oleksandr Maselskyi_169691,Oleksandr Maselskyi,-1,0,44,48,-4,92,2021-07-28 14:40:00,506453
V Chernov_125293,V Chernov,-1,0,40,49,-9,89,2021-07-28 14:43:00,506454
Iulii Khomutovskyi_169706,Iulii Khomutovskyi,-3,0,18,33,-15,51,2021-07-28 14:45:00,506455
Volodymyr Plishylo_77594640,Volodymyr Plishylo,1,1,45,36,9,81,2021-07-28 14:45:00,506456
T Razinkov_125137,T Razinkov,2,1,44,36,8,80,2021-07-28 14:45:00,506457
Serhii Baranovskyi_1582872946,Serhii Baranovskyi,1,1,52,48,4,100,2021-07-28 14:45:00,506458
Oleksii Krutko_1883834880,Oleksii Krutko,2,1,39,23,16,62,2021-07-28 14:50:00,506459
Yaroslav Tebenko_169652,Yaroslav Tebenko,3,1,34,28,6,62,2021-07-28 14:50:00,506460
Leonid Tertychnyi_169720,Leonid Tertychnyi,-1,0,43,46,-3,89,2021-07-28 14:50:00,506461
Oleksii Korobov_169735,Oleksii Korobov,-2,0,32,36,-4,68,2021-07-28 14:55:00,506462
Oleksandr Semenets_1496437118,Oleksandr Semenets,-1,0,54,55,-1,109,2021-07-28 14:55:00,506463
Anatolii Lievshin_1009319897,Anatolii Lievshin,2,1,42,25,17,67,2021-07-28 15:00:00,506464
Vasyl Moshovskyi_169750,Vasyl Moshovskyi,3,1,33,24,9,57,2021-07-28 15:00:00,506465
I Matveyev_125295,I Matveyev,-2,0,40,46,-6,86,2021-07-28 15:00:00,506466
Tomas Stejskal_169872,Tomas Stejskal,-1,0,39,46,-7,85,2021-07-28 15:00:00,506467
J Veselka_28063,J Veselka,3,1,36,28,8,64,2021-07-28 15:01:00,506468
Artem Kuzmyn_169677,Artem Kuzmyn,1,1,45,48,-3,93,2021-07-28 15:05:00,506469
Anna Miklukha_959211878,Anna Miklukha,2,1,39,30,9,69,2021-07-28 15:05:00,506470
Oleksii Hlazkov_169692,Oleksii Hlazkov,-1,0,40,49,-9,89,2021-07-28 15:10:00,506471
Viktor Bosak_2049529659,Viktor Bosak,3,1,33,21,12,54,2021-07-28 15:10:00,506472
Petro Tsolik_1191213994,Petro Tsolik,-1,0,45,46,-1,91,2021-07-28 15:15:00,506473
Vladyslav Stukalov_169707,Vladyslav Stukalov,-2,0,27,43,-16,70,2021-07-28 15:15:00,506474
M Dukhin_125294,M Dukhin,-2,0,28,43,-15,71,2021-07-28 15:15:00,506475
M Ilichev_125297,M Ilichev,-1,0,42,43,-1,85,2021-07-28 15:19:00,506476
Nazarii Danyliuk_118843459,Nazarii Danyliuk,1,1,49,46,3,95,2021-07-28 15:20:00,506477
Nikita Trofimov_503127228,Nikita Trofimov,-1,0,48,52,-4,100,2021-07-28 15:20:00,506478
Ihor Dubyna_169753,Ihor Dubyna,3,1,33,13,20,46,2021-07-28 15:20:00,506479
Oleksii Hrymovskyi_169721,Oleksii Hrymovskyi,-2,0,41,42,-1,83,2021-07-28 15:20:00,506480
Illia Marynkevych_169736,Illia Marynkevych,3,1,33,21,12,54,2021-07-28 15:25:00,506481
Serhii Boiko_1687623273,Serhii Boiko,3,1,33,24,9,57,2021-07-28 15:25:00,506482
A Libatskii_125296,A Libatskii,-2,0,33,40,-7,73,2021-07-28 15:26:00,506483
Denys Kvyk_169751,Denys Kvyk,-1,0,42,45,-3,87,2021-07-28 15:30:00,506484
Vaclav Jr Hejda_169873,Vaclav Jr Hejda,1,1,48,47,1,95,2021-07-28 15:30:00,506485
M Urban_28064,M Urban,2,1,40,34,6,74,2021-07-28 15:30:00,506486
Oleksandr Dukhovenko_169763,Oleksandr Dukhovenko,2,1,40,35,5,75,2021-07-28 15:30:00,506487
Oleksandr Dziabura_1476223460,Oleksandr Dziabura,-1,0,49,49,0,98,2021-07-28 15:30:00,506488
Andrii Isaiev_1630731373,Andrii Isaiev,-2,0,42,42,0,84,2021-07-28 15:35:00,506489
Oleksandr Shapoval_169775,Oleksandr Shapoval,-3,0,16,34,-18,50,2021-07-28 15:35:00,506490
Oleg Gavryluk_1513464447,Oleg Gavryluk,3,1,34,21,13,55,2021-07-28 15:40:00,506491
Yana Mykhailyk_169790,Yana Mykhailyk,-2,0,39,43,-4,82,2021-07-28 15:40:00,506492
I Pandur_125178,I Pandur,-1,0,52,55,-3,107,2021-07-28 15:42:00,506493
Serhii Solomko_169802,Serhii Solomko,3,1,39,25,14,64,2021-07-28 15:45:00,506494
D Mikheev_125298,D Mikheev,-1,0,48,51,-3,99,2021-07-28 15:48:00,506495
Nikita Vilenchyts_169722,Nikita Vilenchyts,2,1,42,28,14,70,2021-07-28 15:50:00,506496
Mykhailo Senyk_169754,Mykhailo Senyk,-3,0,24,35,-11,59,2021-07-28 15:50:00,506497
Dmytro Zeniuk_1262619319,Dmytro Zeniuk,-2,0,33,44,-11,77,2021-07-28 15:50:00,506498
S Ovechkin_125212,S Ovechkin,-1,0,38,44,-6,82,2021-07-28 15:52:00,506499
Lev Kuzyo_1348168201,Lev Kuzyo,-2,0,39,44,-5,83,2021-07-28 15:55:00,506500
Kostiantyn Nesterenko_169737,Kostiantyn Nesterenko,1,1,43,45,-2,88,2021-07-28 15:55:00,506501
Volodymyr Chornobab_169764,Volodymyr Chornobab,-2,0,44,48,-4,92,2021-07-28 16:00:00,506502
R Pavelka_28109,R Pavelka,-1,0,43,47,-4,90,2021-07-28 16:00:00,506503
Serhii Prus_169752,Serhii Prus,-2,0,32,33,-1,65,2021-07-28 16:00:00,506504
Vladimir Lushnikov_2050548162,Vladimir Lushnikov,2,1,43,33,10,76,2021-07-28 16:00:00,506505
Pavlo Volkov_169776,Pavlo Volkov,-1,0,36,51,-15,87,2021-07-28 16:05:00,506506
Dmytro Kryshtal_1040296439,Dmytro Kryshtal,3,1,33,21,12,54,2021-07-28 16:05:00,506507
Svitlana Yureneva_169791,Svitlana Yureneva,3,1,34,27,7,61,2021-07-28 16:10:00,506508
Anatolii Zapletniuk_1223403217,Anatolii Zapletniuk,2,1,46,35,11,81,2021-07-28 16:10:00,506509
Tomas Stejskal_169896,Tomas Stejskal,-3,0,23,35,-12,58,2021-07-28 16:10:00,506510
M Gusev_125179,M Gusev,2,1,36,25,11,61,2021-07-28 16:14:00,506511
Oleh Karpenko_169803,Oleh Karpenko,-1,0,43,50,-7,93,2021-07-28 16:15:00,506512
Dmytro Belanchyk_633185339,Dmytro Belanchyk,2,1,42,32,10,74,2021-07-28 16:15:00,506513
O Belugin_125213,O Belugin,2,1,39,32,7,71,2021-07-28 16:17:00,506514
Oleh Formaziuk_1268233363,Oleh Formaziuk,3,1,33,21,12,54,2021-07-28 16:20:00,506515
Ihor Dubyna_169755,Ihor Dubyna,-2,0,37,43,-6,80,2021-07-28 16:20:00,506516
Yevhenii Faflei_77997851,Yevhenii Faflei,2,1,42,34,8,76,2021-07-28 16:25:00,506517
Oleksandra Naidych_169817,Oleksandra Naidych,-3,0,21,33,-12,54,2021-07-28 16:25:00,506518
P Medvedev_125138,P Medvedev,1,1,46,45,1,91,2021-07-28 16:29:00,506519
Volodymyr Chornobab_169765,Volodymyr Chornobab,3,1,33,26,7,59,2021-07-28 16:30:00,506520
Serhii Zemiantsev_868351462,Serhii Zemiantsev,3,1,33,19,14,52,2021-07-28 16:30:00,506521
J Pozarsky_28110,J Pozarsky,-1,0,46,41,5,87,2021-07-28 16:33:00,506522
Maksym Marchuk_169777,Maksym Marchuk,-3,0,24,33,-9,57,2021-07-28 16:35:00,506523
Illia Yanishevskiy_1644443588,Illia Yanishevskiy,-1,0,43,53,-10,96,2021-07-28 16:35:00,506524
Svitlana Yureneva_169792,Svitlana Yureneva,2,1,39,31,8,70,2021-07-28 16:40:00,506525
Artur Akopyan_169897,Artur Akopyan,-2,0,32,43,-11,75,2021-07-28 16:40:00,506526
Vasyl Shepel_1224091996,Vasyl Shepel,1,1,51,49,2,100,2021-07-28 16:40:00,506527
Andrii Isaiev_1356017750,Andrii Isaiev,-3,0,17,34,-17,51,2021-07-28 16:45:00,506528
Serhii Burdelnyi_169804,Serhii Burdelnyi,3,1,33,20,13,53,2021-07-28 16:45:00,506529
A Poprocky_125214,A Poprocky,2,1,38,32,6,70,2021-07-28 16:47:00,506530
Oleksandr Maslovskyi_169756,Oleksandr Maslovskyi,-1,0,44,41,3,85,2021-07-28 16:50:00,506531
Oleg Gavryluk_708248471,Oleg Gavryluk,-3,0,34,40,-6,74,2021-07-28 16:50:00,506532
Ir Kim_125180,Ir Kim,-1,0,52,51,1,103,2021-07-28 16:52:00,506533
A Lobanov_125139,A Lobanov,3,1,33,20,13,53,2021-07-28 16:53:00,506534
Maksym Skhabovskyi_396044552,Maksym Skhabovskyi,2,1,38,28,10,66,2021-07-28 16:55:00,506535
Iryna Ahalakova_169818,Iryna Ahalakova,-2,0,36,36,0,72,2021-07-28 16:55:00,506536
Dmytro Zeniuk_674451120,Dmytro Zeniuk,-1,0,50,53,-3,103,2021-07-28 17:00:00,506537
Oleksandr Dukhovenko_169766,Oleksandr Dukhovenko,-3,0,18,33,-15,51,2021-07-28 17:00:00,506538
Josef Hondlik_169874,Josef Hondlik,-1,0,48,50,-2,98,2021-07-28 17:00:00,506539
Pavlo Volkov_169778,Pavlo Volkov,-2,0,31,42,-11,73,2021-07-28 17:05:00,506540
Lev Kuzyo_1782995984,Lev Kuzyo,-3,0,20,33,-13,53,2021-07-28 17:05:00,506541
Jo Medek_28065,Jo Medek,-3,0,21,33,-12,54,2021-07-28 17:06:00,506542
Yana Mykhailyk_169793,Yana Mykhailyk,-2,0,23,39,-16,62,2021-07-28 17:10:00,506543
Illia Yanishevskiy_1448905244,Illia Yanishevskiy,2,1,45,41,4,86,2021-07-28 17:10:00,506544
D Korneev_125140,D Korneev,-1,0,42,50,-8,92,2021-07-28 17:14:00,506545
Oleh Karpenko_169805,Oleh Karpenko,-1,0,42,47,-5,89,2021-07-28 17:15:00,506546
Oleksandr Brezytskyi_1144071350,Oleksandr Brezytskyi,-2,0,31,44,-13,75,2021-07-28 17:15:00,506547
A Krotkov_125215,A Krotkov,-2,0,48,52,-4,100,2021-07-28 17:17:00,506548
Mykhailo Senyk_169757,Mykhailo Senyk,-1,0,48,49,-1,97,2021-07-28 17:20:00,506549
Anatolii Zapletniuk_2013159197,Anatolii Zapletniuk,3,1,40,24,16,64,2021-07-28 17:20:00,506550
Dmytro Belanchyk_1092330493,Dmytro Belanchyk,2,1,45,40,5,85,2021-07-28 17:25:00,506551
Viktoriia Anarmetova_169819,Viktoriia Anarmetova,1,1,49,49,0,98,2021-07-28 17:25:00,506552
Martin Juhasz_169875,Martin Juhasz,-3,0,22,33,-11,55,2021-07-28 17:30:00,506553
Yevhenii Honchar_169767,Yevhenii Honchar,3,1,33,20,13,53,2021-07-28 17:30:00,506554
Oleh Formaziuk_1582911175,Oleh Formaziuk,3,1,33,24,9,57,2021-07-28 17:30:00,506555
T Postelt_28066,T Postelt,-1,0,43,45,-2,88,2021-07-28 17:30:00,506556
V Staroverov_125181,V Staroverov,-1,0,47,41,6,88,2021-07-28 17:32:00,506557
Vasyl Aksenin_2104441711,Vasyl Aksenin,-3,0,27,35,-8,62,2021-07-28 17:35:00,506558
Oleksandr Shapoval_169779,Oleksandr Shapoval,1,1,52,52,0,104,2021-07-28 17:35:00,506559
Yevhen Masko_1335463027,Yevhen Masko,-1,0,42,49,-7,91,2021-07-28 17:40:00,506560
Anastasiia Mydvetska_169794,Anastasiia Mydvetska,-2,0,26,41,-15,67,2021-07-28 17:40:00,506561
I Novikov_125141,I Novikov,1,1,55,51,4,106,2021-07-28 17:43:00,506562
Vasyl Shepel_925451738,Vasyl Shepel,2,1,41,34,7,75,2021-07-28 17:45:00,506563
Serhii Solomko_169806,Serhii Solomko,-1,0,42,43,-1,85,2021-07-28 17:45:00,506564
A Poprocky_125216,A Poprocky,1,1,47,40,7,87,2021-07-28 17:49:00,506565
Ihor Dubyna_169758,Ihor Dubyna,2,1,44,36,8,80,2021-07-28 17:50:00,506566
Illia Yanishevskiy_1596257432,Illia Yanishevskiy,-3,0,25,35,-10,60,2021-07-28 17:50:00,506567
Andrii Matiushenko_169832,Andrii Matiushenko,-1,0,44,51,-7,95,2021-07-28 17:50:00,506568
Andrii Isaiev_847375064,Andrii Isaiev,-3,0,15,33,-18,48,2021-07-28 17:55:00,506569
Iryna Ahalakova_169820,Iryna Ahalakova,-3,0,19,33,-14,52,2021-07-28 17:55:00,506570
Martin Juhasz_169876,Martin Juhasz,-3,0,19,33,-14,52,2021-07-28 18:00:00,506571
Oleksandr Dukhovenko_169768,Oleksandr Dukhovenko,-2,0,37,39,-2,76,2021-07-28 18:00:00,506572
Oleg Gavryluk_490403124,Oleg Gavryluk,3,1,35,24,11,59,2021-07-28 18:00:00,506573
Ja Zajicek_28067,Ja Zajicek,-3,0,20,34,-14,54,2021-07-28 18:03:00,506574
Maksym Skhabovskyi_2007451876,Maksym Skhabovskyi,1,1,48,44,4,92,2021-07-28 18:05:00,506575
Serhii Pitsyk_169780,Serhii Pitsyk,2,1,40,35,5,75,2021-07-28 18:05:00,506576
Ir Kim_125182,Ir Kim,-3,0,22,33,-11,55,2021-07-28 18:06:00,506577
Yevhenii Faflei_1490474842,Yevhenii Faflei,1,1,47,48,-1,95,2021-07-28 18:10:00,506578
Yana Mykhailyk_169795,Yana Mykhailyk,-3,0,17,34,-17,51,2021-07-28 18:10:00,506579
Serhii Zemiantsev_930740166,Serhii Zemiantsev,3,1,35,21,14,56,2021-07-28 18:15:00,506580
Vladyslav Pavliuk_169807,Vladyslav Pavliuk,-2,0,39,41,-2,80,2021-07-28 18:15:00,506581
O Belugin_125217,O Belugin,-3,0,14,33,-19,47,2021-07-28 18:19:00,506582
Oleksandr Brezytskyi_2014212277,Oleksandr Brezytskyi,3,1,35,27,8,62,2021-07-28 18:20:00,506583
Andrii Dombrovskyi_169833,Andrii Dombrovskyi,-2,0,32,43,-11,75,2021-07-28 18:20:00,506584
Mykhailo Senyk_169759,Mykhailo Senyk,2,1,46,40,6,86,2021-07-28 18:20:00,506585
D Korneev_125142,D Korneev,3,1,35,23,12,58,2021-07-28 18:22:00,506586
M Gusev_125183,M Gusev,3,1,40,34,6,74,2021-07-28 18:24:00,506587
Oleksandra Naidych_169821,Oleksandra Naidych,-3,0,19,33,-14,52,2021-07-28 18:25:00,506588
Vasyl Shepel_115626405,Vasyl Shepel,3,1,33,21,12,54,2021-07-28 18:25:00,506589
Pavlo Chyzh_297469274,Pavlo Chyzh,-1,0,45,53,-8,98,2021-07-28 18:30:00,506590
T Vorisek_28068,T Vorisek,1,1,54,44,10,98,2021-07-28 18:30:00,506591
Mykhailo Teteruk_169769,Mykhailo Teteruk,-2,0,36,43,-7,79,2021-07-28 18:30:00,506592
Josef Hondlik_169877,Josef Hondlik,-3,0,27,35,-8,62,2021-07-28 18:30:00,506593
Vitalii Protopopov_1170141597,Vitalii Protopopov,1,1,47,49,-2,96,2021-07-28 18:35:00,506594
Maksym Marchuk_169781,Maksym Marchuk,2,1,39,31,8,70,2021-07-28 18:35:00,506595
Oleh Formaziuk_1908549482,Oleh Formaziuk,3,1,34,18,16,52,2021-07-28 18:40:00,506596
Alina Bohdanova_169796,Alina Bohdanova,2,1,43,39,4,82,2021-07-28 18:40:00,506597
A Lobanov_125143,A Lobanov,-3,0,25,34,-9,59,2021-07-28 18:41:00,506598
Dmytro Zeniuk_778171735,Dmytro Zeniuk,-2,0,34,41,-7,75,2021-07-28 18:45:00,506599
Serhii Burdelnyi_169808,Serhii Burdelnyi,2,1,44,36,8,80,2021-07-28 18:45:00,506600
Viacheslav Isakov_169834,Viacheslav Isakov,2,1,40,30,10,70,2021-07-28 18:50:00,506601
A Krotkov_125367,A Krotkov,-1,0,44,48,-4,92,2021-07-28 18:50:00,506602
Lev Kuzyo_930466052,Lev Kuzyo,-3,0,22,33,-11,55,2021-07-28 18:50:00,506603
Oleksandr Maslovskyi_169760,Oleksandr Maslovskyi,3,1,34,22,12,56,2021-07-28 18:50:00,506604
Olena Nikitchenko_169822,Olena Nikitchenko,3,1,36,21,15,57,2021-07-28 18:55:00,506605
Oleksandr Shchytka_1917575873,Oleksandr Shchytka,1,1,55,55,0,110,2021-07-28 18:55:00,506606
Ir Kim_125369,Ir Kim,-1,0,43,46,-3,89,2021-07-28 18:58:00,506607
Volodymyr Chornobab_169770,Volodymyr Chornobab,-2,0,37,45,-8,82,2021-07-28 19:00:00,506608
Ondrej Konvalinka_169878,Ondrej Konvalinka,2,1,37,33,4,70,2021-07-28 19:00:00,506609
Illia Yanishevskiy_394705212,Illia Yanishevskiy,3,1,34,23,11,57,2021-07-28 19:00:00,506610
Ja Zajicek_28069,Ja Zajicek,2,1,39,34,5,73,2021-07-28 19:02:00,506611
I Novikov_125371,I Novikov,2,1,44,39,5,83,2021-07-28 19:04:00,506612
Pavlo Volkov_169782,Pavlo Volkov,-3,0,24,35,-11,59,2021-07-28 19:05:00,506613
Anatolii Zapletniuk_682218624,Anatolii Zapletniuk,-1,0,47,51,-4,98,2021-07-28 19:05:00,506614
Svitlana Yureneva_169797,Svitlana Yureneva,2,1,42,28,14,70,2021-07-28 19:10:00,506615
Dmytro Belanchyk_876469358,Dmytro Belanchyk,-2,0,38,40,-2,78,2021-07-28 19:10:00,506616
Oleh Karpenko_169809,Oleh Karpenko,-3,0,24,33,-9,57,2021-07-28 19:15:00,506617
Dmytro Lohosha_1523772033,Dmytro Lohosha,2,1,42,35,7,77,2021-07-28 19:15:00,506618
O Belugin_125368,O Belugin,2,1,42,23,19,65,2021-07-28 19:19:00,506619
Andrii Dombrovskyi_169835,Andrii Dombrovskyi,-2,0,30,39,-9,69,2021-07-28 19:20:00,506620
Vasyl Aksenin_832205281,Vasyl Aksenin,1,1,48,52,-4,100,2021-07-28 19:20:00,506621
Ihor Dubyna_169761,Ihor Dubyna,-2,0,37,39,-2,76,2021-07-28 19:20:00,506622
Viktoriia Anarmetova_169823,Viktoriia Anarmetova,-2,0,31,39,-8,70,2021-07-28 19:25:00,506623
Yevhen Masko_237709152,Yevhen Masko,-1,0,52,53,-1,105,2021-07-28 19:25:00,506624
Josef Hondlik_169879,Josef Hondlik,-3,0,19,33,-14,52,2021-07-28 19:30:00,506625
Yevhenii Honchar_169771,Yevhenii Honchar,-2,0,33,41,-8,74,2021-07-28 19:30:00,506626
V Staroverov_125370,V Staroverov,2,1,40,31,9,71,2021-07-28 19:30:00,506627
T Postelt_28070,T Postelt,-3,0,18,33,-15,51,2021-07-28 19:30:00,506628
Illia Yanishevskiy_1837128240,Illia Yanishevskiy,-3,0,28,34,-6,62,2021-07-28 19:30:00,506629
A Lobanov_125372,A Lobanov,-2,0,30,38,-8,68,2021-07-28 19:31:00,506630
Oleksandr Shchytka_335362491,Oleksandr Shchytka,-2,0,28,42,-14,70,2021-07-28 19:35:00,506631
Oleksandr Shapoval_169783,Oleksandr Shapoval,-1,0,50,55,-5,105,2021-07-28 19:35:00,506632
Anastasiia Mydvetska_169798,Anastasiia Mydvetska,3,1,34,24,10,58,2021-07-28 19:40:00,506633
Andrii Isaiev_1021313844,Andrii Isaiev,-2,0,29,44,-15,73,2021-07-28 19:40:00,506634
Oleg Gavryluk_1512010570,Oleg Gavryluk,-3,0,22,33,-11,55,2021-07-28 19:45:00,506635
Serhii Solomko_169810,Serhii Solomko,1,1,41,40,1,81,2021-07-28 19:45:00,506636
S Kaplan_125218,S Kaplan,-2,0,25,37,-12,62,2021-07-28 19:46:00,506637
Rostyslav Fylypiv_169762,Rostyslav Fylypiv,-1,0,39,45,-6,84,2021-07-28 19:50:00,506638
Andrii Matiushenko_169836,Andrii Matiushenko,2,1,37,31,6,68,2021-07-28 19:50:00,506639
Maksym Skhabovskyi_542920113,Maksym Skhabovskyi,2,1,41,36,5,77,2021-07-28 19:50:00,506640
E Makarenkov_125184,E Makarenkov,-3,0,18,33,-15,51,2021-07-28 19:54:00,506641
A Klavdenkov_125144,A Klavdenkov,-1,0,53,59,-6,112,2021-07-28 19:54:00,506642
Yevhenii Faflei_93817224,Yevhenii Faflei,3,1,35,29,6,64,2021-07-28 19:55:00,506643
Iryna Ahalakova_169824,Iryna Ahalakova,-3,0,10,33,-23,43,2021-07-28 19:55:00,506644
Mykhailo Teteruk_169772,Mykhailo Teteruk,-1,0,44,48,-4,92,2021-07-28 20:00:00,506645
T Postelt_28111,T Postelt,-1,0,52,56,-4,108,2021-07-28 20:00:00,506646
Dominik Horak_170178,Dominik Horak,3,1,37,29,8,66,2021-07-28 20:00:00,506647
Serhii Zemiantsev_1210116323,Serhii Zemiantsev,3,1,33,20,13,53,2021-07-28 20:00:00,506648
Serhii Pitsyk_169784,Serhii Pitsyk,3,1,37,27,10,64,2021-07-28 20:05:00,506649
Oleksandr Bondarchuk_1859869191,Oleksandr Bondarchuk,1,1,53,41,12,94,2021-07-28 20:05:00,506650
A Alekseyev_125185,A Alekseyev,-3,0,22,34,-12,56,2021-07-28 20:09:00,506651
Alina Bohdanova_169799,Alina Bohdanova,-3,0,19,33,-14,52,2021-07-28 20:10:00,506652
Denys Nemchenko_2025054003,Denys Nemchenko,1,1,45,43,2,88,2021-07-28 20:10:00,506653
Anatolii Zapletniuk_237133981,Anatolii Zapletniuk,2,1,45,38,7,83,2021-07-28 20:15:00,506654
Vladyslav Pavliuk_169811,Vladyslav Pavliuk,2,1,42,30,12,72,2021-07-28 20:15:00,506655
E Kupryakov_125219,E Kupryakov,1,1,51,43,8,94,2021-07-28 20:15:00,506656
Yurii Kurishchenko_169837,Yurii Kurishchenko,2,1,43,41,2,84,2021-07-28 20:20:00,506657
Dmytro Belanchyk_1033346276,Dmytro Belanchyk,3,1,33,26,7,59,2021-07-28 20:20:00,506658
Oleh Formaziuk_343544981,Oleh Formaziuk,2,1,38,37,1,75,2021-07-28 20:25:00,506659
Oleksandra Naidych_169825,Oleksandra Naidych,-2,0,40,45,-5,85,2021-07-28 20:25:00,506660
I Mihaylov_125186,I Mihaylov,3,1,33,14,19,47,2021-07-28 20:29:00,506661
Martin Juhasz_170179,Martin Juhasz,2,1,42,33,9,75,2021-07-28 20:30:00,506662
Mykhailo Senyk_170180,Mykhailo Senyk,-2,0,36,42,-6,78,2021-07-28 20:30:00,506663
Ivan Synytskyi_1479005005,Ivan Synytskyi,1,1,52,40,12,92,2021-07-28 20:30:00,506664
Mykhailo Teteruk_169773,Mykhailo Teteruk,-1,0,41,50,-9,91,2021-07-28 20:30:00,506665
Roman Cherevko_518140512,Roman Cherevko,1,1,61,48,13,109,2021-07-28 20:35:00,506666
Maksym Marchuk_169785,Maksym Marchuk,1,1,51,46,5,97,2021-07-28 20:35:00,506667
D Petrochenko_125145,D Petrochenko,1,1,51,47,4,98,2021-07-28 20:37:00,506668
Jo Medek_28112,Jo Medek,1,1,45,46,-1,91,2021-07-28 20:39:00,506669
Oleksandr Bondarchuk_2121504779,Oleksandr Bondarchuk,2,1,44,34,10,78,2021-07-28 20:40:00,506670
Alina Bohdanova_169800,Alina Bohdanova,2,1,39,37,2,76,2021-07-28 20:40:00,506671
Igor Sukovatyi_746192784,Igor Sukovatyi,3,1,33,20,13,53,2021-07-28 20:45:00,506672
Serhii Burdelnyi_169812,Serhii Burdelnyi,3,1,34,25,9,59,2021-07-28 20:45:00,506673
A Innazarov_125220,A Innazarov,2,1,37,32,5,69,2021-07-28 20:47:00,506674
Viacheslav Isakov_169838,Viacheslav Isakov,-3,0,24,36,-12,60,2021-07-28 20:50:00,506675
Andrii Isaiev_1012675317,Andrii Isaiev,-3,0,21,33,-12,54,2021-07-28 20:50:00,506676
Oleg Gavryluk_1617276869,Oleg Gavryluk,3,1,34,19,15,53,2021-07-28 20:55:00,506677
Olena Nikitchenko_169826,Olena Nikitchenko,3,1,33,20,13,53,2021-07-28 20:55:00,506678
Maksym Skhabovskyi_1972606372,Maksym Skhabovskyi,-1,0,47,50,-3,97,2021-07-28 21:00:00,506679
Ales Svoboda_169880,Ales Svoboda,1,1,47,40,7,87,2021-07-28 21:00:00,506680
Ruslan Nyzhnyk_170181,Ruslan Nyzhnyk,3,1,36,25,11,61,2021-07-28 21:00:00,506681
Yevhenii Honchar_169774,Yevhenii Honchar,-3,0,24,37,-13,61,2021-07-28 21:00:00,506682
I Zemit_125187,I Zemit,2,1,46,35,11,81,2021-07-28 21:01:00,506683
Dmytro Zeniuk_1550227100,Dmytro Zeniuk,-1,0,51,54,-3,105,2021-07-28 21:05:00,506684
Oleksandr Shapoval_169786,Oleksandr Shapoval,-3,0,22,35,-13,57,2021-07-28 21:05:00,506685
B Grebenyuk_125146,B Grebenyuk,1,1,50,44,6,94,2021-07-28 21:05:00,506686
Lev Kuzyo_1183503200,Lev Kuzyo,-3,0,20,33,-13,53,2021-07-28 21:10:00,506687
Anastasiia Mydvetska_169801,Anastasiia Mydvetska,-3,0,23,35,-12,58,2021-07-28 21:10:00,506688
Jr. Obeslo_28071,Jr. Obeslo,2,1,41,31,10,72,2021-07-28 21:12:00,506689
Serhii Solomko_169813,Serhii Solomko,-2,0,27,45,-18,72,2021-07-28 21:15:00,506690
V Fedorov_125221,V Fedorov,2,1,42,33,9,75,2021-07-28 21:15:00,506691
Denys Nemchenko_1109550289,Denys Nemchenko,-1,0,45,53,-8,98,2021-07-28 21:15:00,506692
Andrii Dombrovskyi_169839,Andrii Dombrovskyi,-2,0,31,40,-9,71,2021-07-28 21:20:00,506693
Oleksandr Bondarchuk_1491014808,Oleksandr Bondarchuk,-3,0,17,33,-16,50,2021-07-28 21:20:00,506694
Viktoriia Anarmetova_169827,Viktoriia Anarmetova,3,1,33,18,15,51,2021-07-28 21:25:00,506695
Anatolii Zapletniuk_1485483611,Anatolii Zapletniuk,1,1,47,39,8,86,2021-07-28 21:25:00,506696
Dmytro Belanchyk_1182157648,Dmytro Belanchyk,2,1,40,40,0,80,2021-07-28 21:30:00,506697
Matej Fausek_169881,Matej Fausek,-2,0,31,36,-5,67,2021-07-28 21:30:00,506698
I Mihaylov_125188,I Mihaylov,-3,0,21,33,-12,54,2021-07-28 21:32:00,506699
R Rose_28072,R Rose,-1,0,46,50,-4,96,2021-07-28 21:34:00,506700
Mykola Polysynskyi_169787,Mykola Polysynskyi,-3,0,22,33,-11,55,2021-07-28 21:35:00,506701
A Yudin_125147,A Yudin,-1,0,45,45,0,90,2021-07-28 21:35:00,506702
Oleh Formaziuk_1311461842,Oleh Formaziuk,-3,0,18,35,-17,53,2021-07-28 21:35:00,506703
Yaroslav Vorsuliak_1021138348,Yaroslav Vorsuliak,3,1,33,21,12,54,2021-07-28 21:40:00,506704
Yevhen Masko_20171301,Yevhen Masko,1,1,53,47,6,100,2021-07-28 21:45:00,506705
A Innazarov_125222,A Innazarov,-1,0,49,46,3,95,2021-07-28 21:45:00,506706
Vadym Kucheriavyi_169814,Vadym Kucheriavyi,2,1,44,35,9,79,2021-07-28 21:45:00,506707
Andrii Matiushenko_169840,Andrii Matiushenko,2,1,40,32,8,72,2021-07-28 21:50:00,506708
Igor Sukovatyi_1598538840,Igor Sukovatyi,3,1,33,19,14,52,2021-07-28 21:50:00,506709
Denys Nemchenko_1678220754,Denys Nemchenko,-1,0,40,47,-7,87,2021-07-28 21:55:00,506710
Oleksandra Naidych_169828,Oleksandra Naidych,-3,0,13,33,-20,46,2021-07-28 21:55:00,506711
A Alekseyev_125189,A Alekseyev,2,1,45,39,6,84,2021-07-28 21:59:00,506712
Pavlo Chyzh_1202402006,Pavlo Chyzh,-2,0,30,41,-11,71,2021-07-28 22:00:00,506713
Matej Fausek_169882,Matej Fausek,3,1,33,21,12,54,2021-07-28 22:00:00,506714
Oleksandr Shapoval_169788,Oleksandr Shapoval,-1,0,54,60,-6,114,2021-07-28 22:05:00,506715
Vitalii Protopopov_1397685093,Vitalii Protopopov,-2,0,34,43,-9,77,2021-07-28 22:05:00,506716
B Grebenyuk_125148,B Grebenyuk,3,1,33,24,9,57,2021-07-28 22:06:00,506717
E Mares_28073,E Mares,-1,0,45,51,-6,96,2021-07-28 22:07:00,506718
Maksym Skhabovskyi_66428791,Maksym Skhabovskyi,1,1,53,54,-1,107,2021-07-28 22:10:00,506719
Ivan Synytskyi_1543728982,Ivan Synytskyi,2,1,47,39,8,86,2021-07-28 22:15:00,506720
Serhii Solomko_169815,Serhii Solomko,-2,0,36,39,-3,75,2021-07-28 22:15:00,506721
E Kupryakov_125223,E Kupryakov,-1,0,41,43,-2,84,2021-07-28 22:16:00,506722
Roman Cherevko_1857374055,Roman Cherevko,-1,0,42,52,-10,94,2021-07-28 22:20:00,506723
Yurii Kurishchenko_169841,Yurii Kurishchenko,-2,0,35,42,-7,77,2021-07-28 22:20:00,506724
D Petrochenko_125149,D Petrochenko,-1,0,49,49,0,98,2021-07-28 22:24:00,506725
Dmytro Alekseenko_25627330,Dmytro Alekseenko,-1,0,47,47,0,94,2021-07-28 22:25:00,506726
Oksana Kolosovska_169829,Oksana Kolosovska,-3,0,22,33,-11,55,2021-07-28 22:25:00,506727
Oleksandr Bondarchuk_1048650684,Oleksandr Bondarchuk,2,1,41,33,8,74,2021-07-28 22:30:00,506728
Ales Svoboda_169883,Ales Svoboda,3,1,33,20,13,53,2021-07-28 22:30:00,506729
E Makarenkov_125373,E Makarenkov,1,1,44,48,-4,92,2021-07-28 22:31:00,506730
Pavlo Volkov_169789,Pavlo Volkov,2,1,42,34,8,76,2021-07-28 22:35:00,506731
K Brozik_28074,K Brozik,-1,0,45,47,-2,92,2021-07-28 22:40:00,506732
Oleh Karpenko_169816,Oleh Karpenko,3,1,33,19,14,52,2021-07-28 22:45:00,506733
Roman Oliynyk_1319491942,Roman Oliynyk,3,1,33,24,9,57,2021-07-28 22:45:00,506734
S Kaplan_125375,S Kaplan,2,1,42,31,11,73,2021-07-28 22:47:00,506735
Viacheslav Isakov_169842,Viacheslav Isakov,1,1,51,38,13,89,2021-07-28 22:50:00,506736
Oleksandra Naidych_169830,Oleksandra Naidych,-3,0,16,33,-17,49,2021-07-28 22:55:00,506737
A Yudin_125377,A Yudin,-2,0,42,46,-4,88,2021-07-28 22:58:00,506738
I Mihaylov_125374,I Mihaylov,-1,0,40,52,-12,92,2021-07-28 22:59:00,506739
Martin Sulc_169884,Martin Sulc,-1,0,49,53,-4,102,2021-07-28 23:00:00,506740
Dmytro Alekseenko_764831498,Dmytro Alekseenko,-1,0,47,45,2,92,2021-07-28 23:00:00,506741
Oleksandr Bondarchuk_652945871,Oleksandr Bondarchuk,2,1,39,27,12,66,2021-07-28 23:05:00,506742
E Mares_28075,E Mares,1,1,50,47,3,97,2021-07-28 23:10:00,506743
A Innazarov_125376,A Innazarov,1,1,56,51,5,107,2021-07-28 23:16:00,506744
Andrii Matiushenko_169843,Andrii Matiushenko,-3,0,22,37,-15,59,2021-07-28 23:20:00,506745
Iryna Ahalakova_169831,Iryna Ahalakova,-2,0,27,40,-13,67,2021-07-28 23:25:00,506746
D Petrochenko_125378,D Petrochenko,-2,0,28,44,-16,72,2021-07-28 23:30:00,506747
Ales Svoboda_169885,Ales Svoboda,-2,0,22,42,-20,64,2021-07-28 23:30:00,506748
A Aslanyan_125190,A Aslanyan,-2,0,33,35,-2,68,2021-07-28 23:32:00,506749
Denys Vakulenko_858747122,Denys Vakulenko,-1,0,44,51,-7,95,2021-07-28 23:35:00,506750
R Rose_28076,R Rose,1,1,46,41,5,87,2021-07-28 23:38:00,506751
Oleksandr Mykhalus_1168634347,Oleksandr Mykhalus,3,1,33,21,12,54,2021-07-28 23:45:00,506752
Artem Yurkov_169844,Artem Yurkov,2,1,37,36,1,73,2021-07-28 23:50:00,506753
I Soldatov_125224,I Soldatov,2,1,42,27,15,69,2021-07-28 23:51:00,506754
E Ilyukhin_125150,E Ilyukhin,2,1,40,34,6,74,2021-07-28 23:53:00,506755
T Turabekov_125191,T Turabekov,3,1,36,26,10,62,2021-07-28 23:59:00,506756
Vaclav Sr Hejda_170182,Vaclav Sr Hejda,3,1,34,27,7,61,2021-07-29 00:00:00,506757
Vitalii Vovk_725394911,Vitalii Vovk,-1,0,47,40,7,87,2021-07-29 00:05:00,506758
K Brozik_28113,K Brozik,-2,0,33,44,-11,77,2021-07-29 00:14:00,506759
Viktor Trachuk_2022331366,Viktor Trachuk,3,1,33,14,19,47,2021-07-29 00:15:00,506760
D Sayanov_125225,D Sayanov,-2,0,28,46,-18,74,2021-07-29 00:18:00,506761
A Ilin_125151,A Ilin,-2,0,37,44,-7,81,2021-07-29 00:18:00,506762
Andrii Matiushenko_169845,Andrii Matiushenko,3,1,35,22,13,57,2021-07-29 00:20:00,506763
Roman Yushko_169847,Roman Yushko,-3,0,28,34,-6,62,2021-07-29 00:25:00,506764
Matej Fausek_170183,Matej Fausek,1,1,49,41,8,90,2021-07-29 00:30:00,506765
K Churin_125192,K Churin,-3,0,18,33,-15,51,2021-07-29 00:30:00,506766
R Rose_28114,R Rose,-3,0,38,45,-7,83,2021-07-29 00:33:00,506767
Denys Vakulenko_1226225903,Denys Vakulenko,-1,0,44,47,-3,91,2021-07-29 00:35:00,506768
Oleksandr Mykhalus_1943591109,Oleksandr Mykhalus,-2,0,37,40,-3,77,2021-07-29 00:45:00,506769
Va Ivanov_125226,Va Ivanov,-1,0,44,52,-8,96,2021-07-29 00:46:00,506770
A Suntsov_125152,A Suntsov,1,1,44,46,-2,90,2021-07-29 00:49:00,506771
Andrii Dombrovskyi_169846,Andrii Dombrovskyi,2,1,42,29,13,71,2021-07-29 00:50:00,506772
Mykhailo Diachenko_169848,Mykhailo Diachenko,1,1,51,50,1,101,2021-07-29 00:55:00,506773
S Ogai_125193,S Ogai,-3,0,12,33,-21,45,2021-07-29 01:00:00,506774
Vitalii Vovk_1157794168,Vitalii Vovk,2,1,42,30,12,72,2021-07-29 01:05:00,506775
Vladimir Malashevsky_57002213,Vladimir Malashevsky,1,1,46,47,-1,93,2021-07-29 01:15:00,506776
V Safonov_125227,V Safonov,3,1,34,25,9,59,2021-07-29 01:19:00,506777
Andrii Novikov_169849,Andrii Novikov,2,1,45,37,8,82,2021-07-29 01:25:00,506778
O Kutuzov_125153,O Kutuzov,3,1,33,20,13,53,2021-07-29 01:31:00,506779
T Turabekov_125194,T Turabekov,-1,0,47,48,-1,95,2021-07-29 01:33:00,506780
Denys Vakulenko_348742706,Denys Vakulenko,-3,0,15,33,-18,48,2021-07-29 01:35:00,506781
Viktor Trachuk_2002689025,Viktor Trachuk,1,1,47,44,3,91,2021-07-29 01:45:00,506782
D Sayanov_125228,D Sayanov,2,1,60,48,12,108,2021-07-29 01:46:00,506783
A Ilin_125154,A Ilin,1,1,48,47,1,95,2021-07-29 01:49:00,506784
Mykhailo Diachenko_169850,Mykhailo Diachenko,2,1,37,33,4,70,2021-07-29 01:55:00,506785
S Ogai_125195,S Ogai,-3,0,16,33,-17,49,2021-07-29 02:04:00,506786
Serhii Ponomarenko_1142851286,Serhii Ponomarenko,2,1,39,22,17,61,2021-07-29 02:05:00,506787
Oleksandr Mykhalus_143385151,Oleksandr Mykhalus,-2,0,32,40,-8,72,2021-07-29 02:15:00,506788
V Safonov_125229,V Safonov,2,1,42,31,11,73,2021-07-29 02:17:00,506789
O Kutuzov_125155,O Kutuzov,3,1,33,18,15,51,2021-07-29 02:22:00,506790
Roman Yushko_169851,Roman Yushko,1,1,42,42,0,84,2021-07-29 02:25:00,506791
Zh Tsybikov_125196,Zh Tsybikov,0,1,0,0,0,0,2021-07-29 02:30:00,506792
Denys Vakulenko_29098766,Denys Vakulenko,-3,0,17,33,-16,50,2021-07-29 02:35:00,506793
Vladimir Malashevsky_680365789,Vladimir Malashevsky,-2,0,34,38,-4,72,2021-07-29 02:45:00,506794
N Zhurba_125230,N Zhurba,-2,0,34,40,-6,74,2021-07-29 02:47:00,506795
K Malahov_125156,K Malahov,-3,0,25,34,-9,59,2021-07-29 02:54:00,506796
Vitalii Kobets_169852,Vitalii Kobets,2,1,40,29,11,69,2021-07-29 02:55:00,506797
K Churin_125197,K Churin,-2,0,33,41,-8,74,2021-07-29 03:02:00,506798
Vitalii Vovk_1799498352,Vitalii Vovk,-3,0,17,33,-16,50,2021-07-29 03:05:00,506799
Viktor Trachuk_922887484,Viktor Trachuk,-1,0,42,52,-10,94,2021-07-29 03:15:00,506800
Va Ivanov_125231,Va Ivanov,-3,0,23,33,-10,56,2021-07-29 03:16:00,506801
A Suntsov_125157,A Suntsov,-2,0,37,40,-3,77,2021-07-29 03:16:00,506802
Andrii Novikov_169853,Andrii Novikov,3,1,34,20,14,54,2021-07-29 03:25:00,506803
A Aslanyan_125198,A Aslanyan,1,1,52,49,3,101,2021-07-29 03:27:00,506804
Denys Vakulenko_158173034,Denys Vakulenko,-2,0,43,47,-4,90,2021-07-29 03:35:00,506805
Viktor Kotov_1930134849,Viktor Kotov,-2,0,23,40,-17,63,2021-07-29 03:45:00,506806
I Soldatov_125232,I Soldatov,3,1,34,21,13,55,2021-07-29 03:45:00,506807
E Ilyukhin_125158,E Ilyukhin,1,1,48,39,9,87,2021-07-29 03:47:00,506808
Mykhailo Diachenko_169854,Mykhailo Diachenko,3,1,33,14,19,47,2021-07-29 03:55:00,506809
Zh Tsybikov_125199,Zh Tsybikov,0,1,0,0,0,0,2021-07-29 04:00:00,506810
S Ogai_125379,S Ogai,2,1,40,28,12,68,2021-07-29 04:00:00,506811
Vitalii Vovk_1157544723,Vitalii Vovk,-1,0,49,52,-3,101,2021-07-29 04:05:00,506812
Oleksandr Mykhalus_559482918,Oleksandr Mykhalus,3,1,34,27,7,61,2021-07-29 04:15:00,506813
N Zhurba_125233,N Zhurba,2,1,41,29,12,70,2021-07-29 04:16:00,506814
T Turabekov_125380,T Turabekov,2,1,46,44,2,90,2021-07-29 04:24:00,506815
Roman Yushko_169855,Roman Yushko,-2,0,34,45,-11,79,2021-07-29 04:25:00,506816
Denys Vakulenko_348989973,Denys Vakulenko,-2,0,28,42,-14,70,2021-07-29 04:35:00,506817
K Malahov_125159,K Malahov,-3,0,20,33,-13,53,2021-07-29 04:35:00,506818
Vladimir Malashevsky_1417780433,Vladimir Malashevsky,3,1,33,23,10,56,2021-07-29 04:45:00,506819
N Zhurba_125381,N Zhurba,-1,0,48,47,1,95,2021-07-29 04:46:00,506820
E Ilyukhin_125383,E Ilyukhin,2,1,40,35,5,75,2021-07-29 04:55:00,506821
Vitalii Kobets_169856,Vitalii Kobets,2,1,36,32,4,68,2021-07-29 04:55:00,506822
Serhii Ponomarenko_1142817595,Serhii Ponomarenko,3,1,33,13,20,46,2021-07-29 05:05:00,506823
Oleksandr Mykhalus_1943763301,Oleksandr Mykhalus,-2,0,28,36,-8,64,2021-07-29 05:15:00,506824
I Soldatov_125382,I Soldatov,-2,0,32,38,-6,70,2021-07-29 05:19:00,506825
Andrii Novikov_169857,Andrii Novikov,-1,0,49,53,-4,102,2021-07-29 05:25:00,506826
A Suntsov_125384,A Suntsov,-2,0,35,47,-12,82,2021-07-29 05:28:00,506827
Roman Yushko_169858,Roman Yushko,2,1,50,41,9,91,2021-07-29 05:55:00,506828
Yevhenii Sokoltsov_169859,Yevhenii Sokoltsov,3,1,38,29,9,67,2021-07-29 06:25:00,506829
A Vorozheykin_125299,A Vorozheykin,2,1,42,30,12,72,2021-07-29 06:30:00,506830
A Zirin_125259,A Zirin,3,1,34,19,15,53,2021-07-29 06:48:00,506831
K Olshakov_125333,K Olshakov,2,1,42,35,7,77,2021-07-29 06:48:00,506832
S Ovechkin_125300,S Ovechkin,-2,0,31,43,-12,74,2021-07-29 06:55:00,506833
Roman Yushko_169860,Roman Yushko,2,1,34,30,4,64,2021-07-29 06:55:00,506834
A Shmakov_125260,A Shmakov,2,1,43,34,9,77,2021-07-29 07:12:00,506835
V Tsvetkov_125334,V Tsvetkov,-1,0,51,49,2,100,2021-07-29 07:16:00,506836
Mykhailo Diachenko_169861,Mykhailo Diachenko,1,1,50,39,11,89,2021-07-29 07:25:00,506837
A Kolmin_125301,A Kolmin,3,1,37,27,10,64,2021-07-29 07:28:00,506838
D Tikhnenko_125261,D Tikhnenko,-2,0,32,38,-6,70,2021-07-29 07:35:00,506839
D Kolesnikov_125335,D Kolesnikov,-1,0,39,47,-8,86,2021-07-29 07:46:00,506840
G Karpovkin_125302,G Karpovkin,-2,0,33,43,-10,76,2021-07-29 07:49:00,506841
Serhii Tsybulin_2087117149,Serhii Tsybulin,-1,0,54,51,3,105,2021-07-29 07:50:00,506842
Yurii Pavliuchyk_169898,Yurii Pavliuchyk,-3,0,19,34,-15,53,2021-07-29 07:50:00,506843
Serhii Kinash_1430354554,Serhii Kinash,-3,0,30,38,-8,68,2021-07-29 07:55:00,506844
Volodymyr Chornobab_169913,Volodymyr Chornobab,-2,0,32,40,-8,72,2021-07-29 08:00:00,506845
O Pronin_125262,O Pronin,3,1,33,19,14,52,2021-07-29 08:01:00,506846
Oleksii Korobov_169928,Oleksii Korobov,-2,0,41,45,-4,86,2021-07-29 08:05:00,506847
Anastasiia Mydvetska_169943,Anastasiia Mydvetska,-1,0,46,50,-4,96,2021-07-29 08:10:00,506848
S Homutov_125336,S Homutov,-1,0,49,46,3,95,2021-07-29 08:10:00,506849
Serhii Semenets_169955,Serhii Semenets,1,1,60,53,7,113,2021-07-29 08:15:00,506850
A Kolmin_125303,A Kolmin,3,1,33,20,13,53,2021-07-29 08:18:00,506851
Ihor Dubyna_169899,Ihor Dubyna,2,1,40,29,11,69,2021-07-29 08:20:00,506852
Denys Shcherbak_2044983728,Denys Shcherbak,1,1,51,47,4,98,2021-07-29 08:25:00,506853
D Tikhnenko_125263,D Tikhnenko,3,1,33,14,19,47,2021-07-29 08:25:00,506854
Vadym Bochkovskyi_169914,Vadym Bochkovskyi,1,1,48,37,11,85,2021-07-29 08:30:00,506855
Maksym Kolos_2068990041,Maksym Kolos,-1,0,44,49,-5,93,2021-07-29 08:30:00,506856
Yevhen Samofal_169929,Yevhen Samofal,3,1,36,25,11,61,2021-07-29 08:35:00,506857
Davyd Symonchuk_1712483645,Davyd Symonchuk,-2,0,26,44,-18,70,2021-07-29 08:35:00,506858
S Ovechkin_125304,S Ovechkin,3,1,33,20,13,53,2021-07-29 08:36:00,506859
Iryna Aseieva_355126627,Iryna Aseieva,3,1,33,24,9,57,2021-07-29 08:40:00,506860
Yana Mykhailyk_169944,Yana Mykhailyk,-3,0,23,34,-11,57,2021-07-29 08:40:00,506861
Andrii Kotik_410711535,Andrii Kotik,3,1,33,18,15,51,2021-07-29 08:45:00,506862
Oleksandr Goncharuk_169956,Oleksandr Goncharuk,-1,0,41,45,-4,86,2021-07-29 08:45:00,506863
D Kolesnikov_125337,D Kolesnikov,1,1,48,45,3,93,2021-07-29 08:46:00,506864
Andrii Hordii_885834588,Andrii Hordii,-1,0,46,50,-4,96,2021-07-29 08:50:00,506865
Dmytro Lazuryk_169970,Dmytro Lazuryk,-1,0,42,46,-4,88,2021-07-29 08:50:00,506866
Mykhailo Senyk_169900,Mykhailo Senyk,-3,0,21,33,-12,54,2021-07-29 08:50:00,506867
A Shmakov_125264,A Shmakov,-2,0,31,46,-15,77,2021-07-29 08:51:00,506868
Nazarii Danyliuk_1410216655,Nazarii Danyliuk,-2,0,28,37,-9,65,2021-07-29 08:55:00,506869
Andrii Peretiatko_169980,Andrii Peretiatko,2,1,36,24,12,60,2021-07-29 08:55:00,506870
Serhii Baranovskyi_973921935,Serhii Baranovskyi,-2,0,32,42,-10,74,2021-07-29 08:55:00,506871
Vladimir Lushnikov_1979135989,Vladimir Lushnikov,-2,0,32,42,-10,74,2021-07-29 09:00:00,506872
M Flanderka_28085,M Flanderka,2,1,43,33,10,76,2021-07-29 09:00:00,506873
Oleh Hil_169995,Oleh Hil,-1,0,39,44,-5,83,2021-07-29 09:00:00,506874
Jonas Kulveit_170154,Jonas Kulveit,1,1,52,43,9,95,2021-07-29 09:00:00,506875
Yevhenii Honchar_169915,Yevhenii Honchar,1,1,52,44,8,96,2021-07-29 09:00:00,506876
G Karpovkin_125385,G Karpovkin,3,1,34,20,14,54,2021-07-29 09:05:00,506877
Dmytro Tsurkalenko_169930,Dmytro Tsurkalenko,-3,0,23,33,-10,56,2021-07-29 09:05:00,506878
Dmytro Kryshtal_256296430,Dmytro Kryshtal,3,1,34,21,13,55,2021-07-29 09:05:00,506879
Yana Mykhailyk_169945,Yana Mykhailyk,-3,0,19,33,-14,52,2021-07-29 09:10:00,506880
Andrii Baklykov_1365650845,Andrii Baklykov,1,1,48,45,3,93,2021-07-29 09:10:00,506881
Stefan Yakimenko_169957,Stefan Yakimenko,3,1,34,21,13,55,2021-07-29 09:15:00,506882
Yaroslava Prykhodko_2048185476,Yaroslava Prykhodko,1,1,51,42,9,93,2021-07-29 09:15:00,506883
V Tsvetkov_125338,V Tsvetkov,-1,0,41,47,-6,88,2021-07-29 09:19:00,506884
Ihor Dubyna_169901,Ihor Dubyna,-1,0,52,52,0,104,2021-07-29 09:20:00,506885
Nazarii Hrytsyienko_1979748658,Nazarii Hrytsyienko,-3,0,21,33,-12,54,2021-07-29 09:20:00,506886
Viacheslav Isakov_169971,Viacheslav Isakov,-3,0,21,35,-14,56,2021-07-29 09:20:00,506887
Serhii Khandetskyi_169981,Serhii Khandetskyi,2,1,37,36,1,73,2021-07-29 09:25:00,506888
Oleksii Haponov_33352308,Oleksii Haponov,-1,0,41,49,-8,90,2021-07-29 09:25:00,506889
O Pronin_125387,O Pronin,3,1,36,22,14,58,2021-07-29 09:26:00,506890
Roman Bihun_169996,Roman Bihun,3,1,33,21,12,54,2021-07-29 09:30:00,506891
Dmytro Dubrovin_651439744,Dmytro Dubrovin,-3,0,26,33,-7,59,2021-07-29 09:30:00,506892
L Adamec_28086,L Adamec,-3,0,26,35,-9,61,2021-07-29 09:30:00,506893
Valerii Melnyk_915654607,Valerii Melnyk,3,1,33,22,11,55,2021-07-29 09:30:00,506894
Tung  Pham Duong_170155,Tung  Pham Duong,3,1,34,21,13,55,2021-07-29 09:30:00,506895
Vadym Bochkovskyi_169916,Vadym Bochkovskyi,3,1,33,12,21,45,2021-07-29 09:30:00,506896
Denys Shcherbak_129736363,Denys Shcherbak,-1,0,42,47,-5,89,2021-07-29 09:35:00,506897
S Ovechkin_125386,S Ovechkin,-2,0,26,40,-14,66,2021-07-29 09:35:00,506898
Yevhen Samofal_169931,Yevhen Samofal,3,1,33,20,13,53,2021-07-29 09:35:00,506899
Anastasiia Mydvetska_169946,Anastasiia Mydvetska,3,1,33,20,13,53,2021-07-29 09:40:00,506900
Maksym Kolos_1953371743,Maksym Kolos,-2,0,31,41,-10,72,2021-07-29 09:40:00,506901
Oleksandr Goncharuk_169958,Oleksandr Goncharuk,1,1,45,40,5,85,2021-07-29 09:45:00,506902
Davyd Symonchuk_1556586818,Davyd Symonchuk,-3,0,20,34,-14,54,2021-07-29 09:45:00,506903
Iryna Aseieva_2116563087,Iryna Aseieva,3,1,33,17,16,50,2021-07-29 09:50:00,506904
Yurii Pavliuchyk_169902,Yurii Pavliuchyk,-3,0,16,33,-17,49,2021-07-29 09:50:00,506905
Dmytro Lazuryk_169972,Dmytro Lazuryk,2,1,47,36,11,83,2021-07-29 09:50:00,506906
D Tikhnenko_125388,D Tikhnenko,1,1,53,47,6,100,2021-07-29 09:52:00,506907
Maksym Marchuk_169982,Maksym Marchuk,2,1,37,36,1,73,2021-07-29 09:55:00,506908
Andrii Kotik_1468174556,Andrii Kotik,3,1,33,22,11,55,2021-07-29 09:55:00,506909
Yaroslav Ivasiuk_169997,Yaroslav Ivasiuk,1,1,49,46,3,95,2021-07-29 10:00:00,506910
Tung  Pham Duong_170156,Tung  Pham Duong,-2,0,32,38,-6,70,2021-07-29 10:00:00,506911
Andrii Hordii_1636059128,Andrii Hordii,-1,0,48,43,5,91,2021-07-29 10:00:00,506912
Volodymyr Chornobab_169917,Volodymyr Chornobab,3,1,34,21,13,55,2021-07-29 10:00:00,506913
J Vojtech_28087,J Vojtech,-3,0,18,33,-15,51,2021-07-29 10:01:00,506914
S Homutov_125389,S Homutov,-3,0,19,33,-14,52,2021-07-29 10:03:00,506915
Nazarii Danyliuk_1164098539,Nazarii Danyliuk,-3,0,17,33,-16,50,2021-07-29 10:05:00,506916
Serhii Baranovskyi_417297267,Serhii Baranovskyi,-3,0,24,35,-11,59,2021-07-29 10:05:00,506917
Oleksii Korobov_169932,Oleksii Korobov,-2,0,32,42,-10,74,2021-07-29 10:05:00,506918
D Mikheev_125305,D Mikheev,3,1,33,21,12,54,2021-07-29 10:07:00,506919
Serhii Tsybulin_343308505,Serhii Tsybulin,-3,0,18,33,-15,51,2021-07-29 10:10:00,506920
Svitlana Yureneva_169947,Svitlana Yureneva,3,1,36,28,8,64,2021-07-29 10:10:00,506921
Serhii Kinash_2038353574,Serhii Kinash,2,1,39,27,12,66,2021-07-29 10:15:00,506922
Serhii Semenets_169959,Serhii Semenets,2,1,39,27,12,66,2021-07-29 10:15:00,506923
Oleksandr Maslovskyi_169903,Oleksandr Maslovskyi,-1,0,43,43,0,86,2021-07-29 10:20:00,506924
Andrii Matiushenko_169973,Andrii Matiushenko,-1,0,46,49,-3,95,2021-07-29 10:20:00,506925
Volodymyr Maksiuta_492310891,Volodymyr Maksiuta,-3,0,17,33,-16,50,2021-07-29 10:20:00,506926
D Kolesnikov_125390,D Kolesnikov,-2,0,32,42,-10,74,2021-07-29 10:23:00,506927
Serhii Khandetskyi_169983,Serhii Khandetskyi,1,1,50,46,4,96,2021-07-29 10:25:00,506928
Anna Miklukha_922709011,Anna Miklukha,-3,0,23,33,-10,56,2021-07-29 10:25:00,506929
Nazarii Hrytsyienko_1332439926,Nazarii Hrytsyienko,2,1,42,25,17,67,2021-07-29 10:30:00,506930
Roman Bihun_169998,Roman Bihun,2,1,46,35,11,81,2021-07-29 10:30:00,506931
Andrii Lukatskyi_169918,Andrii Lukatskyi,2,1,42,31,11,73,2021-07-29 10:30:00,506932
Oliver Korp_28088,Oliver Korp,2,1,44,38,6,82,2021-07-29 10:30:00,506933
Jonas Kulveit_170157,Jonas Kulveit,-2,0,39,39,0,78,2021-07-29 10:30:00,506934
I Minchenkov_125265,I Minchenkov,-1,0,52,55,-3,107,2021-07-29 10:35:00,506935
Ruslan Tolstykh_169933,Ruslan Tolstykh,3,1,37,22,15,59,2021-07-29 10:35:00,506936
Vasyl Kushnir_1726214462,Vasyl Kushnir,1,1,47,48,-1,95,2021-07-29 10:35:00,506937
M Ilichev_125306,M Ilichev,-1,0,47,45,2,92,2021-07-29 10:35:00,506938
Anastasiia Mydvetska_169948,Anastasiia Mydvetska,-1,0,44,45,-1,89,2021-07-29 10:40:00,506939
Sergey Filatov_712134713,Sergey Filatov,1,1,52,44,8,96,2021-07-29 10:40:00,506940
Valerii Melnyk_882002166,Valerii Melnyk,-2,0,30,42,-12,72,2021-07-29 10:40:00,506941
A Slachshilin_125339,A Slachshilin,3,1,33,19,14,52,2021-07-29 10:45:00,506942
Oleksandr Strutinskiy_169960,Oleksandr Strutinskiy,2,1,43,25,18,68,2021-07-29 10:45:00,506943
Valentyn Yunchyk_1157089575,Valentyn Yunchyk,-3,0,23,33,-10,56,2021-07-29 10:45:00,506944
Mykhailo Senyk_169904,Mykhailo Senyk,-1,0,42,42,0,84,2021-07-29 10:50:00,506945
Viacheslav Isakov_169974,Viacheslav Isakov,-2,0,35,37,-2,72,2021-07-29 10:50:00,506946
Oleksandr Dziabura_1519009234,Oleksandr Dziabura,-1,0,44,52,-8,96,2021-07-29 10:50:00,506947
Andrii Peretiatko_169984,Andrii Peretiatko,-3,0,25,36,-11,61,2021-07-29 10:55:00,506948
Andrii Baklykov_337488858,Andrii Baklykov,-2,0,43,45,-2,88,2021-07-29 10:55:00,506949
Yaroslava Prykhodko_264622695,Yaroslava Prykhodko,3,1,33,19,14,52,2021-07-29 11:00:00,506950
Yevhenii Honchar_169919,Yevhenii Honchar,-1,0,45,53,-8,98,2021-07-29 11:00:00,506951
Oleh Hil_169999,Oleh Hil,2,1,43,42,1,85,2021-07-29 11:00:00,506952
Ondrej Konvalinka_170158,Ondrej Konvalinka,2,1,44,36,8,80,2021-07-29 11:00:00,506953
J Vojtech_28089,J Vojtech,-3,0,22,33,-11,55,2021-07-29 11:01:00,506954
Andrii Kotik_798773969,Andrii Kotik,-2,0,36,41,-5,77,2021-07-29 11:05:00,506955
I Poletaev_125340,I Poletaev,1,1,48,42,6,90,2021-07-29 11:08:00,506956
Oleksii Haponov_1582505845,Oleksii Haponov,-2,0,32,42,-10,74,2021-07-29 11:10:00,506957
Alina Bohdanova_169949,Alina Bohdanova,-3,0,24,38,-14,62,2021-07-29 11:10:00,506958
A Lobanov_125266,A Lobanov,1,1,44,41,3,85,2021-07-29 11:12:00,506959
Serhii Baranovskyi_1805868309,Serhii Baranovskyi,2,1,43,29,14,72,2021-07-29 11:15:00,506960
Dmytro Dubrovin_781235989,Dmytro Dubrovin,-2,0,36,46,-10,82,2021-07-29 11:15:00,506961
T Razinkov_125307,T Razinkov,1,1,52,52,0,104,2021-07-29 11:15:00,506962
Stefan Yakimenko_169961,Stefan Yakimenko,1,1,50,46,4,96,2021-07-29 11:15:00,506963
Vladimir Lushnikov_1533766899,Vladimir Lushnikov,1,1,45,45,0,90,2021-07-29 11:20:00,506964
Ihor Dubyna_169905,Ihor Dubyna,-1,0,50,52,-2,102,2021-07-29 11:20:00,506965
Dmytro Lazuryk_169975,Dmytro Lazuryk,1,1,50,52,-2,102,2021-07-29 11:20:00,506966
Oleksandr Shapoval_169985,Oleksandr Shapoval,-1,0,47,44,3,91,2021-07-29 11:25:00,506967
Dmytro Kryshtal_1277697074,Dmytro Kryshtal,2,1,41,32,9,73,2021-07-29 11:25:00,506968
Jonas Kulveit_170159,Jonas Kulveit,-2,0,32,44,-12,76,2021-07-29 11:30:00,506969
L Adamec_28090,L Adamec,-2,0,34,45,-11,79,2021-07-29 11:30:00,506970
Vadym Bochkovskyi_169920,Vadym Bochkovskyi,1,1,49,45,4,94,2021-07-29 11:30:00,506971
Vasyl Lutskyi_170000,Vasyl Lutskyi,1,1,46,41,5,87,2021-07-29 11:30:00,506972
Davyd Symonchuk_1601076393,Davyd Symonchuk,-3,0,14,33,-19,47,2021-07-29 11:30:00,506973
Yevhen Samofal_169935,Yevhen Samofal,2,1,44,38,6,82,2021-07-29 11:35:00,506974
Iryna Aseieva_794429183,Iryna Aseieva,1,1,49,51,-2,100,2021-07-29 11:35:00,506975
Yana Mykhailyk_169950,Yana Mykhailyk,-2,0,31,39,-8,70,2021-07-29 11:40:00,506976
Vadym Nechyporuk_978035232,Vadym Nechyporuk,2,1,36,33,3,69,2021-07-29 11:40:00,506977
A Libatskii_125341,A Libatskii,-1,0,37,50,-13,87,2021-07-29 11:42:00,506978
Oleksandr Goncharuk_169962,Oleksandr Goncharuk,3,1,33,19,14,52,2021-07-29 11:45:00,506979
Andrii Hordii_1101951348,Andrii Hordii,-2,0,34,44,-10,78,2021-07-29 11:45:00,506980
V Putilovsky_125267,V Putilovsky,1,1,41,35,6,76,2021-07-29 11:46:00,506981
Yurii Pavliuchyk_169906,Yurii Pavliuchyk,-2,0,25,42,-17,67,2021-07-29 11:50:00,506982
Nazarii Danyliuk_478756247,Nazarii Danyliuk,-3,0,25,34,-9,59,2021-07-29 11:50:00,506983
Roman Derypaska_1097207968,Roman Derypaska,-1,0,46,54,-8,100,2021-07-29 11:50:00,506984
Viacheslav Isakov_169976,Viacheslav Isakov,-3,0,21,33,-12,54,2021-07-29 11:50:00,506985
Denys Shcherbak_1126195025,Denys Shcherbak,3,1,33,22,11,55,2021-07-29 11:55:00,506986
Maksym Marchuk_169986,Maksym Marchuk,2,1,40,28,12,68,2021-07-29 11:55:00,506987
P Semeshin_125308,P Semeshin,2,1,39,32,7,71,2021-07-29 11:56:00,506988
Maksym Kolos_758631838,Maksym Kolos,-3,0,18,33,-15,51,2021-07-29 12:00:00,506989
Volodymyr Chornobab_169921,Volodymyr Chornobab,1,1,55,48,7,103,2021-07-29 12:00:00,506990
Yaroslav Ivasiuk_170001,Yaroslav Ivasiuk,-3,0,17,33,-16,50,2021-07-29 12:00:00,506991
L Adamec_28115,L Adamec,-2,0,30,42,-12,72,2021-07-29 12:03:00,506992
Filip Marat_170184,Filip Marat,3,1,36,23,13,59,2021-07-29 12:05:00,506993
Volodymyr Maksiuta_123027577,Volodymyr Maksiuta,3,1,39,29,10,68,2021-07-29 12:05:00,506994
Oleksii Korobov_169936,Oleksii Korobov,1,1,52,42,10,94,2021-07-29 12:05:00,506995
Anna Miklukha_992666605,Anna Miklukha,-2,0,38,39,-1,77,2021-07-29 12:10:00,506996
Svitlana Yureneva_169951,Svitlana Yureneva,3,1,33,22,11,55,2021-07-29 12:10:00,506997
I Novikov_125268,I Novikov,1,1,50,47,3,97,2021-07-29 12:12:00,506998
Nazarii Hrytsyienko_1603589757,Nazarii Hrytsyienko,1,1,48,44,4,92,2021-07-29 12:15:00,506999
Serhii Semenets_169963,Serhii Semenets,-1,0,50,52,-2,102,2021-07-29 12:15:00,507000
E Grishaev_125342,E Grishaev,-1,0,49,49,0,98,2021-07-29 12:17:00,507001
Vasyl Kushnir_1716523942,Vasyl Kushnir,1,1,45,39,6,84,2021-07-29 12:20:00,507002
Oleksandr Maslovskyi_169907,Oleksandr Maslovskyi,-1,0,49,50,-1,99,2021-07-29 12:20:00,507003
Andrii Matiushenko_169977,Andrii Matiushenko,2,1,41,41,0,82,2021-07-29 12:20:00,507004
Sergey Filatov_607466450,Sergey Filatov,-3,0,20,33,-13,53,2021-07-29 12:25:00,507005
Serhii Khandetskyi_169987,Serhii Khandetskyi,-2,0,37,45,-8,82,2021-07-29 12:25:00,507006
Serhii Baranovskyi_1417105439,Serhii Baranovskyi,2,1,41,31,10,72,2021-07-29 12:25:00,507007
T Razinkov_125309,T Razinkov,3,1,37,23,14,60,2021-07-29 12:28:00,507008
Roman Bihun_170002,Roman Bihun,1,1,49,38,11,87,2021-07-29 12:30:00,507009
Andrii Lukatskyi_169922,Andrii Lukatskyi,3,1,33,24,9,57,2021-07-29 12:30:00,507010
Serhii Tsybulin_1440878506,Serhii Tsybulin,-3,0,21,33,-12,54,2021-07-29 12:30:00,507011
Oliver Korp_28116,Oliver Korp,2,1,41,31,10,72,2021-07-29 12:31:00,507012
Serhii Kinash_201955962,Serhii Kinash,2,1,42,23,19,65,2021-07-29 12:35:00,507013
Ondrej Konvalinka_170185,Ondrej Konvalinka,-2,0,28,45,-17,73,2021-07-29 12:35:00,507014
Ruslan Tolstykh_169937,Ruslan Tolstykh,2,1,43,33,10,76,2021-07-29 12:35:00,507015
Alina Bohdanova_169952,Alina Bohdanova,1,1,39,43,-4,82,2021-07-29 12:40:00,507016
Andrii Baklykov_773015481,Andrii Baklykov,-2,0,43,47,-4,90,2021-07-29 12:40:00,507017
Oleksandr Strutinskiy_169964,Oleksandr Strutinskiy,-1,0,48,51,-3,99,2021-07-29 12:45:00,507018
Yaroslava Prykhodko_2051420085,Yaroslava Prykhodko,-1,0,51,47,4,98,2021-07-29 12:45:00,507019
V Putilovsky_125269,V Putilovsky,1,1,53,47,6,100,2021-07-29 12:47:00,507020
Dmytro Lazuryk_169978,Dmytro Lazuryk,2,1,46,29,17,75,2021-07-29 12:50:00,507021
Andrii Kotik_1273581009,Andrii Kotik,1,1,48,43,5,91,2021-07-29 12:50:00,507022
Mykhailo Senyk_169908,Mykhailo Senyk,-1,0,45,47,-2,92,2021-07-29 12:50:00,507023
M Ilichev_125310,M Ilichev,3,1,35,22,13,57,2021-07-29 12:51:00,507024
A Libatskii_125343,A Libatskii,-2,0,34,38,-4,72,2021-07-29 12:52:00,507025
Andrii Peretiatko_169988,Andrii Peretiatko,-3,0,28,35,-7,63,2021-07-29 12:55:00,507026
Oleksii Haponov_1738464855,Oleksii Haponov,-2,0,28,41,-13,69,2021-07-29 12:55:00,507027
Dominik Pasek_170160,Dominik Pasek,-2,0,27,42,-15,69,2021-07-29 13:00:00,507028
Oleh Hil_170003,Oleh Hil,2,1,43,29,14,72,2021-07-29 13:00:00,507029
Valerii Melnyk_1506783495,Valerii Melnyk,1,1,50,44,6,94,2021-07-29 13:00:00,507030
Yevhenii Honchar_169923,Yevhenii Honchar,3,1,33,19,14,52,2021-07-29 13:00:00,507031
Dmytro Dubrovin_206810753,Dmytro Dubrovin,-2,0,36,46,-10,82,2021-07-29 13:00:00,507032
M Urban_28091,M Urban,1,1,45,42,3,87,2021-07-29 13:02:00,507033
Valentyn Yunchyk_1531508379,Valentyn Yunchyk,1,1,51,45,6,96,2021-07-29 13:05:00,507034
Oleksandr Dziabura_1067358269,Oleksandr Dziabura,-1,0,47,51,-4,98,2021-07-29 13:10:00,507035
Stefan Yakimenko_169965,Stefan Yakimenko,-3,0,25,33,-8,58,2021-07-29 13:15:00,507036
Anatolii Lievshin_1087587342,Anatolii Lievshin,1,1,44,43,1,87,2021-07-29 13:15:00,507037
I Poletaev_125344,I Poletaev,-2,0,35,39,-4,74,2021-07-29 13:16:00,507038
Yurii Pavliuchyk_169909,Yurii Pavliuchyk,-3,0,20,33,-13,53,2021-07-29 13:20:00,507039
Yurii Kurishchenko_169979,Yurii Kurishchenko,-1,0,38,50,-12,88,2021-07-29 13:20:00,507040
A Lobanov_125270,A Lobanov,3,1,33,18,15,51,2021-07-29 13:20:00,507041
Tatiana Tatianina_1491538091,Tatiana Tatianina,1,1,49,38,11,87,2021-07-29 13:20:00,507042
P Semeshin_125409,P Semeshin,-3,0,23,35,-12,58,2021-07-29 13:21:00,507043
Oleksandr Shapoval_169989,Oleksandr Shapoval,-1,0,46,52,-6,98,2021-07-29 13:25:00,507044
Nazarii Hrytsyienko_1531953910,Nazarii Hrytsyienko,1,1,48,44,4,92,2021-07-29 13:25:00,507045
Volodymyr Chornobab_169924,Volodymyr Chornobab,3,1,33,22,11,55,2021-07-29 13:30:00,507046
Miroslav Knobloch_170161,Miroslav Knobloch,1,1,46,45,1,91,2021-07-29 13:30:00,507047
Vasyl Lutskyi_170004,Vasyl Lutskyi,-2,0,30,35,-5,65,2021-07-29 13:30:00,507048
Nazarii Kovalchuk_847169788,Nazarii Kovalchuk,-3,0,17,34,-17,51,2021-07-29 13:30:00,507049
L Adamec_28092,L Adamec,2,1,42,36,6,78,2021-07-29 13:31:00,507050
Oleksii Korobov_169939,Oleksii Korobov,-2,0,34,43,-9,77,2021-07-29 13:35:00,507051
Serhii Baranovskyi_1109566061,Serhii Baranovskyi,2,1,40,31,9,71,2021-07-29 13:35:00,507052
Volodymyr Plishylo_794883729,Volodymyr Plishylo,2,1,44,35,9,79,2021-07-29 13:35:00,507053
Vladimir Lushnikov_959700146,Vladimir Lushnikov,-2,0,30,41,-11,71,2021-07-29 13:40:00,507054
Svitlana Yureneva_169954,Svitlana Yureneva,-3,0,20,33,-13,53,2021-07-29 13:40:00,507055
A Libatskii_125429,A Libatskii,-2,0,31,44,-13,75,2021-07-29 13:45:00,507056
Serhii Semenets_169966,Serhii Semenets,2,1,50,46,4,96,2021-07-29 13:45:00,507057
M Ilichev_125410,M Ilichev,2,1,39,31,8,70,2021-07-29 13:45:00,507058
Dmytro Kryshtal_554513900,Dmytro Kryshtal,3,1,33,18,15,51,2021-07-29 13:45:00,507059
Davyd Symonchuk_1896567433,Davyd Symonchuk,-1,0,42,41,1,83,2021-07-29 13:50:00,507060
Rostyslav Fylypiv_169910,Rostyslav Fylypiv,-2,0,31,42,-11,73,2021-07-29 13:50:00,507061
I Minchenkov_125427,I Minchenkov,3,1,33,18,15,51,2021-07-29 13:51:00,507062
Andrii Dombrovskyi_170186,Andrii Dombrovskyi,1,1,51,46,5,97,2021-07-29 13:55:00,507063
Maksym Marchuk_169990,Maksym Marchuk,1,1,60,60,0,120,2021-07-29 13:55:00,507064
Iryna Aseieva_1319327701,Iryna Aseieva,-3,0,20,33,-13,53,2021-07-29 13:55:00,507065
Miroslav Knobloch_170162,Miroslav Knobloch,-3,0,19,33,-14,52,2021-07-29 14:00:00,507066
Andrii Kotik_1345366331,Andrii Kotik,1,1,51,39,12,90,2021-07-29 14:00:00,507067
Mykhailo Teteruk_169925,Mykhailo Teteruk,-2,0,27,39,-12,66,2021-07-29 14:00:00,507068
Yaroslav Ivasiuk_170005,Yaroslav Ivasiuk,1,1,45,42,3,87,2021-07-29 14:00:00,507069
R Pavelka_28093,R Pavelka,1,1,44,42,2,86,2021-07-29 14:00:00,507070
Kostiantyn Nesterenko_169940,Kostiantyn Nesterenko,-1,0,43,51,-8,94,2021-07-29 14:05:00,507071
Andrii Hordii_544082928,Andrii Hordii,-1,0,51,55,-4,106,2021-07-29 14:05:00,507072
V Putilovsky_125428,V Putilovsky,2,1,47,37,10,84,2021-07-29 14:09:00,507073
I Poletaev_125430,I Poletaev,-3,0,25,38,-13,63,2021-07-29 14:09:00,507074
Nazarii Danyliuk_1712461781,Nazarii Danyliuk,-3,0,12,33,-21,45,2021-07-29 14:10:00,507075
Valerii Melnyk_1530981851,Valerii Melnyk,-3,0,29,36,-7,65,2021-07-29 14:10:00,507076
M Sverdlov_125311,M Sverdlov,-2,0,32,44,-12,76,2021-07-29 14:13:00,507077
Serhii Tsybulin_1418454495,Serhii Tsybulin,-3,0,23,33,-10,56,2021-07-29 14:15:00,507078
Oleh Pereguda_169967,Oleh Pereguda,-3,0,12,33,-21,45,2021-07-29 14:15:00,507079
Serhii Kinash_410867103,Serhii Kinash,-2,0,39,44,-5,83,2021-07-29 14:20:00,507080
Yurii Pavliuchyk_169911,Yurii Pavliuchyk,-3,0,10,33,-23,43,2021-07-29 14:20:00,507081
Andrii Peretiatko_169991,Andrii Peretiatko,-2,0,29,41,-12,70,2021-07-29 14:25:00,507082
Yurii Kurishchenko_170187,Yurii Kurishchenko,1,1,50,46,4,96,2021-07-29 14:25:00,507083
Vladyslav Sliuzenko_2089098531,Vladyslav Sliuzenko,1,1,44,42,2,86,2021-07-29 14:25:00,507084
K Bystrushkin_125345,K Bystrushkin,2,1,43,29,14,72,2021-07-29 14:29:00,507085
Volodymyr Chornobab_169926,Volodymyr Chornobab,2,1,43,39,4,82,2021-07-29 14:30:00,507086
Karina Zavinovskaya_601345287,Karina Zavinovskaya,2,1,44,40,4,84,2021-07-29 14:30:00,507087
Oleh Hil_170006,Oleh Hil,3,1,36,29,7,65,2021-07-29 14:30:00,507088
Dominik Pasek_170163,Dominik Pasek,3,1,33,22,11,55,2021-07-29 14:30:00,507089
Jo Belovsky_28094,Jo Belovsky,2,1,41,37,4,78,2021-07-29 14:32:00,507090
Nazarii Hrytsyienko_1940746709,Nazarii Hrytsyienko,-3,0,18,33,-15,51,2021-07-29 14:35:00,507091
Oleksii Korobov_169941,Oleksii Korobov,2,1,40,33,7,73,2021-07-29 14:35:00,507092
S Kulikov_125312,S Kulikov,-1,0,44,46,-2,90,2021-07-29 14:36:00,507093
A Zabrodin_125271,A Zabrodin,2,1,41,35,6,76,2021-07-29 14:37:00,507094
Oleksii Haponov_1817394107,Oleksii Haponov,3,1,33,22,11,55,2021-07-29 14:40:00,507095
Serhii Baranovskyi_451044939,Serhii Baranovskyi,-3,0,28,35,-7,63,2021-07-29 14:45:00,507096
Dmytro Dubrovin_1703879854,Dmytro Dubrovin,1,1,47,49,-2,96,2021-07-29 14:45:00,507097
Serhii Semenets_169968,Serhii Semenets,-1,0,44,47,-3,91,2021-07-29 14:45:00,507098
Oleksii Krutko_314251272,Oleksii Krutko,-1,0,54,53,1,107,2021-07-29 14:50:00,507099
Ihor Dubyna_169912,Ihor Dubyna,3,1,37,26,11,63,2021-07-29 14:50:00,507100
E Tyurin_125346,E Tyurin,-1,0,40,41,-1,81,2021-07-29 14:50:00,507101
Oleksandr Semenets_292750032,Oleksandr Semenets,-1,0,40,48,-8,88,2021-07-29 14:55:00,507102
Mykola Polysynskyi_169992,Mykola Polysynskyi,2,1,37,26,11,63,2021-07-29 14:55:00,507103
Mykhailo Hlaholev_170007,Mykhailo Hlaholev,3,1,33,24,9,57,2021-07-29 15:00:00,507104
Matej Fausek_170164,Matej Fausek,-2,0,30,38,-8,68,2021-07-29 15:00:00,507105
R Pavelka_28095,R Pavelka,-3,0,21,33,-12,54,2021-07-29 15:00:00,507106
Volodymyr Maksiuta_1941363430,Volodymyr Maksiuta,-2,0,28,43,-15,71,2021-07-29 15:00:00,507107
Vadym Bochkovskyi_169927,Vadym Bochkovskyi,2,1,39,38,1,77,2021-07-29 15:00:00,507108
K Simonov_125272,K Simonov,-1,0,50,47,3,97,2021-07-29 15:02:00,507109
E Anisimov_125313,E Anisimov,-3,0,30,40,-10,70,2021-07-29 15:02:00,507110
Iryna Aseieva_1680020122,Iryna Aseieva,1,1,50,48,2,98,2021-07-29 15:05:00,507111
Dmytro Vakhta_830270847,Dmytro Vakhta,-2,0,41,42,-1,83,2021-07-29 15:10:00,507112
Oleksandr Goncharuk_169969,Oleksandr Goncharuk,-3,0,24,33,-9,57,2021-07-29 15:15:00,507113
Vasyl Verbianyi_647202569,Vasyl Verbianyi,-2,0,34,41,-7,75,2021-07-29 15:15:00,507114
O Kutuzov_125347,O Kutuzov,-1,0,48,48,0,96,2021-07-29 15:17:00,507115
Roman Derypaska_1097344291,Roman Derypaska,3,1,33,22,11,55,2021-07-29 15:20:00,507116
Serhii Rak_170010,Serhii Rak,2,1,50,41,9,91,2021-07-29 15:20:00,507117
Volodymyr Plishylo_1630035717,Volodymyr Plishylo,2,1,41,35,6,76,2021-07-29 15:20:00,507118
Andrii Peretiatko_169993,Andrii Peretiatko,2,1,42,26,16,68,2021-07-29 15:25:00,507119
Serhii Tsybulin_1408313431,Serhii Tsybulin,-3,0,19,33,-14,52,2021-07-29 15:25:00,507120
Yevhen Hasan_170025,Yevhen Hasan,-2,0,40,45,-5,85,2021-07-29 15:30:00,507121
Serhii Kinash_774040731,Serhii Kinash,2,1,39,32,7,71,2021-07-29 15:30:00,507122
Dominik Pasek_170165,Dominik Pasek,-2,0,31,37,-6,68,2021-07-29 15:30:00,507123
L Adamec_28096,L Adamec,2,1,40,28,12,68,2021-07-29 15:30:00,507124
Oleh Hil_170008,Oleh Hil,1,1,42,37,5,79,2021-07-29 15:30:00,507125
V Staroverov_125314,V Staroverov,2,1,48,39,9,87,2021-07-29 15:31:00,507126
Yevhen Bielokon_170040,Yevhen Bielokon,3,1,33,17,16,50,2021-07-29 15:35:00,507127
Serhii Skachenko_1811938391,Serhii Skachenko,1,1,47,43,4,90,2021-07-29 15:35:00,507128
Pavlo Zaderei_87130287,Pavlo Zaderei,2,1,42,35,7,77,2021-07-29 15:40:00,507129
Oleksandr Mytsyk_170055,Oleksandr Mytsyk,1,1,44,49,-5,93,2021-07-29 15:40:00,507130
A Poprocky_125273,A Poprocky,-2,0,30,44,-14,74,2021-07-29 15:45:00,507131
I Abelmasov_125348,I Abelmasov,3,1,36,30,6,66,2021-07-29 15:45:00,507132
Iryna Tiutiunyk_170070,Iryna Tiutiunyk,-2,0,26,40,-14,66,2021-07-29 15:45:00,507133
Stanislav Nikolenko_170011,Stanislav Nikolenko,3,1,33,15,18,48,2021-07-29 15:50:00,507134
Yevhenii Faflei_1550596676,Yevhenii Faflei,-1,0,36,46,-10,82,2021-07-29 15:50:00,507135
Roman Cherevko_1687812456,Roman Cherevko,2,1,49,35,14,84,2021-07-29 15:55:00,507136
Serhii Khandetskyi_169994,Serhii Khandetskyi,-3,0,21,33,-12,54,2021-07-29 15:55:00,507137
E Anisimov_125315,E Anisimov,1,1,44,41,3,85,2021-07-29 15:58:00,507138
Denys Shcherbak_1803480111,Denys Shcherbak,2,1,44,41,3,85,2021-07-29 16:00:00,507139
R Pavelka_28141,R Pavelka,3,1,35,26,9,61,2021-07-29 16:00:00,507140
Roman Bihun_170009,Roman Bihun,2,1,42,40,2,82,2021-07-29 16:00:00,507141
Vadym Ishchuk_170026,Vadym Ishchuk,-1,0,44,43,1,87,2021-07-29 16:00:00,507142
Vitalii Kobets_170041,Vitalii Kobets,3,1,33,21,12,54,2021-07-29 16:05:00,507143
Matej Fausek_170188,Matej Fausek,-2,0,31,44,-13,75,2021-07-29 16:05:00,507144
Maksym Kolos_2119287694,Maksym Kolos,2,1,41,35,6,76,2021-07-29 16:05:00,507145
Oleg Kolivay_170056,Oleg Kolivay,-1,0,43,53,-10,96,2021-07-29 16:10:00,507146
O Manuylov_125274,O Manuylov,-2,0,36,45,-9,81,2021-07-29 16:10:00,507147
Serhii Rutskyi_266184761,Serhii Rutskyi,1,1,43,39,4,82,2021-07-29 16:10:00,507148
O Kutuzov_125349,O Kutuzov,-2,0,37,44,-7,81,2021-07-29 16:11:00,507149
Roman Sukhomlyn_187959106,Roman Sukhomlyn,-2,0,33,41,-8,74,2021-07-29 16:15:00,507150
Anzhela Sydorko_170085,Anzhela Sydorko,3,1,33,22,11,55,2021-07-29 16:15:00,507151
Dmytro Lohosha_334996205,Dmytro Lohosha,-2,0,38,44,-6,82,2021-07-29 16:20:00,507152
Andrii Nakliutskyi_170012,Andrii Nakliutskyi,-1,0,57,60,-3,117,2021-07-29 16:20:00,507153
S Kulikov_125316,S Kulikov,-2,0,30,42,-12,72,2021-07-29 16:21:00,507154
Vasyl Aksenin_1997392944,Vasyl Aksenin,2,1,44,36,8,80,2021-07-29 16:25:00,507155
Alina Man_170094,Alina Man,1,1,51,44,7,95,2021-07-29 16:25:00,507156
Lev Kuzyo_1984241583,Lev Kuzyo,-3,0,29,38,-9,67,2021-07-29 16:30:00,507157
L Adamec_28142,L Adamec,-1,0,45,47,-2,92,2021-07-29 16:30:00,507158
Alexey Lukianov_220542674,Alexey Lukianov,3,1,35,22,13,57,2021-07-29 16:35:00,507159
Martin Sulc_170189,Martin Sulc,3,1,34,28,6,62,2021-07-29 16:35:00,507160
Andrii Novikov_170042,Andrii Novikov,3,1,35,25,10,60,2021-07-29 16:35:00,507161
E Tyurin_125350,E Tyurin,1,1,54,55,-1,109,2021-07-29 16:36:00,507162
Vasyl Kondratenko_170057,Vasyl Kondratenko,2,1,38,33,5,71,2021-07-29 16:40:00,507163
Vasyl Shepel_1390840974,Vasyl Shepel,-1,0,47,48,-1,95,2021-07-29 16:40:00,507164
A Poprocky_125275,A Poprocky,-2,0,37,44,-7,81,2021-07-29 16:41:00,507165
Karina Zharkova_170086,Karina Zharkova,-1,0,50,52,-2,102,2021-07-29 16:45:00,507166
Serhii Skachenko_981629885,Serhii Skachenko,-2,0,31,42,-11,73,2021-07-29 16:45:00,507167
Stanislav Nikolenko_170013,Stanislav Nikolenko,2,1,43,35,8,78,2021-07-29 16:50:00,507168
Pavlo Zaderei_399982131,Pavlo Zaderei,-1,0,35,49,-14,84,2021-07-29 16:50:00,507169
S Kulikov_125499,S Kulikov,-3,0,25,36,-11,61,2021-07-29 16:52:00,507170
Serhiy Tkachuk_552990671,Serhiy Tkachuk,1,1,58,51,7,109,2021-07-29 16:55:00,507171
Anastasiia Ostapenko_170095,Anastasiia Ostapenko,-2,0,34,39,-5,73,2021-07-29 16:55:00,507172
Vadym Ishchuk_170028,Vadym Ishchuk,-3,0,27,33,-6,60,2021-07-29 17:00:00,507173
Yevhenii Faflei_1503145755,Yevhenii Faflei,1,1,47,41,6,88,2021-07-29 17:00:00,507174
Jan Tomanec_170166,Jan Tomanec,-3,0,28,36,-8,64,2021-07-29 17:00:00,507175
L Protiva_28097,L Protiva,-1,0,41,44,-3,85,2021-07-29 17:02:00,507176
Vitalii Kobets_170043,Vitalii Kobets,-3,0,27,33,-6,60,2021-07-29 17:05:00,507177
Roman Cherevko_1942032886,Roman Cherevko,2,1,45,23,22,68,2021-07-29 17:05:00,507178
K Simonov_125276,K Simonov,3,1,35,26,9,61,2021-07-29 17:10:00,507179
Oleg Kolivay_170058,Oleg Kolivay,-2,0,35,40,-5,75,2021-07-29 17:10:00,507180
Alexey Lukianov_1080270914,Alexey Lukianov,3,1,35,24,11,59,2021-07-29 17:10:00,507181
M Sverdlov_125500,M Sverdlov,-1,0,48,56,-8,104,2021-07-29 17:13:00,507182
Anzhela Sydorko_170073,Anzhela Sydorko,2,1,40,39,1,79,2021-07-29 17:15:00,507183
E Tyurin_125501,E Tyurin,-1,0,42,43,-1,85,2021-07-29 17:15:00,507184
Illia Yanishevskiy_1923323648,Illia Yanishevskiy,1,1,46,47,-1,93,2021-07-29 17:15:00,507185
Serhii Rutskyi_1801932389,Serhii Rutskyi,-3,0,31,40,-9,71,2021-07-29 17:20:00,507186
Serhii Rak_170014,Serhii Rak,3,1,33,24,9,57,2021-07-29 17:20:00,507187
Yaroslav Voytenko_686912262,Yaroslav Voytenko,-2,0,25,41,-16,66,2021-07-29 17:25:00,507188
Alina Stefaniuk_170096,Alina Stefaniuk,2,1,40,34,6,74,2021-07-29 17:25:00,507189
Dmytro Lohosha_189127788,Dmytro Lohosha,2,1,46,36,10,82,2021-07-29 17:30:00,507190
Milan Liptak_170167,Milan Liptak,-2,0,30,43,-13,73,2021-07-29 17:30:00,507191
jr. Havlik_28098,jr. Havlik,-2,0,35,42,-7,77,2021-07-29 17:31:00,507192
Ivan Synytskyi_693908813,Ivan Synytskyi,2,1,41,33,8,74,2021-07-29 17:35:00,507193
Yevhen Bielokon_170044,Yevhen Bielokon,-2,0,47,48,-1,95,2021-07-29 17:35:00,507194
A Poprocky_125503,A Poprocky,-1,0,41,46,-5,87,2021-07-29 17:36:00,507195
Serhii Zemiantsev_57309145,Serhii Zemiantsev,-1,0,45,41,4,86,2021-07-29 17:40:00,507196
Oleksandr Mytsyk_170059,Oleksandr Mytsyk,-2,0,40,46,-6,86,2021-07-29 17:40:00,507197
I Abelmasov_125502,I Abelmasov,-3,0,19,33,-14,52,2021-07-29 17:42:00,507198
Iryna Tiutiunyk_170087,Iryna Tiutiunyk,-1,0,47,47,0,94,2021-07-29 17:45:00,507199
Vasyl Shepel_322449489,Vasyl Shepel,3,1,37,31,6,68,2021-07-29 17:45:00,507200
A Alekseyev_125317,A Alekseyev,-2,0,28,41,-13,69,2021-07-29 17:49:00,507201
Alexey Lukianov_2016299633,Alexey Lukianov,-1,0,47,51,-4,98,2021-07-29 17:50:00,507202
Volodymyr Kuzmych_170015,Volodymyr Kuzmych,-2,0,39,39,0,78,2021-07-29 17:50:00,507203
Eduard Populovskyi_170109,Eduard Populovskyi,1,1,51,46,5,97,2021-07-29 17:50:00,507204
Anastasiia Ostapenko_170097,Anastasiia Ostapenko,-2,0,36,46,-10,82,2021-07-29 17:55:00,507205
Serhii Skachenko_1471327871,Serhii Skachenko,1,1,54,51,3,105,2021-07-29 17:55:00,507206
Jo Kutifel_28099,Jo Kutifel,-1,0,48,51,-3,99,2021-07-29 17:59:00,507207
Milan Liptak_170168,Milan Liptak,1,1,48,44,4,92,2021-07-29 18:00:00,507208
Roman Sukhomlyn_1265836946,Roman Sukhomlyn,-2,0,35,44,-9,79,2021-07-29 18:00:00,507209
Vladyslav Mishchenko_170030,Vladyslav Mishchenko,3,1,33,18,15,51,2021-07-29 18:00:00,507210
Oleh Formaziuk_166706661,Oleh Formaziuk,1,1,44,42,2,86,2021-07-29 18:05:00,507211
I Elistratov_125352,I Elistratov,-2,0,28,43,-15,71,2021-07-29 18:05:00,507212
Roman Bambutsa_170045,Roman Bambutsa,3,1,34,23,11,57,2021-07-29 18:05:00,507213
A Zabrodin_125504,A Zabrodin,-2,0,43,50,-7,93,2021-07-29 18:07:00,507214
Vasyl Aksenin_73774502,Vasyl Aksenin,-1,0,40,47,-7,87,2021-07-29 18:10:00,507215
Igor Koshkodan_170060,Igor Koshkodan,1,1,48,49,-1,97,2021-07-29 18:10:00,507216
G Bardyshev_125318,G Bardyshev,1,1,48,45,3,93,2021-07-29 18:14:00,507217
Nadiia Kovtun_170088,Nadiia Kovtun,3,1,33,20,13,53,2021-07-29 18:15:00,507218
Lev Kuzyo_119536399,Lev Kuzyo,-2,0,36,42,-6,78,2021-07-29 18:15:00,507219
Ihor Vasylyshyn_170110,Ihor Vasylyshyn,-2,0,31,42,-11,73,2021-07-29 18:20:00,507220
Illia Yanishevskiy_2017058705,Illia Yanishevskiy,-2,0,39,44,-5,83,2021-07-29 18:20:00,507221
Andrii Nakliutskyi_170016,Andrii Nakliutskyi,2,1,43,37,6,80,2021-07-29 18:20:00,507222
Vasyl Shepel_764153664,Vasyl Shepel,3,1,33,20,13,53,2021-07-29 18:25:00,507223
Alina Man_170098,Alina Man,2,1,39,34,5,73,2021-07-29 18:25:00,507224
Jan Tomanec_170169,Jan Tomanec,-2,0,31,38,-7,69,2021-07-29 18:30:00,507225
Uryi Leymanovskyi_709238053,Uryi Leymanovskyi,2,1,45,42,3,87,2021-07-29 18:30:00,507226
A Silantev_125351,A Silantev,-3,0,29,35,-6,64,2021-07-29 18:32:00,507227
Pavlo Zaderei_1167971576,Pavlo Zaderei,1,1,45,46,-1,91,2021-07-29 18:35:00,507228
Andrii Novikov_170046,Andrii Novikov,2,1,45,37,8,82,2021-07-29 18:35:00,507229
jr. Hruska_28100,jr. Hruska,3,1,36,24,12,60,2021-07-29 18:35:00,507230
Vasyl Kondratenko_170061,Vasyl Kondratenko,1,1,47,43,4,90,2021-07-29 18:40:00,507231
Serhiy Tkachuk_181734142,Serhiy Tkachuk,3,1,33,19,14,52,2021-07-29 18:40:00,507232
S Nikulin_125277,S Nikulin,-3,0,26,34,-8,60,2021-07-29 18:41:00,507233
Karina Zharkova_170089,Karina Zharkova,3,1,33,18,15,51,2021-07-29 18:45:00,507234
Yevhenii Faflei_784938343,Yevhenii Faflei,1,1,48,54,-6,102,2021-07-29 18:45:00,507235
Stanislav Nikolenko_170017,Stanislav Nikolenko,3,1,34,17,17,51,2021-07-29 18:50:00,507236
Roman Cherevko_2090352702,Roman Cherevko,-3,0,20,33,-13,53,2021-07-29 18:50:00,507237
Volodymyr Melnykov_170111,Volodymyr Melnykov,3,1,34,22,12,56,2021-07-29 18:50:00,507238
V Chernov_125319,V Chernov,-2,0,37,45,-8,82,2021-07-29 18:50:00,507239
Oleksandr Shchytka_1963835698,Oleksandr Shchytka,-3,0,21,33,-12,54,2021-07-29 18:55:00,507240
Iryna Hrushko_170099,Iryna Hrushko,-2,0,37,40,-3,77,2021-07-29 18:55:00,507241
A Klavdenkov_125278,A Klavdenkov,1,1,46,43,3,89,2021-07-29 18:57:00,507242
D Komarov_125353,D Komarov,-2,0,36,42,-6,78,2021-07-29 18:59:00,507243
Vadym Ishchuk_170032,Vadym Ishchuk,-2,0,30,41,-11,71,2021-07-29 19:00:00,507244
Alexey Lukianov_168698308,Alexey Lukianov,-3,0,18,33,-15,51,2021-07-29 19:00:00,507245
Jan Blazek_170170,Jan Blazek,-1,0,40,47,-7,87,2021-07-29 19:00:00,507246
Jo Kutifel_28101,Jo Kutifel,-2,0,28,43,-15,71,2021-07-29 19:01:00,507247
Vitalii Kobets_170047,Vitalii Kobets,1,1,49,50,-1,99,2021-07-29 19:05:00,507248
Serhii Rutskyi_163861910,Serhii Rutskyi,-1,0,51,49,2,100,2021-07-29 19:05:00,507249
Oleg Kolivay_170062,Oleg Kolivay,-1,0,46,52,-6,98,2021-07-29 19:10:00,507250
Yaroslav Voytenko_941423336,Yaroslav Voytenko,-1,0,50,51,-1,101,2021-07-29 19:10:00,507251
Dmytro Lohosha_894660842,Dmytro Lohosha,-2,0,35,35,0,70,2021-07-29 19:15:00,507252
Anzhela Sydorko_170077,Anzhela Sydorko,-1,0,40,44,-4,84,2021-07-29 19:15:00,507253
S Kuzmin_125320,S Kuzmin,-3,0,26,36,-10,62,2021-07-29 19:15:00,507254
Ivan Synytskyi_1680594209,Ivan Synytskyi,2,1,45,39,6,84,2021-07-29 19:20:00,507255
Ihor Vasylyshyn_170112,Ihor Vasylyshyn,3,1,33,19,14,52,2021-07-29 19:20:00,507256
Serhii Rak_170018,Serhii Rak,-3,0,21,34,-13,55,2021-07-29 19:20:00,507257
Serhii Zemiantsev_1574285251,Serhii Zemiantsev,1,1,51,43,8,94,2021-07-29 19:25:00,507258
Alina Stefaniuk_170100,Alina Stefaniuk,2,1,44,36,8,80,2021-07-29 19:25:00,507259
S Vardanyan_125279,S Vardanyan,-1,0,49,52,-3,101,2021-07-29 19:26:00,507260
jr. Havlik_28102,jr. Havlik,-3,0,23,33,-10,56,2021-07-29 19:30:00,507261
Yevhen Hasan_170033,Yevhen Hasan,3,1,34,26,8,60,2021-07-29 19:30:00,507262
K Puzankov_125354,K Puzankov,1,1,49,45,4,94,2021-07-29 19:30:00,507263
Oleksandr Brezytskyi_1416650490,Oleksandr Brezytskyi,2,1,45,38,7,83,2021-07-29 19:30:00,507264
Jan Tomanec_170171,Jan Tomanec,-3,0,21,33,-12,54,2021-07-29 19:30:00,507265
Vasyl Shepel_1376116193,Vasyl Shepel,-2,0,37,43,-6,80,2021-07-29 19:35:00,507266
Yevhen Bielokon_170048,Yevhen Bielokon,-1,0,46,44,2,90,2021-07-29 19:35:00,507267
Oleksandr Mytsyk_170063,Oleksandr Mytsyk,-3,0,21,34,-13,55,2021-07-29 19:40:00,507268
Serhii Skachenko_679112103,Serhii Skachenko,-2,0,35,43,-8,78,2021-07-29 19:40:00,507269
V Chernov_125321,V Chernov,-3,0,16,33,-17,49,2021-07-29 19:43:00,507270
Iryna Tiutiunyk_170090,Iryna Tiutiunyk,-2,0,29,38,-9,67,2021-07-29 19:45:00,507271
Roman Sukhomlyn_1851293148,Roman Sukhomlyn,-1,0,52,52,0,104,2021-07-29 19:45:00,507272
Oleh Formaziuk_882896387,Oleh Formaziuk,1,1,48,43,5,91,2021-07-29 19:50:00,507273
Volodymyr Kuzmych_170019,Volodymyr Kuzmych,1,1,59,46,13,105,2021-07-29 19:50:00,507274
Eduard Populovskyi_170113,Eduard Populovskyi,3,1,33,21,12,54,2021-07-29 19:50:00,507275
B Grebenyuk_125280,B Grebenyuk,2,1,44,36,8,80,2021-07-29 19:54:00,507276
Anastasiia Ostapenko_170101,Anastasiia Ostapenko,2,1,40,34,6,74,2021-07-29 19:55:00,507277
Vasyl Aksenin_38118376,Vasyl Aksenin,-2,0,33,43,-10,76,2021-07-29 19:55:00,507278
Vladyslav Mishchenko_170034,Vladyslav Mishchenko,-2,0,33,39,-6,72,2021-07-29 20:00:00,507279
Lev Kuzyo_1353294001,Lev Kuzyo,-2,0,36,46,-10,82,2021-07-29 20:00:00,507280
Tomas Lukes_170433,Tomas Lukes,2,1,36,38,-2,74,2021-07-29 20:00:00,507281
jr. Havlik_28143,jr. Havlik,2,1,39,32,7,71,2021-07-29 20:02:00,507282
Andrii Chupovskyi_1381736693,Andrii Chupovskyi,-1,0,50,56,-6,106,2021-07-29 20:05:00,507283
Roman Bambutsa_170049,Roman Bambutsa,1,1,42,50,-8,92,2021-07-29 20:05:00,507284
D Komarov_125355,D Komarov,-2,0,34,41,-7,75,2021-07-29 20:06:00,507285
Yuriy Tarasov_1577389246,Yuriy Tarasov,3,1,35,27,8,62,2021-07-29 20:10:00,507286
Igor Koshkodan_170064,Igor Koshkodan,-3,0,24,34,-10,58,2021-07-29 20:10:00,507287
G Bardyshev_125322,G Bardyshev,3,1,34,25,9,59,2021-07-29 20:11:00,507288
Nadiia Kovtun_170079,Nadiia Kovtun,-1,0,43,51,-8,94,2021-07-29 20:15:00,507289
Serhii Rutskyi_2063945199,Serhii Rutskyi,2,1,42,26,16,68,2021-07-29 20:15:00,507290
S Vardanyan_125281,S Vardanyan,-3,0,21,33,-12,54,2021-07-29 20:19:00,507291
Vadym Shvydkyi_1698022935,Vadym Shvydkyi,2,1,42,39,3,81,2021-07-29 20:20:00,507292
Andrii Nakliutskyi_170020,Andrii Nakliutskyi,-1,0,46,49,-3,95,2021-07-29 20:20:00,507293
Serhii Burdelnyi_170114,Serhii Burdelnyi,-2,0,28,41,-13,69,2021-07-29 20:20:00,507294
Serhiy Tkachuk_1166024617,Serhiy Tkachuk,3,1,34,21,13,55,2021-07-29 20:25:00,507295
Alina Man_170102,Alina Man,-2,0,33,39,-6,72,2021-07-29 20:25:00,507296
Milan Liptak_170434,Milan Liptak,1,1,50,42,8,92,2021-07-29 20:30:00,507297
L Protiva_28145,L Protiva,-1,0,50,48,2,98,2021-07-29 20:30:00,507298
Yaroslav Vorsuliak_219081418,Yaroslav Vorsuliak,-2,0,32,42,-10,74,2021-07-29 20:30:00,507299
A Klavdenkov_125282,A Klavdenkov,2,1,41,29,12,70,2021-07-29 20:34:00,507300
Yevhen Masko_1450443166,Yevhen Masko,2,1,44,36,8,80,2021-07-29 20:35:00,507301
Andrii Novikov_170050,Andrii Novikov,-2,0,35,39,-4,74,2021-07-29 20:35:00,507302
I Elistratov_125356,I Elistratov,-3,0,25,34,-9,59,2021-07-29 20:36:00,507303
V Chernov_125511,V Chernov,-1,0,44,51,-7,95,2021-07-29 20:40:00,507304
Andrii Chupovskyi_1671610598,Andrii Chupovskyi,2,1,35,26,9,61,2021-07-29 20:40:00,507305
Vasyl Kondratenko_170065,Vasyl Kondratenko,-1,0,44,52,-8,96,2021-07-29 20:40:00,507306
Karina Zharkova_170091,Karina Zharkova,2,1,40,37,3,77,2021-07-29 20:45:00,507307
Oleksandr Lysak_366048281,Oleksandr Lysak,-1,0,46,51,-5,97,2021-07-29 20:45:00,507308
Serhii Skachenko_895924636,Serhii Skachenko,2,1,42,26,16,68,2021-07-29 20:50:00,507309
Serhii Rak_170021,Serhii Rak,-3,0,27,36,-9,63,2021-07-29 20:50:00,507310
Volodymyr Melnykov_170115,Volodymyr Melnykov,3,1,41,34,7,75,2021-07-29 20:50:00,507311
Pavlo Zaderei_1780387229,Pavlo Zaderei,-3,0,22,33,-11,55,2021-07-29 20:55:00,507312
Iryna Hrushko_170103,Iryna Hrushko,-3,0,23,33,-10,56,2021-07-29 20:55:00,507313
Filip Strejc_170172,Filip Strejc,-2,0,38,44,-6,82,2021-07-29 21:00:00,507314
Maksym Skhabovskyi_625290875,Maksym Skhabovskyi,3,1,33,21,12,54,2021-07-29 21:00:00,507315
Yevhen Hasan_170036,Yevhen Hasan,-1,0,41,50,-9,91,2021-07-29 21:00:00,507316
I Elistratov_125513,I Elistratov,-2,0,41,45,-4,86,2021-07-29 21:01:00,507317
S Vardanyan_125515,S Vardanyan,-3,0,19,33,-14,52,2021-07-29 21:04:00,507318
Yevhen Bielokon_170051,Yevhen Bielokon,-1,0,43,52,-9,95,2021-07-29 21:05:00,507319
Yevhenii Faflei_1091767438,Yevhenii Faflei,-1,0,47,49,-2,96,2021-07-29 21:05:00,507320
M-n Regner_28103,M-n Regner,2,1,42,31,11,73,2021-07-29 21:06:00,507321
Roman Cherevko_665354384,Roman Cherevko,3,1,34,24,10,58,2021-07-29 21:10:00,507322
Oleksandr Mytsyk_170066,Oleksandr Mytsyk,1,1,50,52,-2,102,2021-07-29 21:10:00,507323
S Kuzmin_125512,S Kuzmin,1,1,45,45,0,90,2021-07-29 21:13:00,507324
Iryna Tiutiunyk_170081,Iryna Tiutiunyk,1,1,47,44,3,91,2021-07-29 21:15:00,507325
Yuriy Tarasov_395829061,Yuriy Tarasov,2,1,40,30,10,70,2021-07-29 21:15:00,507326
Andrii Chupovskyi_779721962,Andrii Chupovskyi,2,1,43,27,16,70,2021-07-29 21:20:00,507327
Ihor Vasylyshyn_170116,Ihor Vasylyshyn,-2,0,31,43,-12,74,2021-07-29 21:20:00,507328
Valerii Tatarynov_170022,Valerii Tatarynov,-1,0,42,47,-5,89,2021-07-29 21:20:00,507329
Serhii Rutskyi_8733183,Serhii Rutskyi,1,1,49,48,1,97,2021-07-29 21:25:00,507330
Alina Stefaniuk_170104,Alina Stefaniuk,-2,0,34,44,-10,78,2021-07-29 21:25:00,507331
A Klavdenkov_125516,A Klavdenkov,3,1,33,21,12,54,2021-07-29 21:26:00,507332
Oleksandr Kolbasenko_170037,Oleksandr Kolbasenko,-1,0,40,52,-12,92,2021-07-29 21:30:00,507333
Andrej Grossu_170173,Andrej Grossu,-1,0,50,48,2,98,2021-07-29 21:30:00,507334
K Novak_28104,K Novak,-2,0,22,37,-15,59,2021-07-29 21:30:00,507335
Yaroslav Voytenko_1214367655,Yaroslav Voytenko,3,1,33,16,17,49,2021-07-29 21:30:00,507336
A Silantev_125514,A Silantev,-1,0,43,50,-7,93,2021-07-29 21:35:00,507337
Taras Bonishchuk_170052,Taras Bonishchuk,-2,0,33,40,-7,73,2021-07-29 21:35:00,507338
Dmytro Lohosha_1273010022,Dmytro Lohosha,1,1,47,45,2,92,2021-07-29 21:35:00,507339
Yevhenii Faflei_70134881,Yevhenii Faflei,-3,0,25,33,-8,58,2021-07-29 21:40:00,507340
Valentyn Lutsenko_170067,Valentyn Lutsenko,-1,0,55,57,-2,112,2021-07-29 21:40:00,507341
Polina Nerush_170092,Polina Nerush,1,1,47,49,-2,96,2021-07-29 21:45:00,507342
Yevhen Pysmennyi_1277051435,Yevhen Pysmennyi,-2,0,38,42,-4,80,2021-07-29 21:45:00,507343
Eduard Populovskyi_170117,Eduard Populovskyi,-3,0,24,34,-10,58,2021-07-29 21:50:00,507344
Serhii Rak_170023,Serhii Rak,2,1,40,32,8,72,2021-07-29 21:50:00,507345
Oleksandr Lysak_1982795764,Oleksandr Lysak,1,1,50,46,4,96,2021-07-29 21:50:00,507346
Alina Man_170105,Alina Man,1,1,51,46,5,97,2021-07-29 21:55:00,507347
Yuriy Tarasov_889454177,Yuriy Tarasov,2,1,38,35,3,73,2021-07-29 21:55:00,507348
Uryi Leymanovskyi_1965867009,Uryi Leymanovskyi,-1,0,47,44,3,91,2021-07-29 22:00:00,507349
Yevhen Hasan_170038,Yevhen Hasan,-2,0,35,42,-7,77,2021-07-29 22:00:00,507350
Andrej Grossu_170174,Andrej Grossu,1,1,49,45,4,94,2021-07-29 22:00:00,507351
O Kucirek_28105,O Kucirek,1,1,48,46,2,94,2021-07-29 22:00:00,507352
Kyrylo Yehorov_733319340,Kyrylo Yehorov,-3,0,19,34,-15,53,2021-07-29 22:05:00,507353
Yevhen Bielokon_170053,Yevhen Bielokon,-1,0,50,42,8,92,2021-07-29 22:05:00,507354
Dmytro Lohosha_1565048865,Dmytro Lohosha,-3,0,17,33,-16,50,2021-07-29 22:10:00,507355
Oleksandr Mytsyk_170068,Oleksandr Mytsyk,-3,0,22,35,-13,57,2021-07-29 22:10:00,507356
Dmytro Zeniuk_807310083,Dmytro Zeniuk,3,1,33,13,20,46,2021-07-29 22:15:00,507357
Iryna Tiutiunyk_170083,Iryna Tiutiunyk,3,1,33,20,13,53,2021-07-29 22:15:00,507358
Serhii Burdelnyi_170118,Serhii Burdelnyi,1,1,52,44,8,96,2021-07-29 22:20:00,507359
Stanislav Nikolenko_170024,Stanislav Nikolenko,2,1,46,31,15,77,2021-07-29 22:20:00,507360
Yevhen Masko_525262661,Yevhen Masko,3,1,40,32,8,72,2021-07-29 22:20:00,507361
Viktoriia Husieva_170106,Viktoriia Husieva,3,1,34,24,10,58,2021-07-29 22:25:00,507362
Alexey Hladkykh_2015389310,Alexey Hladkykh,-2,0,31,37,-6,68,2021-07-29 22:25:00,507363
Andrii Chupovskyi_846353232,Andrii Chupovskyi,2,1,44,39,5,83,2021-07-29 22:30:00,507364
Filip Strejc_170175,Filip Strejc,-1,0,43,45,-2,88,2021-07-29 22:30:00,507365
A Barbora_28106,A Barbora,2,1,46,39,7,85,2021-07-29 22:31:00,507366
Vitalii Kobets_170054,Vitalii Kobets,-2,0,41,43,-2,84,2021-07-29 22:35:00,507367
Oleg Kolivay_170069,Oleg Kolivay,2,1,42,31,11,73,2021-07-29 22:40:00,507368
Anzhela Sydorko_170093,Anzhela Sydorko,-2,0,35,41,-6,76,2021-07-29 22:45:00,507369
Oleh Formaziuk_1385138653,Oleh Formaziuk,-2,0,22,43,-21,65,2021-07-29 22:45:00,507370
Volodymyr Melnykov_170119,Volodymyr Melnykov,-2,0,29,41,-12,70,2021-07-29 22:50:00,507371
Alina Man_170107,Alina Man,3,1,33,23,10,56,2021-07-29 22:55:00,507372
O Kucirek_28107,O Kucirek,-2,0,36,44,-8,80,2021-07-29 23:00:00,507373
Oleksandr Lysak_1437360367,Oleksandr Lysak,-3,0,20,33,-13,53,2021-07-29 23:00:00,507374
Tomas Vorisek_170176,Tomas Vorisek,1,1,48,38,10,86,2021-07-29 23:00:00,507375
Yuriy Tarasov_462761781,Yuriy Tarasov,-1,0,50,47,3,97,2021-07-29 23:05:00,507376
Eduard Populovskyi_170120,Eduard Populovskyi,2,1,39,33,6,72,2021-07-29 23:20:00,507377
Anastasiia Ostapenko_170108,Anastasiia Ostapenko,2,1,40,36,4,76,2021-07-29 23:25:00,507378
Filip Strejc_170177,Filip Strejc,-2,0,31,42,-11,73,2021-07-29 23:30:00,507379
K Novak_28108,K Novak,1,1,55,51,4,106,2021-07-29 23:30:00,507380
Anton Riabukhin_1261693186,Anton Riabukhin,-2,0,26,39,-13,65,2021-07-29 23:35:00,507381
O Shagarov_125323,O Shagarov,2,1,41,37,4,78,2021-07-29 23:41:00,507382
Bogdan Stasiuk_1124019473,Bogdan Stasiuk,2,1,45,36,9,81,2021-07-29 23:45:00,507383
R Kobytov_125357,R Kobytov,-1,0,40,53,-13,93,2021-07-29 23:45:00,507384
D Balakin_125283,D Balakin,-2,0,28,42,-14,70,2021-07-29 23:46:00,507385
Sergii Skhabitskiy_170121,Sergii Skhabitskiy,3,1,33,22,11,55,2021-07-29 23:50:00,507386
D Evlahin_125324,D Evlahin,2,1,41,34,7,75,2021-07-30 00:04:00,507387
Oleksandra Naidych_170124,Oleksandra Naidych,-1,0,36,48,-12,84,2021-07-30 00:05:00,507388
Serhii Ponomarenko_890168707,Serhii Ponomarenko,3,1,33,16,17,49,2021-07-30 00:05:00,507389
K Novak_28146,K Novak,1,1,51,43,8,94,2021-07-30 00:08:00,507390
Ihor Matsehora_1215889131,Ihor Matsehora,-2,0,25,40,-15,65,2021-07-30 00:15:00,507391
S Myagkov_125284,S Myagkov,-2,0,35,44,-9,79,2021-07-30 00:16:00,507392
D Sayanov_125358,D Sayanov,-1,0,39,46,-7,85,2021-07-30 00:17:00,507393
Eduard Populovskyi_170122,Eduard Populovskyi,1,1,45,39,6,84,2021-07-30 00:20:00,507394
Martin Stusek_170435,Martin Stusek,-1,0,44,50,-6,94,2021-07-30 00:25:00,507395
Pavlo Khakhamidi_170139,Pavlo Khakhamidi,2,1,43,28,15,71,2021-07-30 00:25:00,507396
D Ignatev_125325,D Ignatev,-1,0,39,49,-10,88,2021-07-30 00:30:00,507397
Anton Riabukhin_918316927,Anton Riabukhin,-2,0,44,49,-5,93,2021-07-30 00:35:00,507398
Viktoriia Anarmetova_170125,Viktoriia Anarmetova,3,1,33,14,19,47,2021-07-30 00:35:00,507399
O Kucirek_28147,O Kucirek,-3,0,19,33,-14,52,2021-07-30 00:37:00,507400
Bogdan Stasiuk_1243627379,Bogdan Stasiuk,-3,0,15,33,-18,48,2021-07-30 00:45:00,507401
P Semeshin_125359,P Semeshin,-1,0,54,58,-4,112,2021-07-30 00:46:00,507402
N Sadovskiy_125285,N Sadovskiy,1,1,43,46,-3,89,2021-07-30 00:48:00,507403
Ihor Vasylyshyn_170123,Ihor Vasylyshyn,-1,0,43,48,-5,91,2021-07-30 00:50:00,507404
Andrii Romanenko_170140,Andrii Romanenko,-1,0,52,54,-2,106,2021-07-30 00:55:00,507405
Tomas Vorisek_170436,Tomas Vorisek,-3,0,21,33,-12,54,2021-07-30 00:55:00,507406
I Novikov_125326,I Novikov,-1,0,49,48,1,97,2021-07-30 01:00:00,507407
Serhii Ponomarenko_1102498493,Serhii Ponomarenko,2,1,45,31,14,76,2021-07-30 01:05:00,507408
Hanna Babii_170126,Hanna Babii,2,1,44,34,10,78,2021-07-30 01:05:00,507409
Oleksandr Kostiuk_8288681,Oleksandr Kostiuk,1,1,57,49,8,106,2021-07-30 01:15:00,507410
V Shirshov_125286,V Shirshov,-1,0,64,60,4,124,2021-07-30 01:18:00,507411
V Safonov_125360,V Safonov,3,1,36,28,8,64,2021-07-30 01:19:00,507412
Serhii Sokolov_170141,Serhii Sokolov,3,1,33,23,10,56,2021-07-30 01:25:00,507413
D Evlahin_125327,D Evlahin,2,1,42,36,6,78,2021-07-30 01:33:00,507414
Anton Riabukhin_654974607,Anton Riabukhin,-3,0,27,37,-10,64,2021-07-30 01:35:00,507415
Viktoriia Anarmetova_170127,Viktoriia Anarmetova,2,1,46,41,5,87,2021-07-30 01:35:00,507416
Ihor Matsehora_125776795,Ihor Matsehora,-1,0,39,49,-10,88,2021-07-30 01:45:00,507417
D Sayanov_125361,D Sayanov,-2,0,29,40,-11,69,2021-07-30 01:46:00,507418
Andrii Romanenko_170142,Andrii Romanenko,3,1,33,9,24,42,2021-07-30 01:55:00,507419
I Novikov_125328,I Novikov,3,1,33,13,20,46,2021-07-30 02:01:00,507420
S Myagkov_125287,S Myagkov,-2,0,39,46,-7,85,2021-07-30 02:02:00,507421
Oleksandra Naidych_170128,Oleksandra Naidych,-3,0,14,33,-19,47,2021-07-30 02:05:00,507422
Vitalii Vovk_1084163593,Vitalii Vovk,-1,0,38,48,-10,86,2021-07-30 02:05:00,507423
Bogdan Stasiuk_817441656,Bogdan Stasiuk,-2,0,36,46,-10,82,2021-07-30 02:15:00,507424
V Safonov_125362,V Safonov,-1,0,45,51,-6,96,2021-07-30 02:16:00,507425
Pavlo Khakhamidi_170143,Pavlo Khakhamidi,-3,0,23,33,-10,56,2021-07-30 02:25:00,507426
V Shirshov_125288,V Shirshov,2,1,43,33,10,76,2021-07-30 02:25:00,507427
N Sukharnikov_125329,N Sukharnikov,1,1,46,45,1,91,2021-07-30 02:30:00,507428
Liudmyla Kabakova_170129,Liudmyla Kabakova,-1,0,46,45,1,91,2021-07-30 02:35:00,507429
Anton Riabukhin_326130959,Anton Riabukhin,2,1,45,41,4,86,2021-07-30 02:35:00,507430
Oleksandr Kostiuk_1863759960,Oleksandr Kostiuk,-3,0,23,34,-11,57,2021-07-30 02:45:00,507431
N Zhurba_125363,N Zhurba,-2,0,35,40,-5,75,2021-07-30 02:48:00,507432
Borys Kostiuk_170144,Borys Kostiuk,-3,0,25,35,-10,60,2021-07-30 02:55:00,507433
D Ignatev_125330,D Ignatev,2,1,42,32,10,74,2021-07-30 03:00:00,507434
Artem Slashchev_125289,Artem Slashchev,3,1,34,17,17,51,2021-07-30 03:02:00,507435
Hanna Babii_170130,Hanna Babii,1,1,49,50,-1,99,2021-07-30 03:05:00,507436
Serhii Ponomarenko_1285674306,Serhii Ponomarenko,2,1,40,28,12,68,2021-07-30 03:05:00,507437
P Semeshin_125364,P Semeshin,3,1,33,19,14,52,2021-07-30 03:15:00,507438
Ihor Matsehora_118508207,Ihor Matsehora,3,1,33,22,11,55,2021-07-30 03:15:00,507439
N Sadovskiy_125290,N Sadovskiy,-3,0,14,33,-19,47,2021-07-30 03:18:00,507440
Serhii Sokolov_170145,Serhii Sokolov,2,1,45,34,11,79,2021-07-30 03:25:00,507441
O Shagarov_125331,O Shagarov,-1,0,44,51,-7,95,2021-07-30 03:30:00,507442
Anton Riabukhin_148398588,Anton Riabukhin,-2,0,34,44,-10,78,2021-07-30 03:35:00,507443
Viktoriia Anarmetova_170131,Viktoriia Anarmetova,2,1,39,40,-1,79,2021-07-30 03:35:00,507444
D Balakin_125291,D Balakin,-2,0,28,36,-8,64,2021-07-30 03:45:00,507445
Volodymyr Tuchkevych_999158336,Volodymyr Tuchkevych,-3,0,20,33,-13,53,2021-07-30 03:45:00,507446
R Kobytov_125365,R Kobytov,2,1,37,35,2,72,2021-07-30 03:47:00,507447
Andrii Romanenko_170146,Andrii Romanenko,-3,0,22,34,-12,56,2021-07-30 03:55:00,507448
N Sukharnikov_125332,N Sukharnikov,-1,0,48,53,-5,101,2021-07-30 03:59:00,507449
Serhii Ponomarenko_1102676064,Serhii Ponomarenko,3,1,33,25,8,58,2021-07-30 04:05:00,507450
Oleksandra Naidych_170132,Oleksandra Naidych,1,1,51,41,10,92,2021-07-30 04:05:00,507451
Artem Slashchev_125292,Artem Slashchev,1,1,51,46,5,97,2021-07-30 04:15:00,507452
N Zhurba_125366,N Zhurba,-3,0,20,33,-13,53,2021-07-30 04:15:00,507453
Bogdan Stasiuk_963567380,Bogdan Stasiuk,3,1,41,31,10,72,2021-07-30 04:15:00,507454
Pavlo Khakhamidi_170147,Pavlo Khakhamidi,-2,0,31,39,-8,70,2021-07-30 04:25:00,507455
Anton Riabukhin_654866860,Anton Riabukhin,1,1,53,47,6,100,2021-07-30 04:35:00,507456
Liudmyla Kabakova_170133,Liudmyla Kabakova,1,1,44,49,-5,93,2021-07-30 04:35:00,507457
O Shagarov_125519,O Shagarov,1,1,44,43,1,87,2021-07-30 04:40:00,507458
Ihor Matsehora_702362651,Ihor Matsehora,-1,0,45,48,-3,93,2021-07-30 04:45:00,507459
D Sayanov_125517,D Sayanov,2,1,41,39,2,80,2021-07-30 04:46:00,507460
S Myagkov_125521,S Myagkov,-3,0,24,33,-9,57,2021-07-30 04:48:00,507461
Borys Kostiuk_170148,Borys Kostiuk,-3,0,26,33,-7,59,2021-07-30 04:55:00,507462
D Ignatev_125520,D Ignatev,-2,0,38,46,-8,84,2021-07-30 05:05:00,507463
Hanna Babii_170134,Hanna Babii,2,1,42,33,9,75,2021-07-30 05:05:00,507464
Vitalii Vovk_1084201776,Vitalii Vovk,1,1,54,46,8,100,2021-07-30 05:05:00,507465
Oleksandr Kostiuk_877652606,Oleksandr Kostiuk,-2,0,32,37,-5,69,2021-07-30 05:15:00,507466
V Shirshov_125522,V Shirshov,3,1,33,17,16,50,2021-07-30 05:16:00,507467
R Kobytov_125518,R Kobytov,-1,0,43,41,2,84,2021-07-30 05:16:00,507468
Serhii Sokolov_170149,Serhii Sokolov,-2,0,35,41,-6,76,2021-07-30 05:25:00,507469
Oleksandra Naidych_170135,Oleksandra Naidych,1,1,49,50,-1,99,2021-07-30 05:35:00,507470
Pavlo Khakhamidi_170150,Pavlo Khakhamidi,2,1,43,41,2,84,2021-07-30 05:55:00,507471
Iryna Ahalakova_170136,Iryna Ahalakova,-2,0,39,49,-10,88,2021-07-30 06:05:00,507472
Hryhorii Kulishov_170151,Hryhorii Kulishov,-1,0,44,45,-1,89,2021-07-30 06:25:00,507473
Oleksandra Naidych_170137,Oleksandra Naidych,2,1,44,35,9,79,2021-07-30 06:35:00,507474
Pavlo Khakhamidi_170152,Pavlo Khakhamidi,3,1,34,21,13,55,2021-07-30 06:55:00,507475
Viktoriia Anarmetova_170138,Viktoriia Anarmetova,3,1,35,29,6,64,2021-07-30 07:05:00,507476
Andrii Romanenko_170153,Andrii Romanenko,3,1,33,20,13,53,2021-07-30 07:25:00,507477
G Karpovkin_125431,G Karpovkin,-3,0,29,35,-6,64,2021-07-30 07:31:00,507478
A Fedorov_125471,A Fedorov,-1,0,49,53,-4,102,2021-07-30 07:47:00,507479
A Klavdenkov_125391,A Klavdenkov,-1,0,45,49,-4,94,2021-07-30 07:48:00,507480
Ivan Kozyr_1271775410,Ivan Kozyr,1,1,49,43,6,92,2021-07-30 07:50:00,507481
Stanislav Nikolenko_170190,Stanislav Nikolenko,2,1,40,17,23,57,2021-07-30 07:50:00,507482
Petro Kolesnik_1516463204,Petro Kolesnik,-2,0,25,37,-12,62,2021-07-30 07:55:00,507483
O Belugin_125432,O Belugin,-3,0,12,33,-21,45,2021-07-30 08:00:00,507484
Yevhen Hasan_170200,Yevhen Hasan,-3,0,18,33,-15,51,2021-07-30 08:00:00,507485
Eduard Sotnikov_170210,Eduard Sotnikov,-2,0,39,42,-3,81,2021-07-30 08:05:00,507486
Oleg Kolivay_170225,Oleg Kolivay,-3,0,19,34,-15,53,2021-07-30 08:10:00,507487
Karina Zharkova_170235,Karina Zharkova,2,1,39,28,11,67,2021-07-30 08:15:00,507488
Serhii Rak_170191,Serhii Rak,-3,0,15,33,-18,48,2021-07-30 08:20:00,507489
D Bogdanov_125472,D Bogdanov,1,1,39,37,2,76,2021-07-30 08:21:00,507490
D Petrochenko_125392,D Petrochenko,1,1,51,44,7,95,2021-07-30 08:24:00,507491
Dmytro Shukin_1136006712,Dmytro Shukin,3,1,33,17,16,50,2021-07-30 08:25:00,507492
Oleh Stasevskyi_795356936,Oleh Stasevskyi,-3,0,20,33,-13,53,2021-07-30 08:30:00,507493
Vladyslav Mishchenko_170201,Vladyslav Mishchenko,-3,0,20,33,-13,53,2021-07-30 08:30:00,507494
A Zabrodin_125433,A Zabrodin,2,1,38,31,7,69,2021-07-30 08:30:00,507495
Anton Myrza_1459575285,Anton Myrza,1,1,53,46,7,99,2021-07-30 08:35:00,507496
Valerii Voloshko_170211,Valerii Voloshko,2,1,47,32,15,79,2021-07-30 08:35:00,507497
Alina Kurtenko_474443438,Alina Kurtenko,-1,0,50,48,2,98,2021-07-30 08:40:00,507498
Vasyl Kondratenko_170226,Vasyl Kondratenko,-1,0,49,46,3,95,2021-07-30 08:40:00,507499
Anzhela Sydorko_170236,Anzhela Sydorko,-3,0,15,33,-18,48,2021-07-30 08:45:00,507500
Vadym Nechyporuk_995339969,Vadym Nechyporuk,-2,0,36,42,-6,78,2021-07-30 08:45:00,507501
Vasyl Kushnir_395109284,Vasyl Kushnir,-2,0,34,41,-7,75,2021-07-30 08:50:00,507502
Stanislav Nikolenko_170192,Stanislav Nikolenko,-3,0,21,33,-12,54,2021-07-30 08:50:00,507503
Ihor Vasylyshyn_170250,Ihor Vasylyshyn,3,1,38,26,12,64,2021-07-30 08:50:00,507504
V Sinkovskiy_125473,V Sinkovskiy,-1,0,44,46,-2,90,2021-07-30 08:53:00,507505
Dmytro Alekseenko_7339794,Dmytro Alekseenko,-1,0,51,46,5,97,2021-07-30 08:55:00,507506
Pavlo Pyasta_1366523355,Pavlo Pyasta,-1,0,48,48,0,96,2021-07-30 08:55:00,507507
Alina Stefaniuk_170260,Alina Stefaniuk,-3,0,20,34,-14,54,2021-07-30 08:55:00,507508
D Razinkov_125393,D Razinkov,2,1,42,22,20,64,2021-07-30 08:59:00,507509
Mykola Kulynych_170275,Mykola Kulynych,-2,0,36,46,-10,82,2021-07-30 09:00:00,507510
Dmytro Baistriuchenko_452956112,Dmytro Baistriuchenko,-3,0,29,35,-6,64,2021-07-30 09:00:00,507511
Artur Akopyan_170427,Artur Akopyan,-2,0,30,44,-14,74,2021-07-30 09:00:00,507512
Yevhen Hasan_170202,Yevhen Hasan,1,1,45,46,-1,91,2021-07-30 09:00:00,507513
I Sergeevich_125434,I Sergeevich,2,1,43,37,6,80,2021-07-30 09:02:00,507514
Serhii Pokidko_1455276183,Serhii Pokidko,3,1,33,22,11,55,2021-07-30 09:05:00,507515
Mykhailo Hostiev_170212,Mykhailo Hostiev,-1,0,46,51,-5,97,2021-07-30 09:05:00,507516
Ji Louda_28117,Ji Louda,2,1,41,32,9,73,2021-07-30 09:06:00,507517
Artem Tkachenko_296023805,Artem Tkachenko,3,1,33,14,19,47,2021-07-30 09:10:00,507518
Oleg Kolivay_170227,Oleg Kolivay,-2,0,23,41,-18,64,2021-07-30 09:10:00,507519
Karina Zavinovskaya_1056106889,Karina Zavinovskaya,1,1,44,48,-4,92,2021-07-30 09:15:00,507520
Polina Nerush_170237,Polina Nerush,-2,0,40,42,-2,82,2021-07-30 09:15:00,507521
Volodymyr Melnykov_170251,Volodymyr Melnykov,3,1,33,18,15,51,2021-07-30 09:20:00,507522
Dmytro Vakhta_1344758178,Dmytro Vakhta,2,1,40,33,7,73,2021-07-30 09:20:00,507523
Andrii Nakliutskyi_170193,Andrii Nakliutskyi,1,1,52,41,11,93,2021-07-30 09:20:00,507524
A Yudin_125394,A Yudin,-3,0,25,34,-9,59,2021-07-30 09:22:00,507525
V Nemashkalo_125474,V Nemashkalo,-3,0,22,33,-11,55,2021-07-30 09:24:00,507526
Alina Man_170261,Alina Man,-2,0,28,45,-17,73,2021-07-30 09:25:00,507527
Oleksii Haponov_1064274044,Oleksii Haponov,3,1,34,22,12,56,2021-07-30 09:25:00,507528
Rodion Pirveli_1881550242,Rodion Pirveli,1,1,48,38,10,86,2021-07-30 09:30:00,507529
Oleksandr Kolbasenko_170203,Oleksandr Kolbasenko,-1,0,51,52,-1,103,2021-07-30 09:30:00,507530
Mykhailo Hlaholev_170276,Mykhailo Hlaholev,-2,0,44,49,-5,93,2021-07-30 09:30:00,507531
Yuriy Abroskin_47610636,Yuriy Abroskin,-2,0,31,40,-9,71,2021-07-30 09:30:00,507532
Jaroslav Puk_170428,Jaroslav Puk,-1,0,45,47,-2,92,2021-07-30 09:30:00,507533
M Sulc_28118,M Sulc,1,1,61,53,8,114,2021-07-30 09:32:00,507534
A Zabrodin_125435,A Zabrodin,1,1,53,55,-2,108,2021-07-30 09:32:00,507535
Ivan Kozyr_838588297,Ivan Kozyr,-3,0,22,33,-11,55,2021-07-30 09:35:00,507536
Valerii Voloshko_170213,Valerii Voloshko,-2,0,32,39,-7,71,2021-07-30 09:35:00,507537
Oleksandr Mytsyk_170228,Oleksandr Mytsyk,-1,0,44,48,-4,92,2021-07-30 09:40:00,507538
Petro Kolesnik_233831230,Petro Kolesnik,2,1,49,36,13,85,2021-07-30 09:40:00,507539
Anzhela Sydorko_170238,Anzhela Sydorko,2,1,40,34,6,74,2021-07-30 09:45:00,507540
Anton Myrza_240717229,Anton Myrza,1,1,44,48,-4,92,2021-07-30 09:45:00,507541
V Sinkovskiy_125475,V Sinkovskiy,-3,0,19,33,-14,52,2021-07-30 09:48:00,507542
D Razinkov_125395,D Razinkov,-2,0,30,45,-15,75,2021-07-30 09:48:00,507543
Serhii Rak_170194,Serhii Rak,3,1,33,13,20,46,2021-07-30 09:50:00,507544
Ihor Vasylyshyn_170252,Ihor Vasylyshyn,-2,0,38,38,0,76,2021-07-30 09:50:00,507545
Alina Kurtenko_1809372547,Alina Kurtenko,3,1,41,31,10,72,2021-07-30 09:50:00,507546
Viktoriia Husieva_170262,Viktoriia Husieva,1,1,45,46,-1,91,2021-07-30 09:55:00,507547
Vadym Nechyporuk_1070522696,Vadym Nechyporuk,-2,0,38,43,-5,81,2021-07-30 09:55:00,507548
Jaroslav Puk_170429,Jaroslav Puk,-2,0,37,44,-7,81,2021-07-30 10:00:00,507549
Mykola Kulynych_170277,Mykola Kulynych,-2,0,32,39,-7,71,2021-07-30 10:00:00,507550
Vasyl Kushnir_2119495568,Vasyl Kushnir,-1,0,50,50,0,100,2021-07-30 10:00:00,507551
Vladyslav Mishchenko_170204,Vladyslav Mishchenko,-1,0,49,50,-1,99,2021-07-30 10:00:00,507552
Eduard Sotnikov_170214,Eduard Sotnikov,2,1,41,37,4,78,2021-07-30 10:05:00,507553
Dmytro Alekseenko_2038123156,Dmytro Alekseenko,2,1,40,28,12,68,2021-07-30 10:05:00,507554
Pavlo Pyasta_1491083761,Pavlo Pyasta,-3,0,24,35,-11,59,2021-07-30 10:05:00,507555
Dmytro Baistriuchenko_1980769044,Dmytro Baistriuchenko,-1,0,36,44,-8,80,2021-07-30 10:10:00,507556
Vasyl Kondratenko_170229,Vasyl Kondratenko,3,1,34,23,11,57,2021-07-30 10:10:00,507557
R Rose_28119,R Rose,2,1,38,31,7,69,2021-07-30 10:11:00,507558
O Belugin_125436,O Belugin,3,1,33,9,24,42,2021-07-30 10:11:00,507559
Serhii Pokidko_649204406,Serhii Pokidko,3,1,33,23,10,56,2021-07-30 10:15:00,507560
Karina Zharkova_170239,Karina Zharkova,2,1,41,34,7,75,2021-07-30 10:15:00,507561
D Bogdanov_125476,D Bogdanov,2,1,45,35,10,80,2021-07-30 10:16:00,507562
D Petrochenko_125396,D Petrochenko,2,1,42,28,14,70,2021-07-30 10:16:00,507563
Stanislav Nikolenko_170195,Stanislav Nikolenko,2,1,46,33,13,79,2021-07-30 10:20:00,507564
Viktor Volkovskyi_170253,Viktor Volkovskyi,-3,0,21,33,-12,54,2021-07-30 10:20:00,507565
Artem Tkachenko_1815549368,Artem Tkachenko,-2,0,33,40,-7,73,2021-07-30 10:20:00,507566
Alina Man_170263,Alina Man,2,1,39,33,6,72,2021-07-30 10:25:00,507567
Maria Vasileva_839292247,Maria Vasileva,-3,0,17,33,-16,50,2021-07-30 10:25:00,507568
Vasyl Lutskyi_170278,Vasyl Lutskyi,-1,0,52,46,6,98,2021-07-30 10:30:00,507569
Artur Akopyan_170430,Artur Akopyan,2,1,36,32,4,68,2021-07-30 10:30:00,507570
Davyd Symonchuk_1996139759,Davyd Symonchuk,-2,0,36,41,-5,77,2021-07-30 10:30:00,507571
Yevhen Hasan_170205,Yevhen Hasan,-2,0,33,41,-8,74,2021-07-30 10:30:00,507572
T Batthyany_28120,T Batthyany,-1,0,43,49,-6,92,2021-07-30 10:33:00,507573
Andrii Hordii_691253302,Andrii Hordii,1,1,47,38,9,85,2021-07-30 10:35:00,507574
Volodymyr Butko_170215,Volodymyr Butko,-3,0,17,33,-16,50,2021-07-30 10:35:00,507575
G Karpovkin_125523,G Karpovkin,2,1,43,35,8,78,2021-07-30 10:35:00,507576
Oleg Kolivay_170230,Oleg Kolivay,2,1,37,24,13,61,2021-07-30 10:40:00,507577
Oleg Moshynskyy_331919188,Oleg Moshynskyy,1,1,53,43,10,96,2021-07-30 10:40:00,507578
Oleksandr Naida_15883812,Oleksandr Naida,-2,0,28,42,-14,70,2021-07-30 10:40:00,507579
Viacheslav Kovalenko_1626212449,Viacheslav Kovalenko,2,1,36,30,6,66,2021-07-30 10:45:00,507580
Nadiia Kovtun_170240,Nadiia Kovtun,-3,0,20,36,-16,56,2021-07-30 10:45:00,507581
A Klavdenkov_125525,A Klavdenkov,3,1,33,25,8,58,2021-07-30 10:47:00,507582
V Sinkovskiy_125527,V Sinkovskiy,-2,0,34,39,-5,73,2021-07-30 10:48:00,507583
Serhii Rak_170196,Serhii Rak,2,1,45,37,8,82,2021-07-30 10:50:00,507584
Volodymyr Melnykov_170254,Volodymyr Melnykov,1,1,42,47,-5,89,2021-07-30 10:50:00,507585
Serhii Kubrak_43626258,Serhii Kubrak,2,1,42,23,19,65,2021-07-30 10:50:00,507586
Alina Stefaniuk_170264,Alina Stefaniuk,-1,0,41,40,1,81,2021-07-30 10:55:00,507587
Anton Myrza_2032594658,Anton Myrza,1,1,54,40,14,94,2021-07-30 10:55:00,507588
Karina Zavinovskaya_819431405,Karina Zavinovskaya,-2,0,28,37,-9,65,2021-07-30 11:00:00,507589
Vladyslav Mishchenko_170206,Vladyslav Mishchenko,-2,0,33,42,-9,75,2021-07-30 11:00:00,507590
I Sergeevich_125524,I Sergeevich,1,1,50,42,8,92,2021-07-30 11:00:00,507591
Jaromir Janda_170431,Jaromir Janda,2,1,39,29,10,68,2021-07-30 11:00:00,507592
Mykhailo Hlaholev_170279,Mykhailo Hlaholev,-3,0,11,33,-22,44,2021-07-30 11:00:00,507593
R Rose_28121,R Rose,-1,0,49,53,-4,102,2021-07-30 11:03:00,507594
Mykhailo Hostiev_170216,Mykhailo Hostiev,-2,0,34,38,-4,72,2021-07-30 11:05:00,507595
Dmytro Vakhta_289000003,Dmytro Vakhta,-3,0,23,34,-11,57,2021-07-30 11:05:00,507596
Oleksii Haponov_1302785983,Oleksii Haponov,-3,0,22,33,-11,55,2021-07-30 11:10:00,507597
Vasyl Kondratenko_170231,Vasyl Kondratenko,1,1,51,47,4,98,2021-07-30 11:10:00,507598
A Yudin_125526,A Yudin,2,1,44,37,7,81,2021-07-30 11:15:00,507599
Polina Nerush_170241,Polina Nerush,-3,0,19,33,-14,52,2021-07-30 11:15:00,507600
Rodion Pirveli_1521767768,Rodion Pirveli,3,1,33,19,14,52,2021-07-30 11:15:00,507601
Yuriy Abroskin_1539339074,Yuriy Abroskin,-3,0,23,34,-11,57,2021-07-30 11:15:00,507602
V Nemashkalo_125528,V Nemashkalo,-1,0,53,53,0,106,2021-07-30 11:17:00,507603
Ihor Vasylyshyn_170255,Ihor Vasylyshyn,1,1,46,50,-4,96,2021-07-30 11:20:00,507604
Andrii Nakliutskyi_170197,Andrii Nakliutskyi,-1,0,51,54,-3,105,2021-07-30 11:20:00,507605
Dmytro Shukin_1963275420,Dmytro Shukin,2,1,43,39,4,82,2021-07-30 11:20:00,507606
Oleh Stasevskyi_2087027331,Oleh Stasevskyi,-3,0,25,35,-10,60,2021-07-30 11:25:00,507607
Yuliia Tryhub_170265,Yuliia Tryhub,-3,0,20,33,-13,53,2021-07-30 11:25:00,507608
Mykola Kulynych_170280,Mykola Kulynych,-1,0,46,45,1,91,2021-07-30 11:30:00,507609
Dmitriy Zaporozhets_2051725464,Dmitriy Zaporozhets,2,1,44,29,15,73,2021-07-30 11:30:00,507610
Artur Akopyan_170432,Artur Akopyan,3,1,33,19,14,52,2021-07-30 11:30:00,507611
Oleksandr Kolbasenko_170207,Oleksandr Kolbasenko,1,1,51,48,3,99,2021-07-30 11:30:00,507612
V Kutin_125437,V Kutin,-3,0,20,33,-13,53,2021-07-30 11:34:00,507613
Alina Kurtenko_1617419550,Alina Kurtenko,1,1,48,37,11,85,2021-07-30 11:35:00,507614
Valerii Voloshko_170217,Valerii Voloshko,3,1,39,33,6,72,2021-07-30 11:35:00,507615
M Sulc_28122,M Sulc,1,1,40,37,3,77,2021-07-30 11:39:00,507616
Oleksandr Mytsyk_170232,Oleksandr Mytsyk,-2,0,30,42,-12,72,2021-07-30 11:40:00,507617
Vadym Nechyporuk_131969824,Vadym Nechyporuk,-1,0,46,49,-3,95,2021-07-30 11:40:00,507618
Anzhela Sydorko_170242,Anzhela Sydorko,-1,0,41,47,-6,88,2021-07-30 11:45:00,507619
S Burov_125397,S Burov,2,1,37,32,5,69,2021-07-30 11:45:00,507620
Vasyl Kushnir_1338052322,Vasyl Kushnir,-1,0,46,49,-3,95,2021-07-30 11:45:00,507621
Volodymyr Melnykov_170256,Volodymyr Melnykov,-1,0,43,47,-4,90,2021-07-30 11:50:00,507622
Stanislav Nikolenko_170198,Stanislav Nikolenko,1,1,53,55,-2,108,2021-07-30 11:50:00,507623
Pavlo Pyasta_1639510826,Pavlo Pyasta,-1,0,46,51,-5,97,2021-07-30 11:50:00,507624
Dmytro Alekseenko_575099651,Dmytro Alekseenko,-3,0,18,33,-15,51,2021-07-30 11:50:00,507625
Ivan Kozyr_1466681543,Ivan Kozyr,-3,0,23,33,-10,56,2021-07-30 11:55:00,507626
Viktoriia Husieva_170266,Viktoriia Husieva,1,1,54,41,13,95,2021-07-30 11:55:00,507627
A Slachshilin_125477,A Slachshilin,2,1,39,22,17,61,2021-07-30 11:56:00,507628
Ondrej Mirovsky_170437,Ondrej Mirovsky,-3,0,18,33,-15,51,2021-07-30 12:00:00,507629
Mykhailo Hlaholev_170281,Mykhailo Hlaholev,-2,0,31,42,-11,73,2021-07-30 12:00:00,507630
Petro Kolesnik_268042184,Petro Kolesnik,-1,0,50,53,-3,103,2021-07-30 12:00:00,507631
A Komarov_125438,A Komarov,2,1,48,45,3,93,2021-07-30 12:00:00,507632
Yevhen Hasan_170208,Yevhen Hasan,2,1,43,31,12,74,2021-07-30 12:00:00,507633
Artem Tkachenko_1083037175,Artem Tkachenko,-2,0,38,43,-5,81,2021-07-30 12:05:00,507634
Eduard Sotnikov_170218,Eduard Sotnikov,1,1,49,44,5,93,2021-07-30 12:05:00,507635
Oleg Kolivay_170233,Oleg Kolivay,-3,0,22,33,-11,55,2021-07-30 12:10:00,507636
Maria Vasileva_1474703220,Maria Vasileva,-3,0,21,34,-13,55,2021-07-30 12:10:00,507637
T Batthyany_28148,T Batthyany,2,1,41,33,8,74,2021-07-30 12:12:00,507638
O Kutuzov_125398,O Kutuzov,-2,0,28,38,-10,66,2021-07-30 12:15:00,507639
Davyd Symonchuk_2131040189,Davyd Symonchuk,-2,0,29,41,-12,70,2021-07-30 12:15:00,507640
Karina Zharkova_170243,Karina Zharkova,3,1,33,20,13,53,2021-07-30 12:15:00,507641
I Poletaev_125478,I Poletaev,3,1,36,24,12,60,2021-07-30 12:19:00,507642
Valerii Tatarynov_170199,Valerii Tatarynov,2,1,43,32,11,75,2021-07-30 12:20:00,507643
Andrii Hordii_1450575758,Andrii Hordii,1,1,50,46,4,96,2021-07-30 12:20:00,507644
Viktor Volkovskyi_170257,Viktor Volkovskyi,-1,0,42,53,-11,95,2021-07-30 12:20:00,507645
Oleg Moshynskyy_661182435,Oleg Moshynskyy,-2,0,29,40,-11,69,2021-07-30 12:25:00,507646
Alina Man_170267,Alina Man,-3,0,29,35,-6,64,2021-07-30 12:25:00,507647
Oleksandr Naida_912306865,Oleksandr Naida,-2,0,29,40,-11,69,2021-07-30 12:25:00,507648
Vasyl Lutskyi_170282,Vasyl Lutskyi,-1,0,49,48,1,97,2021-07-30 12:30:00,507649
Kyrylo Yehorov_951110848,Kyrylo Yehorov,-3,0,18,34,-16,52,2021-07-30 12:30:00,507650
Vadym Ishchuk_170209,Vadym Ishchuk,-2,0,32,39,-7,71,2021-07-30 12:30:00,507651
Jaroslav Puk_170438,Jaroslav Puk,2,1,42,29,13,71,2021-07-30 12:30:00,507652
D Tikhnenko_125439,D Tikhnenko,2,1,41,27,14,68,2021-07-30 12:31:00,507653
Volodymyr Butko_170219,Volodymyr Butko,-2,0,33,39,-6,72,2021-07-30 12:35:00,507654
Mykola Zakladnyi_1315359101,Mykola Zakladnyi,2,1,42,31,11,73,2021-07-30 12:35:00,507655
R Rose_28149,R Rose,-2,0,35,45,-10,80,2021-07-30 12:35:00,507656
Anton Myrza_1011030510,Anton Myrza,1,1,45,41,4,86,2021-07-30 12:40:00,507657
Valentyn Lutsenko_170234,Valentyn Lutsenko,1,1,47,48,-1,95,2021-07-30 12:40:00,507658
Nadiia Kovtun_170244,Nadiia Kovtun,3,1,33,15,18,48,2021-07-30 12:45:00,507659
Karina Zavinovskaya_1207499058,Karina Zavinovskaya,-3,0,19,33,-14,52,2021-07-30 12:45:00,507660
D Molodtsov_125399,D Molodtsov,-1,0,39,50,-11,89,2021-07-30 12:45:00,507661
I Nirkov_125479,I Nirkov,-2,0,33,44,-11,77,2021-07-30 12:46:00,507662
Ihor Vasylyshyn_170258,Ihor Vasylyshyn,1,1,49,44,5,93,2021-07-30 12:50:00,507663
Dmytro Vakhta_1224020253,Dmytro Vakhta,-3,0,19,33,-14,52,2021-07-30 12:50:00,507664
Alina Stefaniuk_170268,Alina Stefaniuk,1,1,45,43,2,88,2021-07-30 12:55:00,507665
Oleksii Haponov_1313001823,Oleksii Haponov,2,1,43,35,8,78,2021-07-30 12:55:00,507666
Jiri Cerny_170409,Jiri Cerny,-1,0,46,50,-4,96,2021-07-30 13:00:00,507667
Yuriy Abroskin_1436576554,Yuriy Abroskin,-1,0,41,45,-4,86,2021-07-30 13:00:00,507668
Mykola Kulynych_170283,Mykola Kulynych,2,1,41,35,6,76,2021-07-30 13:00:00,507669
Rodion Pirveli_857144072,Rodion Pirveli,2,1,41,27,14,68,2021-07-30 13:00:00,507670
A Mohnachev_125440,A Mohnachev,-3,0,29,37,-8,66,2021-07-30 13:00:00,507671
Dmytro Baistriuchenko_1553800147,Dmytro Baistriuchenko,-2,0,36,38,-2,74,2021-07-30 13:05:00,507672
V Skokan_28123,V Skokan,-2,0,29,40,-11,69,2021-07-30 13:05:00,507673
Valerii Merzlikin_170439,Valerii Merzlikin,-3,0,17,33,-16,50,2021-07-30 13:05:00,507674
Mykhailo Hostiev_170220,Mykhailo Hostiev,-3,0,22,33,-11,55,2021-07-30 13:05:00,507675
Serhii Pokidko_662072920,Serhii Pokidko,1,1,52,42,10,94,2021-07-30 13:10:00,507676
V Demchenko_125400,V Demchenko,1,1,56,39,17,95,2021-07-30 13:15:00,507677
Artem Tkachenko_1076270257,Artem Tkachenko,-1,0,39,53,-14,92,2021-07-30 13:15:00,507678
Polina Nerush_170245,Polina Nerush,-3,0,26,34,-8,60,2021-07-30 13:15:00,507679
Bohdan Havryliuk_170441,Bohdan Havryliuk,3,1,33,21,12,54,2021-07-30 13:15:00,507680
E Grishaev_125480,E Grishaev,-3,0,21,33,-12,54,2021-07-30 13:16:00,507681
Eduard Populovskyi_170259,Eduard Populovskyi,3,1,33,17,16,50,2021-07-30 13:20:00,507682
Viktoria Kurtenko_97646904,Viktoria Kurtenko,2,1,43,30,13,73,2021-07-30 13:20:00,507683
Andrii Kotik_462319967,Andrii Kotik,3,1,33,19,14,52,2021-07-30 13:25:00,507684
Yuliia Tryhub_170269,Yuliia Tryhub,3,1,33,23,10,56,2021-07-30 13:25:00,507685
Vasyl Verbianyi_2119055954,Vasyl Verbianyi,-1,0,47,46,1,93,2021-07-30 13:30:00,507686
Ales Svoboda_170410,Ales Svoboda,1,1,53,48,5,101,2021-07-30 13:30:00,507687
Andrii Nakliutskyi_170443,Andrii Nakliutskyi,-1,0,45,49,-4,94,2021-07-30 13:30:00,507688
Oleh Hil_170284,Oleh Hil,1,1,42,43,-1,85,2021-07-30 13:30:00,507689
M Sulc_28124,M Sulc,3,1,33,17,16,50,2021-07-30 13:31:00,507690
D Tikhnenko_125441,D Tikhnenko,3,1,34,20,14,54,2021-07-30 13:33:00,507691
Igor Maksymchuk_32428727,Igor Maksymchuk,-1,0,42,46,-4,88,2021-07-30 13:35:00,507692
Eduard Sotnikov_170221,Eduard Sotnikov,3,1,36,21,15,57,2021-07-30 13:35:00,507693
Vadym Ishchuk_170440,Vadym Ishchuk,-1,0,48,49,-1,97,2021-07-30 13:35:00,507694
Eduard Rubtsov_1212496403,Eduard Rubtsov,2,1,42,25,17,67,2021-07-30 13:35:00,507695
Dmytro Shukin_1388151791,Dmytro Shukin,-1,0,44,57,-13,101,2021-07-30 13:40:00,507696
Valentyn Lutsenko_170442,Valentyn Lutsenko,1,1,46,45,1,91,2021-07-30 13:45:00,507697
Karina Zharkova_170246,Karina Zharkova,3,1,33,19,14,52,2021-07-30 13:45:00,507698
Oleh Stasevskyi_74524473,Oleh Stasevskyi,1,1,47,45,2,92,2021-07-30 13:45:00,507699
I Nirkov_125481,I Nirkov,3,1,34,26,8,60,2021-07-30 13:46:00,507700
Anton Myrza_1988129740,Anton Myrza,3,1,33,25,8,58,2021-07-30 13:50:00,507701
Alina Kurtenko_52313447,Alina Kurtenko,2,1,45,35,10,80,2021-07-30 13:55:00,507702
Kostiantyn Seliuk_170445,Kostiantyn Seliuk,3,1,34,22,12,56,2021-07-30 13:55:00,507703
Viktoriia Husieva_170270,Viktoriia Husieva,-3,0,17,33,-16,50,2021-07-30 13:55:00,507704
D Molodtsov_125401,D Molodtsov,3,1,33,19,14,52,2021-07-30 13:56:00,507705
Ales Svoboda_170411,Ales Svoboda,2,1,40,35,5,75,2021-07-30 14:00:00,507706
K Brozik_28125,K Brozik,-1,0,43,51,-8,94,2021-07-30 14:00:00,507707
Vadym Nechyporuk_835588115,Vadym Nechyporuk,2,1,44,39,5,83,2021-07-30 14:00:00,507708
Oleksandr Hordiichuk_170444,Oleksandr Hordiichuk,-2,0,31,36,-5,67,2021-07-30 14:00:00,507709
A Komarov_125442,A Komarov,3,1,34,26,8,60,2021-07-30 14:01:00,507710
Vasyl Lutskyi_170447,Vasyl Lutskyi,-2,0,25,41,-16,66,2021-07-30 14:05:00,507711
Oleksandr Khoroshun_170222,Oleksandr Khoroshun,-2,0,30,38,-8,68,2021-07-30 14:05:00,507712
Vasyl Kushnir_198877232,Vasyl Kushnir,-1,0,46,48,-2,94,2021-07-30 14:05:00,507713
Dmytro Alekseenko_913771149,Dmytro Alekseenko,3,1,34,27,7,61,2021-07-30 14:10:00,507714
Pavlo Pyasta_1082548964,Pavlo Pyasta,-1,0,44,49,-5,93,2021-07-30 14:10:00,507715
Iryna Tiutiunyk_170247,Iryna Tiutiunyk,3,1,33,21,12,54,2021-07-30 14:15:00,507716
Ivan Kozyr_575214292,Ivan Kozyr,1,1,60,48,12,108,2021-07-30 14:15:00,507717
I Poletaev_125482,I Poletaev,-2,0,31,45,-14,76,2021-07-30 14:16:00,507718
Petro Kolesnik_1346930311,Petro Kolesnik,-3,0,24,34,-10,58,2021-07-30 14:20:00,507719
O Kutuzov_125402,O Kutuzov,-3,0,20,34,-14,54,2021-07-30 14:23:00,507720
Eduard Populovskyi_170446,Eduard Populovskyi,2,1,42,25,17,67,2021-07-30 14:25:00,507721
Artem Tkachenko_1281633185,Artem Tkachenko,3,1,33,12,21,45,2021-07-30 14:25:00,507722
Alina Stefaniuk_170271,Alina Stefaniuk,-2,0,36,42,-6,78,2021-07-30 14:25:00,507723
E Mares_28126,E Mares,1,1,45,51,-6,96,2021-07-30 14:30:00,507724
Karina Zavinovskaya_819252679,Karina Zavinovskaya,-3,0,22,33,-11,55,2021-07-30 14:30:00,507725
Jiri Cerny_170412,Jiri Cerny,-2,0,30,42,-12,72,2021-07-30 14:30:00,507726
V Kutin_125529,V Kutin,-2,0,36,45,-9,81,2021-07-30 14:32:00,507727
Ivan Kryvyi_170448,Ivan Kryvyi,-2,0,32,39,-7,71,2021-07-30 14:35:00,507728
Dmytro Vakhta_381220365,Dmytro Vakhta,1,1,45,42,3,87,2021-07-30 14:35:00,507729
Eduard Sotnikov_170223,Eduard Sotnikov,3,1,33,26,7,59,2021-07-30 14:35:00,507730
Vasyl Verbianyi_1066100458,Vasyl Verbianyi,2,1,42,35,7,77,2021-07-30 14:40:00,507731
O Kutuzov_125531,O Kutuzov,-2,0,31,42,-11,73,2021-07-30 14:45:00,507732
Roman Reznichenko_60894312,Roman Reznichenko,3,1,34,28,6,62,2021-07-30 14:45:00,507733
Karina Zharkova_170248,Karina Zharkova,2,1,39,36,3,75,2021-07-30 14:45:00,507734
Yuriy Abroskin_1469316150,Yuriy Abroskin,2,1,43,41,2,84,2021-07-30 14:45:00,507735
E Grishaev_125533,E Grishaev,1,1,53,42,11,95,2021-07-30 14:46:00,507736
Viacheslav Kovalenko_1418475164,Viacheslav Kovalenko,3,1,36,22,14,58,2021-07-30 14:50:00,507737
Serhii Kubrak_259219996,Serhii Kubrak,3,1,33,13,20,46,2021-07-30 14:55:00,507738
Nataliia Riabchenko_170272,Nataliia Riabchenko,-3,0,24,34,-10,58,2021-07-30 14:55:00,507739
Dmitriy Zaporozhets_2051582871,Dmitriy Zaporozhets,2,1,39,25,14,64,2021-07-30 15:00:00,507740
Matej Fausek_170413,Matej Fausek,-2,0,33,47,-14,80,2021-07-30 15:00:00,507741
K Brozik_28127,K Brozik,-3,0,25,35,-10,60,2021-07-30 15:00:00,507742
D Tikhnenko_125530,D Tikhnenko,-1,0,41,47,-6,88,2021-07-30 15:02:00,507743
Alina Kurtenko_1259968629,Alina Kurtenko,2,1,39,34,5,73,2021-07-30 15:05:00,507744
Valerii Voloshko_170224,Valerii Voloshko,1,1,49,46,3,95,2021-07-30 15:05:00,507745
Nazarii Hrytsyienko_727013803,Nazarii Hrytsyienko,3,1,33,20,13,53,2021-07-30 15:10:00,507746
Anzhela Sydorko_170249,Anzhela Sydorko,3,1,33,20,13,53,2021-07-30 15:15:00,507747
Oleksii Haponov_1970400652,Oleksii Haponov,2,1,45,36,9,81,2021-07-30 15:15:00,507748
D Molodtsov_125532,D Molodtsov,-2,0,30,40,-10,70,2021-07-30 15:16:00,507749
I Poletaev_125534,I Poletaev,-3,0,23,33,-10,56,2021-07-30 15:18:00,507750
Eduard Rubtsov_1949156484,Eduard Rubtsov,-2,0,24,42,-18,66,2021-07-30 15:20:00,507751
Yurii Kolos_170285,Yurii Kolos,3,1,33,18,15,51,2021-07-30 15:20:00,507752
Oleg Moshynskyy_77884255,Oleg Moshynskyy,-2,0,28,41,-13,69,2021-07-30 15:20:00,507753
Dmytro Baistriuchenko_1782950668,Dmytro Baistriuchenko,1,1,52,42,10,94,2021-07-30 15:25:00,507754
Alina Stefaniuk_170273,Alina Stefaniuk,-2,0,28,42,-14,70,2021-07-30 15:25:00,507755
Serhii Pokidko_680345141,Serhii Pokidko,-2,0,30,38,-8,68,2021-07-30 15:30:00,507756
M Sulc_28128,M Sulc,-2,0,34,43,-9,77,2021-07-30 15:30:00,507757
Dmytro Lazuryk_170300,Dmytro Lazuryk,2,1,42,31,11,73,2021-07-30 15:30:00,507758
Jiri Cerny_170414,Jiri Cerny,-1,0,50,49,1,99,2021-07-30 15:30:00,507759
I Pandur_125443,I Pandur,-2,0,36,40,-4,76,2021-07-30 15:31:00,507760
Serhii Skachenko_1961063499,Serhii Skachenko,1,1,48,36,12,84,2021-07-30 15:35:00,507761
Yevhen Bielokon_170324,Yevhen Bielokon,-1,0,50,54,-4,104,2021-07-30 15:35:00,507762
Marharyta Saltanovska_170339,Marharyta Saltanovska,-2,0,35,45,-10,80,2021-07-30 15:40:00,507763
Pavlo Zaderei_1939844221,Pavlo Zaderei,-1,0,50,48,2,98,2021-07-30 15:40:00,507764
V Bazilevskiy_125403,V Bazilevskiy,3,1,33,23,10,56,2021-07-30 15:45:00,507765
Dmytro Prokopenko_170349,Dmytro Prokopenko,-2,0,32,38,-6,70,2021-07-30 15:45:00,507766
S Lanin_125505,S Lanin,1,1,47,42,5,89,2021-07-30 15:48:00,507767
Ivan Pytsko_170286,Ivan Pytsko,-2,0,31,41,-10,72,2021-07-30 15:50:00,507768
Petro Tsolik_241756756,Petro Tsolik,-3,0,18,33,-15,51,2021-07-30 15:50:00,507769
Ruslan Hripun_1099909384,Ruslan Hripun,2,1,37,27,10,64,2021-07-30 15:55:00,507770
Alina Man_170274,Alina Man,-2,0,36,38,-2,74,2021-07-30 15:55:00,507771
Dmytro Shukin_1554890449,Dmytro Shukin,1,1,47,46,1,93,2021-07-30 16:00:00,507772
Oleksandr Hryshchenko_170315,Oleksandr Hryshchenko,-3,0,26,36,-10,62,2021-07-30 16:00:00,507773
K Brozik_28174,K Brozik,-1,0,47,49,-2,96,2021-07-30 16:01:00,507774
M Gusev_125444,M Gusev,1,1,55,48,7,103,2021-07-30 16:01:00,507775
Oleh Stasevskyi_898750832,Oleh Stasevskyi,2,1,45,31,14,76,2021-07-30 16:05:00,507776
Taras Bonishchuk_170325,Taras Bonishchuk,2,1,46,41,5,87,2021-07-30 16:05:00,507777
Alisa Dubrova_170340,Alisa Dubrova,3,1,35,20,15,55,2021-07-30 16:10:00,507778
Matej Fausek_170449,Matej Fausek,2,1,40,29,11,69,2021-07-30 16:10:00,507779
Uryi Leymanovskyi_1270843341,Uryi Leymanovskyi,-3,0,23,34,-11,57,2021-07-30 16:10:00,507780
Illia Semeniuk_969862368,Illia Semeniuk,2,1,42,39,3,81,2021-07-30 16:15:00,507781
Vitalii Klimov_170350,Vitalii Klimov,1,1,45,54,-9,99,2021-07-30 16:15:00,507782
I Tolmachev_125404,I Tolmachev,-1,0,51,51,0,102,2021-07-30 16:16:00,507783
V Zhigalov_125506,V Zhigalov,3,1,34,24,10,58,2021-07-30 16:18:00,507784
Dmytro Lohosha_2137131441,Dmytro Lohosha,-3,0,21,33,-12,54,2021-07-30 16:20:00,507785
Oleh Chulanov_170287,Oleh Chulanov,-2,0,34,42,-8,76,2021-07-30 16:20:00,507786
Borys Kostiuk_170359,Borys Kostiuk,1,1,52,48,4,100,2021-07-30 16:25:00,507787
Ihor Petryshyn_1322021944,Ihor Petryshyn,-2,0,30,44,-14,74,2021-07-30 16:25:00,507788
Pavlo Plushch_949636315,Pavlo Plushch,-2,0,35,43,-8,78,2021-07-30 16:30:00,507789
Valeriy Vlasenko_170316,Valeriy Vlasenko,-1,0,42,51,-9,93,2021-07-30 16:30:00,507790
V Skokan_28175,V Skokan,1,1,45,41,4,86,2021-07-30 16:31:00,507791
Kyrylo Yehorov_2009099839,Kyrylo Yehorov,-2,0,26,40,-14,66,2021-07-30 16:35:00,507792
Kostiantyn Kovalchuk_170326,Kostiantyn Kovalchuk,1,1,52,49,3,101,2021-07-30 16:35:00,507793
Mykola Zakladnyi_1814911047,Mykola Zakladnyi,-1,0,45,52,-7,97,2021-07-30 16:40:00,507794
Maxim Suvorov_170450,Maxim Suvorov,2,1,40,27,13,67,2021-07-30 16:40:00,507795
Marharyta Saltanovska_170341,Marharyta Saltanovska,-3,0,24,34,-10,58,2021-07-30 16:40:00,507796
Serhii Skachenko_1252409191,Serhii Skachenko,1,1,54,52,2,106,2021-07-30 16:45:00,507797
Dmytro Prokopenko_170351,Dmytro Prokopenko,-2,0,40,44,-4,84,2021-07-30 16:45:00,507798
A Batalov_125405,A Batalov,-1,0,48,51,-3,99,2021-07-30 16:47:00,507799
M Chernyavskiy_125507,M Chernyavskiy,-1,0,44,46,-2,90,2021-07-30 16:48:00,507800
S Muslikov_125445,S Muslikov,-1,0,47,44,3,91,2021-07-30 16:50:00,507801
Pavlo Zaderei_19134908,Pavlo Zaderei,1,1,43,48,-5,91,2021-07-30 16:50:00,507802
Ivan Pytsko_170288,Ivan Pytsko,-3,0,20,33,-13,53,2021-07-30 16:50:00,507803
Serhiy Tkachuk_1038025003,Serhiy Tkachuk,-3,0,18,33,-15,51,2021-07-30 16:55:00,507804
Pavlo Khakhamidi_170360,Pavlo Khakhamidi,-1,0,44,52,-8,96,2021-07-30 16:55:00,507805
Petro Tsolik_1773694281,Petro Tsolik,-3,0,15,33,-18,48,2021-07-30 17:00:00,507806
Oleksandr Hryshchenko_170303,Oleksandr Hryshchenko,-2,0,38,48,-10,86,2021-07-30 17:00:00,507807
David Brichacek_170415,David Brichacek,-1,0,40,44,-4,84,2021-07-30 17:00:00,507808
P Gireth_28129,P Gireth,1,1,59,52,7,111,2021-07-30 17:00:00,507809
Ruslan Hripun_1495787645,Ruslan Hripun,2,1,40,31,9,71,2021-07-30 17:05:00,507810
Taras Bonishchuk_170327,Taras Bonishchuk,-3,0,27,34,-7,61,2021-07-30 17:05:00,507811
Viacheslav Kovalenko_596457233,Viacheslav Kovalenko,1,1,49,48,1,97,2021-07-30 17:10:00,507812
Nataliia Svydnytska_170342,Nataliia Svydnytska,3,1,34,22,12,56,2021-07-30 17:10:00,507813
Egor Kovpak_170352,Egor Kovpak,1,1,48,35,13,83,2021-07-30 17:15:00,507814
Serhii Kubrak_441861007,Serhii Kubrak,-1,0,43,48,-5,91,2021-07-30 17:15:00,507815
K Olshakov_125406,K Olshakov,-2,0,33,38,-5,71,2021-07-30 17:16:00,507816
A Merezhko_125508,A Merezhko,2,1,44,33,11,77,2021-07-30 17:19:00,507817
Yurii Kolos_170289,Yurii Kolos,1,1,56,53,3,109,2021-07-30 17:20:00,507818
Serhii Rutskyi_817883671,Serhii Rutskyi,3,1,33,20,13,53,2021-07-30 17:20:00,507819
Ir Kim_125446,Ir Kim,-2,0,32,38,-6,70,2021-07-30 17:24:00,507820
Borys Kostiuk_170361,Borys Kostiuk,-3,0,22,33,-11,55,2021-07-30 17:25:00,507821
Vadym Shvydkyi_173513238,Vadym Shvydkyi,2,1,44,36,8,80,2021-07-30 17:25:00,507822
Dmytro Lazuryk_170304,Dmytro Lazuryk,2,1,48,42,6,90,2021-07-30 17:30:00,507823
Lukas Adamec_170416,Lukas Adamec,2,1,46,39,7,85,2021-07-30 17:30:00,507824
Dmytro Lohosha_180862157,Dmytro Lohosha,-3,0,21,34,-13,55,2021-07-30 17:30:00,507825
Nazarii Haievyi_1379762956,Nazarii Haievyi,1,1,51,49,2,100,2021-07-30 17:35:00,507826
Yevhen Bielokon_170328,Yevhen Bielokon,2,1,40,33,7,73,2021-07-30 17:35:00,507827
V Skokan_28130,V Skokan,2,1,46,34,12,80,2021-07-30 17:38:00,507828
Pavlo Plushch_697132953,Pavlo Plushch,2,1,42,31,11,73,2021-07-30 17:40:00,507829
Alisa Dubrova_170343,Alisa Dubrova,3,1,33,14,19,47,2021-07-30 17:40:00,507830
Ivan Kozyr_456529928,Ivan Kozyr,3,1,33,21,12,54,2021-07-30 17:45:00,507831
Vitalii Klimov_170353,Vitalii Klimov,2,1,46,35,11,81,2021-07-30 17:45:00,507832
A Batalov_125407,A Batalov,2,1,38,31,7,69,2021-07-30 17:46:00,507833
M Chernyavskiy_125509,M Chernyavskiy,2,1,37,33,4,70,2021-07-30 17:47:00,507834
Volodymyr Kuzmych_170290,Volodymyr Kuzmych,1,1,51,40,11,91,2021-07-30 17:50:00,507835
Petro Kolesnik_941222131,Petro Kolesnik,1,1,59,51,8,110,2021-07-30 17:50:00,507836
S Muslikov_125447,S Muslikov,3,1,33,20,13,53,2021-07-30 17:54:00,507837
Ihor Oranskyi_170362,Ihor Oranskyi,-2,0,28,43,-15,71,2021-07-30 17:55:00,507838
Uryi Leymanovskyi_561875759,Uryi Leymanovskyi,-3,0,15,35,-20,50,2021-07-30 17:55:00,507839
Illia Semeniuk_248628239,Illia Semeniuk,-2,0,33,42,-9,75,2021-07-30 18:00:00,507840
Lukas Adamec_170417,Lukas Adamec,-3,0,20,33,-13,53,2021-07-30 18:00:00,507841
Ivan Fedoryshyn_170317,Ivan Fedoryshyn,-1,0,45,43,2,88,2021-07-30 18:00:00,507842
M Huk_28131,M Huk,-3,0,21,33,-12,54,2021-07-30 18:01:00,507843
Oleg Gavryluk_1309526535,Oleg Gavryluk,1,1,45,46,-1,91,2021-07-30 18:05:00,507844
Roman Yushko_170329,Roman Yushko,2,1,47,34,13,81,2021-07-30 18:05:00,507845
Ihor Petryshyn_724686413,Ihor Petryshyn,-3,0,16,34,-18,50,2021-07-30 18:10:00,507846
Marharyta Saltanovska_170344,Marharyta Saltanovska,-3,0,16,33,-17,49,2021-07-30 18:10:00,507847
M Gusev_125448,M Gusev,2,1,41,37,4,78,2021-07-30 18:13:00,507848
Ruslan Hripun_1912431905,Ruslan Hripun,1,1,51,48,3,99,2021-07-30 18:15:00,507849
Dmytro Prokopenko_170354,Dmytro Prokopenko,3,1,33,19,14,52,2021-07-30 18:15:00,507850
I Tolmachev_125408,I Tolmachev,2,1,43,33,10,76,2021-07-30 18:15:00,507851
V Zhigalov_125510,V Zhigalov,2,1,40,29,11,69,2021-07-30 18:17:00,507852
Oleh Chulanov_170291,Oleh Chulanov,-1,0,46,45,1,91,2021-07-30 18:20:00,507853
Dmitriy Lebed_534807228,Dmitriy Lebed,2,1,42,29,13,71,2021-07-30 18:20:00,507854
Dmytro Derevinskyi_1188410237,Dmytro Derevinskyi,3,1,33,26,7,59,2021-07-30 18:25:00,507855
Pavlo Khakhamidi_170363,Pavlo Khakhamidi,-2,0,34,42,-8,76,2021-07-30 18:25:00,507856
Serhii Skachenko_1929735361,Serhii Skachenko,-2,0,26,40,-14,66,2021-07-30 18:30:00,507857
Valeriy Vlasenko_170306,Valeriy Vlasenko,-2,0,34,42,-8,76,2021-07-30 18:30:00,507858
David Brichacek_170418,David Brichacek,1,1,42,43,-1,85,2021-07-30 18:30:00,507859
Ja Kanera_28132,Ja Kanera,1,1,47,45,2,92,2021-07-30 18:30:00,507860
Kostiantyn Kovalchuk_170330,Kostiantyn Kovalchuk,-1,0,48,47,1,95,2021-07-30 18:35:00,507861
Pavlo Zaderei_317509026,Pavlo Zaderei,-2,0,27,40,-13,67,2021-07-30 18:35:00,507862
Alisa Dubrova_170345,Alisa Dubrova,3,1,35,21,14,56,2021-07-30 18:40:00,507863
Serhiy Tkachuk_362047597,Serhiy Tkachuk,2,1,39,38,1,77,2021-07-30 18:40:00,507864
K Olshakov_125639,K Olshakov,-1,0,49,51,-2,100,2021-07-30 18:45:00,507865
Vitalii Klimov_170355,Vitalii Klimov,2,1,39,31,8,70,2021-07-30 18:45:00,507866
Petro Tsolik_941610380,Petro Tsolik,-3,0,29,36,-7,65,2021-07-30 18:45:00,507867
M Chernyavskiy_125637,M Chernyavskiy,-1,0,44,49,-5,93,2021-07-30 18:48:00,507868
Ir Kim_125641,Ir Kim,-1,0,49,49,0,98,2021-07-30 18:49:00,507869
Mykhailo Presniakov_1449576705,Mykhailo Presniakov,-3,0,32,38,-6,70,2021-07-30 18:50:00,507870
Ivan Pytsko_170292,Ivan Pytsko,-1,0,46,48,-2,94,2021-07-30 18:50:00,507871
Ivan Kozyr_997475104,Ivan Kozyr,1,1,58,57,1,115,2021-07-30 18:55:00,507872
Borys Kostiuk_170364,Borys Kostiuk,3,1,35,25,10,60,2021-07-30 18:55:00,507873
Petro Kolesnik_326192805,Petro Kolesnik,-1,0,46,44,2,90,2021-07-30 19:00:00,507874
Martin Juhasz_170419,Martin Juhasz,-2,0,37,48,-11,85,2021-07-30 19:00:00,507875
Oleksandr Hryshchenko_170318,Oleksandr Hryshchenko,-2,0,36,42,-6,78,2021-07-30 19:00:00,507876
M Huk_28133,M Huk,-3,0,17,33,-16,50,2021-07-30 19:02:00,507877
Taras Bonishchuk_170331,Taras Bonishchuk,2,1,43,39,4,82,2021-07-30 19:05:00,507878
Serhii Rutskyi_1345090334,Serhii Rutskyi,-3,0,26,34,-8,60,2021-07-30 19:05:00,507879
Nataliia Svydnytska_170346,Nataliia Svydnytska,3,1,36,19,17,55,2021-07-30 19:10:00,507880
Vadym Shvydkyi_1229028815,Vadym Shvydkyi,-2,0,32,41,-9,73,2021-07-30 19:10:00,507881
Dmytro Lohosha_1192867660,Dmytro Lohosha,-1,0,45,45,0,90,2021-07-30 19:15:00,507882
Egor Kovpak_170356,Egor Kovpak,3,1,35,27,8,62,2021-07-30 19:15:00,507883
S Lanin_125638,S Lanin,-3,0,22,33,-11,55,2021-07-30 19:18:00,507884
Nazar Mosiuk_170369,Nazar Mosiuk,3,1,33,22,11,55,2021-07-30 19:20:00,507885
Nazarii Haievyi_457698226,Nazarii Haievyi,-2,0,37,43,-6,80,2021-07-30 19:20:00,507886
Yurii Kolos_170293,Yurii Kolos,-1,0,42,43,-1,85,2021-07-30 19:20:00,507887
A Batalov_125640,A Batalov,2,1,42,36,6,78,2021-07-30 19:20:00,507888
S Muslikov_125642,S Muslikov,1,1,44,42,2,86,2021-07-30 19:22:00,507889
Pavlo Khakhamidi_170365,Pavlo Khakhamidi,1,1,57,54,3,111,2021-07-30 19:25:00,507890
Ruslan Hripun_1100060029,Ruslan Hripun,3,1,33,22,11,55,2021-07-30 19:25:00,507891
David Brichacek_170420,David Brichacek,-2,0,41,43,-2,84,2021-07-30 19:30:00,507892
Dmytro Lazuryk_170319,Dmytro Lazuryk,-1,0,50,57,-7,107,2021-07-30 19:30:00,507893
Dmytro Shukin_627993908,Dmytro Shukin,-1,0,40,50,-10,90,2021-07-30 19:30:00,507894
V Skokan_28134,V Skokan,-2,0,39,47,-8,86,2021-07-30 19:30:00,507895
Oleh Stasevskyi_482554402,Oleh Stasevskyi,-2,0,34,42,-8,76,2021-07-30 19:35:00,507896
Yevhen Bielokon_170332,Yevhen Bielokon,3,1,33,15,18,48,2021-07-30 19:35:00,507897
Marharyta Saltanovska_170347,Marharyta Saltanovska,-3,0,21,33,-12,54,2021-07-30 19:40:00,507898
Uryi Leymanovskyi_279053211,Uryi Leymanovskyi,1,1,47,33,14,80,2021-07-30 19:40:00,507899
Dmytro Prokopenko_170357,Dmytro Prokopenko,2,1,39,27,12,66,2021-07-30 19:45:00,507900
Illia Semeniuk_228268640,Illia Semeniuk,1,1,52,47,5,99,2021-07-30 19:45:00,507901
K Puzankov_125483,K Puzankov,-1,0,51,55,-4,106,2021-07-30 19:45:00,507902
B Grebenyuk_125411,B Grebenyuk,-1,0,57,57,0,114,2021-07-30 19:47:00,507903
Vadym Bochkovskyi_170370,Vadym Bochkovskyi,-2,0,31,41,-10,72,2021-07-30 19:50:00,507904
Oleg Gavryluk_410995880,Oleg Gavryluk,2,1,38,30,8,68,2021-07-30 19:50:00,507905
Volodymyr Kuzmych_170294,Volodymyr Kuzmych,2,1,43,33,10,76,2021-07-30 19:50:00,507906
Ihor Oranskyi_170366,Ihor Oranskyi,-2,0,35,42,-7,77,2021-07-30 19:55:00,507907
Ihor Petryshyn_1945244445,Ihor Petryshyn,-2,0,29,41,-12,70,2021-07-30 19:55:00,507908
S Kuzmin_125455,S Kuzmin,2,1,45,32,13,77,2021-07-30 19:57:00,507909
Pavlo Plushch_2066487579,Pavlo Plushch,-1,0,45,48,-3,93,2021-07-30 20:00:00,507910
Ivan Fedoryshyn_170320,Ivan Fedoryshyn,2,1,44,33,11,77,2021-07-30 20:00:00,507911
M Huk_28176,M Huk,-3,0,18,33,-15,51,2021-07-30 20:02:00,507912
Dmytro Baistriuchenko_173018513,Dmytro Baistriuchenko,-2,0,32,43,-11,75,2021-07-30 20:05:00,507913
Roman Yushko_170333,Roman Yushko,-1,0,46,50,-4,96,2021-07-30 20:05:00,507914
Vitalii Solovei_388875302,Vitalii Solovei,3,1,33,19,14,52,2021-07-30 20:10:00,507915
Martin Juhasz_170705,Martin Juhasz,2,1,41,25,16,66,2021-07-30 20:10:00,507916
Alena Petlenko_170348,Alena Petlenko,-2,0,37,44,-7,81,2021-07-30 20:10:00,507917
Viktor Bedriichuk_549372867,Viktor Bedriichuk,-2,0,24,42,-18,66,2021-07-30 20:15:00,507918
Ivan Udovenko_170358,Ivan Udovenko,2,1,36,31,5,67,2021-07-30 20:15:00,507919
I Soldatov_125412,I Soldatov,-2,0,43,47,-4,90,2021-07-30 20:18:00,507920
I Elistratov_125484,I Elistratov,2,1,47,41,6,88,2021-07-30 20:20:00,507921
Nazar Mosiuk_170371,Nazar Mosiuk,3,1,34,22,12,56,2021-07-30 20:20:00,507922
Oleh Chulanov_170295,Oleh Chulanov,2,1,42,37,5,79,2021-07-30 20:20:00,507923
Roman Sukhomlyn_1714726598,Roman Sukhomlyn,-3,0,22,33,-11,55,2021-07-30 20:20:00,507924
D Tikhnenko_125456,D Tikhnenko,-3,0,17,33,-16,50,2021-07-30 20:21:00,507925
Borys Kostiuk_170367,Borys Kostiuk,-2,0,30,41,-11,71,2021-07-30 20:25:00,507926
Serhiy Tkachuk_1025614381,Serhiy Tkachuk,1,1,49,42,7,91,2021-07-30 20:25:00,507927
Serhij Maksymiv_1328083108,Serhij Maksymiv,-2,0,33,43,-10,76,2021-07-30 20:30:00,507928
Valeriy Vlasenko_170321,Valeriy Vlasenko,-1,0,59,55,4,114,2021-07-30 20:30:00,507929
Ja Kanera_28177,Ja Kanera,2,1,40,36,4,76,2021-07-30 20:30:00,507930
Kostiantyn Kovalchuk_170334,Kostiantyn Kovalchuk,1,1,48,43,5,91,2021-07-30 20:35:00,507931
Ruslan Hripun_196302578,Ruslan Hripun,-2,0,32,41,-9,73,2021-07-30 20:35:00,507932
I Zemit_125457,I Zemit,1,1,48,36,12,84,2021-07-30 20:37:00,507933
Dmitriy Lebed_8301000,Dmitriy Lebed,2,1,33,25,8,58,2021-07-30 20:40:00,507934
Vojtech Koutnik_170706,Vojtech Koutnik,-2,0,33,40,-7,73,2021-07-30 20:40:00,507935
Serhii Kubrak_2126364618,Serhii Kubrak,3,1,33,14,19,47,2021-07-30 20:45:00,507936
I Moshkov_125413,I Moshkov,-3,0,13,33,-20,46,2021-07-30 20:49:00,507937
Andrii Lukatskyi_170372,Andrii Lukatskyi,2,1,47,43,4,90,2021-07-30 20:50:00,507938
Serhii Skachenko_1439249058,Serhii Skachenko,1,1,48,46,2,94,2021-07-30 20:50:00,507939
Yurii Kolos_170296,Yurii Kolos,2,1,45,35,10,80,2021-07-30 20:50:00,507940
Nataliia Svydnytska_170709,Nataliia Svydnytska,2,1,43,33,10,76,2021-07-30 20:55:00,507941
Andrii Romanenko_170368,Andrii Romanenko,2,1,35,27,8,62,2021-07-30 20:55:00,507942
Pavlo Zaderei_1097850189,Pavlo Zaderei,-2,0,35,43,-8,78,2021-07-30 20:55:00,507943
Vitalii Klimov_170707,Vitalii Klimov,-3,0,25,33,-8,58,2021-07-30 20:55:00,507944
Al-i Zhelubenkov_125485,Al-i Zhelubenkov,2,1,39,30,9,69,2021-07-30 20:55:00,507945
M Kolar_28135,M Kolar,-3,0,14,33,-19,47,2021-07-30 21:00:00,507946
Oleh Formaziuk_1532212860,Oleh Formaziuk,3,1,33,16,17,49,2021-07-30 21:00:00,507947
Martin Prusa_170421,Martin Prusa,-2,0,33,45,-12,78,2021-07-30 21:00:00,507948
Dmytro Lazuryk_170311,Dmytro Lazuryk,-3,0,22,33,-11,55,2021-07-30 21:00:00,507949
Ihor Petryshyn_495442027,Ihor Petryshyn,-2,0,29,41,-12,70,2021-07-30 21:05:00,507950
Yevhen Bielokon_170335,Yevhen Bielokon,-3,0,25,33,-8,58,2021-07-30 21:05:00,507951
I Mihaylov_125458,I Mihaylov,1,1,44,45,-1,89,2021-07-30 21:07:00,507952
Pavlo Plushch_1509628641,Pavlo Plushch,3,1,33,23,10,56,2021-07-30 21:10:00,507953
Ivan Kozyr_729117832,Ivan Kozyr,-3,0,25,35,-10,60,2021-07-30 21:15:00,507954
A Frolov_125486,A Frolov,1,1,45,45,0,90,2021-07-30 21:16:00,507955
A Yudin_125414,A Yudin,-3,0,24,35,-11,59,2021-07-30 21:17:00,507956
Mykola Zakladnyi_448401241,Mykola Zakladnyi,-2,0,36,39,-3,75,2021-07-30 21:20:00,507957
Nazarii Sydorak_170297,Nazarii Sydorak,-2,0,30,39,-9,69,2021-07-30 21:20:00,507958
Vadym Bochkovskyi_170373,Vadym Bochkovskyi,-1,0,54,58,-4,112,2021-07-30 21:20:00,507959
Andrii Romanenko_170711,Andrii Romanenko,-3,0,18,33,-15,51,2021-07-30 21:25:00,507960
Svitlana Babushkina_170710,Svitlana Babushkina,-3,0,21,33,-12,54,2021-07-30 21:25:00,507961
Uryi Leymanovskyi_1054442157,Uryi Leymanovskyi,3,1,33,17,16,50,2021-07-30 21:25:00,507962
Ivan Udovenko_170708,Ivan Udovenko,2,1,43,32,11,75,2021-07-30 21:25:00,507963
Dominik Pasek_170422,Dominik Pasek,-3,0,21,34,-13,55,2021-07-30 21:30:00,507964
Roman Sukhomlyn_509498781,Roman Sukhomlyn,1,1,53,53,0,106,2021-07-30 21:30:00,507965
J Pozarsky_28136,J Pozarsky,2,1,41,28,13,69,2021-07-30 21:30:00,507966
Ivan Efimenko_170322,Ivan Efimenko,1,1,45,44,1,89,2021-07-30 21:30:00,507967
Oleksandr Melashenko_170336,Oleksandr Melashenko,3,1,34,24,10,58,2021-07-30 21:35:00,507968
Dmytro Lohosha_1882081356,Dmytro Lohosha,-3,0,22,37,-15,59,2021-07-30 21:35:00,507969
I Zemit_125459,I Zemit,-3,0,23,33,-10,56,2021-07-30 21:37:00,507970
Nazarii Haievyi_1736464771,Nazarii Haievyi,-3,0,22,33,-11,55,2021-07-30 21:40:00,507971
Ruslan Hripun_1694859076,Ruslan Hripun,-3,0,23,33,-10,56,2021-07-30 21:45:00,507972
I Moshkov_125415,I Moshkov,1,1,51,46,5,97,2021-07-30 21:46:00,507973
Al-i Zhelubenkov_125487,Al-i Zhelubenkov,-2,0,34,41,-7,75,2021-07-30 21:49:00,507974
Nazar Mosiuk_170374,Nazar Mosiuk,2,1,37,29,8,66,2021-07-30 21:50:00,507975
Yurii Kolos_170298,Yurii Kolos,1,1,48,46,2,94,2021-07-30 21:50:00,507976
Andrii Chupovskyi_1492100344,Andrii Chupovskyi,-2,0,35,45,-10,80,2021-07-30 21:50:00,507977
Serhii Sokolov_170712,Serhii Sokolov,-1,0,43,45,-2,88,2021-07-30 21:55:00,507978
Oleksandr Lysak_1654139083,Oleksandr Lysak,-2,0,32,41,-9,73,2021-07-30 21:55:00,507979
Dmytro Lazuryk_170323,Dmytro Lazuryk,2,1,41,31,10,72,2021-07-30 22:00:00,507980
Dominik Pasek_170423,Dominik Pasek,-3,0,17,33,-16,50,2021-07-30 22:00:00,507981
Serhii Skachenko_2054949883,Serhii Skachenko,-1,0,54,50,4,104,2021-07-30 22:00:00,507982
D Tikhnenko_125460,D Tikhnenko,-1,0,39,49,-10,88,2021-07-30 22:01:00,507983
J Veselka_28137,J Veselka,3,1,34,21,13,55,2021-07-30 22:01:00,507984
Yevhen Bielokon_170337,Yevhen Bielokon,3,1,35,18,17,53,2021-07-30 22:05:00,507985
Illia Semeniuk_9149381,Illia Semeniuk,-1,0,39,52,-13,91,2021-07-30 22:05:00,507986
Valentin Bondar_375019614,Valentin Bondar,-3,0,21,33,-12,54,2021-07-30 22:10:00,507987
I Soldatov_125416,I Soldatov,2,1,37,30,7,67,2021-07-30 22:16:00,507988
I Elistratov_125488,I Elistratov,1,1,53,44,9,97,2021-07-30 22:17:00,507989
Ivan Pytsko_170299,Ivan Pytsko,-3,0,13,33,-20,46,2021-07-30 22:20:00,507990
Mykhailo Presniakov_1615722955,Mykhailo Presniakov,-3,0,20,33,-13,53,2021-07-30 22:20:00,507991
Vadym Bochkovskyi_170375,Vadym Bochkovskyi,2,1,41,34,7,75,2021-07-30 22:20:00,507992
Andrii Chupovskyi_379736484,Andrii Chupovskyi,1,1,50,49,1,99,2021-07-30 22:25:00,507993
Oleksandr Hryshchenko_170314,Oleksandr Hryshchenko,-3,0,22,33,-11,55,2021-07-30 22:30:00,507994
Martin Prusa_170424,Martin Prusa,-1,0,34,47,-13,81,2021-07-30 22:30:00,507995
Alexey Hladkykh_170510206,Alexey Hladkykh,3,1,33,16,17,49,2021-07-30 22:30:00,507996
T Varnuska_28138,T Varnuska,-1,0,47,45,2,92,2021-07-30 22:31:00,507997
D Tikhnenko_125643,D Tikhnenko,2,1,39,30,9,69,2021-07-30 22:33:00,507998
Taras Bonishchuk_170338,Taras Bonishchuk,3,1,33,22,11,55,2021-07-30 22:35:00,507999
Serhiy Tkachuk_1494736893,Serhiy Tkachuk,-1,0,46,39,7,85,2021-07-30 22:45:00,508000
A Yudin_125645,A Yudin,2,1,38,38,0,76,2021-07-30 22:45:00,508001
Andrii Lukatskyi_170376,Andrii Lukatskyi,3,1,34,24,10,58,2021-07-30 22:50:00,508002
K Puzankov_125647,K Puzankov,3,1,34,28,6,62,2021-07-30 22:51:00,508003
Jan Sr Krames_170425,Jan Sr Krames,-3,0,25,37,-12,62,2021-07-30 23:00:00,508004
Oleksandr Lysak_1276324046,Oleksandr Lysak,-3,0,18,33,-15,51,2021-07-30 23:00:00,508005
I Mihaylov_125644,I Mihaylov,-1,0,47,52,-5,99,2021-07-30 23:01:00,508006
J Veselka_28139,J Veselka,2,1,42,37,5,79,2021-07-30 23:03:00,508007
Andrii Chupovskyi_970485684,Andrii Chupovskyi,1,1,57,45,12,102,2021-07-30 23:05:00,508008
I Moshkov_125646,I Moshkov,-2,0,28,41,-13,69,2021-07-30 23:15:00,508009
I Elistratov_125648,I Elistratov,2,1,42,36,6,78,2021-07-30 23:17:00,508010
Nazar Mosiuk_170377,Nazar Mosiuk,2,1,40,30,10,70,2021-07-30 23:20:00,508011
Martin Prusa_170426,Martin Prusa,2,1,40,32,8,72,2021-07-30 23:30:00,508012
J Pozarsky_28140,J Pozarsky,1,1,51,42,9,93,2021-07-30 23:32:00,508013
Alexey Hladkykh_1903771945,Alexey Hladkykh,-2,0,31,44,-13,75,2021-07-30 23:35:00,508014
D Korneev_125461,D Korneev,-1,0,47,54,-7,101,2021-07-30 23:39:00,508015
Oleksandr Lysak_1673353853,Oleksandr Lysak,-2,0,32,44,-12,76,2021-07-30 23:40:00,508016
Igor Vatsyn_261772096,Igor Vatsyn,2,1,39,41,-2,80,2021-07-30 23:45:00,508017
Yu Lbov_125417,Yu Lbov,1,1,50,49,1,99,2021-07-30 23:48:00,508018
R Kobytov_125489,R Kobytov,-1,0,40,45,-5,85,2021-07-30 23:48:00,508019
Yevhenii Honchar_170378,Yevhenii Honchar,3,1,33,20,13,53,2021-07-30 23:50:00,508020
Jan Hrncir_170713,Jan Hrncir,1,1,43,37,6,80,2021-07-31 00:00:00,508021
Roman Hnoievoi_170379,Roman Hnoievoi,1,1,45,47,-2,92,2021-07-31 00:05:00,508022
M Kolar_28178,M Kolar,3,1,33,23,10,56,2021-07-31 00:07:00,508023
Oleh Obidnyi_1164335984,Oleh Obidnyi,-2,0,39,46,-7,85,2021-07-31 00:10:00,508024
A Aslanyan_125462,A Aslanyan,3,1,33,16,17,49,2021-07-31 00:15:00,508025
Viktor Bosak_1142235630,Viktor Bosak,-1,0,46,50,-4,96,2021-07-31 00:15:00,508026
Andrii Chupovskyi_466631244,Andrii Chupovskyi,2,1,41,35,6,76,2021-07-31 00:15:00,508027
V Safonov_125490,V Safonov,3,1,36,25,11,61,2021-07-31 00:17:00,508028
Andrii Lukatskyi_170715,Andrii Lukatskyi,-2,0,32,38,-6,70,2021-07-31 00:20:00,508029
D Balakin_125418,D Balakin,1,1,44,47,-3,91,2021-07-31 00:23:00,508030
Serhii Tkachev_170394,Serhii Tkachev,-1,0,44,43,1,87,2021-07-31 00:25:00,508031
Dominik Pasek_170714,Dominik Pasek,-2,0,38,44,-6,82,2021-07-31 00:30:00,508032
J Veselka_28179,J Veselka,-3,0,26,33,-7,59,2021-07-31 00:30:00,508033
K Churin_125463,K Churin,-3,0,14,33,-19,47,2021-07-31 00:31:00,508034
Viacheslav Isakov_170380,Viacheslav Isakov,-1,0,37,49,-12,86,2021-07-31 00:35:00,508035
Oleh Obidnyi_1931874035,Oleh Obidnyi,-2,0,38,41,-3,79,2021-07-31 00:45:00,508036
Igor Vatsyn_1978838656,Igor Vatsyn,-1,0,40,44,-4,84,2021-07-31 00:45:00,508037
A Girevenkov_125491,A Girevenkov,-1,0,44,50,-6,94,2021-07-31 00:46:00,508038
Yevhenii Honchar_170716,Yevhenii Honchar,3,1,33,16,17,49,2021-07-31 00:50:00,508039
Yuriy Tarasov_1917000905,Yuriy Tarasov,-2,0,32,41,-9,73,2021-07-31 00:50:00,508040
Oleksandr Mishchenko_170395,Oleksandr Mishchenko,2,1,40,34,6,74,2021-07-31 00:55:00,508041
T Turabekov_125464,T Turabekov,1,1,44,40,4,84,2021-07-31 01:00:00,508042
A Vlasov_125419,A Vlasov,2,1,52,45,7,97,2021-07-31 01:03:00,508043
Oleksandr Buberenko_170381,Oleksandr Buberenko,-1,0,45,45,0,90,2021-07-31 01:05:00,508044
N Zhurba_125492,N Zhurba,-3,0,26,33,-7,59,2021-07-31 01:15:00,508045
Roman Pinchuk_1708478664,Roman Pinchuk,-3,0,23,33,-10,56,2021-07-31 01:15:00,508046
Iryna Aseieva_2118411285,Iryna Aseieva,3,1,36,27,9,63,2021-07-31 01:20:00,508047
Pavlo Babenko_170396,Pavlo Babenko,-3,0,22,35,-13,57,2021-07-31 01:25:00,508048
A Aslanyan_125465,A Aslanyan,3,1,36,19,17,55,2021-07-31 01:31:00,508049
Viacheslav Isakov_170382,Viacheslav Isakov,1,1,44,47,-3,91,2021-07-31 01:35:00,508050
E Ilyukhin_125420,E Ilyukhin,-2,0,34,38,-4,72,2021-07-31 01:42:00,508051
Viktor Bosak_2013252371,Viktor Bosak,2,1,42,33,9,75,2021-07-31 01:45:00,508052
V Safonov_125493,V Safonov,1,1,41,38,3,79,2021-07-31 01:46:00,508053
Halyna Telna_1602436308,Halyna Telna,1,1,52,44,8,96,2021-07-31 01:50:00,508054
Oleksandr Mishchenko_170397,Oleksandr Mishchenko,2,1,42,31,11,73,2021-07-31 01:55:00,508055
T Turabekov_125466,T Turabekov,3,1,33,14,19,47,2021-07-31 02:01:00,508056
Roman Hnoievoi_170383,Roman Hnoievoi,1,1,55,48,7,103,2021-07-31 02:05:00,508057
D Balakin_125421,D Balakin,-1,0,44,49,-5,93,2021-07-31 02:09:00,508058
Igor Vatsyn_1221382548,Igor Vatsyn,-3,0,16,33,-17,49,2021-07-31 02:15:00,508059
N Zhurba_125494,N Zhurba,-2,0,28,44,-16,72,2021-07-31 02:18:00,508060
Iryna Aseieva_961143956,Iryna Aseieva,2,1,42,27,15,69,2021-07-31 02:20:00,508061
Serhii Tkachev_170398,Serhii Tkachev,2,1,36,32,4,68,2021-07-31 02:25:00,508062
S Ogai_125467,S Ogai,1,1,50,39,11,89,2021-07-31 02:31:00,508063
Nikita Vilenchyts_170384,Nikita Vilenchyts,2,1,42,30,12,72,2021-07-31 02:35:00,508064
E Ilyukhin_125422,E Ilyukhin,-3,0,30,38,-8,68,2021-07-31 02:43:00,508065
Roman Pinchuk_1700470690,Roman Pinchuk,1,1,48,43,5,91,2021-07-31 02:45:00,508066
E Kalashnikov_125495,E Kalashnikov,-3,0,21,33,-12,54,2021-07-31 02:46:00,508067
Halyna Telna_1422533871,Halyna Telna,-2,0,33,36,-3,69,2021-07-31 02:50:00,508068
Artem Chepurnyi_170399,Artem Chepurnyi,2,1,39,36,3,75,2021-07-31 02:55:00,508069
K Churin_125468,K Churin,-2,0,34,40,-6,74,2021-07-31 03:02:00,508070
Oleksandr Buberenko_170385,Oleksandr Buberenko,3,1,33,18,15,51,2021-07-31 03:05:00,508071
A Ilin_125423,A Ilin,2,1,41,34,7,75,2021-07-31 03:11:00,508072
Viktor Bosak_230488216,Viktor Bosak,2,1,37,32,5,69,2021-07-31 03:15:00,508073
A Girevenkov_125496,A Girevenkov,2,1,45,36,9,81,2021-07-31 03:15:00,508074
Iryna Aseieva_2113160995,Iryna Aseieva,-1,0,52,52,0,104,2021-07-31 03:20:00,508075
Pavlo Babenko_170400,Pavlo Babenko,-2,0,26,38,-12,64,2021-07-31 03:25:00,508076
D Korneev_125469,D Korneev,-2,0,33,39,-6,72,2021-07-31 03:30:00,508077
Viacheslav Isakov_170386,Viacheslav Isakov,-3,0,19,33,-14,52,2021-07-31 03:35:00,508078
A Vlasov_125424,A Vlasov,-1,0,49,51,-2,100,2021-07-31 03:41:00,508079
Igor Demchuk_2143476694,Igor Demchuk,2,1,47,42,5,89,2021-07-31 03:45:00,508080
R Kobytov_125497,R Kobytov,1,1,49,45,4,94,2021-07-31 03:46:00,508081
Tatiana Tatianina_354591006,Tatiana Tatianina,-1,0,41,41,0,82,2021-07-31 03:50:00,508082
Oleksandr Mishchenko_170401,Oleksandr Mishchenko,2,1,39,29,10,68,2021-07-31 03:55:00,508083
S Ogai_125470,S Ogai,2,1,42,31,11,73,2021-07-31 04:00:00,508084
Roman Hnoievoi_170387,Roman Hnoievoi,-2,0,34,44,-10,78,2021-07-31 04:05:00,508085
Igor Vatsyn_960730480,Igor Vatsyn,3,1,33,21,12,54,2021-07-31 04:15:00,508086
E Kalashnikov_125498,E Kalashnikov,2,1,42,37,5,79,2021-07-31 04:17:00,508087
Halyna Telna_138915910,Halyna Telna,-1,0,47,48,-1,95,2021-07-31 04:20:00,508088
Yu Lbov_125425,Yu Lbov,2,1,41,37,4,78,2021-07-31 04:21:00,508089
Serhii Tkachev_170402,Serhii Tkachev,1,1,51,38,13,89,2021-07-31 04:25:00,508090
D Korneev_125649,D Korneev,-1,0,43,46,-3,89,2021-07-31 04:32:00,508091
Nikita Vilenchyts_170388,Nikita Vilenchyts,3,1,37,22,15,59,2021-07-31 04:35:00,508092
Igor Demchuk_1756912232,Igor Demchuk,2,1,40,39,1,79,2021-07-31 04:45:00,508093
A Girevenkov_125651,A Girevenkov,-3,0,21,33,-12,54,2021-07-31 04:46:00,508094
A Ilin_125426,A Ilin,1,1,49,41,8,90,2021-07-31 04:50:00,508095
Iryna Aseieva_2112845187,Iryna Aseieva,2,1,38,31,7,69,2021-07-31 04:50:00,508096
Artem Chepurnyi_170403,Artem Chepurnyi,-1,0,46,48,-2,94,2021-07-31 04:55:00,508097
S Ogai_125650,S Ogai,-3,0,23,33,-10,56,2021-07-31 05:01:00,508098
Oleksandr Buberenko_170389,Oleksandr Buberenko,2,1,40,35,5,75,2021-07-31 05:05:00,508099
Igor Vatsyn_551950931,Igor Vatsyn,3,1,34,24,10,58,2021-07-31 05:15:00,508100
R Kobytov_125652,R Kobytov,-3,0,21,34,-13,55,2021-07-31 05:15:00,508101
Halyna Telna_1422218063,Halyna Telna,2,1,47,43,4,90,2021-07-31 05:20:00,508102
Pavlo Babenko_170404,Pavlo Babenko,-3,0,12,33,-21,45,2021-07-31 05:25:00,508103
D Balakin_125653,D Balakin,2,1,40,35,5,75,2021-07-31 05:28:00,508104
Roman Hnoievoi_170390,Roman Hnoievoi,-2,0,41,43,-2,84,2021-07-31 05:35:00,508105
Iryna Aseieva_961037364,Iryna Aseieva,-2,0,35,46,-11,81,2021-07-31 05:50:00,508106
Yu Lbov_125654,Yu Lbov,2,1,42,32,10,74,2021-07-31 05:53:00,508107
Serhii Tkachev_170405,Serhii Tkachev,2,1,42,30,12,72,2021-07-31 05:55:00,508108
Ruslan Solomko_170391,Ruslan Solomko,1,1,46,42,4,88,2021-07-31 06:05:00,508109
Halyna Telna_1602469108,Halyna Telna,-3,0,19,33,-14,52,2021-07-31 06:20:00,508110
Andrii Matiushenko_170406,Andrii Matiushenko,-3,0,21,34,-13,55,2021-07-31 06:25:00,508111
Roman Hnoievoi_170392,Roman Hnoievoi,3,1,34,26,8,60,2021-07-31 06:35:00,508112
Tatiana Tatianina_1985956525,Tatiana Tatianina,-3,0,24,33,-9,57,2021-07-31 06:50:00,508113
Serhii Tkachev_170407,Serhii Tkachev,2,1,49,44,5,93,2021-07-31 06:55:00,508114
Viacheslav Isakov_170393,Viacheslav Isakov,-2,0,32,40,-8,72,2021-07-31 07:05:00,508115
Oleksandr Mishchenko_170408,Oleksandr Mishchenko,2,1,45,39,6,84,2021-07-31 07:25:00,508116
A Kolmin_125569,A Kolmin,-1,0,46,54,-8,100,2021-07-31 07:34:00,508117
K Olshakov_125603,K Olshakov,-3,0,23,35,-12,58,2021-07-31 07:48:00,508118
V Vologzhanin_125535,V Vologzhanin,2,1,45,37,8,82,2021-07-31 07:49:00,508119
Yevhen Pysmennyi_1971366996,Yevhen Pysmennyi,-3,0,16,33,-17,49,2021-07-31 07:50:00,508120
Ivan Pytsko_170451,Ivan Pytsko,3,1,35,20,15,55,2021-07-31 07:50:00,508121
Oleksandr Yarovoi_1602202652,Oleksandr Yarovoi,-1,0,51,48,3,99,2021-07-31 07:55:00,508122
Andrii Dombrovskyi_170466,Andrii Dombrovskyi,1,1,50,42,8,92,2021-07-31 08:00:00,508123
Vitalii Sydorenko_170481,Vitalii Sydorenko,-2,0,26,37,-11,63,2021-07-31 08:05:00,508124
O Belugin_125570,O Belugin,-2,0,42,42,0,84,2021-07-31 08:08:00,508125
Marharyta Saltanovska_170496,Marharyta Saltanovska,-1,0,48,53,-5,101,2021-07-31 08:10:00,508126
Oleg Kolivay_170511,Oleg Kolivay,3,1,34,27,7,61,2021-07-31 08:15:00,508127
V Bazilevskiy_125604,V Bazilevskiy,-2,0,40,46,-6,86,2021-07-31 08:18:00,508128
Oleh Chulanov_170452,Oleh Chulanov,-1,0,42,49,-7,91,2021-07-31 08:20:00,508129
V Staroverov_125536,V Staroverov,3,1,33,19,14,52,2021-07-31 08:21:00,508130
Oleksii Krutko_292884004,Oleksii Krutko,2,1,38,32,6,70,2021-07-31 08:25:00,508131
Vitalii Solovei_1532774287,Vitalii Solovei,1,1,48,43,5,91,2021-07-31 08:30:00,508132
Ivan Fedoryshyn_170467,Ivan Fedoryshyn,2,1,46,37,9,83,2021-07-31 08:30:00,508133
Bohdan Sinkevych_2081637871,Bohdan Sinkevych,2,1,43,36,7,79,2021-07-31 08:35:00,508134
Illia Marynkevych_170482,Illia Marynkevych,-3,0,21,34,-13,55,2021-07-31 08:35:00,508135
Illia Semeniuk_1844635507,Illia Semeniuk,3,1,33,25,8,58,2021-07-31 08:40:00,508136
Alena Petlenko_170497,Alena Petlenko,-1,0,36,49,-13,85,2021-07-31 08:40:00,508137
M Glushkov_125571,M Glushkov,-3,0,29,36,-7,65,2021-07-31 08:42:00,508138
Dmytro Prokopenko_170512,Dmytro Prokopenko,-2,0,23,42,-19,65,2021-07-31 08:45:00,508139
Oleh Formaziuk_910066603,Oleh Formaziuk,2,1,43,36,7,79,2021-07-31 08:45:00,508140
I Pandur_125537,I Pandur,-1,0,45,44,1,89,2021-07-31 08:46:00,508141
Yu Gavrilov_125605,Yu Gavrilov,2,1,37,35,2,72,2021-07-31 08:46:00,508142
Oleksandr Dukhovenko_170526,Oleksandr Dukhovenko,-3,0,16,33,-17,49,2021-07-31 08:50:00,508143
Oleksii Haponov_1708198610,Oleksii Haponov,-3,0,24,33,-9,57,2021-07-31 08:50:00,508144
Volodymyr Korobko_170453,Volodymyr Korobko,-2,0,27,40,-13,67,2021-07-31 08:50:00,508145
Rodion Pirveli_1316335615,Rodion Pirveli,-3,0,20,33,-13,53,2021-07-31 08:55:00,508146
Andrii Peretiatko_170541,Andrii Peretiatko,-3,0,19,33,-14,52,2021-07-31 08:55:00,508147
Nazarii Danyliuk_622608252,Nazarii Danyliuk,1,1,52,38,14,90,2021-07-31 08:55:00,508148
Yurii Teteria_134200528,Yurii Teteria,1,1,58,50,8,108,2021-07-31 09:00:00,508149
Oleksandr Hryshchenko_170468,Oleksandr Hryshchenko,3,1,33,24,9,57,2021-07-31 09:00:00,508150
Frantisek Camr_170681,Frantisek Camr,1,1,50,47,3,97,2021-07-31 09:00:00,508151
Ji Louda_28150,Ji Louda,-3,0,21,33,-12,54,2021-07-31 09:00:00,508152
O Manuylov_125572,O Manuylov,-3,0,24,34,-10,58,2021-07-31 09:03:00,508153
Prokhor Puhach_373032686,Prokhor Puhach,1,1,45,39,6,84,2021-07-31 09:05:00,508154
Ruslan Tolstykh_170483,Ruslan Tolstykh,3,1,34,25,9,59,2021-07-31 09:05:00,508155
Svitlana Babushkina_170498,Svitlana Babushkina,-1,0,49,51,-2,100,2021-07-31 09:10:00,508156
Ivan Mai_1193857786,Ivan Mai,-1,0,45,50,-5,95,2021-07-31 09:10:00,508157
Bohdan Havryliuk_170513,Bohdan Havryliuk,-1,0,52,53,-1,105,2021-07-31 09:15:00,508158
Dmytro Arzanov_1949318458,Dmytro Arzanov,1,1,52,48,4,100,2021-07-31 09:15:00,508159
V Klimentev_125538,V Klimentev,-3,0,24,34,-10,58,2021-07-31 09:17:00,508160
K Nosov_125606,K Nosov,-2,0,33,35,-2,68,2021-07-31 09:18:00,508161
Valentin Bondar_1224056914,Valentin Bondar,-2,0,23,44,-21,67,2021-07-31 09:20:00,508162
Andrii Kovrikov_170527,Andrii Kovrikov,-3,0,19,33,-14,52,2021-07-31 09:20:00,508163
Oleh Chulanov_170454,Oleh Chulanov,1,1,55,53,2,108,2021-07-31 09:20:00,508164
Oleksandr Shapoval_170542,Oleksandr Shapoval,1,1,45,47,-2,92,2021-07-31 09:25:00,508165
Vasyl Kushnir_2081021868,Vasyl Kushnir,-2,0,38,42,-4,80,2021-07-31 09:25:00,508166
Lukas Hobl_170682,Lukas Hobl,-1,0,50,51,-1,101,2021-07-31 09:30:00,508167
Dmytro Alekseenko_31789837,Dmytro Alekseenko,1,1,46,42,4,88,2021-07-31 09:30:00,508168
Ivan Fedoryshyn_170469,Ivan Fedoryshyn,-1,0,48,53,-5,101,2021-07-31 09:30:00,508169
Oleksandr Zhukovskyi_1353570435,Oleksandr Zhukovskyi,-1,0,45,47,-2,92,2021-07-31 09:30:00,508170
A Barton_28151,A Barton,-2,0,35,39,-4,74,2021-07-31 09:30:00,508171
M Glushkov_125573,M Glushkov,-1,0,46,45,1,91,2021-07-31 09:32:00,508172
Illia Marynkevych_170484,Illia Marynkevych,-2,0,29,39,-10,68,2021-07-31 09:35:00,508173
Oleksii Krutko_1420708427,Oleksii Krutko,1,1,54,53,1,107,2021-07-31 09:35:00,508174
Vitalii Solovei_416440286,Vitalii Solovei,3,1,33,20,13,53,2021-07-31 09:40:00,508175
Alena Petlenko_170499,Alena Petlenko,-3,0,20,33,-13,53,2021-07-31 09:40:00,508176
Yu Gavrilov_125607,Yu Gavrilov,3,1,33,23,10,56,2021-07-31 09:45:00,508177
Dmytro Prokopenko_170514,Dmytro Prokopenko,1,1,52,47,5,99,2021-07-31 09:45:00,508178
Bohdan Sinkevych_979191165,Bohdan Sinkevych,1,1,52,52,0,104,2021-07-31 09:45:00,508179
I Pandur_125539,I Pandur,3,1,33,18,15,51,2021-07-31 09:49:00,508180
Illia Semeniuk_213010773,Illia Semeniuk,-2,0,33,40,-7,73,2021-07-31 09:50:00,508181
Nazar Mosiuk_170528,Nazar Mosiuk,3,1,33,20,13,53,2021-07-31 09:50:00,508182
Ivan Pytsko_170455,Ivan Pytsko,-3,0,21,33,-12,54,2021-07-31 09:50:00,508183
Oleh Formaziuk_764608023,Oleh Formaziuk,-3,0,26,34,-8,60,2021-07-31 09:55:00,508184
Ruslan Onishchenko_170543,Ruslan Onishchenko,1,1,45,46,-1,91,2021-07-31 09:55:00,508185
Lukas Hobl_170683,Lukas Hobl,3,1,36,27,9,63,2021-07-31 10:00:00,508186
Oleksii Haponov_1171213388,Oleksii Haponov,2,1,44,33,11,77,2021-07-31 10:00:00,508187
Andrii Dombrovskyi_170470,Andrii Dombrovskyi,2,1,41,37,4,78,2021-07-31 10:00:00,508188
M Sulc_28152,M Sulc,3,1,34,19,15,53,2021-07-31 10:01:00,508189
O Belugin_125574,O Belugin,-2,0,31,38,-7,69,2021-07-31 10:04:00,508190
Vitalii Sydorenko_170485,Vitalii Sydorenko,-3,0,22,34,-12,56,2021-07-31 10:05:00,508191
Valentyn Korovychenko_2028418302,Valentyn Korovychenko,-3,0,25,33,-8,58,2021-07-31 10:05:00,508192
Rodion Pirveli_1085937983,Rodion Pirveli,-3,0,22,33,-11,55,2021-07-31 10:05:00,508193
Marharyta Saltanovska_170500,Marharyta Saltanovska,-3,0,17,33,-16,50,2021-07-31 10:10:00,508194
Yevhen Pysmennyi_85211676,Yevhen Pysmennyi,-3,0,21,33,-12,54,2021-07-31 10:10:00,508195
Oleksandr Yarovoi_2009598552,Oleksandr Yarovoi,-2,0,27,43,-16,70,2021-07-31 10:15:00,508196
Oleg Kolivay_170515,Oleg Kolivay,-1,0,49,55,-6,104,2021-07-31 10:15:00,508197
V Bazilevskiy_125608,V Bazilevskiy,-3,0,15,33,-18,48,2021-07-31 10:15:00,508198
V Staroverov_125540,V Staroverov,2,1,40,37,3,77,2021-07-31 10:15:00,508199
Andrii Kovrikov_170529,Andrii Kovrikov,1,1,47,41,6,88,2021-07-31 10:20:00,508200
Ivan Mai_292914379,Ivan Mai,-2,0,36,40,-4,76,2021-07-31 10:20:00,508201
Volodymyr Kuzmych_170456,Volodymyr Kuzmych,-3,0,17,33,-16,50,2021-07-31 10:20:00,508202
Oleksandr Shapoval_170544,Oleksandr Shapoval,-3,0,15,33,-18,48,2021-07-31 10:25:00,508203
Maksym Mykytiuk_477663285,Maksym Mykytiuk,-1,0,43,50,-7,93,2021-07-31 10:25:00,508204
Frantisek Camr_170684,Frantisek Camr,-1,0,40,45,-5,85,2021-07-31 10:30:00,508205
Serhiy Tkachuk_2142537877,Serhiy Tkachuk,2,1,43,33,10,76,2021-07-31 10:30:00,508206
F Pusch_28153,F Pusch,-1,0,43,48,-5,91,2021-07-31 10:30:00,508207
Valeriy Vlasenko_170471,Valeriy Vlasenko,-3,0,10,33,-23,43,2021-07-31 10:30:00,508208
Volodymyr Vasiukov_170486,Volodymyr Vasiukov,-1,0,48,49,-1,97,2021-07-31 10:35:00,508209
Vasyl Kushnir_1966757167,Vasyl Kushnir,-3,0,23,34,-11,57,2021-07-31 10:35:00,508210
M Glushkov_125655,M Glushkov,3,1,34,22,12,56,2021-07-31 10:37:00,508211
Liliya Andrieieva_170501,Liliya Andrieieva,3,1,33,18,15,51,2021-07-31 10:40:00,508212
Oleksandr Zhukovskyi_1076414140,Oleksandr Zhukovskyi,2,1,45,40,5,85,2021-07-31 10:40:00,508213
Eduard Rubtsov_970838597,Eduard Rubtsov,2,1,43,36,7,79,2021-07-31 10:40:00,508214
Serhii Hohenko_716925316,Serhii Hohenko,2,1,45,41,4,86,2021-07-31 10:45:00,508215
Vitalii Klimov_170516,Vitalii Klimov,2,1,41,28,13,69,2021-07-31 10:45:00,508216
V Bazilevskiy_125657,V Bazilevskiy,-1,0,44,52,-8,96,2021-07-31 10:45:00,508217
V Klimentev_125659,V Klimentev,-3,0,17,36,-19,53,2021-07-31 10:46:00,508218
Oleksandr Dukhovenko_170530,Oleksandr Dukhovenko,-3,0,22,33,-11,55,2021-07-31 10:50:00,508219
Dmytro Mischenko_915407439,Dmytro Mischenko,-2,0,37,44,-7,81,2021-07-31 10:50:00,508220
Volodymyr Korobko_170457,Volodymyr Korobko,2,1,40,33,7,73,2021-07-31 10:50:00,508221
Bohdan Sinkevych_862326050,Bohdan Sinkevych,2,1,39,35,4,74,2021-07-31 10:55:00,508222
Andrii Peretiatko_170545,Andrii Peretiatko,2,1,42,31,11,73,2021-07-31 10:55:00,508223
Dmytro Arzanov_1146805604,Dmytro Arzanov,-3,0,16,33,-17,49,2021-07-31 11:00:00,508224
Jan Zajicek_170685,Jan Zajicek,2,1,39,33,6,72,2021-07-31 11:00:00,508225
Oleksandr Hryshchenko_170472,Oleksandr Hryshchenko,3,1,33,16,17,49,2021-07-31 11:00:00,508226
M Sulc_28154,M Sulc,1,1,51,41,10,92,2021-07-31 11:01:00,508227
O Manuylov_125656,O Manuylov,-2,0,30,42,-12,72,2021-07-31 11:01:00,508228
Ruslan Tolstykh_170487,Ruslan Tolstykh,1,1,46,46,0,92,2021-07-31 11:05:00,508229
Valentin Bondar_1251784677,Valentin Bondar,3,1,33,22,11,55,2021-07-31 11:05:00,508230
Oleksii Haponov_2066415900,Oleksii Haponov,-3,0,16,33,-17,49,2021-07-31 11:10:00,508231
Svitlana Babushkina_170502,Svitlana Babushkina,-3,0,24,35,-11,59,2021-07-31 11:10:00,508232
Bohdan Havryliuk_170517,Bohdan Havryliuk,-1,0,39,50,-11,89,2021-07-31 11:15:00,508233
Nazarii Danyliuk_1833878583,Nazarii Danyliuk,2,1,38,30,8,68,2021-07-31 11:15:00,508234
Dmytro Alekseenko_1830760973,Dmytro Alekseenko,3,1,33,19,14,52,2021-07-31 11:15:00,508235
K Olshakov_125658,K Olshakov,3,1,33,16,17,49,2021-07-31 11:15:00,508236
V Vologzhanin_125660,V Vologzhanin,-3,0,24,37,-13,61,2021-07-31 11:18:00,508237
Oleh Chulanov_170458,Oleh Chulanov,-2,0,45,45,0,90,2021-07-31 11:20:00,508238
Vadym Bochkovskyi_170531,Vadym Bochkovskyi,-1,0,46,51,-5,97,2021-07-31 11:20:00,508239
Yurii Teteria_701968320,Yurii Teteria,3,1,41,35,6,76,2021-07-31 11:20:00,508240
Serhii Pitsyk_170546,Serhii Pitsyk,-2,0,37,43,-6,80,2021-07-31 11:25:00,508241
Prokhor Puhach_1421476001,Prokhor Puhach,2,1,45,40,5,85,2021-07-31 11:25:00,508242
Frantisek Camr_170686,Frantisek Camr,-2,0,38,43,-5,81,2021-07-31 11:30:00,508243
Oleksandr Tuzhylin_169631831,Oleksandr Tuzhylin,2,1,45,30,15,75,2021-07-31 11:30:00,508244
Ivan Fedoryshyn_170473,Ivan Fedoryshyn,3,1,33,23,10,56,2021-07-31 11:30:00,508245
A Shmakov_125575,A Shmakov,1,1,50,38,12,88,2021-07-31 11:31:00,508246
A Barton_28155,A Barton,3,1,34,22,12,56,2021-07-31 11:31:00,508247
Illia Marynkevych_170488,Illia Marynkevych,2,1,43,32,11,75,2021-07-31 11:35:00,508248
Illia Semeniuk_631573934,Illia Semeniuk,2,1,36,31,5,67,2021-07-31 11:35:00,508249
Alena Petlenko_170503,Alena Petlenko,2,1,36,34,2,70,2021-07-31 11:40:00,508250
Oleh Formaziuk_888343097,Oleh Formaziuk,1,1,46,44,2,90,2021-07-31 11:40:00,508251
Dmytro Prokopenko_170518,Dmytro Prokopenko,1,1,54,41,13,95,2021-07-31 11:45:00,508252
Nazarii Kovalchuk_1792782529,Nazarii Kovalchuk,1,1,48,44,4,92,2021-07-31 11:45:00,508253
F Ambrosimov_125609,F Ambrosimov,2,1,45,38,7,83,2021-07-31 11:47:00,508254
Ivan Pytsko_170459,Ivan Pytsko,-3,0,26,33,-7,59,2021-07-31 11:50:00,508255
Nazar Mosiuk_170532,Nazar Mosiuk,1,1,46,53,-7,99,2021-07-31 11:50:00,508256
Sergey Filatov_1457649036,Sergey Filatov,-2,0,35,45,-10,80,2021-07-31 11:50:00,508257
Rodion Pirveli_259759592,Rodion Pirveli,-1,0,43,51,-8,94,2021-07-31 11:50:00,508258
E Glazun_125541,E Glazun,-3,0,23,36,-13,59,2021-07-31 11:51:00,508259
Oleksii Krutko_2026164445,Oleksii Krutko,-3,0,30,38,-8,68,2021-07-31 11:55:00,508260
Ruslan Onishchenko_170547,Ruslan Onishchenko,-1,0,46,48,-2,94,2021-07-31 11:55:00,508261
Andrii Dombrovskyi_170474,Andrii Dombrovskyi,1,1,49,44,5,93,2021-07-31 12:00:00,508262
Vitalii Solovei_830762332,Vitalii Solovei,2,1,42,30,12,72,2021-07-31 12:00:00,508263
Ji Louda_28180,Ji Louda,-1,0,41,51,-10,92,2021-07-31 12:01:00,508264
V Kutin_125576,V Kutin,-3,0,19,34,-15,53,2021-07-31 12:02:00,508265
Vitalii Sydorenko_170489,Vitalii Sydorenko,2,1,43,38,5,81,2021-07-31 12:05:00,508266
Ivan Mai_1789283583,Ivan Mai,-1,0,39,44,-5,83,2021-07-31 12:05:00,508267
Marharyta Saltanovska_170504,Marharyta Saltanovska,2,1,42,30,12,72,2021-07-31 12:10:00,508268
Maksym Mykytiuk_1272941059,Maksym Mykytiuk,-2,0,35,40,-5,75,2021-07-31 12:10:00,508269
Serhiy Tkachuk_1376449242,Serhiy Tkachuk,3,1,33,16,17,49,2021-07-31 12:15:00,508270
Oleg Kolivay_170519,Oleg Kolivay,-2,0,26,39,-13,65,2021-07-31 12:15:00,508271
M Cheklin_125610,M Cheklin,1,1,49,45,4,94,2021-07-31 12:16:00,508272
E Shishko_125542,E Shishko,-2,0,45,51,-6,96,2021-07-31 12:18:00,508273
Volodymyr Kuzmych_170460,Volodymyr Kuzmych,3,1,35,24,11,59,2021-07-31 12:20:00,508274
Andrii Kovrikov_170533,Andrii Kovrikov,-1,0,49,50,-1,99,2021-07-31 12:20:00,508275
Vasyl Verbianyi_1582325069,Vasyl Verbianyi,2,1,39,35,4,74,2021-07-31 12:20:00,508276
Valentyn Korovychenko_308998251,Valentyn Korovychenko,-3,0,22,33,-11,55,2021-07-31 12:25:00,508277
Oleksandr Shapoval_170548,Oleksandr Shapoval,-2,0,37,45,-8,82,2021-07-31 12:25:00,508278
Eduard Rubtsov_717066982,Eduard Rubtsov,-3,0,23,34,-11,57,2021-07-31 12:25:00,508279
Yevhen Pysmennyi_620220863,Yevhen Pysmennyi,-1,0,51,56,-5,107,2021-07-31 12:30:00,508280
Tomas Vorisek_170717,Tomas Vorisek,3,1,34,22,12,56,2021-07-31 12:30:00,508281
Valeriy Vlasenko_170475,Valeriy Vlasenko,1,1,53,48,5,101,2021-07-31 12:30:00,508282
A Komarov_125577,A Komarov,-1,0,42,49,-7,91,2021-07-31 12:31:00,508283
A Barton_28181,A Barton,-3,0,23,33,-10,56,2021-07-31 12:32:00,508284
Volodymyr Vasiukov_170490,Volodymyr Vasiukov,2,1,41,35,6,76,2021-07-31 12:35:00,508285
Oleksandr Yarovoi_1317260597,Oleksandr Yarovoi,-2,0,36,45,-9,81,2021-07-31 12:35:00,508286
Liliya Andrieieva_170505,Liliya Andrieieva,-2,0,31,44,-13,75,2021-07-31 12:40:00,508287
Bohdan Sinkevych_1601706502,Bohdan Sinkevych,1,1,48,45,3,93,2021-07-31 12:40:00,508288
Vitalii Klimov_170520,Vitalii Klimov,-2,0,35,42,-7,77,2021-07-31 12:45:00,508289
Dmytro Arzanov_1890383562,Dmytro Arzanov,-1,0,39,44,-5,83,2021-07-31 12:45:00,508290
P Semeshin_125543,P Semeshin,2,1,43,27,16,70,2021-07-31 12:46:00,508291
Valentin Bondar_1144257112,Valentin Bondar,2,1,40,27,13,67,2021-07-31 12:50:00,508292
Volodymyr Korobko_170461,Volodymyr Korobko,-2,0,29,42,-13,71,2021-07-31 12:50:00,508293
Oleksandr Dukhovenko_170534,Oleksandr Dukhovenko,-1,0,40,56,-16,96,2021-07-31 12:50:00,508294
M Pronkin_125611,M Pronkin,-1,0,52,53,-1,105,2021-07-31 12:52:00,508295
Andrii Peretiatko_170549,Andrii Peretiatko,-2,0,38,44,-6,82,2021-07-31 12:55:00,508296
Vasyl Kushnir_680973688,Vasyl Kushnir,-1,0,42,48,-6,90,2021-07-31 12:55:00,508297
Dmytro Alekseenko_1805674051,Dmytro Alekseenko,2,1,43,32,11,75,2021-07-31 13:00:00,508298
A Mohnachev_125578,A Mohnachev,1,1,42,38,4,80,2021-07-31 13:00:00,508299
Oleksandr Zhukovskyi_589023976,Oleksandr Zhukovskyi,-2,0,34,42,-8,76,2021-07-31 13:00:00,508300
Oleksandr Hryshchenko_170476,Oleksandr Hryshchenko,3,1,37,30,7,67,2021-07-31 13:00:00,508301
Tomas Ramsauer_170687,Tomas Ramsauer,-3,0,26,37,-11,63,2021-07-31 13:00:00,508302
P Pycha_28156,P Pycha,3,1,33,13,20,46,2021-07-31 13:00:00,508303
Jan Zajicek_170718,Jan Zajicek,1,1,49,44,5,93,2021-07-31 13:00:00,508304
Serhii Hohenko_218116216,Serhii Hohenko,-1,0,45,54,-9,99,2021-07-31 13:05:00,508305
Ruslan Tolstykh_170491,Ruslan Tolstykh,-3,0,23,34,-11,57,2021-07-31 13:05:00,508306
Svitlana Babushkina_170506,Svitlana Babushkina,1,1,52,40,12,92,2021-07-31 13:10:00,508307
Dmytro Mischenko_1129811557,Dmytro Mischenko,-3,0,22,33,-11,55,2021-07-31 13:10:00,508308
I Afanasev_125544,I Afanasev,2,1,43,37,6,80,2021-07-31 13:15:00,508309
Ivan Mai_340421240,Ivan Mai,-1,0,49,55,-6,104,2021-07-31 13:15:00,508310
Bohdan Havryliuk_170521,Bohdan Havryliuk,-2,0,34,42,-8,76,2021-07-31 13:15:00,508311
Vadim Sidorenko_630122852,Vadim Sidorenko,-2,0,33,42,-9,75,2021-07-31 13:20:00,508312
Vadym Bochkovskyi_170535,Vadym Bochkovskyi,-3,0,28,40,-12,68,2021-07-31 13:20:00,508313
Ivan Pytsko_170462,Ivan Pytsko,-3,0,29,35,-6,64,2021-07-31 13:20:00,508314
Serhii Pitsyk_170550,Serhii Pitsyk,1,1,44,40,4,84,2021-07-31 13:25:00,508315
Pavlo Chyzh_1966212243,Pavlo Chyzh,3,1,36,28,8,64,2021-07-31 13:25:00,508316
A Chentsov_125612,A Chentsov,-2,0,36,43,-7,79,2021-07-31 13:27:00,508317
Vasyl Verbianyi_1193290541,Vasyl Verbianyi,1,1,48,49,-1,97,2021-07-31 13:30:00,508318
Roman Zydyk_170688,Roman Zydyk,-3,0,16,33,-17,49,2021-07-31 13:30:00,508319
Andrii Dombrovskyi_170477,Andrii Dombrovskyi,-1,0,43,47,-4,90,2021-07-31 13:30:00,508320
A Komarov_125579,A Komarov,-2,0,35,40,-5,75,2021-07-31 13:31:00,508321
A Barbora_28157,A Barbora,3,1,35,28,7,63,2021-07-31 13:31:00,508322
Vitalii Sydorenko_170492,Vitalii Sydorenko,3,1,33,25,8,58,2021-07-31 13:35:00,508323
Nazarii Danyliuk_1512456236,Nazarii Danyliuk,-2,0,33,42,-9,75,2021-07-31 13:35:00,508324
Roman Reznichenko_921191364,Roman Reznichenko,1,1,56,51,5,107,2021-07-31 13:35:00,508325
Yurii Teteria_469614805,Yurii Teteria,2,1,43,30,13,73,2021-07-31 13:40:00,508326
Marharyta Saltanovska_170507,Marharyta Saltanovska,-3,0,28,34,-6,62,2021-07-31 13:40:00,508327
Oleg Kolivay_170522,Oleg Kolivay,1,1,50,51,-1,101,2021-07-31 13:45:00,508328
Prokhor Puhach_1283623722,Prokhor Puhach,-1,0,39,50,-11,89,2021-07-31 13:45:00,508329
Nazarii Sydorak_170463,Nazarii Sydorak,-1,0,36,50,-14,86,2021-07-31 13:50:00,508330
P Semeshin_125545,P Semeshin,-2,0,43,48,-5,91,2021-07-31 13:50:00,508331
Bohdan Sinkevych_1278506934,Bohdan Sinkevych,-2,0,35,45,-10,80,2021-07-31 13:50:00,508332
Nazar Mosiuk_170536,Nazar Mosiuk,-1,0,49,53,-4,102,2021-07-31 13:50:00,508333
M Pronkin_125613,M Pronkin,-3,0,27,35,-8,62,2021-07-31 13:54:00,508334
Illia Semeniuk_1916035593,Illia Semeniuk,-3,0,15,33,-18,48,2021-07-31 13:55:00,508335
Ruslan Onishchenko_170551,Ruslan Onishchenko,-1,0,41,52,-11,93,2021-07-31 13:55:00,508336
Oleh Formaziuk_1069509317,Oleh Formaziuk,3,1,33,16,17,49,2021-07-31 14:00:00,508337
Illia Valchuk_170478,Illia Valchuk,3,1,33,17,16,50,2021-07-31 14:00:00,508338
V Dolezal_28158,V Dolezal,1,1,49,47,2,96,2021-07-31 14:00:00,508339
Roman Zydyk_170689,Roman Zydyk,-3,0,20,34,-14,54,2021-07-31 14:00:00,508340
V Kutin_125580,V Kutin,3,1,34,27,7,61,2021-07-31 14:01:00,508341
Vasyl Kushnir_950156472,Vasyl Kushnir,2,1,41,30,11,71,2021-07-31 14:05:00,508342
Viktor Leonov_170493,Viktor Leonov,-3,0,13,33,-20,46,2021-07-31 14:05:00,508343
Rodion Pirveli_1596467432,Rodion Pirveli,3,1,34,25,9,59,2021-07-31 14:10:00,508344
Anzhela Hassan_170508,Anzhela Hassan,-3,0,20,33,-13,53,2021-07-31 14:10:00,508345
Sergey Filatov_194116881,Sergey Filatov,-2,0,45,51,-6,96,2021-07-31 14:10:00,508346
Yevhen Pysmennyi_738354543,Yevhen Pysmennyi,1,1,50,44,6,94,2021-07-31 14:15:00,508347
Oleh Kuzyshyn_170523,Oleh Kuzyshyn,1,1,46,44,2,90,2021-07-31 14:15:00,508348
E Shishko_125546,E Shishko,3,1,33,19,14,52,2021-07-31 14:16:00,508349
M Cheklin_125614,M Cheklin,-1,0,51,44,7,95,2021-07-31 14:19:00,508350
Ivan Pytsko_170464,Ivan Pytsko,-3,0,24,34,-10,58,2021-07-31 14:20:00,508351
Oleksandr Yarovoi_1688366395,Oleksandr Yarovoi,-2,0,30,39,-9,69,2021-07-31 14:20:00,508352
Oleksandr Dukhovenko_170537,Oleksandr Dukhovenko,-1,0,41,44,-3,85,2021-07-31 14:20:00,508353
Ivan Mai_1648232732,Ivan Mai,1,1,50,40,10,90,2021-07-31 14:25:00,508354
Andrii Peretiatko_170552,Andrii Peretiatko,-3,0,17,33,-16,50,2021-07-31 14:25:00,508355
K Novak_28159,K Novak,2,1,42,27,15,69,2021-07-31 14:30:00,508356
Andrii Dombrovskyi_170479,Andrii Dombrovskyi,3,1,33,18,15,51,2021-07-31 14:30:00,508357
Tomas Ramsauer_170690,Tomas Ramsauer,-1,0,33,43,-10,76,2021-07-31 14:30:00,508358
Vadim Sidorenko_38371111,Vadim Sidorenko,-1,0,45,51,-6,96,2021-07-31 14:30:00,508359
V Kutin_125695,V Kutin,1,1,50,45,5,95,2021-07-31 14:31:00,508360
Pavlo Chyzh_698612445,Pavlo Chyzh,3,1,36,25,11,61,2021-07-31 14:35:00,508361
Vitalii Sydorenko_170494,Vitalii Sydorenko,1,1,45,42,3,87,2021-07-31 14:35:00,508362
Vasyl Verbianyi_1124103542,Vasyl Verbianyi,3,1,37,30,7,67,2021-07-31 14:40:00,508363
Marharyta Saltanovska_170509,Marharyta Saltanovska,-2,0,33,44,-11,77,2021-07-31 14:40:00,508364
E Glazun_125721,E Glazun,2,1,41,35,6,76,2021-07-31 14:45:00,508365
Eduard Rubtsov_1212792434,Eduard Rubtsov,3,1,33,20,13,53,2021-07-31 14:45:00,508366
Valentyn Korovychenko_1348797615,Valentyn Korovychenko,1,1,48,48,0,96,2021-07-31 14:45:00,508367
Oleg Kolivay_170524,Oleg Kolivay,1,1,45,43,2,88,2021-07-31 14:45:00,508368
Oleksandr Levadnyi_1144159463,Oleksandr Levadnyi,-1,0,47,53,-6,100,2021-07-31 14:50:00,508369
Oleh Chulanov_170465,Oleh Chulanov,-3,0,23,34,-11,57,2021-07-31 14:50:00,508370
Andrii Lukatskyi_170538,Andrii Lukatskyi,-2,0,29,41,-12,70,2021-07-31 14:50:00,508371
Serhii Kubrak_930493144,Serhii Kubrak,2,1,43,38,5,81,2021-07-31 14:55:00,508372
Maksym Marchuk_170553,Maksym Marchuk,2,1,40,29,11,69,2021-07-31 14:55:00,508373
M Pronkin_125733,M Pronkin,-2,0,28,40,-12,68,2021-07-31 14:55:00,508374
Ivan Fedoryshyn_170480,Ivan Fedoryshyn,2,1,40,28,12,68,2021-07-31 15:00:00,508375
Artur Akopyan_170691,Artur Akopyan,2,1,41,32,9,73,2021-07-31 15:00:00,508376
V Dolezal_28160,V Dolezal,3,1,34,26,8,60,2021-07-31 15:00:00,508377
Oleksandr Tuzhylin_634969432,Oleksandr Tuzhylin,-2,0,35,39,-4,74,2021-07-31 15:00:00,508378
A Shmakov_125696,A Shmakov,-1,0,42,43,-1,85,2021-07-31 15:02:00,508379
Illia Marynkevych_170495,Illia Marynkevych,1,1,52,42,10,94,2021-07-31 15:05:00,508380
Dmytro Arzanov_997368519,Dmytro Arzanov,-2,0,30,43,-13,73,2021-07-31 15:05:00,508381
Serhiy Tkachuk_1481059544,Serhiy Tkachuk,-2,0,33,43,-10,76,2021-07-31 15:10:00,508382
Alena Petlenko_170510,Alena Petlenko,1,1,44,43,1,87,2021-07-31 15:10:00,508383
Oleksii Haponov_1326960241,Oleksii Haponov,-2,0,36,44,-8,80,2021-07-31 15:15:00,508384
Dmytro Prokopenko_170525,Dmytro Prokopenko,-3,0,21,34,-13,55,2021-07-31 15:15:00,508385
P Semeshin_125722,P Semeshin,2,1,41,24,17,65,2021-07-31 15:15:00,508386
M Cheklin_125734,M Cheklin,3,1,33,21,12,54,2021-07-31 15:19:00,508387
Oleksandr Naida_992487917,Oleksandr Naida,-2,0,19,43,-24,62,2021-07-31 15:20:00,508388
Nazarii Danyliuk_1405320815,Nazarii Danyliuk,2,1,41,34,7,75,2021-07-31 15:20:00,508389
Vladyslav-Ivan Sheremeta_170556,Vladyslav-Ivan Sheremeta,-2,0,22,43,-21,65,2021-07-31 15:20:00,508390
Oleksandr Dukhovenko_170539,Oleksandr Dukhovenko,1,1,58,53,5,111,2021-07-31 15:20:00,508391
Andrii Peretiatko_170554,Andrii Peretiatko,-3,0,24,33,-9,57,2021-07-31 15:25:00,508392
Yevhen Pysmennyi_1766167510,Yevhen Pysmennyi,-2,0,32,38,-6,70,2021-07-31 15:25:00,508393
Kyrylo Yurchenko_170611,Kyrylo Yurchenko,3,1,33,21,12,54,2021-07-31 15:30:00,508394
Oleksandr Yarovoi_498763446,Oleksandr Yarovoi,1,1,48,45,3,93,2021-07-31 15:30:00,508395
S Muslikov_125581,S Muslikov,-1,0,42,44,-2,86,2021-07-31 15:30:00,508396
Tomas Ramsauer_170692,Tomas Ramsauer,-2,0,39,45,-6,84,2021-07-31 15:30:00,508397
A Barbora_28161,A Barbora,3,1,33,24,9,57,2021-07-31 15:30:00,508398
Yevhen Masko_1661490338,Yevhen Masko,1,1,61,55,6,116,2021-07-31 15:35:00,508399
Maksym Tytskyi_170566,Maksym Tytskyi,-2,0,32,40,-8,72,2021-07-31 15:35:00,508400
Nikita Korbut_1188987876,Nikita Korbut,-1,0,49,54,-5,103,2021-07-31 15:40:00,508401
Nataliia Konovalova_170581,Nataliia Konovalova,3,1,33,20,13,53,2021-07-31 15:40:00,508402
Serhii Bidnyk_170596,Serhii Bidnyk,2,1,40,31,9,71,2021-07-31 15:45:00,508403
I Kovalev_125547,I Kovalev,2,1,41,27,14,68,2021-07-31 15:46:00,508404
A Slachshilin_125615,A Slachshilin,3,1,33,22,11,55,2021-07-31 15:47:00,508405
Roman Demchuk_860356073,Roman Demchuk,-1,0,48,49,-1,97,2021-07-31 15:50:00,508406
Andrii Kovrikov_170540,Andrii Kovrikov,-3,0,17,33,-16,50,2021-07-31 15:50:00,508407
Oleksandr Kalynevych_170557,Oleksandr Kalynevych,2,1,41,31,10,72,2021-07-31 15:50:00,508408
Oleksandr Shapoval_170555,Oleksandr Shapoval,3,1,33,25,8,58,2021-07-31 15:55:00,508409
Pavlo Plushch_1674166115,Pavlo Plushch,3,1,33,16,17,49,2021-07-31 15:55:00,508410
Mykola Lytvynenko_443770868,Mykola Lytvynenko,-2,0,37,42,-5,79,2021-07-31 15:55:00,508411
Tomas Lukes_170719,Tomas Lukes,1,1,46,45,1,91,2021-07-31 16:00:00,508412
K Novak_28206,K Novak,-1,0,41,51,-10,92,2021-07-31 16:00:00,508413
Mykhailo Mosiuk_170612,Mykhailo Mosiuk,1,1,56,45,11,101,2021-07-31 16:00:00,508414
Oleksii Krutko_1679380073,Oleksii Krutko,-1,0,39,52,-13,91,2021-07-31 16:00:00,508415
V Vologzhanin_125582,V Vologzhanin,-2,0,24,41,-17,65,2021-07-31 16:02:00,508416
Ruslan Solomko_170567,Ruslan Solomko,2,1,46,40,6,86,2021-07-31 16:05:00,508417
Vitalii Solovei_1160559297,Vitalii Solovei,-1,0,47,43,4,90,2021-07-31 16:05:00,508418
Uryi Schepanskyi_2141064653,Uryi Schepanskyi,2,1,44,39,5,83,2021-07-31 16:10:00,508419
Anastasia Degteva_170582,Anastasia Degteva,1,1,52,41,11,93,2021-07-31 16:10:00,508420
Gennadiy Karebin_150374560,Gennadiy Karebin,-3,0,14,33,-19,47,2021-07-31 16:15:00,508421
Dmytro Kunchurov_170597,Dmytro Kunchurov,-2,0,29,42,-13,71,2021-07-31 16:15:00,508422
I Poletaev_125616,I Poletaev,1,1,48,46,2,94,2021-07-31 16:16:00,508423
I Minchenkov_125548,I Minchenkov,1,1,51,53,-2,104,2021-07-31 16:16:00,508424
Vladyslav-Ivan Sheremeta_170558,Vladyslav-Ivan Sheremeta,-3,0,19,33,-14,52,2021-07-31 16:20:00,508425
Yurii Novokhatskyi_2049177580,Yurii Novokhatskyi,-3,0,12,33,-21,45,2021-07-31 16:20:00,508426
Vasyl Pleshkan_1140421231,Vasyl Pleshkan,2,1,37,36,1,73,2021-07-31 16:25:00,508427
Oleksandr Mishchenko_170621,Oleksandr Mishchenko,3,1,41,35,6,76,2021-07-31 16:25:00,508428
M Sverdlov_125583,M Sverdlov,3,1,33,22,11,55,2021-07-31 16:30:00,508429
Nazarii Danyliuk_67253679,Nazarii Danyliuk,3,1,34,22,12,56,2021-07-31 16:30:00,508430
Kyrylo Yurchenko_170613,Kyrylo Yurchenko,1,1,50,40,10,90,2021-07-31 16:30:00,508431
Roman Zydyk_170720,Roman Zydyk,-2,0,30,38,-8,68,2021-07-31 16:30:00,508432
Ruslan Hripun_763369887,Ruslan Hripun,-1,0,43,48,-5,91,2021-07-31 16:30:00,508433
V Dolezal_28207,V Dolezal,-3,0,20,33,-13,53,2021-07-31 16:30:00,508434
Yevhen Pysmennyi_103310130,Yevhen Pysmennyi,1,1,52,50,2,102,2021-07-31 16:35:00,508435
Roman Hnoievoi_170568,Roman Hnoievoi,-3,0,24,33,-9,57,2021-07-31 16:35:00,508436
Dmytro Mischenko_1338628384,Dmytro Mischenko,-1,0,41,50,-9,91,2021-07-31 16:40:00,508437
Liudmyla Kudriei_170583,Liudmyla Kudriei,-3,0,12,33,-21,45,2021-07-31 16:40:00,508438
Yevhen Masko_1807013083,Yevhen Masko,2,1,39,34,5,73,2021-07-31 16:45:00,508439
Vladyslav Stukalov_170598,Vladyslav Stukalov,-2,0,35,41,-6,76,2021-07-31 16:45:00,508440
Nikita Korbut_316800523,Nikita Korbut,2,1,46,36,10,82,2021-07-31 16:50:00,508441
Yaroslav Tebenko_170559,Yaroslav Tebenko,-1,0,49,47,2,96,2021-07-31 16:50:00,508442
G Evglevskiy_125617,G Evglevskiy,-1,0,42,49,-7,91,2021-07-31 16:52:00,508443
D Evlahin_125549,D Evlahin,-1,0,48,47,1,95,2021-07-31 16:53:00,508444
Serhii Chelpanov_170622,Serhii Chelpanov,2,1,41,37,4,78,2021-07-31 16:55:00,508445
Vasil Salivonchyk_840519293,Vasil Salivonchyk,-3,0,23,33,-10,56,2021-07-31 16:55:00,508446
Vladyslav Ratushniak_170614,Vladyslav Ratushniak,-1,0,45,49,-4,94,2021-07-31 17:00:00,508447
Jan Zajicek_170693,Jan Zajicek,2,1,45,36,9,81,2021-07-31 17:00:00,508448
Roman Demchuk_1788775395,Roman Demchuk,-1,0,44,46,-2,90,2021-07-31 17:00:00,508449
E Anisimov_125584,E Anisimov,-3,0,15,33,-18,48,2021-07-31 17:02:00,508450
M-n Regner_28162,M-n Regner,2,1,42,39,3,81,2021-07-31 17:02:00,508451
Pavlo Plushch_320922007,Pavlo Plushch,3,1,33,18,15,51,2021-07-31 17:05:00,508452
Oleksandr Zhukovskyi_664021791,Oleksandr Zhukovskyi,3,1,33,18,15,51,2021-07-31 17:05:00,508453
Ruslan Solomko_170569,Ruslan Solomko,-3,0,13,33,-20,46,2021-07-31 17:05:00,508454
Oleksii Krutko_117798280,Oleksii Krutko,-1,0,40,49,-9,89,2021-07-31 17:10:00,508455
Anastasia Degteva_170584,Anastasia Degteva,-3,0,20,33,-13,53,2021-07-31 17:10:00,508456
Dmytro Kunchurov_170599,Dmytro Kunchurov,3,1,33,17,16,50,2021-07-31 17:15:00,508457
Vadym Komar_1626472380,Vadym Komar,1,1,41,38,3,79,2021-07-31 17:15:00,508458
Vladyslav Sliuzenko_804358772,Vladyslav Sliuzenko,-2,0,39,47,-8,86,2021-07-31 17:20:00,508459
Oleksandr Kalynevych_170560,Oleksandr Kalynevych,-3,0,24,35,-11,59,2021-07-31 17:20:00,508460
I Novikov_125550,I Novikov,-3,0,17,33,-16,50,2021-07-31 17:23:00,508461
Serhii Tkachev_170623,Serhii Tkachev,-2,0,39,42,-3,81,2021-07-31 17:25:00,508462
Yaroslav Voytenko_1488228317,Yaroslav Voytenko,-2,0,36,48,-12,84,2021-07-31 17:25:00,508463
I Matveyev_125618,I Matveyev,2,1,41,36,5,77,2021-07-31 17:29:00,508464
Yurii Novokhatskyi_697647383,Yurii Novokhatskyi,-1,0,40,51,-11,91,2021-07-31 17:30:00,508465
Lukas Hobl_170694,Lukas Hobl,2,1,43,38,5,81,2021-07-31 17:30:00,508466
Mykhailo Mosiuk_170615,Mykhailo Mosiuk,-2,0,42,47,-5,89,2021-07-31 17:30:00,508467
M Sverdlov_125585,M Sverdlov,2,1,42,31,11,73,2021-07-31 17:31:00,508468
Ivan Syniavskyi_1743894945,Ivan Syniavskyi,-3,0,22,33,-11,55,2021-07-31 17:35:00,508469
Maksym Tytskyi_170570,Maksym Tytskyi,3,1,33,12,21,45,2021-07-31 17:35:00,508470
P Pycha_28163,P Pycha,-2,0,35,40,-5,75,2021-07-31 17:37:00,508471
Valentyn Korovychenko_737072592,Valentyn Korovychenko,2,1,49,45,4,94,2021-07-31 17:40:00,508472
Nataliia Konovalova_170585,Nataliia Konovalova,2,1,47,40,7,87,2021-07-31 17:40:00,508473
Ruslan Hripun_2122900205,Ruslan Hripun,1,1,48,37,11,85,2021-07-31 17:40:00,508474
D Evlahin_125551,D Evlahin,-3,0,22,34,-12,56,2021-07-31 17:45:00,508475
Roman Cherevko_2018452487,Roman Cherevko,-3,0,27,35,-8,62,2021-07-31 17:45:00,508476
Serhii Bidnyk_170600,Serhii Bidnyk,1,1,50,52,-2,102,2021-07-31 17:45:00,508477
Serhii Kubrak_163240753,Serhii Kubrak,-2,0,33,39,-6,72,2021-07-31 17:50:00,508478
Mykola Laba_170636,Mykola Laba,1,1,51,50,1,101,2021-07-31 17:50:00,508479
Vladyslav-Ivan Sheremeta_170561,Vladyslav-Ivan Sheremeta,-1,0,52,50,2,102,2021-07-31 17:50:00,508480
Serhii Chelpanov_170624,Serhii Chelpanov,-3,0,24,33,-9,57,2021-07-31 17:55:00,508481
Uryi Schepanskyi_1943302730,Uryi Schepanskyi,-3,0,17,33,-16,50,2021-07-31 17:55:00,508482
G Evglevskiy_125619,G Evglevskiy,3,1,33,17,16,50,2021-07-31 17:57:00,508483
Lukas Hobl_170695,Lukas Hobl,1,1,48,40,8,88,2021-07-31 18:00:00,508484
Gennadiy Karebin_2112519061,Gennadiy Karebin,-2,0,44,42,2,86,2021-07-31 18:00:00,508485
Kyrylo Yurchenko_170616,Kyrylo Yurchenko,2,1,45,36,9,81,2021-07-31 18:00:00,508486
V Vologzhanin_125586,V Vologzhanin,2,1,36,29,7,65,2021-07-31 18:01:00,508487
A Barbora_28164,A Barbora,-3,0,26,34,-8,60,2021-07-31 18:02:00,508488
Mykola Treshchetka_1079885653,Mykola Treshchetka,-2,0,37,41,-4,78,2021-07-31 18:05:00,508489
Yurii Kurishchenko_170571,Yurii Kurishchenko,-3,0,29,35,-6,64,2021-07-31 18:05:00,508490
Vasyl Pleshkan_842660339,Vasyl Pleshkan,3,1,34,21,13,55,2021-07-31 18:10:00,508491
Yuliia Khilinska_170586,Yuliia Khilinska,2,1,40,37,3,77,2021-07-31 18:10:00,508492
Ivan Panchenko_170601,Ivan Panchenko,-1,0,51,53,-2,104,2021-07-31 18:15:00,508493
Pavlo Plushch_1680180133,Pavlo Plushch,2,1,37,29,8,66,2021-07-31 18:15:00,508494
Sergey Filatov_1816076190,Sergey Filatov,-2,0,26,41,-15,67,2021-07-31 18:15:00,508495
I Minchenkov_125552,I Minchenkov,-3,0,17,33,-16,50,2021-07-31 18:15:00,508496
I Poletaev_125620,I Poletaev,-1,0,39,46,-7,85,2021-07-31 18:17:00,508497
Viacheslav Kovalenko_330035145,Viacheslav Kovalenko,2,1,47,37,10,84,2021-07-31 18:20:00,508498
Oleksandr Kalynevych_170562,Oleksandr Kalynevych,-2,0,28,39,-11,67,2021-07-31 18:20:00,508499
Viktor Yevtodii_170637,Viktor Yevtodii,3,1,33,12,21,45,2021-07-31 18:20:00,508500
Oleksandr Mishchenko_170625,Oleksandr Mishchenko,2,1,42,34,8,76,2021-07-31 18:25:00,508501
Dmitriy Lebed_1361275224,Dmitriy Lebed,2,1,38,28,10,66,2021-07-31 18:25:00,508502
Yevhen Masko_710271776,Yevhen Masko,-1,0,44,48,-4,92,2021-07-31 18:30:00,508503
Mykhailo Mosiuk_170617,Mykhailo Mosiuk,2,1,40,33,7,73,2021-07-31 18:30:00,508504
Jan Zajicek_170696,Jan Zajicek,1,1,46,47,-1,93,2021-07-31 18:30:00,508505
S Muslikov_125769,S Muslikov,-3,0,17,33,-16,50,2021-07-31 18:31:00,508506
Nikita Korbut_551575329,Nikita Korbut,-3,0,24,34,-10,58,2021-07-31 18:35:00,508507
Roman Hnoievoi_170572,Roman Hnoievoi,-3,0,11,33,-22,44,2021-07-31 18:35:00,508508
M Kolar_28165,M Kolar,-3,0,25,35,-10,60,2021-07-31 18:36:00,508509
Liudmyla Kudriei_170587,Liudmyla Kudriei,-1,0,50,47,3,97,2021-07-31 18:40:00,508510
Vasil Salivonchyk_1706487965,Vasil Salivonchyk,1,1,58,51,7,109,2021-07-31 18:40:00,508511
Roman Demchuk_261197881,Roman Demchuk,1,1,47,49,-2,96,2021-07-31 18:45:00,508512
Vladyslav Stukalov_170602,Vladyslav Stukalov,-3,0,28,37,-9,65,2021-07-31 18:45:00,508513
D Evlahin_125771,D Evlahin,-2,0,31,43,-12,74,2021-07-31 18:46:00,508514
Volodymyr Plishylo_444953090,Volodymyr Plishylo,-3,0,23,33,-10,56,2021-07-31 18:50:00,508515
Yaroslav Tebenko_170563,Yaroslav Tebenko,-2,0,29,40,-11,69,2021-07-31 18:50:00,508516
Mykhailo Presniakov_2018922432,Mykhailo Presniakov,2,1,40,28,12,68,2021-07-31 18:50:00,508517
Leonid Ivanov_170638,Leonid Ivanov,2,1,42,24,18,66,2021-07-31 18:50:00,508518
I Matveyev_125773,I Matveyev,-3,0,26,34,-8,60,2021-07-31 18:52:00,508519
Dmytro Baistriuchenko_986277949,Dmytro Baistriuchenko,1,1,51,42,9,93,2021-07-31 18:55:00,508520
Pavlo Babenko_170626,Pavlo Babenko,3,1,36,27,9,63,2021-07-31 18:55:00,508521
Jan Zaloudik_170697,Jan Zaloudik,2,1,43,35,8,78,2021-07-31 19:00:00,508522
Vladyslav Ratushniak_170618,Vladyslav Ratushniak,-2,0,33,43,-10,76,2021-07-31 19:00:00,508523
Dmitriy Lebed_1122941467,Dmitriy Lebed,3,1,40,34,6,74,2021-07-31 19:00:00,508524
V Vologzhanin_125770,V Vologzhanin,-2,0,33,38,-5,71,2021-07-31 19:00:00,508525
A Barbora_28166,A Barbora,-2,0,29,42,-13,71,2021-07-31 19:05:00,508526
Vladyslav Sliuzenko_1302570898,Vladyslav Sliuzenko,2,1,43,26,17,69,2021-07-31 19:05:00,508527
Ruslan Solomko_170573,Ruslan Solomko,3,1,33,15,18,48,2021-07-31 19:05:00,508528
Yaroslav Voytenko_1805319940,Yaroslav Voytenko,3,1,33,16,17,49,2021-07-31 19:10:00,508529
Anastasia Degteva_170588,Anastasia Degteva,-2,0,35,42,-7,77,2021-07-31 19:10:00,508530
Yurii Novokhatskyi_1331691002,Yurii Novokhatskyi,-3,0,10,33,-23,43,2021-07-31 19:15:00,508531
Dmytro Kunchurov_170603,Dmytro Kunchurov,1,1,50,44,6,94,2021-07-31 19:15:00,508532
I Minchenkov_125772,I Minchenkov,-3,0,22,35,-13,57,2021-07-31 19:16:00,508533
G Evglevskiy_125774,G Evglevskiy,-2,0,36,40,-4,76,2021-07-31 19:16:00,508534
Viktor Yevtodii_170639,Viktor Yevtodii,2,1,46,30,16,76,2021-07-31 19:20:00,508535
Vladyslav-Ivan Sheremeta_170564,Vladyslav-Ivan Sheremeta,-3,0,21,33,-12,54,2021-07-31 19:20:00,508536
Ivan Syniavskyi_1127161402,Ivan Syniavskyi,3,1,33,20,13,53,2021-07-31 19:20:00,508537
Pavlo Plushch_1674316760,Pavlo Plushch,-2,0,26,40,-14,66,2021-07-31 19:25:00,508538
Serhii Tkachev_170627,Serhii Tkachev,-2,0,33,44,-11,77,2021-07-31 19:25:00,508539
Viacheslav Kovalenko_2041819241,Viacheslav Kovalenko,-2,0,32,38,-6,70,2021-07-31 19:30:00,508540
Kyrylo Yurchenko_170619,Kyrylo Yurchenko,-2,0,38,40,-2,78,2021-07-31 19:30:00,508541
Jan Zajicek_170698,Jan Zajicek,-1,0,43,52,-9,95,2021-07-31 19:30:00,508542
A Alekseyev_125587,A Alekseyev,-3,0,16,33,-17,49,2021-07-31 19:31:00,508543
Maksym Tytskyi_170574,Maksym Tytskyi,-1,0,48,52,-4,100,2021-07-31 19:35:00,508544
Ivan Kozyr_153494143,Ivan Kozyr,2,1,56,41,15,97,2021-07-31 19:35:00,508545
P Pycha_28167,P Pycha,1,1,49,43,6,92,2021-07-31 19:36:00,508546
Nataliia Konovalova_170589,Nataliia Konovalova,-1,0,45,49,-4,94,2021-07-31 19:40:00,508547
Uryi Schepanskyi_678826093,Uryi Schepanskyi,-2,0,39,44,-5,83,2021-07-31 19:40:00,508548
Serhii Bidnyk_170604,Serhii Bidnyk,-2,0,27,41,-14,68,2021-07-31 19:45:00,508549
Gennadiy Karebin_309582964,Gennadiy Karebin,-3,0,23,34,-11,57,2021-07-31 19:45:00,508550
I Soldatov_125553,I Soldatov,2,1,49,44,5,93,2021-07-31 19:46:00,508551
Mykola Treshchetka_926184949,Mykola Treshchetka,-2,0,39,49,-10,88,2021-07-31 19:50:00,508552
Mykola Laba_170640,Mykola Laba,-1,0,49,50,-1,99,2021-07-31 19:50:00,508553
Ihor Kvak_170565,Ihor Kvak,-3,0,27,35,-8,62,2021-07-31 19:50:00,508554
I Elistratov_125621,I Elistratov,2,1,43,39,4,82,2021-07-31 19:51:00,508555
Serhii Chelpanov_170628,Serhii Chelpanov,-3,0,14,33,-19,47,2021-07-31 19:55:00,508556
Vasyl Pleshkan_258732224,Vasyl Pleshkan,2,1,44,32,12,76,2021-07-31 19:55:00,508557
Ruslan Hripun_1644302733,Ruslan Hripun,-2,0,27,41,-14,68,2021-07-31 20:00:00,508558
Roman Zholubak_170620,Roman Zholubak,2,1,43,30,13,73,2021-07-31 20:00:00,508559
G Bardyshev_125588,G Bardyshev,3,1,33,23,10,56,2021-07-31 20:01:00,508560
Dmytro Baistriuchenko_750842173,Dmytro Baistriuchenko,2,1,38,30,8,68,2021-07-31 20:05:00,508561
Yurii Kurishchenko_170575,Yurii Kurishchenko,1,1,53,51,2,104,2021-07-31 20:05:00,508562
Yuliia Khilinska_170590,Yuliia Khilinska,-2,0,42,50,-8,92,2021-07-31 20:10:00,508563
Dmitriy Lebed_130030516,Dmitriy Lebed,-3,0,18,33,-15,51,2021-07-31 20:10:00,508564
A Barbora_28208,A Barbora,2,1,40,35,5,75,2021-07-31 20:11:00,508565
Ivan Panchenko_170605,Ivan Panchenko,-1,0,40,52,-12,92,2021-07-31 20:15:00,508566
Andrii Baklykov_566156913,Andrii Baklykov,-1,0,47,46,1,93,2021-07-31 20:15:00,508567
D Petrochenko_125554,D Petrochenko,2,1,42,35,7,77,2021-07-31 20:16:00,508568
A Frolov_125622,A Frolov,-2,0,29,45,-16,74,2021-07-31 20:18:00,508569
Andrii Tsikhotskyi_761651883,Andrii Tsikhotskyi,2,1,41,27,14,68,2021-07-31 20:20:00,508570
Maksym Mrykh_170641,Maksym Mrykh,2,1,41,26,15,67,2021-07-31 20:20:00,508571
Yaroslav Tebenko_170960,Yaroslav Tebenko,-1,0,43,48,-5,91,2021-07-31 20:20:00,508572
Tomas Vorisek_170962,Tomas Vorisek,-3,0,23,35,-12,58,2021-07-31 20:20:00,508573
Vasil Salivonchyk_738324380,Vasil Salivonchyk,-2,0,30,43,-13,73,2021-07-31 20:25:00,508574
Oleksandr Mishchenko_170629,Oleksandr Mishchenko,2,1,45,31,14,76,2021-07-31 20:25:00,508575
Ruslan Andrischak_1166751984,Ruslan Andrischak,3,1,35,22,13,57,2021-07-31 20:30:00,508576
M Dukhin_125589,M Dukhin,1,1,48,36,12,84,2021-07-31 20:32:00,508577
Roman Hnoievoi_170576,Roman Hnoievoi,-1,0,43,50,-7,93,2021-07-31 20:35:00,508578
Pavlo Plushch_499289600,Pavlo Plushch,-1,0,42,48,-6,90,2021-07-31 20:35:00,508579
Liudmyla Kudriei_170591,Liudmyla Kudriei,-2,0,38,39,-1,77,2021-07-31 20:40:00,508580
Viacheslav Kovalenko_388301503,Viacheslav Kovalenko,1,1,50,45,5,95,2021-07-31 20:40:00,508581
P Pycha_28209,P Pycha,-1,0,46,48,-2,94,2021-07-31 20:42:00,508582
Ivan Kozyr_1231847087,Ivan Kozyr,-2,0,38,40,-2,78,2021-07-31 20:45:00,508583
Vladyslav Stukalov_170606,Vladyslav Stukalov,-3,0,19,33,-14,52,2021-07-31 20:45:00,508584
A Silantev_125623,A Silantev,3,1,35,22,13,57,2021-07-31 20:46:00,508585
D Razinkov_125555,D Razinkov,-1,0,52,55,-3,107,2021-07-31 20:47:00,508586
Leonid Ivanov_170642,Leonid Ivanov,3,1,33,23,10,56,2021-07-31 20:50:00,508587
Yevhen Masko_939757088,Yevhen Masko,-1,0,41,47,-6,88,2021-07-31 20:50:00,508588
Mykhailo Mosiuk_170964,Mykhailo Mosiuk,-3,0,22,33,-11,55,2021-07-31 20:50:00,508589
Lukas Hobl_170963,Lukas Hobl,-1,0,48,49,-1,97,2021-07-31 20:50:00,508590
Oleh Kapeliukha_170961,Oleh Kapeliukha,-3,0,22,33,-11,55,2021-07-31 20:50:00,508591
Nikita Korbut_2058037923,Nikita Korbut,2,1,43,35,8,78,2021-07-31 20:55:00,508592
Pavlo Babenko_170630,Pavlo Babenko,-3,0,14,33,-19,47,2021-07-31 20:55:00,508593
Jan Vasek_170699,Jan Vasek,-2,0,32,38,-6,70,2021-07-31 21:00:00,508594
Oleksandr Mykhalus_1754483522,Oleksandr Mykhalus,-1,0,44,45,-1,89,2021-07-31 21:00:00,508595
Roman Demchuk_1154586108,Roman Demchuk,2,1,42,34,8,76,2021-07-31 21:05:00,508596
Maksym Tytskyi_170577,Maksym Tytskyi,1,1,48,49,-1,97,2021-07-31 21:05:00,508597
V Chernov_125590,V Chernov,-2,0,30,44,-14,74,2021-07-31 21:09:00,508598
Nataliia Konovalova_170592,Nataliia Konovalova,1,1,48,33,15,81,2021-07-31 21:10:00,508599
Ruslan Hripun_632717767,Ruslan Hripun,3,1,33,16,17,49,2021-07-31 21:10:00,508600
T Batthyany_28168,T Batthyany,3,1,34,26,8,60,2021-07-31 21:11:00,508601
Dmytro Baistriuchenko_1128107434,Dmytro Baistriuchenko,-3,0,28,35,-7,63,2021-07-31 21:15:00,508602
Serhii Bidnyk_170607,Serhii Bidnyk,-3,0,23,33,-10,56,2021-07-31 21:15:00,508603
K Puzankov_125624,K Puzankov,1,1,49,36,13,85,2021-07-31 21:18:00,508604
Viktor Yevtodii_170643,Viktor Yevtodii,2,1,40,32,8,72,2021-07-31 21:20:00,508605
Oleksii Degtiariov_170965,Oleksii Degtiariov,-3,0,26,36,-10,62,2021-07-31 21:20:00,508606
Viacheslav Kovalenko_1640138230,Viacheslav Kovalenko,1,1,49,37,12,86,2021-07-31 21:20:00,508607
Serhii Tkachev_170631,Serhii Tkachev,-2,0,38,44,-6,82,2021-07-31 21:25:00,508608
Vladyslav Sliuzenko_653211393,Vladyslav Sliuzenko,1,1,54,49,5,103,2021-07-31 21:25:00,508609
S Nikulin_125556,S Nikulin,-3,0,25,34,-9,59,2021-07-31 21:28:00,508610
F Pusch_28169,F Pusch,-2,0,35,39,-4,74,2021-07-31 21:30:00,508611
Yevhenii Omitsynskyi_810377217,Yevhenii Omitsynskyi,-3,0,25,34,-9,59,2021-07-31 21:30:00,508612
Lukas Mayer_170700,Lukas Mayer,-3,0,24,34,-10,58,2021-07-31 21:30:00,508613
Oleksandr Lykhytskyi_170578,Oleksandr Lykhytskyi,-3,0,23,33,-10,56,2021-07-31 21:35:00,508614
Yurii Novokhatskyi_1990743563,Yurii Novokhatskyi,-3,0,13,33,-20,46,2021-07-31 21:35:00,508615
M Dukhin_125591,M Dukhin,2,1,42,32,10,74,2021-07-31 21:38:00,508616
Ivan Syniavskyi_1657834330,Ivan Syniavskyi,2,1,37,31,6,68,2021-07-31 21:40:00,508617
Oksana Kregul_170593,Oksana Kregul,1,1,52,44,8,96,2021-07-31 21:40:00,508618
Pavlo Plushch_1223505898,Pavlo Plushch,-2,0,22,42,-20,64,2021-07-31 21:45:00,508619
Andrii Semeniuk_170608,Andrii Semeniuk,3,1,34,23,11,57,2021-07-31 21:45:00,508620
Mykola Laba_170644,Mykola Laba,-3,0,30,38,-8,68,2021-07-31 21:50:00,508621
Andriy Zaitsev_1720298121,Andriy Zaitsev,3,1,33,15,18,48,2021-07-31 21:50:00,508622
D Razinkov_125557,D Razinkov,1,1,46,44,2,90,2021-07-31 21:50:00,508623
A Silantev_125625,A Silantev,1,1,51,56,-5,107,2021-07-31 21:50:00,508624
Viacheslav Kovalenko_1265811919,Viacheslav Kovalenko,-2,0,45,50,-5,95,2021-07-31 21:55:00,508625
Oleksandr Mishchenko_170632,Oleksandr Mishchenko,3,1,36,30,6,66,2021-07-31 21:55:00,508626
K Brozik_28170,K Brozik,-2,0,33,41,-8,74,2021-07-31 22:00:00,508627
Lukas Mayer_170701,Lukas Mayer,-1,0,51,50,1,101,2021-07-31 22:00:00,508628
Yevhen Masko_421854236,Yevhen Masko,2,1,47,39,8,86,2021-07-31 22:00:00,508629
G Bardyshev_125592,G Bardyshev,3,1,33,18,15,51,2021-07-31 22:02:00,508630
Yaroslav Voytenko_1407924263,Yaroslav Voytenko,2,1,48,31,17,79,2021-07-31 22:05:00,508631
Maksym Tytskyi_170579,Maksym Tytskyi,-2,0,35,42,-7,77,2021-07-31 22:05:00,508632
Vasil Salivonchyk_31222413,Vasil Salivonchyk,-3,0,21,33,-12,54,2021-07-31 22:10:00,508633
Nataliia Konovalova_170594,Nataliia Konovalova,2,1,46,42,4,88,2021-07-31 22:10:00,508634
Serhii Bidnyk_170609,Serhii Bidnyk,1,1,45,44,1,89,2021-07-31 22:15:00,508635
Ruslan Andrischak_1953787458,Ruslan Andrischak,-3,0,27,36,-9,63,2021-07-31 22:15:00,508636
D Petrochenko_125558,D Petrochenko,1,1,51,49,2,100,2021-07-31 22:19:00,508637
Mykhailo Presniakov_1852704308,Mykhailo Presniakov,2,1,43,33,10,76,2021-07-31 22:20:00,508638
Maksym Mrykh_170645,Maksym Mrykh,1,1,56,47,9,103,2021-07-31 22:20:00,508639
A Frolov_125626,A Frolov,3,1,33,14,19,47,2021-07-31 22:24:00,508640
Dmitriy Lebed_1964040080,Dmitriy Lebed,-1,0,38,50,-12,88,2021-07-31 22:25:00,508641
Andrii Matiushenko_170633,Andrii Matiushenko,2,1,40,38,2,78,2021-07-31 22:25:00,508642
Jan Vasek_170702,Jan Vasek,-1,0,41,46,-5,87,2021-07-31 22:30:00,508643
M Huk_28171,M Huk,3,1,35,27,8,62,2021-07-31 22:30:00,508644
A Alekseyev_125775,A Alekseyev,1,1,50,51,-1,101,2021-07-31 22:30:00,508645
Ruslan Solomko_170580,Ruslan Solomko,2,1,47,42,5,89,2021-07-31 22:35:00,508646
Anastasia Degteva_170595,Anastasia Degteva,-2,0,27,39,-12,66,2021-07-31 22:40:00,508647
Oleksandr Mykhalus_1437990538,Oleksandr Mykhalus,-1,0,48,48,0,96,2021-07-31 22:45:00,508648
Dmytro Kunchurov_170610,Dmytro Kunchurov,1,1,47,41,6,88,2021-07-31 22:45:00,508649
I Elistratov_125777,I Elistratov,2,1,47,39,8,86,2021-07-31 22:49:00,508650
Leonid Ivanov_170646,Leonid Ivanov,-1,0,52,55,-3,107,2021-07-31 22:50:00,508651
Oleksandr Mishchenko_170634,Oleksandr Mishchenko,1,1,54,47,7,101,2021-07-31 22:55:00,508652
S Nikulin_125779,S Nikulin,3,1,33,23,10,56,2021-07-31 22:55:00,508653
K Brozik_28172,K Brozik,-2,0,35,41,-6,76,2021-07-31 23:00:00,508654
Olga Melnyk_893091147,Olga Melnyk,3,1,37,24,13,61,2021-07-31 23:00:00,508655
Ludek Stoces_170703,Ludek Stoces,-2,0,29,42,-13,71,2021-07-31 23:00:00,508656
M Dukhin_125776,M Dukhin,-3,0,16,33,-17,49,2021-07-31 23:06:00,508657
I Soldatov_125780,I Soldatov,-2,0,33,40,-7,73,2021-07-31 23:17:00,508658
A Frolov_125778,A Frolov,-1,0,49,53,-4,102,2021-07-31 23:20:00,508659
Mykola Laba_170647,Mykola Laba,-3,0,24,33,-9,57,2021-07-31 23:20:00,508660
Serhii Chelpanov_170635,Serhii Chelpanov,3,1,33,15,18,48,2021-07-31 23:25:00,508661
Jan Vasek_170704,Jan Vasek,2,1,42,26,16,68,2021-07-31 23:30:00,508662
Tatiana Tatianina_344165926,Tatiana Tatianina,-1,0,56,56,0,112,2021-07-31 23:30:00,508663
F Pusch_28173,F Pusch,-2,0,35,43,-8,78,2021-07-31 23:30:00,508664
V Sidorin_125593,V Sidorin,-3,0,26,33,-7,59,2021-07-31 23:35:00,508665
Andrii Khvysiuk_1929504055,Andrii Khvysiuk,3,1,37,29,8,66,2021-07-31 23:45:00,508666
E Ilyukhin_125559,E Ilyukhin,-2,0,27,42,-15,69,2021-07-31 23:46:00,508667
Vitalii Vietrov_170648,Vitalii Vietrov,-2,0,34,43,-9,77,2021-07-31 23:50:00,508668
Va Ivanov_125627,Va Ivanov,2,1,41,36,5,77,2021-07-31 23:51:00,508669
V Putilovsky_96451,V Putilovsky,-3,0,19,33,-14,52,2021-08-01 00:02:00,508670
Roman Cherevko_945340606,Roman Cherevko,3,1,33,19,14,52,2021-08-01 00:05:00,508671
Dmytro Lohosha_491722909,Dmytro Lohosha,-2,0,25,39,-14,64,2021-08-01 00:15:00,508672
O Kutuzov_96513,O Kutuzov,3,1,33,19,14,52,2021-08-01 00:20:00,508673
Kateryna Lieventsova_110197,Kateryna Lieventsova,3,1,35,19,16,54,2021-08-01 00:25:00,508674
Oleksandr Dukhovenko_110491,Oleksandr Dukhovenko,-2,0,31,39,-8,70,2021-08-01 00:25:00,508675
Va Ivanov_96493,Va Ivanov,-1,0,41,51,-10,92,2021-08-01 00:30:00,508676
A Petrov_96452,A Petrov,-1,0,47,46,1,93,2021-08-01 00:30:00,508677
Serhii Boiko_182518227,Serhii Boiko,-1,0,45,52,-7,97,2021-08-01 00:35:00,508678
Viktor Bosak_1294869839,Viktor Bosak,1,1,50,42,8,92,2021-08-01 00:45:00,508679
I Ramensky_96514,I Ramensky,-3,0,18,33,-15,51,2021-08-01 00:47:00,508680
O Shagarov_96494,O Shagarov,2,1,44,34,10,78,2021-08-01 01:01:00,508681
T Turabekov_96453,T Turabekov,-2,0,34,38,-4,72,2021-08-01 01:03:00,508682
Serhii Tsybulin_110096426,Serhii Tsybulin,2,1,39,31,8,70,2021-08-01 01:05:00,508683
Andrey Krysak_1374387118,Andrey Krysak,1,1,48,41,7,89,2021-08-01 01:15:00,508684
V Sidorin_96515,V Sidorin,3,1,39,33,6,72,2021-08-01 01:15:00,508685
Yu Merkushin_96495,Yu Merkushin,1,1,47,42,5,89,2021-08-01 01:27:00,508686
V Putilovsky_96454,V Putilovsky,-2,0,40,45,-5,85,2021-08-01 01:33:00,508687
Roman Cherevko_979920015,Roman Cherevko,-3,0,25,35,-10,60,2021-08-01 01:35:00,508688
O Kutuzov_96516,O Kutuzov,-1,0,45,49,-4,94,2021-08-01 01:44:00,508689
Dmytro Lohosha_1394089904,Dmytro Lohosha,-1,0,44,47,-3,91,2021-08-01 01:45:00,508690
Va Ivanov_96496,Va Ivanov,2,1,39,32,7,71,2021-08-01 01:56:00,508691
T Turabekov_96455,T Turabekov,1,1,41,41,0,82,2021-08-01 02:00:00,508692
Serhii Boiko_347402493,Serhii Boiko,2,1,43,38,5,81,2021-08-01 02:05:00,508693
Viktor Bosak_1877834225,Viktor Bosak,2,1,37,33,4,70,2021-08-01 02:15:00,508694
V Sidorin_96517,V Sidorin,-1,0,39,52,-13,91,2021-08-01 02:18:00,508695
Yu Merkushin_96497,Yu Merkushin,-2,0,33,42,-9,75,2021-08-01 02:25:00,508696
S Myagkov_96456,S Myagkov,-1,0,41,48,-7,89,2021-08-01 02:32:00,508697
Serhii Tsybulin_2057910807,Serhii Tsybulin,3,1,38,30,8,68,2021-08-01 02:35:00,508698
Andrey Krysak_1019162480,Andrey Krysak,3,1,39,24,15,63,2021-08-01 02:45:00,508699
D Petrochenko_96498,D Petrochenko,1,1,52,47,5,99,2021-08-01 02:47:00,508700
N Sukharnikov_96518,N Sukharnikov,3,1,34,20,14,54,2021-08-01 02:48:00,508701
A Petrov_96457,A Petrov,2,1,38,34,4,72,2021-08-01 03:00:00,508702
Roman Cherevko_1772843175,Roman Cherevko,-2,0,39,43,-4,82,2021-08-01 03:05:00,508703
I Ramensky_96519,I Ramensky,-3,0,18,33,-15,51,2021-08-01 03:15:00,508704
Dmytro Lohosha_1364053681,Dmytro Lohosha,-1,0,44,52,-8,96,2021-08-01 03:15:00,508705
O Shagarov_96499,O Shagarov,-1,0,40,47,-7,87,2021-08-01 03:21:00,508706
N Zhurba_96458,N Zhurba,3,1,33,16,17,49,2021-08-01 03:30:00,508707
Yevhen Masko_13625830,Yevhen Masko,1,1,57,47,10,104,2021-08-01 03:35:00,508708
V Kalachev_96520,V Kalachev,2,1,41,35,6,76,2021-08-01 03:45:00,508709
Bohdan Zdrobylko_1540769446,Bohdan Zdrobylko,3,1,33,21,12,54,2021-08-01 03:45:00,508710
V Safonov_96500,V Safonov,-3,0,25,36,-11,61,2021-08-01 03:47:00,508711
S Myagkov_96459,S Myagkov,-1,0,41,48,-7,89,2021-08-01 04:01:00,508712
Serhii Boiko_1559967926,Serhii Boiko,-1,0,45,53,-8,98,2021-08-01 04:05:00,508713
D Petrochenko_96501,D Petrochenko,3,1,36,29,7,65,2021-08-01 04:15:00,508714
Viktor Bosak_2027840404,Viktor Bosak,3,1,33,13,20,46,2021-08-01 04:15:00,508715
N Sukharnikov_96521,N Sukharnikov,1,1,43,44,-1,87,2021-08-01 04:16:00,508716
Roman Cherevko_945198013,Roman Cherevko,3,1,34,24,10,58,2021-08-01 04:35:00,508717
S Myagkov_96662,S Myagkov,-1,0,42,43,-1,85,2021-08-01 04:42:00,508718
Andrey Guchok_1648138907,Andrey Guchok,-1,0,48,44,4,92,2021-08-01 04:45:00,508719
V Safonov_96660,V Safonov,2,1,42,38,4,80,2021-08-01 04:49:00,508720
O Kutuzov_96664,O Kutuzov,1,1,50,40,10,90,2021-08-01 04:51:00,508721
Oleksandr Shkurupii_156606417,Oleksandr Shkurupii,1,1,53,52,1,105,2021-08-01 05:05:00,508722
N Zhurba_96663,N Zhurba,2,1,44,33,11,77,2021-08-01 05:10:00,508723
Va Ivanov_96661,Va Ivanov,3,1,33,19,14,52,2021-08-01 05:15:00,508724
Andrey Krysak_35804232,Andrey Krysak,1,1,49,43,6,92,2021-08-01 05:15:00,508725
N Sukharnikov_96665,N Sukharnikov,2,1,38,38,0,76,2021-08-01 05:17:00,508726
A Kononenko_96582,A Kononenko,-2,0,34,44,-10,78,2021-08-01 07:29:00,508727
Yu Gavrilov_96542,Yu Gavrilov,-1,0,44,48,-4,92,2021-08-01 07:46:00,508728
S Simonov_96556,S Simonov,1,1,45,39,6,84,2021-08-01 07:46:00,508729
Dmytro Derevinskyi_245527844,Dmytro Derevinskyi,-1,0,36,48,-12,84,2021-08-01 07:50:00,508730
Pavlo Cherednichenko_904268085,Pavlo Cherednichenko,2,1,42,35,7,77,2021-08-01 07:55:00,508731
A Kolmin_96583,A Kolmin,-2,0,34,37,-3,71,2021-08-01 07:59:00,508732
V Tsvetkov_96543,V Tsvetkov,-2,0,37,38,-1,75,2021-08-01 08:17:00,508733
Dmytro Kryshtal_338715717,Dmytro Kryshtal,-1,0,41,50,-9,91,2021-08-01 08:25:00,508734
A Yudin_96557,A Yudin,3,1,40,34,6,74,2021-08-01 08:26:00,508735
O Belugin_96584,O Belugin,2,1,40,29,11,69,2021-08-01 08:29:00,508736
Vadym Komar_2146022967,Vadym Komar,-2,0,42,51,-9,93,2021-08-01 08:30:00,508737
Oleksandr Didukh_934910563,Oleksandr Didukh,-2,0,32,42,-10,74,2021-08-01 08:35:00,508738
Vadym Nechyporuk_212085187,Vadym Nechyporuk,-3,0,21,35,-14,56,2021-08-01 08:45:00,508739
K Olshakov_96544,K Olshakov,1,1,50,47,3,97,2021-08-01 08:46:00,508740
Igor Piskorskyu_1129889478,Igor Piskorskyu,1,1,52,40,12,92,2021-08-01 08:50:00,508741
A Klavdenkov_96558,A Klavdenkov,-2,0,33,36,-3,69,2021-08-01 08:51:00,508742
Sergey Filatov_692229129,Sergey Filatov,-2,0,31,42,-11,73,2021-08-01 08:55:00,508743
Artur Lopatniuk_1059984981,Artur Lopatniuk,-2,0,38,43,-5,81,2021-08-01 08:55:00,508744
P Vshivkov_96585,P Vshivkov,3,1,40,29,11,69,2021-08-01 09:00:00,508745
Oleksandr Dziabura_2118229126,Oleksandr Dziabura,-2,0,30,43,-13,73,2021-08-01 09:00:00,508746
Oleksandr Yarovoi_1014182661,Oleksandr Yarovoi,1,1,55,47,8,102,2021-08-01 09:05:00,508747
Viktor Yefimov_1400149832,Viktor Yefimov,1,1,47,39,8,86,2021-08-01 09:10:00,508748
D Mikheev_96559,D Mikheev,1,1,44,46,-2,90,2021-08-01 09:17:00,508749
S Skotnikov_96545,S Skotnikov,-2,0,32,40,-8,72,2021-08-01 09:17:00,508750
Dmytro Vakhta_419204773,Dmytro Vakhta,1,1,49,44,5,93,2021-08-01 09:20:00,508751
Vitalii Zharskiy_689037125,Vitalii Zharskiy,2,1,44,41,3,85,2021-08-01 09:25:00,508752
Maksym Laievskiy_2134932496,Maksym Laievskiy,-3,0,20,35,-15,55,2021-08-01 09:30:00,508753
Hlib Yakovliev_891420346,Hlib Yakovliev,-2,0,30,43,-13,73,2021-08-01 09:30:00,508754
O Belugin_96586,O Belugin,-1,0,54,56,-2,110,2021-08-01 09:30:00,508755
Dmytro Derevinskyi_736934813,Dmytro Derevinskyi,-1,0,40,47,-7,87,2021-08-01 09:35:00,508756
Pavlo Cherednichenko_1612806298,Pavlo Cherednichenko,-1,0,45,51,-6,96,2021-08-01 09:40:00,508757
Oleksandr Didukh_631330128,Oleksandr Didukh,-1,0,46,43,3,89,2021-08-01 09:45:00,508758
K Olshakov_96546,K Olshakov,1,1,46,37,9,83,2021-08-01 09:45:00,508759
A Klavdenkov_96560,A Klavdenkov,1,1,49,42,7,91,2021-08-01 09:54:00,508760
Vadym Nechyporuk_710524775,Vadym Nechyporuk,-1,0,43,45,-2,88,2021-08-01 09:55:00,508761
Igor Piskorskyu_63547840,Igor Piskorskyu,-3,0,15,33,-18,48,2021-08-01 10:00:00,508762
A Kolmin_96587,A Kolmin,2,1,46,36,10,82,2021-08-01 10:01:00,508763
Artur Lopatniuk_2128405701,Artur Lopatniuk,2,1,44,43,1,87,2021-08-01 10:05:00,508764
Sergey Filatov_1556323205,Sergey Filatov,-2,0,37,47,-10,84,2021-08-01 10:05:00,508765
Oleksandr Dziabura_572435834,Oleksandr Dziabura,-1,0,45,48,-3,93,2021-08-01 10:10:00,508766
V Tsvetkov_96547,V Tsvetkov,-2,0,28,40,-12,68,2021-08-01 10:15:00,508767
Oleksandr Yarovoi_1005572768,Oleksandr Yarovoi,-3,0,20,33,-13,53,2021-08-01 10:15:00,508768
Vitalii Lievshin_1574272173,Vitalii Lievshin,-1,0,46,48,-2,94,2021-08-01 10:20:00,508769
A Yudin_96561,A Yudin,-2,0,41,45,-4,86,2021-08-01 10:24:00,508770
Andrii Kotik_691229861,Andrii Kotik,2,1,37,35,2,72,2021-08-01 10:30:00,508771
A Kononenko_96666,A Kononenko,-2,0,41,44,-3,85,2021-08-01 10:32:00,508772
Illia Semeniuk_1253099665,Illia Semeniuk,-2,0,32,41,-9,73,2021-08-01 10:35:00,508773
Dmytro Dubrovin_2038818135,Dmytro Dubrovin,-1,0,39,48,-9,87,2021-08-01 10:40:00,508774
Yevhenii Kryvorotko_465629282,Yevhenii Kryvorotko,2,1,39,31,8,70,2021-08-01 10:40:00,508775
Artem Derevianko_307913492,Artem Derevianko,-1,0,46,42,4,88,2021-08-01 10:45:00,508776
V Tsvetkov_96668,V Tsvetkov,-2,0,31,42,-11,73,2021-08-01 10:47:00,508777
Ivan Fashchevskyi_1248154744,Ivan Fashchevskyi,1,1,46,49,-3,95,2021-08-01 10:50:00,508778
Viktor Yefimov_1854837100,Viktor Yefimov,-2,0,36,40,-4,76,2021-08-01 10:55:00,508779
A Klavdenkov_96670,A Klavdenkov,2,1,45,41,4,86,2021-08-01 11:01:00,508780
Sr. Obeslo_21556,Sr. Obeslo,-3,0,15,33,-18,48,2021-08-01 11:02:00,508781
O Belugin_96667,O Belugin,-3,0,17,33,-16,50,2021-08-01 11:04:00,508782
Dmytro Vakhta_141571218,Dmytro Vakhta,-3,0,27,35,-8,62,2021-08-01 11:05:00,508783
Vitalii Zharskiy_2060850242,Vitalii Zharskiy,-3,0,23,33,-10,56,2021-08-01 11:10:00,508784
Maksym Laievskiy_2049112813,Maksym Laievskiy,3,1,33,20,13,53,2021-08-01 11:15:00,508785
Hlib Yakovliev_858673538,Hlib Yakovliev,-3,0,22,33,-11,55,2021-08-01 11:15:00,508786
Yu Gavrilov_96669,Yu Gavrilov,3,1,33,15,18,48,2021-08-01 11:17:00,508787
Dmytro Kryshtal_1788905593,Dmytro Kryshtal,3,1,33,17,16,50,2021-08-01 11:20:00,508788
Vadym Komar_902133102,Vadym Komar,2,1,41,33,8,74,2021-08-01 11:25:00,508789
V Rachkov_96594,V Rachkov,-2,0,35,38,-3,73,2021-08-01 11:30:00,508790
jr. Milata_21557,jr. Milata,-3,0,25,33,-8,58,2021-08-01 11:30:00,508791
Oleksandr Didukh_1571365300,Oleksandr Didukh,1,1,49,40,9,89,2021-08-01 11:30:00,508792
D Mikheev_96671,D Mikheev,-3,0,13,33,-20,46,2021-08-01 11:32:00,508793
Vadym Nechyporuk_18943771,Vadym Nechyporuk,-2,0,30,42,-12,72,2021-08-01 11:40:00,508794
Igor Piskorskyu_2007095750,Igor Piskorskyu,1,1,51,47,4,98,2021-08-01 11:45:00,508795
A Slachshilin_96548,A Slachshilin,-1,0,43,55,-12,98,2021-08-01 11:45:00,508796
Sergey Filatov_1096671234,Sergey Filatov,-2,0,26,38,-12,64,2021-08-01 11:50:00,508797
Artur Lopatniuk_957957421,Artur Lopatniuk,1,1,40,47,-7,87,2021-08-01 11:50:00,508798
Dmytro Derevinskyi_1227815046,Dmytro Derevinskyi,-2,0,33,42,-9,75,2021-08-01 11:55:00,508799
A Mohnachev_96595,A Mohnachev,-1,0,47,45,2,92,2021-08-01 12:00:00,508800
Pavlo Cherednichenko_542744226,Pavlo Cherednichenko,-2,0,24,38,-14,62,2021-08-01 12:00:00,508801
F Just_21558,F Just,1,1,49,44,5,93,2021-08-01 12:01:00,508802
Vitalii Lievshin_844930765,Vitalii Lievshin,-2,0,35,44,-9,79,2021-08-01 12:05:00,508803
Andrii Kotik_2010945922,Andrii Kotik,2,1,44,32,12,76,2021-08-01 12:15:00,508804
S Kuzin_96571,S Kuzin,-3,0,12,33,-21,45,2021-08-01 12:16:00,508805
Illia Semeniuk_876380755,Illia Semeniuk,-1,0,51,56,-5,107,2021-08-01 12:20:00,508806
Yevhenii Kryvorotko_62175361,Yevhenii Kryvorotko,1,1,45,45,0,90,2021-08-01 12:25:00,508807
E Grishaev_96549,E Grishaev,-2,0,36,47,-11,83,2021-08-01 12:25:00,508808
Dmytro Dubrovin_480259570,Dmytro Dubrovin,-3,0,16,33,-17,49,2021-08-01 12:25:00,508809
V Kutin_96596,V Kutin,-1,0,40,44,-4,84,2021-08-01 12:29:00,508810
Serhii Kinash_1191829903,Serhii Kinash,-1,0,43,49,-6,92,2021-08-01 12:30:00,508811
Mykola Zakladnyi_644271213,Mykola Zakladnyi,-1,0,39,46,-7,85,2021-08-01 12:35:00,508812
Ji Louda_21559,Ji Louda,3,1,33,16,17,49,2021-08-01 12:36:00,508813
Viktor Yefimov_1697574443,Viktor Yefimov,-3,0,22,35,-13,57,2021-08-01 12:40:00,508814
V Kalachev_96572,V Kalachev,1,1,51,46,5,97,2021-08-01 12:46:00,508815
Dmytro Vakhta_1893714693,Dmytro Vakhta,-3,0,27,34,-7,61,2021-08-01 12:50:00,508816
Vitalii Zharskiy_1690971504,Vitalii Zharskiy,2,1,44,38,6,82,2021-08-01 12:55:00,508817
V Evlampiev_96550,V Evlampiev,1,1,48,42,6,90,2021-08-01 12:57:00,508818
A Zirin_96597,A Zirin,-1,0,44,51,-7,95,2021-08-01 13:00:00,508819
Maksym Laievskiy_1433880119,Maksym Laievskiy,-3,0,17,33,-16,50,2021-08-01 13:00:00,508820
Hlib Yakovliev_101871788,Hlib Yakovliev,2,1,42,37,5,79,2021-08-01 13:00:00,508821
F Just_21560,F Just,2,1,43,32,11,75,2021-08-01 13:01:00,508822
Oleksandr Dziabura_1851847071,Oleksandr Dziabura,3,1,33,24,9,57,2021-08-01 13:05:00,508823
Oleksandr Yarovoi_897111533,Oleksandr Yarovoi,-1,0,45,48,-3,93,2021-08-01 13:10:00,508824
Yevhen Pryshchepa_1048493917,Yevhen Pryshchepa,-1,0,35,38,-3,73,2021-08-01 13:15:00,508825
A Ekzhanov_96573,A Ekzhanov,3,1,33,19,14,52,2021-08-01 13:20:00,508826
Nazarii Hrytsyienko_711641465,Nazarii Hrytsyienko,-3,0,18,33,-15,51,2021-08-01 13:25:00,508827
Nazarii Sydorak_968159103,Nazarii Sydorak,-1,0,44,42,2,86,2021-08-01 13:30:00,508828
jr. Milata_21561,jr. Milata,-1,0,43,47,-4,90,2021-08-01 13:31:00,508829
V Kutin_96598,V Kutin,3,1,34,26,8,60,2021-08-01 13:32:00,508830
Dmytro Alekseenko_1044701558,Dmytro Alekseenko,2,1,40,33,7,73,2021-08-01 13:35:00,508831
Mykola Lytvynenko_243175422,Mykola Lytvynenko,-2,0,29,44,-15,73,2021-08-01 13:35:00,508832
A Libatskii_96551,A Libatskii,1,1,52,48,4,100,2021-08-01 13:39:00,508833
Dmytro Kryshtal_1199198750,Dmytro Kryshtal,-2,0,37,42,-5,79,2021-08-01 13:40:00,508834
Vadym Komar_447668399,Vadym Komar,3,1,33,14,19,47,2021-08-01 13:45:00,508835
V Kalachev_96574,V Kalachev,2,1,43,27,16,70,2021-08-01 13:47:00,508836
Oleksandr Didukh_2140404186,Oleksandr Didukh,1,1,52,44,8,96,2021-08-01 13:50:00,508837
A Mohnachev_96599,A Mohnachev,-1,0,43,50,-7,93,2021-08-01 13:59:00,508838
Vadym Nechyporuk_1951441962,Vadym Nechyporuk,2,1,49,43,6,92,2021-08-01 14:00:00,508839
jr. Milata_21579,jr. Milata,-2,0,21,42,-21,63,2021-08-01 14:02:00,508840
Igor Piskorskyu_1184216016,Igor Piskorskyu,-3,0,22,33,-11,55,2021-08-01 14:05:00,508841
Artur Lopatniuk_917815598,Artur Lopatniuk,-2,0,38,37,1,75,2021-08-01 14:10:00,508842
Sergey Filatov_1111351437,Sergey Filatov,3,1,33,21,12,54,2021-08-01 14:10:00,508843
Dmytro Derevinskyi_1242954392,Dmytro Derevinskyi,-1,0,44,50,-6,94,2021-08-01 14:15:00,508844
S Kuzin_96575,S Kuzin,0,1,0,0,0,0,2021-08-01 14:15:00,508845
A Tretyakov_96724,A Tretyakov,1,1,43,44,-1,87,2021-08-01 14:15:00,508846
V Evlampiev_96552,V Evlampiev,2,1,45,37,8,82,2021-08-01 14:19:00,508847
Pavlo Cherednichenko_1916857583,Pavlo Cherednichenko,2,1,37,32,5,69,2021-08-01 14:20:00,508848
Viktor Yefimov_1342343385,Viktor Yefimov,2,1,43,31,12,74,2021-08-01 14:25:00,508849
Ji Louda_21580,Ji Louda,1,1,53,32,21,85,2021-08-01 14:30:00,508850
A Zirin_96725,A Zirin,-3,0,25,38,-13,63,2021-08-01 14:31:00,508851
Vadym Nechyporuk_2017388039,Vadym Nechyporuk,2,1,38,36,2,74,2021-08-01 14:35:00,508852
Nazarii Sydorak_444339796,Nazarii Sydorak,-3,0,21,33,-12,54,2021-08-01 14:40:00,508853
Sergey Filatov_2118480207,Sergey Filatov,3,1,33,13,20,46,2021-08-01 14:45:00,508854
Artur Lopatniuk_1508534400,Artur Lopatniuk,1,1,54,43,11,97,2021-08-01 14:45:00,508855
E Grishaev_96553,E Grishaev,-3,0,12,33,-21,45,2021-08-01 14:47:00,508856
Artem Derevianko_1745784853,Artem Derevianko,3,1,33,17,16,50,2021-08-01 14:50:00,508857
Ivan Fashchevskyi_1974624938,Ivan Fashchevskyi,3,1,36,29,7,65,2021-08-01 14:55:00,508858
Yevhen Pryshchepa_308963315,Yevhen Pryshchepa,2,1,43,43,0,86,2021-08-01 15:00:00,508859
V Rachkov_96726,V Rachkov,-3,0,21,33,-12,54,2021-08-01 15:00:00,508860
E Grishaev_96727,E Grishaev,-1,0,35,44,-9,79,2021-08-01 15:04:00,508861
Avraham Nazrin_2110115308,Avraham Nazrin,-2,0,39,42,-3,81,2021-08-01 15:10:00,508862
Vitalii Zharskiy_1337319249,Vitalii Zharskiy,-2,0,39,41,-2,80,2021-08-01 15:15:00,508863
Dmytro Alekseenko_2099524161,Dmytro Alekseenko,-3,0,29,38,-9,67,2021-08-01 15:20:00,508864
Mykola Lytvynenko_332101674,Mykola Lytvynenko,-2,0,42,43,-1,85,2021-08-01 15:20:00,508865
Oleksandr Dziabura_918811986,Oleksandr Dziabura,-2,0,42,47,-5,89,2021-08-01 15:25:00,508866
Oleksandr Yarovoi_26357834,Oleksandr Yarovoi,1,1,47,43,4,90,2021-08-01 15:30:00,508867
S Kulikov_96600,S Kulikov,2,1,44,34,10,78,2021-08-01 15:30:00,508868
Ja Svoboda_21562,Ja Svoboda,2,1,41,34,7,75,2021-08-01 15:31:00,508869
Oleksiy Molochko_1676557086,Oleksiy Molochko,-2,0,36,38,-2,74,2021-08-01 15:35:00,508870
Veronika Gud_1014674726,Veronika Gud,-1,0,50,52,-2,102,2021-08-01 15:40:00,508871
A Libatskii_96728,A Libatskii,-3,0,27,36,-9,63,2021-08-01 15:40:00,508872
K Olshakov_96576,K Olshakov,-1,0,47,53,-6,100,2021-08-01 15:45:00,508873
Dmytro Zeniuk_967809942,Dmytro Zeniuk,3,1,33,14,19,47,2021-08-01 15:50:00,508874
Lev Kuzyo_319457127,Lev Kuzyo,3,1,38,21,17,59,2021-08-01 15:55:00,508875
Dmytro Kryshtal_306679094,Dmytro Kryshtal,3,1,33,25,8,58,2021-08-01 16:00:00,508876
T Zahradnik_21563,T Zahradnik,-1,0,50,52,-2,102,2021-08-01 16:00:00,508877
V Selkin_96601,V Selkin,-2,0,31,39,-8,70,2021-08-01 16:01:00,508878
Vadym Komar_1569014516,Vadym Komar,3,1,33,18,15,51,2021-08-01 16:05:00,508879
N Pashkov_96564,N Pashkov,3,1,37,23,14,60,2021-08-01 16:07:00,508880
Illia Hubariev_1118067261,Illia Hubariev,2,1,41,28,13,69,2021-08-01 16:10:00,508881
Alina Kurtenko_1136445929,Alina Kurtenko,-2,0,34,43,-9,77,2021-08-01 16:15:00,508882
S Skotnikov_96577,S Skotnikov,-2,0,38,42,-4,80,2021-08-01 16:16:00,508883
Oleg Gavryluk_95409107,Oleg Gavryluk,-1,0,44,48,-4,92,2021-08-01 16:20:00,508884
Nazarii Mosiuk_1530159145,Nazarii Mosiuk,-1,0,40,50,-10,90,2021-08-01 16:25:00,508885
E Madan_96565,E Madan,-1,0,44,50,-6,94,2021-08-01 16:27:00,508886
M Sverdlov_96602,M Sverdlov,1,1,56,55,1,111,2021-08-01 16:30:00,508887
Rodion Pirveli_2083488855,Rodion Pirveli,2,1,40,29,11,69,2021-08-01 16:30:00,508888
T Batthyany_21564,T Batthyany,1,1,52,43,9,95,2021-08-01 16:31:00,508889
Serhii Kinash_1691421524,Serhii Kinash,-1,0,40,49,-9,89,2021-08-01 16:35:00,508890
Mykola Zakladnyi_2029971934,Mykola Zakladnyi,-1,0,44,50,-6,94,2021-08-01 16:40:00,508891
Oleksiy Molochko_1034013493,Oleksiy Molochko,-1,0,51,48,3,99,2021-08-01 16:45:00,508892
K Nosov_96578,K Nosov,-1,0,50,46,4,96,2021-08-01 16:46:00,508893
Veronika Gud_1697721720,Veronika Gud,3,1,33,13,20,46,2021-08-01 16:50:00,508894
Iurii Prokhoruk_1785902445,Iurii Prokhoruk,3,1,33,19,14,52,2021-08-01 16:55:00,508895
S Lanovenko_96566,S Lanovenko,1,1,53,49,4,102,2021-08-01 16:56:00,508896
Dmytro Zeniuk_1591747137,Dmytro Zeniuk,1,1,46,48,-2,94,2021-08-01 17:00:00,508897
M Huk_21565,M Huk,2,1,42,33,9,75,2021-08-01 17:01:00,508898
A Yakovlev_96603,A Yakovlev,-2,0,29,42,-13,71,2021-08-01 17:05:00,508899
Lev Kuzyo_1917785717,Lev Kuzyo,3,1,33,19,14,52,2021-08-01 17:05:00,508900
Artem Derevianko_1072487492,Artem Derevianko,-2,0,38,46,-8,84,2021-08-01 17:10:00,508901
Ivan Fashchevskyi_523791454,Ivan Fashchevskyi,2,1,44,39,5,83,2021-08-01 17:15:00,508902
S Mashkin_96579,S Mashkin,-3,0,23,36,-13,59,2021-08-01 17:18:00,508903
Andrii Herasymenko_581186791,Andrii Herasymenko,-1,0,45,45,0,90,2021-08-01 17:20:00,508904
Alina Kurtenko_219752505,Alina Kurtenko,2,1,41,39,2,80,2021-08-01 17:25:00,508905
A Poprocky_96567,A Poprocky,2,1,40,30,10,70,2021-08-01 17:27:00,508906
Oleg Gavryluk_561463235,Oleg Gavryluk,2,1,45,33,12,78,2021-08-01 17:30:00,508907
T Batthyany_21566,T Batthyany,-3,0,25,33,-8,58,2021-08-01 17:30:00,508908
M Sverdlov_96604,M Sverdlov,-3,0,24,34,-10,58,2021-08-01 17:32:00,508909
Grygoriy Kuzmenko_637652649,Grygoriy Kuzmenko,-2,0,34,46,-12,80,2021-08-01 17:35:00,508910
Denys Vakulenko_179647536,Denys Vakulenko,-1,0,45,54,-9,99,2021-08-01 17:40:00,508911
Dmytro Derevinskyi_336527220,Dmytro Derevinskyi,-3,0,18,33,-15,51,2021-08-01 17:45:00,508912
K Nosov_96580,K Nosov,3,1,36,28,8,64,2021-08-01 17:45:00,508913
Pavlo Cherednichenko_69173695,Pavlo Cherednichenko,-2,0,36,41,-5,77,2021-08-01 17:50:00,508914
S Lanovenko_96568,S Lanovenko,-2,0,30,39,-9,69,2021-08-01 17:54:00,508915
Illia Hubariev_989832293,Illia Hubariev,1,1,51,35,16,86,2021-08-01 17:55:00,508916
T Zahradnik_21567,T Zahradnik,1,1,46,46,0,92,2021-08-01 17:59:00,508917
V Selkin_96605,V Selkin,2,1,41,38,3,79,2021-08-01 18:00:00,508918
Veronika Gud_1376263789,Veronika Gud,3,1,34,24,10,58,2021-08-01 18:00:00,508919
Roman Oliynyk_457011846,Roman Oliynyk,1,1,46,47,-1,93,2021-08-01 18:05:00,508920
Nazarii Mosiuk_338384580,Nazarii Mosiuk,-3,0,32,38,-6,70,2021-08-01 18:10:00,508921
Rodion Pirveli_496116655,Rodion Pirveli,-3,0,27,35,-8,62,2021-08-01 18:15:00,508922
S Skotnikov_96581,S Skotnikov,-1,0,46,48,-2,94,2021-08-01 18:16:00,508923
E Madan_96569,E Madan,3,1,35,27,8,62,2021-08-01 18:16:00,508924
Maksym Kolos_1024511065,Maksym Kolos,1,1,54,50,4,104,2021-08-01 18:20:00,508925
Oleh Stasevskyi_778159575,Oleh Stasevskyi,-3,0,20,33,-13,53,2021-08-01 18:25:00,508926
Oleksiy Molochko_587187201,Oleksiy Molochko,-1,0,44,44,0,88,2021-08-01 18:30:00,508927
A Yakovlev_96751,A Yakovlev,-1,0,46,50,-4,96,2021-08-01 18:30:00,508928
T Zahradnik_21599,T Zahradnik,-2,0,36,39,-3,75,2021-08-01 18:32:00,508929
Iolanta Yevtodii_1661210953,Iolanta Yevtodii,2,1,43,38,5,81,2021-08-01 18:35:00,508930
Iurii Prokhoruk_693336153,Iurii Prokhoruk,-3,0,25,33,-8,58,2021-08-01 18:40:00,508931
Dmytro Zeniuk_625140696,Dmytro Zeniuk,-3,0,20,33,-13,53,2021-08-01 18:45:00,508932
N Pashkov_96753,N Pashkov,1,1,54,54,0,108,2021-08-01 18:46:00,508933
S Mashkin_96755,S Mashkin,2,1,43,30,13,73,2021-08-01 18:47:00,508934
Lev Kuzyo_41859853,Lev Kuzyo,-2,0,43,49,-6,92,2021-08-01 18:50:00,508935
Dmytro Derevinskyi_1730551848,Dmytro Derevinskyi,-2,0,40,43,-3,83,2021-08-01 18:55:00,508936
M Sverdlov_96752,M Sverdlov,-1,0,48,43,5,91,2021-08-01 19:00:00,508937
T Batthyany_21600,T Batthyany,-2,0,31,42,-11,73,2021-08-01 19:00:00,508938
Pavlo Cherednichenko_1083241064,Pavlo Cherednichenko,-1,0,47,50,-3,97,2021-08-01 19:00:00,508939
Andrii Herasymenko_1198193211,Andrii Herasymenko,2,1,38,29,9,67,2021-08-01 19:05:00,508940
Alina Kurtenko_1361900307,Alina Kurtenko,-2,0,30,40,-10,70,2021-08-01 19:10:00,508941
Oleg Gavryluk_2018820688,Oleg Gavryluk,3,1,36,27,9,63,2021-08-01 19:15:00,508942
K Olshakov_96756,K Olshakov,-1,0,51,56,-5,107,2021-08-01 19:16:00,508943
A Poprocky_96754,A Poprocky,-3,0,18,33,-15,51,2021-08-01 19:19:00,508944
Grygoriy Kuzmenko_957405697,Grygoriy Kuzmenko,-2,0,35,40,-5,75,2021-08-01 19:20:00,508945
Denys Vakulenko_947938182,Denys Vakulenko,-2,0,29,43,-14,72,2021-08-01 19:25:00,508946
Dmytro Kryshtal_807388022,Dmytro Kryshtal,3,1,33,19,14,52,2021-08-01 19:30:00,508947
Vadym Komar_1920617751,Vadym Komar,2,1,41,40,1,81,2021-08-01 19:35:00,508948
I Zemit_96606,I Zemit,2,1,37,29,8,66,2021-08-01 19:36:00,508949
Illia Hubariev_720807610,Illia Hubariev,2,1,40,28,12,68,2021-08-01 19:40:00,508950
Veronika Gud_869601377,Veronika Gud,-1,0,53,52,1,105,2021-08-01 19:45:00,508951
D Komarov_96588,D Komarov,3,1,33,22,11,55,2021-08-01 19:46:00,508952
Roman Oliynyk_933307757,Roman Oliynyk,2,1,40,32,8,72,2021-08-01 19:50:00,508953
M Andrusenko_96632,M Andrusenko,-3,0,21,33,-12,54,2021-08-01 19:50:00,508954
Nazarii Mosiuk_1904938054,Nazarii Mosiuk,2,1,40,34,6,74,2021-08-01 19:55:00,508955
Rodion Pirveli_1777680709,Rodion Pirveli,3,1,35,22,13,57,2021-08-01 20:00:00,508956
M Minkov_96607,M Minkov,-1,0,48,51,-3,99,2021-08-01 20:01:00,508957
M Cmunt_21568,M Cmunt,-1,0,50,46,4,96,2021-08-01 20:05:00,508958
Serhii Pokidko_1663100553,Serhii Pokidko,2,1,42,36,6,78,2021-08-01 20:05:00,508959
Oleh Stasevskyi_1507003659,Oleh Stasevskyi,2,1,37,27,10,64,2021-08-01 20:10:00,508960
D Merzlikin_96589,D Merzlikin,3,1,34,24,10,58,2021-08-01 20:15:00,508961
Maksym Senchenko_988090125,Maksym Senchenko,3,1,33,17,16,50,2021-08-01 20:15:00,508962
S Nikulin_96633,S Nikulin,-1,0,44,47,-3,91,2021-08-01 20:15:00,508963
Alina Kurtenko_1996446608,Alina Kurtenko,2,1,38,30,8,68,2021-08-01 20:20:00,508964
Iurii Prokhoruk_582972439,Iurii Prokhoruk,1,1,49,38,11,87,2021-08-01 20:25:00,508965
Liubomyr Sheshurak_223049981,Liubomyr Sheshurak,1,1,51,49,2,100,2021-08-01 20:30:00,508966
Serhii Skachenko_1866626099,Serhii Skachenko,3,1,36,27,9,63,2021-08-01 20:35:00,508967
V Beliakov_96608,V Beliakov,-2,0,31,41,-10,72,2021-08-01 20:36:00,508968
D Pazout_21569,D Pazout,-3,0,24,36,-12,60,2021-08-01 20:38:00,508969
Dmytro Kryshtal_2080447404,Dmytro Kryshtal,2,1,43,33,10,76,2021-08-01 20:40:00,508970
I Elistratov_96590,I Elistratov,-1,0,45,53,-8,98,2021-08-01 20:45:00,508971
Oleksandr Yarovoi_1072280595,Oleksandr Yarovoi,-3,0,22,34,-12,56,2021-08-01 20:45:00,508972
A Gribkov_96634,A Gribkov,2,1,44,38,6,82,2021-08-01 20:46:00,508973
Oleksiy Molochko_28392503,Oleksiy Molochko,2,1,39,30,9,69,2021-08-01 20:50:00,508974
Veronika Gud_1936791644,Veronika Gud,3,1,33,20,13,53,2021-08-01 20:55:00,508975
Viktor Kotov_1823770443,Viktor Kotov,2,1,37,32,5,69,2021-08-01 21:00:00,508976
M Kolar_21570,M Kolar,-3,0,17,33,-16,50,2021-08-01 21:03:00,508977
V Kasatkin_96609,V Kasatkin,-3,0,18,33,-15,51,2021-08-01 21:04:00,508978
Dmytro Zeniuk_276715665,Dmytro Zeniuk,-1,0,42,40,2,82,2021-08-01 21:05:00,508979
Lev Kuzyo_1073002392,Lev Kuzyo,1,1,50,46,4,96,2021-08-01 21:10:00,508980
A Klavdenkov_96635,A Klavdenkov,-3,0,12,33,-21,45,2021-08-01 21:15:00,508981
Serhii Kinash_1017338636,Serhii Kinash,-1,0,45,52,-7,97,2021-08-01 21:15:00,508982
Ivan Fashchevskyi_473049779,Ivan Fashchevskyi,2,1,42,38,4,80,2021-08-01 21:20:00,508983
K Abramov_96591,K Abramov,2,1,43,32,11,75,2021-08-01 21:21:00,508984
Maksym Samaray_73083796,Maksym Samaray,-2,0,38,36,2,74,2021-08-01 21:25:00,508985
Alina Kurtenko_1547294500,Alina Kurtenko,2,1,38,31,7,69,2021-08-01 21:30:00,508986
V Beliakov_96610,V Beliakov,-1,0,56,50,6,106,2021-08-01 21:30:00,508987
P Facek_21571,P Facek,-2,0,37,43,-6,80,2021-08-01 21:31:00,508988
Oleg Gavryluk_1030334751,Oleg Gavryluk,2,1,37,36,1,73,2021-08-01 21:35:00,508989
Nazarii Mosiuk_1482319632,Nazarii Mosiuk,-3,0,27,37,-10,64,2021-08-01 21:40:00,508990
Serhii Skachenko_1866525913,Serhii Skachenko,2,1,42,36,6,78,2021-08-01 21:45:00,508991
A Gribkov_96636,A Gribkov,3,1,33,20,13,53,2021-08-01 21:45:00,508992
I Elistratov_96592,I Elistratov,3,1,35,25,10,60,2021-08-01 21:50:00,508993
Illia Yanishevskiy_981100674,Illia Yanishevskiy,-1,0,46,50,-4,96,2021-08-01 21:50:00,508994
Pavlo Vasylchuk_191519603,Pavlo Vasylchuk,-3,0,17,33,-16,50,2021-08-01 21:55:00,508995
Maksym Senchenko_628420584,Maksym Senchenko,1,1,47,50,-3,97,2021-08-01 22:00:00,508996
M Kolar_21572,M Kolar,2,1,42,33,9,75,2021-08-01 22:03:00,508997
Iolanta Yevtodii_1879249843,Iolanta Yevtodii,-1,0,42,46,-4,88,2021-08-01 22:05:00,508998
M Minkov_96611,M Minkov,1,1,45,42,3,87,2021-08-01 22:08:00,508999
Viktor Kotov_942236275,Viktor Kotov,2,1,38,31,7,69,2021-08-01 22:10:00,509000
D Merzlikin_96593,D Merzlikin,-1,0,47,42,5,89,2021-08-01 22:14:00,509001
Dmytro Zeniuk_2059581363,Dmytro Zeniuk,-2,0,33,43,-10,76,2021-08-01 22:15:00,509002
S Nikulin_96637,S Nikulin,-2,0,28,42,-14,70,2021-08-01 22:16:00,509003
Rodion Pirveli_941019640,Rodion Pirveli,-1,0,42,49,-7,91,2021-08-01 22:20:00,509004
Illia Yanishevskiy_2037540364,Illia Yanishevskiy,-2,0,31,40,-9,71,2021-08-01 22:25:00,509005
Yaroslav Ivanytsia_1854217674,Yaroslav Ivanytsia,-3,0,19,33,-14,52,2021-08-01 22:30:00,509006
D Pazout_21573,D Pazout,-2,0,31,38,-7,69,2021-08-01 22:32:00,509007
V Kasatkin_96795,V Kasatkin,-2,0,36,40,-4,76,2021-08-01 22:36:00,509008
Iurii Prokhoruk_658197629,Iurii Prokhoruk,-2,0,30,37,-7,67,2021-08-01 22:45:00,509009
A Klavdenkov_96797,A Klavdenkov,1,1,52,46,6,98,2021-08-01 22:47:00,509010
K Abramov_96799,K Abramov,-2,0,27,39,-12,66,2021-08-01 22:48:00,509011
Pavlo Vasylchuk_1413077347,Pavlo Vasylchuk,-3,0,16,33,-17,49,2021-08-01 23:00:00,509012
D Pazout_21601,D Pazout,3,1,33,22,11,55,2021-08-01 23:02:00,509013
Illia Yanishevskiy_329282171,Illia Yanishevskiy,-2,0,37,39,-2,76,2021-08-01 23:05:00,509014
I Zemit_96796,I Zemit,-3,0,21,34,-13,55,2021-08-01 23:06:00,509015
D Merzlikin_96800,D Merzlikin,-1,0,40,45,-5,85,2021-08-01 23:15:00,509016
S Nikulin_96798,S Nikulin,3,1,33,24,9,57,2021-08-01 23:18:00,509017
R Pavlenko_96612,R Pavlenko,-1,0,45,48,-3,93,2021-08-01 23:30:00,509018
M Kolar_21602,M Kolar,2,1,46,34,12,80,2021-08-01 23:30:00,509019
Yaroslav Ivanytsia_373861097,Yaroslav Ivanytsia,2,1,41,32,9,73,2021-08-01 23:35:00,509020
Pavlo Vasylchuk_294183166,Pavlo Vasylchuk,-1,0,44,50,-6,94,2021-08-01 23:40:00,509021
P Semeshin_96644,P Semeshin,-1,0,48,51,-3,99,2021-08-01 23:45:00,509022
Oleksandr Kuharchuk_401364687,Oleksandr Kuharchuk,3,1,33,22,11,55,2021-08-01 23:45:00,509023
A Volkov_96622,A Volkov,-3,0,21,33,-12,54,2021-08-01 23:47:00,509024
Oleg Kuravsky_985044299,Oleg Kuravsky,2,1,40,23,17,63,2021-08-02 00:00:00,509025
M Minkov_100651,M Minkov,1,1,48,42,6,90,2021-08-02 00:00:00,509026
P Bradac_22517,P Bradac,-3,0,14,33,-19,47,2021-08-02 00:00:00,509027
A Serebrennikov_100689,A Serebrennikov,1,1,53,39,14,92,2021-08-02 00:02:00,509028
E Kalashnikov_100723,E Kalashnikov,2,1,39,29,10,68,2021-08-02 00:16:00,509029
Volodymyr Melnykov_118818,Volodymyr Melnykov,-1,0,51,48,3,99,2021-08-02 00:20:00,509030
Serhii Diachenko_118739,Serhii Diachenko,2,1,38,30,8,68,2021-08-02 00:25:00,509031
A Ilin_100652,A Ilin,-2,0,37,46,-9,83,2021-08-02 00:26:00,509032
D Salomon_22518,D Salomon,-2,0,35,44,-9,79,2021-08-02 00:30:00,509033
Dmytro Kalyniuk_1395571988,Dmytro Kalyniuk,2,1,40,25,15,65,2021-08-02 00:30:00,509034
A Uezdin_100690,A Uezdin,-2,0,38,42,-4,80,2021-08-02 00:38:00,509035
T Yusipov_100724,T Yusipov,2,1,42,31,11,73,2021-08-02 00:45:00,509036
Pavlo Kovalchuk_118722,Pavlo Kovalchuk,2,1,47,40,7,87,2021-08-02 00:50:00,509037
I Novikov_100653,I Novikov,-1,0,46,48,-2,94,2021-08-02 00:58:00,509038
Oleg Kuravsky_246134095,Oleg Kuravsky,2,1,41,33,8,74,2021-08-02 01:00:00,509039
P Bradac_22555,P Bradac,2,1,44,40,4,84,2021-08-02 01:01:00,509040
Zh Tsybikov_100691,Zh Tsybikov,-1,0,44,51,-7,95,2021-08-02 01:06:00,509041
R Kobytov_100725,R Kobytov,1,1,44,34,10,78,2021-08-02 01:15:00,509042
Volodymyr Melnykov_118819,Volodymyr Melnykov,2,1,42,30,12,72,2021-08-02 01:20:00,509043
D Molodtsov_100654,D Molodtsov,3,1,33,19,14,52,2021-08-02 01:22:00,509044
Ivan Diachenko_118740,Ivan Diachenko,3,1,34,26,8,60,2021-08-02 01:25:00,509045
Roman Pinchuk_178971152,Roman Pinchuk,-1,0,45,47,-2,92,2021-08-02 01:30:00,509046
Jr. Mecl_22556,Jr. Mecl,3,1,35,23,12,58,2021-08-02 01:30:00,509047
A Serebrennikov_100692,A Serebrennikov,-1,0,46,50,-4,96,2021-08-02 01:37:00,509048
E Kalashnikov_100726,E Kalashnikov,3,1,33,17,16,50,2021-08-02 01:46:00,509049
A Ilin_100655,A Ilin,-3,0,28,34,-6,62,2021-08-02 01:46:00,509050
Serhii Burdelnyi_118820,Serhii Burdelnyi,-3,0,20,33,-13,53,2021-08-02 01:50:00,509051
Mykola Polysynskyi_118741,Mykola Polysynskyi,1,1,47,45,2,92,2021-08-02 01:55:00,509052
Yevhenii Faflei_2106862155,Yevhenii Faflei,2,1,39,24,15,63,2021-08-02 02:00:00,509053
Zh Tsybikov_100693,Zh Tsybikov,-1,0,48,48,0,96,2021-08-02 02:12:00,509054
R Kobytov_100727,R Kobytov,-1,0,41,48,-7,89,2021-08-02 02:15:00,509055
D Molodtsov_100656,D Molodtsov,2,1,35,32,3,67,2021-08-02 02:16:00,509056
Rustam Halimbaiev_118742,Rustam Halimbaiev,-3,0,31,37,-6,68,2021-08-02 02:25:00,509057
Oleg Kuravsky_1588220236,Oleg Kuravsky,2,1,44,25,19,69,2021-08-02 02:30:00,509058
D Petrov_100694,D Petrov,-2,0,42,43,-1,85,2021-08-02 02:44:00,509059
P Bondarenko_100728,P Bondarenko,-3,0,24,33,-9,57,2021-08-02 02:45:00,509060
V Shirshov_100657,V Shirshov,-3,0,21,33,-12,54,2021-08-02 02:46:00,509061
Mykola Polysynskyi_118743,Mykola Polysynskyi,3,1,33,10,23,43,2021-08-02 02:55:00,509062
Yevhenii Faflei_792632247,Yevhenii Faflei,1,1,50,45,5,95,2021-08-02 03:00:00,509063
A Uezdin_100695,A Uezdin,1,1,46,38,8,84,2021-08-02 03:13:00,509064
I Novikov_100658,I Novikov,-3,0,16,33,-17,49,2021-08-02 03:16:00,509065
T Yusipov_100729,T Yusipov,-1,0,42,48,-6,90,2021-08-02 03:16:00,509066
Ivan Diachenko_118744,Ivan Diachenko,-1,0,38,53,-15,91,2021-08-02 03:25:00,509067
Oleg Kuravsky_246202768,Oleg Kuravsky,3,1,33,19,14,52,2021-08-02 03:30:00,509068
N Zhurba_100696,N Zhurba,-1,0,43,47,-4,90,2021-08-02 03:43:00,509069
M Minkov_100659,M Minkov,2,1,40,34,6,74,2021-08-02 03:45:00,509070
I Soldatov_100730,I Soldatov,2,1,50,45,5,95,2021-08-02 03:46:00,509071
Artem Lisechko_118745,Artem Lisechko,1,1,51,42,9,93,2021-08-02 03:55:00,509072
Yevhenii Faflei_609866499,Yevhenii Faflei,2,1,42,27,15,69,2021-08-02 04:00:00,509073
D Petrov_100697,D Petrov,1,1,50,42,8,92,2021-08-02 04:12:00,509074
V Shirshov_100660,V Shirshov,-3,0,19,33,-14,52,2021-08-02 04:15:00,509075
P Bondarenko_100731,P Bondarenko,-2,0,40,43,-3,83,2021-08-02 04:20:00,509076
Rustam Halimbaiev_118746,Rustam Halimbaiev,2,1,41,29,12,70,2021-08-02 04:25:00,509077
Dmytro Kalyniuk_73647195,Dmytro Kalyniuk,2,1,38,35,3,73,2021-08-02 04:30:00,509078
D Petrov_100915,D Petrov,3,1,33,17,16,50,2021-08-02 04:40:00,509079
A Ilin_100918,A Ilin,3,1,33,18,15,51,2021-08-02 04:45:00,509080
T Yusipov_100920,T Yusipov,-3,0,22,33,-11,55,2021-08-02 04:46:00,509081
Mykola Polysynskyi_118747,Mykola Polysynskyi,-1,0,57,55,2,112,2021-08-02 04:55:00,509082
A Serebrennikov_100917,A Serebrennikov,-3,0,23,33,-10,56,2021-08-02 05:00:00,509083
M Minkov_100919,M Minkov,1,1,48,41,7,89,2021-08-02 05:15:00,509084
I Soldatov_100921,I Soldatov,2,1,44,39,5,83,2021-08-02 05:15:00,509085
Ivan Diachenko_118748,Ivan Diachenko,3,1,33,22,11,55,2021-08-02 05:25:00,509086
Artem Lisechko_118749,Artem Lisechko,-1,0,48,47,1,95,2021-08-02 05:55:00,509087
Rustam Halimbaiev_118750,Rustam Halimbaiev,2,1,42,27,15,69,2021-08-02 06:25:00,509088
Ivan Diachenko_118751,Ivan Diachenko,3,1,36,26,10,62,2021-08-02 06:55:00,509089
Roman Kuvaiev_118752,Roman Kuvaiev,-1,0,43,47,-4,90,2021-08-02 07:25:00,509090
P Vshivkov_100831,P Vshivkov,-2,0,37,43,-6,80,2021-08-02 07:35:00,509091
K Olshakov_100869,K Olshakov,-1,0,28,49,-21,77,2021-08-02 07:48:00,509092
V Sinkovskiy_100796,V Sinkovskiy,-1,0,41,49,-8,90,2021-08-02 07:48:00,509093
Illia Hubariev_232624607,Illia Hubariev,-2,0,28,43,-15,71,2021-08-02 07:50:00,509094
Ivan Diachenko_118753,Ivan Diachenko,1,1,52,46,6,98,2021-08-02 07:55:00,509095
Anatolii Chaplianka_1504264825,Anatolii Chaplianka,-1,0,47,55,-8,102,2021-08-02 07:55:00,509096
A Andreev_100832,A Andreev,-2,0,29,42,-13,71,2021-08-02 08:08:00,509097
A Klavdenkov_100870,A Klavdenkov,-2,0,28,40,-12,68,2021-08-02 08:18:00,509098
V Zubkov_100797,V Zubkov,2,1,35,33,2,68,2021-08-02 08:21:00,509099
Mykola Polysynskyi_118754,Mykola Polysynskyi,1,1,52,50,2,102,2021-08-02 08:25:00,509100
Anton Veliiev_4918424,Anton Veliiev,3,1,34,23,11,57,2021-08-02 08:25:00,509101
Igor Kozhenkov_850182310,Igor Kozhenkov,-3,0,16,33,-17,49,2021-08-02 08:30:00,509102
A Kolmin_100833,A Kolmin,3,1,36,28,8,64,2021-08-02 08:34:00,509103
Andrii Tsikhotskyi_1944332206,Andrii Tsikhotskyi,-1,0,46,50,-4,96,2021-08-02 08:35:00,509104
Lilia Melnikova_794851331,Lilia Melnikova,0,1,0,0,0,0,2021-08-02 08:40:00,509105
Dmytro Dygalevych_58214704,Dmytro Dygalevych,-1,0,32,47,-15,79,2021-08-02 08:45:00,509106
M Minchenkov_100871,M Minchenkov,-3,0,20,33,-13,53,2021-08-02 08:46:00,509107
A Shmakov_100798,A Shmakov,2,1,42,25,17,67,2021-08-02 08:47:00,509108
Vasyl Aksenin_1661168185,Vasyl Aksenin,1,1,50,41,9,91,2021-08-02 08:50:00,509109
Pavlo Plushch_230866423,Pavlo Plushch,-3,0,17,33,-16,50,2021-08-02 08:55:00,509110
Ruslan Skoropad_118853,Ruslan Skoropad,-1,0,44,50,-6,94,2021-08-02 08:55:00,509111
Bohdan Omelchuk_13158928,Bohdan Omelchuk,2,1,45,31,14,76,2021-08-02 08:55:00,509112
Ruslan Ivanov_1859427700,Ruslan Ivanov,3,1,33,17,16,50,2021-08-02 09:00:00,509113
Mykhailo Zholubak_119025,Mykhailo Zholubak,3,1,33,13,20,46,2021-08-02 09:00:00,509114
Anatolii Chaplianka_656283457,Anatolii Chaplianka,-1,0,43,46,-3,89,2021-08-02 09:05:00,509115
Oleksandr Paniotov_118880,Oleksandr Paniotov,1,1,51,42,9,93,2021-08-02 09:05:00,509116
I Sergeevich_100834,I Sergeevich,1,1,46,47,-1,93,2021-08-02 09:06:00,509117
Tymur Kozenkov_1048454205,Tymur Kozenkov,1,1,51,37,14,88,2021-08-02 09:10:00,509118
Nataliia Kosmina_118895,Nataliia Kosmina,3,1,34,22,12,56,2021-08-02 09:10:00,509119
Tatiana Bairak_1202282229,Tatiana Bairak,1,1,42,40,2,82,2021-08-02 09:15:00,509120
Artur Kravchuk_118950,Artur Kravchuk,2,1,44,24,20,68,2021-08-02 09:15:00,509121
S Simonov_100872,S Simonov,2,1,42,28,14,70,2021-08-02 09:15:00,509122
I Iskenderov_100799,I Iskenderov,-1,0,45,52,-7,97,2021-08-02 09:16:00,509123
Oleksandr Kuharchuk_1944907572,Oleksandr Kuharchuk,2,1,38,35,3,73,2021-08-02 09:20:00,509124
Serhii Hot_118854,Serhii Hot,-3,0,18,33,-15,51,2021-08-02 09:25:00,509125
Petro Tsolik_1818792873,Petro Tsolik,-2,0,37,41,-4,78,2021-08-02 09:25:00,509126
Spartak Abalmaz_430637654,Spartak Abalmaz,2,1,43,38,5,81,2021-08-02 09:30:00,509127
Kyrylo Yurchenko_119026,Kyrylo Yurchenko,-1,0,46,46,0,92,2021-08-02 09:30:00,509128
Oleg Moshynskyy_452091645,Oleg Moshynskyy,2,1,48,44,4,92,2021-08-02 09:30:00,509129
Roman Hnoievoi_118881,Roman Hnoievoi,-3,0,21,35,-14,56,2021-08-02 09:35:00,509130
Anton Veliiev_907056681,Anton Veliiev,3,1,33,16,17,49,2021-08-02 09:35:00,509131
Serhii Kinash_1762859896,Serhii Kinash,-3,0,21,33,-12,54,2021-08-02 09:40:00,509132
A Kolmin_100835,A Kolmin,1,1,47,36,11,83,2021-08-02 09:40:00,509133
Kateryna Hubska_118896,Kateryna Hubska,-2,0,29,40,-11,69,2021-08-02 09:40:00,509134
Tymur Kozenkov_2114691746,Tymur Kozenkov,3,1,35,18,17,53,2021-08-02 09:45:00,509135
Maksym Mrykh_118965,Maksym Mrykh,-2,0,39,40,-1,79,2021-08-02 09:50:00,509136
M Minchenkov_100873,M Minchenkov,2,1,39,26,13,65,2021-08-02 09:50:00,509137
Lilia Melnikova_207816848,Lilia Melnikova,1,1,48,41,7,89,2021-08-02 09:50:00,509138
Ihor Kuzmenko_119088,Ihor Kuzmenko,-3,0,22,34,-12,56,2021-08-02 09:55:00,509139
Hryhorii Kulishov_118905,Hryhorii Kulishov,-2,0,33,42,-9,75,2021-08-02 09:55:00,509140
Dmytro Dygalevych_1448763130,Dmytro Dygalevych,-2,0,29,40,-11,69,2021-08-02 09:55:00,509141
Mykhailo Zholubak_118870,Mykhailo Zholubak,3,1,36,28,8,64,2021-08-02 10:00:00,509142
Vasyl Aksenin_1799640557,Vasyl Aksenin,-3,0,18,33,-15,51,2021-08-02 10:00:00,509143
jr. Havlik_22529,jr. Havlik,3,1,33,13,20,46,2021-08-02 10:01:00,509144
A Shmakov_100800,A Shmakov,-3,0,32,38,-6,70,2021-08-02 10:01:00,509145
Dmytro Rehotun_118882,Dmytro Rehotun,1,1,54,51,3,105,2021-08-02 10:05:00,509146
Pavlo Plushch_1895925645,Pavlo Plushch,3,1,34,20,14,54,2021-08-02 10:05:00,509147
Bohdan Omelchuk_414451250,Bohdan Omelchuk,2,1,38,33,5,71,2021-08-02 10:05:00,509148
Illia Hubariev_255114165,Illia Hubariev,-2,0,29,41,-12,70,2021-08-02 10:10:00,509149
Nataliia Kosmina_118897,Nataliia Kosmina,1,1,47,41,6,88,2021-08-02 10:10:00,509150
A Andreev_100836,A Andreev,-2,0,25,43,-18,68,2021-08-02 10:12:00,509151
Igor Kozhenkov_1776248143,Igor Kozhenkov,3,1,33,23,10,56,2021-08-02 10:15:00,509152
Artem Voronetskyi_118952,Artem Voronetskyi,-3,0,22,34,-12,56,2021-08-02 10:15:00,509153
A Klavdenkov_100874,A Klavdenkov,2,1,49,46,3,95,2021-08-02 10:18:00,509154
Mykola Ulianchych_118966,Mykola Ulianchych,2,1,43,33,10,76,2021-08-02 10:20:00,509155
Andrii Tsikhotskyi_2089104050,Andrii Tsikhotskyi,-1,0,46,42,4,88,2021-08-02 10:20:00,509156
Serhii Hot_118856,Serhii Hot,3,1,34,25,9,59,2021-08-02 10:25:00,509157
Oleksandr Shapoval_118906,Oleksandr Shapoval,1,1,50,48,2,98,2021-08-02 10:25:00,509158
Tatiana Bairak_477589925,Tatiana Bairak,1,1,43,45,-2,88,2021-08-02 10:25:00,509159
V Zubkov_100801,V Zubkov,-3,0,22,33,-11,55,2021-08-02 10:27:00,509160
Oleksandr Kuharchuk_721240295,Oleksandr Kuharchuk,2,1,36,36,0,72,2021-08-02 10:30:00,509161
Oleksandr Ivashkin_119027,Oleksandr Ivashkin,-2,0,36,43,-7,79,2021-08-02 10:30:00,509162
M-l Regner_22530,M-l Regner,3,1,33,26,7,59,2021-08-02 10:31:00,509163
A Andreev_100922,A Andreev,2,1,38,26,12,64,2021-08-02 10:32:00,509164
Oleg Savenkov_1789482157,Oleg Savenkov,3,1,35,23,12,58,2021-08-02 10:35:00,509165
Roman Hnoievoi_118883,Roman Hnoievoi,3,1,36,26,10,62,2021-08-02 10:35:00,509166
Spartak Abalmaz_206190434,Spartak Abalmaz,1,1,46,46,0,92,2021-08-02 10:40:00,509167
Oleksandr Kyryliuk_449887862,Oleksandr Kyryliuk,-2,0,40,40,0,80,2021-08-02 10:40:00,509168
Nataliia Shchekotikhina_118898,Nataliia Shchekotikhina,2,1,40,29,11,69,2021-08-02 10:40:00,509169
Serhii Skachenko_1991168156,Serhii Skachenko,1,1,51,45,6,96,2021-08-02 10:45:00,509170
Vitalii Obukhov_118953,Vitalii Obukhov,2,1,39,33,6,72,2021-08-02 10:45:00,509171
Anatolii Chaplianka_17664524,Anatolii Chaplianka,3,1,33,23,10,56,2021-08-02 10:50:00,509172
Maksym Mrykh_118967,Maksym Mrykh,-1,0,47,56,-9,103,2021-08-02 10:50:00,509173
A Shmakov_100924,A Shmakov,-1,0,50,58,-8,108,2021-08-02 10:50:00,509174
A Klavdenkov_100926,A Klavdenkov,-2,0,39,46,-7,85,2021-08-02 10:54:00,509175
Ruslan Skoropad_119089,Ruslan Skoropad,-1,0,41,42,-1,83,2021-08-02 10:55:00,509176
Andrii Shcherbak_118907,Andrii Shcherbak,-2,0,40,44,-4,84,2021-08-02 10:55:00,509177
Zakharia Tiuliagin_1569095659,Zakharia Tiuliagin,-2,0,21,42,-21,63,2021-08-02 10:55:00,509178
Kyrylo Yurchenko_118872,Kyrylo Yurchenko,3,1,33,26,7,59,2021-08-02 11:00:00,509179
Lilia Melnikova_1691939503,Lilia Melnikova,3,1,35,21,14,56,2021-08-02 11:00:00,509180
D Salomon_22531,D Salomon,-3,0,19,33,-14,52,2021-08-02 11:01:00,509181
Oleksandr Paniotov_118884,Oleksandr Paniotov,-2,0,26,39,-13,65,2021-08-02 11:05:00,509182
Dmytro Dygalevych_1901079242,Dmytro Dygalevych,-1,0,47,44,3,91,2021-08-02 11:05:00,509183
I Sergeevich_100923,I Sergeevich,-1,0,44,51,-7,95,2021-08-02 11:07:00,509184
Petro Tsolik_900133221,Petro Tsolik,1,1,46,46,0,92,2021-08-02 11:10:00,509185
Kateryna Hubska_118899,Kateryna Hubska,3,1,33,22,11,55,2021-08-02 11:10:00,509186
Oleg Moshynskyy_322947327,Oleg Moshynskyy,-2,0,25,42,-17,67,2021-08-02 11:15:00,509187
Pavlo Plushch_1820789880,Pavlo Plushch,-1,0,42,48,-6,90,2021-08-02 11:15:00,509188
Artur Kravchuk_118954,Artur Kravchuk,3,1,33,18,15,51,2021-08-02 11:15:00,509189
Ruslan Ivanov_875095269,Ruslan Ivanov,2,1,37,31,6,68,2021-08-02 11:20:00,509190
Sviatoslav Sachuk_118968,Sviatoslav Sachuk,2,1,44,35,9,79,2021-08-02 11:20:00,509191
M Minchenkov_100927,M Minchenkov,3,1,33,16,17,49,2021-08-02 11:21:00,509192
V Zubkov_100925,V Zubkov,-1,0,40,48,-8,88,2021-08-02 11:21:00,509193
Serhii Kinash_2134116577,Serhii Kinash,2,1,44,37,7,81,2021-08-02 11:25:00,509194
Oleksandr Shapoval_118908,Oleksandr Shapoval,1,1,44,45,-1,89,2021-08-02 11:25:00,509195
Mykola Serediuk_118858,Mykola Serediuk,3,1,36,28,8,64,2021-08-02 11:25:00,509196
M Huk_22532,M Huk,-2,0,26,40,-14,66,2021-08-02 11:29:00,509197
Mykhailo Zholubak_119028,Mykhailo Zholubak,1,1,53,40,13,93,2021-08-02 11:30:00,509198
Andrii Tsikhotskyi_266808476,Andrii Tsikhotskyi,-1,0,35,47,-12,82,2021-08-02 11:30:00,509199
Nelia Marchuk_1671884724,Nelia Marchuk,-2,0,33,40,-7,73,2021-08-02 11:35:00,509200
Oleksandr Sulym_118885,Oleksandr Sulym,-2,0,32,42,-10,74,2021-08-02 11:35:00,509201
Ju Ovchinnikov_100670,Ju Ovchinnikov,3,1,43,28,15,71,2021-08-02 11:40:00,509202
Volodymyr Tuchkevych_1793259167,Volodymyr Tuchkevych,-2,0,32,41,-9,73,2021-08-02 11:40:00,509203
Nataliia Kosmina_118900,Nataliia Kosmina,-2,0,35,43,-8,78,2021-08-02 11:40:00,509204
Vasyl Aksenin_263735044,Vasyl Aksenin,-2,0,39,40,-1,79,2021-08-02 11:45:00,509205
Dmytro Kunchurov_118955,Dmytro Kunchurov,2,1,41,38,3,79,2021-08-02 11:45:00,509206
K Malahov_100837,K Malahov,-3,0,20,33,-13,53,2021-08-02 11:47:00,509207
A Yanshaev_100875,A Yanshaev,3,1,33,24,9,57,2021-08-02 11:48:00,509208
Bohdan Omelchuk_157841693,Bohdan Omelchuk,1,1,46,42,4,88,2021-08-02 11:50:00,509209
Dmytro Derevinskyi_1178596407,Dmytro Derevinskyi,3,1,37,27,10,64,2021-08-02 11:50:00,509210
Mykola Ulianchych_118969,Mykola Ulianchych,-2,0,33,39,-6,72,2021-08-02 11:50:00,509211
Ihor Kuzmenko_119090,Ihor Kuzmenko,-3,0,17,33,-16,50,2021-08-02 11:55:00,509212
Hryhorii Kulishov_118909,Hryhorii Kulishov,1,1,58,57,1,115,2021-08-02 11:55:00,509213
Anton Veliiev_904950024,Anton Veliiev,-1,0,43,44,-1,87,2021-08-02 11:55:00,509214
D Salomon_22533,D Salomon,2,1,41,33,8,74,2021-08-02 11:59:00,509215
Kyrylo Yurchenko_119029,Kyrylo Yurchenko,3,1,33,18,15,51,2021-08-02 12:00:00,509216
Igor Kozhenkov_1152554728,Igor Kozhenkov,1,1,47,41,6,88,2021-08-02 12:00:00,509217
A Lobanov_100802,A Lobanov,2,1,42,31,11,73,2021-08-02 12:04:00,509218
Serhii Hilitukha_1339468808,Serhii Hilitukha,1,1,50,44,6,94,2021-08-02 12:05:00,509219
Dmytro Rehotun_118886,Dmytro Rehotun,-2,0,30,40,-10,70,2021-08-02 12:05:00,509220
V Mishakin_100838,V Mishakin,1,1,54,39,15,93,2021-08-02 12:07:00,509221
Lilia Melnikova_568528034,Lilia Melnikova,-2,0,24,40,-16,64,2021-08-02 12:10:00,509222
Kateryna Hubska_118901,Kateryna Hubska,1,1,50,40,10,90,2021-08-02 12:10:00,509223
Artem Voronetskyi_118956,Artem Voronetskyi,-1,0,36,46,-10,82,2021-08-02 12:15:00,509224
Dmytro Dygalevych_2145466390,Dmytro Dygalevych,-1,0,42,50,-8,92,2021-08-02 12:15:00,509225
A Bochkarev_100876,A Bochkarev,2,1,40,34,6,74,2021-08-02 12:16:00,509226
Maksym Mrykh_118970,Maksym Mrykh,1,1,49,43,6,92,2021-08-02 12:20:00,509227
Oleg Savenkov_1786183329,Oleg Savenkov,1,1,44,46,-2,90,2021-08-02 12:20:00,509228
Serhii Hot_118860,Serhii Hot,-3,0,25,33,-8,58,2021-08-02 12:25:00,509229
Pavlo Khakhamidi_118910,Pavlo Khakhamidi,-1,0,49,46,3,95,2021-08-02 12:25:00,509230
Pavlo Plushch_1925626079,Pavlo Plushch,-1,0,36,46,-10,82,2021-08-02 12:25:00,509231
Oleksandr Kyryliuk_334634157,Oleksandr Kyryliuk,-1,0,45,47,-2,92,2021-08-02 12:25:00,509232
M Ilichev_100803,M Ilichev,2,1,42,33,9,75,2021-08-02 12:27:00,509233
Oleksandr Ivashkin_119030,Oleksandr Ivashkin,3,1,34,14,20,48,2021-08-02 12:30:00,509234
Illia Hubariev_2128439120,Illia Hubariev,2,1,43,37,6,80,2021-08-02 12:30:00,509235
M-l Regner_22534,M-l Regner,2,1,42,39,3,81,2021-08-02 12:30:00,509236
Roman Hnoievoi_118887,Roman Hnoievoi,1,1,53,42,11,95,2021-08-02 12:35:00,509237
Andrii Selin_1275322963,Andrii Selin,1,1,44,45,-1,89,2021-08-02 12:35:00,509238
Yu Zaycev_100839,Yu Zaycev,2,1,45,36,9,81,2021-08-02 12:40:00,509239
Nataliia Shchekotikhina_118902,Nataliia Shchekotikhina,3,1,33,18,15,51,2021-08-02 12:40:00,509240
Andrii Tsikhotskyi_266919552,Andrii Tsikhotskyi,1,1,50,44,6,94,2021-08-02 12:40:00,509241
Vitalii Obukhov_118957,Vitalii Obukhov,-1,0,51,51,0,102,2021-08-02 12:45:00,509242
Nelia Marchuk_868552424,Nelia Marchuk,-2,0,34,42,-8,76,2021-08-02 12:45:00,509243
S Nikulin_100877,S Nikulin,-1,0,46,46,0,92,2021-08-02 12:47:00,509244
Oleksandr Kuharchuk_1780167955,Oleksandr Kuharchuk,2,1,38,30,8,68,2021-08-02 12:50:00,509245
Mykola Ulianchych_118971,Mykola Ulianchych,2,1,42,29,13,71,2021-08-02 12:50:00,509246
V Putilovsky_100804,V Putilovsky,2,1,47,36,11,83,2021-08-02 12:55:00,509247
Andrii Shcherbak_118911,Andrii Shcherbak,3,1,33,21,12,54,2021-08-02 12:55:00,509248
Ruslan Skoropad_118861,Ruslan Skoropad,-3,0,22,33,-11,55,2021-08-02 12:55:00,509249
Petro Tsolik_1769509645,Petro Tsolik,-3,0,18,33,-15,51,2021-08-02 12:55:00,509250
Mykhailo Zholubak_118876,Mykhailo Zholubak,-3,0,22,33,-11,55,2021-08-02 13:00:00,509251
Oleg Moshynskyy_509189121,Oleg Moshynskyy,2,1,43,25,18,68,2021-08-02 13:00:00,509252
Spartak Abalmaz_3630332,Spartak Abalmaz,-1,0,40,56,-16,96,2021-08-02 13:00:00,509253
M Huk_22557,M Huk,1,1,41,43,-2,84,2021-08-02 13:02:00,509254
Oleksandr Paniotov_118888,Oleksandr Paniotov,-1,0,49,57,-8,106,2021-08-02 13:05:00,509255
Serhii Skachenko_649558870,Serhii Skachenko,-2,0,36,41,-5,77,2021-08-02 13:05:00,509256
M Dukhin_100840,M Dukhin,-1,0,44,46,-2,90,2021-08-02 13:08:00,509257
Anatolii Chaplianka_372005297,Anatolii Chaplianka,3,1,33,19,14,52,2021-08-02 13:10:00,509258
Nataliia Kosmina_118903,Nataliia Kosmina,2,1,38,27,11,65,2021-08-02 13:10:00,509259
Artur Kravchuk_118958,Artur Kravchuk,2,1,36,34,2,70,2021-08-02 13:15:00,509260
Andrii Tsikhotskyi_1349829163,Andrii Tsikhotskyi,-2,0,35,40,-5,75,2021-08-02 13:15:00,509261
T Razinkov_100878,T Razinkov,-1,0,36,45,-9,81,2021-08-02 13:17:00,509262
Sviatoslav Sachuk_118972,Sviatoslav Sachuk,2,1,42,34,8,76,2021-08-02 13:20:00,509263
Lilia Melnikova_568427584,Lilia Melnikova,-1,0,33,46,-13,79,2021-08-02 13:20:00,509264
M Lysenko_100938,M Lysenko,-2,0,2,22,-20,24,2021-08-02 13:20:00,509265
D Sayanov_100805,D Sayanov,-2,0,36,44,-8,80,2021-08-02 13:23:00,509266
Dmytro Dygalevych_118620554,Dmytro Dygalevych,-1,0,43,44,-1,87,2021-08-02 13:25:00,509267
Oleksandr Shapoval_118912,Oleksandr Shapoval,2,1,44,38,6,82,2021-08-02 13:25:00,509268
Mykola Serediuk_118862,Mykola Serediuk,1,1,55,41,14,96,2021-08-02 13:25:00,509269
Yaroslav Vorsuliak_165056146,Yaroslav Vorsuliak,2,1,43,29,14,72,2021-08-02 13:30:00,509270
Volodymyr Chornobab_119031,Volodymyr Chornobab,1,1,46,37,9,83,2021-08-02 13:30:00,509271
jr. Havlik_22558,jr. Havlik,-3,0,26,35,-9,61,2021-08-02 13:30:00,509272
Yu Zaycev_100841,Yu Zaycev,-1,0,41,47,-6,88,2021-08-02 13:32:00,509273
Vitalii Protopopov_948810449,Vitalii Protopopov,1,1,53,50,3,103,2021-08-02 13:35:00,509274
Oleksandr Sulym_118889,Oleksandr Sulym,-3,0,30,38,-8,68,2021-08-02 13:35:00,509275
Pavlo Plushch_1895818925,Pavlo Plushch,3,1,33,9,24,42,2021-08-02 13:35:00,509276
P Samsonov_100939,P Samsonov,-2,0,11,24,-13,35,2021-08-02 13:40:00,509277
Marharyta Saltanovska_118904,Marharyta Saltanovska,-3,0,22,36,-14,58,2021-08-02 13:40:00,509278
Ruslan Ivanov_1002148638,Ruslan Ivanov,3,1,33,15,18,48,2021-08-02 13:40:00,509279
Dmytro Kunchurov_118959,Dmytro Kunchurov,-2,0,33,40,-7,73,2021-08-02 13:45:00,509280
Igor Kozhenkov_538041080,Igor Kozhenkov,2,1,41,32,9,73,2021-08-02 13:45:00,509281
S Nikulin_100879,S Nikulin,3,1,33,18,15,51,2021-08-02 13:48:00,509282
Maksym Mrykh_118973,Maksym Mrykh,-2,0,32,42,-10,74,2021-08-02 13:50:00,509283
Serhii Hilitukha_337251079,Serhii Hilitukha,-3,0,22,33,-11,55,2021-08-02 13:50:00,509284
V Putilovsky_100806,V Putilovsky,3,1,33,18,15,51,2021-08-02 13:52:00,509285
Ihor Kuzmenko_119091,Ihor Kuzmenko,1,1,43,46,-3,89,2021-08-02 13:55:00,509286
Hryhorii Kulishov_118913,Hryhorii Kulishov,3,1,34,28,6,62,2021-08-02 13:55:00,509287
P Samsonov_100940,P Samsonov,2,1,23,9,14,32,2021-08-02 14:00:00,509288
Oleksandr Kuharchuk_954432030,Oleksandr Kuharchuk,-2,0,30,37,-7,67,2021-08-02 14:00:00,509289
V Mishakin_100842,V Mishakin,2,1,42,42,0,84,2021-08-02 14:02:00,509290
E Mares_22535,E Mares,-3,0,18,33,-15,51,2021-08-02 14:03:00,509291
Dmytro Rehotun_118890,Dmytro Rehotun,-1,0,56,63,-7,119,2021-08-02 14:05:00,509292
Vasyl Aksenin_2085132521,Vasyl Aksenin,-1,0,40,49,-9,89,2021-08-02 14:05:00,509293
Bohdan Omelchuk_198759996,Bohdan Omelchuk,3,1,36,28,8,64,2021-08-02 14:10:00,509294
Mykhailo Zholubak_119219,Mykhailo Zholubak,-1,0,46,53,-7,99,2021-08-02 14:10:00,509295
Spartak Abalmaz_1017310589,Spartak Abalmaz,2,1,45,33,12,78,2021-08-02 14:10:00,509296
Illia Hubariev_1592127947,Illia Hubariev,3,1,34,21,13,55,2021-08-02 14:15:00,509297
Artem Voronetskyi_118960,Artem Voronetskyi,-1,0,43,51,-8,94,2021-08-02 14:15:00,509298
M Ilichev_100807,M Ilichev,3,1,33,17,16,50,2021-08-02 14:15:00,509299
A Bochkarev_100880,A Bochkarev,3,1,36,25,11,61,2021-08-02 14:16:00,509300
E Samsonova_100941,E Samsonova,-2,0,7,23,-16,30,2021-08-02 14:20:00,509301
Ilya Parnyvoda_118974,Ilya Parnyvoda,-3,0,18,33,-15,51,2021-08-02 14:20:00,509302
Nataliia Kosmina_119251,Nataliia Kosmina,-3,0,21,34,-13,55,2021-08-02 14:20:00,509303
Anatolii Chaplianka_896712327,Anatolii Chaplianka,-3,0,13,33,-20,46,2021-08-02 14:20:00,509304
Tymur Kozenkov_1862795081,Tymur Kozenkov,2,1,43,41,2,84,2021-08-02 14:25:00,509305
Pavlo Khakhamidi_118914,Pavlo Khakhamidi,3,1,33,22,11,55,2021-08-02 14:25:00,509306
Ruslan Skoropad_118864,Ruslan Skoropad,-2,0,44,48,-4,92,2021-08-02 14:25:00,509307
Jr. Mecl_22536,Jr. Mecl,-1,0,54,52,2,106,2021-08-02 14:30:00,509308
K Malahov_100960,K Malahov,-1,0,47,45,2,92,2021-08-02 14:34:00,509309
Oleksandr Paniotov_118891,Oleksandr Paniotov,-2,0,40,45,-5,85,2021-08-02 14:35:00,509310
Dmytro Dygalevych_654674408,Dmytro Dygalevych,-3,0,23,37,-14,60,2021-08-02 14:35:00,509311
Stepan Nykyforuk_1906515675,Stepan Nykyforuk,-3,0,17,33,-16,50,2021-08-02 14:40:00,509312
Oleksandr Ivashkin_119220,Oleksandr Ivashkin,1,1,47,43,4,90,2021-08-02 14:40:00,509313
Vitalii Protopopov_482208717,Vitalii Protopopov,2,1,43,39,4,82,2021-08-02 14:45:00,509314
Pavlo Plushch_1677364008,Pavlo Plushch,2,1,40,36,4,76,2021-08-02 14:45:00,509315
Artur Kravchuk_118961,Artur Kravchuk,2,1,46,44,2,90,2021-08-02 14:45:00,509316
T Razinkov_100962,T Razinkov,2,1,41,28,13,69,2021-08-02 14:46:00,509317
D Sayanov_100964,D Sayanov,-1,0,42,48,-6,90,2021-08-02 14:46:00,509318
Ilya Parnyvoda_119283,Ilya Parnyvoda,-3,0,23,33,-10,56,2021-08-02 14:50:00,509319
Nataliia Svydnytska_119252,Nataliia Svydnytska,-3,0,20,33,-13,53,2021-08-02 14:50:00,509320
Mykhailo Varchenko_2006540586,Mykhailo Varchenko,2,1,43,41,2,84,2021-08-02 14:50:00,509321
Andrii Shcherbak_118915,Andrii Shcherbak,2,1,44,32,12,76,2021-08-02 14:55:00,509322
Hlib Parfeniuk_118865,Hlib Parfeniuk,-3,0,16,33,-17,49,2021-08-02 14:55:00,509323
Serhii Hilitukha_314864668,Serhii Hilitukha,-2,0,41,41,0,82,2021-08-02 15:00:00,509324
F Pusch_22537,F Pusch,-1,0,43,46,-3,89,2021-08-02 15:01:00,509325
Serhii Chelpanov_118892,Serhii Chelpanov,1,1,46,45,1,91,2021-08-02 15:05:00,509326
Vitaliy Pinchuk_986656482,Vitaliy Pinchuk,2,1,43,32,11,75,2021-08-02 15:10:00,509327
M Dukhin_100961,M Dukhin,-3,0,21,33,-12,54,2021-08-02 15:11:00,509328
Ivan Panchenko_118962,Ivan Panchenko,2,1,39,25,14,64,2021-08-02 15:15:00,509329
Yaroslav Vorsuliak_1509223928,Yaroslav Vorsuliak,1,1,47,44,3,91,2021-08-02 15:15:00,509330
A Yanshaev_100963,A Yanshaev,1,1,48,44,4,92,2021-08-02 15:16:00,509331
V Putilovsky_100965,V Putilovsky,-3,0,19,33,-14,52,2021-08-02 15:19:00,509332
Mykola Ulianchych_119284,Mykola Ulianchych,2,1,43,30,13,73,2021-08-02 15:20:00,509333
Dmytro Derevinskyi_205335782,Dmytro Derevinskyi,1,1,45,39,6,84,2021-08-02 15:20:00,509334
Pavlo Pyasta_1199561656,Pavlo Pyasta,2,1,41,34,7,75,2021-08-02 15:20:00,509335
Ruslan Skoropad_118866,Ruslan Skoropad,2,1,46,36,10,82,2021-08-02 15:25:00,509336
Hryhorii Kulishov_118916,Hryhorii Kulishov,2,1,40,32,8,72,2021-08-02 15:25:00,509337
Illia Hubariev_365345986,Illia Hubariev,-1,0,55,57,-2,112,2021-08-02 15:25:00,509338
L Protiva_22538,L Protiva,-1,0,47,53,-6,100,2021-08-02 15:29:00,509339
M Sverdlov_100847,M Sverdlov,1,1,52,44,8,96,2021-08-02 15:30:00,509340
Serhii Matviienko_25553979,Serhii Matviienko,2,1,43,38,5,81,2021-08-02 15:35:00,509341
Oleksandr Paniotov_118893,Oleksandr Paniotov,-2,0,31,44,-13,75,2021-08-02 15:35:00,509342
Elena Pentuk_1289822637,Elena Pentuk,2,1,39,37,2,76,2021-08-02 15:40:00,509343
Artur Kravchuk_118963,Artur Kravchuk,2,1,42,34,8,76,2021-08-02 15:45:00,509344
E Voronkov_100808,E Voronkov,-3,0,22,34,-12,56,2021-08-02 15:48:00,509345
A Kazakov_100881,A Kazakov,-2,0,38,40,-2,78,2021-08-02 15:49:00,509346
Davyd Symonchuk_1414919186,Davyd Symonchuk,-2,0,34,42,-8,76,2021-08-02 15:50:00,509347
Serhii Hot_119092,Serhii Hot,1,1,49,50,-1,99,2021-08-02 15:55:00,509348
Serhii Baranovskyi_270445777,Serhii Baranovskyi,-1,0,48,51,-3,99,2021-08-02 15:55:00,509349
Ihor Oranskyi_118917,Ihor Oranskyi,1,1,49,44,5,93,2021-08-02 15:55:00,509350
Anton Veliiev_347468977,Anton Veliiev,-3,0,22,33,-11,55,2021-08-02 16:00:00,509351
Roman Hnoievoi_118894,Roman Hnoievoi,3,1,34,17,17,51,2021-08-02 16:05:00,509352
F Pusch_22539,F Pusch,-3,0,21,33,-12,54,2021-08-02 16:05:00,509353
S Kulikov_100848,S Kulikov,-1,0,43,50,-7,93,2021-08-02 16:06:00,509354
Volodymyr Tsyhanenko_1737891992,Volodymyr Tsyhanenko,2,1,44,35,9,79,2021-08-02 16:10:00,509355
Maria Vasileva_243353236,Maria Vasileva,-2,0,37,41,-4,78,2021-08-02 16:15:00,509356
Vitalii Obukhov_118964,Vitalii Obukhov,-1,0,49,57,-8,106,2021-08-02 16:15:00,509357
G Karpovkin_100809,G Karpovkin,-2,0,33,41,-8,74,2021-08-02 16:15:00,509358
A Antipin_100882,A Antipin,-2,0,27,42,-15,69,2021-08-02 16:16:00,509359
Nazarii Hrytsyienko_517087273,Nazarii Hrytsyienko,1,1,47,43,4,90,2021-08-02 16:20:00,509360
Andrii Hordii_1050502441,Andrii Hordii,-1,0,44,51,-7,95,2021-08-02 16:25:00,509361
Serhii Prus_119032,Serhii Prus,-2,0,24,43,-19,67,2021-08-02 16:25:00,509362
Hryhorii Kulishov_118918,Hryhorii Kulishov,3,1,36,22,14,58,2021-08-02 16:25:00,509363
Anatolii Nazarov_119093,Anatolii Nazarov,3,1,33,22,11,55,2021-08-02 16:30:00,509364
Nikita Trofimov_350531790,Nikita Trofimov,-1,0,43,50,-7,93,2021-08-02 16:30:00,509365
Jr. Mecl_22540,Jr. Mecl,-1,0,51,47,4,98,2021-08-02 16:34:00,509366
Dmytro Alekseenko_874939794,Dmytro Alekseenko,-2,0,36,43,-7,79,2021-08-02 16:35:00,509367
Rustam Halimbaiev_118920,Rustam Halimbaiev,-1,0,45,48,-3,93,2021-08-02 16:35:00,509368
S Ovechkin_100849,S Ovechkin,-3,0,19,33,-14,52,2021-08-02 16:39:00,509369
Igor Sukovatyi_1719967726,Igor Sukovatyi,-1,0,50,49,1,99,2021-08-02 16:40:00,509370
Stefan Yakimenko_119068,Stefan Yakimenko,3,1,36,25,11,61,2021-08-02 16:40:00,509371
I Meteleshko_100810,I Meteleshko,3,1,33,21,12,54,2021-08-02 16:45:00,509372
Serhii Matviienko_1896086839,Serhii Matviienko,-1,0,40,49,-9,89,2021-08-02 16:45:00,509373
Nazar Semenenko_119073,Nazar Semenenko,-1,0,49,49,0,98,2021-08-02 16:45:00,509374
G Bardyshev_100883,G Bardyshev,2,1,42,29,13,71,2021-08-02 16:48:00,509375
Elena Pentuk_582904502,Elena Pentuk,3,1,34,21,13,55,2021-08-02 16:50:00,509376
Oleksandr Shapoval_118919,Oleksandr Shapoval,-1,0,39,47,-8,86,2021-08-02 16:55:00,509377
Ihor Kvak_119103,Ihor Kvak,1,1,51,49,2,100,2021-08-02 16:55:00,509378
Andrii Kotik_761824145,Andrii Kotik,3,1,36,26,10,62,2021-08-02 16:55:00,509379
Oleksandr Kolbasenko_119094,Oleksandr Kolbasenko,2,1,47,41,6,88,2021-08-02 17:00:00,509380
Davyd Symonchuk_1673714442,Davyd Symonchuk,1,1,53,50,3,103,2021-08-02 17:00:00,509381
E Anisimov_100850,E Anisimov,1,1,42,39,3,81,2021-08-02 17:02:00,509382
F Pusch_22583,F Pusch,-2,0,32,42,-10,74,2021-08-02 17:04:00,509383
Pavlo Volkov_118921,Pavlo Volkov,1,1,50,51,-1,101,2021-08-02 17:05:00,509384
Serhii Baranovskyi_1788197311,Serhii Baranovskyi,1,1,50,43,7,93,2021-08-02 17:05:00,509385
Dmytro Alekseenko_142506621,Dmytro Alekseenko,1,1,52,47,5,99,2021-08-02 17:10:00,509386
V Vologzhanin_100811,V Vologzhanin,3,1,33,17,16,50,2021-08-02 17:15:00,509387
Oleksandr Mytsyk_119074,Oleksandr Mytsyk,1,1,51,49,2,100,2021-08-02 17:15:00,509388
Anatolii Yakovenko_1639000052,Anatolii Yakovenko,-1,0,48,51,-3,99,2021-08-02 17:15:00,509389
I Abelmasov_100884,I Abelmasov,2,1,40,40,0,80,2021-08-02 17:17:00,509390
Vladyslav Ivanchatenko_576395191,Vladyslav Ivanchatenko,-1,0,50,50,0,100,2021-08-02 17:20:00,509391
Roman Yushko_119000,Roman Yushko,2,1,46,40,6,86,2021-08-02 17:25:00,509392
Andrii Berdii_119104,Andrii Berdii,-1,0,43,47,-4,90,2021-08-02 17:25:00,509393
Olena Telezhynska_1904183268,Olena Telezhynska,3,1,38,29,9,67,2021-08-02 17:25:00,509394
S Ovechkin_100851,S Ovechkin,-3,0,18,33,-15,51,2021-08-02 17:30:00,509395
Anatolii Nazarov_119095,Anatolii Nazarov,1,1,45,41,4,86,2021-08-02 17:30:00,509396
Nazarii Hrytsyienko_992130021,Nazarii Hrytsyienko,1,1,46,34,12,80,2021-08-02 17:30:00,509397
E Mares_22584,E Mares,-3,0,23,35,-12,58,2021-08-02 17:33:00,509398
Vasyl Kushnir_2037774826,Vasyl Kushnir,-2,0,36,42,-6,78,2021-08-02 17:35:00,509399
Ivan Diachenko_118922,Ivan Diachenko,3,1,33,18,15,51,2021-08-02 17:35:00,509400
Yevhen Masko_725361966,Yevhen Masko,3,1,33,21,12,54,2021-08-02 17:40:00,509401
Ivan Kryvyi_119057,Ivan Kryvyi,2,1,38,24,14,62,2021-08-02 17:40:00,509402
Igor Sukovatyi_1074677828,Igor Sukovatyi,3,1,34,25,9,59,2021-08-02 17:45:00,509403
I Meteleshko_100812,I Meteleshko,-2,0,36,41,-5,77,2021-08-02 17:45:00,509404
Bohdan Havryliuk_119075,Bohdan Havryliuk,3,1,33,17,16,50,2021-08-02 17:45:00,509405
G Bardyshev_100885,G Bardyshev,-2,0,32,37,-5,69,2021-08-02 17:46:00,509406
Dmytro Alekseenko_227219689,Dmytro Alekseenko,1,1,55,49,6,104,2021-08-02 17:50:00,509407
Volodymyr Tsyhanenko_1577288096,Volodymyr Tsyhanenko,-2,0,26,39,-13,65,2021-08-02 17:55:00,509408
Ihor Kvak_119035,Ihor Kvak,-2,0,34,46,-12,80,2021-08-02 17:55:00,509409
Oleksandr Melashenko_119001,Oleksandr Melashenko,-2,0,23,43,-20,66,2021-08-02 17:55:00,509410
S Kulikov_100852,S Kulikov,-3,0,34,42,-8,76,2021-08-02 18:00:00,509411
Ihor Rubanka_119096,Ihor Rubanka,3,1,39,23,16,62,2021-08-02 18:00:00,509412
Maria Vasileva_587462951,Maria Vasileva,3,1,33,15,18,48,2021-08-02 18:00:00,509413
Ja Boruvka_22541,Ja Boruvka,-3,0,29,36,-7,65,2021-08-02 18:01:00,509414
Pavlo Volkov_118923,Pavlo Volkov,3,1,34,27,7,61,2021-08-02 18:05:00,509415
Andrii Kotik_1612988171,Andrii Kotik,-3,0,27,36,-9,63,2021-08-02 18:05:00,509416
Oleksandr Goncharuk_118938,Oleksandr Goncharuk,-3,0,30,40,-10,70,2021-08-02 18:10:00,509417
Andrii Hordii_15843623,Andrii Hordii,1,1,48,49,-1,97,2021-08-02 18:10:00,509418
Oleksandr Mytsyk_119076,Oleksandr Mytsyk,1,1,47,42,5,89,2021-08-02 18:15:00,509419
G Karpovkin_100813,G Karpovkin,-2,0,32,43,-11,75,2021-08-02 18:15:00,509420
A Antipin_100886,A Antipin,2,1,46,40,6,86,2021-08-02 18:15:00,509421
Nikita Trofimov_859308167,Nikita Trofimov,2,1,39,29,10,68,2021-08-02 18:15:00,509422
Anatolii Yakovenko_1357867730,Anatolii Yakovenko,-2,0,38,42,-4,80,2021-08-02 18:20:00,509423
Igor Sukovatyi_1474160120,Igor Sukovatyi,1,1,49,42,7,91,2021-08-02 18:25:00,509424
Yevhenii Sokoltsov_119002,Yevhenii Sokoltsov,-3,0,23,34,-11,57,2021-08-02 18:25:00,509425
Serhii Prus_119036,Serhii Prus,-2,0,40,48,-8,88,2021-08-02 18:25:00,509426
R Balog_22542,R Balog,-1,0,48,52,-4,100,2021-08-02 18:30:00,509427
S Kulikov_101050,S Kulikov,-2,0,32,37,-5,69,2021-08-02 18:30:00,509428
Serhii Matviienko_741057119,Serhii Matviienko,3,1,41,31,10,72,2021-08-02 18:30:00,509429
Oleksandr Kolbasenko_119097,Oleksandr Kolbasenko,-2,0,32,39,-7,71,2021-08-02 18:30:00,509430
Rustam Halimbaiev_118924,Rustam Halimbaiev,1,1,56,53,3,109,2021-08-02 18:35:00,509431
Elena Pentuk_1124134104,Elena Pentuk,2,1,43,29,14,72,2021-08-02 18:35:00,509432
Stefan Yakimenko_119069,Stefan Yakimenko,2,1,43,28,15,71,2021-08-02 18:40:00,509433
Nazarii Hrytsyienko_1249812062,Nazarii Hrytsyienko,-1,0,41,42,-1,83,2021-08-02 18:40:00,509434
G Karpovkin_101052,G Karpovkin,2,1,39,35,4,74,2021-08-02 18:45:00,509435
Nazar Semenenko_119077,Nazar Semenenko,-1,0,49,49,0,98,2021-08-02 18:45:00,509436
Davyd Symonchuk_1672499624,Davyd Symonchuk,-1,0,48,48,0,96,2021-08-02 18:45:00,509437
A Kazakov_101054,A Kazakov,-2,0,34,41,-7,75,2021-08-02 18:47:00,509438
Serhii Baranovskyi_1066331504,Serhii Baranovskyi,-3,0,25,35,-10,60,2021-08-02 18:50:00,509439
Maksim Ovcharenko_396234229,Maksim Ovcharenko,2,1,39,33,6,72,2021-08-02 18:55:00,509440
Mykhailo Urban_119105,Mykhailo Urban,-3,0,15,33,-18,48,2021-08-02 18:55:00,509441
Oleksandr Melashenko_119003,Oleksandr Melashenko,-3,0,25,33,-8,58,2021-08-02 18:55:00,509442
E Anisimov_101051,E Anisimov,2,1,38,30,8,68,2021-08-02 19:00:00,509443
Dmytro Alekseenko_90152712,Dmytro Alekseenko,-2,0,47,51,-4,98,2021-08-02 19:00:00,509444
Anatolii Nazarov_119098,Anatolii Nazarov,1,1,49,48,1,97,2021-08-02 19:00:00,509445
Vladyslav Ivanchatenko_1818046924,Vladyslav Ivanchatenko,-2,0,34,43,-9,77,2021-08-02 19:05:00,509446
Mykola Polysynskyi_118925,Mykola Polysynskyi,2,1,46,38,8,84,2021-08-02 19:05:00,509447
L Boruvka_22543,L Boruvka,1,1,51,39,12,90,2021-08-02 19:07:00,509448
Serhii Semenets_119059,Serhii Semenets,-2,0,40,45,-5,85,2021-08-02 19:10:00,509449
Olena Telezhynska_1979617655,Olena Telezhynska,-2,0,36,42,-6,78,2021-08-02 19:10:00,509450
Avraham Nazrin_1562716158,Avraham Nazrin,-3,0,21,33,-12,54,2021-08-02 19:15:00,509451
Igor Koshkodan_119078,Igor Koshkodan,-2,0,35,38,-3,73,2021-08-02 19:15:00,509452
I Meteleshko_101053,I Meteleshko,2,1,38,34,4,72,2021-08-02 19:16:00,509453
G Bardyshev_101055,G Bardyshev,2,1,40,34,6,74,2021-08-02 19:17:00,509454
Vasyl Kushnir_1101615043,Vasyl Kushnir,-1,0,40,44,-4,84,2021-08-02 19:20:00,509455
Yevhen Masko_1003161628,Yevhen Masko,3,1,33,23,10,56,2021-08-02 19:25:00,509456
Andrii Berdii_119038,Andrii Berdii,2,1,42,37,5,79,2021-08-02 19:25:00,509457
Roman Yushko_119004,Roman Yushko,-2,0,32,48,-16,80,2021-08-02 19:25:00,509458
I Mihaylov_101841,I Mihaylov,0,1,0,0,0,0,2021-08-02 19:30:00,509459
Denys Vakulenko_591166739,Denys Vakulenko,-1,0,43,53,-10,96,2021-08-02 19:30:00,509460
Oleksandr Kolbasenko_119099,Oleksandr Kolbasenko,-1,0,40,50,-10,90,2021-08-02 19:30:00,509461
V Zhulyabin_100853,V Zhulyabin,1,1,52,44,8,96,2021-08-02 19:31:00,509462
Ivan Diachenko_118926,Ivan Diachenko,2,1,43,29,14,72,2021-08-02 19:35:00,509463
Maksim Ovcharenko_1894985170,Maksim Ovcharenko,-3,0,18,33,-15,51,2021-08-02 19:35:00,509464
Ivan Kryvyi_119060,Ivan Kryvyi,2,1,41,35,6,76,2021-08-02 19:40:00,509465
Volodymyr Tsyhanenko_941760196,Volodymyr Tsyhanenko,1,1,46,44,2,90,2021-08-02 19:40:00,509466
Bohdan Havryliuk_119079,Bohdan Havryliuk,2,1,47,40,7,87,2021-08-02 19:45:00,509467
Maria Vasileva_291225728,Maria Vasileva,-2,0,28,36,-8,64,2021-08-02 19:45:00,509468
Jo Medek_22544,Jo Medek,-1,0,40,50,-10,90,2021-08-02 19:46:00,509469
E Markelov_100887,E Markelov,1,1,47,45,2,92,2021-08-02 19:46:00,509470
E Kryuchkov_100814,E Kryuchkov,-3,0,24,34,-10,58,2021-08-02 19:46:00,509471
Dmytro Vakhta_2055931638,Dmytro Vakhta,3,1,33,22,11,55,2021-08-02 19:50:00,509472
Andrii Hordii_167191756,Andrii Hordii,-1,0,43,49,-6,92,2021-08-02 19:55:00,509473
Andrii Hrytsai_119005,Andrii Hrytsai,-3,0,23,34,-11,57,2021-08-02 19:55:00,509474
Ihor Kvak_119106,Ihor Kvak,2,1,41,26,15,67,2021-08-02 19:55:00,509475
Nikita Trofimov_2128247029,Nikita Trofimov,-2,0,26,39,-13,65,2021-08-02 20:00:00,509476
D Balakin_101842,D Balakin,0,1,0,0,0,0,2021-08-02 20:00:00,509477
Ihor Rubanka_119100,Ihor Rubanka,-3,0,17,33,-16,50,2021-08-02 20:00:00,509478
Oleksii Tiutiunnyk_26823874,Oleksii Tiutiunnyk,-2,0,38,38,0,76,2021-08-02 20:05:00,509479
Pavlo Volkov_118927,Pavlo Volkov,-3,0,15,33,-18,48,2021-08-02 20:05:00,509480
O Pronin_100854,O Pronin,2,1,42,34,8,76,2021-08-02 20:08:00,509481
Oleksandr Goncharuk_119061,Oleksandr Goncharuk,-2,0,36,44,-8,80,2021-08-02 20:10:00,509482
Serhii Kubrak_1672850979,Serhii Kubrak,-2,0,34,40,-6,74,2021-08-02 20:10:00,509483
Oleksandr Mytsyk_119080,Oleksandr Mytsyk,1,1,49,48,1,97,2021-08-02 20:15:00,509484
A Gribkov_100815,A Gribkov,-3,0,20,33,-13,53,2021-08-02 20:15:00,509485
Oleksiy Sapronov_1106289043,Oleksiy Sapronov,-1,0,41,50,-9,91,2021-08-02 20:15:00,509486
L Boruvka_22545,L Boruvka,-2,0,39,39,0,78,2021-08-02 20:17:00,509487
Volodymyr Voronenkov_118990,Volodymyr Voronenkov,3,1,33,26,7,59,2021-08-02 20:20:00,509488
Yulia Hodko_194367666,Yulia Hodko,1,1,46,48,-2,94,2021-08-02 20:20:00,509489
Ya Troyanov_100888,Ya Troyanov,-3,0,23,33,-10,56,2021-08-02 20:20:00,509490
Yevhenii Sokoltsov_119006,Yevhenii Sokoltsov,3,1,35,26,9,61,2021-08-02 20:25:00,509491
Andrii Kotik_34290593,Andrii Kotik,-1,0,48,57,-9,105,2021-08-02 20:25:00,509492
Serhii Prus_119107,Serhii Prus,-3,0,20,33,-13,53,2021-08-02 20:25:00,509493
Nazarii Danyliuk_94390463,Nazarii Danyliuk,-2,0,31,40,-9,71,2021-08-02 20:30:00,509494
S Burov_101843,S Burov,0,1,0,0,0,0,2021-08-02 20:30:00,509495
Anatolii Nazarov_119101,Anatolii Nazarov,3,1,33,19,14,52,2021-08-02 20:30:00,509496
D Lavrinenko_100855,D Lavrinenko,3,1,33,24,9,57,2021-08-02 20:32:00,509497
Roman Cherevko_1223360170,Roman Cherevko,-2,0,35,41,-6,76,2021-08-02 20:35:00,509498
Rustam Halimbaiev_118928,Rustam Halimbaiev,2,1,45,32,13,77,2021-08-02 20:35:00,509499
Stefan Yakimenko_119070,Stefan Yakimenko,-2,0,37,44,-7,81,2021-08-02 20:40:00,509500
Oleksii Tiutiunnyk_1717448124,Oleksii Tiutiunnyk,3,1,34,20,14,54,2021-08-02 20:40:00,509501
Prokhor Puhach_655481889,Prokhor Puhach,1,1,53,47,6,100,2021-08-02 20:45:00,509502
A Yanshaev_100816,A Yanshaev,2,1,42,34,8,76,2021-08-02 20:45:00,509503
R Balog_22546,R Balog,1,1,47,47,0,94,2021-08-02 20:45:00,509504
Nazar Semenenko_119081,Nazar Semenenko,-1,0,37,45,-8,82,2021-08-02 20:45:00,509505
A Sirotkin_100889,A Sirotkin,-1,0,49,49,0,98,2021-08-02 20:47:00,509506
Mykola Korniienko_118991,Mykola Korniienko,-1,0,42,50,-8,92,2021-08-02 20:50:00,509507
Serhii Matviienko_555980761,Serhii Matviienko,1,1,56,49,7,105,2021-08-02 20:50:00,509508
Elena Pentuk_1031444647,Elena Pentuk,2,1,42,36,6,78,2021-08-02 20:55:00,509509
Oleksandr Melashenko_119007,Oleksandr Melashenko,-2,0,46,50,-4,96,2021-08-02 20:55:00,509510
Mykhailo Urban_119108,Mykhailo Urban,-2,0,29,40,-11,69,2021-08-02 20:55:00,509511
S Kuzmin_101844,S Kuzmin,0,1,0,0,0,0,2021-08-02 21:00:00,509512
Fedir Balbas_119102,Fedir Balbas,-3,0,27,34,-7,61,2021-08-02 21:00:00,509513
Dmytro Vakhta_134622595,Dmytro Vakhta,3,1,34,23,11,57,2021-08-02 21:00:00,509514
S Kuzmin_100856,S Kuzmin,3,1,34,23,11,57,2021-08-02 21:00:00,509515
Davyd Symonchuk_1772084230,Davyd Symonchuk,-3,0,16,33,-17,49,2021-08-02 21:05:00,509516
Mykola Polysynskyi_118929,Mykola Polysynskyi,-1,0,50,53,-3,103,2021-08-02 21:05:00,509517
Serhii Baranovskyi_1882617095,Serhii Baranovskyi,-3,0,16,33,-17,49,2021-08-02 21:10:00,509518
Serhii Semenets_119063,Serhii Semenets,1,1,40,46,-6,86,2021-08-02 21:10:00,509519
Igor Koshkodan_119082,Igor Koshkodan,-2,0,29,36,-7,65,2021-08-02 21:15:00,509520
Serhii Kubrak_736769447,Serhii Kubrak,3,1,33,20,13,53,2021-08-02 21:15:00,509521
I Moshkov_100817,I Moshkov,1,1,53,49,4,102,2021-08-02 21:16:00,509522
Volodymyr Voronenkov_118992,Volodymyr Voronenkov,-2,0,32,37,-5,69,2021-08-02 21:20:00,509523
Oleksii Tiutiunnyk_235573047,Oleksii Tiutiunnyk,-1,0,45,47,-2,92,2021-08-02 21:20:00,509524
P Bondarenko_100890,P Bondarenko,-1,0,45,53,-8,98,2021-08-02 21:20:00,509525
Oleksiy Sapronov_1997647764,Oleksiy Sapronov,-3,0,26,37,-11,63,2021-08-02 21:25:00,509526
Andrii Berdii_119109,Andrii Berdii,-3,0,24,33,-9,57,2021-08-02 21:25:00,509527
Roman Yushko_119008,Roman Yushko,1,1,47,47,0,94,2021-08-02 21:25:00,509528
Ja Boruvka_22585,Ja Boruvka,-3,0,26,33,-7,59,2021-08-02 21:26:00,509529
Maria Vasileva_1530392803,Maria Vasileva,3,1,33,24,9,57,2021-08-02 21:30:00,509530
S Burov_101845,S Burov,0,1,0,0,0,0,2021-08-02 21:30:00,509531
Oleksandr Kolbasenko_119414,Oleksandr Kolbasenko,2,1,43,33,10,76,2021-08-02 21:30:00,509532
D Lavrinenko_100857,D Lavrinenko,-2,0,38,43,-5,81,2021-08-02 21:31:00,509533
Ivan Diachenko_118930,Ivan Diachenko,-2,0,31,38,-7,69,2021-08-02 21:35:00,509534
Andrii Kotik_872699541,Andrii Kotik,1,1,50,44,6,94,2021-08-02 21:35:00,509535
Andrii Hordii_62997738,Andrii Hordii,1,1,55,52,3,107,2021-08-02 21:40:00,509536
Ivan Kryvyi_119064,Ivan Kryvyi,-3,0,25,36,-11,61,2021-08-02 21:40:00,509537
Serhii Baranovskyi_1766629861,Serhii Baranovskyi,-1,0,50,60,-10,110,2021-08-02 21:45:00,509538
Bohdan Havryliuk_119083,Bohdan Havryliuk,-1,0,40,56,-16,96,2021-08-02 21:45:00,509539
A Yanshaev_100818,A Yanshaev,2,1,43,39,4,82,2021-08-02 21:48:00,509540
R Balog_22586,R Balog,3,1,33,20,13,53,2021-08-02 21:49:00,509541
Andrii Lukatskyi_118993,Andrii Lukatskyi,3,1,33,20,13,53,2021-08-02 21:50:00,509542
Prokhor Puhach_375482659,Prokhor Puhach,-1,0,46,47,-1,93,2021-08-02 21:50:00,509543
Serhii Prus_119043,Serhii Prus,-3,0,10,33,-23,43,2021-08-02 21:55:00,509544
A Sirotkin_100891,A Sirotkin,3,1,34,24,10,58,2021-08-02 21:55:00,509545
Serhii Kubrak_153838536,Serhii Kubrak,-1,0,44,54,-10,98,2021-08-02 21:55:00,509546
Andrii Hrytsai_119009,Andrii Hrytsai,-1,0,51,58,-7,109,2021-08-02 21:55:00,509547
Serhii Matviienko_2038057409,Serhii Matviienko,3,1,33,15,18,48,2021-08-02 22:00:00,509548
D Balakin_101846,D Balakin,0,1,0,0,0,0,2021-08-02 22:00:00,509549
Andrii Skliarenko_119415,Andrii Skliarenko,2,1,41,33,8,74,2021-08-02 22:00:00,509550
O Pronin_100858,O Pronin,-2,0,25,39,-14,64,2021-08-02 22:00:00,509551
Olena Telezhynska_649356438,Olena Telezhynska,-2,0,31,37,-6,68,2021-08-02 22:05:00,509552
Rustam Halimbaiev_118931,Rustam Halimbaiev,3,1,33,23,10,56,2021-08-02 22:05:00,509553
Stefan Yakimenko_119071,Stefan Yakimenko,1,1,49,45,4,94,2021-08-02 22:10:00,509554
Dmytro Vakhta_1049073389,Dmytro Vakhta,-2,0,38,42,-4,80,2021-08-02 22:10:00,509555
Ja Svoboda_22547,Ja Svoboda,-3,0,19,36,-17,55,2021-08-02 22:14:00,509556
Nazarii Kovalchuk_2091698486,Nazarii Kovalchuk,-2,0,39,46,-7,85,2021-08-02 22:15:00,509557
Nazar Semenenko_119084,Nazar Semenenko,2,1,44,37,7,81,2021-08-02 22:15:00,509558
A Gribkov_100819,A Gribkov,1,1,47,45,2,92,2021-08-02 22:16:00,509559
Ya Troyanov_100892,Ya Troyanov,1,1,46,42,4,88,2021-08-02 22:18:00,509560
Roman Cherevko_41202962,Roman Cherevko,-3,0,22,33,-11,55,2021-08-02 22:20:00,509561
Mykola Korniienko_118994,Mykola Korniienko,-1,0,40,45,-5,85,2021-08-02 22:20:00,509562
Viktor Kikot_645099707,Viktor Kikot,3,1,33,18,15,51,2021-08-02 22:25:00,509563
Volodymyr Korobko_119110,Volodymyr Korobko,1,1,42,43,-1,85,2021-08-02 22:25:00,509564
Yevhenii Sokoltsov_119010,Yevhenii Sokoltsov,-3,0,18,33,-15,51,2021-08-02 22:25:00,509565
Oleksii Tiutiunnyk_837162590,Oleksii Tiutiunnyk,3,1,33,18,15,51,2021-08-02 22:30:00,509566
O Pronin_101056,O Pronin,2,1,38,34,4,72,2021-08-02 22:32:00,509567
K Brozik_22548,K Brozik,2,1,40,39,1,79,2021-08-02 22:33:00,509568
Artem Lisechko_118932,Artem Lisechko,1,1,47,49,-2,96,2021-08-02 22:35:00,509569
Oleh Yurenev_119065,Oleh Yurenev,1,1,53,48,5,101,2021-08-02 22:40:00,509570
Nazarii Hrytsyienko_116712914,Nazarii Hrytsyienko,-3,0,21,33,-12,54,2021-08-02 22:45:00,509571
Vladyslav Makhotin_119085,Vladyslav Makhotin,1,1,53,47,6,100,2021-08-02 22:45:00,509572
E Kryuchkov_101060,E Kryuchkov,1,1,43,42,1,85,2021-08-02 22:46:00,509573
P Bondarenko_101058,P Bondarenko,-2,0,35,46,-11,81,2021-08-02 22:48:00,509574
Volodymyr Voronenkov_118995,Volodymyr Voronenkov,-1,0,42,48,-6,90,2021-08-02 22:50:00,509575
Serhii Kubrak_1860083912,Serhii Kubrak,-1,0,45,48,-3,93,2021-08-02 23:00:00,509576
V Zhulyabin_101057,V Zhulyabin,3,1,34,26,8,60,2021-08-02 23:00:00,509577
R Rose_22549,R Rose,-1,0,51,56,-5,107,2021-08-02 23:01:00,509578
Rustam Halimbaiev_118933,Rustam Halimbaiev,3,1,34,27,7,61,2021-08-02 23:05:00,509579
Viktor Kikot_1495758552,Viktor Kikot,1,1,52,42,10,94,2021-08-02 23:05:00,509580
Stefan Yakimenko_119072,Stefan Yakimenko,2,1,40,30,10,70,2021-08-02 23:10:00,509581
Nazar Semenenko_119086,Nazar Semenenko,1,1,49,44,5,93,2021-08-02 23:15:00,509582
E Markelov_101059,E Markelov,1,1,49,42,7,91,2021-08-02 23:16:00,509583
I Moshkov_101061,I Moshkov,-3,0,21,33,-12,54,2021-08-02 23:16:00,509584
Mykola Korniienko_118996,Mykola Korniienko,1,1,55,48,7,103,2021-08-02 23:20:00,509585
Ihor Kvak_119046,Ihor Kvak,-3,0,24,34,-10,58,2021-08-02 23:25:00,509586
Yevhen Ivanov_119012,Yevhen Ivanov,1,1,55,50,5,105,2021-08-02 23:25:00,509587
N Zhurba_100859,N Zhurba,3,1,40,32,8,72,2021-08-02 23:31:00,509588
Dmitriy Lebed_986825562,Dmitriy Lebed,3,1,34,21,13,55,2021-08-02 23:35:00,509589
Pavlo Volkov_118934,Pavlo Volkov,3,1,35,26,9,61,2021-08-02 23:35:00,509590
Ma Klimenta_22550,Ma Klimenta,1,1,55,52,3,107,2021-08-02 23:36:00,509591
Oleksandr Goncharuk_119067,Oleksandr Goncharuk,-1,0,49,42,7,91,2021-08-02 23:40:00,509592
Oleksandr Mytsyk_119087,Oleksandr Mytsyk,-2,0,38,42,-4,80,2021-08-02 23:45:00,509593
Illia Semeniuk_1630818578,Illia Semeniuk,2,1,42,37,5,79,2021-08-02 23:45:00,509594
M Minkov_100820,M Minkov,-1,0,52,44,8,96,2021-08-02 23:45:00,509595
Yu Merkushin_100895,Yu Merkushin,-2,0,35,40,-5,75,2021-08-02 23:50:00,509596
Andrii Lukatskyi_118997,Andrii Lukatskyi,-2,0,33,41,-8,74,2021-08-02 23:50:00,509597
Roman Yushko_119013,Roman Yushko,-3,0,21,33,-12,54,2021-08-02 23:55:00,509598
Serhii Rutskyi_1541095897,Serhii Rutskyi,-1,0,46,47,-1,93,2021-08-03 00:00:00,509599
F Pusch_23429,F Pusch,1,1,48,45,3,93,2021-08-03 00:00:00,509600
N Zhurba_104775,N Zhurba,1,1,49,36,13,85,2021-08-03 00:01:00,509601
N Lyfenko_104815,N Lyfenko,3,1,37,24,13,61,2021-08-03 00:15:00,509602
Oleksandr Lymarenko_127162,Oleksandr Lymarenko,-1,0,48,53,-5,101,2021-08-03 00:20:00,509603
I Novikov_104729,I Novikov,2,1,39,35,4,74,2021-08-03 00:22:00,509604
Roman Hnoievoi_127150,Roman Hnoievoi,1,1,49,44,5,93,2021-08-03 00:25:00,509605
Liubomyr Sheshurak_1320357718,Liubomyr Sheshurak,1,1,50,42,8,92,2021-08-03 00:30:00,509606
M Huk_23430,M Huk,2,1,40,35,5,75,2021-08-03 00:30:00,509607
A Uezdin_104776,A Uezdin,-3,0,25,38,-13,63,2021-08-03 00:31:00,509608
T Yusipov_104816,T Yusipov,-3,0,22,35,-13,57,2021-08-03 00:46:00,509609
D Molodtsov_104730,D Molodtsov,-2,0,31,44,-13,75,2021-08-03 00:49:00,509610
Serhii Burdelnyi_127163,Serhii Burdelnyi,-2,0,29,40,-11,69,2021-08-03 00:50:00,509611
Serhii Rutskyi_1432297419,Serhii Rutskyi,3,1,33,21,12,54,2021-08-03 01:00:00,509612
Jr. Mecl_23469,Jr. Mecl,-3,0,14,33,-19,47,2021-08-03 01:00:00,509613
A Serebrennikov_104777,A Serebrennikov,3,1,33,20,13,53,2021-08-03 01:00:00,509614
A Antipin_104731,A Antipin,1,1,44,42,2,86,2021-08-03 01:15:00,509615
A Girevenkov_104817,A Girevenkov,-2,0,35,42,-7,77,2021-08-03 01:15:00,509616
Oleksandr Lymarenko_127164,Oleksandr Lymarenko,3,1,33,21,12,54,2021-08-03 01:20:00,509617
Roman Kuvaiev_127166,Roman Kuvaiev,-3,0,23,33,-10,56,2021-08-03 01:25:00,509618
P Gireth_23471,P Gireth,1,1,53,48,5,101,2021-08-03 01:30:00,509619
Vitalii Zharskiy_576876243,Vitalii Zharskiy,-2,0,30,42,-12,72,2021-08-03 01:30:00,509620
N Zhurba_104778,N Zhurba,-3,0,20,34,-14,54,2021-08-03 01:31:00,509621
I Novikov_104732,I Novikov,-1,0,55,59,-4,114,2021-08-03 01:44:00,509622
N Lyfenko_104818,N Lyfenko,3,1,34,23,11,57,2021-08-03 01:45:00,509623
Volodymyr Melnykov_127165,Volodymyr Melnykov,-1,0,47,48,-1,95,2021-08-03 01:50:00,509624
Maksym Balakiriev_127167,Maksym Balakiriev,-2,0,47,49,-2,96,2021-08-03 01:55:00,509625
Nazarii Haievyi_1887004733,Nazarii Haievyi,-3,0,12,33,-21,45,2021-08-03 02:00:00,509626
A Serebrennikov_104779,A Serebrennikov,1,1,44,41,3,85,2021-08-03 02:00:00,509627
A Girevenkov_104819,A Girevenkov,-2,0,32,38,-6,70,2021-08-03 02:15:00,509628
A Antipin_104733,A Antipin,3,1,34,20,14,54,2021-08-03 02:25:00,509629
Anatolii Romaniuk_127168,Anatolii Romaniuk,-2,0,33,36,-3,69,2021-08-03 02:25:00,509630
Serhii Rutskyi_729317837,Serhii Rutskyi,3,1,33,20,13,53,2021-08-03 02:30:00,509631
D Sayanov_104780,D Sayanov,-3,0,25,33,-8,58,2021-08-03 02:33:00,509632
V Marshalov_104820,V Marshalov,-2,0,32,40,-8,72,2021-08-03 02:45:00,509633
D Balakin_104734,D Balakin,-3,0,26,35,-9,61,2021-08-03 02:47:00,509634
Maksym Balakiriev_127169,Maksym Balakiriev,3,1,36,23,13,59,2021-08-03 02:55:00,509635
Nazarii Haievyi_1959457752,Nazarii Haievyi,2,1,40,27,13,67,2021-08-03 03:00:00,509636
A Uezdin_104781,A Uezdin,1,1,49,43,6,92,2021-08-03 03:00:00,509637
T Yusipov_104821,T Yusipov,-3,0,24,33,-9,57,2021-08-03 03:16:00,509638
D Molodtsov_104735,D Molodtsov,-2,0,34,43,-9,77,2021-08-03 03:17:00,509639
Roman Kuvaiev_127170,Roman Kuvaiev,1,1,47,50,-3,97,2021-08-03 03:25:00,509640
Serhii Rutskyi_1888071898,Serhii Rutskyi,-1,0,39,48,-9,87,2021-08-03 03:30:00,509641
S Ogai_104782,S Ogai,3,1,33,23,10,56,2021-08-03 03:33:00,509642
V Safonov_104822,V Safonov,-2,0,30,41,-11,71,2021-08-03 03:45:00,509643
E Ilyukhin_104736,E Ilyukhin,2,1,41,28,13,69,2021-08-03 03:46:00,509644
Pavlo Volkov_127171,Pavlo Volkov,-1,0,48,45,3,93,2021-08-03 03:55:00,509645
Nazarii Haievyi_552638521,Nazarii Haievyi,-2,0,32,38,-6,70,2021-08-03 04:00:00,509646
D Sayanov_104783,D Sayanov,-3,0,13,33,-20,46,2021-08-03 04:00:00,509647
D Balakin_104737,D Balakin,-1,0,48,47,1,95,2021-08-03 04:16:00,509648
V Marshalov_104823,V Marshalov,2,1,42,30,12,72,2021-08-03 04:21:00,509649
Anatolii Romaniuk_127172,Anatolii Romaniuk,3,1,33,19,14,52,2021-08-03 04:25:00,509650
Liubomyr Sheshurak_685563775,Liubomyr Sheshurak,2,1,46,40,6,86,2021-08-03 04:30:00,509651
N Zhurba_105007,N Zhurba,3,1,0,0,0,0,2021-08-03 04:30:00,509652
A Uezdin_105006,A Uezdin,-2,0,34,42,-8,76,2021-08-03 04:30:00,509653
A Girevenkov_105008,A Girevenkov,1,1,47,44,3,91,2021-08-03 04:51:00,509654
D Molodtsov_105010,D Molodtsov,-2,0,37,39,-2,76,2021-08-03 04:53:00,509655
Maksym Balakiriev_127173,Maksym Balakiriev,-2,0,28,43,-15,71,2021-08-03 04:55:00,509656
E Ilyukhin_105011,E Ilyukhin,-1,0,46,44,2,90,2021-08-03 05:18:00,509657
V Marshalov_105009,V Marshalov,3,1,34,25,9,59,2021-08-03 05:19:00,509658
Roman Kuvaiev_127174,Roman Kuvaiev,-3,0,26,33,-7,59,2021-08-03 05:25:00,509659
Pavlo Volkov_127175,Pavlo Volkov,-2,0,33,44,-11,77,2021-08-03 05:55:00,509660
Anatolii Romaniuk_127176,Anatolii Romaniuk,-2,0,30,38,-8,68,2021-08-03 06:25:00,509661
Roman Kuvaiev_127177,Roman Kuvaiev,-2,0,29,37,-8,66,2021-08-03 06:55:00,509662
Yevhenii Sokoltsov_127178,Yevhenii Sokoltsov,-1,0,46,50,-4,96,2021-08-03 07:25:00,509663
S Gancev_104902,S Gancev,-3,0,16,33,-17,49,2021-08-03 07:32:00,509664
I Pandur_104868,I Pandur,3,1,34,26,8,60,2021-08-03 07:46:00,509665
A Lisov_104950,A Lisov,2,1,47,38,9,85,2021-08-03 07:49:00,509666
Oleksandr Kovalov_48617772,Oleksandr Kovalov,-3,0,19,33,-14,52,2021-08-03 07:50:00,509667
Roman Kuvaiev_127179,Roman Kuvaiev,-3,0,20,33,-13,53,2021-08-03 07:55:00,509668
Maksym Kolos_1958190294,Maksym Kolos,-2,0,29,40,-11,69,2021-08-03 07:55:00,509669
A Kononenko_104903,A Kononenko,1,1,39,45,-6,84,2021-08-03 08:00:00,509670
A Savinskiy_104869,A Savinskiy,1,1,46,40,6,86,2021-08-03 08:15:00,509671
D Kolesnikov_104951,D Kolesnikov,-2,0,42,44,-2,86,2021-08-03 08:15:00,509672
Denys Vakulenko_1968770501,Denys Vakulenko,1,1,48,46,2,94,2021-08-03 08:25:00,509673
Maksym Balakiriev_127180,Maksym Balakiriev,3,1,34,27,7,61,2021-08-03 08:25:00,509674
Mykhailo Presniakov_640162986,Mykhailo Presniakov,3,1,33,19,14,52,2021-08-03 08:30:00,509675
A Merezhko_104904,A Merezhko,3,1,36,29,7,65,2021-08-03 08:31:00,509676
Viacheslav Sereda_891669853,Viacheslav Sereda,-2,0,32,38,-6,70,2021-08-03 08:35:00,509677
Serhii Illiushchenko_981692569,Serhii Illiushchenko,1,1,43,43,0,86,2021-08-03 08:40:00,509678
Mykola Tovkach_1403027290,Mykola Tovkach,1,1,51,42,9,93,2021-08-03 08:45:00,509679
S Simonov_104952,S Simonov,3,1,33,25,8,58,2021-08-03 08:47:00,509680
Andrii Hordii_1299081807,Andrii Hordii,2,1,41,37,4,78,2021-08-03 08:50:00,509681
V Klimentev_104870,V Klimentev,-2,0,36,44,-8,80,2021-08-03 08:50:00,509682
Ihor Kuzmenko_127424,Ihor Kuzmenko,-3,0,20,33,-13,53,2021-08-03 08:50:00,509683
Pavlo Plushch_299508068,Pavlo Plushch,1,1,48,44,4,92,2021-08-03 08:55:00,509684
Serhii Poliakov_786782992,Serhii Poliakov,-3,0,23,33,-10,56,2021-08-03 08:55:00,509685
A Duka_104905,A Duka,2,1,38,35,3,73,2021-08-03 09:00:00,509686
Oleksandra Tsiupko_127485,Oleksandra Tsiupko,-3,0,17,33,-16,50,2021-08-03 09:00:00,509687
Oleksandr Kovalov_978841581,Oleksandr Kovalov,1,1,51,52,-1,103,2021-08-03 09:00:00,509688
Roman Hnoievoi_127531,Roman Hnoievoi,-2,0,29,40,-11,69,2021-08-03 09:05:00,509689
Dmitriy Lebed_790256763,Dmitriy Lebed,-2,0,37,39,-2,76,2021-08-03 09:05:00,509690
Karina Zharkova_127282,Karina Zharkova,-2,0,42,49,-7,91,2021-08-03 09:10:00,509691
Volodymyr Tsyhanenko_1827024892,Volodymyr Tsyhanenko,-1,0,45,45,0,90,2021-08-03 09:10:00,509692
Artem Nesterenko_1897532555,Artem Nesterenko,-1,0,46,50,-4,96,2021-08-03 09:15:00,509693
Serhii Yatsenko_127454,Serhii Yatsenko,1,1,56,46,10,102,2021-08-03 09:15:00,509694
K Olshakov_104953,K Olshakov,-1,0,41,48,-7,89,2021-08-03 09:18:00,509695
Bohdan Pyrtyk_127425,Bohdan Pyrtyk,-1,0,46,44,2,90,2021-08-03 09:20:00,509696
Vitaliy Pinchuk_1440838874,Vitaliy Pinchuk,-2,0,34,42,-8,76,2021-08-03 09:20:00,509697
E Makarenkov_104871,E Makarenkov,2,1,44,32,12,76,2021-08-03 09:20:00,509698
Nazarii Danyliuk_1547176454,Nazarii Danyliuk,-1,0,43,52,-9,95,2021-08-03 09:25:00,509699
Oleg Moshynskyy_467729922,Oleg Moshynskyy,-1,0,44,47,-3,91,2021-08-03 09:30:00,509700
Yana Mykhailyk_127486,Yana Mykhailyk,-3,0,20,34,-14,54,2021-08-03 09:30:00,509701
Spartak Abalmaz_927169749,Spartak Abalmaz,-1,0,44,48,-4,92,2021-08-03 09:30:00,509702
A Merezhko_104906,A Merezhko,3,1,33,19,14,52,2021-08-03 09:31:00,509703
Yurii Kolesnyk_127532,Yurii Kolesnyk,-2,0,36,43,-7,79,2021-08-03 09:35:00,509704
Igor Sukovatyi_1177592686,Igor Sukovatyi,-1,0,44,49,-5,93,2021-08-03 09:35:00,509705
Mykhailo Presniakov_1984047073,Mykhailo Presniakov,3,1,33,19,14,52,2021-08-03 09:40:00,509706
Elena Kyrychenko_127283,Elena Kyrychenko,-3,0,21,33,-12,54,2021-08-03 09:40:00,509707
Stanislav Demchenko_127455,Stanislav Demchenko,-3,0,23,36,-13,59,2021-08-03 09:45:00,509708
S Simonov_104954,S Simonov,3,1,33,25,8,58,2021-08-03 09:45:00,509709
V Klimentev_104872,V Klimentev,-2,0,37,46,-9,83,2021-08-03 09:45:00,509710
Viacheslav Sereda_133665504,Viacheslav Sereda,-1,0,47,51,-4,98,2021-08-03 09:45:00,509711
Eduard Populovskyi_127414,Eduard Populovskyi,3,1,35,26,9,61,2021-08-03 09:50:00,509712
Mykhailo Hlaholev_127426,Mykhailo Hlaholev,-2,0,27,40,-13,67,2021-08-03 09:50:00,509713
Serhii Illiushchenko_1440753656,Serhii Illiushchenko,-1,0,48,55,-7,103,2021-08-03 09:50:00,509714
Hennadii Portnov_127311,Hennadii Portnov,2,1,44,29,15,73,2021-08-03 09:55:00,509715
Mykola Tovkach_561009104,Mykola Tovkach,-2,0,32,41,-9,73,2021-08-03 09:55:00,509716
Oleksandra Tsiupko_127487,Oleksandra Tsiupko,-3,0,18,33,-15,51,2021-08-03 10:00:00,509717
Andrii Hordii_706625112,Andrii Hordii,-2,0,40,44,-4,84,2021-08-03 10:00:00,509718
Vaclav Ezr_127396,Vaclav Ezr,-3,0,10,33,-23,43,2021-08-03 10:00:00,509719
A Kononenko_104907,A Kononenko,2,1,40,33,7,73,2021-08-03 10:00:00,509720
O Janku_23441,O Janku,1,1,54,46,8,100,2021-08-03 10:01:00,509721
Serhii Poliakov_1883790292,Serhii Poliakov,-3,0,20,33,-13,53,2021-08-03 10:05:00,509722
Pavlo Plushch_1582720805,Pavlo Plushch,-2,0,29,42,-13,71,2021-08-03 10:05:00,509723
Roman Hnoievoi_127533,Roman Hnoievoi,2,1,36,32,4,68,2021-08-03 10:05:00,509724
Liliya Andrieieva_127284,Liliya Andrieieva,-3,0,27,37,-10,64,2021-08-03 10:10:00,509725
Denys Vakulenko_319309681,Denys Vakulenko,-2,0,42,47,-5,89,2021-08-03 10:10:00,509726
Stefan Yakimenko_127456,Stefan Yakimenko,-3,0,23,34,-11,57,2021-08-03 10:15:00,509727
Maksym Kolos_924610602,Maksym Kolos,1,1,56,51,5,107,2021-08-03 10:15:00,509728
D Kolesnikov_104955,D Kolesnikov,-2,0,33,38,-5,71,2021-08-03 10:15:00,509729
A Savinskiy_104873,A Savinskiy,1,1,47,48,-1,95,2021-08-03 10:17:00,509730
Bohdan Pyrtyk_127427,Bohdan Pyrtyk,-1,0,48,54,-6,102,2021-08-03 10:20:00,509731
Oleksandr Lymarenko_127415,Oleksandr Lymarenko,1,1,52,51,1,103,2021-08-03 10:20:00,509732
Adam Krasutskyi_173663432,Adam Krasutskyi,3,1,34,17,17,51,2021-08-03 10:20:00,509733
Dmytro Belanchyk_920328820,Dmytro Belanchyk,1,1,42,44,-2,86,2021-08-03 10:25:00,509734
Hennadii Buianover_127312,Hennadii Buianover,-2,0,34,39,-5,73,2021-08-03 10:25:00,509735
Anastasiia Mydvetska_127488,Anastasiia Mydvetska,2,1,45,34,11,79,2021-08-03 10:30:00,509736
Andrii Tsikhotskyi_347871907,Andrii Tsikhotskyi,-2,0,34,42,-8,76,2021-08-03 10:30:00,509737
Filip Strejc_127544,Filip Strejc,1,1,44,39,5,83,2021-08-03 10:30:00,509738
S Gancev_105012,S Gancev,1,1,49,50,-1,99,2021-08-03 10:30:00,509739
J Veselka_23442,J Veselka,-3,0,20,33,-13,53,2021-08-03 10:31:00,509740
Oleksandr Lykhytskyi_127534,Oleksandr Lykhytskyi,3,1,36,30,6,66,2021-08-03 10:35:00,509741
Andrii Kotik_974212078,Andrii Kotik,-1,0,50,49,1,99,2021-08-03 10:35:00,509742
Spartak Abalmaz_2109846568,Spartak Abalmaz,-1,0,49,51,-2,100,2021-08-03 10:40:00,509743
Pavlo Pyasta_1146859823,Pavlo Pyasta,-3,0,24,34,-10,58,2021-08-03 10:40:00,509744
Elena Kyrychenko_127285,Elena Kyrychenko,-2,0,36,43,-7,79,2021-08-03 10:40:00,509745
Oleksandr Kovalov_1788979847,Oleksandr Kovalov,1,1,49,39,10,88,2021-08-03 10:45:00,509746
Stanislav Demchenko_127457,Stanislav Demchenko,-1,0,52,48,4,100,2021-08-03 10:45:00,509747
K Olshakov_105014,K Olshakov,2,1,43,32,11,75,2021-08-03 10:49:00,509748
Viacheslav Kovalenko_2028264528,Viacheslav Kovalenko,-1,0,41,47,-6,88,2021-08-03 10:50:00,509749
Eduard Populovskyi_127416,Eduard Populovskyi,3,1,34,24,10,58,2021-08-03 10:50:00,509750
Ihor Kuzmenko_127428,Ihor Kuzmenko,-2,0,38,46,-8,84,2021-08-03 10:50:00,509751
V Klimentev_105017,V Klimentev,-3,0,24,33,-9,57,2021-08-03 10:55:00,509752
Valerii Danchenko_127313,Valerii Danchenko,-2,0,34,42,-8,76,2021-08-03 10:55:00,509753
Volodymyr Tsyhanenko_1932805239,Volodymyr Tsyhanenko,-2,0,33,40,-7,73,2021-08-03 10:55:00,509754
Artem Nesterenko_475378241,Artem Nesterenko,1,1,48,40,8,88,2021-08-03 11:00:00,509755
Filip Strejc_127398,Filip Strejc,-3,0,16,33,-17,49,2021-08-03 11:00:00,509756
Yana Mykhailyk_127479,Yana Mykhailyk,2,1,38,35,3,73,2021-08-03 11:00:00,509757
L Adamec_23443,L Adamec,-3,0,24,38,-14,62,2021-08-03 11:00:00,509758
Yurii Kolesnyk_127535,Yurii Kolesnyk,1,1,53,43,10,96,2021-08-03 11:05:00,509759
Vitaliy Pinchuk_1814388199,Vitaliy Pinchuk,-1,0,42,51,-9,93,2021-08-03 11:05:00,509760
A Kononenko_105013,A Kononenko,-3,0,19,33,-14,52,2021-08-03 11:06:00,509761
Karina Zharkova_127286,Karina Zharkova,-3,0,23,35,-12,58,2021-08-03 11:10:00,509762
Nazarii Danyliuk_1198933319,Nazarii Danyliuk,-2,0,35,42,-7,77,2021-08-03 11:10:00,509763
Serhii Yatsenko_127458,Serhii Yatsenko,-1,0,39,51,-12,90,2021-08-03 11:15:00,509764
Oleg Moshynskyy_2036939844,Oleg Moshynskyy,1,1,52,54,-2,106,2021-08-03 11:15:00,509765
Pavlo Plushch_2111779341,Pavlo Plushch,2,1,39,33,6,72,2021-08-03 11:15:00,509766
A Lisov_105016,A Lisov,-2,0,32,44,-12,76,2021-08-03 11:15:00,509767
A Savinskiy_105018,A Savinskiy,2,1,40,25,15,65,2021-08-03 11:16:00,509768
Oleh Hil_127429,Oleh Hil,1,1,48,50,-2,98,2021-08-03 11:20:00,509769
Volodymyr Melnykov_127417,Volodymyr Melnykov,1,1,46,47,-1,93,2021-08-03 11:20:00,509770
Igor Sukovatyi_1232575567,Igor Sukovatyi,-3,0,21,33,-12,54,2021-08-03 11:20:00,509771
Dmitriy Lebed_1081509759,Dmitriy Lebed,1,1,44,37,7,81,2021-08-03 11:25:00,509772
Hennadii Buianover_127314,Hennadii Buianover,-2,0,32,39,-7,71,2021-08-03 11:25:00,509773
Oleksandra Tsiupko_127489,Oleksandra Tsiupko,-3,0,16,33,-17,49,2021-08-03 11:30:00,509774
V Havlicek_23444,V Havlicek,2,1,41,35,6,76,2021-08-03 11:30:00,509775
K Malahov_104908,K Malahov,1,1,51,40,11,91,2021-08-03 11:30:00,509776
Viacheslav Sereda_730836699,Viacheslav Sereda,2,1,43,26,17,69,2021-08-03 11:30:00,509777
Vaclav Ezr_127545,Vaclav Ezr,-3,0,22,33,-11,55,2021-08-03 11:30:00,509778
Roman Hnoievoi_127536,Roman Hnoievoi,3,1,33,17,16,50,2021-08-03 11:35:00,509779
Serhii Illiushchenko_1298209651,Serhii Illiushchenko,-2,0,35,45,-10,80,2021-08-03 11:35:00,509780
Mykola Tovkach_1866117346,Mykola Tovkach,3,1,34,25,9,59,2021-08-03 11:40:00,509781
Alisa Dubrova_127287,Alisa Dubrova,2,1,43,31,12,74,2021-08-03 11:40:00,509782
Marat Yakubov_127459,Marat Yakubov,2,1,45,34,11,79,2021-08-03 11:45:00,509783
Andrii Hordii_1374492344,Andrii Hordii,-1,0,35,45,-10,80,2021-08-03 11:45:00,509784
A Kozlov_104896,A Kozlov,2,1,42,37,5,79,2021-08-03 11:47:00,509785
A Yanshaev_104956,A Yanshaev,-2,0,25,42,-17,67,2021-08-03 11:49:00,509786
Dmytro Derevinskyi_929542599,Dmytro Derevinskyi,3,1,35,26,9,61,2021-08-03 11:50:00,509787
Serhii Poliakov_1424882581,Serhii Poliakov,1,1,48,46,2,94,2021-08-03 11:50:00,509788
Oleksandr Lymarenko_127418,Oleksandr Lymarenko,1,1,48,42,6,90,2021-08-03 11:50:00,509789
Mykhailo Hlaholev_127430,Mykhailo Hlaholev,2,1,40,31,9,71,2021-08-03 11:50:00,509790
Denys Vakulenko_591920413,Denys Vakulenko,-2,0,30,41,-11,71,2021-08-03 11:55:00,509791
Hennadii Portnov_127315,Hennadii Portnov,3,1,33,22,11,55,2021-08-03 11:55:00,509792
Petr Dvorak_127546,Petr Dvorak,-3,0,25,35,-10,60,2021-08-03 12:00:00,509793
Mykhailo Presniakov_613593366,Mykhailo Presniakov,-3,0,27,35,-8,62,2021-08-03 12:00:00,509794
Yana Mykhailyk_127481,Yana Mykhailyk,-2,0,32,42,-10,74,2021-08-03 12:00:00,509795
L Adamec_23445,L Adamec,-3,0,28,35,-7,63,2021-08-03 12:00:00,509796
V Kutin_104909,V Kutin,3,1,34,21,13,55,2021-08-03 12:01:00,509797
Yurii Kolesnyk_127537,Yurii Kolesnyk,3,1,33,22,11,55,2021-08-03 12:05:00,509798
Adam Krasutskyi_724548432,Adam Krasutskyi,-2,0,31,43,-12,74,2021-08-03 12:05:00,509799
Dmytro Belanchyk_247184727,Dmytro Belanchyk,1,1,53,52,1,105,2021-08-03 12:10:00,509800
Liliya Andrieieva_127288,Liliya Andrieieva,1,1,45,37,8,82,2021-08-03 12:10:00,509801
V Putilovsky_104897,V Putilovsky,2,1,38,31,7,69,2021-08-03 12:15:00,509802
Andrii Tsikhotskyi_1764251370,Andrii Tsikhotskyi,2,1,42,32,10,74,2021-08-03 12:15:00,509803
Stefan Yakimenko_127460,Stefan Yakimenko,-1,0,48,52,-4,100,2021-08-03 12:15:00,509804
V Bazilevskiy_104957,V Bazilevskiy,3,1,33,18,15,51,2021-08-03 12:17:00,509805
Bohdan Pyrtyk_127431,Bohdan Pyrtyk,2,1,44,40,4,84,2021-08-03 12:20:00,509806
Andrii Kotik_1150929557,Andrii Kotik,1,1,51,43,8,94,2021-08-03 12:20:00,509807
Eduard Populovskyi_127419,Eduard Populovskyi,1,1,52,43,9,95,2021-08-03 12:20:00,509808
Pavlo Plushch_1973496294,Pavlo Plushch,2,1,41,36,5,77,2021-08-03 12:25:00,509809
Ruslan Tolstykh_127316,Ruslan Tolstykh,3,1,36,22,14,58,2021-08-03 12:25:00,509810
Pavlo Pyasta_1667965494,Pavlo Pyasta,2,1,35,34,1,69,2021-08-03 12:25:00,509811
Anastasiia Mydvetska_127490,Anastasiia Mydvetska,-2,0,36,42,-6,78,2021-08-03 12:30:00,509812
J Veselka_23446,J Veselka,-1,0,42,51,-9,93,2021-08-03 12:30:00,509813
A Kazakov_104910,A Kazakov,3,1,33,14,19,47,2021-08-03 12:30:00,509814
Vitalii Vovk_722127402,Vitalii Vovk,3,1,33,21,12,54,2021-08-03 12:30:00,509815
Vaclav Ezr_127401,Vaclav Ezr,-2,0,40,42,-2,82,2021-08-03 12:30:00,509816
Oleksandr Lykhytskyi_127538,Oleksandr Lykhytskyi,2,1,40,29,11,69,2021-08-03 12:35:00,509817
Maksym Kolos_1797328381,Maksym Kolos,1,1,53,48,5,101,2021-08-03 12:35:00,509818
Elena Kyrychenko_127289,Elena Kyrychenko,-3,0,20,33,-13,53,2021-08-03 12:40:00,509819
Volodymyr Tsyhanenko_445798884,Volodymyr Tsyhanenko,-2,0,35,43,-8,78,2021-08-03 12:40:00,509820
E Glazun_104898,E Glazun,-1,0,38,48,-10,86,2021-08-03 12:45:00,509821
Artem Nesterenko_1440133172,Artem Nesterenko,1,1,45,40,5,85,2021-08-03 12:45:00,509822
Stanislav Demchenko_127461,Stanislav Demchenko,1,1,43,38,5,81,2021-08-03 12:45:00,509823
A Yudin_104958,A Yudin,2,1,38,33,5,71,2021-08-03 12:46:00,509824
Oleksandr Lymarenko_127420,Oleksandr Lymarenko,3,1,33,17,16,50,2021-08-03 12:50:00,509825
Vitaliy Pinchuk_1851506908,Vitaliy Pinchuk,1,1,55,51,4,106,2021-08-03 12:50:00,509826
Ihor Kuzmenko_127432,Ihor Kuzmenko,-3,0,17,33,-16,50,2021-08-03 12:50:00,509827
Nazarii Danyliuk_283141286,Nazarii Danyliuk,-1,0,49,53,-4,102,2021-08-03 12:55:00,509828
Valerii Danchenko_127317,Valerii Danchenko,2,1,41,34,7,75,2021-08-03 12:55:00,509829
V Staroverov_104911,V Staroverov,1,1,47,48,-1,95,2021-08-03 12:59:00,509830
Oleksandra Tsiupko_127491,Oleksandra Tsiupko,-2,0,37,46,-9,83,2021-08-03 13:00:00,509831
Oleg Moshynskyy_1999715706,Oleg Moshynskyy,-1,0,39,40,-1,79,2021-08-03 13:00:00,509832
Spartak Abalmaz_790468387,Spartak Abalmaz,1,1,48,41,7,89,2021-08-03 13:00:00,509833
J Veselka_23472,J Veselka,-1,0,48,50,-2,98,2021-08-03 13:04:00,509834
Roman Hnoievoi_127539,Roman Hnoievoi,3,1,33,15,18,48,2021-08-03 13:05:00,509835
Oleksandr Kovalov_38783312,Oleksandr Kovalov,-3,0,22,33,-11,55,2021-08-03 13:05:00,509836
Petr Dvorak_127554,Petr Dvorak,1,1,55,50,5,105,2021-08-03 13:10:00,509837
Viacheslav Kovalenko_273593908,Viacheslav Kovalenko,3,1,33,18,15,51,2021-08-03 13:10:00,509838
Samvel Melkumian_808934941,Samvel Melkumian,-3,0,15,33,-18,48,2021-08-03 13:15:00,509839
Serhii Yatsenko_127462,Serhii Yatsenko,-2,0,35,40,-5,75,2021-08-03 13:15:00,509840
T Razinkov_104959,T Razinkov,-1,0,44,45,-1,89,2021-08-03 13:16:00,509841
A Petrov_104899,A Petrov,2,1,42,37,5,79,2021-08-03 13:16:00,509842
Volodymyr Melnykov_127421,Volodymyr Melnykov,-1,0,45,53,-8,98,2021-08-03 13:20:00,509843
Oleh Hil_127433,Oleh Hil,-2,0,28,44,-16,72,2021-08-03 13:20:00,509844
O Aratskaya_105030,O Aratskaya,-2,0,15,22,-7,37,2021-08-03 13:20:00,509845
Artem Tkachenko_1628849353,Artem Tkachenko,-1,0,41,45,-4,86,2021-08-03 13:20:00,509846
Volodymyr Tuchkevych_1943858647,Volodymyr Tuchkevych,3,1,35,21,14,56,2021-08-03 13:25:00,509847
Hennadii Buianover_127318,Hennadii Buianover,-1,0,46,46,0,92,2021-08-03 13:25:00,509848
Alina Bohdanova_127484,Alina Bohdanova,-2,0,32,44,-12,76,2021-08-03 13:30:00,509849
Vasyl Kushnir_208825030,Vasyl Kushnir,-2,0,38,44,-6,82,2021-08-03 13:30:00,509850
V Havlicek_23473,V Havlicek,-1,0,49,53,-4,102,2021-08-03 13:33:00,509851
A Kazakov_104912,A Kazakov,3,1,35,26,9,61,2021-08-03 13:33:00,509852
Oleksandr Zhuravlov_292780814,Oleksandr Zhuravlov,1,1,44,45,-1,89,2021-08-03 13:35:00,509853
Oleksandr Paniotov_127540,Oleksandr Paniotov,3,1,33,22,11,55,2021-08-03 13:35:00,509854
Pavlo Plushch_1582897221,Pavlo Plushch,1,1,47,37,10,84,2021-08-03 13:35:00,509855
P Samsonov_105031,P Samsonov,-2,0,7,24,-17,31,2021-08-03 13:40:00,509856
Alisa Dubrova_127291,Alisa Dubrova,-2,0,27,40,-13,67,2021-08-03 13:40:00,509857
Jan Holan_127555,Jan Holan,2,1,42,34,8,76,2021-08-03 13:40:00,509858
Oleksandr Kovalov_661692344,Oleksandr Kovalov,-3,0,22,33,-11,55,2021-08-03 13:40:00,509859
Marat Yakubov_127463,Marat Yakubov,-1,0,42,51,-9,93,2021-08-03 13:45:00,509860
Dmitriy Lebed_934036120,Dmitriy Lebed,-2,0,33,44,-11,77,2021-08-03 13:45:00,509861
E Glazun_104900,E Glazun,-3,0,28,34,-6,62,2021-08-03 13:45:00,509862
Eduard Populovskyi_127422,Eduard Populovskyi,1,1,53,53,0,106,2021-08-03 13:50:00,509863
Mykhailo Hlaholev_127434,Mykhailo Hlaholev,-2,0,30,44,-14,74,2021-08-03 13:50:00,509864
Viacheslav Sereda_252672627,Viacheslav Sereda,2,1,41,29,12,70,2021-08-03 13:50:00,509865
A Yudin_104960,A Yudin,2,1,40,38,2,78,2021-08-03 13:54:00,509866
Hennadii Portnov_127319,Hennadii Portnov,-1,0,41,47,-6,88,2021-08-03 13:55:00,509867
Serhii Illiushchenko_412185505,Serhii Illiushchenko,-3,0,20,34,-14,54,2021-08-03 13:55:00,509868
V Kutin_104913,V Kutin,3,1,33,20,13,53,2021-08-03 13:59:00,509869
Frantisek Korenek_127541,Frantisek Korenek,2,1,39,34,5,73,2021-08-03 14:00:00,509870
P Samsonov_105032,P Samsonov,-2,0,11,23,-12,34,2021-08-03 14:00:00,509871
Mykola Tovkach_1831828648,Mykola Tovkach,3,1,33,24,9,57,2021-08-03 14:00:00,509872
V Waldhauser_23447,V Waldhauser,3,1,33,20,13,53,2021-08-03 14:04:00,509873
Oleksandr Lykhytskyi_127556,Oleksandr Lykhytskyi,1,1,46,50,-4,96,2021-08-03 14:05:00,509874
Andrii Hordii_1078761537,Andrii Hordii,-2,0,37,47,-10,84,2021-08-03 14:05:00,509875
Serhii Poliakov_1342401842,Serhii Poliakov,2,1,43,33,10,76,2021-08-03 14:10:00,509876
Alina Bohdanova_127558,Alina Bohdanova,3,1,33,22,11,55,2021-08-03 14:10:00,509877
Liliya Andrieieva_127292,Liliya Andrieieva,-3,0,18,33,-15,51,2021-08-03 14:10:00,509878
Spartak Abalmaz_647210099,Spartak Abalmaz,2,1,42,32,10,74,2021-08-03 14:10:00,509879
Denys Vakulenko_1469804056,Denys Vakulenko,-2,0,30,42,-12,72,2021-08-03 14:15:00,509880
Stefan Yakimenko_127464,Stefan Yakimenko,1,1,49,46,3,95,2021-08-03 14:15:00,509881
V Putilovsky_104901,V Putilovsky,2,1,44,39,5,83,2021-08-03 14:16:00,509882
Ihor Kuzmenko_127435,Ihor Kuzmenko,-1,0,47,49,-2,96,2021-08-03 14:20:00,509883
Maksym Kolos_164033958,Maksym Kolos,3,1,34,26,8,60,2021-08-03 14:20:00,509884
E Samsonova_105033,E Samsonova,-2,0,2,23,-21,25,2021-08-03 14:20:00,509885
Yevhen Churpita_127423,Yevhen Churpita,3,1,33,24,9,57,2021-08-03 14:20:00,509886
Samvel Melkumian_254216771,Samvel Melkumian,3,1,33,16,17,49,2021-08-03 14:25:00,509887
Ruslan Tolstykh_127320,Ruslan Tolstykh,-1,0,44,41,3,85,2021-08-03 14:25:00,509888
V Bazilevskiy_104961,V Bazilevskiy,2,1,38,33,5,71,2021-08-03 14:26:00,509889
K Malahov_105023,K Malahov,2,1,50,45,5,95,2021-08-03 14:29:00,509890
T Varnuska_23448,T Varnuska,-3,0,18,35,-17,53,2021-08-03 14:30:00,509891
Serhii Illiushchenko_223393096,Serhii Illiushchenko,-3,0,12,33,-21,45,2021-08-03 14:30:00,509892
Filip Vesely_127470,Filip Vesely,-3,0,21,33,-12,54,2021-08-03 14:30:00,509893
Oleksandr Paniotov_127557,Oleksandr Paniotov,1,1,51,45,6,96,2021-08-03 14:35:00,509894
Oleksandr Kuharchuk_251281326,Oleksandr Kuharchuk,-3,0,18,33,-15,51,2021-08-03 14:35:00,509895
Svitlana Yureneva_127559,Svitlana Yureneva,-2,0,40,41,-1,81,2021-08-03 14:40:00,509896
Nazarii Danyliuk_197474150,Nazarii Danyliuk,2,1,45,40,5,85,2021-08-03 14:40:00,509897
Pavlo Plushch_962656237,Pavlo Plushch,2,1,39,35,4,74,2021-08-03 14:45:00,509898
Serhii Yatsenko_127465,Serhii Yatsenko,2,1,48,36,12,84,2021-08-03 14:45:00,509899
Oleg Moshynskyy_169611932,Oleg Moshynskyy,-2,0,41,48,-7,89,2021-08-03 14:45:00,509900
E Glazun_105028,E Glazun,-1,0,43,47,-4,90,2021-08-03 14:45:00,509901
A Yanshaev_105026,A Yanshaev,2,1,45,36,9,81,2021-08-03 14:47:00,509902
Serhii Hot_127436,Serhii Hot,-3,0,21,34,-13,55,2021-08-03 14:50:00,509903
Valerii Danchenko_127321,Valerii Danchenko,-3,0,24,35,-11,59,2021-08-03 14:55:00,509904
Ivan Kozyr_1723975100,Ivan Kozyr,2,1,43,37,6,80,2021-08-03 14:55:00,509905
A Kazakov_105024,A Kazakov,3,1,33,20,13,53,2021-08-03 14:59:00,509906
Sr. Korp_23449,Sr. Korp,-1,0,51,55,-4,106,2021-08-03 15:00:00,509907
Adam Krasutskyi_1746219036,Adam Krasutskyi,3,1,36,27,9,63,2021-08-03 15:00:00,509908
Filip Vesely_127471,Filip Vesely,-1,0,48,54,-6,102,2021-08-03 15:00:00,509909
Artem Nesterenko_1249509329,Artem Nesterenko,-2,0,32,38,-6,70,2021-08-03 15:05:00,509910
Marharyta Saltanovska_127294,Marharyta Saltanovska,-2,0,31,43,-12,74,2021-08-03 15:10:00,509911
Volodymyr Tuchkevych_290493038,Volodymyr Tuchkevych,-1,0,56,59,-3,115,2021-08-03 15:10:00,509912
Anton Molochko_1734533472,Anton Molochko,3,1,33,20,13,53,2021-08-03 15:15:00,509913
Vadym Kucheriavyi_127466,Vadym Kucheriavyi,-3,0,23,35,-12,58,2021-08-03 15:15:00,509914
Yevhen Churpita_127560,Yevhen Churpita,1,1,54,41,13,95,2021-08-03 15:15:00,509915
V Putilovsky_105029,V Putilovsky,-2,0,31,42,-11,73,2021-08-03 15:17:00,509916
Dmytro Derevinskyi_446227560,Dmytro Derevinskyi,-2,0,33,40,-7,73,2021-08-03 15:20:00,509917
Ihor Kuzmenko_127437,Ihor Kuzmenko,-2,0,28,42,-14,70,2021-08-03 15:20:00,509918
Serhii Poliakov_1446517090,Serhii Poliakov,-1,0,45,51,-6,96,2021-08-03 15:20:00,509919
A Yudin_105027,A Yudin,-3,0,14,33,-19,47,2021-08-03 15:24:00,509920
Hennadii Portnov_127322,Hennadii Portnov,2,1,42,29,13,71,2021-08-03 15:25:00,509921
Frantisek Korenek_127542,Frantisek Korenek,-2,0,31,40,-9,71,2021-08-03 15:30:00,509922
Maksym Kolos_867375785,Maksym Kolos,-3,0,17,33,-16,50,2021-08-03 15:30:00,509923
V Zubkov_104914,V Zubkov,1,1,54,50,4,104,2021-08-03 15:30:00,509924
Serhii Matviienko_768546918,Serhii Matviienko,-1,0,44,47,-3,91,2021-08-03 15:35:00,509925
M Svedik_23450,M Svedik,-2,0,31,40,-9,71,2021-08-03 15:38:00,509926
Volodymyr Varchenko_724462991,Volodymyr Varchenko,2,1,42,38,4,80,2021-08-03 15:40:00,509927
M Minkov_104962,M Minkov,-3,0,17,33,-16,50,2021-08-03 15:44:00,509928
Serhii Yatsenko_127467,Serhii Yatsenko,-1,0,43,39,4,82,2021-08-03 15:45:00,509929
Oleksandr Lymarenko_127576,Oleksandr Lymarenko,-1,0,40,46,-6,86,2021-08-03 15:45:00,509930
S Lanovenko_104874,S Lanovenko,1,1,51,42,9,93,2021-08-03 15:46:00,509931
Igor Piskorskyu_1414147095,Igor Piskorskyu,-1,0,49,48,1,97,2021-08-03 15:50:00,509932
Bohdan Pyrtyk_127438,Bohdan Pyrtyk,-2,0,30,39,-9,69,2021-08-03 15:50:00,509933
Vitalii Sydorenko_127323,Vitalii Sydorenko,1,1,51,39,12,90,2021-08-03 15:55:00,509934
Roman Reznichenko_1279836832,Roman Reznichenko,3,1,37,26,11,63,2021-08-03 15:55:00,509935
Sr. Korp_23451,Sr. Korp,-2,0,27,38,-11,65,2021-08-03 16:00:00,509936
Tomas Kanka_127473,Tomas Kanka,-3,0,24,33,-9,57,2021-08-03 16:00:00,509937
Mykhailo Presniakov_518067880,Mykhailo Presniakov,-2,0,31,41,-10,72,2021-08-03 16:05:00,509938
S Kulikov_104915,S Kulikov,3,1,34,21,13,55,2021-08-03 16:08:00,509939
Elena Kyrychenko_127296,Elena Kyrychenko,-1,0,41,45,-4,86,2021-08-03 16:10:00,509940
Vladyslav Ivanchatenko_613031063,Vladyslav Ivanchatenko,-2,0,41,45,-4,86,2021-08-03 16:10:00,509941
V Selkin_104875,V Selkin,-2,0,22,42,-20,64,2021-08-03 16:14:00,509942
Vitalii Protopopov_1106140575,Vitalii Protopopov,3,1,33,21,12,54,2021-08-03 16:15:00,509943
Stanislav Demchenko_127468,Stanislav Demchenko,-1,0,50,48,2,98,2021-08-03 16:15:00,509944
O Kutuzov_104963,O Kutuzov,3,1,35,25,10,60,2021-08-03 16:17:00,509945
Anton Kernos_127439,Anton Kernos,3,1,39,33,6,72,2021-08-03 16:20:00,509946
Nazarii Hrytsyienko_896230298,Nazarii Hrytsyienko,3,1,33,18,15,51,2021-08-03 16:20:00,509947
Hennadii Portnov_127324,Hennadii Portnov,-1,0,51,54,-3,105,2021-08-03 16:25:00,509948
Oleksii Tkachuk_644505330,Oleksii Tkachuk,-3,0,23,33,-10,56,2021-08-03 16:25:00,509949
Rodion Kapinus_127507,Rodion Kapinus,-1,0,46,48,-2,94,2021-08-03 16:30:00,509950
Valentin Zaichenko_1989543815,Valentin Zaichenko,-2,0,36,39,-3,75,2021-08-03 16:30:00,509951
Frantisek Korenek_127543,Frantisek Korenek,3,1,33,20,13,53,2021-08-03 16:30:00,509952
M Sverdlov_104916,M Sverdlov,-1,0,46,46,0,92,2021-08-03 16:32:00,509953
T Varnuska_23452,T Varnuska,-2,0,24,39,-15,63,2021-08-03 16:32:00,509954
Anton Veliiev_2076496230,Anton Veliiev,2,1,45,28,17,73,2021-08-03 16:35:00,509955
Andrii Peretiatko_127326,Andrii Peretiatko,-3,0,28,36,-8,64,2021-08-03 16:35:00,509956
Oleksandr Ivchuk_127519,Oleksandr Ivchuk,-1,0,38,50,-12,88,2021-08-03 16:40:00,509957
Serhii Skachenko_670240179,Serhii Skachenko,-1,0,39,48,-9,87,2021-08-03 16:40:00,509958
I Meteleshko_104876,I Meteleshko,2,1,42,30,12,72,2021-08-03 16:44:00,509959
I Novikov_104964,I Novikov,3,1,33,20,13,53,2021-08-03 16:45:00,509960
Dmytro Kunchurov_127341,Dmytro Kunchurov,1,1,53,49,4,102,2021-08-03 16:45:00,509961
Serhii Matviienko_1101776726,Serhii Matviienko,-1,0,46,47,-1,93,2021-08-03 16:45:00,509962
Serhii Prus_127440,Serhii Prus,2,1,36,28,8,64,2021-08-03 16:50:00,509963
Volodymyr Varchenko_1161302968,Volodymyr Varchenko,-1,0,44,43,1,87,2021-08-03 16:50:00,509964
Vadym Nechyporuk_1913972647,Vadym Nechyporuk,2,1,46,41,5,87,2021-08-03 16:55:00,509965
Hennadii Buianover_127325,Hennadii Buianover,3,1,34,22,12,56,2021-08-03 16:55:00,509966
Filip Vesely_127820,Filip Vesely,-3,0,27,34,-7,61,2021-08-03 17:00:00,509967
Igor Piskorskyu_1528134409,Igor Piskorskyu,-2,0,38,46,-8,84,2021-08-03 17:00:00,509968
T Varnuska_23498,T Varnuska,2,1,43,36,7,79,2021-08-03 17:00:00,509969
Artem Yurkov_127508,Artem Yurkov,3,1,33,21,12,54,2021-08-03 17:00:00,509970
Roman Reznichenko_264950047,Roman Reznichenko,2,1,38,30,8,68,2021-08-03 17:05:00,509971
Maksym Balakiriev_127327,Maksym Balakiriev,3,1,42,31,11,73,2021-08-03 17:05:00,509972
E Anisimov_104917,E Anisimov,1,1,49,44,5,93,2021-08-03 17:07:00,509973
Egor Kovpak_127520,Egor Kovpak,3,1,33,19,14,52,2021-08-03 17:10:00,509974
Anton Veliiev_584959638,Anton Veliiev,-1,0,45,52,-7,97,2021-08-03 17:10:00,509975
E Madan_104877,E Madan,-1,0,50,52,-2,102,2021-08-03 17:14:00,509976
Vladyslav Pavliuk_127342,Vladyslav Pavliuk,3,1,33,19,14,52,2021-08-03 17:15:00,509977
Anatolii Yakovenko_1384605956,Anatolii Yakovenko,-1,0,49,47,2,96,2021-08-03 17:15:00,509978
P Zjuzikov_104965,P Zjuzikov,3,1,36,26,10,62,2021-08-03 17:15:00,509979
Serhii Hilitukha_604132335,Serhii Hilitukha,2,1,39,29,10,68,2021-08-03 17:20:00,509980
Andrii Berdii_127441,Andrii Berdii,1,1,52,45,7,97,2021-08-03 17:20:00,509981
Pavlo Khakhamidi_127356,Pavlo Khakhamidi,2,1,41,30,11,71,2021-08-03 17:25:00,509982
Yehor Miniailo_924141805,Yehor Miniailo,-1,0,41,43,-2,84,2021-08-03 17:25:00,509983
Nazarii Hrytsyienko_198029124,Nazarii Hrytsyienko,2,1,43,33,10,76,2021-08-03 17:30:00,509984
Sr. Korp_23499,Sr. Korp,-2,0,38,44,-6,82,2021-08-03 17:30:00,509985
Frantisek Korenek_127821,Frantisek Korenek,2,1,45,39,6,84,2021-08-03 17:30:00,509986
Artem Yurkov_127509,Artem Yurkov,1,1,50,48,2,98,2021-08-03 17:30:00,509987
Yaroslav Vorsuliak_2125530035,Yaroslav Vorsuliak,-2,0,31,41,-10,72,2021-08-03 17:35:00,509988
Roman Kuvaiev_127328,Roman Kuvaiev,1,1,49,43,6,92,2021-08-03 17:35:00,509989
M Sverdlov_104918,M Sverdlov,-2,0,30,42,-12,72,2021-08-03 17:38:00,509990
Egor Kovpak_127521,Egor Kovpak,2,1,41,33,8,74,2021-08-03 17:40:00,509991
Andrii Kostiuk_1386050869,Andrii Kostiuk,1,1,48,43,5,91,2021-08-03 17:40:00,509992
Maksym Kozhevnikov_127343,Maksym Kozhevnikov,2,1,46,40,6,86,2021-08-03 17:45:00,509993
I Novikov_104966,I Novikov,-3,0,15,33,-18,48,2021-08-03 17:45:00,509994
Serhii Skachenko_479282573,Serhii Skachenko,-1,0,55,55,0,110,2021-08-03 17:45:00,509995
I Meteleshko_104878,I Meteleshko,-2,0,36,43,-7,79,2021-08-03 17:46:00,509996
Anton Veliiev_1040393054,Anton Veliiev,-1,0,43,45,-2,88,2021-08-03 17:50:00,509997
Serhii Prus_127442,Serhii Prus,2,1,41,33,8,74,2021-08-03 17:50:00,509998
Vladyslav Ivanchatenko_1023725686,Vladyslav Ivanchatenko,-2,0,34,43,-9,77,2021-08-03 17:55:00,509999
Hryhorii Kulishov_127357,Hryhorii Kulishov,3,1,33,21,12,54,2021-08-03 17:55:00,510000
Rodion Kapinus_127510,Rodion Kapinus,-3,0,26,38,-12,64,2021-08-03 18:00:00,510001
Vitalii Protopopov_1723456976,Vitalii Protopopov,2,1,40,31,9,71,2021-08-03 18:00:00,510002
Jachym Sebl_127402,Jachym Sebl,-2,0,34,42,-8,76,2021-08-03 18:00:00,510003
Maksym Balakiriev_127329,Maksym Balakiriev,2,1,39,29,10,68,2021-08-03 18:05:00,510004
Vitali Rychkou_222614153,Vitali Rychkou,-1,0,49,46,3,95,2021-08-03 18:05:00,510005
S Kulikov_104919,S Kulikov,2,1,42,31,11,73,2021-08-03 18:07:00,510006
R Polovka_23453,R Polovka,-3,0,24,36,-12,60,2021-08-03 18:08:00,510007
Oleksandr Ivchuk_127522,Oleksandr Ivchuk,3,1,34,20,14,54,2021-08-03 18:10:00,510008
Oleksii Tkachuk_937398012,Oleksii Tkachuk,2,1,47,36,11,83,2021-08-03 18:10:00,510009
V Selkin_104879,V Selkin,1,1,52,46,6,98,2021-08-03 18:14:00,510010
Valentin Zaichenko_1727317667,Valentin Zaichenko,1,1,53,50,3,103,2021-08-03 18:15:00,510011
O Kutuzov_104967,O Kutuzov,1,1,48,45,3,93,2021-08-03 18:15:00,510012
Vladyslav Pavliuk_127344,Vladyslav Pavliuk,3,1,33,19,14,52,2021-08-03 18:15:00,510013
Anton Kernos_127443,Anton Kernos,3,1,33,20,13,53,2021-08-03 18:20:00,510014
Anatolii Yakovenko_1231456487,Anatolii Yakovenko,-2,0,32,40,-8,72,2021-08-03 18:20:00,510015
Serhii Skachenko_941295778,Serhii Skachenko,3,1,35,26,9,61,2021-08-03 18:25:00,510016
Maksym Marchuk_127358,Maksym Marchuk,2,1,44,34,10,78,2021-08-03 18:25:00,510017
Serhii Matviienko_1188989559,Serhii Matviienko,-2,0,33,38,-5,71,2021-08-03 18:30:00,510018
Anatolii Nazarov_127511,Anatolii Nazarov,2,1,38,34,4,72,2021-08-03 18:30:00,510019
Martin Filipek_127403,Martin Filipek,-3,0,20,34,-14,54,2021-08-03 18:30:00,510020
K Hruda_23454,K Hruda,-1,0,49,53,-4,102,2021-08-03 18:31:00,510021
M Sverdlov_105155,M Sverdlov,2,1,42,28,14,70,2021-08-03 18:32:00,510022
Volodymyr Varchenko_1043171646,Volodymyr Varchenko,-3,0,14,33,-19,47,2021-08-03 18:35:00,510023
Andrii Peretiatko_127330,Andrii Peretiatko,3,1,33,11,22,44,2021-08-03 18:35:00,510024
Vadym Nechyporuk_574192496,Vadym Nechyporuk,-2,0,26,38,-12,64,2021-08-03 18:40:00,510025
Maksym Mrykh_127523,Maksym Mrykh,-1,0,41,45,-4,86,2021-08-03 18:40:00,510026
M Minkov_105153,M Minkov,2,1,38,27,11,65,2021-08-03 18:45:00,510027
Dmytro Kunchurov_127345,Dmytro Kunchurov,-2,0,37,39,-2,76,2021-08-03 18:45:00,510028
Igor Piskorskyu_890217115,Igor Piskorskyu,-3,0,27,36,-9,63,2021-08-03 18:45:00,510029
Roman Reznichenko_1022171871,Roman Reznichenko,3,1,33,23,10,56,2021-08-03 18:50:00,510030
S Lanovenko_105157,S Lanovenko,2,1,42,40,2,82,2021-08-03 18:50:00,510031
Andrii Dombrovskyi_127549,Andrii Dombrovskyi,-2,0,35,40,-5,75,2021-08-03 18:50:00,510032
Serhii Kunynets_127444,Serhii Kunynets,2,1,43,35,8,78,2021-08-03 18:50:00,510033
Eduard Rubtsov_1574735003,Eduard Rubtsov,-2,0,31,42,-11,73,2021-08-03 18:55:00,510034
Hryhorii Kulishov_127359,Hryhorii Kulishov,3,1,33,25,8,58,2021-08-03 18:55:00,510035
E Anisimov_105156,E Anisimov,3,1,33,21,12,54,2021-08-03 18:59:00,510036
Anton Veliiev_470166093,Anton Veliiev,-2,0,35,43,-8,78,2021-08-03 19:00:00,510037
Rodion Kapinus_127512,Rodion Kapinus,2,1,44,39,5,83,2021-08-03 19:00:00,510038
Martin Filipek_127404,Martin Filipek,-2,0,38,47,-9,85,2021-08-03 19:00:00,510039
P Sudek_23455,P Sudek,3,1,33,17,16,50,2021-08-03 19:03:00,510040
Pavlo Volkov_127331,Pavlo Volkov,1,1,47,47,0,94,2021-08-03 19:05:00,510041
Serhii Hilitukha_1373644676,Serhii Hilitukha,3,1,34,22,12,56,2021-08-03 19:05:00,510042
Yehor Miniailo_345552860,Yehor Miniailo,2,1,40,31,9,71,2021-08-03 19:10:00,510043
Oleksandr Ivchuk_127524,Oleksandr Ivchuk,-2,0,32,40,-8,72,2021-08-03 19:10:00,510044
Nazarii Hrytsyienko_2010861856,Nazarii Hrytsyienko,-1,0,39,48,-9,87,2021-08-03 19:15:00,510045
O Kutuzov_105154,O Kutuzov,2,1,39,35,4,74,2021-08-03 19:15:00,510046
Eldar Alekperov_127346,Eldar Alekperov,-1,0,38,47,-9,85,2021-08-03 19:15:00,510047
V Selkin_105158,V Selkin,3,1,34,27,7,61,2021-08-03 19:15:00,510048
Oleksii Hrymovskyi_127493,Oleksii Hrymovskyi,-1,0,44,45,-1,89,2021-08-03 19:20:00,510049
Yaroslav Vorsuliak_2063147338,Yaroslav Vorsuliak,-1,0,49,47,2,96,2021-08-03 19:20:00,510050
Andrii Berdii_127445,Andrii Berdii,-3,0,14,33,-19,47,2021-08-03 19:20:00,510051
Andrii Kostiuk_1773499918,Andrii Kostiuk,3,1,33,20,13,53,2021-08-03 19:25:00,510052
Pavlo Khakhamidi_127360,Pavlo Khakhamidi,-2,0,41,46,-5,87,2021-08-03 19:25:00,510053
Oleksandr Kolbasenko_127513,Oleksandr Kolbasenko,2,1,39,25,14,64,2021-08-03 19:30:00,510054
M-n Regner_23456,M-n Regner,3,1,33,20,13,53,2021-08-03 19:30:00,510055
Jachym Sebl_127405,Jachym Sebl,-1,0,47,54,-7,101,2021-08-03 19:30:00,510056
Anton Veliiev_470167248,Anton Veliiev,-2,0,27,35,-8,62,2021-08-03 19:30:00,510057
V Zhulyabin_104920,V Zhulyabin,3,1,33,19,14,52,2021-08-03 19:30:00,510058
Anatolii Yakovenko_1864792172,Anatolii Yakovenko,-1,0,42,50,-8,92,2021-08-03 19:35:00,510059
Roman Kuvaiev_127332,Roman Kuvaiev,-2,0,34,46,-12,80,2021-08-03 19:35:00,510060
Ilya Parnyvoda_127525,Ilya Parnyvoda,1,1,48,44,4,92,2021-08-03 19:40:00,510061
Vladyslav Ivanchatenko_1369997854,Vladyslav Ivanchatenko,2,1,43,37,6,80,2021-08-03 19:40:00,510062
V Bazilevskiy_104880,V Bazilevskiy,3,1,33,25,8,58,2021-08-03 19:45:00,510063
Vitalii Protopopov_1950748297,Vitalii Protopopov,2,1,41,34,7,75,2021-08-03 19:45:00,510064
Maksym Kozhevnikov_127347,Maksym Kozhevnikov,1,1,45,40,5,85,2021-08-03 19:45:00,510065
D Mikheev_104968,D Mikheev,2,1,40,32,8,72,2021-08-03 19:48:00,510066
Valeriy Vlasenko_127494,Valeriy Vlasenko,-1,0,38,48,-10,86,2021-08-03 19:50:00,510067
Serhii Prus_127446,Serhii Prus,-3,0,25,33,-8,58,2021-08-03 19:50:00,510068
Vitali Rychkou_690284050,Vitali Rychkou,2,1,50,36,14,86,2021-08-03 19:50:00,510069
Borys Kostiuk_127361,Borys Kostiuk,3,1,34,18,16,52,2021-08-03 19:55:00,510070
Oleksii Tkachuk_1737614989,Oleksii Tkachuk,-1,0,52,52,0,104,2021-08-03 19:55:00,510071
P Sudek_23457,P Sudek,2,1,39,26,13,65,2021-08-03 20:00:00,510072
Valentin Zaichenko_910170784,Valentin Zaichenko,2,1,42,30,12,72,2021-08-03 20:00:00,510073
Artem Yurkov_127514,Artem Yurkov,-2,0,39,36,3,75,2021-08-03 20:00:00,510074
Marek Kulisek_127406,Marek Kulisek,-3,0,15,33,-18,48,2021-08-03 20:00:00,510075
V Shirshov_104921,V Shirshov,3,1,33,19,14,52,2021-08-03 20:00:00,510076
Maksym Balakiriev_127333,Maksym Balakiriev,-2,0,34,44,-10,78,2021-08-03 20:05:00,510077
Oleksandr Yarovoi_1905377874,Oleksandr Yarovoi,3,1,35,28,7,63,2021-08-03 20:05:00,510078
Maksym Zhuravliov_1610634047,Maksym Zhuravliov,3,1,33,15,18,48,2021-08-03 20:10:00,510079
Egor Kovpak_127526,Egor Kovpak,1,1,52,47,5,99,2021-08-03 20:10:00,510080
A Girevenkov_104969,A Girevenkov,-2,0,24,37,-13,61,2021-08-03 20:15:00,510081
Oleksiy Sapronov_1900596978,Oleksiy Sapronov,1,1,52,44,8,96,2021-08-03 20:15:00,510082
Vladyslav Pavliuk_127348,Vladyslav Pavliuk,-3,0,23,33,-10,56,2021-08-03 20:15:00,510083
D Petrochenko_104881,D Petrochenko,-2,0,39,42,-3,81,2021-08-03 20:16:00,510084
Anton Kernos_127447,Anton Kernos,2,1,37,34,3,71,2021-08-03 20:20:00,510085
Oleksii Hrymovskyi_127550,Oleksii Hrymovskyi,-1,0,53,50,3,103,2021-08-03 20:20:00,510086
Andrii Troyan_584307799,Andrii Troyan,1,1,55,54,1,109,2021-08-03 20:20:00,510087
Vadym Nechyporuk_30961838,Vadym Nechyporuk,3,1,33,19,14,52,2021-08-03 20:25:00,510088
Maksym Marchuk_127362,Maksym Marchuk,-1,0,50,54,-4,104,2021-08-03 20:25:00,510089
V Chernov_104922,V Chernov,1,1,50,48,2,98,2021-08-03 20:30:00,510090
Petro Tsolik_54953614,Petro Tsolik,-3,0,22,34,-12,56,2021-08-03 20:30:00,510091
Anatolii Nazarov_127515,Anatolii Nazarov,1,1,48,41,7,89,2021-08-03 20:30:00,510092
Jachym Sebl_127407,Jachym Sebl,-3,0,24,34,-10,58,2021-08-03 20:30:00,510093
K Hruda_23458,K Hruda,-2,0,32,36,-4,68,2021-08-03 20:30:00,510094
Vadym Grushko_2010741118,Vadym Grushko,-3,0,18,33,-15,51,2021-08-03 20:35:00,510095
Andrii Peretiatko_127334,Andrii Peretiatko,-2,0,41,44,-3,85,2021-08-03 20:35:00,510096
Maksym Mrykh_127527,Maksym Mrykh,-1,0,47,49,-2,96,2021-08-03 20:40:00,510097
Oleksandr Yarovoi_803975081,Oleksandr Yarovoi,-3,0,17,33,-16,50,2021-08-03 20:40:00,510098
A Yanshaev_104882,A Yanshaev,1,1,47,41,6,88,2021-08-03 20:44:00,510099
Ya Troyanov_104970,Ya Troyanov,-1,0,38,50,-12,88,2021-08-03 20:45:00,510100
Dmytro Kunchurov_127349,Dmytro Kunchurov,-3,0,25,37,-12,62,2021-08-03 20:45:00,510101
Oleksandr Brezytskyi_247601780,Oleksandr Brezytskyi,2,1,40,16,24,56,2021-08-03 20:45:00,510102
Serhii Matviienko_1597142885,Serhii Matviienko,-1,0,49,51,-2,100,2021-08-03 20:50:00,510103
Andrii Dombrovskyi_127496,Andrii Dombrovskyi,-2,0,34,38,-4,72,2021-08-03 20:50:00,510104
Serhii Kunynets_127448,Serhii Kunynets,-2,0,29,40,-11,69,2021-08-03 20:50:00,510105
Volodymyr Varchenko_214193601,Volodymyr Varchenko,-1,0,47,48,-1,95,2021-08-03 20:55:00,510106
Hryhorii Kulishov_127363,Hryhorii Kulishov,-2,0,32,42,-10,74,2021-08-03 20:55:00,510107
K Hruda_23500,K Hruda,-1,0,45,41,4,86,2021-08-03 21:00:00,510108
Martin Filipek_127871,Martin Filipek,1,1,48,41,7,89,2021-08-03 21:00:00,510109
Davyd Symonchuk_253013129,Davyd Symonchuk,1,1,58,49,9,107,2021-08-03 21:00:00,510110
Oleksandr Kolbasenko_127516,Oleksandr Kolbasenko,1,1,52,49,3,101,2021-08-03 21:00:00,510111
A Sadkov_104923,A Sadkov,-3,0,13,33,-20,46,2021-08-03 21:04:00,510112
Igor Piskorskyu_1047013911,Igor Piskorskyu,2,1,43,36,7,79,2021-08-03 21:05:00,510113
Pavlo Volkov_127335,Pavlo Volkov,-2,0,39,44,-5,83,2021-08-03 21:05:00,510114
Ilya Parnyvoda_127528,Ilya Parnyvoda,-1,0,41,48,-7,89,2021-08-03 21:10:00,510115
Roman Reznichenko_1184052806,Roman Reznichenko,3,1,33,22,11,55,2021-08-03 21:10:00,510116
I Moshkov_104883,I Moshkov,1,1,50,47,3,97,2021-08-03 21:14:00,510117
Maksym Zhuravliov_1958311242,Maksym Zhuravliov,1,1,51,48,3,99,2021-08-03 21:15:00,510118
Eldar Alekperov_127350,Eldar Alekperov,3,1,33,26,7,59,2021-08-03 21:15:00,510119
B Grebenyuk_104971,B Grebenyuk,-1,0,49,54,-5,103,2021-08-03 21:15:00,510120
Oleksandr Yarovoi_706069697,Oleksandr Yarovoi,-2,0,30,42,-12,72,2021-08-03 21:20:00,510121
Mykhailo Teteruk_127497,Mykhailo Teteruk,-2,0,27,40,-13,67,2021-08-03 21:20:00,510122
Andrii Berdii_127449,Andrii Berdii,-3,0,17,33,-16,50,2021-08-03 21:20:00,510123
Oleksiy Sapronov_894934810,Oleksiy Sapronov,-2,0,37,40,-3,77,2021-08-03 21:25:00,510124
Pavlo Khakhamidi_127364,Pavlo Khakhamidi,3,1,38,26,12,64,2021-08-03 21:25:00,510125
Oleksandr Kolbasenko_127517,Oleksandr Kolbasenko,-1,0,44,49,-5,93,2021-08-03 21:30:00,510126
Tomas Beran_127872,Tomas Beran,3,1,35,25,10,60,2021-08-03 21:30:00,510127
Alexander Leonenko_636500033,Alexander Leonenko,-3,0,20,33,-13,53,2021-08-03 21:30:00,510128
V Chernov_104924,V Chernov,2,1,37,26,11,63,2021-08-03 21:30:00,510129
M-n Regner_23501,M-n Regner,2,1,37,30,7,67,2021-08-03 21:34:00,510130
Roman Kuvaiev_127336,Roman Kuvaiev,-2,0,40,45,-5,85,2021-08-03 21:35:00,510131
Nazarii Hrytsyienko_1471563255,Nazarii Hrytsyienko,2,1,38,31,7,69,2021-08-03 21:35:00,510132
Ilya Parnyvoda_127529,Ilya Parnyvoda,-1,0,39,51,-12,90,2021-08-03 21:40:00,510133
Igor Piskorskyu_1527056700,Igor Piskorskyu,1,1,49,48,1,97,2021-08-03 21:40:00,510134
Oleksandr Naida_1885566264,Oleksandr Naida,-3,0,19,33,-14,52,2021-08-03 21:45:00,510135
Maksym Kozhevnikov_127351,Maksym Kozhevnikov,-3,0,25,33,-8,58,2021-08-03 21:45:00,510136
A Yanshaev_104884,A Yanshaev,1,1,44,44,0,88,2021-08-03 21:46:00,510137
Ya Troyanov_104972,Ya Troyanov,1,1,50,44,6,94,2021-08-03 21:46:00,510138
Oleksandr Brezytskyi_1412062443,Oleksandr Brezytskyi,1,1,54,52,2,106,2021-08-03 21:50:00,510139
Anton Kernos_127450,Anton Kernos,-3,0,23,36,-13,59,2021-08-03 21:50:00,510140
Valeriy Vlasenko_127551,Valeriy Vlasenko,2,1,40,34,6,74,2021-08-03 21:50:00,510141
Borys Kostiuk_127365,Borys Kostiuk,-1,0,43,50,-7,93,2021-08-03 21:55:00,510142
Maksym Zhuravliov_1173154452,Maksym Zhuravliov,2,1,38,34,4,72,2021-08-03 21:55:00,510143
V Shirshov_104925,V Shirshov,3,1,33,21,12,54,2021-08-03 22:00:00,510144
Serhii Zazymko_2081847083,Serhii Zazymko,-3,0,22,33,-11,55,2021-08-03 22:00:00,510145
Anatolii Nazarov_127518,Anatolii Nazarov,2,1,43,34,9,77,2021-08-03 22:00:00,510146
Adam Khalaila_127408,Adam Khalaila,1,1,51,46,5,97,2021-08-03 22:00:00,510147
M Huk_23459,M Huk,1,1,45,45,0,90,2021-08-03 22:01:00,510148
Andrii Peretiatko_127337,Andrii Peretiatko,-3,0,27,36,-9,63,2021-08-03 22:05:00,510149
Andrii Troyan_36222501,Andrii Troyan,3,1,33,20,13,53,2021-08-03 22:05:00,510150
Vitali Rychkou_2131397378,Vitali Rychkou,2,1,42,27,15,69,2021-08-03 22:10:00,510151
Maksym Mrykh_127530,Maksym Mrykh,-3,0,21,33,-12,54,2021-08-03 22:10:00,510152
D Petrochenko_104885,D Petrochenko,-2,0,34,44,-10,78,2021-08-03 22:14:00,510153
Petro Tsolik_794195829,Petro Tsolik,-2,0,25,40,-15,65,2021-08-03 22:15:00,510154
A Girevenkov_104973,A Girevenkov,3,1,34,23,11,57,2021-08-03 22:15:00,510155
Dmytro Kunchurov_127352,Dmytro Kunchurov,3,1,35,22,13,57,2021-08-03 22:15:00,510156
Andrii Kostiuk_1561691531,Andrii Kostiuk,3,1,33,15,18,48,2021-08-03 22:20:00,510157
Ihor Kvak_127451,Ihor Kvak,-2,0,35,44,-9,79,2021-08-03 22:20:00,510158
Oleksii Hrymovskyi_127499,Oleksii Hrymovskyi,-2,0,34,44,-10,78,2021-08-03 22:20:00,510159
Maksym Marchuk_127366,Maksym Marchuk,-1,0,42,53,-11,95,2021-08-03 22:25:00,510160
Vladyslav Volokhov_2061944813,Vladyslav Volokhov,-3,0,18,33,-15,51,2021-08-03 22:25:00,510161
Oleksandr Yarovoi_672752813,Oleksandr Yarovoi,-1,0,37,44,-7,81,2021-08-03 22:30:00,510162
A Sadkov_105160,A Sadkov,-3,0,19,33,-14,52,2021-08-03 22:30:00,510163
Roman Janciga_127409,Roman Janciga,-1,0,45,48,-3,93,2021-08-03 22:30:00,510164
K Brozik_23460,K Brozik,2,1,48,40,8,88,2021-08-03 22:30:00,510165
Ruslan Onishchenko_127338,Ruslan Onishchenko,3,1,33,17,16,50,2021-08-03 22:35:00,510166
D Petrochenko_105161,D Petrochenko,-2,0,31,41,-10,72,2021-08-03 22:44:00,510167
Volodymyr Kononikhin_127353,Volodymyr Kononikhin,-3,0,22,34,-12,56,2021-08-03 22:45:00,510168
Vadym Nechyporuk_1118364589,Vadym Nechyporuk,-2,0,36,40,-4,76,2021-08-03 22:45:00,510169
B Grebenyuk_105163,B Grebenyuk,-1,0,42,47,-5,89,2021-08-03 22:46:00,510170
Andrii Dombrovskyi_127500,Andrii Dombrovskyi,-3,0,22,33,-11,55,2021-08-03 22:50:00,510171
Anton Kernos_127452,Anton Kernos,-1,0,49,56,-7,105,2021-08-03 22:50:00,510172
Pavlo Khakhamidi_127367,Pavlo Khakhamidi,-2,0,36,41,-5,77,2021-08-03 22:55:00,510173
Oleksandr Yarovoi_1875287396,Oleksandr Yarovoi,-3,0,23,33,-10,56,2021-08-03 23:00:00,510174
Roman Janciga_127410,Roman Janciga,3,1,33,21,12,54,2021-08-03 23:00:00,510175
Jo Silhan_23461,Jo Silhan,3,1,33,24,9,57,2021-08-03 23:00:00,510176
V Chernov_105159,V Chernov,-2,0,31,40,-9,71,2021-08-03 23:00:00,510177
Oleksandr Brezytskyi_1494798980,Oleksandr Brezytskyi,-1,0,44,48,-4,92,2021-08-03 23:05:00,510178
Andrii Peretiatko_127339,Andrii Peretiatko,2,1,40,35,5,75,2021-08-03 23:05:00,510179
V Bazilevskiy_105162,V Bazilevskiy,3,1,37,30,7,67,2021-08-03 23:15:00,510180
Dmytro Kunchurov_127354,Dmytro Kunchurov,2,1,42,25,17,67,2021-08-03 23:15:00,510181
A Girevenkov_105164,A Girevenkov,1,1,51,38,13,89,2021-08-03 23:15:00,510182
Serhii Prus_127453,Serhii Prus,2,1,42,30,12,72,2021-08-03 23:20:00,510183
Mykhailo Teteruk_127552,Mykhailo Teteruk,3,1,33,14,19,47,2021-08-03 23:20:00,510184
Ihor Oranskyi_127368,Ihor Oranskyi,-2,0,37,42,-5,79,2021-08-03 23:25:00,510185
D Brumlich_23462,D Brumlich,-2,0,38,42,-4,80,2021-08-03 23:29:00,510186
Adam Khalaila_127411,Adam Khalaila,-2,0,37,45,-8,82,2021-08-03 23:30:00,510187
N Zhurba_104926,N Zhurba,2,1,38,26,12,64,2021-08-03 23:34:00,510188
Andrii Chupovskyi_1649996512,Andrii Chupovskyi,3,1,36,26,10,62,2021-08-03 23:35:00,510189
Maksym Balakiriev_127340,Maksym Balakiriev,3,1,33,18,15,51,2021-08-03 23:35:00,510190
D Balakin_104886,D Balakin,-1,0,39,46,-7,85,2021-08-03 23:45:00,510191
Vladyslav Pavliuk_127355,Vladyslav Pavliuk,3,1,33,18,15,51,2021-08-03 23:45:00,510192
Dmytro Lohosha_856124249,Dmytro Lohosha,-2,0,30,41,-11,71,2021-08-03 23:45:00,510193
A Golyshev_104974,A Golyshev,1,1,48,46,2,94,2021-08-03 23:47:00,510194
Valeriy Vlasenko_127502,Valeriy Vlasenko,-1,0,41,51,-10,92,2021-08-03 23:50:00,510195
Pavlo Khakhamidi_127369,Pavlo Khakhamidi,-2,0,30,38,-8,68,2021-08-03 23:55:00,510196
Dominik Pasek_136923,Dominik Pasek,-2,0,40,44,-4,84,2021-08-04 00:00:00,510197
A Petrov_109135,A Petrov,1,1,46,41,5,87,2021-08-04 00:01:00,510198
Oleksandr Levadnyi_1905729728,Oleksandr Levadnyi,3,1,33,22,11,55,2021-08-04 00:05:00,510199
Pavlo Chyzh_1139430200,Pavlo Chyzh,-1,0,42,43,-1,85,2021-08-04 00:15:00,510200
M Minkov_109095,M Minkov,2,1,43,36,7,79,2021-08-04 00:15:00,510201
E Kalashnikov_109169,E Kalashnikov,2,1,44,32,12,76,2021-08-04 00:20:00,510202
Ivan Udovenko_136925,Ivan Udovenko,1,1,50,44,6,94,2021-08-04 00:20:00,510203
Artem Chepurnyi_136452,Artem Chepurnyi,2,1,42,36,6,78,2021-08-04 00:25:00,510204
Erik Mares_136924,Erik Mares,1,1,42,44,-2,86,2021-08-04 00:30:00,510205
L Protiva_24493,L Protiva,3,1,33,24,9,57,2021-08-04 00:31:00,510206
S Ogai_109136,S Ogai,-2,0,41,41,0,82,2021-08-04 00:32:00,510207
Oleksandr Shkurupii_1700684768,Oleksandr Shkurupii,2,1,43,35,8,78,2021-08-04 00:35:00,510208
Viktor Trachuk_574731715,Viktor Trachuk,-3,0,25,35,-10,60,2021-08-04 00:45:00,510209
A Volkov_109170,A Volkov,-2,0,32,44,-12,76,2021-08-04 00:45:00,510210
V Shirshov_109096,V Shirshov,-2,0,30,40,-10,70,2021-08-04 00:47:00,510211
Maksym Mrykh_136926,Maksym Mrykh,-3,0,26,35,-9,61,2021-08-04 00:50:00,510212
Viacheslav Isakov_136453,Viacheslav Isakov,3,1,35,25,10,60,2021-08-04 00:55:00,510213
Serhii Tsybulin_1760003288,Serhii Tsybulin,-2,0,25,41,-16,66,2021-08-04 01:05:00,510214
A Uezdin_109137,A Uezdin,1,1,52,40,12,92,2021-08-04 01:06:00,510215
Andrii Khvysiuk_1347832659,Andrii Khvysiuk,1,1,48,46,2,94,2021-08-04 01:15:00,510216
Va Ivanov_109171,Va Ivanov,2,1,37,27,10,64,2021-08-04 01:16:00,510217
G Bardyshev_109097,G Bardyshev,-1,0,44,52,-8,96,2021-08-04 01:17:00,510218
Oleksandr Kovalchuk_136454,Oleksandr Kovalchuk,-1,0,45,50,-5,95,2021-08-04 01:25:00,510219
Oleksandr Levadnyi_1421872510,Oleksandr Levadnyi,-2,0,32,40,-8,72,2021-08-04 01:35:00,510220
A Petrov_109138,A Petrov,1,1,48,40,8,88,2021-08-04 01:35:00,510221
Pavlo Chyzh_851421562,Pavlo Chyzh,-3,0,21,33,-12,54,2021-08-04 01:45:00,510222
M Minkov_109098,M Minkov,2,1,43,29,14,72,2021-08-04 01:47:00,510223
E Kalashnikov_109172,E Kalashnikov,-3,0,22,33,-11,55,2021-08-04 01:48:00,510224
Viacheslav Isakov_136455,Viacheslav Isakov,1,1,48,48,0,96,2021-08-04 01:55:00,510225
Oleksandr Shkurupii_937278137,Oleksandr Shkurupii,2,1,45,39,6,84,2021-08-04 02:05:00,510226
A Uezdin_109139,A Uezdin,2,1,40,26,14,66,2021-08-04 02:11:00,510227
Viktor Trachuk_1905748842,Viktor Trachuk,2,1,38,28,10,66,2021-08-04 02:15:00,510228
G Bardyshev_109099,G Bardyshev,-2,0,31,41,-10,72,2021-08-04 02:16:00,510229
Va Ivanov_109173,Va Ivanov,-2,0,28,41,-13,69,2021-08-04 02:16:00,510230
Artem Chepurnyi_136456,Artem Chepurnyi,-3,0,20,33,-13,53,2021-08-04 02:25:00,510231
Serhii Tsybulin_96151053,Serhii Tsybulin,-1,0,50,52,-2,102,2021-08-04 02:35:00,510232
A Pravednov_109140,A Pravednov,3,1,33,17,16,50,2021-08-04 02:36:00,510233
Andrii Khvysiuk_1654934186,Andrii Khvysiuk,-3,0,27,34,-7,61,2021-08-04 02:45:00,510234
I Mihaylov_109100,I Mihaylov,-3,0,21,33,-12,54,2021-08-04 02:46:00,510235
A Kirilenko_109174,A Kirilenko,-3,0,29,39,-10,68,2021-08-04 02:47:00,510236
Kostiantyn Moroz_136457,Kostiantyn Moroz,-3,0,15,33,-18,48,2021-08-04 02:55:00,510237
Oleksandr Levadnyi_2040004356,Oleksandr Levadnyi,1,1,46,45,1,91,2021-08-04 03:05:00,510238
S Ogai_109141,S Ogai,-2,0,31,38,-7,69,2021-08-04 03:07:00,510239
Pavlo Chyzh_1811530230,Pavlo Chyzh,3,1,33,22,11,55,2021-08-04 03:15:00,510240
V Shirshov_109101,V Shirshov,3,1,33,25,8,58,2021-08-04 03:17:00,510241
A Volkov_109175,A Volkov,-3,0,20,33,-13,53,2021-08-04 03:17:00,510242
Oleksandr Kovalchuk_136458,Oleksandr Kovalchuk,-1,0,48,50,-2,98,2021-08-04 03:25:00,510243
D Korneev_109142,D Korneev,1,1,49,39,10,88,2021-08-04 03:34:00,510244
Oleksii Krutko_1695646903,Oleksii Krutko,2,1,42,32,10,74,2021-08-04 03:35:00,510245
Oleg Gavryluk_569323596,Oleg Gavryluk,3,1,35,23,12,58,2021-08-04 03:45:00,510246
R Kobytov_109176,R Kobytov,3,1,33,16,17,49,2021-08-04 03:46:00,510247
V Sidorin_109102,V Sidorin,-2,0,34,39,-5,73,2021-08-04 03:47:00,510248
Viacheslav Isakov_136459,Viacheslav Isakov,-2,0,40,48,-8,88,2021-08-04 03:55:00,510249
Oleksandr Shkurupii_1973493797,Oleksandr Shkurupii,2,1,40,38,2,78,2021-08-04 04:05:00,510250
A Pravednov_109143,A Pravednov,3,1,33,22,11,55,2021-08-04 04:07:00,510251
I Mihaylov_109103,I Mihaylov,-2,0,32,42,-10,74,2021-08-04 04:14:00,510252
Viktor Trachuk_1414304319,Viktor Trachuk,-3,0,18,33,-15,51,2021-08-04 04:15:00,510253
A Kirilenko_109177,A Kirilenko,-3,0,26,37,-11,63,2021-08-04 04:16:00,510254
Artem Chepurnyi_136460,Artem Chepurnyi,-1,0,44,46,-2,90,2021-08-04 04:25:00,510255
A Petrov_109322,A Petrov,2,1,39,27,12,66,2021-08-04 04:31:00,510256
Oleksandr Levadnyi_1422119777,Oleksandr Levadnyi,2,1,44,34,10,78,2021-08-04 04:35:00,510257
Oleg Gavryluk_236090016,Oleg Gavryluk,-3,0,25,35,-10,60,2021-08-04 04:45:00,510258
E Kalashnikov_109324,E Kalashnikov,-1,0,39,48,-9,87,2021-08-04 04:48:00,510259
I Mihaylov_109326,I Mihaylov,3,1,34,14,20,48,2021-08-04 04:48:00,510260
Kostiantyn Moroz_136461,Kostiantyn Moroz,-2,0,44,51,-7,95,2021-08-04 04:55:00,510261
A Uezdin_109323,A Uezdin,2,1,43,26,17,69,2021-08-04 05:00:00,510262
Oleksii Krutko_1713460001,Oleksii Krutko,-1,0,46,51,-5,97,2021-08-04 05:05:00,510263
V Shirshov_109327,V Shirshov,2,1,44,35,9,79,2021-08-04 05:15:00,510264
Andrii Khvysiuk_1342620096,Andrii Khvysiuk,-3,0,22,33,-11,55,2021-08-04 05:15:00,510265
Va Ivanov_109325,Va Ivanov,-2,0,29,41,-12,70,2021-08-04 05:16:00,510266
Oleksandr Kovalchuk_136462,Oleksandr Kovalchuk,-1,0,40,47,-7,87,2021-08-04 05:25:00,510267
Artem Chepurnyi_136463,Artem Chepurnyi,2,1,42,31,11,73,2021-08-04 05:55:00,510268
Serhii Tkachev_136464,Serhii Tkachev,-3,0,19,33,-14,52,2021-08-04 06:25:00,510269
Artem Chepurnyi_136465,Artem Chepurnyi,3,1,34,20,14,54,2021-08-04 06:55:00,510270
Viacheslav Isakov_136466,Viacheslav Isakov,-3,0,15,33,-18,48,2021-08-04 07:25:00,510271
S Burov_109202,S Burov,-3,0,26,35,-9,61,2021-08-04 07:47:00,510272
G Karpovkin_109237,G Karpovkin,-2,0,31,40,-9,71,2021-08-04 07:47:00,510273
Yu Gavrilov_109276,Yu Gavrilov,2,1,41,36,5,77,2021-08-04 07:49:00,510274
Valentyn Bondar_136808,Valentyn Bondar,-1,0,54,44,10,98,2021-08-04 07:50:00,510275
Denys Vakulenko_332530128,Denys Vakulenko,1,1,54,50,4,104,2021-08-04 07:50:00,510276
Artem Borysov_976896452,Artem Borysov,-2,0,37,45,-8,82,2021-08-04 07:55:00,510277
Oleksandr Buberenko_136825,Oleksandr Buberenko,-2,0,40,46,-6,86,2021-08-04 08:00:00,510278
Serhii Popov_136596,Serhii Popov,-3,0,32,40,-8,72,2021-08-04 08:05:00,510279
Nataliia Kosmina_136914,Nataliia Kosmina,2,1,42,33,9,75,2021-08-04 08:10:00,510280
O Belugin_109239,O Belugin,-3,0,25,35,-10,60,2021-08-04 08:11:00,510281
M Dukhin_109203,M Dukhin,-2,0,28,42,-14,70,2021-08-04 08:15:00,510282
Ivan Sirenko_136621,Ivan Sirenko,-1,0,45,40,5,85,2021-08-04 08:15:00,510283
O Nikiforov_109277,O Nikiforov,2,1,43,37,6,80,2021-08-04 08:17:00,510284
Duan Zhy Penh_136809,Duan Zhy Penh,2,1,39,25,14,64,2021-08-04 08:20:00,510285
Mykola Lytvynenko_1161485917,Mykola Lytvynenko,-2,0,32,38,-6,70,2021-08-04 08:25:00,510286
Vadym Komar_2102684526,Vadym Komar,1,1,45,39,6,84,2021-08-04 08:30:00,510287
Artem Yurkov_136826,Artem Yurkov,3,1,33,20,13,53,2021-08-04 08:30:00,510288
Anton Molochko_1599760290,Anton Molochko,1,1,38,44,-6,82,2021-08-04 08:35:00,510289
Oleksii Lebedynskyi_136597,Oleksii Lebedynskyi,-2,0,38,37,1,75,2021-08-04 08:35:00,510290
Vadym Shvydkyi_1130926235,Vadym Shvydkyi,-1,0,49,50,-1,99,2021-08-04 08:40:00,510291
Alisa Dubrova_136915,Alisa Dubrova,-3,0,26,34,-8,60,2021-08-04 08:40:00,510292
Yu Lbov_109204,Yu Lbov,2,1,38,34,4,72,2021-08-04 08:45:00,510293
Mykola Treshchetka_768525208,Mykola Treshchetka,1,1,41,41,0,82,2021-08-04 08:45:00,510294
Vladyslav Stukalov_136622,Vladyslav Stukalov,1,1,45,40,5,85,2021-08-04 08:45:00,510295
A Bogomolov_109240,A Bogomolov,2,1,44,34,10,78,2021-08-04 08:49:00,510296
Yaroslav Vorsuliak_1484487329,Yaroslav Vorsuliak,-1,0,53,57,-4,110,2021-08-04 08:50:00,510297
Vadym Ishchuk_136880,Vadym Ishchuk,-3,0,25,34,-9,59,2021-08-04 08:50:00,510298
Serhii Hot_136892,Serhii Hot,3,1,33,12,21,45,2021-08-04 08:50:00,510299
S Homutov_109278,S Homutov,-2,0,31,43,-12,74,2021-08-04 08:51:00,510300
Mykhailo Presniakov_820766443,Mykhailo Presniakov,-2,0,34,39,-5,73,2021-08-04 08:55:00,510301
Oleksandr Melashenko_136897,Oleksandr Melashenko,-2,0,38,44,-6,82,2021-08-04 08:55:00,510302
Kateryna Alekseenko_1122149866,Kateryna Alekseenko,1,1,57,53,4,110,2021-08-04 08:55:00,510303
Petr Chlumsky_136784,Petr Chlumsky,-1,0,51,48,3,99,2021-08-04 09:00:00,510304
Oleksandr Kovalov_966853168,Oleksandr Kovalov,-3,0,21,34,-13,55,2021-08-04 09:00:00,510305
Oleksandr Buberenko_136827,Oleksandr Buberenko,-2,0,33,36,-3,69,2021-08-04 09:00:00,510306
Ji Louda_24458,Ji Louda,-1,0,40,41,-1,81,2021-08-04 09:04:00,510307
Andrii Sydorenko_136598,Andrii Sydorenko,-3,0,25,33,-8,58,2021-08-04 09:05:00,510308
Artem Borysov_652554787,Artem Borysov,-2,0,48,52,-4,100,2021-08-04 09:05:00,510309
Nataliia Kosmina_136837,Nataliia Kosmina,3,1,33,18,15,51,2021-08-04 09:10:00,510310
Uryi Schepanskyi_457347561,Uryi Schepanskyi,2,1,43,25,18,68,2021-08-04 09:10:00,510311
Ivan Sirenko_136623,Ivan Sirenko,3,1,33,8,25,41,2021-08-04 09:15:00,510312
Artem Slashchev_109205,Artem Slashchev,1,1,50,37,13,87,2021-08-04 09:15:00,510313
Dmytro Baistriuchenko_59700006,Dmytro Baistriuchenko,-1,0,41,44,-3,85,2021-08-04 09:15:00,510314
A Bogomolov_109238,A Bogomolov,-1,0,39,46,-7,85,2021-08-04 09:16:00,510315
Oleksandr Mykhalus_1267625190,Oleksandr Mykhalus,-2,0,28,41,-13,69,2021-08-04 09:20:00,510316
Ilya Parnyvoda_136881,Ilya Parnyvoda,3,1,33,11,22,44,2021-08-04 09:20:00,510317
Duan Zhy Penh_136811,Duan Zhy Penh,-1,0,40,50,-10,90,2021-08-04 09:20:00,510318
E Kupryakov_109279,E Kupryakov,3,1,33,18,15,51,2021-08-04 09:21:00,510319
Taras Bonishchuk_136898,Taras Bonishchuk,-1,0,50,48,2,98,2021-08-04 09:25:00,510320
Yevhenii Faflei_151107806,Yevhenii Faflei,-1,0,45,50,-5,95,2021-08-04 09:25:00,510321
Oleksandr Hordiichuk_136828,Oleksandr Hordiichuk,2,1,42,34,8,76,2021-08-04 09:30:00,510322
Anastasiia Postol_978642985,Anastasiia Postol,2,1,43,37,6,80,2021-08-04 09:30:00,510323
Andrii Kostiuk_2086947568,Andrii Kostiuk,-1,0,44,48,-4,92,2021-08-04 09:30:00,510324
Frantisek Korenek_136785,Frantisek Korenek,2,1,42,36,6,78,2021-08-04 09:30:00,510325
V Waldhauser_24459,V Waldhauser,-2,0,33,42,-9,75,2021-08-04 09:30:00,510326
Oleksii Lebedynskyi_136599,Oleksii Lebedynskyi,-3,0,24,36,-12,60,2021-08-04 09:35:00,510327
Mykola Lytvynenko_520954925,Mykola Lytvynenko,-1,0,45,43,2,88,2021-08-04 09:35:00,510328
Nadiia Harmash_136916,Nadiia Harmash,2,1,49,39,10,88,2021-08-04 09:40:00,510329
Konstantin Makarchuk_1220933953,Konstantin Makarchuk,2,1,41,32,9,73,2021-08-04 09:40:00,510330
Anton Molochko_6765485,Anton Molochko,-2,0,37,40,-3,77,2021-08-04 09:45:00,510331
Oleh Ilin_136624,Oleh Ilin,-1,0,47,50,-3,97,2021-08-04 09:45:00,510332
Yu Lbov_109206,Yu Lbov,-2,0,31,39,-8,70,2021-08-04 09:46:00,510333
S Homutov_109280,S Homutov,-3,0,23,34,-11,57,2021-08-04 09:46:00,510334
Ilya Parnyvoda_136882,Ilya Parnyvoda,3,1,36,28,8,64,2021-08-04 09:50:00,510335
Valentyn Bondar_136893,Valentyn Bondar,-1,0,40,44,-4,84,2021-08-04 09:50:00,510336
Vadym Shvydkyi_42047016,Vadym Shvydkyi,2,1,39,36,3,75,2021-08-04 09:50:00,510337
A Duka_109236,A Duka,-2,0,29,40,-11,69,2021-08-04 09:51:00,510338
Oleh Skoryk_136643,Oleh Skoryk,-2,0,32,39,-7,71,2021-08-04 09:55:00,510339
Mykola Treshchetka_1466909788,Mykola Treshchetka,-1,0,40,48,-8,88,2021-08-04 09:55:00,510340
Frantisek Korenek_136786,Frantisek Korenek,-1,0,37,44,-7,81,2021-08-04 10:00:00,510341
Ja Svoboda_24460,Ja Svoboda,1,1,50,41,9,91,2021-08-04 10:00:00,510342
Yaroslav Vorsuliak_1998673198,Yaroslav Vorsuliak,1,1,51,46,5,97,2021-08-04 10:00:00,510343
Artem Yurkov_136829,Artem Yurkov,3,1,34,23,11,57,2021-08-04 10:00:00,510344
Kateryna Alekseenko_588292041,Kateryna Alekseenko,2,1,51,48,3,99,2021-08-04 10:05:00,510345
Mykhailo Presniakov_1966200427,Mykhailo Presniakov,1,1,55,54,1,109,2021-08-04 10:05:00,510346
Serhii Popov_136600,Serhii Popov,-3,0,32,38,-6,70,2021-08-04 10:05:00,510347
Alisa Dubrova_136917,Alisa Dubrova,-3,0,16,34,-18,50,2021-08-04 10:10:00,510348
Denys Vakulenko_371744400,Denys Vakulenko,-2,0,38,41,-3,79,2021-08-04 10:10:00,510349
G Karpovkin_109241,G Karpovkin,3,1,33,24,9,57,2021-08-04 10:14:00,510350
Vladyslav Stukalov_136625,Vladyslav Stukalov,3,1,33,17,16,50,2021-08-04 10:15:00,510351
M Dukhin_109207,M Dukhin,-1,0,42,47,-5,89,2021-08-04 10:15:00,510352
Vadym Komar_202558333,Vadym Komar,1,1,51,41,10,92,2021-08-04 10:15:00,510353
O Nikiforov_109281,O Nikiforov,-1,0,50,53,-3,103,2021-08-04 10:17:00,510354
Mykola Shyshkin_136813,Mykola Shyshkin,-1,0,39,50,-11,89,2021-08-04 10:20:00,510355
Vadym Ishchuk_136883,Vadym Ishchuk,-3,0,18,33,-15,51,2021-08-04 10:20:00,510356
Oleksii Haponov_190126773,Oleksii Haponov,3,1,33,18,15,51,2021-08-04 10:20:00,510357
Taras Bonishchuk_136644,Taras Bonishchuk,-1,0,56,57,-1,113,2021-08-04 10:25:00,510358
Tymur Kozenkov_101851389,Tymur Kozenkov,-2,0,28,40,-12,68,2021-08-04 10:25:00,510359
M-l Regner_24461,M-l Regner,3,1,34,23,11,57,2021-08-04 10:30:00,510360
Oleksandr Buberenko_136830,Oleksandr Buberenko,-3,0,19,33,-14,52,2021-08-04 10:30:00,510361
Vladimir Malashevsky_152991112,Vladimir Malashevsky,3,1,33,17,16,50,2021-08-04 10:30:00,510362
Petr Chlumsky_136787,Petr Chlumsky,2,1,47,38,9,85,2021-08-04 10:30:00,510363
Petro Tsolik_194752598,Petro Tsolik,3,1,35,23,12,58,2021-08-04 10:35:00,510364
Oleksandr Gress_136601,Oleksandr Gress,1,1,48,39,9,87,2021-08-04 10:35:00,510365
Roman Reznichenko_18226500,Roman Reznichenko,1,1,46,46,0,92,2021-08-04 10:40:00,510366
Oksana Halimbaieva_1129593190,Oksana Halimbaieva,-3,0,18,33,-15,51,2021-08-04 10:40:00,510367
Nataliia Kosmina_136918,Nataliia Kosmina,-3,0,18,33,-15,51,2021-08-04 10:40:00,510368
A Duka_109330,A Duka,-2,0,33,45,-12,78,2021-08-04 10:41:00,510369
Dmytro Alekseenko_623310823,Dmytro Alekseenko,-1,0,45,51,-6,96,2021-08-04 10:45:00,510370
M Dukhin_109328,M Dukhin,-1,0,39,48,-9,87,2021-08-04 10:45:00,510371
Ivan Sirenko_136626,Ivan Sirenko,3,1,33,22,11,55,2021-08-04 10:45:00,510372
Serhii Hot_136894,Serhii Hot,1,1,45,40,5,85,2021-08-04 10:50:00,510373
Maksym Mrykh_136884,Maksym Mrykh,2,1,44,34,10,78,2021-08-04 10:50:00,510374
Artem Borysov_413126982,Artem Borysov,-3,0,22,33,-11,55,2021-08-04 10:50:00,510375
S Homutov_109332,S Homutov,-3,0,22,33,-11,55,2021-08-04 10:53:00,510376
Oleksandr Melashenko_136899,Oleksandr Melashenko,2,1,41,35,6,76,2021-08-04 10:55:00,510377
Uryi Schepanskyi_791721662,Uryi Schepanskyi,-3,0,20,33,-13,53,2021-08-04 10:55:00,510378
Dmytro Baistriuchenko_1314538136,Dmytro Baistriuchenko,3,1,36,25,11,61,2021-08-04 11:00:00,510379
Martin Filipek_136788,Martin Filipek,-3,0,18,33,-15,51,2021-08-04 11:00:00,510380
Ja Svoboda_24462,Ja Svoboda,-2,0,33,41,-8,74,2021-08-04 11:00:00,510381
Artem Yurkov_136831,Artem Yurkov,3,1,33,24,9,57,2021-08-04 11:00:00,510382
Oleksandr Mykhalus_486058571,Oleksandr Mykhalus,-3,0,25,33,-8,58,2021-08-04 11:05:00,510383
Andrii Sydorenko_136602,Andrii Sydorenko,1,1,44,42,2,86,2021-08-04 11:05:00,510384
G Karpovkin_109331,G Karpovkin,2,1,38,35,3,73,2021-08-04 11:06:00,510385
Yevhenii Faflei_1934861402,Yevhenii Faflei,3,1,33,17,16,50,2021-08-04 11:10:00,510386
Alisa Dubrova_136919,Alisa Dubrova,-2,0,28,42,-14,70,2021-08-04 11:10:00,510387
Vladyslav Stukalov_136627,Vladyslav Stukalov,-1,0,37,44,-7,81,2021-08-04 11:15:00,510388
Yu Lbov_109329,Yu Lbov,2,1,38,31,7,69,2021-08-04 11:15:00,510389
Anastasiia Postol_1516555736,Anastasiia Postol,2,1,38,33,5,71,2021-08-04 11:15:00,510390
Andrii Kostiuk_126790118,Andrii Kostiuk,2,1,41,30,11,71,2021-08-04 11:15:00,510391
E Kupryakov_109333,E Kupryakov,3,1,34,22,12,56,2021-08-04 11:16:00,510392
Duan Zhy Penh_136815,Duan Zhy Penh,-2,0,40,47,-7,87,2021-08-04 11:20:00,510393
Oleksandr Kovalov_1574105379,Oleksandr Kovalov,2,1,44,36,8,80,2021-08-04 11:20:00,510394
Vadym Ishchuk_136885,Vadym Ishchuk,-3,0,29,36,-7,65,2021-08-04 11:20:00,510395
Valerii Onykyienko_136900,Valerii Onykyienko,2,1,42,35,7,77,2021-08-04 11:25:00,510396
Konstantin Makarchuk_1078404977,Konstantin Makarchuk,2,1,43,39,4,82,2021-08-04 11:25:00,510397
V Waldhauser_24463,V Waldhauser,-1,0,42,46,-4,88,2021-08-04 11:30:00,510398
Oleksandr Hordiichuk_136832,Oleksandr Hordiichuk,3,1,33,14,19,47,2021-08-04 11:30:00,510399
Anton Molochko_951414122,Anton Molochko,2,1,35,32,3,67,2021-08-04 11:30:00,510400
Petr Chlumsky_136789,Petr Chlumsky,2,1,44,33,11,77,2021-08-04 11:30:00,510401
A Golyshev_109242,A Golyshev,-3,0,17,33,-16,50,2021-08-04 11:32:00,510402
Oleksii Lebedynskyi_136603,Oleksii Lebedynskyi,-3,0,14,33,-19,47,2021-08-04 11:35:00,510403
Vadym Shvydkyi_1434430465,Vadym Shvydkyi,-1,0,43,51,-8,94,2021-08-04 11:35:00,510404
Mykola Treshchetka_1284135218,Mykola Treshchetka,-3,0,28,36,-8,64,2021-08-04 11:40:00,510405
Nadiia Harmash_136920,Nadiia Harmash,-1,0,42,53,-11,95,2021-08-04 11:40:00,510406
Yaroslav Vorsuliak_470929039,Yaroslav Vorsuliak,-2,0,30,38,-8,68,2021-08-04 11:45:00,510407
R Pavlenko_109208,R Pavlenko,2,1,41,31,10,72,2021-08-04 11:45:00,510408
Oleh Ilin_136628,Oleh Ilin,-1,0,48,50,-2,98,2021-08-04 11:45:00,510409
A Slachshilin_109282,A Slachshilin,3,1,34,23,11,57,2021-08-04 11:48:00,510410
Kateryna Alekseenko_14407245,Kateryna Alekseenko,-1,0,46,53,-7,99,2021-08-04 11:50:00,510411
Valentyn Bondar_136816,Valentyn Bondar,1,1,51,39,12,90,2021-08-04 11:50:00,510412
Serhii Mishchenko_136886,Serhii Mishchenko,2,1,41,33,8,74,2021-08-04 11:50:00,510413
Mykhailo Presniakov_778644086,Mykhailo Presniakov,3,1,34,27,7,61,2021-08-04 11:50:00,510414
Mykola Lytvynenko_1927797758,Mykola Lytvynenko,3,1,35,22,13,57,2021-08-04 11:55:00,510415
Oleh Skoryk_136647,Oleh Skoryk,-3,0,23,34,-11,57,2021-08-04 11:55:00,510416
Oleksandr Buberenko_136833,Oleksandr Buberenko,-2,0,41,46,-5,87,2021-08-04 12:00:00,510417
Vadym Komar_10980863,Vadym Komar,-3,0,21,33,-12,54,2021-08-04 12:00:00,510418
A Potapkov_109243,A Potapkov,-3,0,21,36,-15,57,2021-08-04 12:01:00,510419
Martin Filipek_136977,Martin Filipek,2,1,41,34,7,75,2021-08-04 12:05:00,510420
Serhii Popov_136604,Serhii Popov,2,1,39,36,3,75,2021-08-04 12:05:00,510421
Oleksii Haponov_1017995775,Oleksii Haponov,1,1,49,46,3,95,2021-08-04 12:05:00,510422
V Waldhauser_24495,V Waldhauser,1,1,47,44,3,91,2021-08-04 12:07:00,510423
Nataliia Kosmina_136921,Nataliia Kosmina,-2,0,31,38,-7,69,2021-08-04 12:10:00,510424
Tymur Kozenkov_885484016,Tymur Kozenkov,-3,0,17,33,-16,50,2021-08-04 12:10:00,510425
D Korneev_109209,D Korneev,1,1,51,48,3,99,2021-08-04 12:15:00,510426
Vladimir Malashevsky_744403923,Vladimir Malashevsky,-1,0,43,45,-2,88,2021-08-04 12:15:00,510427
Ivan Sirenko_136629,Ivan Sirenko,2,1,39,27,12,66,2021-08-04 12:15:00,510428
A Libatskii_109283,A Libatskii,-2,0,28,39,-11,67,2021-08-04 12:17:00,510429
Petro Tsolik_1454154919,Petro Tsolik,2,1,43,32,11,75,2021-08-04 12:20:00,510430
Mykola Shyshkin_136817,Mykola Shyshkin,-2,0,37,41,-4,78,2021-08-04 12:20:00,510431
Ilya Parnyvoda_136887,Ilya Parnyvoda,-2,0,38,44,-6,82,2021-08-04 12:20:00,510432
Oksana Halimbaieva_1605274388,Oksana Halimbaieva,-1,0,45,44,1,89,2021-08-04 12:25:00,510433
Taras Bonishchuk_136648,Taras Bonishchuk,1,1,53,48,5,101,2021-08-04 12:25:00,510434
Roman Reznichenko_1111055327,Roman Reznichenko,3,1,33,17,16,50,2021-08-04 12:25:00,510435
M Ilichev_109244,M Ilichev,-3,0,22,33,-11,55,2021-08-04 12:29:00,510436
Serhii Rak_136834,Serhii Rak,1,1,47,47,0,94,2021-08-04 12:30:00,510437
Denys Vakulenko_653971578,Denys Vakulenko,-2,0,29,38,-9,67,2021-08-04 12:30:00,510438
Sebastian Ghariani_136978,Sebastian Ghariani,3,1,35,24,11,59,2021-08-04 12:35:00,510439
Oleksandr Gress_136605,Oleksandr Gress,3,1,33,24,9,57,2021-08-04 12:35:00,510440
Serhii Kubrak_189879444,Serhii Kubrak,1,1,48,44,4,92,2021-08-04 12:35:00,510441
Ja Svoboda_24494,Ja Svoboda,-2,0,38,41,-3,79,2021-08-04 12:37:00,510442
Anastasiia Ostapenko_136922,Anastasiia Ostapenko,-2,0,31,44,-13,75,2021-08-04 12:40:00,510443
Uryi Schepanskyi_1791486913,Uryi Schepanskyi,2,1,43,33,10,76,2021-08-04 12:40:00,510444
Oleksii Hordiichuk_136630,Oleksii Hordiichuk,3,1,33,19,14,52,2021-08-04 12:45:00,510445
Dmytro Baistriuchenko_1502568819,Dmytro Baistriuchenko,2,1,41,24,17,65,2021-08-04 12:45:00,510446
A Kozlov_109210,A Kozlov,-2,0,31,40,-9,71,2021-08-04 12:45:00,510447
V Evlampiev_109284,V Evlampiev,3,1,33,14,19,47,2021-08-04 12:47:00,510448
Serhii Hot_136895,Serhii Hot,2,1,39,31,8,70,2021-08-04 12:50:00,510449
Maksym Mrykh_136888,Maksym Mrykh,3,1,33,22,11,55,2021-08-04 12:50:00,510450
Oleksandr Mykhalus_134325374,Oleksandr Mykhalus,-3,0,17,35,-18,52,2021-08-04 12:50:00,510451
Yevhenii Faflei_626335741,Yevhenii Faflei,-3,0,25,35,-10,60,2021-08-04 12:55:00,510452
Oleksandr Melashenko_136901,Oleksandr Melashenko,1,1,50,52,-2,102,2021-08-04 12:55:00,510453
Andrii Kostiuk_1257913810,Andrii Kostiuk,-3,0,16,33,-17,49,2021-08-04 13:00:00,510454
Anastasiia Postol_1851852095,Anastasiia Postol,3,1,33,16,17,49,2021-08-04 13:00:00,510455
I Minchenkov_109245,I Minchenkov,2,1,44,38,6,82,2021-08-04 13:00:00,510456
Vojtech Koutnik_136790,Vojtech Koutnik,1,1,57,54,3,111,2021-08-04 13:00:00,510457
Andrii Sydorenko_136606,Andrii Sydorenko,-2,0,32,41,-9,73,2021-08-04 13:05:00,510458
Dmytro Alekseenko_1832012456,Dmytro Alekseenko,-2,0,43,48,-5,91,2021-08-04 13:05:00,510459
L Adamec_24464,L Adamec,2,1,44,37,7,81,2021-08-04 13:06:00,510460
Artem Borysov_332014459,Artem Borysov,-1,0,38,46,-8,84,2021-08-04 13:10:00,510461
Oleksandr Hordiichuk_137150,Oleksandr Hordiichuk,1,1,57,52,5,109,2021-08-04 13:10:00,510462
S Ogai_109211,S Ogai,-2,0,33,41,-8,74,2021-08-04 13:15:00,510463
Volodymyr Maksiuta_1939141784,Volodymyr Maksiuta,3,1,33,22,11,55,2021-08-04 13:15:00,510464
Anastasiia Ostapenko_137152,Anastasiia Ostapenko,1,1,50,42,8,92,2021-08-04 13:15:00,510465
Ihor Hudushyn_137153,Ihor Hudushyn,1,1,56,54,2,110,2021-08-04 13:15:00,510466
O Suharkov_109285,O Suharkov,-1,0,48,48,0,96,2021-08-04 13:17:00,510467
Serhii Mishchenko_136889,Serhii Mishchenko,-2,0,29,42,-13,71,2021-08-04 13:20:00,510468
Valentyn Bondar_136819,Valentyn Bondar,1,1,56,40,16,96,2021-08-04 13:20:00,510469
Valeriy Petukhov_1146862060,Valeriy Petukhov,3,1,33,10,23,43,2021-08-04 13:20:00,510470
Valerii Onykyienko_136650,Valerii Onykyienko,3,1,33,21,12,54,2021-08-04 13:25:00,510471
Iurii Prokhoruk_496902696,Iurii Prokhoruk,-1,0,48,44,4,92,2021-08-04 13:25:00,510472
Adam Sochor_136791,Adam Sochor,2,1,42,32,10,74,2021-08-04 13:30:00,510473
Vasyl Aksenin_2096384687,Vasyl Aksenin,3,1,35,28,7,63,2021-08-04 13:30:00,510474
Ja Berger_24465,Ja Berger,2,1,53,50,3,103,2021-08-04 13:33:00,510475
Iryna Yarushkina_1457387794,Iryna Yarushkina,3,1,35,26,9,61,2021-08-04 13:35:00,510476
M Ilichev_109246,M Ilichev,-1,0,48,55,-7,103,2021-08-04 13:35:00,510477
Vadym Grushko_961118147,Vadym Grushko,2,1,43,29,14,72,2021-08-04 13:35:00,510478
Serhii Popov_136607,Serhii Popov,2,1,40,23,17,63,2021-08-04 13:35:00,510479
Oleksandr Kovalov_1917836761,Oleksandr Kovalov,-3,0,26,33,-7,59,2021-08-04 13:40:00,510480
Oleksandr Kolbasenko_137151,Oleksandr Kolbasenko,-2,0,40,38,2,78,2021-08-04 13:40:00,510481
Oleksii Hordiichuk_137154,Oleksii Hordiichuk,-1,0,37,51,-14,88,2021-08-04 13:45:00,510482
Olha Yureneva_137155,Olha Yureneva,1,1,52,48,4,100,2021-08-04 13:45:00,510483
A Kozlov_109212,A Kozlov,-3,0,20,33,-13,53,2021-08-04 13:45:00,510484
Serhii Kiilo_1910289839,Serhii Kiilo,-2,0,36,44,-8,80,2021-08-04 13:45:00,510485
Serhii Mishchenko_136890,Serhii Mishchenko,-3,0,18,33,-15,51,2021-08-04 13:50:00,510486
Anton Molochko_905335380,Anton Molochko,1,1,48,47,1,95,2021-08-04 13:50:00,510487
Denys Kvyk_136820,Denys Kvyk,-3,0,21,33,-12,54,2021-08-04 13:50:00,510488
V Evlampiev_109286,V Evlampiev,3,1,35,20,15,55,2021-08-04 13:52:00,510489
Vadym Shvydkyi_516375923,Vadym Shvydkyi,3,1,33,16,17,49,2021-08-04 13:55:00,510490
Oleh Skoryk_136902,Oleh Skoryk,-3,0,17,33,-16,50,2021-08-04 13:55:00,510491
Mykola Treshchetka_1076918701,Mykola Treshchetka,-2,0,33,38,-5,71,2021-08-04 14:00:00,510492
Adam Sochor_136792,Adam Sochor,2,1,41,33,8,74,2021-08-04 14:00:00,510493
Hennadii Buianover_136608,Hennadii Buianover,-1,0,57,50,7,107,2021-08-04 14:05:00,510494
Yaroslav Vorsuliak_1893737163,Yaroslav Vorsuliak,3,1,33,23,10,56,2021-08-04 14:05:00,510495
A Potapkov_109247,A Potapkov,-3,0,25,33,-8,58,2021-08-04 14:07:00,510496
T Varnuska_24466,T Varnuska,2,1,38,24,14,62,2021-08-04 14:08:00,510497
Mykhailo Presniakov_31646760,Mykhailo Presniakov,1,1,52,41,11,93,2021-08-04 14:10:00,510498
Kateryna Alekseenko_1142172668,Kateryna Alekseenko,-3,0,16,33,-17,49,2021-08-04 14:10:00,510499
Denys Vakulenko_84860792,Denys Vakulenko,1,1,50,43,7,93,2021-08-04 14:15:00,510500
A Libatskii_109287,A Libatskii,-3,0,29,38,-9,67,2021-08-04 14:15:00,510501
D Korneev_109213,D Korneev,-1,0,45,50,-5,95,2021-08-04 14:15:00,510502
Konstantin Makarchuk_1379014539,Konstantin Makarchuk,2,1,43,33,10,76,2021-08-04 14:20:00,510503
Maksym Mrykh_136891,Maksym Mrykh,-3,0,28,34,-6,62,2021-08-04 14:20:00,510504
Valentyn Bondar_136821,Valentyn Bondar,3,1,33,15,18,48,2021-08-04 14:20:00,510505
Uryi Schepanskyi_2081545801,Uryi Schepanskyi,3,1,33,11,22,44,2021-08-04 14:25:00,510506
Oleksandr Melashenko_136903,Oleksandr Melashenko,-2,0,33,38,-5,71,2021-08-04 14:25:00,510507
Dmytro Baistriuchenko_965426973,Dmytro Baistriuchenko,-2,0,36,37,-1,73,2021-08-04 14:30:00,510508
Vojtech Koutnik_136793,Vojtech Koutnik,-2,0,38,42,-4,80,2021-08-04 14:30:00,510509
A Potapkov_109368,A Potapkov,3,1,33,20,13,53,2021-08-04 14:31:00,510510
O Janku_24467,O Janku,1,1,50,44,6,94,2021-08-04 14:31:00,510511
Serhii Popov_136609,Serhii Popov,-3,0,22,35,-13,57,2021-08-04 14:35:00,510512
Mykola Treshchetka_1737669646,Mykola Treshchetka,-1,0,48,49,-1,97,2021-08-04 14:35:00,510513
Yevhenii Faflei_1898700130,Yevhenii Faflei,1,1,50,41,9,91,2021-08-04 14:40:00,510514
Olga Leshchenko_639783404,Olga Leshchenko,-2,0,31,43,-12,74,2021-08-04 14:45:00,510515
A Kozlov_109396,A Kozlov,3,1,33,15,18,48,2021-08-04 14:45:00,510516
Andrii Kostiuk_1841269590,Andrii Kostiuk,3,1,34,21,13,55,2021-08-04 14:45:00,510517
O Suharkov_109388,O Suharkov,2,1,44,33,11,77,2021-08-04 14:47:00,510518
Maksim Ovcharenko_1862536159,Maksim Ovcharenko,-1,0,45,46,-1,91,2021-08-04 14:50:00,510519
Duan Zhy Penh_136896,Duan Zhy Penh,-2,0,37,41,-4,78,2021-08-04 14:50:00,510520
Andrii Hrytsai_136904,Andrii Hrytsai,1,1,51,47,4,98,2021-08-04 14:55:00,510521
A Golyshev_109369,A Golyshev,2,1,37,33,4,70,2021-08-04 15:00:00,510522
Ondrej Konvalinka_136794,Ondrej Konvalinka,-3,0,28,36,-8,64,2021-08-04 15:00:00,510523
Dmytro Drobov_2011035977,Dmytro Drobov,1,1,48,46,2,94,2021-08-04 15:00:00,510524
T Varnuska_24468,T Varnuska,-2,0,30,39,-9,69,2021-08-04 15:02:00,510525
Oleksii Lebedynskyi_136610,Oleksii Lebedynskyi,-2,0,33,42,-9,75,2021-08-04 15:05:00,510526
Tymur Kozenkov_101743510,Tymur Kozenkov,-3,0,19,33,-14,52,2021-08-04 15:05:00,510527
Vladimir Malashevsky_725500213,Vladimir Malashevsky,2,1,42,36,6,78,2021-08-04 15:10:00,510528
D Korneev_109397,D Korneev,-2,0,39,38,1,77,2021-08-04 15:14:00,510529
Vasyl Aksenin_492158735,Vasyl Aksenin,-2,0,38,45,-7,83,2021-08-04 15:15:00,510530
A Slachshilin_109389,A Slachshilin,-3,0,30,40,-10,70,2021-08-04 15:15:00,510531
Vadym Grushko_144653865,Vadym Grushko,3,1,33,17,16,50,2021-08-04 15:20:00,510532
Viktor Hei_136657,Viktor Hei,2,1,39,31,8,70,2021-08-04 15:20:00,510533
Kateryna Alekseenko_222550190,Kateryna Alekseenko,-2,0,27,40,-13,67,2021-08-04 15:20:00,510534
Denys Vakulenko_899734095,Denys Vakulenko,-3,0,21,35,-14,56,2021-08-04 15:25:00,510535
Oleksandr Melashenko_136905,Oleksandr Melashenko,3,1,33,21,12,54,2021-08-04 15:25:00,510536
Ja Berger_24469,Ja Berger,2,1,43,38,5,81,2021-08-04 15:30:00,510537
Vojtech Koutnik_136795,Vojtech Koutnik,3,1,35,23,12,58,2021-08-04 15:30:00,510538
Alina Novosad_136845,Alina Novosad,2,1,45,35,10,80,2021-08-04 15:30:00,510539
E Anisimov_109250,E Anisimov,-1,0,42,53,-11,95,2021-08-04 15:32:00,510540
Andrii Herasymenko_396910839,Andrii Herasymenko,2,1,43,32,11,75,2021-08-04 15:35:00,510541
Oleksandr Lysenko_136687,Oleksandr Lysenko,3,1,34,26,8,60,2021-08-04 15:35:00,510542
Yaroslava Prykhodko_763720977,Yaroslava Prykhodko,2,1,41,36,5,77,2021-08-04 15:40:00,510543
Dmytro Lazuryk_136855,Dmytro Lazuryk,3,1,33,21,12,54,2021-08-04 15:40:00,510544
Viktor Bereza_136865,Viktor Bereza,-2,0,30,39,-9,69,2021-08-04 15:45:00,510545
A Duka_109214,A Duka,-2,0,29,38,-9,67,2021-08-04 15:46:00,510546
Vadim Tokar_396665597,Vadim Tokar,-2,0,24,40,-16,64,2021-08-04 15:50:00,510547
Yurii Kolos_136658,Yurii Kolos,3,1,34,24,10,58,2021-08-04 15:50:00,510548
D Evlahin_109288,D Evlahin,-2,0,34,37,-3,71,2021-08-04 15:54:00,510549
Taras Bonishchuk_136655,Taras Bonishchuk,-3,0,19,33,-14,52,2021-08-04 15:55:00,510550
Serhii Baranovskyi_847326873,Serhii Baranovskyi,-3,0,23,36,-13,59,2021-08-04 15:55:00,510551
Petr Kubat_137156,Petr Kubat,2,1,41,32,9,73,2021-08-04 16:00:00,510552
Mykola Lytvynenko_1193823969,Mykola Lytvynenko,3,1,33,24,9,57,2021-08-04 16:00:00,510553
Svitlana Yureneva_136846,Svitlana Yureneva,-2,0,37,42,-5,79,2021-08-04 16:00:00,510554
L Adamec_24520,L Adamec,1,1,45,38,7,83,2021-08-04 16:04:00,510555
Pavlo Khakhamidi_136688,Pavlo Khakhamidi,2,1,42,23,19,65,2021-08-04 16:05:00,510556
Rodion Kapinus_136856,Rodion Kapinus,3,1,33,20,13,53,2021-08-04 16:10:00,510557
Dmytro Halai_1077452948,Dmytro Halai,-1,0,43,42,1,85,2021-08-04 16:10:00,510558
A Alekseyev_109251,A Alekseyev,2,1,46,38,8,84,2021-08-04 16:14:00,510559
Alina Kurtenko_26214827,Alina Kurtenko,2,1,41,39,2,80,2021-08-04 16:15:00,510560
Vasyl Kondratenko_136866,Vasyl Kondratenko,1,1,55,55,0,110,2021-08-04 16:15:00,510561
K Simonov_109215,K Simonov,3,1,37,28,9,65,2021-08-04 16:16:00,510562
Vitali Rychkou_324345469,Vitali Rychkou,-3,0,29,36,-7,65,2021-08-04 16:20:00,510563
V Sidorin_109289,V Sidorin,-1,0,41,48,-7,89,2021-08-04 16:20:00,510564
Bohdan Chaikovskyi_136659,Bohdan Chaikovskyi,-2,0,38,46,-8,84,2021-08-04 16:20:00,510565
Grygoriy Kuzmenko_2064248994,Grygoriy Kuzmenko,2,1,36,27,9,63,2021-08-04 16:25:00,510566
Maksym Balakiriev_136729,Maksym Balakiriev,-2,0,35,39,-4,74,2021-08-04 16:25:00,510567
Roman Cherevko_1699811808,Roman Cherevko,-1,0,43,48,-5,91,2021-08-04 16:30:00,510568
Svitlana Yureneva_136677,Svitlana Yureneva,-3,0,22,35,-13,57,2021-08-04 16:30:00,510569
Adam Sochor_137157,Adam Sochor,3,1,33,20,13,53,2021-08-04 16:30:00,510570
O Janku_24521,O Janku,2,1,38,31,7,69,2021-08-04 16:33:00,510571
Anatolii Chaplianka_2059361566,Anatolii Chaplianka,-2,0,33,39,-6,72,2021-08-04 16:35:00,510572
Hryhorii Kulishov_136689,Hryhorii Kulishov,2,1,42,27,15,69,2021-08-04 16:35:00,510573
Serhii Kinash_379564416,Serhii Kinash,-1,0,42,49,-7,91,2021-08-04 16:40:00,510574
Rodion Kapinus_136704,Rodion Kapinus,2,1,40,35,5,75,2021-08-04 16:40:00,510575
S Kulikov_109252,S Kulikov,2,1,44,34,10,78,2021-08-04 16:45:00,510576
Sergii Skhabitskiy_136867,Sergii Skhabitskiy,2,1,46,32,14,78,2021-08-04 16:45:00,510577
Andrii Herasymenko_1436118136,Andrii Herasymenko,-2,0,30,42,-12,72,2021-08-04 16:45:00,510578
A Poprocky_109216,A Poprocky,-1,0,47,48,-1,95,2021-08-04 16:47:00,510579
I Abelmasov_109290,I Abelmasov,2,1,40,29,11,69,2021-08-04 16:49:00,510580
Yaroslava Prykhodko_1337397722,Yaroslava Prykhodko,-3,0,20,33,-13,53,2021-08-04 16:50:00,510581
Yurii Kolos_136660,Yurii Kolos,-3,0,19,34,-15,53,2021-08-04 16:50:00,510582
Nazarii Hrytsyienko_1845721309,Nazarii Hrytsyienko,-3,0,20,33,-13,53,2021-08-04 16:55:00,510583
Maksym Marchuk_136730,Maksym Marchuk,3,1,40,31,9,71,2021-08-04 16:55:00,510584
Vadim Tokar_969960395,Vadim Tokar,1,1,50,46,4,96,2021-08-04 17:00:00,510585
Matej Zaboj_136796,Matej Zaboj,3,1,33,16,17,49,2021-08-04 17:00:00,510586
Alina Novosad_136847,Alina Novosad,2,1,42,28,14,70,2021-08-04 17:00:00,510587
Ja Kanera_24476,Ja Kanera,-2,0,42,45,-3,87,2021-08-04 17:02:00,510588
Pavlo Khakhamidi_136690,Pavlo Khakhamidi,-1,0,48,44,4,92,2021-08-04 17:05:00,510589
Serhii Baranovskyi_1878731462,Serhii Baranovskyi,-1,0,37,51,-14,88,2021-08-04 17:05:00,510590
Dmytro Lazuryk_136857,Dmytro Lazuryk,2,1,38,30,8,68,2021-08-04 17:10:00,510591
S Muslikov_109253,S Muslikov,-2,0,32,43,-11,75,2021-08-04 17:10:00,510592
Anatolii Chaplianka_653281039,Anatolii Chaplianka,-3,0,17,33,-16,50,2021-08-04 17:10:00,510593
Vasyl Kondratenko_136868,Vasyl Kondratenko,2,1,38,35,3,73,2021-08-04 17:15:00,510594
Oleksandr Semenets_456329020,Oleksandr Semenets,-1,0,39,48,-9,87,2021-08-04 17:15:00,510595
A Frolov_109291,A Frolov,1,1,50,46,4,96,2021-08-04 17:19:00,510596
Vladyslav Batenko_913019073,Vladyslav Batenko,3,1,33,23,10,56,2021-08-04 17:20:00,510597
Viktor Hei_136661,Viktor Hei,-1,0,42,52,-10,94,2021-08-04 17:20:00,510598
G Karpovkin_109217,G Karpovkin,-3,0,20,33,-13,53,2021-08-04 17:21:00,510599
Maksym Balakiriev_136731,Maksym Balakiriev,1,1,52,48,4,100,2021-08-04 17:25:00,510600
Vikroriya Pryshchepa_1339999591,Vikroriya Pryshchepa,-2,0,39,40,-1,79,2021-08-04 17:25:00,510601
Lubomir Kriz_136797,Lubomir Kriz,2,1,42,39,3,81,2021-08-04 17:30:00,510602
Vitali Rychkou_1606490944,Vitali Rychkou,-3,0,27,37,-10,64,2021-08-04 17:30:00,510603
Anastasiia Mydvetska_136848,Anastasiia Mydvetska,-1,0,44,49,-5,93,2021-08-04 17:30:00,510604
jr. Havlik_24477,jr. Havlik,3,1,33,15,18,48,2021-08-04 17:31:00,510605
Grygoriy Kuzmenko_1918676392,Grygoriy Kuzmenko,1,1,45,45,0,90,2021-08-04 17:35:00,510606
Oleksandr Lysenko_136691,Oleksandr Lysenko,2,1,45,39,6,84,2021-08-04 17:35:00,510607
S Kulikov_109254,S Kulikov,3,1,33,23,10,56,2021-08-04 17:38:00,510608
Yevhen Masko_1106816050,Yevhen Masko,-3,0,22,33,-11,55,2021-08-04 17:40:00,510609
Vladyslav Mishchenko_136858,Vladyslav Mishchenko,3,1,33,22,11,55,2021-08-04 17:40:00,510610
A Poprocky_109218,A Poprocky,-2,0,37,45,-8,82,2021-08-04 17:44:00,510611
Viktor Bereza_136869,Viktor Bereza,-3,0,23,35,-12,58,2021-08-04 17:45:00,510612
Serhii Kinash_251870306,Serhii Kinash,-3,0,21,33,-12,54,2021-08-04 17:45:00,510613
Volodymyr Kuzmych_136662,Volodymyr Kuzmych,3,1,35,24,11,59,2021-08-04 17:50:00,510614
Denys Pesternikov_136739,Denys Pesternikov,-3,0,25,36,-11,61,2021-08-04 17:50:00,510615
Anatolii Chaplianka_1989044999,Anatolii Chaplianka,2,1,42,33,9,75,2021-08-04 17:50:00,510616
Serhii Khandetskyi_136732,Serhii Khandetskyi,-2,0,33,40,-7,73,2021-08-04 17:55:00,510617
Dmytro Halai_2093171569,Dmytro Halai,-3,0,25,34,-9,59,2021-08-04 17:55:00,510618
I Abelmasov_109292,I Abelmasov,-3,0,24,36,-12,60,2021-08-04 17:56:00,510619
A Alekseyev_109255,A Alekseyev,-2,0,33,43,-10,76,2021-08-04 17:59:00,510620
Alina Novosad_136849,Alina Novosad,3,1,34,24,10,58,2021-08-04 18:00:00,510621
Lubomir Kriz_136798,Lubomir Kriz,3,1,33,12,21,45,2021-08-04 18:00:00,510622
A Zikmund_24478,A Zikmund,3,1,35,28,7,63,2021-08-04 18:00:00,510623
Alina Kurtenko_2020914225,Alina Kurtenko,-2,0,33,38,-5,71,2021-08-04 18:00:00,510624
Dmytro Vakhta_1385230163,Dmytro Vakhta,3,1,33,20,13,53,2021-08-04 18:05:00,510625
Borys Kostiuk_136692,Borys Kostiuk,-2,0,33,43,-10,76,2021-08-04 18:05:00,510626
Vadim Tokar_1479637963,Vadim Tokar,-2,0,37,42,-5,79,2021-08-04 18:10:00,510627
Dmytro Lazuryk_136859,Dmytro Lazuryk,2,1,40,32,8,72,2021-08-04 18:10:00,510628
Igor Koshkodan_136870,Igor Koshkodan,1,1,46,49,-3,95,2021-08-04 18:15:00,510629
Roman Cherevko_1627438506,Roman Cherevko,2,1,38,40,-2,78,2021-08-04 18:15:00,510630
K Simonov_109219,K Simonov,3,1,33,13,20,46,2021-08-04 18:17:00,510631
V Sidorin_109293,V Sidorin,1,1,47,47,0,94,2021-08-04 18:19:00,510632
Bohdan Chaikovskyi_136663,Bohdan Chaikovskyi,2,1,39,38,1,77,2021-08-04 18:20:00,510633
Serhii Nemtsov_136740,Serhii Nemtsov,3,1,34,18,16,52,2021-08-04 18:20:00,510634
Oleksandr Semenets_1932616892,Oleksandr Semenets,1,1,43,50,-7,93,2021-08-04 18:20:00,510635
Serhii Kinash_1876892738,Serhii Kinash,-3,0,27,38,-11,65,2021-08-04 18:25:00,510636
Maksym Marchuk_136733,Maksym Marchuk,3,1,33,19,14,52,2021-08-04 18:25:00,510637
Olena Nalisnikovska_136850,Olena Nalisnikovska,-1,0,42,42,0,84,2021-08-04 18:30:00,510638
jr. Hruska_24479,jr. Hruska,1,1,44,43,1,87,2021-08-04 18:30:00,510639
Andrii Herasymenko_567339589,Andrii Herasymenko,1,1,53,51,2,104,2021-08-04 18:30:00,510640
Matej Zaboj_136799,Matej Zaboj,-2,0,33,41,-8,74,2021-08-04 18:30:00,510641
S Muslikov_109442,S Muslikov,-1,0,45,48,-3,93,2021-08-04 18:31:00,510642
Yaroslava Prykhodko_533389223,Yaroslava Prykhodko,-1,0,46,52,-6,98,2021-08-04 18:35:00,510643
Hryhorii Kulishov_136693,Hryhorii Kulishov,1,1,48,42,6,90,2021-08-04 18:35:00,510644
Illia Valchuk_136860,Illia Valchuk,2,1,38,33,5,71,2021-08-04 18:40:00,510645
Nazarii Hrytsyienko_1202093474,Nazarii Hrytsyienko,2,1,40,38,2,78,2021-08-04 18:40:00,510646
Sergii Skhabitskiy_136871,Sergii Skhabitskiy,-3,0,18,33,-15,51,2021-08-04 18:45:00,510647
A Poprocky_109444,A Poprocky,-1,0,37,48,-11,85,2021-08-04 18:45:00,510648
Liubomyr Sheshurak_1665520177,Liubomyr Sheshurak,-3,0,22,33,-11,55,2021-08-04 18:45:00,510649
D Evlahin_109446,D Evlahin,-1,0,47,45,2,92,2021-08-04 18:49:00,510650
Oleksandr Oleskevych_136741,Oleksandr Oleskevych,-3,0,16,33,-17,49,2021-08-04 18:50:00,510651
Serhii Baranovskyi_1926807430,Serhii Baranovskyi,-1,0,41,49,-8,90,2021-08-04 18:50:00,510652
Yurii Kolos_136664,Yurii Kolos,2,1,42,39,3,81,2021-08-04 18:50:00,510653
Maksym Balakiriev_136734,Maksym Balakiriev,-2,0,35,41,-6,76,2021-08-04 18:55:00,510654
Ivan Kozyr_831727479,Ivan Kozyr,2,1,54,51,3,105,2021-08-04 18:55:00,510655
Anatolii Chaplianka_33844830,Anatolii Chaplianka,-1,0,48,47,1,95,2021-08-04 19:00:00,510656
Svitlana Yureneva_136851,Svitlana Yureneva,-3,0,16,33,-17,49,2021-08-04 19:00:00,510657
Petr Dvorak_136800,Petr Dvorak,3,1,33,21,12,54,2021-08-04 19:00:00,510658
A Zikmund_24480,A Zikmund,-1,0,45,53,-8,98,2021-08-04 19:00:00,510659
Vladyslav Batenko_2139427625,Vladyslav Batenko,3,1,34,20,14,54,2021-08-04 19:05:00,510660
Pavlo Khakhamidi_136694,Pavlo Khakhamidi,3,1,33,21,12,54,2021-08-04 19:05:00,510661
Rodion Kapinus_136861,Rodion Kapinus,-2,0,27,40,-13,67,2021-08-04 19:10:00,510662
Vikroriya Pryshchepa_1147562960,Vikroriya Pryshchepa,-3,0,27,35,-8,62,2021-08-04 19:10:00,510663
A Alekseyev_109443,A Alekseyev,1,1,48,48,0,96,2021-08-04 19:11:00,510664
Vasyl Kondratenko_136872,Vasyl Kondratenko,-2,0,38,42,-4,80,2021-08-04 19:15:00,510665
Vitali Rychkou_1737046618,Vitali Rychkou,-3,0,29,37,-8,66,2021-08-04 19:15:00,510666
I Abelmasov_109447,I Abelmasov,2,1,37,34,3,71,2021-08-04 19:16:00,510667
G Karpovkin_109445,G Karpovkin,-3,0,32,38,-6,70,2021-08-04 19:16:00,510668
Serhii Nemtsov_136742,Serhii Nemtsov,1,1,48,46,2,94,2021-08-04 19:20:00,510669
Viktor Hei_136665,Viktor Hei,-2,0,31,43,-12,74,2021-08-04 19:20:00,510670
Andrii Zeniuk_1570698561,Andrii Zeniuk,-2,0,32,39,-7,71,2021-08-04 19:20:00,510671
Maksym Marchuk_136735,Maksym Marchuk,-1,0,32,46,-14,78,2021-08-04 19:25:00,510672
Yevhen Masko_1940239169,Yevhen Masko,2,1,40,38,2,78,2021-08-04 19:25:00,510673
Serhii Kinash_991396288,Serhii Kinash,-3,0,18,33,-15,51,2021-08-04 19:30:00,510674
Anastasiia Mydvetska_136852,Anastasiia Mydvetska,-3,0,15,34,-19,49,2021-08-04 19:30:00,510675
Matej Zaboj_136801,Matej Zaboj,3,1,34,24,10,58,2021-08-04 19:30:00,510676
Oleksandr Semenets_456829432,Oleksandr Semenets,1,1,51,48,3,99,2021-08-04 19:35:00,510677
Oleksandr Lysenko_136695,Oleksandr Lysenko,2,1,35,30,5,65,2021-08-04 19:35:00,510678
jr. Havlik_24481,jr. Havlik,-1,0,42,53,-11,95,2021-08-04 19:35:00,510679
Vladyslav Mishchenko_136862,Vladyslav Mishchenko,-1,0,44,49,-5,93,2021-08-04 19:40:00,510680
Dmytro Halai_1713250096,Dmytro Halai,3,1,35,18,17,53,2021-08-04 19:40:00,510681
D Tikhnenko_109260,D Tikhnenko,2,1,47,40,7,87,2021-08-04 19:42:00,510682
Alina Kurtenko_141302956,Alina Kurtenko,3,1,33,19,14,52,2021-08-04 19:45:00,510683
Viktor Bereza_136873,Viktor Bereza,-1,0,48,48,0,96,2021-08-04 19:45:00,510684
M Andrusenko_109220,M Andrusenko,1,1,48,50,-2,98,2021-08-04 19:46:00,510685
S Kaplan_109294,S Kaplan,-3,0,28,35,-7,63,2021-08-04 19:46:00,510686
Dmytro Vakhta_1797874829,Dmytro Vakhta,-3,0,25,34,-9,59,2021-08-04 19:50:00,510687
Volodymyr Kuzmych_136666,Volodymyr Kuzmych,3,1,33,15,18,48,2021-08-04 19:50:00,510688
Denys Pesternikov_136743,Denys Pesternikov,1,1,48,43,5,91,2021-08-04 19:50:00,510689
Vadim Tokar_2029537848,Vadim Tokar,2,1,42,32,10,74,2021-08-04 19:55:00,510690
Serhii Khandetskyi_136736,Serhii Khandetskyi,1,1,44,47,-3,91,2021-08-04 19:55:00,510691
Roman Cherevko_228939981,Roman Cherevko,2,1,43,35,8,78,2021-08-04 20:00:00,510692
Olena Nalisnikovska_136684,Olena Nalisnikovska,3,1,36,28,8,64,2021-08-04 20:00:00,510693
Oleksandr Shchytka_671255970,Oleksandr Shchytka,-2,0,24,39,-15,63,2021-08-04 20:05:00,510694
Borys Kostiuk_136696,Borys Kostiuk,-1,0,47,49,-2,96,2021-08-04 20:05:00,510695
O Pronin_109261,O Pronin,1,1,57,58,-1,115,2021-08-04 20:05:00,510696
Ja Kanera_24522,Ja Kanera,3,1,34,23,11,57,2021-08-04 20:09:00,510697
Stanislav Harenko_1413384101,Stanislav Harenko,-1,0,50,52,-2,102,2021-08-04 20:10:00,510698
Illia Valchuk_136711,Illia Valchuk,-1,0,39,50,-11,89,2021-08-04 20:10:00,510699
Matej Beran_137220,Matej Beran,-2,0,36,36,0,72,2021-08-04 20:10:00,510700
Anton Veliiev_1071415130,Anton Veliiev,1,1,48,48,0,96,2021-08-04 20:15:00,510701
Igor Koshkodan_136874,Igor Koshkodan,2,1,35,32,3,67,2021-08-04 20:15:00,510702
Al-i Zhelubenkov_109295,Al-i Zhelubenkov,-3,0,23,34,-11,57,2021-08-04 20:15:00,510703
N Lyfenko_109221,N Lyfenko,-3,0,16,33,-17,49,2021-08-04 20:17:00,510704
Anna Miklukha_1384347744,Anna Miklukha,-1,0,48,50,-2,98,2021-08-04 20:20:00,510705
Bohdan Chaikovskyi_136667,Bohdan Chaikovskyi,2,1,47,37,10,84,2021-08-04 20:20:00,510706
Vadym Bochkovskyi_136744,Vadym Bochkovskyi,-2,0,33,44,-11,77,2021-08-04 20:20:00,510707
Maksym Balakiriev_136737,Maksym Balakiriev,-2,0,33,43,-10,76,2021-08-04 20:25:00,510708
Nazarii Hrytsyienko_140590791,Nazarii Hrytsyienko,3,1,35,20,15,55,2021-08-04 20:25:00,510709
Andrii Zeniuk_1013776844,Andrii Zeniuk,-1,0,38,50,-12,88,2021-08-04 20:30:00,510710
Olena Nalisnikovska_136853,Olena Nalisnikovska,-3,0,25,34,-9,59,2021-08-04 20:30:00,510711
jr. Havlik_24523,jr. Havlik,-3,0,22,33,-11,55,2021-08-04 20:30:00,510712
Hryhorii Kulishov_136697,Hryhorii Kulishov,3,1,37,29,8,66,2021-08-04 20:35:00,510713
Roman Derypaska_379948563,Roman Derypaska,-3,0,15,33,-18,48,2021-08-04 20:35:00,510714
Oleksandr Shchytka_1639125202,Oleksandr Shchytka,-2,0,39,45,-6,84,2021-08-04 20:40:00,510715
Petr Dvorak_137221,Petr Dvorak,2,1,42,29,13,71,2021-08-04 20:40:00,510716
Illia Valchuk_136863,Illia Valchuk,2,1,45,35,10,80,2021-08-04 20:40:00,510717
Sergii Skhabitskiy_136875,Sergii Skhabitskiy,-3,0,24,33,-9,57,2021-08-04 20:45:00,510718
V Marshalov_109222,V Marshalov,2,1,51,42,9,93,2021-08-04 20:45:00,510719
Borys Buriak_1027173194,Borys Buriak,1,1,50,51,-1,101,2021-08-04 20:45:00,510720
A Frolov_109296,A Frolov,2,1,42,29,13,71,2021-08-04 20:46:00,510721
Viktor Hei_136668,Viktor Hei,-2,0,30,41,-11,71,2021-08-04 20:50:00,510722
Oleksandr Oleskevych_136745,Oleksandr Oleskevych,1,1,45,41,4,86,2021-08-04 20:50:00,510723
Andrii Herasymenko_50737597,Andrii Herasymenko,2,1,40,34,6,74,2021-08-04 20:50:00,510724
S Kuzmin_109262,S Kuzmin,-1,0,44,50,-6,94,2021-08-04 20:52:00,510725
Serhii Sokolov_136738,Serhii Sokolov,3,1,33,26,7,59,2021-08-04 20:55:00,510726
Yaroslava Prykhodko_1548709593,Yaroslava Prykhodko,-3,0,20,33,-13,53,2021-08-04 20:55:00,510727
Anastasiia Mydvetska_136854,Anastasiia Mydvetska,2,1,46,39,7,85,2021-08-04 21:00:00,510728
Jonas Kulveit_136802,Jonas Kulveit,1,1,51,44,7,95,2021-08-04 21:00:00,510729
Andrii Kotik_728482849,Andrii Kotik,1,1,42,45,-3,87,2021-08-04 21:00:00,510730
R Jamrich_24482,R Jamrich,-3,0,11,33,-22,44,2021-08-04 21:01:00,510731
Vadim Tokar_1301536765,Vadim Tokar,3,1,33,16,17,49,2021-08-04 21:05:00,510732
Oleksandr Lysenko_136698,Oleksandr Lysenko,-1,0,43,47,-4,90,2021-08-04 21:05:00,510733
Vladyslav Mishchenko_136864,Vladyslav Mishchenko,-1,0,46,54,-8,100,2021-08-04 21:10:00,510734
Serhii Baranovskyi_464040737,Serhii Baranovskyi,2,1,40,28,12,68,2021-08-04 21:10:00,510735
Stanislav Harenko_620766620,Stanislav Harenko,-2,0,29,39,-10,68,2021-08-04 21:15:00,510736
Viktor Bereza_136876,Viktor Bereza,-2,0,27,42,-15,69,2021-08-04 21:15:00,510737
T Razinkov_109223,T Razinkov,-2,0,38,43,-5,81,2021-08-04 21:15:00,510738
D Merzlikin_109297,D Merzlikin,2,1,38,36,2,74,2021-08-04 21:15:00,510739
Oleksandr Shchytka_1586987144,Oleksandr Shchytka,-2,0,30,40,-10,70,2021-08-04 21:20:00,510740
Oleh Chulanov_136669,Oleh Chulanov,2,1,39,34,5,73,2021-08-04 21:20:00,510741
Serhii Nemtsov_136746,Serhii Nemtsov,-1,0,41,50,-9,91,2021-08-04 21:20:00,510742
Dmytro Halai_308211221,Dmytro Halai,-1,0,48,43,5,91,2021-08-04 21:25:00,510743
Serhii Khandetskyi_137222,Serhii Khandetskyi,3,1,37,29,8,66,2021-08-04 21:25:00,510744
V Staroverov_109263,V Staroverov,-3,0,16,33,-17,49,2021-08-04 21:29:00,510745
Anna Miklukha_945085929,Anna Miklukha,-2,0,35,42,-7,77,2021-08-04 21:30:00,510746
Jr. Mecl_24483,Jr. Mecl,2,1,41,33,8,74,2021-08-04 21:30:00,510747
Martin Juhasz_136803,Martin Juhasz,2,1,40,29,11,69,2021-08-04 21:30:00,510748
Vitalii Kyilo_136699,Vitalii Kyilo,2,1,41,30,11,71,2021-08-04 21:35:00,510749
Vitali Rychkou_1146997000,Vitali Rychkou,-1,0,43,48,-5,91,2021-08-04 21:35:00,510750
Andrii Zeniuk_140662049,Andrii Zeniuk,-2,0,32,40,-8,72,2021-08-04 21:40:00,510751
S Kuzmin_109264,S Kuzmin,1,1,47,40,7,87,2021-08-04 21:43:00,510752
Yaroslav Tkachenko_136877,Yaroslav Tkachenko,-3,0,19,33,-14,52,2021-08-04 21:45:00,510753
Roman Derypaska_379983277,Roman Derypaska,-2,0,31,40,-9,71,2021-08-04 21:45:00,510754
V Marshalov_109224,V Marshalov,3,1,33,25,8,58,2021-08-04 21:46:00,510755
A Frolov_109298,A Frolov,2,1,44,36,8,80,2021-08-04 21:47:00,510756
Borys Buriak_1587553634,Borys Buriak,-2,0,40,43,-3,83,2021-08-04 21:50:00,510757
Denys Pesternikov_136747,Denys Pesternikov,-3,0,21,34,-13,55,2021-08-04 21:50:00,510758
Serhii Sokolov_137223,Serhii Sokolov,2,1,43,31,12,74,2021-08-04 21:55:00,510759
Stanislav Harenko_852131655,Stanislav Harenko,3,1,33,24,9,57,2021-08-04 21:55:00,510760
Martin Juhasz_136804,Martin Juhasz,-1,0,41,49,-8,90,2021-08-04 22:00:00,510761
Vladyslav Batenko_1996046825,Vladyslav Batenko,2,1,43,35,8,78,2021-08-04 22:00:00,510762
D Salomon_24484,D Salomon,2,1,39,32,7,71,2021-08-04 22:00:00,510763
Oleksandr Lysenko_136700,Oleksandr Lysenko,3,1,33,15,18,48,2021-08-04 22:05:00,510764
Alina Kurtenko_95060977,Alina Kurtenko,-2,0,34,42,-8,76,2021-08-04 22:05:00,510765
Vadym Nechyporuk_589860701,Vadym Nechyporuk,3,1,33,15,18,48,2021-08-04 22:10:00,510766
O Pronin_109265,O Pronin,2,1,36,30,6,66,2021-08-04 22:11:00,510767
Viktor Bereza_136878,Viktor Bereza,-3,0,24,35,-11,59,2021-08-04 22:15:00,510768
Grygoriy Kuzmenko_370754772,Grygoriy Kuzmenko,2,1,44,34,10,78,2021-08-04 22:15:00,510769
N Lyfenko_109225,N Lyfenko,2,1,42,32,10,74,2021-08-04 22:16:00,510770
Al-i Zhelubenkov_109299,Al-i Zhelubenkov,-1,0,43,47,-4,90,2021-08-04 22:17:00,510771
Yurii Kolos_136671,Yurii Kolos,2,1,41,28,13,69,2021-08-04 22:20:00,510772
Roman Cherevko_1063730056,Roman Cherevko,-2,0,40,45,-5,85,2021-08-04 22:20:00,510773
Vadym Bochkovskyi_136748,Vadym Bochkovskyi,3,1,34,22,12,56,2021-08-04 22:20:00,510774
Oleh Obidnyi_1642118281,Oleh Obidnyi,-1,0,47,48,-1,95,2021-08-04 22:25:00,510775
Oleksandr Shchytka_839974347,Oleksandr Shchytka,-2,0,31,41,-10,72,2021-08-04 22:30:00,510776
M Bittner_24485,M Bittner,-1,0,52,56,-4,108,2021-08-04 22:30:00,510777
Jonas Kulveit_136805,Jonas Kulveit,1,1,47,40,7,87,2021-08-04 22:30:00,510778
V Staroverov_109448,V Staroverov,-1,0,42,49,-7,91,2021-08-04 22:35:00,510779
Pavlo Khakhamidi_136701,Pavlo Khakhamidi,-2,0,29,40,-11,69,2021-08-04 22:35:00,510780
Vasyl Kondratenko_136879,Vasyl Kondratenko,-1,0,44,48,-4,92,2021-08-04 22:45:00,510781
Nazarii Hrytsyienko_722331233,Nazarii Hrytsyienko,-2,0,43,47,-4,90,2021-08-04 22:45:00,510782
T Razinkov_109450,T Razinkov,-3,0,17,33,-16,50,2021-08-04 22:47:00,510783
Al-i Zhelubenkov_109453,Al-i Zhelubenkov,2,1,53,48,5,101,2021-08-04 22:49:00,510784
Oleksandr Oleskevych_136749,Oleksandr Oleskevych,-3,0,22,34,-12,56,2021-08-04 22:50:00,510785
Oleh Obidnyi_428296085,Oleh Obidnyi,1,1,51,49,2,100,2021-08-04 23:00:00,510786
Tomas Kanka_136806,Tomas Kanka,-2,0,36,44,-8,80,2021-08-04 23:00:00,510787
D Salomon_24486,D Salomon,-2,0,36,39,-3,75,2021-08-04 23:04:00,510788
Borys Buriak_117094102,Borys Buriak,-2,0,38,44,-6,82,2021-08-04 23:05:00,510789
D Tikhnenko_109449,D Tikhnenko,-1,0,37,48,-11,85,2021-08-04 23:07:00,510790
N Lyfenko_109451,N Lyfenko,2,1,44,32,12,76,2021-08-04 23:15:00,510791
Denys Pesternikov_136750,Denys Pesternikov,-2,0,41,47,-6,88,2021-08-04 23:20:00,510792
D Merzlikin_109452,D Merzlikin,-3,0,26,38,-12,64,2021-08-04 23:25:00,510793
Jonas Kulveit_136807,Jonas Kulveit,3,1,33,22,11,55,2021-08-04 23:30:00,510794
Jr. Mecl_24487,Jr. Mecl,3,1,34,19,15,53,2021-08-04 23:31:00,510795
N Sukharnikov_109266,N Sukharnikov,-3,0,21,33,-12,54,2021-08-04 23:35:00,510796
Oleksandr Shkurupii_1775967837,Oleksandr Shkurupii,-1,0,55,55,0,110,2021-08-04 23:35:00,510797
Serhii Hilitukha_1179607680,Serhii Hilitukha,-3,0,16,33,-17,49,2021-08-04 23:45:00,510798
V Chahur_109226,V Chahur,-3,0,15,33,-18,48,2021-08-04 23:47:00,510799
V Safonov_109300,V Safonov,2,1,43,29,14,72,2021-08-04 23:48:00,510800
Andrii Lukatskyi_136751,Andrii Lukatskyi,2,1,46,38,8,84,2021-08-04 23:50:00,510801
R Jamrich_24524,R Jamrich,2,1,45,37,8,82,2021-08-04 23:59:00,510802
Michal Vavra_146118,Michal Vavra,1,1,51,45,6,96,2021-08-05 00:00:00,510803
M Sulc_25466,M Sulc,-3,0,28,36,-8,64,2021-08-05 00:02:00,510804
R Pavlenko_113699,R Pavlenko,1,1,47,49,-2,96,2021-08-05 00:03:00,510805
Serhii Sokolov_145733,Serhii Sokolov,-1,0,53,56,-3,109,2021-08-05 00:05:00,510806
Mykola Zakladnyi_571133002,Mykola Zakladnyi,2,1,41,32,9,73,2021-08-05 00:10:00,510807
Oleksandr Brezytskyi_1577562609,Oleksandr Brezytskyi,-3,0,21,33,-12,54,2021-08-05 00:15:00,510808
V Sidorin_113619,V Sidorin,2,1,41,34,7,75,2021-08-05 00:15:00,510809
A Petrov_113685,A Petrov,-1,0,43,47,-4,90,2021-08-05 00:16:00,510810
Serhii Yatsenko_145800,Serhii Yatsenko,-3,0,14,33,-19,47,2021-08-05 00:20:00,510811
Oleksandr Kovalchuk_145748,Oleksandr Kovalchuk,-3,0,28,38,-10,66,2021-08-05 00:25:00,510812
M Huk_25467,M Huk,1,1,48,42,6,90,2021-08-05 00:30:00,510813
Oleksandr Lysenko_145734,Oleksandr Lysenko,3,1,33,14,19,47,2021-08-05 00:35:00,510814
V Kalachev_113700,V Kalachev,2,1,45,41,4,86,2021-08-05 00:40:00,510815
A Vlasov_113620,A Vlasov,-2,0,31,41,-10,72,2021-08-05 00:47:00,510816
Volodymyr Melnykov_145801,Volodymyr Melnykov,-1,0,47,44,3,91,2021-08-05 00:50:00,510817
Oleksandr Mishchenko_145749,Oleksandr Mishchenko,3,1,34,23,11,57,2021-08-05 00:55:00,510818
O Shagarov_113686,O Shagarov,2,1,44,40,4,84,2021-08-05 00:59:00,510819
Hryhorii Kulishov_145735,Hryhorii Kulishov,-2,0,36,44,-8,80,2021-08-05 01:05:00,510820
S Martyukhin_113701,S Martyukhin,1,1,54,51,3,105,2021-08-05 01:10:00,510821
Oleksandr Brezytskyi_566503767,Oleksandr Brezytskyi,3,1,33,16,17,49,2021-08-05 01:10:00,510822
Oleksii Tiutiunnyk_1765456192,Oleksii Tiutiunnyk,2,1,41,41,0,82,2021-08-05 01:15:00,510823
D Balakin_113621,D Balakin,2,1,41,19,22,60,2021-08-05 01:18:00,510824
Dmytro Arzanov_287409185,Dmytro Arzanov,1,1,46,39,7,85,2021-08-05 01:20:00,510825
Serhii Tkachev_145750,Serhii Tkachev,1,1,49,44,5,93,2021-08-05 01:25:00,510826
Va Ivanov_113687,Va Ivanov,2,1,44,28,16,72,2021-08-05 01:30:00,510827
Oleksandr Lysenko_145736,Oleksandr Lysenko,3,1,36,25,11,61,2021-08-05 01:35:00,510828
V Sidorin_113622,V Sidorin,2,1,43,31,12,74,2021-08-05 01:49:00,510829
Andrii Selin_563386240,Andrii Selin,-2,0,42,43,-1,85,2021-08-05 01:50:00,510830
A Petrov_113688,A Petrov,3,1,33,23,10,56,2021-08-05 01:52:00,510831
Oleksandr Mishchenko_145751,Oleksandr Mishchenko,-1,0,50,43,7,93,2021-08-05 01:55:00,510832
R Pavlenko_113702,R Pavlenko,1,1,50,39,11,89,2021-08-05 01:56:00,510833
Serhii Sokolov_145737,Serhii Sokolov,-1,0,51,62,-11,113,2021-08-05 02:05:00,510834
D Balakin_113623,D Balakin,-3,0,19,33,-14,52,2021-08-05 02:18:00,510835
Va Ivanov_113689,Va Ivanov,-2,0,27,41,-14,68,2021-08-05 02:18:00,510836
Dmytro Arzanov_352955938,Dmytro Arzanov,-1,0,43,47,-4,90,2021-08-05 02:20:00,510837
S Martyukhin_113703,S Martyukhin,3,1,33,18,15,51,2021-08-05 02:23:00,510838
Oleksandr Kovalchuk_145752,Oleksandr Kovalchuk,2,1,49,35,14,84,2021-08-05 02:25:00,510839
Andrii Shcherbak_145738,Andrii Shcherbak,-3,0,23,33,-10,56,2021-08-05 02:35:00,510840
D Sayanov_113704,D Sayanov,-2,0,32,38,-6,70,2021-08-05 02:45:00,510841
T Yusipov_113690,T Yusipov,-3,0,21,33,-12,54,2021-08-05 02:46:00,510842
Andrii Selin_1408967937,Andrii Selin,-3,0,19,35,-16,54,2021-08-05 02:50:00,510843
A Gerasimov_113624,A Gerasimov,-2,0,31,43,-12,74,2021-08-05 02:50:00,510844
Pavlo Babenko_145753,Pavlo Babenko,3,1,33,17,16,50,2021-08-05 02:55:00,510845
Hryhorii Kulishov_145739,Hryhorii Kulishov,1,1,47,42,5,89,2021-08-05 03:05:00,510846
V Kalachev_113705,V Kalachev,2,1,40,26,14,66,2021-08-05 03:11:00,510847
O Shagarov_113691,O Shagarov,-1,0,40,50,-10,90,2021-08-05 03:16:00,510848
A Vlasov_113625,A Vlasov,3,1,34,27,7,61,2021-08-05 03:16:00,510849
Dmytro Arzanov_1091290281,Dmytro Arzanov,1,1,50,49,1,99,2021-08-05 03:20:00,510850
Serhii Tkachev_145754,Serhii Tkachev,3,1,35,29,6,64,2021-08-05 03:25:00,510851
Oleksandr Lysenko_145740,Oleksandr Lysenko,1,1,51,42,9,93,2021-08-05 03:35:00,510852
D Korneev_113706,D Korneev,1,1,49,39,10,88,2021-08-05 03:40:00,510853
A Ilin_113626,A Ilin,-1,0,40,49,-9,89,2021-08-05 03:47:00,510854
Oleksii Metla_277980298,Oleksii Metla,-2,0,30,42,-12,72,2021-08-05 03:50:00,510855
V Safonov_113692,V Safonov,1,1,42,41,1,83,2021-08-05 03:51:00,510856
Oleksandr Mishchenko_145755,Oleksandr Mishchenko,-2,0,33,41,-8,74,2021-08-05 03:55:00,510857
Serhii Sokolov_145741,Serhii Sokolov,-2,0,30,42,-12,72,2021-08-05 04:05:00,510858
D Sayanov_113707,D Sayanov,1,1,52,45,7,97,2021-08-05 04:05:00,510859
A Gerasimov_113627,A Gerasimov,2,1,39,37,2,76,2021-08-05 04:18:00,510860
Dmytro Arzanov_287231614,Dmytro Arzanov,3,1,33,27,6,60,2021-08-05 04:20:00,510861
T Yusipov_113693,T Yusipov,-3,0,20,33,-13,53,2021-08-05 04:20:00,510862
Oleksandr Kovalchuk_145756,Oleksandr Kovalchuk,1,1,50,41,9,91,2021-08-05 04:25:00,510863
Andrii Shcherbak_145742,Andrii Shcherbak,1,1,49,39,10,88,2021-08-05 04:35:00,510864
S Martyukhin_113845,S Martyukhin,3,1,36,24,12,60,2021-08-05 04:43:00,510865
O Shagarov_113847,O Shagarov,-2,0,26,40,-14,66,2021-08-05 04:47:00,510866
Andrii Selin_563147685,Andrii Selin,-2,0,39,46,-7,85,2021-08-05 04:50:00,510867
A Gerasimov_113850,A Gerasimov,-1,0,46,52,-6,98,2021-08-05 04:50:00,510868
Pavlo Babenko_145757,Pavlo Babenko,-2,0,31,40,-9,71,2021-08-05 04:55:00,510869
Hryhorii Kulishov_145743,Hryhorii Kulishov,-1,0,42,50,-8,92,2021-08-05 05:05:00,510870
V Kalachev_113846,V Kalachev,-2,0,30,43,-13,73,2021-08-05 05:07:00,510871
A Petrov_113851,A Petrov,1,1,41,40,1,81,2021-08-05 05:16:00,510872
Dmytro Arzanov_710500131,Dmytro Arzanov,3,1,33,21,12,54,2021-08-05 05:20:00,510873
A Ilin_113849,A Ilin,1,1,50,41,9,91,2021-08-05 05:22:00,510874
Serhii Tkachev_145758,Serhii Tkachev,-2,0,38,47,-9,85,2021-08-05 05:25:00,510875
Serhii Sokolov_145744,Serhii Sokolov,-1,0,41,47,-6,88,2021-08-05 05:35:00,510876
Andrii Selin_1409008162,Andrii Selin,-2,0,27,41,-14,68,2021-08-05 05:50:00,510877
Oleksandr Kovalchuk_145759,Oleksandr Kovalchuk,-2,0,37,43,-6,80,2021-08-05 05:55:00,510878
Borys Kostiuk_145745,Borys Kostiuk,1,1,48,46,2,94,2021-08-05 06:05:00,510879
Dmytro Arzanov_1966964784,Dmytro Arzanov,2,1,40,32,8,72,2021-08-05 06:20:00,510880
Ilya Kanunnikov_145760,Ilya Kanunnikov,-3,0,18,33,-15,51,2021-08-05 06:25:00,510881
Serhii Sokolov_145746,Serhii Sokolov,1,1,47,45,2,92,2021-08-05 06:35:00,510882
Oleksii Metla_1281090781,Oleksii Metla,2,1,45,38,7,83,2021-08-05 06:50:00,510883
Oleksandr Kovalchuk_145761,Oleksandr Kovalchuk,-1,0,49,48,1,97,2021-08-05 06:55:00,510884
Oleksandr Lysenko_145747,Oleksandr Lysenko,1,1,46,42,4,88,2021-08-05 07:05:00,510885
Oleksandr Mishchenko_145762,Oleksandr Mishchenko,1,1,48,46,2,94,2021-08-05 07:25:00,510886
O Belugin_113760,O Belugin,1,1,48,36,12,84,2021-08-05 07:35:00,510887
V Bazilevskiy_113799,V Bazilevskiy,-1,0,40,50,-10,90,2021-08-05 07:47:00,510888
V Nemashkalo_113726,V Nemashkalo,1,1,51,49,2,100,2021-08-05 07:48:00,510889
Bohdan Kohut_1777312150,Bohdan Kohut,1,1,46,50,-4,96,2021-08-05 07:50:00,510890
Stanislav Nikolenko_146069,Stanislav Nikolenko,3,1,37,28,9,65,2021-08-05 07:50:00,510891
Ihor Kuznetsov_1113411815,Ihor Kuznetsov,-1,0,38,49,-11,87,2021-08-05 07:55:00,510892
Tetyana Mudrak_145849,Tetyana Mudrak,2,1,52,45,7,97,2021-08-05 08:00:00,510893
V Vologzhanin_113761,V Vologzhanin,3,1,38,26,12,64,2021-08-05 08:01:00,510894
Kostiantyn Kovalchuk_145864,Kostiantyn Kovalchuk,3,1,34,23,11,57,2021-08-05 08:05:00,510895
Valeriia Stepanovska_145879,Valeriia Stepanovska,3,1,36,28,8,64,2021-08-05 08:10:00,510896
Anatolii Kostenko_145889,Anatolii Kostenko,3,1,33,9,24,42,2021-08-05 08:15:00,510897
I Tolmachev_113800,I Tolmachev,1,1,49,52,-3,101,2021-08-05 08:19:00,510898
Vitaly Boyko_146070,Vitaly Boyko,2,1,44,34,10,78,2021-08-05 08:20:00,510899
A Savinskiy_113727,A Savinskiy,3,1,33,17,16,50,2021-08-05 08:23:00,510900
Serhii Boiko_1359178870,Serhii Boiko,-2,0,22,42,-20,64,2021-08-05 08:25:00,510901
A Bogomolov_113762,A Bogomolov,-2,0,31,42,-11,73,2021-08-05 08:29:00,510902
Oleh Obidnyi_434846906,Oleh Obidnyi,-3,0,25,33,-8,58,2021-08-05 08:30:00,510903
Yaroslava Pachich_145850,Yaroslava Pachich,3,1,33,19,14,52,2021-08-05 08:30:00,510904
Ruslan Tolstykh_145865,Ruslan Tolstykh,-2,0,39,45,-6,84,2021-08-05 08:35:00,510905
Bohdan Sinkevych_985290441,Bohdan Sinkevych,-1,0,52,49,3,101,2021-08-05 08:35:00,510906
Oleksandra Tsiupko_145880,Oleksandra Tsiupko,1,1,49,52,-3,101,2021-08-05 08:40:00,510907
Olena Telezhynska_1312174858,Olena Telezhynska,-3,0,25,37,-12,62,2021-08-05 08:40:00,510908
Serhii Semenets_145890,Serhii Semenets,2,1,47,30,17,77,2021-08-05 08:45:00,510909
V Sinkovskiy_113728,V Sinkovskiy,-2,0,37,41,-4,78,2021-08-05 08:46:00,510910
Andrii Nakliutskyi_146071,Andrii Nakliutskyi,3,1,33,23,10,56,2021-08-05 08:50:00,510911
Oleksandr Hainovskyi_1971925639,Oleksandr Hainovskyi,2,1,38,29,9,67,2021-08-05 08:50:00,510912
Dmytro Alekseenko_1293210286,Dmytro Alekseenko,1,1,52,44,8,96,2021-08-05 08:55:00,510913
K Olshakov_113801,K Olshakov,3,1,34,25,9,59,2021-08-05 08:55:00,510914
Nataliia Kosmina_145959,Nataliia Kosmina,-3,0,15,33,-18,48,2021-08-05 08:55:00,510915
Davyd Symonchuk_823097791,Davyd Symonchuk,-1,0,54,54,0,108,2021-08-05 08:55:00,510916
Filip Vesely_146063,Filip Vesely,-3,0,23,33,-10,56,2021-08-05 09:00:00,510917
Iryna Tiutiunyk_145851,Iryna Tiutiunyk,-3,0,20,33,-13,53,2021-08-05 09:00:00,510918
Serhii Hohenko_2114257694,Serhii Hohenko,2,1,41,40,1,81,2021-08-05 09:00:00,510919
A Merezhko_113763,A Merezhko,2,1,45,31,14,76,2021-08-05 09:00:00,510920
Nikolay Bondarenko_573650865,Nikolay Bondarenko,3,1,37,26,11,63,2021-08-05 09:05:00,510921
Oleksii Korobov_145866,Oleksii Korobov,-3,0,24,33,-9,57,2021-08-05 09:05:00,510922
Ji Louda_25438,Ji Louda,-2,0,40,48,-8,88,2021-08-05 09:09:00,510923
Oleksandr Tuzhylin_860967236,Oleksandr Tuzhylin,2,1,40,32,8,72,2021-08-05 09:10:00,510924
Valeriia Stepanovska_145881,Valeriia Stepanovska,3,1,33,20,13,53,2021-08-05 09:10:00,510925
D Kolesnikov_113802,D Kolesnikov,-2,0,39,42,-3,81,2021-08-05 09:15:00,510926
Vitalii Mukhin_145891,Vitalii Mukhin,3,1,33,19,14,52,2021-08-05 09:15:00,510927
Olga Melnyk_1775939713,Olga Melnyk,1,1,49,44,5,93,2021-08-05 09:15:00,510928
I Pandur_113729,I Pandur,-1,0,35,47,-12,82,2021-08-05 09:16:00,510929
Vitaly Boyko_146072,Vitaly Boyko,-1,0,47,44,3,91,2021-08-05 09:20:00,510930
Valeriy Pechenyuk_146102,Valeriy Pechenyuk,1,1,52,40,12,92,2021-08-05 09:20:00,510931
Roksolana Kurdova_145960,Roksolana Kurdova,-2,0,25,42,-17,67,2021-08-05 09:25:00,510932
Dmytro Kalyniuk_1902077849,Dmytro Kalyniuk,-1,0,46,43,3,89,2021-08-05 09:25:00,510933
Valentyn Korovychenko_79765176,Valentyn Korovychenko,-1,0,47,46,1,93,2021-08-05 09:30:00,510934
Yaroslava Pachich_145852,Yaroslava Pachich,-1,0,46,46,0,92,2021-08-05 09:30:00,510935
A Bogomolov_113764,A Bogomolov,2,1,40,29,11,69,2021-08-05 09:30:00,510936
Eduard Rubtsov_1189467017,Eduard Rubtsov,3,1,34,21,13,55,2021-08-05 09:30:00,510937
Petr Semrad_146064,Petr Semrad,1,1,52,49,3,101,2021-08-05 09:30:00,510938
Ruslan Tolstykh_145867,Ruslan Tolstykh,3,1,34,24,10,58,2021-08-05 09:35:00,510939
Serhii Boiko_750066366,Serhii Boiko,2,1,40,40,0,80,2021-08-05 09:35:00,510940
T Batthyany_25439,T Batthyany,-2,0,42,37,5,79,2021-08-05 09:37:00,510941
Svitlana Yureneva_145882,Svitlana Yureneva,-1,0,44,48,-4,92,2021-08-05 09:40:00,510942
Oleh Obidnyi_1074933842,Oleh Obidnyi,-1,0,44,45,-1,89,2021-08-05 09:40:00,510943
Serhii Semenets_145892,Serhii Semenets,-3,0,31,37,-6,68,2021-08-05 09:45:00,510944
Bohdan Sinkevych_1089851743,Bohdan Sinkevych,1,1,51,53,-2,104,2021-08-05 09:45:00,510945
V Sinkovskiy_113730,V Sinkovskiy,-2,0,42,46,-4,88,2021-08-05 09:46:00,510946
K Olshakov_113803,K Olshakov,-1,0,51,48,3,99,2021-08-05 09:46:00,510947
Stanislav Nikolenko_145838,Stanislav Nikolenko,-2,0,35,43,-8,78,2021-08-05 09:50:00,510948
Olena Telezhynska_1928450371,Olena Telezhynska,-2,0,27,41,-14,68,2021-08-05 09:50:00,510949
Oleksandr Goncharuk_146103,Oleksandr Goncharuk,-2,0,34,40,-6,74,2021-08-05 09:50:00,510950
Nataliia Kosmina_145961,Nataliia Kosmina,-3,0,22,37,-15,59,2021-08-05 09:55:00,510951
Tetyana Mudrak_145853,Tetyana Mudrak,3,1,33,15,18,48,2021-08-05 10:00:00,510952
Oleksandr Hainovskyi_787582931,Oleksandr Hainovskyi,2,1,42,27,15,69,2021-08-05 10:00:00,510953
Petr Semrad_146065,Petr Semrad,3,1,40,32,8,72,2021-08-05 10:00:00,510954
K Brozik_25440,K Brozik,2,1,37,34,3,71,2021-08-05 10:00:00,510955
V Vologzhanin_113765,V Vologzhanin,3,1,35,16,19,51,2021-08-05 10:01:00,510956
Kostiantyn Kovalchuk_145868,Kostiantyn Kovalchuk,-2,0,34,41,-7,75,2021-08-05 10:05:00,510957
Dmytro Alekseenko_463499285,Dmytro Alekseenko,3,1,35,20,15,55,2021-08-05 10:05:00,510958
Mykola Lytvynenko_1029200787,Mykola Lytvynenko,-1,0,44,43,1,87,2021-08-05 10:05:00,510959
Oleksandra Tsiupko_145883,Oleksandra Tsiupko,-3,0,12,33,-21,45,2021-08-05 10:10:00,510960
Bohdan Kohut_1883815131,Bohdan Kohut,2,1,37,32,5,69,2021-08-05 10:10:00,510961
A Savinskiy_113731,A Savinskiy,-2,0,37,42,-5,79,2021-08-05 10:15:00,510962
Anatolii Kostenko_145893,Anatolii Kostenko,1,1,50,50,0,100,2021-08-05 10:15:00,510963
Ihor Kuznetsov_1049511257,Ihor Kuznetsov,2,1,42,35,7,77,2021-08-05 10:15:00,510964
Anton Limonov_1757927933,Anton Limonov,3,1,33,17,16,50,2021-08-05 10:20:00,510965
Oleksandr Hordiichuk_146073,Oleksandr Hordiichuk,3,1,33,23,10,56,2021-08-05 10:20:00,510966
I Tolmachev_113804,I Tolmachev,1,1,44,47,-3,91,2021-08-05 10:20:00,510967
Valerii Shepil_146104,Valerii Shepil,1,1,47,42,5,89,2021-08-05 10:20:00,510968
Yuliia Tryhub_145962,Yuliia Tryhub,1,1,52,49,3,101,2021-08-05 10:25:00,510969
Halyna Telna_815474603,Halyna Telna,3,1,34,27,7,61,2021-08-05 10:25:00,510970
A Bogomolov_113852,A Bogomolov,2,1,42,33,9,75,2021-08-05 10:29:00,510971
Filip Vesely_146066,Filip Vesely,1,1,43,45,-2,88,2021-08-05 10:30:00,510972
R Rose_25441,R Rose,1,1,38,40,-2,78,2021-08-05 10:30:00,510973
Olha Kurpa_145854,Olha Kurpa,-2,0,41,39,2,80,2021-08-05 10:30:00,510974
Volodymyr Vasiukov_145869,Volodymyr Vasiukov,-2,0,33,42,-9,75,2021-08-05 10:35:00,510975
Roman Pinchuk_1665443863,Roman Pinchuk,-3,0,25,38,-13,63,2021-08-05 10:35:00,510976
Valentyn Korovychenko_175997363,Valentyn Korovychenko,-3,0,22,33,-11,55,2021-08-05 10:40:00,510977
Andrii Kostiuk_1350503291,Andrii Kostiuk,-3,0,22,33,-11,55,2021-08-05 10:40:00,510978
Valeriia Stepanovska_145884,Valeriia Stepanovska,2,1,42,28,14,70,2021-08-05 10:40:00,510979
Oleh Pereguda_145894,Oleh Pereguda,1,1,53,47,6,100,2021-08-05 10:45:00,510980
Yurii Teteria_2014016520,Yurii Teteria,-2,0,34,43,-9,77,2021-08-05 10:45:00,510981
V Sinkovskiy_113854,V Sinkovskiy,-3,0,23,35,-12,58,2021-08-05 10:46:00,510982
Andrii Nakliutskyi_146074,Andrii Nakliutskyi,3,1,33,22,11,55,2021-08-05 10:50:00,510983
Valeriy Pechenyuk_146105,Valeriy Pechenyuk,-2,0,38,40,-2,78,2021-08-05 10:50:00,510984
Borys Buriak_418545395,Borys Buriak,1,1,51,42,9,93,2021-08-05 10:50:00,510985
Oleksandr Tuzhylin_1453474169,Oleksandr Tuzhylin,-3,0,21,33,-12,54,2021-08-05 10:55:00,510986
Roksolana Kurdova_145963,Roksolana Kurdova,3,1,33,18,15,51,2021-08-05 10:55:00,510987
V Bazilevskiy_113856,V Bazilevskiy,-2,0,33,37,-4,70,2021-08-05 10:56:00,510988
O Belugin_113853,O Belugin,-3,0,13,33,-20,46,2021-08-05 10:59:00,510989
Olga Melnyk_957191814,Olga Melnyk,-3,0,16,33,-17,49,2021-08-05 11:00:00,510990
Dominik Horak_146067,Dominik Horak,2,1,43,37,6,80,2021-08-05 11:00:00,510991
Iryna Tiutiunyk_145855,Iryna Tiutiunyk,-2,0,44,46,-2,90,2021-08-05 11:00:00,510992
K Brozik_25442,K Brozik,-2,0,30,41,-11,71,2021-08-05 11:01:00,510993
Oleksii Korobov_145870,Oleksii Korobov,2,1,42,31,11,73,2021-08-05 11:05:00,510994
Dmytro Kalyniuk_510393340,Dmytro Kalyniuk,1,1,53,47,6,100,2021-08-05 11:10:00,510995
Oleksandra Tsiupko_145885,Oleksandra Tsiupko,-3,0,22,33,-11,55,2021-08-05 11:10:00,510996
Vitalii Mukhin_145895,Vitalii Mukhin,-3,0,25,33,-8,58,2021-08-05 11:15:00,510997
A Savinskiy_113855,A Savinskiy,1,1,50,48,2,98,2021-08-05 11:15:00,510998
Eduard Rubtsov_1129685892,Eduard Rubtsov,-3,0,25,33,-8,58,2021-08-05 11:15:00,510999
Davyd Symonchuk_1191082096,Davyd Symonchuk,1,1,52,49,3,101,2021-08-05 11:15:00,511000
Vitaly Boyko_146075,Vitaly Boyko,-1,0,51,56,-5,107,2021-08-05 11:20:00,511001
D Kolesnikov_113857,D Kolesnikov,1,1,49,47,2,96,2021-08-05 11:20:00,511002
Serhii Hohenko_942466089,Serhii Hohenko,2,1,42,35,7,77,2021-08-05 11:20:00,511003
Oleksandr Goncharuk_146106,Oleksandr Goncharuk,-2,0,37,44,-7,81,2021-08-05 11:20:00,511004
Nataliia Kosmina_145964,Nataliia Kosmina,-2,0,29,38,-9,67,2021-08-05 11:25:00,511005
Nikolay Bondarenko_390213797,Nikolay Bondarenko,-2,0,30,40,-10,70,2021-08-05 11:25:00,511006
A Ekzhanov_113766,A Ekzhanov,-1,0,42,45,-3,87,2021-08-05 11:30:00,511007
Bohdan Sinkevych_216636044,Bohdan Sinkevych,-3,0,11,33,-22,44,2021-08-05 11:30:00,511008
Filip Vesely_146068,Filip Vesely,-3,0,21,33,-12,54,2021-08-05 11:30:00,511009
Yaroslava Pachich_145856,Yaroslava Pachich,-1,0,47,50,-3,97,2021-08-05 11:30:00,511010
T Batthyany_25443,T Batthyany,-3,0,21,33,-12,54,2021-08-05 11:31:00,511011
E Makarenkov_113640,E Makarenkov,-1,0,58,59,-1,117,2021-08-05 11:31:00,511012
Ruslan Tolstykh_145871,Ruslan Tolstykh,2,1,40,26,14,66,2021-08-05 11:35:00,511013
Olena Telezhynska_1241731101,Olena Telezhynska,-3,0,19,33,-14,52,2021-08-05 11:35:00,511014
Svitlana Yureneva_145886,Svitlana Yureneva,-1,0,37,52,-15,89,2021-08-05 11:40:00,511015
Oleksandr Hainovskyi_1054451191,Oleksandr Hainovskyi,1,1,57,53,4,110,2021-08-05 11:45:00,511016
Serhii Semenets_145896,Serhii Semenets,-2,0,38,40,-2,78,2021-08-05 11:45:00,511017
Stanislav Nikolenko_146076,Stanislav Nikolenko,-1,0,49,46,3,95,2021-08-05 11:50:00,511018
Valeriy Pechenyuk_146107,Valeriy Pechenyuk,-2,0,36,44,-8,80,2021-08-05 11:50:00,511019
Dmytro Alekseenko_1137835821,Dmytro Alekseenko,3,1,34,21,13,55,2021-08-05 11:50:00,511020
Sergey Filatov_1780535169,Sergey Filatov,-2,0,39,44,-5,83,2021-08-05 11:50:00,511021
M Ilichev_113732,M Ilichev,2,1,41,30,11,71,2021-08-05 11:51:00,511022
A Shirshov_113805,A Shirshov,2,1,37,32,5,69,2021-08-05 11:53:00,511023
Serhii Boiko_725822193,Serhii Boiko,1,1,47,51,-4,98,2021-08-05 11:55:00,511024
Roksolana Kurdova_145965,Roksolana Kurdova,2,1,43,33,10,76,2021-08-05 11:55:00,511025
Dominik Horak_146321,Dominik Horak,2,1,39,37,2,76,2021-08-05 12:00:00,511026
Oleh Obidnyi_604736209,Oleh Obidnyi,-1,0,47,53,-6,100,2021-08-05 12:00:00,511027
Tetyana Mudrak_145857,Tetyana Mudrak,-2,0,45,55,-10,100,2021-08-05 12:00:00,511028
T Batthyany_25492,T Batthyany,-3,0,23,33,-10,56,2021-08-05 12:01:00,511029
Anton Limonov_37084296,Anton Limonov,2,1,36,35,1,71,2021-08-05 12:05:00,511030
Kostiantyn Kovalchuk_145872,Kostiantyn Kovalchuk,-3,0,24,33,-9,57,2021-08-05 12:05:00,511031
A Kazakov_113767,A Kazakov,1,1,50,38,12,88,2021-08-05 12:08:00,511032
Valeriia Stepanovska_145887,Valeriia Stepanovska,3,1,33,10,23,43,2021-08-05 12:10:00,511033
Halyna Telna_980589504,Halyna Telna,2,1,44,35,9,79,2021-08-05 12:10:00,511034
E Kalashnikov_113733,E Kalashnikov,2,1,39,34,5,73,2021-08-05 12:18:00,511035
Roman Pinchuk_2043662539,Roman Pinchuk,1,1,55,47,8,102,2021-08-05 12:20:00,511036
Valerii Shepil_146108,Valerii Shepil,-2,0,35,38,-3,73,2021-08-05 12:20:00,511037
Oleksandr Hordiichuk_146077,Oleksandr Hordiichuk,-2,0,31,39,-8,70,2021-08-05 12:20:00,511038
Andrii Kostiuk_1807170995,Andrii Kostiuk,1,1,53,48,5,101,2021-08-05 12:25:00,511039
Yuliia Tryhub_145966,Yuliia Tryhub,2,1,40,35,5,75,2021-08-05 12:25:00,511040
removed Player_113806,removed Player,2,1,41,32,9,73,2021-08-05 12:25:00,511041
Mykola Lytvynenko_282614619,Mykola Lytvynenko,-3,0,17,33,-16,50,2021-08-05 12:25:00,511042
Olha Kurpa_145858,Olha Kurpa,3,1,33,14,19,47,2021-08-05 12:30:00,511043
K Brozik_25493,K Brozik,1,1,58,59,-1,117,2021-08-05 12:30:00,511044
Frantisek Korenek_146322,Frantisek Korenek,1,1,45,47,-2,92,2021-08-05 12:30:00,511045
Bohdan Kohut_1296636542,Bohdan Kohut,1,1,50,49,1,99,2021-08-05 12:30:00,511046
Volodymyr Vasiukov_145873,Volodymyr Vasiukov,3,1,34,26,8,60,2021-08-05 12:35:00,511047
Ihor Kuznetsov_904849249,Ihor Kuznetsov,-1,0,51,58,-7,109,2021-08-05 12:35:00,511048
Oleksandr Tuzhylin_441195389,Oleksandr Tuzhylin,-2,0,42,49,-7,91,2021-08-05 12:40:00,511049
Alina Novosad_145888,Alina Novosad,-1,0,51,53,-2,104,2021-08-05 12:40:00,511050
A Mohnachev_113768,A Mohnachev,1,1,51,44,7,95,2021-08-05 12:43:00,511051
Olga Melnyk_1442320703,Olga Melnyk,-2,0,34,42,-8,76,2021-08-05 12:45:00,511052
Oleh Pereguda_145898,Oleh Pereguda,2,1,41,32,9,73,2021-08-05 12:45:00,511053
E Glazun_113734,E Glazun,-1,0,45,48,-3,93,2021-08-05 12:46:00,511054
Oleksandr Goncharuk_146109,Oleksandr Goncharuk,3,1,34,19,15,53,2021-08-05 12:50:00,511055
Andrii Nakliutskyi_146078,Andrii Nakliutskyi,2,1,43,34,9,77,2021-08-05 12:50:00,511056
M Pronkin_113807,M Pronkin,-3,0,25,34,-9,59,2021-08-05 12:51:00,511057
Dmytro Kalyniuk_1594073450,Dmytro Kalyniuk,-1,0,45,47,-2,92,2021-08-05 12:55:00,511058
Nataliia Kosmina_145967,Nataliia Kosmina,-3,0,14,33,-19,47,2021-08-05 12:55:00,511059
Iryna Tiutiunyk_145859,Iryna Tiutiunyk,-1,0,43,52,-9,95,2021-08-05 13:00:00,511060
Krystof Prida_146081,Krystof Prida,-3,0,19,33,-14,52,2021-08-05 13:00:00,511061
Valentyn Korovychenko_2032699212,Valentyn Korovychenko,-3,0,27,37,-10,64,2021-08-05 13:00:00,511062
Eduard Rubtsov_1292075649,Eduard Rubtsov,1,1,55,55,0,110,2021-08-05 13:00:00,511063
Yurii Teteria_728297455,Yurii Teteria,-3,0,21,33,-12,54,2021-08-05 13:05:00,511064
Oleksii Korobov_145874,Oleksii Korobov,-3,0,18,33,-15,51,2021-08-05 13:05:00,511065
Borys Buriak_1029364854,Borys Buriak,-2,0,36,38,-2,74,2021-08-05 13:10:00,511066
jr. Hruska_25444,jr. Hruska,-1,0,39,49,-10,88,2021-08-05 13:12:00,511067
V Kutin_113769,V Kutin,-1,0,41,42,-1,83,2021-08-05 13:14:00,511068
Dmytro Yaremchuk_2073955578,Dmytro Yaremchuk,-2,0,32,41,-9,73,2021-08-05 13:15:00,511069
A Girevenkov_113735,A Girevenkov,2,1,40,30,10,70,2021-08-05 13:16:00,511070
V Rahmanov_113808,V Rahmanov,2,1,40,28,12,68,2021-08-05 13:19:00,511071
Stepan Grygorenko_146110,Stepan Grygorenko,-2,0,23,39,-16,62,2021-08-05 13:20:00,511072
Stanislav Nikolenko_145845,Stanislav Nikolenko,-2,0,31,42,-11,73,2021-08-05 13:20:00,511073
Elena Pentuk_1381642491,Elena Pentuk,1,1,45,49,-4,94,2021-08-05 13:20:00,511074
Anastasiia Ostapenko_145968,Anastasiia Ostapenko,-2,0,32,39,-7,71,2021-08-05 13:25:00,511075
Oleg Savenkov_1498120415,Oleg Savenkov,2,1,46,37,9,83,2021-08-05 13:30:00,511076
Tomas Vorisek_146082,Tomas Vorisek,-1,0,43,49,-6,92,2021-08-05 13:30:00,511077
Tetyana Mudrak_145860,Tetyana Mudrak,1,1,50,48,2,98,2021-08-05 13:30:00,511078
Rodion Pirveli_925565933,Rodion Pirveli,2,1,47,38,9,85,2021-08-05 13:35:00,511079
Davyd Symonchuk_523858639,Davyd Symonchuk,-3,0,24,36,-12,60,2021-08-05 13:35:00,511080
Alina Novosad_146323,Alina Novosad,1,1,52,41,11,93,2021-08-05 13:35:00,511081
Kostiantyn Kovalchuk_145875,Kostiantyn Kovalchuk,1,1,50,49,1,99,2021-08-05 13:35:00,511082
Serhii Hohenko_299457611,Serhii Hohenko,2,1,40,24,16,64,2021-08-05 13:40:00,511083
L Souchek_25445,L Souchek,2,1,44,36,8,80,2021-08-05 13:41:00,511084
Anatolii Kostenko_145900,Anatolii Kostenko,2,1,41,30,11,71,2021-08-05 13:45:00,511085
Nikolay Bondarenko_1284038465,Nikolay Bondarenko,-3,0,29,35,-6,64,2021-08-05 13:45:00,511086
E Glazun_113736,E Glazun,3,1,35,23,12,58,2021-08-05 13:46:00,511087
A Mohnachev_113770,A Mohnachev,-2,0,28,37,-9,65,2021-08-05 13:47:00,511088
M Pronkin_113809,M Pronkin,-1,0,50,49,1,99,2021-08-05 13:47:00,511089
Bohdan Sinkevych_1828856188,Bohdan Sinkevych,-2,0,29,37,-8,66,2021-08-05 13:50:00,511090
Serhii Rak_146079,Serhii Rak,2,1,36,31,5,67,2021-08-05 13:50:00,511091
Olena Telezhynska_323135359,Olena Telezhynska,2,1,42,38,4,80,2021-08-05 13:55:00,511092
Nadiia Kovtun_145861,Nadiia Kovtun,1,1,53,37,16,90,2021-08-05 14:00:00,511093
Valeriy Pechenyuk_146325,Valeriy Pechenyuk,3,1,34,26,8,60,2021-08-05 14:00:00,511094
Tomas Vorisek_146083,Tomas Vorisek,-2,0,25,41,-16,66,2021-08-05 14:00:00,511095
Oleksandr Hainovskyi_1599388493,Oleksandr Hainovskyi,-2,0,33,42,-9,75,2021-08-05 14:05:00,511096
Olena Nalisnikovska_146324,Olena Nalisnikovska,2,1,46,36,10,82,2021-08-05 14:05:00,511097
Yuliia Tryhub_146327,Yuliia Tryhub,3,1,36,22,14,58,2021-08-05 14:05:00,511098
Hennadii Portnov_145876,Hennadii Portnov,2,1,47,30,17,77,2021-08-05 14:05:00,511099
Dmytro Alekseenko_1889725423,Dmytro Alekseenko,-1,0,50,50,0,100,2021-08-05 14:10:00,511100
Sergey Filatov_355555116,Sergey Filatov,1,1,51,46,5,97,2021-08-05 14:10:00,511101
M Protiva_25446,M Protiva,-1,0,45,48,-3,93,2021-08-05 14:11:00,511102
A Kazakov_113771,A Kazakov,1,1,45,40,5,85,2021-08-05 14:14:00,511103
Bohdan Kohut_1826408496,Bohdan Kohut,3,1,34,23,11,57,2021-08-05 14:15:00,511104
E Kalashnikov_113737,E Kalashnikov,-3,0,28,37,-9,65,2021-08-05 14:16:00,511105
Ihor Kuznetsov_499054304,Ihor Kuznetsov,2,1,40,33,7,73,2021-08-05 14:20:00,511106
Stanislav Nikolenko_146080,Stanislav Nikolenko,2,1,45,42,3,87,2021-08-05 14:20:00,511107
removed Player_113810,removed Player,-3,0,21,33,-12,54,2021-08-05 14:21:00,511108
Oleksandr Tuzhylin_1493604056,Oleksandr Tuzhylin,-3,0,24,34,-10,58,2021-08-05 14:25:00,511109
Tetyana Mudrak_145862,Tetyana Mudrak,-1,0,36,50,-14,86,2021-08-05 14:30:00,511110
Vitalii Vasko_146326,Vitalii Vasko,1,1,54,40,14,94,2021-08-05 14:30:00,511111
Krystof Prida_146084,Krystof Prida,-2,0,28,41,-13,69,2021-08-05 14:30:00,511112
Olena Telezhynska_1704806879,Olena Telezhynska,-2,0,33,41,-8,74,2021-08-05 14:30:00,511113
Kostiantyn Kovalchuk_145877,Kostiantyn Kovalchuk,2,1,38,36,2,74,2021-08-05 14:35:00,511114
Yevheniia Severyna_146328,Yevheniia Severyna,1,1,54,49,5,103,2021-08-05 14:35:00,511115
Dmytro Kalyniuk_1383118688,Dmytro Kalyniuk,-2,0,34,43,-9,77,2021-08-05 14:40:00,511116
P Macela_25447,P Macela,2,1,39,20,19,59,2021-08-05 14:44:00,511117
Anatolii Kostenko_145902,Anatolii Kostenko,1,1,51,42,9,93,2021-08-05 14:45:00,511118
Mykola Lytvynenko_270278507,Mykola Lytvynenko,-2,0,33,38,-5,71,2021-08-05 14:45:00,511119
Andrii Kostiuk_1075717050,Andrii Kostiuk,2,1,39,23,16,62,2021-08-05 14:45:00,511120
E Kalashnikov_113892,E Kalashnikov,-1,0,39,51,-12,90,2021-08-05 14:46:00,511121
A Ekzhanov_113896,A Ekzhanov,2,1,37,29,8,66,2021-08-05 14:46:00,511122
M Pronkin_113894,M Pronkin,-2,0,32,43,-11,75,2021-08-05 14:49:00,511123
Oleksii Krutko_872598038,Oleksii Krutko,1,1,44,43,1,87,2021-08-05 14:50:00,511124
Vitaly Boyko_145848,Vitaly Boyko,2,1,41,28,13,69,2021-08-05 14:50:00,511125
Artem Nesterenko_1889206425,Artem Nesterenko,1,1,51,52,-1,103,2021-08-05 14:55:00,511126
Yaroslava Pachich_145863,Yaroslava Pachich,2,1,40,30,10,70,2021-08-05 15:00:00,511127
Vitalii Lievshin_998114360,Vitalii Lievshin,-1,0,41,47,-6,88,2021-08-05 15:00:00,511128
David Prusa_146085,David Prusa,-1,0,42,45,-3,87,2021-08-05 15:00:00,511129
Ruslan Tolstykh_145878,Ruslan Tolstykh,3,1,33,19,14,52,2021-08-05 15:05:00,511130
Elena Pentuk_1421567940,Elena Pentuk,-3,0,25,34,-9,59,2021-08-05 15:05:00,511131
M Protiva_25448,M Protiva,2,1,38,28,10,66,2021-08-05 15:06:00,511132
V Kutin_113897,V Kutin,2,1,41,26,15,67,2021-08-05 15:11:00,511133
Oleg Savenkov_174382770,Oleg Savenkov,3,1,33,18,15,51,2021-08-05 15:15:00,511134
Serhii Semenets_145903,Serhii Semenets,-1,0,46,53,-7,99,2021-08-05 15:15:00,511135
E Glazun_113893,E Glazun,3,1,33,15,18,48,2021-08-05 15:16:00,511136
V Rahmanov_113895,V Rahmanov,-1,0,59,64,-5,123,2021-08-05 15:17:00,511137
Dmytro Alekseenko_1889690577,Dmytro Alekseenko,2,1,40,33,7,73,2021-08-05 15:20:00,511138
Yaroslav Tebenko_145934,Yaroslav Tebenko,1,1,60,53,7,113,2021-08-05 15:20:00,511139
Davyd Symonchuk_2004060535,Davyd Symonchuk,2,1,40,36,4,76,2021-08-05 15:20:00,511140
Bohdan Kohut_1195703105,Bohdan Kohut,-3,0,23,33,-10,56,2021-08-05 15:25:00,511141
L Souchek_25449,L Souchek,3,1,33,16,17,49,2021-08-05 15:29:00,511142
Krystof Prida_146086,Krystof Prida,1,1,50,45,5,95,2021-08-05 15:30:00,511143
Andrii Martyniuk_145949,Andrii Martyniuk,3,1,35,28,7,63,2021-08-05 15:30:00,511144
Ihor Kuznetsov_739667822,Ihor Kuznetsov,2,1,41,31,10,72,2021-08-05 15:30:00,511145
Andrii Baklykov_839919169,Andrii Baklykov,-2,0,34,45,-11,79,2021-08-05 15:35:00,511146
Serhii Tkachev_145969,Serhii Tkachev,-1,0,51,54,-3,105,2021-08-05 15:35:00,511147
A Alekseyev_113772,A Alekseyev,1,1,54,48,6,102,2021-08-05 15:38:00,511148
Dmytro Baistriuchenko_1872794464,Dmytro Baistriuchenko,-2,0,27,42,-15,69,2021-08-05 15:40:00,511149
Kateryna Hubska_145979,Kateryna Hubska,2,1,40,33,7,73,2021-08-05 15:40:00,511150
Igor Gatsenko_145994,Igor Gatsenko,3,1,35,27,8,62,2021-08-05 15:45:00,511151
Mi Aleksandrovskiy_113738,Mi Aleksandrovskiy,1,1,45,40,5,85,2021-08-05 15:45:00,511152
Petro Tsolik_771250031,Petro Tsolik,-3,0,18,33,-15,51,2021-08-05 15:50:00,511153
Roman Mazur_145935,Roman Mazur,-1,0,42,48,-6,90,2021-08-05 15:50:00,511154
Roman Reznichenko_258122358,Roman Reznichenko,1,1,44,46,-2,90,2021-08-05 15:55:00,511155
Oleksandr Zhukovskyi_1904085436,Oleksandr Zhukovskyi,-3,0,18,33,-15,51,2021-08-05 15:55:00,511156
Yevhen Churpita_145950,Yevhen Churpita,-3,0,24,34,-10,58,2021-08-05 16:00:00,511157
Serhii Boiko_1271390753,Serhii Boiko,2,1,42,28,14,70,2021-08-05 16:00:00,511158
jr. Hruska_25494,jr. Hruska,3,1,33,12,21,45,2021-08-05 16:01:00,511159
Ilya Kanunnikov_145970,Ilya Kanunnikov,-3,0,24,34,-10,58,2021-08-05 16:05:00,511160
Oleh Obidnyi_212312095,Oleh Obidnyi,-2,0,33,38,-5,71,2021-08-05 16:05:00,511161
Anatolii Lievshin_1765977667,Anatolii Lievshin,3,1,33,21,12,54,2021-08-05 16:10:00,511162
Svitlana Babushkina_145980,Svitlana Babushkina,2,1,42,26,16,68,2021-08-05 16:10:00,511163
Tomas Vorisek_146329,Tomas Vorisek,1,1,51,35,16,86,2021-08-05 16:15:00,511164
Nikita Zinov_1814932116,Nikita Zinov,-1,0,43,48,-5,91,2021-08-05 16:15:00,511165
I Kovalev_113739,I Kovalev,-1,0,43,47,-4,90,2021-08-05 16:17:00,511166
S Muslikov_113773,S Muslikov,-1,0,49,50,-1,99,2021-08-05 16:18:00,511167
Ihor Kvak_145936,Ihor Kvak,-3,0,18,34,-16,52,2021-08-05 16:20:00,511168
Serhij Maksymiv_1512614488,Serhij Maksymiv,1,1,49,45,4,94,2021-08-05 16:25:00,511169
Oleksandr Lykhytskyi_146009,Oleksandr Lykhytskyi,2,1,37,35,2,72,2021-08-05 16:25:00,511170
P Macela_25495,P Macela,-1,0,45,45,0,90,2021-08-05 16:30:00,511171
Davyd Symonchuk_252660271,Davyd Symonchuk,2,1,43,36,7,79,2021-08-05 16:30:00,511172
Andrii Martyniuk_145951,Andrii Martyniuk,1,1,49,49,0,98,2021-08-05 16:30:00,511173
Vadym Grushko_948191264,Vadym Grushko,-2,0,25,42,-17,67,2021-08-05 16:30:00,511174
F Ambrosimov_113812,F Ambrosimov,-3,0,28,36,-8,64,2021-08-05 16:34:00,511175
Yurii Teteria_728044941,Yurii Teteria,-1,0,50,53,-3,103,2021-08-05 16:35:00,511176
Serhii Tkachev_145971,Serhii Tkachev,2,1,43,30,13,73,2021-08-05 16:35:00,511177
Oleh Obidnyi_604596817,Oleh Obidnyi,1,1,46,46,0,92,2021-08-05 16:40:00,511178
Marharyta Saltanovska_145981,Marharyta Saltanovska,-2,0,31,42,-11,73,2021-08-05 16:40:00,511179
Jakub Figel_146330,Jakub Figel,2,1,50,45,5,95,2021-08-05 16:45:00,511180
George Poturidis_145996,George Poturidis,-2,0,30,42,-12,72,2021-08-05 16:45:00,511181
Andrii Baklykov_1384536916,Andrii Baklykov,2,1,47,40,7,87,2021-08-05 16:45:00,511182
Dmytro Baistriuchenko_775146834,Dmytro Baistriuchenko,-1,0,46,50,-4,96,2021-08-05 16:50:00,511183
Roman Mazur_145937,Roman Mazur,-1,0,49,51,-2,100,2021-08-05 16:50:00,511184
S Kulikov_113774,S Kulikov,3,1,33,23,10,56,2021-08-05 16:54:00,511185
S Martyukhin_113740,S Martyukhin,2,1,39,39,0,78,2021-08-05 16:54:00,511186
Valeriy Vlasenko_146010,Valeriy Vlasenko,-2,0,34,42,-8,76,2021-08-05 16:55:00,511187
E Kupryakov_113813,E Kupryakov,2,1,42,32,10,74,2021-08-05 16:58:00,511188
Petro Tsolik_726880286,Petro Tsolik,-1,0,36,50,-14,86,2021-08-05 17:00:00,511189
Eduard Populovskyi_145952,Eduard Populovskyi,1,1,47,43,4,90,2021-08-05 17:00:00,511190
Tomas Beran_146119,Tomas Beran,2,1,46,34,12,80,2021-08-05 17:00:00,511191
Valentyn Korovychenko_1909214784,Valentyn Korovychenko,-1,0,41,49,-8,90,2021-08-05 17:05:00,511192
Roman Reznichenko_316709209,Roman Reznichenko,-1,0,52,51,1,103,2021-08-05 17:05:00,511193
Oleksandr Kovalchuk_145972,Oleksandr Kovalchuk,-1,0,51,54,-3,105,2021-08-05 17:05:00,511194
Z Bilek_25450,Z Bilek,1,1,57,52,5,109,2021-08-05 17:06:00,511195
Serhii Boiko_1271493249,Serhii Boiko,1,1,54,46,8,100,2021-08-05 17:10:00,511196
Svitlana Babushkina_145982,Svitlana Babushkina,2,1,42,22,20,64,2021-08-05 17:10:00,511197
M Sverdlov_113775,M Sverdlov,1,1,48,45,3,93,2021-08-05 17:12:00,511198
I Poletaev_113814,I Poletaev,0,1,0,0,0,0,2021-08-05 17:15:00,511199
Nikolay Bondarenko_20419894,Nikolay Bondarenko,1,1,50,50,0,100,2021-08-05 17:15:00,511200
Yaroslav Tebenko_145938,Yaroslav Tebenko,3,1,38,30,8,68,2021-08-05 17:20:00,511201
Volodymyr Maksiuta_800703265,Volodymyr Maksiuta,-1,0,41,48,-7,89,2021-08-05 17:20:00,511202
Valeriy Petukhov_1845535393,Valeriy Petukhov,2,1,42,30,12,72,2021-08-05 17:25:00,511203
Ruslan Solomko_146011,Ruslan Solomko,2,1,43,30,13,73,2021-08-05 17:25:00,511204
E Kupryakov_113815,E Kupryakov,-1,0,41,46,-5,87,2021-08-05 17:26:00,511205
V Kalachev_113741,V Kalachev,-1,0,41,47,-6,88,2021-08-05 17:26:00,511206
Yevhen Churpita_145953,Yevhen Churpita,-2,0,31,42,-11,73,2021-08-05 17:30:00,511207
Petr Dvorak_146088,Petr Dvorak,2,1,37,28,9,65,2021-08-05 17:30:00,511208
Vitalii Zharskiy_979341052,Vitalii Zharskiy,1,1,49,42,7,91,2021-08-05 17:35:00,511209
Ilya Kanunnikov_145973,Ilya Kanunnikov,3,1,33,15,18,48,2021-08-05 17:35:00,511210
Jo Kutifel_25451,Jo Kutifel,-2,0,29,39,-10,68,2021-08-05 17:38:00,511211
Kateryna Hubska_145983,Kateryna Hubska,2,1,36,35,1,71,2021-08-05 17:40:00,511212
Valentin Zaichenko_580353964,Valentin Zaichenko,1,1,51,40,11,91,2021-08-05 17:40:00,511213
Valentyn Korovychenko_455633801,Valentyn Korovychenko,1,1,50,46,4,96,2021-08-05 17:40:00,511214
Oleksii Krutko_1476126573,Oleksii Krutko,-2,0,39,44,-5,83,2021-08-05 17:45:00,511215
Igor Gatsenko_145998,Igor Gatsenko,1,1,49,41,8,90,2021-08-05 17:45:00,511216
Dmytro Belanchyk_1504466523,Dmytro Belanchyk,1,1,55,53,2,108,2021-08-05 17:50:00,511217
Oleh Chulanov_145939,Oleh Chulanov,3,1,35,22,13,57,2021-08-05 17:50:00,511218
S Kulikov_113776,S Kulikov,-3,0,23,33,-10,56,2021-08-05 17:51:00,511219
Valeriy Vlasenko_146012,Valeriy Vlasenko,-2,0,34,37,-3,71,2021-08-05 17:55:00,511220
Anatolii Lievshin_918058201,Anatolii Lievshin,2,1,46,39,7,85,2021-08-05 17:55:00,511221
S Martyukhin_113742,S Martyukhin,-3,0,20,33,-13,53,2021-08-05 17:58:00,511222
I Poletaev_113932,I Poletaev,2,1,44,38,6,82,2021-08-05 17:58:00,511223
L Souchek_25452,L Souchek,3,1,33,21,12,54,2021-08-05 18:00:00,511224
Andrii Martyniuk_145954,Andrii Martyniuk,2,1,41,30,11,71,2021-08-05 18:00:00,511225
Petr Dvorak_146120,Petr Dvorak,3,1,33,16,17,49,2021-08-05 18:00:00,511226
Nikita Zinov_168100770,Nikita Zinov,3,1,33,23,10,56,2021-08-05 18:00:00,511227
Serhii Tkachev_145974,Serhii Tkachev,-1,0,44,51,-7,95,2021-08-05 18:05:00,511228
Alena Petlenko_145984,Alena Petlenko,1,1,49,44,5,93,2021-08-05 18:10:00,511229
Serhij Maksymiv_1961821824,Serhij Maksymiv,-2,0,37,45,-8,82,2021-08-05 18:10:00,511230
S Muslikov_113777,S Muslikov,-2,0,35,45,-10,80,2021-08-05 18:11:00,511231
F Ambrosimov_113816,F Ambrosimov,0,1,0,0,0,0,2021-08-05 18:15:00,511232
Sergey Filatov_1557390378,Sergey Filatov,3,1,33,17,16,50,2021-08-05 18:15:00,511233
Vadym Grushko_1876895621,Vadym Grushko,-1,0,40,39,1,79,2021-08-05 18:15:00,511234
Bohdan Yurka_145999,Bohdan Yurka,-1,0,46,48,-2,94,2021-08-05 18:15:00,511235
I Kovalev_113743,I Kovalev,3,1,34,27,7,61,2021-08-05 18:18:00,511236
Ihor Kvak_145940,Ihor Kvak,3,1,34,22,12,56,2021-08-05 18:20:00,511237
Dmytro Kryshtal_2132410450,Dmytro Kryshtal,-1,0,49,47,2,96,2021-08-05 18:20:00,511238
Viktor Kikot_1846671513,Viktor Kikot,-3,0,25,35,-10,60,2021-08-05 18:25:00,511239
Oleksandr Lykhytskyi_146013,Oleksandr Lykhytskyi,-2,0,34,41,-7,75,2021-08-05 18:25:00,511240
Andrii Baklykov_652435058,Andrii Baklykov,-1,0,52,50,2,102,2021-08-05 18:30:00,511241
Tomas Beran_146090,Tomas Beran,1,1,50,50,0,100,2021-08-05 18:30:00,511242
Yevhen Churpita_145955,Yevhen Churpita,-2,0,37,43,-6,80,2021-08-05 18:30:00,511243
D Brumlich_25453,D Brumlich,1,1,47,44,3,91,2021-08-05 18:30:00,511244
Ilya Kanunnikov_145975,Ilya Kanunnikov,2,1,39,33,6,72,2021-08-05 18:35:00,511245
Dmytro Baistriuchenko_708618703,Dmytro Baistriuchenko,1,1,46,47,-1,93,2021-08-05 18:35:00,511246
S Muslikov_113945,S Muslikov,-1,0,52,55,-3,107,2021-08-05 18:40:00,511247
Marharyta Saltanovska_145985,Marharyta Saltanovska,-3,0,20,33,-13,53,2021-08-05 18:40:00,511248
George Poturidis_146000,George Poturidis,3,1,41,35,6,76,2021-08-05 18:45:00,511249
Petro Tsolik_827394904,Petro Tsolik,-2,0,30,42,-12,72,2021-08-05 18:45:00,511250
Mi Aleksandrovskiy_113947,Mi Aleksandrovskiy,2,1,39,29,10,68,2021-08-05 18:49:00,511251
Roman Reznichenko_1898690552,Roman Reznichenko,2,1,41,37,4,78,2021-08-05 18:50:00,511252
Roman Mazur_145941,Roman Mazur,-2,0,38,43,-5,81,2021-08-05 18:50:00,511253
Oleksandr Zhukovskyi_1595950442,Oleksandr Zhukovskyi,3,1,33,24,9,57,2021-08-05 18:50:00,511254
Dmytro Derevinskyi_2089855799,Dmytro Derevinskyi,-3,0,28,35,-7,63,2021-08-05 18:55:00,511255
Roman Makarenko_146014,Roman Makarenko,3,1,33,19,14,52,2021-08-05 18:55:00,511256
Viktor Kikot_1748423736,Viktor Kikot,3,1,34,23,11,57,2021-08-05 19:00:00,511257
Eduard Populovskyi_145956,Eduard Populovskyi,-3,0,19,33,-14,52,2021-08-05 19:00:00,511258
Jan Gorecki_146121,Jan Gorecki,3,1,33,19,14,52,2021-08-05 19:00:00,511259
L Souchek_25454,L Souchek,1,1,47,38,9,85,2021-08-05 19:00:00,511260
Oleksandr Kovalchuk_145976,Oleksandr Kovalchuk,3,1,33,17,16,50,2021-08-05 19:05:00,511261
Volodymyr Maksiuta_1645609377,Volodymyr Maksiuta,2,1,44,38,6,82,2021-08-05 19:05:00,511262
Valeriy Petukhov_1799173951,Valeriy Petukhov,3,1,33,20,13,53,2021-08-05 19:10:00,511263
Svitlana Babushkina_145986,Svitlana Babushkina,3,1,33,14,19,47,2021-08-05 19:10:00,511264
S Martyukhin_113948,S Martyukhin,-3,0,25,36,-11,61,2021-08-05 19:16:00,511265
S Kulikov_113946,S Kulikov,-2,0,32,42,-10,74,2021-08-05 19:18:00,511266
Yaroslav Tebenko_145942,Yaroslav Tebenko,3,1,37,26,11,63,2021-08-05 19:20:00,511267
Vitalii Zharskiy_403622550,Vitalii Zharskiy,-2,0,29,42,-13,71,2021-08-05 19:20:00,511268
Yevhen Hasan_146024,Yevhen Hasan,-2,0,27,41,-14,68,2021-08-05 19:20:00,511269
Ruslan Solomko_146015,Ruslan Solomko,-2,0,35,45,-10,80,2021-08-05 19:25:00,511270
Valentin Zaichenko_1486706991,Valentin Zaichenko,2,1,40,30,10,70,2021-08-05 19:25:00,511271
Jo Kutifel_25455,Jo Kutifel,-1,0,48,47,1,95,2021-08-05 19:30:00,511272
Tomas Beran_146092,Tomas Beran,1,1,46,43,3,89,2021-08-05 19:30:00,511273
Dmytro Kryshtal_104430876,Dmytro Kryshtal,2,1,42,30,12,72,2021-08-05 19:30:00,511274
Andrii Martyniuk_145957,Andrii Martyniuk,2,1,37,38,-1,75,2021-08-05 19:30:00,511275
Serhii Tkachev_145977,Serhii Tkachev,-3,0,24,33,-9,57,2021-08-05 19:35:00,511276
Maksym Kolos_1474702777,Maksym Kolos,-2,0,33,39,-6,72,2021-08-05 19:35:00,511277
Kateryna Hubska_145987,Kateryna Hubska,2,1,36,29,7,65,2021-08-05 19:40:00,511278
Anatolii Lievshin_936302546,Anatolii Lievshin,-2,0,40,43,-3,83,2021-08-05 19:40:00,511279
Artem Slashchev_113778,Artem Slashchev,1,1,49,44,5,93,2021-08-05 19:45:00,511280
Nikita Zinov_577885268,Nikita Zinov,3,1,33,21,12,54,2021-08-05 19:45:00,511281
Igor Gatsenko_146002,Igor Gatsenko,2,1,40,33,7,73,2021-08-05 19:45:00,511282
D Komarov_113817,D Komarov,2,1,42,36,6,78,2021-08-05 19:46:00,511283
A Yudin_113744,A Yudin,2,1,38,33,5,71,2021-08-05 19:49:00,511284
Vladyslav Mishchenko_146025,Vladyslav Mishchenko,1,1,51,49,2,100,2021-08-05 19:50:00,511285
Oleh Chulanov_145943,Oleh Chulanov,2,1,42,29,13,71,2021-08-05 19:50:00,511286
Valeriy Vlasenko_146016,Valeriy Vlasenko,1,1,49,44,5,93,2021-08-05 19:55:00,511287
Serhij Maksymiv_1355491264,Serhij Maksymiv,-2,0,34,41,-7,75,2021-08-05 19:55:00,511288
Tumofii Arevkin_145958,Tumofii Arevkin,-2,0,36,43,-7,79,2021-08-05 20:00:00,511289
Vadym Grushko_539524760,Vadym Grushko,3,1,33,18,15,51,2021-08-05 20:00:00,511290
Dmytro Derevinskyi_1240696649,Dmytro Derevinskyi,1,1,43,34,9,77,2021-08-05 20:05:00,511291
Pavlo Babenko_145978,Pavlo Babenko,-2,0,37,44,-7,81,2021-08-05 20:05:00,511292
Jo Kutifel_25496,Jo Kutifel,-3,0,22,33,-11,55,2021-08-05 20:08:00,511293
Viktor Kikot_544034967,Viktor Kikot,-1,0,45,55,-10,100,2021-08-05 20:10:00,511294
Lubomir Kriz_146433,Lubomir Kriz,1,1,47,45,2,92,2021-08-05 20:10:00,511295
Alena Petlenko_145988,Alena Petlenko,-3,0,18,33,-15,51,2021-08-05 20:10:00,511296
S Kuzmin_113779,S Kuzmin,-3,0,26,35,-9,61,2021-08-05 20:15:00,511297
Bohdan Yurka_146003,Bohdan Yurka,3,1,36,30,6,66,2021-08-05 20:15:00,511298
Vitalii Shaban_476519325,Vitalii Shaban,3,1,33,16,17,49,2021-08-05 20:15:00,511299
A Silantev_113818,A Silantev,-1,0,41,47,-6,88,2021-08-05 20:18:00,511300
S Nikulin_113745,S Nikulin,-3,0,28,38,-10,66,2021-08-05 20:18:00,511301
Ihor Kvak_145944,Ihor Kvak,-1,0,48,47,1,95,2021-08-05 20:20:00,511302
Vadym Shvydkyi_729171456,Vadym Shvydkyi,2,1,39,27,12,66,2021-08-05 20:20:00,511303
Vladyslav Mishchenko_146026,Vladyslav Mishchenko,-1,0,45,43,2,88,2021-08-05 20:20:00,511304
Oleksandr Lykhytskyi_146017,Oleksandr Lykhytskyi,2,1,42,37,5,79,2021-08-05 20:25:00,511305
Z Bilek_25497,Z Bilek,-3,0,25,42,-17,67,2021-08-05 20:30:00,511306
Serhii Rutskyi_1594577389,Serhii Rutskyi,-3,0,28,36,-8,64,2021-08-05 20:30:00,511307
Tumofii Arevkin_146435,Tumofii Arevkin,-2,0,37,44,-7,81,2021-08-05 20:30:00,511308
Mykhailo Presniakov_281525234,Mykhailo Presniakov,-1,0,39,48,-9,87,2021-08-05 20:35:00,511309
E Makarenkov_113780,E Makarenkov,-2,0,38,40,-2,78,2021-08-05 20:38:00,511310
Marharyta Saltanovska_145989,Marharyta Saltanovska,3,1,34,21,13,55,2021-08-05 20:40:00,511311
Dmytro Kryshtal_1836624318,Dmytro Kryshtal,2,1,36,30,6,66,2021-08-05 20:40:00,511312
Petr Dvorak_146434,Petr Dvorak,3,1,38,32,6,70,2021-08-05 20:40:00,511313
D Petrochenko_113746,D Petrochenko,1,1,51,46,5,97,2021-08-05 20:45:00,511314
Oleksandr Kovalchuk_146437,Oleksandr Kovalchuk,1,1,44,40,4,84,2021-08-05 20:45:00,511315
George Poturidis_146004,George Poturidis,-3,0,24,33,-9,57,2021-08-05 20:45:00,511316
Maksym Kolos_574583769,Maksym Kolos,1,1,43,46,-3,89,2021-08-05 20:45:00,511317
I Elistratov_113819,I Elistratov,1,1,43,42,1,85,2021-08-05 20:47:00,511318
Yaroslav Tebenko_145945,Yaroslav Tebenko,-1,0,51,46,5,97,2021-08-05 20:50:00,511319
Andrii Baklykov_1792291338,Andrii Baklykov,-3,0,20,33,-13,53,2021-08-05 20:50:00,511320
Yevhen Hasan_146027,Yevhen Hasan,1,1,49,43,6,92,2021-08-05 20:50:00,511321
Roman Makarenko_146018,Roman Makarenko,-2,0,36,41,-5,77,2021-08-05 20:55:00,511322
Dmytro Baistriuchenko_1266266437,Dmytro Baistriuchenko,-3,0,24,35,-11,59,2021-08-05 20:55:00,511323
T Andrle_25456,T Andrle,-1,0,46,48,-2,94,2021-08-05 21:00:00,511324
Marek Kulisek_146093,Marek Kulisek,1,1,52,52,0,104,2021-08-05 21:00:00,511325
Iurii Bondarenko_146436,Iurii Bondarenko,-1,0,47,47,0,94,2021-08-05 21:00:00,511326
S Burov_113781,S Burov,3,1,35,22,13,57,2021-08-05 21:01:00,511327
Petro Tsolik_948278550,Petro Tsolik,1,1,49,44,5,93,2021-08-05 21:05:00,511328
Kateryna Hubska_145990,Kateryna Hubska,2,1,43,29,14,72,2021-08-05 21:10:00,511329
Roman Reznichenko_92145284,Roman Reznichenko,3,1,34,23,11,57,2021-08-05 21:10:00,511330
Pavlo Babenko_146438,Pavlo Babenko,1,1,49,48,1,97,2021-08-05 21:15:00,511331
Dmytro Derevinskyi_1160856778,Dmytro Derevinskyi,-2,0,39,38,1,77,2021-08-05 21:15:00,511332
A Frolov_113820,A Frolov,-3,0,15,33,-18,48,2021-08-05 21:18:00,511333
E Mishutin_113747,E Mishutin,3,1,35,26,9,61,2021-08-05 21:18:00,511334
Dmytro Kryshtal_1103920800,Dmytro Kryshtal,-3,0,20,33,-13,53,2021-08-05 21:20:00,511335
Oleh Sapuzhak_145946,Oleh Sapuzhak,-1,0,42,50,-8,92,2021-08-05 21:20:00,511336
Anatolii Nazarov_146028,Anatolii Nazarov,-3,0,29,36,-7,65,2021-08-05 21:20:00,511337
Ruslan Solomko_146019,Ruslan Solomko,1,1,49,44,5,93,2021-08-05 21:25:00,511338
Andrii Baklykov_587344264,Andrii Baklykov,-1,0,42,41,1,83,2021-08-05 21:25:00,511339
Yehor Riadynskyi_988739392,Yehor Riadynskyi,2,1,44,36,8,80,2021-08-05 21:30:00,511340
Martin Sulc_146094,Martin Sulc,1,1,58,50,8,108,2021-08-05 21:30:00,511341
M-n Regner_25457,M-n Regner,-2,0,35,43,-8,78,2021-08-05 21:30:00,511342
E Makarenkov_113782,E Makarenkov,-3,0,21,33,-12,54,2021-08-05 21:31:00,511343
Petro Tsolik_1331411943,Petro Tsolik,-1,0,53,56,-3,109,2021-08-05 21:40:00,511344
I Elistratov_113821,I Elistratov,1,1,54,51,3,105,2021-08-05 21:44:00,511345
Vadym Grushko_690975522,Vadym Grushko,-3,0,24,34,-10,58,2021-08-05 21:45:00,511346
Oleksandr Hryhoriev_146006,Oleksandr Hryhoriev,-2,0,27,42,-15,69,2021-08-05 21:45:00,511347
D Petrochenko_113748,D Petrochenko,-1,0,40,47,-7,87,2021-08-05 21:47:00,511348
Andrii Selin_753878747,Andrii Selin,1,1,52,50,2,102,2021-08-05 21:50:00,511349
Yevhen Hasan_146029,Yevhen Hasan,-1,0,47,51,-4,98,2021-08-05 21:50:00,511350
Yaroslav Tebenko_145947,Yaroslav Tebenko,-3,0,23,33,-10,56,2021-08-05 21:50:00,511351
Oleksandr Lykhytskyi_146020,Oleksandr Lykhytskyi,-1,0,42,48,-6,90,2021-08-05 21:55:00,511352
Dmytro Kryshtal_1773404070,Dmytro Kryshtal,-2,0,29,42,-13,71,2021-08-05 21:55:00,511353
Martin Sulc_146095,Martin Sulc,1,1,48,44,4,92,2021-08-05 22:00:00,511354
Anatolii Lievshin_294220036,Anatolii Lievshin,-1,0,46,53,-7,99,2021-08-05 22:00:00,511355
Ji Bartos_25458,Ji Bartos,2,1,41,31,10,72,2021-08-05 22:00:00,511356
S Kuzmin_113783,S Kuzmin,3,1,33,20,13,53,2021-08-05 22:02:00,511357
Nikita Zinov_586370220,Nikita Zinov,3,1,33,19,14,52,2021-08-05 22:05:00,511358
Kateryna Hubska_145992,Kateryna Hubska,-1,0,47,55,-8,102,2021-08-05 22:10:00,511359
A Silantev_113822,A Silantev,2,1,44,40,4,84,2021-08-05 22:14:00,511360
Vitalii Zharskiy_1599325428,Vitalii Zharskiy,2,1,46,29,17,75,2021-08-05 22:15:00,511361
Igor Gatsenko_146007,Igor Gatsenko,-1,0,34,52,-18,86,2021-08-05 22:15:00,511362
S Nikulin_113749,S Nikulin,-2,0,27,42,-15,69,2021-08-05 22:18:00,511363
Roman Mazur_145948,Roman Mazur,2,1,42,36,6,78,2021-08-05 22:20:00,511364
Valentin Zaichenko_1898528710,Valentin Zaichenko,-2,0,28,37,-9,65,2021-08-05 22:20:00,511365
Oleksandr Kolbasenko_146030,Oleksandr Kolbasenko,1,1,38,44,-6,82,2021-08-05 22:20:00,511366
Viacheslav Isakov_146021,Viacheslav Isakov,-3,0,26,36,-10,62,2021-08-05 22:25:00,511367
Viktor Kikot_546627709,Viktor Kikot,-1,0,41,47,-6,88,2021-08-05 22:25:00,511368
Marek Kulisek_146096,Marek Kulisek,-1,0,44,50,-6,94,2021-08-05 22:30:00,511369
P Pycha_25459,P Pycha,2,1,40,32,8,72,2021-08-05 22:30:00,511370
S Kuzmin_113971,S Kuzmin,-2,0,34,41,-7,75,2021-08-05 22:31:00,511371
Svitlana Babushkina_145993,Svitlana Babushkina,-3,0,20,33,-13,53,2021-08-05 22:40:00,511372
S Nikulin_113973,S Nikulin,2,1,37,27,10,64,2021-08-05 22:48:00,511373
Vladyslav Mishchenko_146031,Vladyslav Mishchenko,-1,0,40,49,-9,89,2021-08-05 22:50:00,511374
A Frolov_113975,A Frolov,-3,0,17,33,-16,50,2021-08-05 22:55:00,511375
Oleksandr Lykhytskyi_146022,Oleksandr Lykhytskyi,-2,0,33,37,-4,70,2021-08-05 22:55:00,511376
Ji Bartos_25460,Ji Bartos,-2,0,42,49,-7,91,2021-08-05 23:00:00,511377
Adam Khalaila_146097,Adam Khalaila,-3,0,25,36,-11,61,2021-08-05 23:00:00,511378
Dmytro Arzanov_26840867,Dmytro Arzanov,3,1,33,19,14,52,2021-08-05 23:00:00,511379
Artem Slashchev_113972,Artem Slashchev,-3,0,15,33,-18,48,2021-08-05 23:01:00,511380
D Petrochenko_113974,D Petrochenko,1,1,47,51,-4,98,2021-08-05 23:17:00,511381
A Silantev_113976,A Silantev,3,1,33,22,11,55,2021-08-05 23:18:00,511382
Anatolii Nazarov_146032,Anatolii Nazarov,-2,0,39,46,-7,85,2021-08-05 23:20:00,511383
Valeriy Vlasenko_146023,Valeriy Vlasenko,1,1,50,44,6,94,2021-08-05 23:25:00,511384
Dmitriy Lebed_1923216530,Dmitriy Lebed,3,1,33,17,16,50,2021-08-05 23:30:00,511385
Marek Kulisek_146098,Marek Kulisek,-2,0,29,40,-11,69,2021-08-05 23:30:00,511386
M-n Regner_25461,M-n Regner,2,1,38,31,7,69,2021-08-05 23:30:00,511387
S Ogai_113784,S Ogai,-3,0,26,35,-9,61,2021-08-05 23:32:00,511388
A Kirilenko_113823,A Kirilenko,-3,0,24,35,-11,59,2021-08-05 23:45:00,511389
I Mihaylov_113750,I Mihaylov,-3,0,20,33,-13,53,2021-08-05 23:49:00,511390
Oleksandr Kolbasenko_146033,Oleksandr Kolbasenko,-3,0,12,33,-21,45,2021-08-05 23:50:00,511391
Jan Sr Krames_155325,Jan Sr Krames,3,1,34,24,10,58,2021-08-06 00:00:00,511392
N Zhurba_118255,N Zhurba,1,1,48,50,-2,98,2021-08-06 00:01:00,511393
D Sayanov_118222,D Sayanov,-1,0,42,48,-6,90,2021-08-06 00:01:00,511394
Anatolii Chaplianka_1982647548,Anatolii Chaplianka,3,1,33,19,14,52,2021-08-06 00:05:00,511395
M Huk_26463,M Huk,-1,0,49,49,0,98,2021-08-06 00:07:00,511396
Illia Semeniuk_2116305772,Illia Semeniuk,-1,0,39,50,-11,89,2021-08-06 00:15:00,511397
O Kutuzov_118182,O Kutuzov,1,1,50,48,2,98,2021-08-06 00:16:00,511398
Viktor Volkovskyi_154944,Viktor Volkovskyi,1,1,45,44,1,89,2021-08-06 00:20:00,511399
Pavlo Khakhamidi_154946,Pavlo Khakhamidi,-2,0,42,41,1,83,2021-08-06 00:25:00,511400
Yu Merkushin_118256,Yu Merkushin,3,1,33,21,12,54,2021-08-06 00:26:00,511401
Viktor Kucala_155326,Viktor Kucala,1,1,46,42,4,88,2021-08-06 00:30:00,511402
S Ogai_118223,S Ogai,-3,0,25,33,-8,58,2021-08-06 00:30:00,511403
Oliver Korp_26464,Oliver Korp,-1,0,52,49,3,101,2021-08-06 00:35:00,511404
Oleksandr Semenets_1428884384,Oleksandr Semenets,-3,0,32,38,-6,70,2021-08-06 00:35:00,511405
Mykola Tovkach_2036841378,Mykola Tovkach,-2,0,36,48,-12,84,2021-08-06 00:45:00,511406
S Martyukhin_118257,S Martyukhin,3,1,35,24,11,59,2021-08-06 00:47:00,511407
Valerii Hries_154945,Valerii Hries,-3,0,23,33,-10,56,2021-08-06 00:50:00,511408
A Ilin_118183,A Ilin,1,1,42,48,-6,90,2021-08-06 00:51:00,511409
Andrii Romanenko_154947,Andrii Romanenko,-3,0,26,36,-10,62,2021-08-06 00:55:00,511410
Zh Tsybikov_118224,Zh Tsybikov,1,1,53,42,11,95,2021-08-06 01:00:00,511411
Serhii Rutskyi_1806669904,Serhii Rutskyi,-1,0,44,47,-3,91,2021-08-06 01:00:00,511412
Anatolii Chaplianka_1460161879,Anatolii Chaplianka,-2,0,36,45,-9,81,2021-08-06 01:05:00,511413
E Kalashnikov_118258,E Kalashnikov,3,1,36,29,7,65,2021-08-06 01:15:00,511414
Illia Semeniuk_68938344,Illia Semeniuk,-2,0,32,36,-4,68,2021-08-06 01:15:00,511415
Igor Trydukh_154948,Igor Trydukh,-2,0,31,42,-11,73,2021-08-06 01:25:00,511416
E Ilyukhin_118184,E Ilyukhin,3,1,34,21,13,55,2021-08-06 01:29:00,511417
Andrii Zeniuk_1622325591,Andrii Zeniuk,1,1,46,45,1,91,2021-08-06 01:30:00,511418
D Sayanov_118225,D Sayanov,1,1,53,44,9,97,2021-08-06 01:31:00,511419
Oleksandr Semenets_301846377,Oleksandr Semenets,-1,0,49,47,2,96,2021-08-06 01:35:00,511420
Mykola Tovkach_555534090,Mykola Tovkach,-2,0,30,41,-11,71,2021-08-06 01:45:00,511421
Yu Merkushin_118259,Yu Merkushin,-1,0,43,51,-8,94,2021-08-06 01:46:00,511422
O Kutuzov_118185,O Kutuzov,2,1,44,34,10,78,2021-08-06 01:52:00,511423
Andrii Romanenko_154949,Andrii Romanenko,2,1,39,38,1,77,2021-08-06 01:55:00,511424
Serhii Rutskyi_1346901027,Serhii Rutskyi,3,1,33,24,9,57,2021-08-06 02:00:00,511425
Zh Tsybikov_118226,Zh Tsybikov,2,1,41,19,22,60,2021-08-06 02:03:00,511426
Oleksandr Dziabura_256269984,Oleksandr Dziabura,-1,0,49,52,-3,101,2021-08-06 02:05:00,511427
Serhii Berezynskyi_1713308574,Serhii Berezynskyi,3,1,33,15,18,48,2021-08-06 02:15:00,511428
E Kalashnikov_118260,E Kalashnikov,2,1,42,33,9,75,2021-08-06 02:22:00,511429
Pavlo Khakhamidi_154950,Pavlo Khakhamidi,-2,0,26,39,-13,65,2021-08-06 02:25:00,511430
E Ilyukhin_118186,E Ilyukhin,-3,0,28,35,-7,63,2021-08-06 02:28:00,511431
Serhij Maksymiv_2096911696,Serhij Maksymiv,-2,0,33,41,-8,74,2021-08-06 02:30:00,511432
T Turabekov_118227,T Turabekov,-2,0,24,41,-17,65,2021-08-06 02:31:00,511433
Oleksandr Semenets_817339944,Oleksandr Semenets,-1,0,49,54,-5,103,2021-08-06 02:35:00,511434
Illia Semeniuk_1725690294,Illia Semeniuk,3,1,33,18,15,51,2021-08-06 02:45:00,511435
A Volkov_118261,A Volkov,-3,0,23,33,-10,56,2021-08-06 02:48:00,511436
V Shirshov_118187,V Shirshov,2,1,42,35,7,77,2021-08-06 02:51:00,511437
Hryhorii Kulishov_154951,Hryhorii Kulishov,2,1,39,28,11,67,2021-08-06 02:55:00,511438
S Ogai_118228,S Ogai,-3,0,19,36,-17,55,2021-08-06 02:59:00,511439
Andrii Zeniuk_1878173438,Andrii Zeniuk,-3,0,14,33,-19,47,2021-08-06 03:00:00,511440
Anatolii Chaplianka_1982681503,Anatolii Chaplianka,2,1,44,35,9,79,2021-08-06 03:05:00,511441
Mykola Tovkach_2036810756,Mykola Tovkach,-3,0,23,33,-10,56,2021-08-06 03:15:00,511442
S Martyukhin_118262,S Martyukhin,1,1,47,49,-2,96,2021-08-06 03:15:00,511443
A Ilin_118188,A Ilin,-2,0,26,40,-14,66,2021-08-06 03:23:00,511444
Igor Trydukh_154952,Igor Trydukh,3,1,33,20,13,53,2021-08-06 03:25:00,511445
R Pavlenko_118229,R Pavlenko,-3,0,18,33,-15,51,2021-08-06 03:30:00,511446
Serhii Rutskyi_2145255185,Serhii Rutskyi,1,1,51,50,1,101,2021-08-06 03:30:00,511447
Oleksandr Semenets_1428920253,Oleksandr Semenets,-2,0,30,41,-11,71,2021-08-06 03:35:00,511448
Illia Semeniuk_2116127178,Illia Semeniuk,-3,0,25,33,-8,58,2021-08-06 03:45:00,511449
N Zhurba_118263,N Zhurba,-1,0,38,50,-12,88,2021-08-06 03:49:00,511450
V Chahur_118189,V Chahur,-3,0,22,33,-11,55,2021-08-06 03:53:00,511451
Andrii Romanenko_154953,Andrii Romanenko,1,1,45,52,-7,97,2021-08-06 03:55:00,511452
T Turabekov_118230,T Turabekov,-2,0,37,42,-5,79,2021-08-06 04:00:00,511453
Serhij Maksymiv_224202189,Serhij Maksymiv,-3,0,18,33,-15,51,2021-08-06 04:00:00,511454
Anatolii Chaplianka_223449648,Anatolii Chaplianka,-2,0,36,48,-12,84,2021-08-06 04:05:00,511455
Mykola Tovkach_555501418,Mykola Tovkach,-2,0,37,44,-7,81,2021-08-06 04:15:00,511456
V Shirshov_118190,V Shirshov,1,1,52,53,-1,105,2021-08-06 04:17:00,511457
A Volkov_118264,A Volkov,-3,0,19,33,-14,52,2021-08-06 04:18:00,511458
Pavlo Khakhamidi_154954,Pavlo Khakhamidi,2,1,47,40,7,87,2021-08-06 04:25:00,511459
Andrii Zeniuk_880359160,Andrii Zeniuk,1,1,43,44,-1,87,2021-08-06 04:30:00,511460
S Ogai_118419,S Ogai,2,1,42,25,17,67,2021-08-06 04:33:00,511461
Oleksandr Semenets_473112056,Oleksandr Semenets,-2,0,32,44,-12,76,2021-08-06 04:35:00,511462
Illia Semeniuk_68901448,Illia Semeniuk,-2,0,38,44,-6,82,2021-08-06 04:45:00,511463
N Zhurba_118421,N Zhurba,-2,0,38,45,-7,83,2021-08-06 04:45:00,511464
Hryhorii Kulishov_154955,Hryhorii Kulishov,-2,0,33,34,-1,67,2021-08-06 04:55:00,511465
D Sayanov_118420,D Sayanov,2,1,42,31,11,73,2021-08-06 05:00:00,511466
Vitalii Zharskiy_1207198074,Vitalii Zharskiy,-2,0,35,43,-8,78,2021-08-06 05:00:00,511467
Oleksandr Dziabura_256020671,Oleksandr Dziabura,3,1,33,21,12,54,2021-08-06 05:05:00,511468
V Shirshov_118423,V Shirshov,-2,0,35,43,-8,78,2021-08-06 05:08:00,511469
Yu Merkushin_118422,Yu Merkushin,-3,0,25,35,-10,60,2021-08-06 05:14:00,511470
Roman Rybachuk_1673068701,Roman Rybachuk,2,1,40,21,19,61,2021-08-06 05:15:00,511471
Igor Trydukh_154956,Igor Trydukh,-3,0,25,33,-8,58,2021-08-06 05:25:00,511472
Serhii Rutskyi_1786464293,Serhii Rutskyi,-1,0,43,46,-3,89,2021-08-06 05:30:00,511473
E Ilyukhin_118424,E Ilyukhin,3,1,33,14,19,47,2021-08-06 05:33:00,511474
Pavlo Khakhamidi_154957,Pavlo Khakhamidi,2,1,43,32,11,75,2021-08-06 05:55:00,511475
Serhii Rutskyi_693013997,Serhii Rutskyi,-1,0,37,44,-7,81,2021-08-06 06:00:00,511476
Maksym Marchuk_154958,Maksym Marchuk,3,1,40,33,7,73,2021-08-06 06:25:00,511477
Andrii Zeniuk_1878138456,Andrii Zeniuk,3,1,34,24,10,58,2021-08-06 06:30:00,511478
Pavlo Khakhamidi_154959,Pavlo Khakhamidi,-3,0,25,36,-11,61,2021-08-06 06:55:00,511479
Andrii Romanenko_154960,Andrii Romanenko,2,1,44,29,15,73,2021-08-06 07:25:00,511480
M Chernyavskiy_118333,M Chernyavskiy,2,1,41,34,7,75,2021-08-06 07:33:00,511481
O Kharlakin_118289,O Kharlakin,1,1,48,40,8,88,2021-08-06 07:46:00,511482
I Poletaev_118367,I Poletaev,1,1,51,50,1,101,2021-08-06 07:49:00,511483
Denys Nemchenko_377897920,Denys Nemchenko,-2,0,26,42,-16,68,2021-08-06 07:50:00,511484
Yaroslav Kravets_155067,Yaroslav Kravets,1,1,53,45,8,98,2021-08-06 07:50:00,511485
Roman Reznichenko_324896139,Roman Reznichenko,-2,0,39,43,-4,82,2021-08-06 07:55:00,511486
Oleh Yurenev_155280,Oleh Yurenev,-3,0,30,36,-6,66,2021-08-06 08:00:00,511487
V Vologzhanin_118334,V Vologzhanin,1,1,49,51,-2,100,2021-08-06 08:00:00,511488
Serhii Kuprykov_155079,Serhii Kuprykov,2,1,37,35,2,72,2021-08-06 08:05:00,511489
Bohdan Yurka_155094,Bohdan Yurka,-2,0,37,44,-7,81,2021-08-06 08:10:00,511490
Oleksandr Mytsyk_155109,Oleksandr Mytsyk,3,1,37,28,9,65,2021-08-06 08:15:00,511491
A Savinskiy_118290,A Savinskiy,-3,0,24,34,-10,58,2021-08-06 08:16:00,511492
Denys Pesternikov_155068,Denys Pesternikov,2,1,37,29,8,66,2021-08-06 08:20:00,511493
I Tolmachev_118368,I Tolmachev,-1,0,41,49,-8,90,2021-08-06 08:20:00,511494
Igor Sukovatyi_1948073433,Igor Sukovatyi,1,1,53,50,3,103,2021-08-06 08:25:00,511495
A Vorozheykin_118335,A Vorozheykin,-3,0,17,33,-16,50,2021-08-06 08:30:00,511496
Dmytro Baistriuchenko_1629639917,Dmytro Baistriuchenko,-2,0,32,39,-7,71,2021-08-06 08:30:00,511497
Oleh Ponomarenko_155281,Oleh Ponomarenko,-2,0,35,39,-4,74,2021-08-06 08:30:00,511498
Volodymyr Tuchkevych_1906828429,Volodymyr Tuchkevych,3,1,33,18,15,51,2021-08-06 08:35:00,511499
Oleh Skoryk_155080,Oleh Skoryk,3,1,33,17,16,50,2021-08-06 08:35:00,511500
Oleksandr Durduka_155095,Oleksandr Durduka,-2,0,31,41,-10,72,2021-08-06 08:40:00,511501
Andrii Isaiev_1070456124,Andrii Isaiev,1,1,52,35,17,87,2021-08-06 08:40:00,511502
E Tsvetkov_118291,E Tsvetkov,-2,0,38,40,-2,78,2021-08-06 08:45:00,511503
Andrii Kotik_1961047373,Andrii Kotik,-2,0,25,41,-16,66,2021-08-06 08:45:00,511504
Oleksandr Lymarenko_155110,Oleksandr Lymarenko,2,1,43,39,4,82,2021-08-06 08:45:00,511505
A Batalov_118369,A Batalov,-3,0,27,34,-7,61,2021-08-06 08:49:00,511506
Denys Pesternikov_155069,Denys Pesternikov,3,1,34,20,14,54,2021-08-06 08:50:00,511507
Nazarii Danyliuk_1185878467,Nazarii Danyliuk,-3,0,12,33,-21,45,2021-08-06 08:50:00,511508
Volodymyr Melnykov_155119,Volodymyr Melnykov,-2,0,40,45,-5,85,2021-08-06 08:50:00,511509
Oleksandr Zhuravlov_703969527,Oleksandr Zhuravlov,-3,0,23,34,-11,57,2021-08-06 08:55:00,511510
Vitalii Sydorenko_155134,Vitalii Sydorenko,-1,0,46,48,-2,94,2021-08-06 08:55:00,511511
Mykhailo Presniakov_1692408054,Mykhailo Presniakov,1,1,62,46,16,108,2021-08-06 08:55:00,511512
Oleksandr Kovalov_2017440614,Oleksandr Kovalov,1,1,47,47,0,94,2021-08-06 09:00:00,511513
I Sergeevich_118336,I Sergeevich,-1,0,52,55,-3,107,2021-08-06 09:00:00,511514
Nataliia Svydnytska_155149,Nataliia Svydnytska,1,1,47,30,17,77,2021-08-06 09:00:00,511515
Oleksandr Goncharuk_155282,Oleksandr Goncharuk,-2,0,33,35,-2,68,2021-08-06 09:00:00,511516
Vojtech Koutnik_155295,Vojtech Koutnik,1,1,50,48,2,98,2021-08-06 09:00:00,511517
M Smrcek_26435,M Smrcek,3,1,33,19,14,52,2021-08-06 09:03:00,511518
Oleksandr Melashenko_155081,Oleksandr Melashenko,3,1,33,16,17,49,2021-08-06 09:05:00,511519
Roman Reznichenko_2061145588,Roman Reznichenko,-1,0,43,52,-9,95,2021-08-06 09:05:00,511520
Dmitriy Zaporozhets_708516693,Dmitriy Zaporozhets,-2,0,34,37,-3,71,2021-08-06 09:10:00,511521
Andrii Semeniuk_155096,Andrii Semeniuk,-3,0,25,33,-8,58,2021-08-06 09:10:00,511522
Oleksandr Mytsyk_155111,Oleksandr Mytsyk,2,1,40,37,3,77,2021-08-06 09:15:00,511523
Dmytro Belanchyk_489191486,Dmytro Belanchyk,2,1,43,37,6,80,2021-08-06 09:15:00,511524
V Tsvetkov_118370,V Tsvetkov,1,1,49,42,7,91,2021-08-06 09:16:00,511525
V Nemashkalo_118292,V Nemashkalo,2,1,42,34,8,76,2021-08-06 09:16:00,511526
Yaroslav Kravets_155070,Yaroslav Kravets,-1,0,51,51,0,102,2021-08-06 09:20:00,511527
Viktor Dushak_155120,Viktor Dushak,3,1,33,20,13,53,2021-08-06 09:20:00,511528
Nazarii Hrytsyienko_1817794169,Nazarii Hrytsyienko,-2,0,37,44,-7,81,2021-08-06 09:20:00,511529
Vasyl Kushnir_1708337651,Vasyl Kushnir,3,1,34,25,9,59,2021-08-06 09:25:00,511530
Kostiantyn Kovalchuk_155135,Kostiantyn Kovalchuk,-1,0,50,45,5,95,2021-08-06 09:25:00,511531
M-n Regner_26436,M-n Regner,2,1,41,28,13,69,2021-08-06 09:30:00,511532
Oleh Ponomarenko_155283,Oleh Ponomarenko,-1,0,52,53,-1,105,2021-08-06 09:30:00,511533
Anastasiia Ostapenko_155150,Anastasiia Ostapenko,3,1,33,27,6,60,2021-08-06 09:30:00,511534
Oleg Moshynskyy_1482828257,Oleg Moshynskyy,-2,0,30,40,-10,70,2021-08-06 09:30:00,511535
Serhii Kubrak_1589304707,Serhii Kubrak,2,1,44,36,8,80,2021-08-06 09:30:00,511536
Tomas Kanka_155296,Tomas Kanka,-2,0,31,45,-14,76,2021-08-06 09:30:00,511537
Igor Sukovatyi_1537791233,Igor Sukovatyi,-1,0,44,49,-5,93,2021-08-06 09:35:00,511538
Oleh Skoryk_155082,Oleh Skoryk,-2,0,33,46,-13,79,2021-08-06 09:35:00,511539
A Vorozheykin_118337,A Vorozheykin,-1,0,40,46,-6,86,2021-08-06 09:35:00,511540
Oleksandr Durduka_155097,Oleksandr Durduka,-3,0,24,37,-13,61,2021-08-06 09:40:00,511541
Dmitriy Lebed_564293537,Dmitriy Lebed,-1,0,42,45,-3,87,2021-08-06 09:40:00,511542
E Tsvetkov_118293,E Tsvetkov,1,1,41,44,-3,85,2021-08-06 09:45:00,511543
Dmitriy Zaporozhets_1460245069,Dmitriy Zaporozhets,-1,0,50,50,0,100,2021-08-06 09:45:00,511544
Bohdan Havryliuk_155112,Bohdan Havryliuk,2,1,41,25,16,66,2021-08-06 09:45:00,511545
A Batalov_118371,A Batalov,-2,0,27,40,-13,67,2021-08-06 09:47:00,511546
Mykhailo Kistechko_155071,Mykhailo Kistechko,2,1,41,34,7,75,2021-08-06 09:50:00,511547
Andrii Isaiev_250975144,Andrii Isaiev,3,1,34,24,10,58,2021-08-06 09:50:00,511548
Denys Kozlov_155121,Denys Kozlov,1,1,49,45,4,94,2021-08-06 09:50:00,511549
Andrii Kotik_1248542297,Andrii Kotik,-3,0,18,33,-15,51,2021-08-06 09:55:00,511550
Serhii Chuliukov_155136,Serhii Chuliukov,1,1,49,48,1,97,2021-08-06 09:55:00,511551
V Vologzhanin_118338,V Vologzhanin,-2,0,33,42,-9,75,2021-08-06 09:59:00,511552
T Andrle_26437,T Andrle,2,1,41,28,13,69,2021-08-06 10:00:00,511553
V Pak_118009,V Pak,-2,0,11,23,-12,34,2021-08-06 10:00:00,511554
Oleh Yurenev_155284,Oleh Yurenev,3,1,33,22,11,55,2021-08-06 10:00:00,511555
Tomas Kanka_155297,Tomas Kanka,-1,0,42,44,-2,86,2021-08-06 10:00:00,511556
Nataliia Svydnytska_155151,Nataliia Svydnytska,3,1,33,19,14,52,2021-08-06 10:00:00,511557
Nazarii Danyliuk_309657233,Nazarii Danyliuk,2,1,42,36,6,78,2021-08-06 10:00:00,511558
Oleksandr Zhuravlov_84102819,Oleksandr Zhuravlov,1,1,47,41,6,88,2021-08-06 10:05:00,511559
Mykhailo Presniakov_1729138083,Mykhailo Presniakov,-1,0,51,47,4,98,2021-08-06 10:05:00,511560
Serhii Kuprykov_155083,Serhii Kuprykov,-1,0,47,43,4,90,2021-08-06 10:05:00,511561
Bohdan Yurka_155098,Bohdan Yurka,-3,0,27,34,-7,61,2021-08-06 10:10:00,511562
Denys Nemchenko_1206205364,Denys Nemchenko,-1,0,48,52,-4,100,2021-08-06 10:10:00,511563
Oleksandr Lymarenko_155113,Oleksandr Lymarenko,-3,0,20,33,-13,53,2021-08-06 10:15:00,511564
Dmytro Baistriuchenko_952821888,Dmytro Baistriuchenko,-1,0,45,45,0,90,2021-08-06 10:15:00,511565
I Tolmachev_118372,I Tolmachev,-2,0,26,38,-12,64,2021-08-06 10:17:00,511566
A Savinskiy_118294,A Savinskiy,3,1,33,22,11,55,2021-08-06 10:17:00,511567
Volodymyr Tuchkevych_1548988312,Volodymyr Tuchkevych,2,1,38,31,7,69,2021-08-06 10:20:00,511568
Yaroslav Kravets_155072,Yaroslav Kravets,3,1,33,19,14,52,2021-08-06 10:20:00,511569
Viktor Dushak_155122,Viktor Dushak,1,1,49,49,0,98,2021-08-06 10:20:00,511570
P Shilnikov_118010,P Shilnikov,2,1,23,8,15,31,2021-08-06 10:20:00,511571
Dmytro Belanchyk_329872579,Dmytro Belanchyk,-3,0,25,38,-13,63,2021-08-06 10:25:00,511572
Kostiantyn Kovalchuk_155137,Kostiantyn Kovalchuk,3,1,33,19,14,52,2021-08-06 10:25:00,511573
M Kolar_26438,M Kolar,2,1,39,35,4,74,2021-08-06 10:30:00,511574
Volodymyr Kononikhin_155285,Volodymyr Kononikhin,3,1,34,25,9,59,2021-08-06 10:30:00,511575
A Vorozheykin_118459,A Vorozheykin,-1,0,41,51,-10,92,2021-08-06 10:30:00,511576
Nazarii Hrytsyienko_1715765035,Nazarii Hrytsyienko,3,1,33,17,16,50,2021-08-06 10:30:00,511577
Vojtech Koutnik_155298,Vojtech Koutnik,2,1,42,35,7,77,2021-08-06 10:30:00,511578
Kateryna Hubska_155152,Kateryna Hubska,2,1,39,31,8,70,2021-08-06 10:30:00,511579
Vasyl Kushnir_506708986,Vasyl Kushnir,-2,0,29,44,-15,73,2021-08-06 10:35:00,511580
Roman Yushko_155084,Roman Yushko,-1,0,52,49,3,101,2021-08-06 10:35:00,511581
Dmytro Kunchurov_155099,Dmytro Kunchurov,-3,0,22,33,-11,55,2021-08-06 10:40:00,511582
Serhii Pokidko_632125430,Serhii Pokidko,-1,0,45,48,-3,93,2021-08-06 10:40:00,511583
Serhii Poliakov_351256240,Serhii Poliakov,-2,0,30,42,-12,72,2021-08-06 10:40:00,511584
Tatyana De_118011,Tatyana De,2,1,25,15,10,40,2021-08-06 10:40:00,511585
Dmytro Alekseenko_1553988701,Dmytro Alekseenko,-1,0,49,46,3,95,2021-08-06 10:45:00,511586
A Savinskiy_118462,A Savinskiy,2,1,40,34,6,74,2021-08-06 10:45:00,511587
Oleksandr Mytsyk_155114,Oleksandr Mytsyk,-3,0,23,33,-10,56,2021-08-06 10:45:00,511588
I Tolmachev_118461,I Tolmachev,-1,0,44,43,1,87,2021-08-06 10:46:00,511589
Roman Reznichenko_801053149,Roman Reznichenko,3,1,35,29,6,64,2021-08-06 10:50:00,511590
Volodymyr Melnykov_155123,Volodymyr Melnykov,-2,0,39,46,-7,85,2021-08-06 10:50:00,511591
Roman Zholubak_155073,Roman Zholubak,-2,0,30,42,-12,72,2021-08-06 10:50:00,511592
Anton Myrza_1589308356,Anton Myrza,1,1,50,43,7,93,2021-08-06 10:55:00,511593
Vitalii Sydorenko_155138,Vitalii Sydorenko,2,1,39,27,12,66,2021-08-06 10:55:00,511594
M Lysenko_118012,M Lysenko,-2,0,4,24,-20,28,2021-08-06 11:00:00,511595
Andrii Isaiev_1300131756,Andrii Isaiev,2,1,42,37,5,79,2021-08-06 11:00:00,511596
V Vologzhanin_118460,V Vologzhanin,3,1,33,15,18,48,2021-08-06 11:00:00,511597
Anastasiia Ostapenko_155153,Anastasiia Ostapenko,1,1,52,41,11,93,2021-08-06 11:00:00,511598
Oleksandr Goncharuk_155286,Oleksandr Goncharuk,3,1,33,14,19,47,2021-08-06 11:00:00,511599
Jakub Jenicek_155299,Jakub Jenicek,-2,0,37,38,-1,75,2021-08-06 11:00:00,511600
Oleksandr Melashenko_155085,Oleksandr Melashenko,-1,0,49,49,0,98,2021-08-06 11:05:00,511601
Andrii Kotik_288460904,Andrii Kotik,-1,0,58,54,4,112,2021-08-06 11:05:00,511602
T Andrle_26439,T Andrle,-3,0,16,34,-18,50,2021-08-06 11:06:00,511603
Andrii Semeniuk_155100,Andrii Semeniuk,-1,0,50,53,-3,103,2021-08-06 11:10:00,511604
Nazarii Danyliuk_13788933,Nazarii Danyliuk,2,1,42,26,16,68,2021-08-06 11:10:00,511605
V Tsvetkov_118464,V Tsvetkov,-1,0,52,50,2,102,2021-08-06 11:15:00,511606
Oleksandr Lymarenko_155115,Oleksandr Lymarenko,-3,0,29,35,-6,64,2021-08-06 11:15:00,511607
O Kharlakin_118463,O Kharlakin,-3,0,18,33,-15,51,2021-08-06 11:15:00,511608
Serhii Kubrak_1596268232,Serhii Kubrak,2,1,41,27,14,68,2021-08-06 11:15:00,511609
Oleg Moshynskyy_1898158061,Oleg Moshynskyy,-2,0,36,42,-6,78,2021-08-06 11:15:00,511610
P Shilnikov_118013,P Shilnikov,2,1,24,12,12,36,2021-08-06 11:20:00,511611
Oleksandr Kovalov_515102239,Oleksandr Kovalov,-2,0,33,41,-8,74,2021-08-06 11:20:00,511612
Oleg Kolivay_155124,Oleg Kolivay,2,1,40,32,8,72,2021-08-06 11:20:00,511613
Dmitriy Lebed_130997021,Dmitriy Lebed,-1,0,42,47,-5,89,2021-08-06 11:25:00,511614
Oleksii Korobov_155139,Oleksii Korobov,-1,0,36,39,-3,75,2021-08-06 11:25:00,511615
Nataliia Svydnytska_155154,Nataliia Svydnytska,-3,0,23,35,-12,58,2021-08-06 11:30:00,511616
Oleh Ponomarenko_155287,Oleh Ponomarenko,-1,0,46,38,8,84,2021-08-06 11:30:00,511617
D Mikheev_118339,D Mikheev,-1,0,52,52,0,104,2021-08-06 11:30:00,511618
Volodymyr Tuchkevych_848558360,Volodymyr Tuchkevych,2,1,39,38,1,77,2021-08-06 11:30:00,511619
M-n Regner_26440,M-n Regner,3,1,33,21,12,54,2021-08-06 11:30:00,511620
Vojtech Koutnik_155300,Vojtech Koutnik,2,1,49,37,12,86,2021-08-06 11:30:00,511621
Oleh Skoryk_155086,Oleh Skoryk,1,1,47,52,-5,99,2021-08-06 11:35:00,511622
Vitalii Protopopov_1095666359,Vitalii Protopopov,1,1,52,53,-1,105,2021-08-06 11:35:00,511623
Oleksandr Durduka_155101,Oleksandr Durduka,-1,0,48,50,-2,98,2021-08-06 11:40:00,511624
Dmytro Vakhta_421337668,Dmytro Vakhta,3,1,34,23,11,57,2021-08-06 11:40:00,511625
P Samsonov_118014,P Samsonov,2,1,24,6,18,30,2021-08-06 11:40:00,511626
A Kolmin_118303,A Kolmin,-2,0,37,44,-7,81,2021-08-06 11:45:00,511627
Bohdan Havryliuk_155116,Bohdan Havryliuk,3,1,33,19,14,52,2021-08-06 11:45:00,511628
Andrii Hordii_193273666,Andrii Hordii,-3,0,29,37,-8,66,2021-08-06 11:45:00,511629
Denys Kozlov_155125,Denys Kozlov,-1,0,46,49,-3,95,2021-08-06 11:50:00,511630
A Zirin_118373,A Zirin,1,1,61,58,3,119,2021-08-06 11:50:00,511631
Mykhailo Kistechko_155075,Mykhailo Kistechko,-2,0,30,33,-3,63,2021-08-06 11:50:00,511632
Oleksandr Zhuravlov_1583124768,Oleksandr Zhuravlov,-3,0,24,33,-9,57,2021-08-06 11:50:00,511633
Mykhailo Presniakov_1534227229,Mykhailo Presniakov,-3,0,14,33,-19,47,2021-08-06 11:50:00,511634
Igor Sukovatyi_877305378,Igor Sukovatyi,-1,0,45,55,-10,100,2021-08-06 11:55:00,511635
Serhii Chuliukov_155140,Serhii Chuliukov,-3,0,26,35,-9,61,2021-08-06 11:55:00,511636
T Andrle_26465,T Andrle,-3,0,23,33,-10,56,2021-08-06 12:00:00,511637
Anastasiia Ostapenko_155155,Anastasiia Ostapenko,-2,0,34,47,-13,81,2021-08-06 12:00:00,511638
Dmytro Baistriuchenko_338956384,Dmytro Baistriuchenko,-2,0,38,42,-4,80,2021-08-06 12:00:00,511639
V Pak_118015,V Pak,-2,0,11,24,-13,35,2021-08-06 12:00:00,511640
Oleh Yurenev_155288,Oleh Yurenev,-3,0,25,33,-8,58,2021-08-06 12:00:00,511641
M Ilichev_118340,M Ilichev,-2,0,30,39,-9,69,2021-08-06 12:04:00,511642
Serhii Kuprykov_155087,Serhii Kuprykov,-3,0,20,33,-13,53,2021-08-06 12:05:00,511643
Anatolii Zapletniuk_1858554983,Anatolii Zapletniuk,-3,0,23,34,-11,57,2021-08-06 12:05:00,511644
Bohdan Yurka_155102,Bohdan Yurka,2,1,45,41,4,86,2021-08-06 12:10:00,511645
Dmytro Belanchyk_1575304120,Dmytro Belanchyk,-2,0,36,46,-10,82,2021-08-06 12:10:00,511646
Vadym Nechyporuk_1139106069,Vadym Nechyporuk,3,1,33,25,8,58,2021-08-06 12:15:00,511647
Oleksandr Mytsyk_155117,Oleksandr Mytsyk,2,1,42,26,16,68,2021-08-06 12:15:00,511648
A Poprocky_118304,A Poprocky,-3,0,19,33,-14,52,2021-08-06 12:16:00,511649
Jakub Jenicek_155327,Jakub Jenicek,-2,0,34,37,-3,71,2021-08-06 12:20:00,511650
Andrii Hordii_2143173158,Andrii Hordii,-2,0,32,45,-13,77,2021-08-06 12:20:00,511651
Viktor Dushak_155126,Viktor Dushak,-1,0,42,53,-11,95,2021-08-06 12:20:00,511652
Tatyana De_118016,Tatyana De,-1,0,29,30,-1,59,2021-08-06 12:20:00,511653
Kostiantyn Kovalchuk_155141,Kostiantyn Kovalchuk,3,1,35,25,10,60,2021-08-06 12:25:00,511654
Serhii Pokidko_1541455366,Serhii Pokidko,1,1,43,46,-3,89,2021-08-06 12:25:00,511655
Serhii Poliakov_1075538901,Serhii Poliakov,-2,0,40,41,-1,81,2021-08-06 12:25:00,511656
D Tikhnenko_118374,D Tikhnenko,-1,0,56,53,3,109,2021-08-06 12:30:00,511657
Volodymyr Kononikhin_155289,Volodymyr Kononikhin,-2,0,32,40,-8,72,2021-08-06 12:30:00,511658
Kateryna Hubska_155156,Kateryna Hubska,2,1,46,37,9,83,2021-08-06 12:30:00,511659
Denys Nemchenko_130794454,Denys Nemchenko,2,1,37,26,11,63,2021-08-06 12:30:00,511660
M Kolar_26466,M Kolar,2,1,42,29,13,71,2021-08-06 12:32:00,511661
S Vardanyan_118341,S Vardanyan,3,1,35,27,8,62,2021-08-06 12:33:00,511662
Viacheslav Kovalenko_1629106294,Viacheslav Kovalenko,-3,0,11,33,-22,44,2021-08-06 12:35:00,511663
Roman Yushko_155088,Roman Yushko,2,1,41,31,10,72,2021-08-06 12:35:00,511664
Dmytro Kunchurov_155103,Dmytro Kunchurov,-2,0,36,47,-11,83,2021-08-06 12:40:00,511665
P Samsonov_118017,P Samsonov,2,1,24,6,18,30,2021-08-06 12:40:00,511666
Volodymyr Tuchkevych_848656500,Volodymyr Tuchkevych,-2,0,28,36,-8,64,2021-08-06 12:40:00,511667
K Simonov_118305,K Simonov,1,1,48,36,12,84,2021-08-06 12:45:00,511668
Viktor Bereza_155118,Viktor Bereza,2,1,41,31,10,72,2021-08-06 12:45:00,511669
Andrii Isaiev_850834764,Andrii Isaiev,3,1,33,25,8,58,2021-08-06 12:45:00,511670
Andrii Kotik_51105468,Andrii Kotik,2,1,41,38,3,79,2021-08-06 12:50:00,511671
Volodymyr Melnykov_155127,Volodymyr Melnykov,1,1,47,44,3,91,2021-08-06 12:50:00,511672
Roman Zholubak_155077,Roman Zholubak,-1,0,51,50,1,101,2021-08-06 12:50:00,511673
Josef Ruzicka_155328,Josef Ruzicka,2,1,41,36,5,77,2021-08-06 12:50:00,511674
Vasyl Kushnir_1544399879,Vasyl Kushnir,3,1,38,27,11,65,2021-08-06 12:55:00,511675
Vitalii Sydorenko_155142,Vitalii Sydorenko,1,1,49,47,2,96,2021-08-06 12:55:00,511676
A Tsitselskii_118342,A Tsitselskii,1,1,47,40,7,87,2021-08-06 12:59:00,511677
Serhii Kubrak_874316069,Serhii Kubrak,-3,0,30,36,-6,66,2021-08-06 13:00:00,511678
Vaclav Strejc_155301,Vaclav Strejc,1,1,50,35,15,85,2021-08-06 13:00:00,511679
Nataliia Svydnytska_155157,Nataliia Svydnytska,2,1,42,26,16,68,2021-08-06 13:00:00,511680
Oleksandr Goncharuk_155290,Oleksandr Goncharuk,-2,0,41,44,-3,85,2021-08-06 13:00:00,511681
Oleg Moshynskyy_1162347913,Oleg Moshynskyy,-3,0,12,33,-21,45,2021-08-06 13:00:00,511682
M Lysenko_118018,M Lysenko,1,1,28,24,4,52,2021-08-06 13:00:00,511683
Oleksandr Melashenko_155089,Oleksandr Melashenko,-2,0,35,42,-7,77,2021-08-06 13:05:00,511684
Dmytro Alekseenko_64267842,Dmytro Alekseenko,-1,0,47,51,-4,98,2021-08-06 13:05:00,511685
R Hasmanda_26441,R Hasmanda,-3,0,23,33,-10,56,2021-08-06 13:05:00,511686
Yu Lbov_118375,Yu Lbov,2,1,45,40,5,85,2021-08-06 13:08:00,511687
Roman Reznichenko_1046668909,Roman Reznichenko,-2,0,27,42,-15,69,2021-08-06 13:10:00,511688
Andrii Semeniuk_155104,Andrii Semeniuk,2,1,41,33,8,74,2021-08-06 13:10:00,511689
Volodymyr Tuchkevych_601985633,Volodymyr Tuchkevych,2,1,45,31,14,76,2021-08-06 13:15:00,511690
O Manuylov_118306,O Manuylov,-1,0,46,48,-2,94,2021-08-06 13:17:00,511691
Oleg Kolivay_155128,Oleg Kolivay,-1,0,34,49,-15,83,2021-08-06 13:20:00,511692
Dmytro Belanchyk_1814191623,Dmytro Belanchyk,-2,0,34,40,-6,74,2021-08-06 13:20:00,511693
Bohdan Havryliuk_155329,Bohdan Havryliuk,2,1,43,35,8,78,2021-08-06 13:20:00,511694
Oleksii Korobov_155143,Oleksii Korobov,-2,0,37,46,-9,83,2021-08-06 13:25:00,511695
Vadym Nechyporuk_1444715185,Vadym Nechyporuk,2,1,44,40,4,84,2021-08-06 13:25:00,511696
P Pycha_26442,P Pycha,2,1,42,30,12,72,2021-08-06 13:30:00,511697
Kateryna Somova_155158,Kateryna Somova,3,1,36,23,13,59,2021-08-06 13:30:00,511698
Andrii Hordii_1214979120,Andrii Hordii,-2,0,26,42,-16,68,2021-08-06 13:30:00,511699
Oleh Yurenev_155291,Oleh Yurenev,-2,0,32,43,-11,75,2021-08-06 13:30:00,511700
Artur Akopyan_155302,Artur Akopyan,-1,0,46,50,-4,96,2021-08-06 13:30:00,511701
S Vardanyan_118343,S Vardanyan,-2,0,33,37,-4,70,2021-08-06 13:32:00,511702
Pavlo Cherednichenko_1462357647,Pavlo Cherednichenko,1,1,50,46,4,96,2021-08-06 13:35:00,511703
Serhii Kuprykov_155090,Serhii Kuprykov,3,1,33,20,13,53,2021-08-06 13:35:00,511704
A Kazakov_118376,A Kazakov,1,1,51,47,4,98,2021-08-06 13:35:00,511705
Dmytro Derevinskyi_1257400102,Dmytro Derevinskyi,3,1,33,24,9,57,2021-08-06 13:35:00,511706
Bohdan Yurka_155105,Bohdan Yurka,-1,0,48,46,2,94,2021-08-06 13:40:00,511707
Oleksandr Kovalov_1833641703,Oleksandr Kovalov,1,1,51,45,6,96,2021-08-06 13:40:00,511708
Dmytro Baistriuchenko_410987647,Dmytro Baistriuchenko,-1,0,38,41,-3,79,2021-08-06 13:45:00,511709
Sergii Skhabitskiy_155330,Sergii Skhabitskiy,1,1,47,49,-2,96,2021-08-06 13:50:00,511710
Denys Kozlov_155129,Denys Kozlov,2,1,38,28,10,66,2021-08-06 13:50:00,511711
Anatolii Zapletniuk_1810847752,Anatolii Zapletniuk,3,1,33,20,13,53,2021-08-06 13:50:00,511712
K Simonov_118307,K Simonov,3,1,33,21,12,54,2021-08-06 13:52:00,511713
Andrii Isaiev_1482704374,Andrii Isaiev,2,1,41,32,9,73,2021-08-06 13:55:00,511714
Serhii Chuliukov_155144,Serhii Chuliukov,-1,0,47,45,2,92,2021-08-06 13:55:00,511715
V Pecka_26443,V Pecka,-3,0,26,33,-7,59,2021-08-06 14:00:00,511716
Kateryna Hubska_155331,Kateryna Hubska,-3,0,20,34,-14,54,2021-08-06 14:00:00,511717
Andrii Kotik_1862725462,Andrii Kotik,-2,0,34,43,-9,77,2021-08-06 14:00:00,511718
Artur Akopyan_155303,Artur Akopyan,-1,0,46,47,-1,93,2021-08-06 14:00:00,511719
Valerii Shepil_155292,Valerii Shepil,-2,0,26,42,-16,68,2021-08-06 14:00:00,511720
M Ilichev_118344,M Ilichev,-2,0,41,42,-1,83,2021-08-06 14:01:00,511721
Vasyl Kushnir_506847487,Vasyl Kushnir,-1,0,45,55,-10,100,2021-08-06 14:05:00,511722
Taras Bonishchuk_155091,Taras Bonishchuk,2,1,37,32,5,69,2021-08-06 14:05:00,511723
Yu Lbov_118377,Yu Lbov,-2,0,37,42,-5,79,2021-08-06 14:08:00,511724
Iulii Khomutovskyi_155106,Iulii Khomutovskyi,2,1,41,33,8,74,2021-08-06 14:10:00,511725
Oleksandr Zhuravlov_1434549539,Oleksandr Zhuravlov,3,1,33,20,13,53,2021-08-06 14:10:00,511726
Mykhailo Presniakov_1618172436,Mykhailo Presniakov,-1,0,39,48,-9,87,2021-08-06 14:10:00,511727
Denys Nemchenko_1558939402,Denys Nemchenko,-1,0,38,49,-11,87,2021-08-06 14:15:00,511728
A Poprocky_118308,A Poprocky,2,1,39,31,8,70,2021-08-06 14:15:00,511729
Volodymyr Melnykov_155130,Volodymyr Melnykov,-3,0,22,33,-11,55,2021-08-06 14:20:00,511730
Viacheslav Kovalenko_515132278,Viacheslav Kovalenko,1,1,49,49,0,98,2021-08-06 14:20:00,511731
Dmitriy Zaporozhets_1188777375,Dmitriy Zaporozhets,-1,0,51,52,-1,103,2021-08-06 14:25:00,511732
Vitalii Sydorenko_155145,Vitalii Sydorenko,3,1,33,9,24,42,2021-08-06 14:25:00,511733
R Pavelka_26444,R Pavelka,3,1,33,21,12,54,2021-08-06 14:30:00,511734
Kateryna Somova_155332,Kateryna Somova,1,1,49,49,0,98,2021-08-06 14:30:00,511735
Vaclav Strejc_155304,Vaclav Strejc,1,1,53,47,6,100,2021-08-06 14:30:00,511736
Oleh Yurenev_155293,Oleh Yurenev,2,1,37,26,11,63,2021-08-06 14:30:00,511737
Dmytro Belanchyk_1486149275,Dmytro Belanchyk,2,1,42,21,21,63,2021-08-06 14:30:00,511738
Vadym Nechyporuk_1032316888,Vadym Nechyporuk,-2,0,38,46,-8,84,2021-08-06 14:35:00,511739
Serhii Kuprykov_155092,Serhii Kuprykov,2,1,43,33,10,76,2021-08-06 14:35:00,511740
M Ilichev_118477,M Ilichev,3,1,33,26,7,59,2021-08-06 14:35:00,511741
D Tikhnenko_118378,D Tikhnenko,-1,0,50,52,-2,102,2021-08-06 14:37:00,511742
Andrii Hordii_421116959,Andrii Hordii,-2,0,24,41,-17,65,2021-08-06 14:40:00,511743
Bohdan Yurka_155107,Bohdan Yurka,1,1,50,48,2,98,2021-08-06 14:40:00,511744
Pavlo Plushch_1717517690,Pavlo Plushch,2,1,37,31,6,68,2021-08-06 14:45:00,511745
Oleksandr Zhuravlov_814152739,Oleksandr Zhuravlov,-2,0,30,43,-13,73,2021-08-06 14:45:00,511746
A Kolmin_118479,A Kolmin,-3,0,17,33,-16,50,2021-08-06 14:48:00,511747
Oleg Hubanishchev_155131,Oleg Hubanishchev,-3,0,19,34,-15,53,2021-08-06 14:50:00,511748
Anton Veliiev_226052665,Anton Veliiev,-3,0,27,34,-7,61,2021-08-06 14:50:00,511749
Hennadii Portnov_155146,Hennadii Portnov,-1,0,50,49,1,99,2021-08-06 14:55:00,511750
Michal Raska_155305,Michal Raska,-3,0,28,35,-7,63,2021-08-06 15:00:00,511751
S Vardanyan_118478,S Vardanyan,1,1,49,51,-2,100,2021-08-06 15:00:00,511752
Oleh Ponomarenko_155294,Oleh Ponomarenko,-3,0,22,33,-11,55,2021-08-06 15:00:00,511753
Anatolii Zapletniuk_1171392259,Anatolii Zapletniuk,1,1,43,49,-6,92,2021-08-06 15:00:00,511754
V Pecka_26445,V Pecka,3,1,33,18,15,51,2021-08-06 15:00:00,511755
Oleh Skoryk_155093,Oleh Skoryk,1,1,48,50,-2,98,2021-08-06 15:05:00,511756
Vitalii Protopopov_291065096,Vitalii Protopopov,2,1,45,42,3,87,2021-08-06 15:05:00,511757
Nazarii Hrytsyienko_333147103,Nazarii Hrytsyienko,2,1,36,27,9,63,2021-08-06 15:10:00,511758
Nazarii Danyliuk_1666523810,Nazarii Danyliuk,-3,0,28,35,-7,63,2021-08-06 15:15:00,511759
A Poprocky_118480,A Poprocky,-3,0,18,33,-15,51,2021-08-06 15:17:00,511760
Serhii Poliakov_1093690815,Serhii Poliakov,-3,0,19,33,-14,52,2021-08-06 15:20:00,511761
Vasyl Moshovskyi_155161,Vasyl Moshovskyi,3,1,34,23,11,57,2021-08-06 15:20:00,511762
D Tikhnenko_118481,D Tikhnenko,2,1,43,30,13,73,2021-08-06 15:20:00,511763
Serhii Kubrak_874242017,Serhii Kubrak,-2,0,39,39,0,78,2021-08-06 15:20:00,511764
Volodymyr Melnykov_155132,Volodymyr Melnykov,-3,0,22,37,-15,59,2021-08-06 15:20:00,511765
Denys Nemchenko_1044636753,Denys Nemchenko,2,1,44,39,5,83,2021-08-06 15:25:00,511766
Vitalii Sydorenko_155147,Vitalii Sydorenko,-1,0,45,51,-6,96,2021-08-06 15:25:00,511767
P Pycha_26446,P Pycha,2,1,37,35,2,72,2021-08-06 15:29:00,511768
Oleksandr Kolbasenko_155176,Oleksandr Kolbasenko,2,1,41,33,8,74,2021-08-06 15:30:00,511769
Vaclav Strejc_155306,Vaclav Strejc,-1,0,42,42,0,84,2021-08-06 15:30:00,511770
M Gusev_118345,M Gusev,-2,0,25,40,-15,65,2021-08-06 15:35:00,511771
Mykhailo Marchuk_24629205,Mykhailo Marchuk,-3,0,27,33,-6,60,2021-08-06 15:35:00,511772
Igor Trydukh_155191,Igor Trydukh,-3,0,22,33,-11,55,2021-08-06 15:35:00,511773
Andrey Gnatyuk_1012848966,Andrey Gnatyuk,1,1,45,40,5,85,2021-08-06 15:40:00,511774
Borys Kostiuk_155206,Borys Kostiuk,-1,0,48,49,-1,97,2021-08-06 15:40:00,511775
Yu Lbov_118482,Yu Lbov,1,1,58,55,3,113,2021-08-06 15:43:00,511776
Vadym Ishchuk_155221,Vadym Ishchuk,3,1,33,15,18,48,2021-08-06 15:45:00,511777
Stepan Nykyforuk_102450987,Stepan Nykyforuk,1,1,51,43,8,94,2021-08-06 15:50:00,511778
Viktor Dushak_155133,Viktor Dushak,1,1,57,53,4,110,2021-08-06 15:50:00,511779
Mykola Shyshkin_155162,Mykola Shyshkin,-2,0,40,39,1,79,2021-08-06 15:50:00,511780
A Vlasov_118311,A Vlasov,-3,0,17,33,-16,50,2021-08-06 15:51:00,511781
Kostiantyn Kovalchuk_155148,Kostiantyn Kovalchuk,-2,0,36,38,-2,74,2021-08-06 15:55:00,511782
Vadym Grushko_1838990483,Vadym Grushko,-2,0,38,39,-1,77,2021-08-06 15:55:00,511783
Oleksandr Buberenko_155177,Oleksandr Buberenko,-1,0,47,44,3,91,2021-08-06 16:00:00,511784
Igor Sukovatyi_656003147,Igor Sukovatyi,-1,0,45,52,-7,97,2021-08-06 16:00:00,511785
M Sverdlov_118346,M Sverdlov,3,1,33,12,21,45,2021-08-06 16:00:00,511786
R Hasmanda_26491,R Hasmanda,2,1,39,30,9,69,2021-08-06 16:02:00,511787
Maksym Marchuk_155192,Maksym Marchuk,1,1,49,41,8,90,2021-08-06 16:05:00,511788
Anatolii Hritchenko_811441696,Anatolii Hritchenko,2,1,38,28,10,66,2021-08-06 16:10:00,511789
Yaroslav Tkachenko_155207,Yaroslav Tkachenko,3,1,33,23,10,56,2021-08-06 16:10:00,511790
Vitalii Krivenko_690106319,Vitalii Krivenko,-1,0,43,47,-4,90,2021-08-06 16:15:00,511791
Egor Kovpak_155222,Egor Kovpak,-3,0,25,33,-8,58,2021-08-06 16:15:00,511792
K Bystrushkin_118312,K Bystrushkin,2,1,39,33,6,72,2021-08-06 16:17:00,511793
Denys Kvyk_155163,Denys Kvyk,3,1,33,22,11,55,2021-08-06 16:20:00,511794
Michal Raska_155363,Michal Raska,-2,0,28,37,-9,65,2021-08-06 16:20:00,511795
Viktor Trachuk_575256042,Viktor Trachuk,1,1,47,41,6,88,2021-08-06 16:20:00,511796
A Libatskaya_118379,A Libatskaya,-3,0,15,33,-18,48,2021-08-06 16:25:00,511797
Oleksandr Kovalchuk_155236,Oleksandr Kovalchuk,2,1,42,37,5,79,2021-08-06 16:25:00,511798
Yaroslav Vorsuliak_120889468,Yaroslav Vorsuliak,3,1,33,27,6,60,2021-08-06 16:25:00,511799
Yurii Kolesnyk_155178,Yurii Kolesnyk,-2,0,41,53,-12,94,2021-08-06 16:30:00,511800
P Pycha_26492,P Pycha,-2,0,26,41,-15,67,2021-08-06 16:30:00,511801
Vitaliy Khamurda_230264084,Vitaliy Khamurda,2,1,39,32,7,71,2021-08-06 16:30:00,511802
A Yakovlev_118347,A Yakovlev,3,1,34,25,9,59,2021-08-06 16:31:00,511803
Hryhorii Kulishov_155193,Hryhorii Kulishov,-2,0,36,43,-7,79,2021-08-06 16:35:00,511804
Serhii Ponomarenko_695955553,Serhii Ponomarenko,1,1,45,39,6,84,2021-08-06 16:35:00,511805
Nazar Kasianyk_155208,Nazar Kasianyk,2,1,41,32,9,73,2021-08-06 16:40:00,511806
Denys Vakulenko_547358501,Denys Vakulenko,-2,0,33,42,-9,75,2021-08-06 16:40:00,511807
Mykhailo Marchuk_1000478268,Mykhailo Marchuk,3,1,36,29,7,65,2021-08-06 16:45:00,511808
V Kandybina_118380,V Kandybina,2,1,42,43,-1,85,2021-08-06 16:45:00,511809
Oleksandr Hryshchenko_155223,Oleksandr Hryshchenko,-1,0,47,56,-9,103,2021-08-06 16:45:00,511810
V Beliakov_118313,V Beliakov,1,1,42,38,4,80,2021-08-06 16:46:00,511811
Mykola Shyshkin_155164,Mykola Shyshkin,-2,0,26,40,-14,66,2021-08-06 16:50:00,511812
Vitalii Krivenko_2038356851,Vitalii Krivenko,3,1,33,23,10,56,2021-08-06 16:50:00,511813
Jan Blazek_155364,Jan Blazek,-2,0,31,41,-10,72,2021-08-06 16:50:00,511814
Oleksandr Dukhovenko_155237,Oleksandr Dukhovenko,1,1,45,42,3,87,2021-08-06 16:55:00,511815
Vladimir Malashevsky_859943351,Vladimir Malashevsky,3,1,35,29,6,64,2021-08-06 16:55:00,511816
A Zabrodin_118348,A Zabrodin,-3,0,21,35,-14,56,2021-08-06 17:00:00,511817
Lubomir Kriz_155307,Lubomir Kriz,1,1,56,51,5,107,2021-08-06 17:00:00,511818
Oleksandr Buberenko_155179,Oleksandr Buberenko,2,1,40,37,3,77,2021-08-06 17:00:00,511819
Stepan Nykyforuk_1600804387,Stepan Nykyforuk,1,1,53,51,2,104,2021-08-06 17:00:00,511820
P Gireth_26447,P Gireth,-1,0,41,51,-10,92,2021-08-06 17:01:00,511821
Vadym Grushko_1662675726,Vadym Grushko,1,1,53,47,6,100,2021-08-06 17:05:00,511822
Maksym Marchuk_155194,Maksym Marchuk,-3,0,20,33,-13,53,2021-08-06 17:05:00,511823
Vitalii Vovk_1659358628,Vitalii Vovk,-3,0,25,35,-10,60,2021-08-06 17:10:00,511824
Yaroslav Tkachenko_155209,Yaroslav Tkachenko,3,1,34,23,11,57,2021-08-06 17:10:00,511825
A Shabanova_118381,A Shabanova,2,1,38,33,5,71,2021-08-06 17:12:00,511826
Serhii Ponomarenko_2104118557,Serhii Ponomarenko,2,1,40,36,4,76,2021-08-06 17:15:00,511827
Egor Kovpak_155224,Egor Kovpak,2,1,41,35,6,76,2021-08-06 17:15:00,511828
I Abelmasov_118314,I Abelmasov,3,1,33,25,8,58,2021-08-06 17:17:00,511829
Oleg Mikluha_322109391,Oleg Mikluha,-3,0,21,33,-12,54,2021-08-06 17:20:00,511830
Vasyl Moshovskyi_155165,Vasyl Moshovskyi,-3,0,23,33,-10,56,2021-08-06 17:20:00,511831
Andrey Gnatyuk_428135120,Andrey Gnatyuk,-3,0,25,35,-10,60,2021-08-06 17:25:00,511832
Oleksandr Kovalchuk_155238,Oleksandr Kovalchuk,-2,0,35,43,-8,78,2021-08-06 17:25:00,511833
Viktor Trachuk_1029154878,Viktor Trachuk,-2,0,33,42,-9,75,2021-08-06 17:30:00,511834
Vaclav Ezr_155308,Vaclav Ezr,2,1,42,31,11,73,2021-08-06 17:30:00,511835
Oleksandr Kolbasenko_155180,Oleksandr Kolbasenko,1,1,48,44,4,92,2021-08-06 17:30:00,511836
A Yakovlev_118349,A Yakovlev,2,1,41,24,17,65,2021-08-06 17:30:00,511837
D Salomon_26448,D Salomon,-3,0,25,34,-9,59,2021-08-06 17:35:00,511838
Igor Trydukh_155195,Igor Trydukh,2,1,42,28,14,70,2021-08-06 17:35:00,511839
Oleg Savenkov_1758082357,Oleg Savenkov,1,1,58,47,11,105,2021-08-06 17:35:00,511840
N Malinina_118382,N Malinina,-1,0,40,46,-6,86,2021-08-06 17:40:00,511841
Borys Kostiuk_155210,Borys Kostiuk,-2,0,27,42,-15,69,2021-08-06 17:40:00,511842
Oleksandr Naida_1494030569,Oleksandr Naida,-2,0,30,38,-8,68,2021-08-06 17:40:00,511843
V Beliakov_118315,V Beliakov,2,1,38,28,10,66,2021-08-06 17:45:00,511844
Vadym Ishchuk_155225,Vadym Ishchuk,2,1,44,30,14,74,2021-08-06 17:45:00,511845
Vitalii Vovk_1472979235,Vitalii Vovk,2,1,43,36,7,79,2021-08-06 17:45:00,511846
Serhii Ponomarenko_481533889,Serhii Ponomarenko,-3,0,28,34,-6,62,2021-08-06 17:50:00,511847
Oleh Holiak_155166,Oleh Holiak,-1,0,50,47,3,97,2021-08-06 17:50:00,511848
Anatolii Hritchenko_330525663,Anatolii Hritchenko,2,1,42,33,9,75,2021-08-06 17:55:00,511849
Andrii Kovrikov_155239,Andrii Kovrikov,3,1,33,16,17,49,2021-08-06 17:55:00,511850
M Sverdlov_118350,M Sverdlov,-3,0,22,33,-11,55,2021-08-06 18:00:00,511851
Ja Kanera_26449,Ja Kanera,-1,0,43,47,-4,90,2021-08-06 18:00:00,511852
Roman Hnoievoi_155181,Roman Hnoievoi,-1,0,39,51,-12,90,2021-08-06 18:00:00,511853
Vaclav Ezr_155309,Vaclav Ezr,-3,0,36,42,-6,78,2021-08-06 18:00:00,511854
Vitalii Marushchak_518896075,Vitalii Marushchak,1,1,52,37,15,89,2021-08-06 18:00:00,511855
Pavlo Khakhamidi_155196,Pavlo Khakhamidi,3,1,34,23,11,57,2021-08-06 18:05:00,511856
Viktor Kotov_1507751121,Viktor Kotov,2,1,42,28,14,70,2021-08-06 18:05:00,511857
A Shabanova_118383,A Shabanova,-2,0,34,44,-10,78,2021-08-06 18:09:00,511858
Yaroslav Vorsuliak_951163901,Yaroslav Vorsuliak,-3,0,27,37,-10,64,2021-08-06 18:10:00,511859
Ivan Udovenko_155211,Ivan Udovenko,1,1,56,49,7,105,2021-08-06 18:10:00,511860
Ihor Rubanka_155226,Ihor Rubanka,-3,0,19,33,-14,52,2021-08-06 18:15:00,511861
K Bystrushkin_118316,K Bystrushkin,-2,0,32,41,-9,73,2021-08-06 18:15:00,511862
Vitaliy Khamurda_1564907759,Vitaliy Khamurda,-1,0,46,52,-6,98,2021-08-06 18:15:00,511863
Denys Kvyk_155167,Denys Kvyk,-2,0,36,44,-8,80,2021-08-06 18:20:00,511864
Serhii Ponomarenko_1172870437,Serhii Ponomarenko,-1,0,51,50,1,101,2021-08-06 18:20:00,511865
Denys Vakulenko_1286887684,Denys Vakulenko,2,1,39,27,12,66,2021-08-06 18:25:00,511866
Oleksandr Dukhovenko_155240,Oleksandr Dukhovenko,-3,0,24,33,-9,57,2021-08-06 18:25:00,511867
Lubomir Kriz_155310,Lubomir Kriz,-1,0,39,47,-8,86,2021-08-06 18:30:00,511868
A Zabrodin_118540,A Zabrodin,-2,0,31,39,-8,70,2021-08-06 18:30:00,511869
Mykhailo Marchuk_551904811,Mykhailo Marchuk,1,1,53,46,7,99,2021-08-06 18:30:00,511870
Yurii Kolesnyk_155182,Yurii Kolesnyk,2,1,43,35,8,78,2021-08-06 18:30:00,511871
Jo Kutifel_26450,Jo Kutifel,1,1,48,38,10,86,2021-08-06 18:31:00,511872
V Kandybina_118384,V Kandybina,1,1,49,37,12,86,2021-08-06 18:32:00,511873
Andrey Gnatyuk_115238913,Andrey Gnatyuk,-2,0,29,43,-14,72,2021-08-06 18:35:00,511874
Hryhorii Kulishov_155197,Hryhorii Kulishov,3,1,33,19,14,52,2021-08-06 18:35:00,511875
Vladimir Malashevsky_1422373093,Vladimir Malashevsky,1,1,49,49,0,98,2021-08-06 18:40:00,511876
Nazar Kasianyk_155212,Nazar Kasianyk,-2,0,35,41,-6,76,2021-08-06 18:40:00,511877
Oleksandr Hryshchenko_155227,Oleksandr Hryshchenko,3,1,33,19,14,52,2021-08-06 18:45:00,511878
Stepan Nykyforuk_910644614,Stepan Nykyforuk,2,1,39,35,4,74,2021-08-06 18:45:00,511879
K Bystrushkin_118541,K Bystrushkin,1,1,48,34,14,82,2021-08-06 18:46:00,511880
Mykola Shyshkin_155168,Mykola Shyshkin,-1,0,42,47,-5,89,2021-08-06 18:50:00,511881
Vadym Grushko_1154831243,Vadym Grushko,-2,0,34,40,-6,74,2021-08-06 18:50:00,511882
Vitalii Vovk_757354964,Vitalii Vovk,-3,0,17,33,-16,50,2021-08-06 18:55:00,511883
Oleksandr Kovalchuk_155241,Oleksandr Kovalchuk,-1,0,50,51,-1,101,2021-08-06 18:55:00,511884
Ja Kanera_26451,Ja Kanera,-3,0,19,33,-14,52,2021-08-06 19:00:00,511885
A Yakovlev_118539,A Yakovlev,-1,0,45,49,-4,94,2021-08-06 19:00:00,511886
Oleksandr Buberenko_155183,Oleksandr Buberenko,-3,0,21,34,-13,55,2021-08-06 19:00:00,511887
Serhii Ponomarenko_1294479517,Serhii Ponomarenko,3,1,33,18,15,51,2021-08-06 19:00:00,511888
Ludek Pych_155311,Ludek Pych,-1,0,47,52,-5,99,2021-08-06 19:00:00,511889
Maksym Marchuk_155198,Maksym Marchuk,3,1,33,23,10,56,2021-08-06 19:05:00,511890
Oleg Mikluha_1911042969,Oleg Mikluha,-1,0,47,44,3,91,2021-08-06 19:05:00,511891
Vadym Shvydkyi_1859055787,Vadym Shvydkyi,1,1,52,44,8,96,2021-08-06 19:10:00,511892
A Libatskaya_118543,A Libatskaya,2,1,43,38,5,81,2021-08-06 19:10:00,511893
Yaroslav Tkachenko_155213,Yaroslav Tkachenko,2,1,42,27,15,69,2021-08-06 19:10:00,511894
Egor Kovpak_155228,Egor Kovpak,-1,0,38,52,-14,90,2021-08-06 19:15:00,511895
Viktor Trachuk_1848886575,Viktor Trachuk,2,1,47,38,9,85,2021-08-06 19:15:00,511896
V Beliakov_118542,V Beliakov,1,1,57,50,7,107,2021-08-06 19:18:00,511897
Oleg Savenkov_1670167532,Oleg Savenkov,-3,0,22,33,-11,55,2021-08-06 19:20:00,511898
Volodymyr Voronenkov_155246,Volodymyr Voronenkov,-3,0,21,34,-13,55,2021-08-06 19:20:00,511899
Vasyl Moshovskyi_155169,Vasyl Moshovskyi,3,1,33,23,10,56,2021-08-06 19:20:00,511900
Oleksandr Naida_1099980534,Oleksandr Naida,2,1,44,30,14,74,2021-08-06 19:25:00,511901
Oleksandr Dukhovenko_155242,Oleksandr Dukhovenko,-2,0,39,43,-4,82,2021-08-06 19:25:00,511902
Vitalii Vovk_1198828365,Vitalii Vovk,2,1,42,33,9,75,2021-08-06 19:30:00,511903
Oleksandr Kolbasenko_155184,Oleksandr Kolbasenko,2,1,41,29,12,70,2021-08-06 19:30:00,511904
D Salomon_26452,D Salomon,1,1,38,45,-7,83,2021-08-06 19:30:00,511905
Lubomir Kriz_155312,Lubomir Kriz,1,1,47,48,-1,95,2021-08-06 19:30:00,511906
Igor Trydukh_155199,Igor Trydukh,2,1,40,30,10,70,2021-08-06 19:35:00,511907
Serhii Ponomarenko_1452454388,Serhii Ponomarenko,-1,0,38,48,-10,86,2021-08-06 19:35:00,511908
V Kasatkin_118351,V Kasatkin,1,1,56,50,6,106,2021-08-06 19:40:00,511909
Anatolii Hritchenko_1932621968,Anatolii Hritchenko,-3,0,17,33,-16,50,2021-08-06 19:40:00,511910
Borys Kostiuk_155214,Borys Kostiuk,1,1,52,41,11,93,2021-08-06 19:40:00,511911
N Malinina_118544,N Malinina,-1,0,44,44,0,88,2021-08-06 19:40:00,511912
Vadym Ishchuk_155229,Vadym Ishchuk,2,1,50,45,5,95,2021-08-06 19:45:00,511913
Andrey Gnatyuk_115199579,Andrey Gnatyuk,-1,0,47,52,-5,99,2021-08-06 19:45:00,511914
Vitalii Rychkov_155247,Vitalii Rychkov,-1,0,40,44,-4,84,2021-08-06 19:50:00,511915
Oleh Holiak_155170,Oleh Holiak,-1,0,43,41,2,84,2021-08-06 19:50:00,511916
Viktor Kotov_816813370,Viktor Kotov,1,1,49,49,0,98,2021-08-06 19:50:00,511917
Andrii Kovrikov_155243,Andrii Kovrikov,2,1,37,33,4,70,2021-08-06 19:55:00,511918
Yaroslav Vorsuliak_978812466,Yaroslav Vorsuliak,2,1,44,39,5,83,2021-08-06 19:55:00,511919
Roman Hnoievoi_155185,Roman Hnoievoi,-1,0,46,47,-1,93,2021-08-06 20:00:00,511920
Vitaliy Khamurda_1025877532,Vitaliy Khamurda,1,1,47,40,7,87,2021-08-06 20:00:00,511921
N Lyfenko_118317,N Lyfenko,-2,0,34,35,-1,69,2021-08-06 20:00:00,511922
D Salomon_26493,D Salomon,2,1,39,33,6,72,2021-08-06 20:03:00,511923
S Korolev_118391,S Korolev,3,1,33,20,13,53,2021-08-06 20:04:00,511924
Yana Zakladna_2095070677,Yana Zakladna,-3,0,16,33,-17,49,2021-08-06 20:05:00,511925
Pavlo Khakhamidi_155200,Pavlo Khakhamidi,-2,0,32,43,-11,75,2021-08-06 20:05:00,511926
Tatiana Bairak_652235812,Tatiana Bairak,2,1,44,32,12,76,2021-08-06 20:10:00,511927
Ivan Udovenko_155215,Ivan Udovenko,2,1,41,31,10,72,2021-08-06 20:10:00,511928
Ihor Rubanka_155230,Ihor Rubanka,-1,0,47,51,-4,98,2021-08-06 20:15:00,511929
Ruslan Kovalchuk_1018791702,Ruslan Kovalchuk,2,1,41,38,3,79,2021-08-06 20:15:00,511930
I Zemit_118352,I Zemit,-3,0,23,36,-13,59,2021-08-06 20:17:00,511931
Volodymyr Voronenkov_155248,Volodymyr Voronenkov,-1,0,45,52,-7,97,2021-08-06 20:20:00,511932
Denys Kvyk_155171,Denys Kvyk,2,1,40,28,12,68,2021-08-06 20:20:00,511933
Andrey Gnatyuk_1897504501,Andrey Gnatyuk,-2,0,30,42,-12,72,2021-08-06 20:20:00,511934
P Pinkovskii_118392,P Pinkovskii,3,1,33,23,10,56,2021-08-06 20:21:00,511935
V Marshalov_118318,V Marshalov,-3,0,26,33,-7,59,2021-08-06 20:21:00,511936
Vladimir Malashevsky_1366932779,Vladimir Malashevsky,-3,0,19,33,-14,52,2021-08-06 20:25:00,511937
Oleksandr Kovalchuk_155244,Oleksandr Kovalchuk,-2,0,40,48,-8,88,2021-08-06 20:25:00,511938
Roman Pinchuk_1296685391,Roman Pinchuk,-3,0,17,33,-16,50,2021-08-06 20:30:00,511939
Yurii Kolesnyk_155186,Yurii Kolesnyk,-2,0,37,37,0,74,2021-08-06 20:30:00,511940
Ludek Pych_155572,Ludek Pych,-1,0,51,48,3,99,2021-08-06 20:30:00,511941
P Gireth_26494,P Gireth,-2,0,31,41,-10,72,2021-08-06 20:30:00,511942
Hryhorii Kulishov_155201,Hryhorii Kulishov,-1,0,46,47,-1,93,2021-08-06 20:35:00,511943
Spartak Abalmaz_478383,Spartak Abalmaz,3,1,33,19,14,52,2021-08-06 20:35:00,511944
S Burov_118353,S Burov,-2,0,36,41,-5,77,2021-08-06 20:36:00,511945
Nazar Kasianyk_155216,Nazar Kasianyk,-3,0,20,33,-13,53,2021-08-06 20:40:00,511946
Tatiana Bairak_779878908,Tatiana Bairak,2,1,42,33,9,75,2021-08-06 20:40:00,511947
Yuliia Yemelianenko_2092985164,Yuliia Yemelianenko,-3,0,19,33,-14,52,2021-08-06 20:45:00,511948
B Grebenyuk_118319,B Grebenyuk,-1,0,32,41,-9,73,2021-08-06 20:45:00,511949
Oleksandr Hryshchenko_155231,Oleksandr Hryshchenko,2,1,40,33,7,73,2021-08-06 20:45:00,511950
V Fedorov_118393,V Fedorov,3,1,35,22,13,57,2021-08-06 20:46:00,511951
Nazar Mosiuk_155249,Nazar Mosiuk,1,1,49,47,2,96,2021-08-06 20:50:00,511952
Mykhailo Marchuk_1888406521,Mykhailo Marchuk,-1,0,46,42,4,88,2021-08-06 20:50:00,511953
Vasyl Moshovskyi_155172,Vasyl Moshovskyi,-3,0,25,37,-12,62,2021-08-06 20:50:00,511954
Yevhen Kyi_155245,Yevhen Kyi,-1,0,45,44,1,89,2021-08-06 20:55:00,511955
Vadym Shvydkyi_1584759829,Vadym Shvydkyi,-2,0,33,39,-6,72,2021-08-06 20:55:00,511956
Oleksandr Kolbasenko_155187,Oleksandr Kolbasenko,3,1,34,27,7,61,2021-08-06 21:00:00,511957
Libor Matysek_155313,Libor Matysek,-3,0,19,34,-15,53,2021-08-06 21:00:00,511958
Matej Stach_155573,Matej Stach,2,1,40,29,11,69,2021-08-06 21:00:00,511959
Oleh Formaziuk_1003830620,Oleh Formaziuk,2,1,39,30,9,69,2021-08-06 21:00:00,511960
G Bardyshev_118354,G Bardyshev,-1,0,49,61,-12,110,2021-08-06 21:01:00,511961
Igor Trydukh_155202,Igor Trydukh,-2,0,38,44,-6,82,2021-08-06 21:05:00,511962
Stepan Nykyforuk_1493200403,Stepan Nykyforuk,-2,0,36,43,-7,79,2021-08-06 21:05:00,511963
Vadym Grushko_1561005684,Vadym Grushko,3,1,33,16,17,49,2021-08-06 21:10:00,511964
Borys Kostiuk_155217,Borys Kostiuk,-1,0,43,47,-4,90,2021-08-06 21:10:00,511965
jr. Havlik_26453,jr. Havlik,-1,0,51,53,-2,104,2021-08-06 21:14:00,511966
Tatiana Bairak_682292316,Tatiana Bairak,-1,0,42,52,-10,94,2021-08-06 21:15:00,511967
Vadym Ishchuk_155232,Vadym Ishchuk,1,1,54,50,4,104,2021-08-06 21:15:00,511968
S Nikulin_118320,S Nikulin,-2,0,40,45,-5,85,2021-08-06 21:17:00,511969
R Homenko_118394,R Homenko,-3,0,21,34,-13,55,2021-08-06 21:17:00,511970
Yuliia Yemelianenko_829002229,Yuliia Yemelianenko,3,1,35,28,7,63,2021-08-06 21:20:00,511971
Vitalii Rychkov_155250,Vitalii Rychkov,-1,0,47,44,3,91,2021-08-06 21:20:00,511972
Mykhailo Hlaholev_155173,Mykhailo Hlaholev,-2,0,31,38,-7,69,2021-08-06 21:20:00,511973
Andrii Karpenko_483338290,Andrii Karpenko,-2,0,34,42,-8,76,2021-08-06 21:25:00,511974
Oleksandr Borysiuk_155188,Oleksandr Borysiuk,1,1,48,50,-2,98,2021-08-06 21:30:00,511975
Krystof Prida_155314,Krystof Prida,3,1,35,26,9,61,2021-08-06 21:30:00,511976
Vitalii Krivenko_297184940,Vitalii Krivenko,2,1,37,31,6,68,2021-08-06 21:30:00,511977
Oleksandr Dukhovenko_155574,Oleksandr Dukhovenko,2,1,43,33,10,76,2021-08-06 21:35:00,511978
Serhii Sokolov_155203,Serhii Sokolov,-1,0,44,49,-5,93,2021-08-06 21:35:00,511979
Viktor Trachuk_420982645,Viktor Trachuk,1,1,49,45,4,94,2021-08-06 21:35:00,511980
Oleg Savenkov_1964576073,Oleg Savenkov,-2,0,36,39,-3,75,2021-08-06 21:40:00,511981
Yevhen Skorobahatyi_155218,Yevhen Skorobahatyi,2,1,48,39,9,87,2021-08-06 21:40:00,511982
R Rose_26454,R Rose,1,1,45,45,0,90,2021-08-06 21:43:00,511983
V Fedorov_118395,V Fedorov,2,1,42,31,11,73,2021-08-06 21:45:00,511984
Andrii Skliarenko_155233,Andrii Skliarenko,2,1,44,33,11,77,2021-08-06 21:45:00,511985
Vitaliy Khamurda_1379213938,Vitaliy Khamurda,-1,0,40,47,-7,87,2021-08-06 21:45:00,511986
S Burov_118355,S Burov,-1,0,43,46,-3,89,2021-08-06 21:45:00,511987
B Grebenyuk_118321,B Grebenyuk,-3,0,20,33,-13,53,2021-08-06 21:47:00,511988
Vasyl Moshovskyi_155174,Vasyl Moshovskyi,-1,0,53,53,0,106,2021-08-06 21:50:00,511989
Yana Zakladna_780547556,Yana Zakladna,-3,0,18,33,-15,51,2021-08-06 21:50:00,511990
Volodymyr Voronenkov_155251,Volodymyr Voronenkov,-1,0,48,52,-4,100,2021-08-06 21:50:00,511991
Yuliia Yemelianenko_1274115474,Yuliia Yemelianenko,1,1,52,51,1,103,2021-08-06 21:55:00,511992
Anatolii Hritchenko_1704696418,Anatolii Hritchenko,-1,0,45,47,-2,92,2021-08-06 22:00:00,511993
Oleksandr Kolbasenko_155189,Oleksandr Kolbasenko,2,1,38,30,8,68,2021-08-06 22:00:00,511994
Krystof Prida_155315,Krystof Prida,-1,0,46,56,-10,102,2021-08-06 22:00:00,511995
Serhii Tkachev_155575,Serhii Tkachev,-2,0,30,42,-12,72,2021-08-06 22:05:00,511996
Vadym Shvydkyi_454765151,Vadym Shvydkyi,2,1,42,30,12,72,2021-08-06 22:05:00,511997
Igor Trydukh_155204,Igor Trydukh,1,1,42,38,4,80,2021-08-06 22:05:00,511998
Borys Kostiuk_155219,Borys Kostiuk,3,1,37,21,16,58,2021-08-06 22:10:00,511999
Viktor Kotov_839557551,Viktor Kotov,-2,0,33,41,-8,74,2021-08-06 22:10:00,512000
I Zemit_118356,I Zemit,-2,0,40,46,-6,86,2021-08-06 22:12:00,512001
P Bradac_26455,P Bradac,-1,0,44,43,1,87,2021-08-06 22:15:00,512002
Stepan Nykyforuk_368877411,Stepan Nykyforuk,-3,0,26,33,-7,59,2021-08-06 22:15:00,512003
P Pinkovskii_118396,P Pinkovskii,-1,0,38,47,-9,85,2021-08-06 22:15:00,512004
Vadym Ishchuk_155234,Vadym Ishchuk,-2,0,31,44,-13,75,2021-08-06 22:15:00,512005
V Marshalov_118322,V Marshalov,-2,0,39,46,-7,85,2021-08-06 22:16:00,512006
Mykola Shyshkin_155175,Mykola Shyshkin,1,1,52,44,8,96,2021-08-06 22:20:00,512007
Vitalii Rychkov_155252,Vitalii Rychkov,3,1,33,14,19,47,2021-08-06 22:20:00,512008
Vadym Grushko_86975363,Vadym Grushko,-2,0,36,36,0,72,2021-08-06 22:20:00,512009
Yuliia Yemelianenko_616790965,Yuliia Yemelianenko,-1,0,46,51,-5,97,2021-08-06 22:25:00,512010
Tatiana Bairak_1468610782,Tatiana Bairak,3,1,33,25,8,58,2021-08-06 22:30:00,512011
Libor Matysek_155316,Libor Matysek,1,1,49,39,10,88,2021-08-06 22:30:00,512012
Oleksandr Buberenko_155190,Oleksandr Buberenko,-2,0,33,40,-7,73,2021-08-06 22:30:00,512013
Maksym Marchuk_155205,Maksym Marchuk,-1,0,47,54,-7,101,2021-08-06 22:35:00,512014
Jr. Obeslo_26456,Jr. Obeslo,1,1,50,44,6,94,2021-08-06 22:39:00,512015
Yaroslav Tkachenko_155220,Yaroslav Tkachenko,1,1,51,40,11,91,2021-08-06 22:40:00,512016
Egor Kovpak_155235,Egor Kovpak,1,1,51,44,7,95,2021-08-06 22:45:00,512017
Oleh Formaziuk_441227470,Oleh Formaziuk,-2,0,29,39,-10,68,2021-08-06 22:45:00,512018
R Homenko_118546,R Homenko,-3,0,18,33,-15,51,2021-08-06 22:46:00,512019
I Zemit_118547,I Zemit,-1,0,54,52,2,106,2021-08-06 22:46:00,512020
V Marshalov_118549,V Marshalov,3,1,33,19,14,52,2021-08-06 22:48:00,512021
Nazar Mosiuk_155253,Nazar Mosiuk,3,1,33,15,18,48,2021-08-06 22:50:00,512022
Jakub Merta_155317,Jakub Merta,-1,0,43,47,-4,90,2021-08-06 23:00:00,512023
Yuliia Yemelianenko_1353563332,Yuliia Yemelianenko,-1,0,38,46,-8,84,2021-08-06 23:00:00,512024
Tatiana Bairak_1843334748,Tatiana Bairak,-2,0,24,36,-12,60,2021-08-06 23:05:00,512025
P Bradac_26457,P Bradac,2,1,34,33,1,67,2021-08-06 23:14:00,512026
V Fedorov_118545,V Fedorov,1,1,48,43,5,91,2021-08-06 23:15:00,512027
N Lyfenko_118550,N Lyfenko,-2,0,32,39,-7,71,2021-08-06 23:15:00,512028
G Bardyshev_118548,G Bardyshev,1,1,43,45,-2,88,2021-08-06 23:18:00,512029
Volodymyr Voronenkov_155254,Volodymyr Voronenkov,2,1,45,36,9,81,2021-08-06 23:20:00,512030
Libor Matysek_155318,Libor Matysek,-3,0,18,33,-15,51,2021-08-06 23:30:00,512031
Kyrylo Yehorov_1003844598,Kyrylo Yehorov,2,1,41,34,7,75,2021-08-06 23:35:00,512032
R Rose_26458,R Rose,-2,0,33,38,-5,71,2021-08-06 23:35:00,512033
Roman Vashchuk_992197229,Roman Vashchuk,2,1,47,41,6,88,2021-08-06 23:45:00,512034
V Safonov_118397,V Safonov,-3,0,19,33,-14,52,2021-08-06 23:46:00,512035
I Ramensky_118323,I Ramensky,-3,0,18,33,-15,51,2021-08-06 23:48:00,512036
D Sayanov_118357,D Sayanov,2,1,43,28,15,71,2021-08-06 23:49:00,512037
Mykhailo Teteruk_155255,Mykhailo Teteruk,1,1,49,51,-2,100,2021-08-06 23:50:00,512038
K Brozik_27425,K Brozik,-3,0,23,33,-10,56,2021-08-07 00:04:00,512039
Denys Vakulenko_2024544093,Denys Vakulenko,3,1,33,23,10,56,2021-08-07 00:05:00,512040
Zdenek Osmera_164036,Zdenek Osmera,-3,0,22,35,-13,57,2021-08-07 00:10:00,512041
D Korneev_122360,D Korneev,-2,0,32,39,-7,71,2021-08-07 00:12:00,512042
A Uvarov_122324,A Uvarov,-1,0,39,44,-5,83,2021-08-07 00:15:00,512043
Maksym Skhabovskyi_522466778,Maksym Skhabovskyi,2,1,45,42,3,87,2021-08-07 00:15:00,512044
T Yusipov_122394,T Yusipov,-2,0,30,43,-13,73,2021-08-07 00:16:00,512045
E Mares_27426,E Mares,2,1,43,34,9,77,2021-08-07 00:30:00,512046
Denys Shcherbak_1260351087,Denys Shcherbak,3,1,33,20,13,53,2021-08-07 00:35:00,512047
D Ignatev_122361,D Ignatev,-2,0,32,43,-11,75,2021-08-07 00:37:00,512048
Vaclav Coubal_164037,Vaclav Coubal,-3,0,18,33,-15,51,2021-08-07 00:40:00,512049
Volodymyr Voronenkov_164038,Volodymyr Voronenkov,-1,0,43,47,-4,90,2021-08-07 00:40:00,512050
A Volkov_122395,A Volkov,-1,0,51,50,1,101,2021-08-07 00:45:00,512051
Dmytro Lohosha_1634041486,Dmytro Lohosha,-2,0,31,37,-6,68,2021-08-07 00:45:00,512052
V Shirshov_122325,V Shirshov,2,1,43,37,6,80,2021-08-07 00:46:00,512053
Zh Tsybikov_122362,Zh Tsybikov,2,1,37,32,5,69,2021-08-07 01:03:00,512054
Anton Riabukhin_1318288376,Anton Riabukhin,-2,0,30,39,-9,69,2021-08-07 01:05:00,512055
Pavlo Babenko_164039,Pavlo Babenko,-2,0,36,42,-6,78,2021-08-07 01:10:00,512056
Viktor Kotov_319655900,Viktor Kotov,-2,0,26,40,-14,66,2021-08-07 01:15:00,512057
N Sadovskiy_122326,N Sadovskiy,2,1,41,27,14,68,2021-08-07 01:15:00,512058
A Serebrennikov_122396,A Serebrennikov,3,1,33,22,11,55,2021-08-07 01:17:00,512059
D Korneev_122363,D Korneev,-2,0,36,44,-8,80,2021-08-07 01:33:00,512060
Denys Vakulenko_1727475190,Denys Vakulenko,-3,0,20,33,-13,53,2021-08-07 01:35:00,512061
A Uvarov_122327,A Uvarov,3,1,34,17,17,51,2021-08-07 01:44:00,512062
Maksym Skhabovskyi_683306296,Maksym Skhabovskyi,1,1,50,41,9,91,2021-08-07 01:45:00,512063
T Yusipov_122397,T Yusipov,-2,0,26,40,-14,66,2021-08-07 01:45:00,512064
Yevhen Kyi_163573,Yevhen Kyi,2,1,41,31,10,72,2021-08-07 01:55:00,512065
Zh Tsybikov_122364,Zh Tsybikov,-2,0,32,43,-11,75,2021-08-07 02:04:00,512066
Denys Shcherbak_1345600597,Denys Shcherbak,2,1,41,37,4,78,2021-08-07 02:05:00,512067
N Sadovskiy_122328,N Sadovskiy,2,1,42,30,12,72,2021-08-07 02:15:00,512068
A Serebrennikov_122398,A Serebrennikov,-2,0,34,36,-2,70,2021-08-07 02:15:00,512069
Dmytro Lohosha_1262870259,Dmytro Lohosha,2,1,37,25,12,62,2021-08-07 02:15:00,512070
Artem Chepurnyi_163574,Artem Chepurnyi,3,1,37,24,13,61,2021-08-07 02:25:00,512071
A Uezdin_122365,A Uezdin,3,1,33,19,14,52,2021-08-07 02:33:00,512072
Anton Riabukhin_1637645301,Anton Riabukhin,3,1,33,21,12,54,2021-08-07 02:35:00,512073
A Ilin_122329,A Ilin,-2,0,33,46,-13,79,2021-08-07 02:45:00,512074
Viktor Kotov_618731563,Viktor Kotov,-1,0,48,50,-2,98,2021-08-07 02:45:00,512075
E Masokin_122399,E Masokin,2,1,42,34,8,76,2021-08-07 02:45:00,512076
Yevhen Kyi_163575,Yevhen Kyi,1,1,46,40,6,86,2021-08-07 02:55:00,512077
D Ignatev_122366,D Ignatev,-2,0,32,41,-9,73,2021-08-07 03:00:00,512078
Denys Vakulenko_785221372,Denys Vakulenko,-3,0,21,33,-12,54,2021-08-07 03:05:00,512079
Maksym Skhabovskyi_1235055414,Maksym Skhabovskyi,-1,0,33,50,-17,83,2021-08-07 03:15:00,512080
A Volkov_122400,A Volkov,1,1,50,38,12,88,2021-08-07 03:15:00,512081
V Shirshov_122330,V Shirshov,2,1,40,33,7,73,2021-08-07 03:18:00,512082
Oleksandr Kovalchuk_163576,Oleksandr Kovalchuk,2,1,44,38,6,82,2021-08-07 03:25:00,512083
A Fedosov_122367,A Fedosov,1,1,50,41,9,91,2021-08-07 03:34:00,512084
Serhii Ponomarenko_1478924476,Serhii Ponomarenko,-3,0,26,33,-7,59,2021-08-07 03:35:00,512085
Serhiy Tkachuk_408282993,Serhiy Tkachuk,3,1,33,18,15,51,2021-08-07 03:45:00,512086
O Pronin_122331,O Pronin,-3,0,13,33,-20,46,2021-08-07 03:47:00,512087
D Sayanov_122401,D Sayanov,3,1,34,24,10,58,2021-08-07 03:47:00,512088
Artem Chepurnyi_163577,Artem Chepurnyi,-1,0,46,54,-8,100,2021-08-07 03:55:00,512089
A Uezdin_122368,A Uezdin,1,1,48,47,1,95,2021-08-07 04:01:00,512090
Denys Shcherbak_1119134561,Denys Shcherbak,1,1,51,50,1,101,2021-08-07 04:05:00,512091
Dmytro Lohosha_964036213,Dmytro Lohosha,-1,0,43,47,-4,90,2021-08-07 04:15:00,512092
E Masokin_122402,E Masokin,-2,0,29,40,-11,69,2021-08-07 04:15:00,512093
A Ilin_122332,A Ilin,3,1,33,18,15,51,2021-08-07 04:16:00,512094
Yevhen Kyi_163578,Yevhen Kyi,2,1,39,30,9,69,2021-08-07 04:25:00,512095
D Ignatev_122553,D Ignatev,-1,0,40,46,-6,86,2021-08-07 04:35:00,512096
Denys Vakulenko_785467616,Denys Vakulenko,-1,0,39,46,-7,85,2021-08-07 04:35:00,512097
V Shirshov_122555,V Shirshov,-3,0,24,35,-11,59,2021-08-07 04:45:00,512098
Dmytro Lohosha_1633906450,Dmytro Lohosha,2,1,39,28,11,67,2021-08-07 04:45:00,512099
E Masokin_122557,E Masokin,-3,0,21,33,-12,54,2021-08-07 04:45:00,512100
Artem Chepurnyi_163579,Artem Chepurnyi,-3,0,22,34,-12,56,2021-08-07 04:55:00,512101
Zh Tsybikov_122554,Zh Tsybikov,-2,0,39,44,-5,83,2021-08-07 05:04:00,512102
Vitalii Vovk_1984692615,Vitalii Vovk,-3,0,19,33,-14,52,2021-08-07 05:05:00,512103
A Volkov_122558,A Volkov,1,1,51,57,-6,108,2021-08-07 05:15:00,512104
Maksym Skhabovskyi_1234983408,Maksym Skhabovskyi,-2,0,29,42,-13,71,2021-08-07 05:15:00,512105
N Sadovskiy_122556,N Sadovskiy,-2,0,30,41,-11,71,2021-08-07 05:16:00,512106
Oleksandr Kovalchuk_163580,Oleksandr Kovalchuk,-2,0,37,43,-6,80,2021-08-07 05:25:00,512107
Yevhen Kyi_163581,Yevhen Kyi,2,1,42,30,12,72,2021-08-07 05:55:00,512108
Serhii Tkachev_163582,Serhii Tkachev,-2,0,36,41,-5,77,2021-08-07 06:25:00,512109
Serhii Tkachev_164040,Serhii Tkachev,-2,0,33,40,-7,73,2021-08-07 07:05:00,512110
G Karpovkin_122473,G Karpovkin,1,1,54,52,2,106,2021-08-07 07:31:00,512111
Oleksandr Mishchenko_164041,Oleksandr Mishchenko,-2,0,37,43,-6,80,2021-08-07 07:35:00,512112
Mykola Shyshkin_164008,Mykola Shyshkin,-2,0,35,40,-5,75,2021-08-07 07:50:00,512113
Anton Molochko_2018063483,Anton Molochko,1,1,48,45,3,93,2021-08-07 07:50:00,512114
A Golyshev_122507,A Golyshev,2,1,41,34,7,75,2021-08-07 07:53:00,512115
Nodar Kukava_501274761,Nodar Kukava,-2,0,29,37,-8,66,2021-08-07 07:55:00,512116
Yevheniia Sozoniuk_163727,Yevheniia Sozoniuk,-1,0,43,47,-4,90,2021-08-07 08:00:00,512117
A Vorozheykin_122474,A Vorozheykin,-3,0,14,33,-19,47,2021-08-07 08:05:00,512118
Yevhen Khurtak_163739,Yevhen Khurtak,-3,0,25,34,-9,59,2021-08-07 08:05:00,512119
Andrii Dekhtiarenko_163754,Andrii Dekhtiarenko,3,1,33,22,11,55,2021-08-07 08:10:00,512120
Iulii Khomutovskyi_163769,Iulii Khomutovskyi,-2,0,34,42,-8,76,2021-08-07 08:15:00,512121
M Dukhin_122433,M Dukhin,1,1,46,48,-2,94,2021-08-07 08:16:00,512122
A Klavdenkov_122508,A Klavdenkov,-1,0,45,48,-3,93,2021-08-07 08:16:00,512123
Oleh Holiak_164009,Oleh Holiak,-2,0,45,50,-5,95,2021-08-07 08:20:00,512124
Oleksandr Shkurupii_1208685119,Oleksandr Shkurupii,-2,0,28,43,-15,71,2021-08-07 08:25:00,512125
A Zabrodin_122475,A Zabrodin,3,1,36,27,9,63,2021-08-07 08:30:00,512126
Viacheslav Yarovoi_1145138655,Viacheslav Yarovoi,3,1,33,15,18,48,2021-08-07 08:30:00,512127
Olena Nalisnikovska_163728,Olena Nalisnikovska,3,1,33,24,9,57,2021-08-07 08:30:00,512128
Andrii Tsikhotskyi_1137745424,Andrii Tsikhotskyi,-1,0,51,48,3,99,2021-08-07 08:35:00,512129
Ihor Kovalenko_163740,Ihor Kovalenko,3,1,33,24,9,57,2021-08-07 08:35:00,512130
Yulia Hodko_1941344426,Yulia Hodko,-1,0,41,46,-5,87,2021-08-07 08:40:00,512131
Serhii Solomko_163755,Serhii Solomko,3,1,33,18,15,51,2021-08-07 08:40:00,512132
A Shmakov_122434,A Shmakov,-3,0,24,33,-9,57,2021-08-07 08:43:00,512133
Andrii Kotik_1059472573,Andrii Kotik,2,1,44,35,9,79,2021-08-07 08:45:00,512134
Vladyslav Pavliuk_163770,Vladyslav Pavliuk,2,1,36,33,3,69,2021-08-07 08:45:00,512135
Oleksandr Zhyrnov_163784,Oleksandr Zhyrnov,3,1,34,23,11,57,2021-08-07 08:50:00,512136
Dmytro Zeniuk_971774481,Dmytro Zeniuk,-3,0,26,36,-10,62,2021-08-07 08:50:00,512137
Mykola Shyshkin_164010,Mykola Shyshkin,1,1,45,46,-1,91,2021-08-07 08:50:00,512138
Andrii Baklykov_987107741,Andrii Baklykov,2,1,41,30,11,71,2021-08-07 08:55:00,512139
S Homutov_122509,S Homutov,1,1,55,51,4,106,2021-08-07 08:55:00,512140
Maksym Balakiriev_163794,Maksym Balakiriev,-3,0,17,33,-16,50,2021-08-07 08:55:00,512141
Uryi Schepanskyi_1812441189,Uryi Schepanskyi,-2,0,36,42,-6,78,2021-08-07 08:55:00,512142
V Mishakin_122435,V Mishakin,-3,0,30,37,-7,67,2021-08-07 08:58:00,512143
O Belugin_122476,O Belugin,3,1,34,23,11,57,2021-08-07 09:00:00,512144
Mykola Kulynych_163809,Mykola Kulynych,3,1,36,23,13,59,2021-08-07 09:00:00,512145
Olena Nalisnikovska_163729,Olena Nalisnikovska,-3,0,21,34,-13,55,2021-08-07 09:00:00,512146
Serhii Tsybulin_481170722,Serhii Tsybulin,-2,0,27,38,-11,65,2021-08-07 09:00:00,512147
Martin Kocvara_163972,Martin Kocvara,-2,0,24,41,-17,65,2021-08-07 09:00:00,512148
Sr. Obeslo_27397,Sr. Obeslo,1,1,47,46,1,93,2021-08-07 09:00:00,512149
Oleksandr Lysak_94124402,Oleksandr Lysak,-2,0,28,44,-16,72,2021-08-07 09:05:00,512150
Valerii Danchenko_163741,Valerii Danchenko,2,1,47,34,13,81,2021-08-07 09:05:00,512151
Vitalii Mukhin_163756,Vitalii Mukhin,2,1,42,31,11,73,2021-08-07 09:10:00,512152
Oleksiy Sapronov_1185020373,Oleksiy Sapronov,3,1,33,16,17,49,2021-08-07 09:10:00,512153
Volodymyr Kononikhin_163771,Volodymyr Kononikhin,-1,0,43,45,-2,88,2021-08-07 09:15:00,512154
Anna Miklukha_1322880161,Anna Miklukha,-1,0,44,44,0,88,2021-08-07 09:15:00,512155
Denys Kvyk_164011,Denys Kvyk,-1,0,46,43,3,89,2021-08-07 09:20:00,512156
Nikita Vilenchyts_163785,Nikita Vilenchyts,2,1,43,41,2,84,2021-08-07 09:20:00,512157
Valentyn Yunchyk_513231558,Valentyn Yunchyk,-2,0,43,51,-8,94,2021-08-07 09:20:00,512158
D Popov_122436,D Popov,2,1,44,36,8,80,2021-08-07 09:22:00,512159
Andrii Peretiatko_163795,Andrii Peretiatko,3,1,34,27,7,61,2021-08-07 09:25:00,512160
Volodymyr Ivasiv_189083582,Volodymyr Ivasiv,3,1,33,22,11,55,2021-08-07 09:25:00,512161
Martin Sulc_163973,Martin Sulc,1,1,48,51,-3,99,2021-08-07 09:30:00,512162
A Zabrodin_122477,A Zabrodin,3,1,33,19,14,52,2021-08-07 09:30:00,512163
Yevheniia Sozoniuk_163730,Yevheniia Sozoniuk,3,1,33,22,11,55,2021-08-07 09:30:00,512164
Dmytro Dubrovin_227328803,Dmytro Dubrovin,-2,0,35,41,-6,76,2021-08-07 09:30:00,512165
V Havlicek_27398,V Havlicek,1,1,51,45,6,96,2021-08-07 09:30:00,512166
Serhii Baranovskyi_613699220,Serhii Baranovskyi,1,1,45,45,0,90,2021-08-07 09:30:00,512167
Oleksandr Maslovskyi_163810,Oleksandr Maslovskyi,-2,0,40,39,1,79,2021-08-07 09:30:00,512168
Ihor Kovalenko_163742,Ihor Kovalenko,-3,0,21,33,-12,54,2021-08-07 09:35:00,512169
Oleksandr Shkurupii_119994632,Oleksandr Shkurupii,-3,0,28,34,-6,62,2021-08-07 09:35:00,512170
A Lisov_122510,A Lisov,-2,0,36,45,-9,81,2021-08-07 09:35:00,512171
Viacheslav Yarovoi_157555277,Viacheslav Yarovoi,-3,0,23,33,-10,56,2021-08-07 09:40:00,512172
Serhii Solomko_163757,Serhii Solomko,1,1,48,46,2,94,2021-08-07 09:40:00,512173
Andrii Tsikhotskyi_507630099,Andrii Tsikhotskyi,2,1,42,34,8,76,2021-08-07 09:45:00,512174
Vladyslav Pavliuk_163772,Vladyslav Pavliuk,1,1,48,50,-2,98,2021-08-07 09:45:00,512175
V Mishakin_122437,V Mishakin,-3,0,17,34,-17,51,2021-08-07 09:45:00,512176
Oleh Holiak_164012,Oleh Holiak,2,1,37,33,4,70,2021-08-07 09:50:00,512177
Oleksandr Zhyrnov_163786,Oleksandr Zhyrnov,-3,0,19,33,-14,52,2021-08-07 09:50:00,512178
Yulia Hodko_995591239,Yulia Hodko,3,1,41,35,6,76,2021-08-07 09:50:00,512179
Serhii Khandetskyi_163796,Serhii Khandetskyi,-2,0,36,39,-3,75,2021-08-07 09:55:00,512180
Andrii Kotik_414657812,Andrii Kotik,-3,0,23,33,-10,56,2021-08-07 09:55:00,512181
Anatolii Nikolenko_163811,Anatolii Nikolenko,-2,0,32,42,-10,74,2021-08-07 10:00:00,512182
A Vorozheykin_122478,A Vorozheykin,-1,0,40,47,-7,87,2021-08-07 10:00:00,512183
Alina Novosad_163731,Alina Novosad,-3,0,19,33,-14,52,2021-08-07 10:00:00,512184
Dmytro Zeniuk_644444435,Dmytro Zeniuk,-2,0,43,48,-5,91,2021-08-07 10:00:00,512185
Martin Sulc_163974,Martin Sulc,-3,0,11,33,-22,44,2021-08-07 10:00:00,512186
T Holik_27399,T Holik,-2,0,34,41,-7,75,2021-08-07 10:02:00,512187
Andrii Baklykov_27042057,Andrii Baklykov,-3,0,21,35,-14,56,2021-08-07 10:05:00,512188
Uryi Schepanskyi_385411651,Uryi Schepanskyi,3,1,35,27,8,62,2021-08-07 10:05:00,512189
Yevhen Khurtak_163743,Yevhen Khurtak,1,1,47,44,3,91,2021-08-07 10:05:00,512190
S Homutov_122511,S Homutov,1,1,44,44,0,88,2021-08-07 10:07:00,512191
Andrii Dekhtiarenko_163758,Andrii Dekhtiarenko,2,1,43,37,6,80,2021-08-07 10:10:00,512192
Anton Molochko_629786329,Anton Molochko,3,1,33,21,12,54,2021-08-07 10:10:00,512193
Nodar Kukava_438993968,Nodar Kukava,-3,0,25,35,-10,60,2021-08-07 10:15:00,512194
Iulii Khomutovskyi_163773,Iulii Khomutovskyi,1,1,50,43,7,93,2021-08-07 10:15:00,512195
A Shmakov_122438,A Shmakov,-1,0,50,52,-2,102,2021-08-07 10:15:00,512196
Oleksiy Sapronov_92967630,Oleksiy Sapronov,1,1,52,45,7,97,2021-08-07 10:20:00,512197
Pavlo Babenko_163787,Pavlo Babenko,1,1,46,47,-1,93,2021-08-07 10:20:00,512198
Mykola Shyshkin_164013,Mykola Shyshkin,3,1,34,24,10,58,2021-08-07 10:20:00,512199
Alina Kurtenko_2001002849,Alina Kurtenko,1,1,53,46,7,99,2021-08-07 10:25:00,512200
Andrii Peretiatko_163797,Andrii Peretiatko,1,1,49,44,5,93,2021-08-07 10:25:00,512201
Yevheniia Sozoniuk_163732,Yevheniia Sozoniuk,-2,0,34,37,-3,71,2021-08-07 10:30:00,512202
Oleksandr Maslovskyi_163812,Oleksandr Maslovskyi,3,1,33,17,16,50,2021-08-07 10:30:00,512203
Valentyn Yunchyk_1977878593,Valentyn Yunchyk,-1,0,41,47,-6,88,2021-08-07 10:30:00,512204
Martin Kocvara_163975,Martin Kocvara,-2,0,32,42,-10,74,2021-08-07 10:30:00,512205
T Batthyany_27400,T Batthyany,2,1,41,31,10,72,2021-08-07 10:31:00,512206
Oleksii Tkachuk_833422433,Oleksii Tkachuk,-2,0,28,41,-13,69,2021-08-07 10:35:00,512207
Andrii Sydorenko_163744,Andrii Sydorenko,2,1,39,37,2,76,2021-08-07 10:35:00,512208
Roman Derypaska_702129372,Roman Derypaska,2,1,47,38,9,85,2021-08-07 10:40:00,512209
Sergey Filatov_1649834594,Sergey Filatov,-2,0,36,38,-2,74,2021-08-07 10:40:00,512210
Kostiantyn Tsoi_163759,Kostiantyn Tsoi,2,1,46,39,7,85,2021-08-07 10:40:00,512211
Oleksii Krutko_1746545664,Oleksii Krutko,-1,0,46,51,-5,97,2021-08-07 10:45:00,512212
Dmytro Kunchurov_163774,Dmytro Kunchurov,2,1,43,32,11,75,2021-08-07 10:45:00,512213
Nikita Vilenchyts_163788,Nikita Vilenchyts,-2,0,30,40,-10,70,2021-08-07 10:50:00,512214
Oleh Holiak_164014,Oleh Holiak,3,1,34,26,8,60,2021-08-07 10:50:00,512215
Yuriy Tarasov_338520303,Yuriy Tarasov,3,1,34,24,10,58,2021-08-07 10:50:00,512216
Maksym Balakiriev_163798,Maksym Balakiriev,-2,0,37,43,-6,80,2021-08-07 10:55:00,512217
Andrii Tsikhotskyi_1909435484,Andrii Tsikhotskyi,2,1,45,41,4,86,2021-08-07 10:55:00,512218
A Klavdenkov_122512,A Klavdenkov,-1,0,45,50,-5,95,2021-08-07 10:58:00,512219
A Vorozheykin_122559,A Vorozheykin,2,1,38,39,-1,77,2021-08-07 10:58:00,512220
Ludek Pych_163976,Ludek Pych,-1,0,47,46,1,93,2021-08-07 11:00:00,512221
Mykola Kulynych_163813,Mykola Kulynych,-1,0,50,49,1,99,2021-08-07 11:00:00,512222
Anna Miklukha_1625048792,Anna Miklukha,1,1,45,42,3,87,2021-08-07 11:00:00,512223
Diana Stihar_163733,Diana Stihar,-2,0,30,37,-7,67,2021-08-07 11:00:00,512224
Andrii Kotik_547558516,Andrii Kotik,2,1,39,27,12,66,2021-08-07 11:05:00,512225
Valerii Danchenko_163745,Valerii Danchenko,-3,0,22,34,-12,56,2021-08-07 11:05:00,512226
T Holik_27401,T Holik,-3,0,29,39,-10,68,2021-08-07 11:09:00,512227
Vitalii Mukhin_163760,Vitalii Mukhin,-2,0,39,40,-1,79,2021-08-07 11:10:00,512228
Volodymyr Ivasiv_1538275043,Volodymyr Ivasiv,-1,0,42,42,0,84,2021-08-07 11:10:00,512229
A Shmakov_122561,A Shmakov,-1,0,47,50,-3,97,2021-08-07 11:12:00,512230
Serhii Baranovskyi_1958418837,Serhii Baranovskyi,3,1,33,20,13,53,2021-08-07 11:15:00,512231
Volodymyr Kononikhin_163775,Volodymyr Kononikhin,2,1,44,33,11,77,2021-08-07 11:15:00,512232
Dmytro Dubrovin_293680878,Dmytro Dubrovin,-2,0,29,42,-13,71,2021-08-07 11:15:00,512233
Denys Kvyk_164015,Denys Kvyk,3,1,33,18,15,51,2021-08-07 11:20:00,512234
Serhii Tsybulin_1382723094,Serhii Tsybulin,3,1,35,22,13,57,2021-08-07 11:20:00,512235
Oleksandr Zhyrnov_163789,Oleksandr Zhyrnov,-1,0,45,50,-5,95,2021-08-07 11:20:00,512236
G Karpovkin_122560,G Karpovkin,3,1,33,22,11,55,2021-08-07 11:20:00,512237
Oleksandr Lysak_780545004,Oleksandr Lysak,1,1,43,41,2,84,2021-08-07 11:25:00,512238
Oleksandr Shapoval_163799,Oleksandr Shapoval,2,1,40,30,10,70,2021-08-07 11:25:00,512239
A Lisov_122563,A Lisov,-1,0,40,49,-9,89,2021-08-07 11:28:00,512240
Olena Nalisnikovska_163734,Olena Nalisnikovska,-1,0,37,50,-13,87,2021-08-07 11:30:00,512241
V Havlicek_27402,V Havlicek,-2,0,30,39,-9,69,2021-08-07 11:30:00,512242
Martin Kocvara_163977,Martin Kocvara,-2,0,27,41,-14,68,2021-08-07 11:30:00,512243
Yaroslav Ivasiuk_163814,Yaroslav Ivasiuk,-2,0,32,37,-5,69,2021-08-07 11:30:00,512244
Serhii Gergeliuk_922762079,Serhii Gergeliuk,-3,0,22,35,-13,57,2021-08-07 11:30:00,512245
D Popov_122562,D Popov,2,1,43,32,11,75,2021-08-07 11:35:00,512246
Ihor Kovalenko_163746,Ihor Kovalenko,2,1,40,33,7,73,2021-08-07 11:35:00,512247
Yulia Hodko_317576309,Yulia Hodko,-1,0,48,45,3,93,2021-08-07 11:35:00,512248
Vadym Nechyporuk_1445913820,Vadym Nechyporuk,2,1,41,27,14,68,2021-08-07 11:40:00,512249
Serhii Solomko_163761,Serhii Solomko,2,1,45,40,5,85,2021-08-07 11:40:00,512250
N Zhurba_122479,N Zhurba,-3,0,21,33,-12,54,2021-08-07 11:42:00,512251
Vladyslav Pavliuk_163776,Vladyslav Pavliuk,-1,0,39,47,-8,86,2021-08-07 11:45:00,512252
Dmytro Zeniuk_716396731,Dmytro Zeniuk,3,1,33,19,14,52,2021-08-07 11:45:00,512253
Nikita Vilenchyts_163790,Nikita Vilenchyts,-1,0,46,50,-4,96,2021-08-07 11:50:00,512254
Andrii Baklykov_1745868361,Andrii Baklykov,-1,0,44,44,0,88,2021-08-07 11:50:00,512255
Mykola Shyshkin_164016,Mykola Shyshkin,-2,0,31,42,-11,73,2021-08-07 11:50:00,512256
Uryi Schepanskyi_1518587561,Uryi Schepanskyi,-2,0,31,40,-9,71,2021-08-07 11:50:00,512257
Serhii Khandetskyi_163800,Serhii Khandetskyi,-3,0,17,33,-16,50,2021-08-07 11:55:00,512258
Oleksandr Shkurupii_281452388,Oleksandr Shkurupii,3,1,33,19,14,52,2021-08-07 11:55:00,512259
A Golyshev_122564,A Golyshev,1,1,51,34,17,85,2021-08-07 11:56:00,512260
T Holik_27427,T Holik,2,1,40,35,5,75,2021-08-07 11:59:00,512261
Viacheslav Yarovoi_484730968,Viacheslav Yarovoi,-2,0,29,42,-13,71,2021-08-07 12:00:00,512262
Alina Novosad_163735,Alina Novosad,-3,0,15,33,-18,48,2021-08-07 12:00:00,512263
Anatolii Nikolenko_163815,Anatolii Nikolenko,-2,0,33,43,-10,76,2021-08-07 12:00:00,512264
A Aslanyan_122467,A Aslanyan,2,1,48,38,10,86,2021-08-07 12:01:00,512265
A Kozlov_122480,A Kozlov,3,1,44,36,8,80,2021-08-07 12:02:00,512266
Yevhen Khurtak_163747,Yevhen Khurtak,3,1,33,15,18,48,2021-08-07 12:05:00,512267
Oleksiy Sapronov_58844018,Oleksiy Sapronov,2,1,41,36,5,77,2021-08-07 12:05:00,512268
Ludek Pych_164042,Ludek Pych,-2,0,34,44,-10,78,2021-08-07 12:05:00,512269
Andrii Dekhtiarenko_163762,Andrii Dekhtiarenko,2,1,36,35,1,71,2021-08-07 12:10:00,512270
Alina Kurtenko_89713682,Alina Kurtenko,2,1,44,38,6,82,2021-08-07 12:10:00,512271
Iulii Khomutovskyi_163777,Iulii Khomutovskyi,-2,0,36,40,-4,76,2021-08-07 12:15:00,512272
Valentyn Yunchyk_1609500683,Valentyn Yunchyk,2,1,40,29,11,69,2021-08-07 12:15:00,512273
Pavlo Babenko_163791,Pavlo Babenko,-1,0,47,47,0,94,2021-08-07 12:20:00,512274
Oleksandr Shpak_164017,Oleksandr Shpak,2,1,39,37,2,76,2021-08-07 12:20:00,512275
Oleksii Tkachuk_1109512287,Oleksii Tkachuk,-3,0,19,33,-14,52,2021-08-07 12:20:00,512276
R Homenko_122541,R Homenko,-1,0,45,48,-3,93,2021-08-07 12:24:00,512277
Andrii Peretiatko_163801,Andrii Peretiatko,2,1,43,36,7,79,2021-08-07 12:25:00,512278
Sergey Filatov_119771947,Sergey Filatov,1,1,48,44,4,92,2021-08-07 12:25:00,512279
Roman Derypaska_465268543,Roman Derypaska,-1,0,48,46,2,94,2021-08-07 12:25:00,512280
Oleksandr Maslovskyi_163816,Oleksandr Maslovskyi,-3,0,19,33,-14,52,2021-08-07 12:30:00,512281
Diana Stihar_163736,Diana Stihar,1,1,54,45,9,99,2021-08-07 12:30:00,512282
T Batthyany_27428,T Batthyany,1,1,51,40,11,91,2021-08-07 12:30:00,512283
D Korneev_122468,D Korneev,-3,0,19,33,-14,52,2021-08-07 12:30:00,512284
Anton Molochko_347780776,Anton Molochko,2,1,42,30,12,72,2021-08-07 12:30:00,512285
P Semeshin_122481,P Semeshin,-2,0,37,39,-2,76,2021-08-07 12:33:00,512286
Maxim Suvorov_164043,Maxim Suvorov,3,1,33,19,14,52,2021-08-07 12:35:00,512287
Nodar Kukava_406099907,Nodar Kukava,-1,0,47,54,-7,101,2021-08-07 12:35:00,512288
Andrii Sydorenko_163748,Andrii Sydorenko,1,1,51,43,8,94,2021-08-07 12:35:00,512289
Kostiantyn Tsoi_163763,Kostiantyn Tsoi,-1,0,45,46,-1,91,2021-08-07 12:40:00,512290
Andrii Tsikhotskyi_1646151360,Andrii Tsikhotskyi,2,1,39,29,10,68,2021-08-07 12:40:00,512291
Anna Miklukha_1914251959,Anna Miklukha,-3,0,23,34,-11,57,2021-08-07 12:45:00,512292
Dmytro Kunchurov_163778,Dmytro Kunchurov,-1,0,49,57,-8,106,2021-08-07 12:45:00,512293
Oleksandr Zhyrnov_163792,Oleksandr Zhyrnov,-3,0,20,33,-13,53,2021-08-07 12:50:00,512294
Andrii Kotik_743202467,Andrii Kotik,3,1,34,22,12,56,2021-08-07 12:50:00,512295
I Minchenkov_122469,I Minchenkov,-1,0,53,52,1,105,2021-08-07 12:50:00,512296
Volodymyr Ivasiv_1163706001,Volodymyr Ivasiv,3,1,33,14,19,47,2021-08-07 12:55:00,512297
Maksym Balakiriev_163802,Maksym Balakiriev,-2,0,30,41,-11,71,2021-08-07 12:55:00,512298
A Slachshilin_122542,A Slachshilin,2,1,37,27,10,64,2021-08-07 12:59:00,512299
Adam Sochor_163978,Adam Sochor,2,1,40,34,6,74,2021-08-07 13:00:00,512300
Serhii Baranovskyi_2073108121,Serhii Baranovskyi,-1,0,35,46,-11,81,2021-08-07 13:00:00,512301
Dmytro Dubrovin_442559640,Dmytro Dubrovin,-2,0,20,38,-18,58,2021-08-07 13:00:00,512302
Mykola Kulynych_163817,Mykola Kulynych,1,1,45,42,3,87,2021-08-07 13:00:00,512303
Denys Kvyk_164044,Denys Kvyk,-2,0,40,46,-6,86,2021-08-07 13:00:00,512304
Diana Stihar_163737,Diana Stihar,-3,0,15,33,-18,48,2021-08-07 13:00:00,512305
T Razinkov_122482,T Razinkov,3,1,34,25,9,59,2021-08-07 13:01:00,512306
Ja Prokupek_27403,Ja Prokupek,1,1,50,39,11,89,2021-08-07 13:02:00,512307
Valerii Danchenko_163749,Valerii Danchenko,2,1,44,36,8,80,2021-08-07 13:05:00,512308
Oleksii Krutko_1184534540,Oleksii Krutko,-1,0,42,56,-14,98,2021-08-07 13:05:00,512309
Vitalii Mukhin_163764,Vitalii Mukhin,-2,0,41,38,3,79,2021-08-07 13:10:00,512310
Yuriy Tarasov_1738026814,Yuriy Tarasov,2,1,45,35,10,80,2021-08-07 13:10:00,512311
Oleksiy Sapronov_1786205231,Oleksiy Sapronov,-1,0,58,61,-3,119,2021-08-07 13:15:00,512312
Volodymyr Kononikhin_163779,Volodymyr Kononikhin,1,1,54,52,2,106,2021-08-07 13:15:00,512313
Oleksii Hrymovskyi_163793,Oleksii Hrymovskyi,-2,0,28,42,-14,70,2021-08-07 13:20:00,512314
Viktoria Kurtenko_151418847,Viktoria Kurtenko,1,1,47,43,4,90,2021-08-07 13:20:00,512315
A Lobanov_122470,A Lobanov,-2,0,37,40,-3,77,2021-08-07 13:24:00,512316
Oleksandr Shapoval_163803,Oleksandr Shapoval,-3,0,22,33,-11,55,2021-08-07 13:25:00,512317
Valentyn Yunchyk_1747092558,Valentyn Yunchyk,1,1,47,41,6,88,2021-08-07 13:25:00,512318
I Poletaev_122543,I Poletaev,2,1,40,37,3,77,2021-08-07 13:27:00,512319
Yaroslav Vorsuliak_795164563,Yaroslav Vorsuliak,1,1,50,44,6,94,2021-08-07 13:30:00,512320
Stepan Rejent_163979,Stepan Rejent,-1,0,35,42,-7,77,2021-08-07 13:30:00,512321
Oleksandr Shpak_164045,Oleksandr Shpak,3,1,41,34,7,75,2021-08-07 13:30:00,512322
Alina Novosad_163738,Alina Novosad,-3,0,19,37,-18,56,2021-08-07 13:30:00,512323
Yaroslav Ivasiuk_163818,Yaroslav Ivasiuk,-2,0,24,41,-17,65,2021-08-07 13:30:00,512324
P Semeshin_122483,P Semeshin,-1,0,51,48,3,99,2021-08-07 13:31:00,512325
Z Kasinski_27404,Z Kasinski,-3,0,26,34,-8,60,2021-08-07 13:34:00,512326
Davyd Symonchuk_122848218,Davyd Symonchuk,1,1,49,44,5,93,2021-08-07 13:35:00,512327
Maksym Nikolenko_2072328746,Maksym Nikolenko,2,1,42,37,5,79,2021-08-07 13:35:00,512328
Yevhen Khurtak_163750,Yevhen Khurtak,-2,0,30,39,-9,69,2021-08-07 13:35:00,512329
Andrii Dekhtiarenko_163765,Andrii Dekhtiarenko,2,1,39,32,7,71,2021-08-07 13:40:00,512330
Serhii Tsybulin_126653513,Serhii Tsybulin,1,1,49,38,11,87,2021-08-07 13:40:00,512331
Iulii Khomutovskyi_163780,Iulii Khomutovskyi,2,1,42,38,4,80,2021-08-07 13:45:00,512332
Oleksandr Lysak_1827458056,Oleksandr Lysak,2,1,43,33,10,76,2021-08-07 13:45:00,512333
F Ambrosimov_122544,F Ambrosimov,2,1,40,34,6,74,2021-08-07 13:48:00,512334
Andrii Tsikhotskyi_2033465372,Andrii Tsikhotskyi,-3,0,21,35,-14,56,2021-08-07 13:50:00,512335
Pavlo Babenko_164046,Pavlo Babenko,2,1,43,34,9,77,2021-08-07 13:55:00,512336
Serhii Khandetskyi_163804,Serhii Khandetskyi,3,1,33,9,24,42,2021-08-07 13:55:00,512337
Yulia Hodko_511441661,Yulia Hodko,-1,0,40,46,-6,86,2021-08-07 13:55:00,512338
I Minchenkov_122471,I Minchenkov,2,1,39,28,11,67,2021-08-07 13:56:00,512339
Stepan Rejent_163980,Stepan Rejent,-1,0,51,51,0,102,2021-08-07 14:00:00,512340
Anatolii Nikolenko_163819,Anatolii Nikolenko,3,1,33,26,7,59,2021-08-07 14:00:00,512341
Andrii Kotik_1878906786,Andrii Kotik,1,1,48,50,-2,98,2021-08-07 14:00:00,512342
R Hasmanda_27405,R Hasmanda,-3,0,29,38,-9,67,2021-08-07 14:01:00,512343
Dmytro Zeniuk_1304480622,Dmytro Zeniuk,1,1,48,39,9,87,2021-08-07 14:05:00,512344
Serhii Bohach_163751,Serhii Bohach,-1,0,44,42,2,86,2021-08-07 14:05:00,512345
A Kozlov_122484,A Kozlov,2,1,35,30,5,65,2021-08-07 14:06:00,512346
Serhii Burdelnyi_163766,Serhii Burdelnyi,2,1,41,40,1,81,2021-08-07 14:10:00,512347
Uryi Schepanskyi_932996798,Uryi Schepanskyi,-1,0,41,47,-6,88,2021-08-07 14:10:00,512348
Andrii Baklykov_1295319567,Andrii Baklykov,3,1,33,20,13,53,2021-08-07 14:10:00,512349
Anton Molochko_1162910471,Anton Molochko,-2,0,39,41,-2,80,2021-08-07 14:15:00,512350
Oleksandr Kochetkov_163781,Oleksandr Kochetkov,-2,0,29,42,-13,71,2021-08-07 14:15:00,512351
I Poletaev_122545,I Poletaev,-2,0,33,38,-5,71,2021-08-07 14:18:00,512352
Nodar Kukava_580580437,Nodar Kukava,-3,0,21,34,-13,55,2021-08-07 14:20:00,512353
D Korneev_122472,D Korneev,2,1,41,36,5,77,2021-08-07 14:22:00,512354
Yevhenii Honchar_164047,Yevhenii Honchar,2,1,43,35,8,78,2021-08-07 14:25:00,512355
Maksym Balakiriev_163805,Maksym Balakiriev,-3,0,25,34,-9,59,2021-08-07 14:25:00,512356
Oleksiy Sapronov_1612109019,Oleksiy Sapronov,3,1,33,19,14,52,2021-08-07 14:25:00,512357
Yulia Hodko_1357275955,Yulia Hodko,-2,0,36,45,-9,81,2021-08-07 14:30:00,512358
Mykola Kulynych_163820,Mykola Kulynych,1,1,52,46,6,98,2021-08-07 14:30:00,512359
Adam Sochor_163981,Adam Sochor,-3,0,23,33,-10,56,2021-08-07 14:30:00,512360
P Semeshin_122611,P Semeshin,3,1,37,31,6,68,2021-08-07 14:34:00,512361
Valentyn Yunchyk_956097932,Valentyn Yunchyk,2,1,40,34,6,74,2021-08-07 14:35:00,512362
Yevhen Khurtak_163752,Yevhen Khurtak,3,1,33,21,12,54,2021-08-07 14:35:00,512363
R Pavelka_27406,R Pavelka,3,1,33,22,11,55,2021-08-07 14:36:00,512364
Andrii Dekhtiarenko_163767,Andrii Dekhtiarenko,-1,0,48,57,-9,105,2021-08-07 14:40:00,512365
Volodymyr Ivasiv_120286453,Volodymyr Ivasiv,3,1,36,30,6,66,2021-08-07 14:40:00,512366
A Slachshilin_122546,A Slachshilin,-1,0,42,47,-5,89,2021-08-07 14:40:00,512367
Iulii Khomutovskyi_163782,Iulii Khomutovskyi,-3,0,17,33,-16,50,2021-08-07 14:45:00,512368
Uryi Schepanskyi_2103060824,Uryi Schepanskyi,2,1,42,30,12,72,2021-08-07 14:45:00,512369
Andrii Baklykov_703007863,Andrii Baklykov,1,1,52,40,12,92,2021-08-07 14:45:00,512370
Yurii Teteria_1411324077,Yurii Teteria,-2,0,29,35,-6,64,2021-08-07 14:50:00,512371
A Lobanov_122635,A Lobanov,-1,0,40,52,-12,92,2021-08-07 14:53:00,512372
Anton Maslov_1634793875,Anton Maslov,-3,0,26,33,-7,59,2021-08-07 14:55:00,512373
Taras Yemelianov_163806,Taras Yemelianov,-2,0,36,47,-11,83,2021-08-07 14:55:00,512374
Miloslav Kuba_163982,Miloslav Kuba,3,1,33,19,14,52,2021-08-07 15:00:00,512375
Ruslan Nyzhnyk_163821,Ruslan Nyzhnyk,-2,0,39,39,0,78,2021-08-07 15:00:00,512376
A Kozlov_122612,A Kozlov,1,1,45,42,3,87,2021-08-07 15:00:00,512377
Serhii Gergeliuk_676291928,Serhii Gergeliuk,-1,0,53,55,-2,108,2021-08-07 15:00:00,512378
R Hasmanda_27407,R Hasmanda,-2,0,26,42,-16,68,2021-08-07 15:01:00,512379
Viktoria Kurtenko_1204180292,Viktoria Kurtenko,2,1,44,35,9,79,2021-08-07 15:05:00,512380
Ihor Kovalenko_163753,Ihor Kovalenko,2,1,44,43,1,87,2021-08-07 15:05:00,512381
Nazarii Hrytsyienko_258887077,Nazarii Hrytsyienko,2,1,39,27,12,66,2021-08-07 15:10:00,512382
Serhii Solomko_163768,Serhii Solomko,2,1,45,37,8,82,2021-08-07 15:10:00,512383
Vladyslav Pavliuk_163783,Vladyslav Pavliuk,2,1,44,38,6,82,2021-08-07 15:15:00,512384
Yevhenii Faflei_1767413418,Yevhenii Faflei,-3,0,20,33,-13,53,2021-08-07 15:15:00,512385
Serhii Baranovskyi_2073182173,Serhii Baranovskyi,-3,0,21,33,-12,54,2021-08-07 15:20:00,512386
Sergey Filatov_1252798893,Sergey Filatov,2,1,51,46,5,97,2021-08-07 15:20:00,512387
Stanislav Nikolenko_163839,Stanislav Nikolenko,2,1,40,27,13,67,2021-08-07 15:20:00,512388
Anton Molochko_671100043,Anton Molochko,1,1,51,33,18,84,2021-08-07 15:25:00,512389
Maksym Balakiriev_163807,Maksym Balakiriev,2,1,46,37,9,83,2021-08-07 15:25:00,512390
A Aslanyan_122636,A Aslanyan,2,1,41,31,10,72,2021-08-07 15:27:00,512391
Mykola Kulynych_163822,Mykola Kulynych,-3,0,25,34,-9,59,2021-08-07 15:30:00,512392
Nodar Kukava_1613128080,Nodar Kukava,1,1,51,46,5,97,2021-08-07 15:30:00,512393
Andrii Kovrikov_163860,Andrii Kovrikov,3,1,33,20,13,53,2021-08-07 15:30:00,512394
Adam Sochor_163983,Adam Sochor,2,1,43,37,6,80,2021-08-07 15:30:00,512395
Z Kasinski_27408,Z Kasinski,-2,0,31,42,-11,73,2021-08-07 15:31:00,512396
I Poletaev_122671,I Poletaev,-2,0,38,43,-5,81,2021-08-07 15:33:00,512397
I Pandur_122485,I Pandur,-3,0,20,33,-13,53,2021-08-07 15:35:00,512398
Borys Kostiuk_163875,Borys Kostiuk,-2,0,30,42,-12,72,2021-08-07 15:35:00,512399
Serhii Skachenko_1496494146,Serhii Skachenko,1,1,59,58,1,117,2021-08-07 15:35:00,512400
Anatolii Zapletniuk_1120723942,Anatolii Zapletniuk,1,1,46,44,2,90,2021-08-07 15:40:00,512401
Vadym Ishchuk_163890,Vadym Ishchuk,2,1,43,35,8,78,2021-08-07 15:40:00,512402
Ihor Dmytruk_163905,Ihor Dmytruk,1,1,52,45,7,97,2021-08-07 15:45:00,512403
Ivan Tymchyshyn_1896482710,Ivan Tymchyshyn,2,1,36,31,5,67,2021-08-07 15:50:00,512404
Vitaly Boyko_164018,Vitaly Boyko,2,1,38,28,10,66,2021-08-07 15:50:00,512405
A Poprocky_122439,A Poprocky,1,1,51,47,4,98,2021-08-07 15:54:00,512406
Nikita Trofimov_478551056,Nikita Trofimov,-3,0,19,33,-14,52,2021-08-07 15:55:00,512407
Andrii Peretiatko_163808,Andrii Peretiatko,-1,0,48,51,-3,99,2021-08-07 15:55:00,512408
A Slachshilin_122672,A Slachshilin,-3,0,22,33,-11,55,2021-08-07 15:57:00,512409
Z Kasinski_27453,Z Kasinski,-2,0,31,44,-13,75,2021-08-07 16:00:00,512410
Oleksandr Shkurupii_68649842,Oleksandr Shkurupii,3,1,34,21,13,55,2021-08-07 16:00:00,512411
Oleksandr Dukhovenko_163861,Oleksandr Dukhovenko,-1,0,42,48,-6,90,2021-08-07 16:00:00,512412
Oleksandr Maslovskyi_163823,Oleksandr Maslovskyi,2,1,40,32,8,72,2021-08-07 16:00:00,512413
I Meteleshko_122486,I Meteleshko,2,1,44,30,14,74,2021-08-07 16:01:00,512414
Vitalii Kyilo_163876,Vitalii Kyilo,-3,0,20,35,-15,55,2021-08-07 16:05:00,512415
Ondrej Konvalinka_164088,Ondrej Konvalinka,-3,0,21,33,-12,54,2021-08-07 16:05:00,512416
Viacheslav Yarovoi_606436089,Viacheslav Yarovoi,-1,0,45,48,-3,93,2021-08-07 16:05:00,512417
Oleksandr Kolbasenko_163891,Oleksandr Kolbasenko,-3,0,22,33,-11,55,2021-08-07 16:10:00,512418
Serhii Rutskyi_1336077388,Serhii Rutskyi,-1,0,46,55,-9,101,2021-08-07 16:10:00,512419
K Bystrushkin_122513,K Bystrushkin,-3,0,19,33,-14,52,2021-08-07 16:14:00,512420
Oleksandr Mytsyk_163906,Oleksandr Mytsyk,3,1,34,25,9,59,2021-08-07 16:15:00,512421
Artem Tkachenko_432751048,Artem Tkachenko,3,1,33,19,14,52,2021-08-07 16:15:00,512422
Yurii Kurishchenko_163840,Yurii Kurishchenko,1,1,52,46,6,98,2021-08-07 16:20:00,512423
Serhii Berezynskyi_121864494,Serhii Berezynskyi,3,1,33,19,14,52,2021-08-07 16:20:00,512424
Petro Tsolik_605919172,Petro Tsolik,2,1,41,37,4,78,2021-08-07 16:25:00,512425
Roksolana Kurdova_163920,Roksolana Kurdova,2,1,44,35,9,79,2021-08-07 16:25:00,512426
V Vologzhanin_122440,V Vologzhanin,3,1,33,14,19,47,2021-08-07 16:29:00,512427
Volodymyr Chornobab_163862,Volodymyr Chornobab,3,1,33,24,9,57,2021-08-07 16:30:00,512428
Yevhenii Kryvorotko_1588521098,Yevhenii Kryvorotko,2,1,47,43,4,90,2021-08-07 16:30:00,512429
V Nemashkalo_122487,V Nemashkalo,-3,0,27,35,-8,62,2021-08-07 16:30:00,512430
R Pavelka_27454,R Pavelka,2,1,43,35,8,78,2021-08-07 16:31:00,512431
D Molodtsov_122514,D Molodtsov,-2,0,33,42,-9,75,2021-08-07 16:32:00,512432
Illia Yanishevskiy_624163242,Illia Yanishevskiy,3,1,33,17,16,50,2021-08-07 16:35:00,512433
Igor Trydukh_163877,Igor Trydukh,-3,0,21,33,-12,54,2021-08-07 16:35:00,512434
Miloslav Kuba_164089,Miloslav Kuba,-3,0,15,33,-18,48,2021-08-07 16:35:00,512435
Ivan Efimenko_163892,Ivan Efimenko,3,1,35,21,14,56,2021-08-07 16:40:00,512436
Maksym Zhuravliov_1363954830,Maksym Zhuravliov,3,1,33,22,11,55,2021-08-07 16:40:00,512437
Serhii Skachenko_1739719730,Serhii Skachenko,1,1,45,41,4,86,2021-08-07 16:45:00,512438
Andrii Martyniuk_163907,Andrii Martyniuk,2,1,45,39,6,84,2021-08-07 16:45:00,512439
V Zhigalov_122441,V Zhigalov,-1,0,48,48,0,96,2021-08-07 16:49:00,512440
Anatolii Zapletniuk_898929523,Anatolii Zapletniuk,-1,0,48,49,-1,97,2021-08-07 16:50:00,512441
Vitaly Boyko_164019,Vitaly Boyko,2,1,37,31,6,68,2021-08-07 16:50:00,512442
Illia Semeniuk_1250380113,Illia Semeniuk,-2,0,33,44,-11,77,2021-08-07 16:55:00,512443
Yevheniia Severyna_163921,Yevheniia Severyna,-2,0,41,46,-5,87,2021-08-07 16:55:00,512444
D Evlahin_122515,D Evlahin,2,1,44,31,13,75,2021-08-07 16:57:00,512445
Ivan Tymchyshyn_363357882,Ivan Tymchyshyn,3,1,33,19,14,52,2021-08-07 17:00:00,512446
Oleksandr Dukhovenko_163863,Oleksandr Dukhovenko,-3,0,20,33,-13,53,2021-08-07 17:00:00,512447
Jiri Cermak_163984,Jiri Cermak,-3,0,18,33,-15,51,2021-08-07 17:00:00,512448
Ja Boruvka_27409,Ja Boruvka,1,1,52,48,4,100,2021-08-07 17:01:00,512449
Ir Kim_122488,Ir Kim,3,1,36,21,15,57,2021-08-07 17:01:00,512450
Vitalii Kyilo_163878,Vitalii Kyilo,-2,0,34,41,-7,75,2021-08-07 17:05:00,512451
Nikita Trofimov_541289527,Nikita Trofimov,-2,0,29,44,-15,73,2021-08-07 17:05:00,512452
Illia Yanishevskiy_101445786,Illia Yanishevskiy,2,1,42,33,9,75,2021-08-07 17:10:00,512453
Oleksandr Kolbasenko_163893,Oleksandr Kolbasenko,2,1,39,36,3,75,2021-08-07 17:10:00,512454
Oleksandr Mytsyk_163908,Oleksandr Mytsyk,2,1,40,25,15,65,2021-08-07 17:15:00,512455
Vasyl Shepel_1434556305,Vasyl Shepel,3,1,34,21,13,55,2021-08-07 17:15:00,512456
D Balakin_122516,D Balakin,-1,0,38,50,-12,88,2021-08-07 17:18:00,512457
O Manuylov_122442,O Manuylov,1,1,50,44,6,94,2021-08-07 17:19:00,512458
Vadim Tokar_1334741606,Vadim Tokar,-2,0,24,43,-19,67,2021-08-07 17:20:00,512459
Stanislav Nikolenko_163841,Stanislav Nikolenko,2,1,47,39,8,86,2021-08-07 17:20:00,512460
Roksolana Kurdova_163922,Roksolana Kurdova,-1,0,54,51,3,105,2021-08-07 17:25:00,512461
Artem Tkachenko_710735902,Artem Tkachenko,-3,0,17,33,-16,50,2021-08-07 17:25:00,512462
Andrii Kovrikov_163864,Andrii Kovrikov,3,1,33,17,16,50,2021-08-07 17:30:00,512463
David Brichacek_163985,David Brichacek,1,1,50,37,13,87,2021-08-07 17:30:00,512464
Serhii Berezynskyi_1379128193,Serhii Berezynskyi,-3,0,16,33,-17,49,2021-08-07 17:30:00,512465
V Nemashkalo_122489,V Nemashkalo,-1,0,41,51,-10,92,2021-08-07 17:31:00,512466
Ihor Petryshyn_413872130,Ihor Petryshyn,-1,0,52,54,-2,106,2021-08-07 17:35:00,512467
Borys Kostiuk_163879,Borys Kostiuk,1,1,43,41,2,84,2021-08-07 17:35:00,512468
Vadym Ishchuk_163894,Vadym Ishchuk,-2,0,35,41,-6,76,2021-08-07 17:40:00,512469
Roman Cherevko_423579250,Roman Cherevko,2,1,43,35,8,78,2021-08-07 17:40:00,512470
jr. Hruska_27410,jr. Hruska,-3,0,24,35,-11,59,2021-08-07 17:43:00,512471
Maksym Zhuravliov_1129681,Maksym Zhuravliov,-1,0,43,51,-8,94,2021-08-07 17:45:00,512472
Ihor Dmytruk_163909,Ihor Dmytruk,3,1,33,22,11,55,2021-08-07 17:45:00,512473
Ivan Fedoryshyn_163930,Ivan Fedoryshyn,-2,0,30,43,-13,73,2021-08-07 17:50:00,512474
Illia Udod_164020,Illia Udod,-2,0,35,44,-9,79,2021-08-07 17:50:00,512475
Illia Yanishevskiy_1761907969,Illia Yanishevskiy,-2,0,34,44,-10,78,2021-08-07 17:50:00,512476
V Zhigalov_122443,V Zhigalov,3,1,35,28,7,63,2021-08-07 17:52:00,512477
D Evlahin_122517,D Evlahin,1,1,51,39,12,90,2021-08-07 17:53:00,512478
Anastasiia Gordinskaya-Sheiko_163923,Anastasiia Gordinskaya-Sheiko,-2,0,28,39,-11,67,2021-08-07 17:55:00,512479
Serhii Rutskyi_1657541106,Serhii Rutskyi,2,1,39,30,9,69,2021-08-07 17:55:00,512480
David Brichacek_163986,David Brichacek,-3,0,13,33,-20,46,2021-08-07 18:00:00,512481
Anatolii Zapletniuk_1922135724,Anatolii Zapletniuk,3,1,39,30,9,69,2021-08-07 18:00:00,512482
Serhii Nemtsov_163865,Serhii Nemtsov,3,1,33,22,11,55,2021-08-07 18:00:00,512483
I Meteleshko_122490,I Meteleshko,-2,0,25,40,-15,65,2021-08-07 18:05:00,512484
Illia Semeniuk_1830629765,Illia Semeniuk,-3,0,23,33,-10,56,2021-08-07 18:05:00,512485
Hryhorii Kulishov_163880,Hryhorii Kulishov,-3,0,26,34,-8,60,2021-08-07 18:05:00,512486
Ja Zajicek_27411,Ja Zajicek,-2,0,34,41,-7,75,2021-08-07 18:08:00,512487
Ruslan Solomko_163895,Ruslan Solomko,1,1,43,42,1,85,2021-08-07 18:10:00,512488
Petro Tsolik_95793793,Petro Tsolik,2,1,37,24,13,61,2021-08-07 18:10:00,512489
Eduard Populovskyi_163910,Eduard Populovskyi,-3,0,15,33,-18,48,2021-08-07 18:15:00,512490
Yevhenii Kryvorotko_1754946335,Yevhenii Kryvorotko,-1,0,36,49,-13,85,2021-08-07 18:15:00,512491
V Vologzhanin_122444,V Vologzhanin,-1,0,45,41,4,86,2021-08-07 18:18:00,512492
Vasyl Shepel_1985937930,Vasyl Shepel,3,1,34,22,12,56,2021-08-07 18:20:00,512493
Yurii Kurishchenko_163830,Yurii Kurishchenko,2,1,43,32,11,75,2021-08-07 18:20:00,512494
Valeriy Vlasenko_163931,Valeriy Vlasenko,-3,0,22,33,-11,55,2021-08-07 18:20:00,512495
Yevheniia Severyna_163924,Yevheniia Severyna,3,1,33,18,15,51,2021-08-07 18:25:00,512496
Maksym Zhuravliov_871339320,Maksym Zhuravliov,2,1,43,34,9,77,2021-08-07 18:25:00,512497
D Molodtsov_122518,D Molodtsov,1,1,51,51,0,102,2021-08-07 18:25:00,512498
V Nemashkalo_122673,V Nemashkalo,-3,0,20,33,-13,53,2021-08-07 18:30:00,512499
Serhii Skachenko_776914156,Serhii Skachenko,-2,0,39,43,-4,82,2021-08-07 18:30:00,512500
Jiri Cermak_163987,Jiri Cermak,-1,0,45,46,-1,91,2021-08-07 18:30:00,512501
Volodymyr Chornobab_163866,Volodymyr Chornobab,3,1,33,17,16,50,2021-08-07 18:30:00,512502
Alexander Leonenko_578815869,Alexander Leonenko,1,1,45,36,9,81,2021-08-07 18:35:00,512503
Igor Trydukh_163881,Igor Trydukh,2,1,41,40,1,81,2021-08-07 18:35:00,512504
P Macela_27412,P Macela,3,1,34,23,11,57,2021-08-07 18:39:00,512505
Ivan Efimenko_163896,Ivan Efimenko,2,1,45,40,5,85,2021-08-07 18:40:00,512506
Serhii Berezynskyi_643198924,Serhii Berezynskyi,1,1,51,40,11,91,2021-08-07 18:40:00,512507
Andrii Martyniuk_163911,Andrii Martyniuk,3,1,33,13,20,46,2021-08-07 18:45:00,512508
Ivan Tymchyshyn_2092497585,Ivan Tymchyshyn,-2,0,30,41,-11,71,2021-08-07 18:45:00,512509
Nikita Trofimov_1303318798,Nikita Trofimov,3,1,33,20,13,53,2021-08-07 18:50:00,512510
Rodion Kapinus_163932,Rodion Kapinus,1,1,43,47,-4,90,2021-08-07 18:50:00,512511
Vitaly Boyko_164021,Vitaly Boyko,-1,0,53,54,-1,107,2021-08-07 18:50:00,512512
O Manuylov_122675,O Manuylov,1,1,50,49,1,99,2021-08-07 18:51:00,512513
Borys Buriak_303487607,Borys Buriak,-1,0,52,52,0,104,2021-08-07 18:55:00,512514
Roksolana Kurdova_163925,Roksolana Kurdova,2,1,44,30,14,74,2021-08-07 18:55:00,512515
Oleksandr Dukhovenko_163867,Oleksandr Dukhovenko,1,1,46,39,7,85,2021-08-07 19:00:00,512516
Jan Tomanec_163988,Jan Tomanec,-3,0,19,33,-14,52,2021-08-07 19:00:00,512517
Illia Yanishevskiy_1641314751,Illia Yanishevskiy,1,1,50,51,-1,101,2021-08-07 19:00:00,512518
Ja Zajicek_27413,Ja Zajicek,1,1,51,40,11,91,2021-08-07 19:01:00,512519
K Bystrushkin_122677,K Bystrushkin,-3,0,26,35,-9,61,2021-08-07 19:02:00,512520
I Pandur_122674,I Pandur,-3,0,20,33,-13,53,2021-08-07 19:03:00,512521
Vadim Tokar_1905346095,Vadim Tokar,3,1,33,13,20,46,2021-08-07 19:05:00,512522
Vitalii Kyilo_163882,Vitalii Kyilo,1,1,39,44,-5,83,2021-08-07 19:05:00,512523
Oleksandr Kolbasenko_163897,Oleksandr Kolbasenko,3,1,36,25,11,61,2021-08-07 19:10:00,512524
Artem Tkachenko_208723901,Artem Tkachenko,1,1,48,50,-2,98,2021-08-07 19:10:00,512525
Oleksandr Mytsyk_163912,Oleksandr Mytsyk,-2,0,38,43,-5,81,2021-08-07 19:15:00,512526
Roman Rybachuk_869178033,Roman Rybachuk,3,1,33,18,15,51,2021-08-07 19:15:00,512527
Ihor Petryshyn_1483540771,Ihor Petryshyn,-2,0,28,40,-12,68,2021-08-07 19:20:00,512528
Valeriy Vlasenko_163933,Valeriy Vlasenko,1,1,51,46,5,97,2021-08-07 19:20:00,512529
Stanislav Nikolenko_164022,Stanislav Nikolenko,-2,0,28,39,-11,67,2021-08-07 19:20:00,512530
V Vologzhanin_122676,V Vologzhanin,-2,0,35,41,-6,76,2021-08-07 19:21:00,512531
D Molodtsov_122678,D Molodtsov,-2,0,29,42,-13,71,2021-08-07 19:22:00,512532
Yevheniia Severyna_163926,Yevheniia Severyna,2,1,40,30,10,70,2021-08-07 19:25:00,512533
Roman Cherevko_555595653,Roman Cherevko,3,1,37,31,6,68,2021-08-07 19:25:00,512534
Andrii Kovrikov_163868,Andrii Kovrikov,2,1,38,32,6,70,2021-08-07 19:30:00,512535
Maksym Zhuravliov_738542095,Maksym Zhuravliov,3,1,33,19,14,52,2021-08-07 19:30:00,512536
Jiri Cermak_163989,Jiri Cermak,-2,0,35,40,-5,75,2021-08-07 19:30:00,512537
A Alekseyev_122491,A Alekseyev,3,1,37,25,12,62,2021-08-07 19:32:00,512538
Borys Kostiuk_163883,Borys Kostiuk,3,1,33,26,7,59,2021-08-07 19:35:00,512539
Illia Yanishevskiy_790987470,Illia Yanishevskiy,-2,0,35,46,-11,81,2021-08-07 19:35:00,512540
Serhii Rutskyi_1341775838,Serhii Rutskyi,-2,0,34,42,-8,76,2021-08-07 19:40:00,512541
Vadym Ishchuk_163898,Vadym Ishchuk,-2,0,33,40,-7,73,2021-08-07 19:40:00,512542
jr. Hruska_27414,jr. Hruska,-2,0,41,45,-4,86,2021-08-07 19:41:00,512543
Anatolii Zapletniuk_1093775850,Anatolii Zapletniuk,1,1,53,42,11,95,2021-08-07 19:45:00,512544
Ihor Dmytruk_163913,Ihor Dmytruk,-3,0,21,33,-12,54,2021-08-07 19:45:00,512545
D Komarov_122519,D Komarov,-3,0,26,33,-7,59,2021-08-07 19:47:00,512546
Ivan Fedoryshyn_163934,Ivan Fedoryshyn,2,1,44,33,11,77,2021-08-07 19:50:00,512547
Illia Semeniuk_97152100,Illia Semeniuk,-2,0,33,40,-7,73,2021-08-07 19:50:00,512548
Illia Udod_163845,Illia Udod,-3,0,33,39,-6,72,2021-08-07 19:50:00,512549
B Grebenyuk_122445,B Grebenyuk,-1,0,45,52,-7,97,2021-08-07 19:54:00,512550
Petro Tsolik_1972610204,Petro Tsolik,-1,0,46,54,-8,100,2021-08-07 19:55:00,512551
Anastasiia Gordinskaya-Sheiko_163927,Anastasiia Gordinskaya-Sheiko,2,1,43,28,15,71,2021-08-07 19:55:00,512552
Yevhenii Kryvorotko_150089178,Yevhenii Kryvorotko,-2,0,36,40,-4,76,2021-08-07 20:00:00,512553
Serhii Nemtsov_163869,Serhii Nemtsov,2,1,42,33,9,75,2021-08-07 20:00:00,512554
I Zemit_122492,I Zemit,3,1,33,20,13,53,2021-08-07 20:01:00,512555
Hryhorii Kulishov_163884,Hryhorii Kulishov,-1,0,49,44,5,93,2021-08-07 20:05:00,512556
Jan Tomanec_164349,Jan Tomanec,-3,0,20,33,-13,53,2021-08-07 20:05:00,512557
Oleksandr Tuzhylin_463786403,Oleksandr Tuzhylin,2,1,42,26,16,68,2021-08-07 20:05:00,512558
Ruslan Solomko_163899,Ruslan Solomko,-1,0,46,49,-3,95,2021-08-07 20:10:00,512559
Ivan Katkov_1198139606,Ivan Katkov,3,1,33,16,17,49,2021-08-07 20:10:00,512560
jr. Hruska_27455,jr. Hruska,-3,0,24,33,-9,57,2021-08-07 20:12:00,512561
Eduard Populovskyi_163914,Eduard Populovskyi,-3,0,18,33,-15,51,2021-08-07 20:15:00,512562
Uriy Sandulenko_512508366,Uriy Sandulenko,-3,0,29,37,-8,66,2021-08-07 20:15:00,512563
V Melnikov_122520,V Melnikov,-3,0,26,33,-7,59,2021-08-07 20:15:00,512564
Yurii Kurishchenko_164023,Yurii Kurishchenko,1,1,46,41,5,87,2021-08-07 20:20:00,512565
Artem Tkachenko_1415008451,Artem Tkachenko,2,1,38,31,7,69,2021-08-07 20:20:00,512566
Artem Yurkov_163935,Artem Yurkov,-3,0,21,33,-12,54,2021-08-07 20:20:00,512567
I Soldatov_122446,I Soldatov,2,1,39,30,9,69,2021-08-07 20:22:00,512568
Roksolana Kurdova_163928,Roksolana Kurdova,1,1,40,31,9,71,2021-08-07 20:25:00,512569
Serhii Berezynskyi_316221511,Serhii Berezynskyi,3,1,33,14,19,47,2021-08-07 20:25:00,512570
Serhij Maksymiv_401373934,Serhij Maksymiv,2,1,45,35,10,80,2021-08-07 20:30:00,512571
Volodymyr Chornobab_163870,Volodymyr Chornobab,-3,0,21,33,-12,54,2021-08-07 20:30:00,512572
Ja Zajicek_27456,Ja Zajicek,3,1,34,22,12,56,2021-08-07 20:31:00,512573
S Kuzmin_122493,S Kuzmin,-3,0,25,33,-8,58,2021-08-07 20:32:00,512574
Lev Kats_328576290,Lev Kats,2,1,44,38,6,82,2021-08-07 20:35:00,512575
Igor Trydukh_163885,Igor Trydukh,2,1,38,29,9,67,2021-08-07 20:35:00,512576
Petr Provaznik_164350,Petr Provaznik,2,1,39,38,1,77,2021-08-07 20:35:00,512577
Ivan Efimenko_163900,Ivan Efimenko,3,1,33,25,8,58,2021-08-07 20:40:00,512578
Oleksandr Tuzhylin_2002899528,Oleksandr Tuzhylin,-1,0,44,49,-5,93,2021-08-07 20:40:00,512579
Ivan Mai_117324871,Ivan Mai,1,1,49,49,0,98,2021-08-07 20:45:00,512580
Andrii Martyniuk_163915,Andrii Martyniuk,-2,0,35,42,-7,77,2021-08-07 20:45:00,512581
A Silantev_122521,A Silantev,1,1,43,43,0,86,2021-08-07 20:46:00,512582
S Nikulin_122447,S Nikulin,2,1,45,39,6,84,2021-08-07 20:47:00,512583
Stanislav Nikolenko_164024,Stanislav Nikolenko,-1,0,48,52,-4,100,2021-08-07 20:50:00,512584
Rodion Kapinus_163936,Rodion Kapinus,2,1,43,39,4,82,2021-08-07 20:50:00,512585
Serhii Skachenko_305702839,Serhii Skachenko,-3,0,20,34,-14,54,2021-08-07 20:50:00,512586
Anatolii Zapletniuk_732225847,Anatolii Zapletniuk,1,1,45,43,2,88,2021-08-07 20:55:00,512587
Alina Man_163929,Alina Man,3,1,33,22,11,55,2021-08-07 20:55:00,512588
Illia Semeniuk_669339709,Illia Semeniuk,2,1,45,33,12,78,2021-08-07 21:00:00,512589
Andrii Kovrikov_163871,Andrii Kovrikov,3,1,34,17,17,51,2021-08-07 21:00:00,512590
Roland Balog_164027,Roland Balog,2,1,37,33,4,70,2021-08-07 21:00:00,512591
Ji Louda_27415,Ji Louda,1,1,58,59,-1,117,2021-08-07 21:00:00,512592
V Mishakin_122494,V Mishakin,-2,0,37,44,-7,81,2021-08-07 21:02:00,512593
Ivan Tymchyshyn_1818783595,Ivan Tymchyshyn,-3,0,26,38,-12,64,2021-08-07 21:05:00,512594
Borys Kostiuk_163886,Borys Kostiuk,2,1,39,29,10,68,2021-08-07 21:05:00,512595
Vadym Ishchuk_163901,Vadym Ishchuk,2,1,39,30,9,69,2021-08-07 21:10:00,512596
Nikita Trofimov_1314829464,Nikita Trofimov,-1,0,50,53,-3,103,2021-08-07 21:10:00,512597
Ivan Katkov_214396932,Ivan Katkov,-2,0,30,43,-13,73,2021-08-07 21:15:00,512598
Ihor Dmytruk_163916,Ihor Dmytruk,1,1,50,40,10,90,2021-08-07 21:15:00,512599
V Marshalov_122448,V Marshalov,2,1,42,34,8,76,2021-08-07 21:18:00,512600
A Frolov_122522,A Frolov,3,1,34,26,8,60,2021-08-07 21:20:00,512601
Oleksandr Tuzhylin_291505477,Oleksandr Tuzhylin,-1,0,48,50,-2,98,2021-08-07 21:20:00,512602
Serhii Rak_164025,Serhii Rak,2,1,42,30,12,72,2021-08-07 21:20:00,512603
Valeriy Vlasenko_163937,Valeriy Vlasenko,-1,0,46,48,-2,94,2021-08-07 21:20:00,512604
Serhii Skachenko_1953203726,Serhii Skachenko,-3,0,27,36,-9,63,2021-08-07 21:25:00,512605
Andrii Lukatskyi_163872,Andrii Lukatskyi,2,1,36,32,4,68,2021-08-07 21:30:00,512606
Libor Matysek_163991,Libor Matysek,1,1,53,43,10,96,2021-08-07 21:30:00,512607
Artem Tkachenko_1330773607,Artem Tkachenko,1,1,48,43,5,91,2021-08-07 21:30:00,512608
S Kuzmin_122495,S Kuzmin,3,1,36,26,10,62,2021-08-07 21:31:00,512609
Yevheniia Severyna_164368,Yevheniia Severyna,-3,0,12,33,-21,45,2021-08-07 21:35:00,512610
Serhii Sokolov_163887,Serhii Sokolov,-3,0,23,33,-10,56,2021-08-07 21:35:00,512611
Serhii Berezynskyi_1326128388,Serhii Berezynskyi,-2,0,35,40,-5,75,2021-08-07 21:35:00,512612
Oleksandr Borysiuk_163902,Oleksandr Borysiuk,-1,0,43,45,-2,88,2021-08-07 21:40:00,512613
Maksym Mykytiuk_686780193,Maksym Mykytiuk,2,1,41,29,12,70,2021-08-07 21:40:00,512614
M Cinibulk_27416,M Cinibulk,3,1,33,12,21,45,2021-08-07 21:43:00,512615
Sergii Skhabitskiy_163917,Sergii Skhabitskiy,3,1,33,19,14,52,2021-08-07 21:45:00,512616
Yevhen Pysmennyi_996863252,Yevhen Pysmennyi,-1,0,54,58,-4,112,2021-08-07 21:45:00,512617
A Silantev_122523,A Silantev,-1,0,48,50,-2,98,2021-08-07 21:46:00,512618
S Nikulin_122449,S Nikulin,-3,0,24,33,-9,57,2021-08-07 21:50:00,512619
Stanislav Nikolenko_163847,Stanislav Nikolenko,-1,0,56,54,2,110,2021-08-07 21:50:00,512620
Ivan Mai_933324976,Ivan Mai,-3,0,25,33,-8,58,2021-08-07 21:50:00,512621
Ivan Fedoryshyn_163938,Ivan Fedoryshyn,-2,0,38,44,-6,82,2021-08-07 21:50:00,512622
Ivan Katkov_492404482,Ivan Katkov,-1,0,50,55,-5,105,2021-08-07 21:55:00,512623
Andrii Kovrikov_163873,Andrii Kovrikov,1,1,46,42,4,88,2021-08-07 22:00:00,512624
Serhii Rutskyi_531374784,Serhii Rutskyi,2,1,37,39,-2,76,2021-08-07 22:00:00,512625
Libor Matysek_163992,Libor Matysek,-1,0,41,48,-7,89,2021-08-07 22:00:00,512626
R Rose_27417,R Rose,2,1,41,29,12,70,2021-08-07 22:01:00,512627
I Zemit_122496,I Zemit,2,1,45,38,7,83,2021-08-07 22:02:00,512628
Alina Man_164369,Alina Man,3,1,34,25,9,59,2021-08-07 22:05:00,512629
Borys Kostiuk_163888,Borys Kostiuk,-1,0,35,48,-13,83,2021-08-07 22:05:00,512630
Alexander Leonenko_1147750801,Alexander Leonenko,2,1,41,35,6,76,2021-08-07 22:05:00,512631
Illia Semeniuk_958962870,Illia Semeniuk,2,1,40,35,5,75,2021-08-07 22:10:00,512632
Vadym Ishchuk_163903,Vadym Ishchuk,-1,0,44,48,-4,92,2021-08-07 22:10:00,512633
V Melnikov_122524,V Melnikov,-1,0,45,47,-2,92,2021-08-07 22:15:00,512634
Petro Tsolik_428583498,Petro Tsolik,-3,0,16,33,-17,49,2021-08-07 22:15:00,512635
Ihor Dmytruk_163918,Ihor Dmytruk,-1,0,51,53,-2,104,2021-08-07 22:15:00,512636
I Soldatov_122450,I Soldatov,-3,0,22,33,-11,55,2021-08-07 22:16:00,512637
Artem Yurkov_163939,Artem Yurkov,-1,0,42,49,-7,91,2021-08-07 22:20:00,512638
Roman Cherevko_480888180,Roman Cherevko,-3,0,24,34,-10,58,2021-08-07 22:20:00,512639
Vitaly Boyko_164026,Vitaly Boyko,-2,0,29,43,-14,72,2021-08-07 22:20:00,512640
Dmytro Yaremchuk_1029756907,Dmytro Yaremchuk,-2,0,39,46,-7,85,2021-08-07 22:25:00,512641
T Zahradnik_27418,T Zahradnik,-1,0,47,47,0,94,2021-08-07 22:30:00,512642
Oleksandr Tuzhylin_2099900796,Oleksandr Tuzhylin,-2,0,30,41,-11,71,2021-08-07 22:30:00,512643
Oleksandr Dukhovenko_163874,Oleksandr Dukhovenko,2,1,40,39,1,79,2021-08-07 22:30:00,512644
Roland Balog_164028,Roland Balog,-3,0,18,33,-15,51,2021-08-07 22:30:00,512645
V Mishakin_122679,V Mishakin,2,1,37,36,1,73,2021-08-07 22:32:00,512646
Vitalii Kyilo_163889,Vitalii Kyilo,2,1,42,32,10,74,2021-08-07 22:35:00,512647
Oleksandr Kolbasenko_163904,Oleksandr Kolbasenko,-2,0,34,46,-12,80,2021-08-07 22:40:00,512648
Oleksandr Mytsyk_163919,Oleksandr Mytsyk,3,1,35,26,9,61,2021-08-07 22:45:00,512649
Sergii Lugovskyi_1110828444,Sergii Lugovskyi,-3,0,23,33,-10,56,2021-08-07 22:45:00,512650
S Nikulin_122681,S Nikulin,-2,0,41,41,0,82,2021-08-07 22:47:00,512651
V Melnikov_122683,V Melnikov,-1,0,47,49,-2,96,2021-08-07 22:48:00,512652
Rodion Kapinus_163940,Rodion Kapinus,-3,0,28,37,-9,65,2021-08-07 22:50:00,512653
Oleksandr Tuzhylin_291435781,Oleksandr Tuzhylin,2,1,44,33,11,77,2021-08-07 23:00:00,512654
Tomas Vorisek_163994,Tomas Vorisek,3,1,33,14,19,47,2021-08-07 23:00:00,512655
Ivan Katkov_214467651,Ivan Katkov,-1,0,43,51,-8,94,2021-08-07 23:05:00,512656
R Rose_27419,R Rose,-1,0,47,55,-8,102,2021-08-07 23:06:00,512657
A Alekseyev_122680,A Alekseyev,-1,0,40,48,-8,88,2021-08-07 23:08:00,512658
B Grebenyuk_122682,B Grebenyuk,-1,0,43,47,-4,90,2021-08-07 23:15:00,512659
Ivan Fedoryshyn_163941,Ivan Fedoryshyn,2,1,44,35,9,79,2021-08-07 23:20:00,512660
A Silantev_122684,A Silantev,-1,0,47,52,-5,99,2021-08-07 23:24:00,512661
Roland Balog_164029,Roland Balog,-1,0,54,59,-5,113,2021-08-07 23:30:00,512662
Anton Riabukhin_2041462905,Anton Riabukhin,-1,0,48,51,-3,99,2021-08-07 23:35:00,512663
T Turabekov_122497,T Turabekov,-3,0,26,35,-9,61,2021-08-07 23:37:00,512664
M Cinibulk_27420,M Cinibulk,-1,0,37,47,-10,84,2021-08-07 23:43:00,512665
Bogdan Stasiuk_1811300332,Bogdan Stasiuk,-1,0,54,52,2,106,2021-08-07 23:45:00,512666
O Kutuzov_122457,O Kutuzov,3,1,35,27,8,62,2021-08-07 23:47:00,512667
Dmytro Gudimenko_163942,Dmytro Gudimenko,2,1,38,31,7,69,2021-08-07 23:50:00,512668
N Zhurba_122525,N Zhurba,1,1,46,46,0,92,2021-08-07 23:53:00,512669
V Kalachev_126518,V Kalachev,-1,0,42,50,-8,92,2021-08-08 00:00:00,512670
Maksym Zhuravliov_157960696,Maksym Zhuravliov,3,1,33,18,15,51,2021-08-08 00:00:00,512671
P Pycha_28433,P Pycha,-1,0,48,47,1,95,2021-08-08 00:01:00,512672
Yevhenii Sokoltsov_172659,Yevhenii Sokoltsov,3,1,33,19,14,52,2021-08-08 00:05:00,512673
Jan Sr Krames_173034,Jan Sr Krames,-3,0,22,38,-16,60,2021-08-08 00:05:00,512674
Viktor Bosak_492707233,Viktor Bosak,-2,0,37,39,-2,76,2021-08-08 00:15:00,512675
O Kutuzov_126484,O Kutuzov,-1,0,44,41,3,85,2021-08-08 00:16:00,512676
A Serebrennikov_126558,A Serebrennikov,-2,0,36,42,-6,78,2021-08-08 00:19:00,512677
Oleksandr Hryshchenko_172657,Oleksandr Hryshchenko,-3,0,13,33,-20,46,2021-08-08 00:20:00,512678
Oleksandr Gomilko_172674,Oleksandr Gomilko,-1,0,55,57,-2,112,2021-08-08 00:25:00,512679
Dmytro Mischenko_110493523,Dmytro Mischenko,3,1,35,28,7,63,2021-08-08 00:30:00,512680
E Ilyukhin_126519,E Ilyukhin,-2,0,36,43,-7,79,2021-08-08 00:31:00,512681
V Dolezal_28434,V Dolezal,3,1,33,20,13,53,2021-08-08 00:31:00,512682
Milan Obertik_173035,Milan Obertik,3,1,33,18,15,51,2021-08-08 00:35:00,512683
Dmitriy Pereyaslovskyi_172660,Dmitriy Pereyaslovskyi,1,1,48,47,1,95,2021-08-08 00:35:00,512684
Roman Pinchuk_1274206745,Roman Pinchuk,3,1,34,26,8,60,2021-08-08 00:45:00,512685
A Vlasov_126485,A Vlasov,1,1,55,54,1,109,2021-08-08 00:47:00,512686
I Afanasev_126559,I Afanasev,-1,0,42,49,-7,91,2021-08-08 00:49:00,512687
Vladyslav Mishchenko_172658,Vladyslav Mishchenko,1,1,47,38,9,85,2021-08-08 00:50:00,512688
Oleksandr Lysenko_172675,Oleksandr Lysenko,-2,0,34,40,-6,74,2021-08-08 00:55:00,512689
Artem Borysov_291820943,Artem Borysov,-1,0,51,53,-2,104,2021-08-08 01:00:00,512690
K Churin_126520,K Churin,3,1,34,28,6,62,2021-08-08 01:02:00,512691
Mykhailo Diachenko_172661,Mykhailo Diachenko,2,1,38,35,3,73,2021-08-08 01:05:00,512692
Volodymyr Tuchkevych_1237658156,Volodymyr Tuchkevych,3,1,35,26,9,61,2021-08-08 01:15:00,512693
R Kobytov_126560,R Kobytov,2,1,40,34,6,74,2021-08-08 01:17:00,512694
V Shirshov_126486,V Shirshov,2,1,41,32,9,73,2021-08-08 01:21:00,512695
Leonid Ivanov_172676,Leonid Ivanov,-3,0,16,33,-17,49,2021-08-08 01:25:00,512696
Maksym Zhuravliov_177713576,Maksym Zhuravliov,2,1,37,36,1,73,2021-08-08 01:30:00,512697
V Kalachev_126521,V Kalachev,1,1,44,45,-1,89,2021-08-08 01:32:00,512698
Dmitriy Pereyaslovskyi_172662,Dmitriy Pereyaslovskyi,1,1,49,41,8,90,2021-08-08 01:35:00,512699
Viktor Bosak_69646514,Viktor Bosak,-3,0,17,33,-16,50,2021-08-08 01:45:00,512700
A Serebrennikov_126561,A Serebrennikov,1,1,51,44,7,95,2021-08-08 01:46:00,512701
O Kutuzov_126487,O Kutuzov,2,1,40,33,7,73,2021-08-08 01:50:00,512702
Oleksandr Lysenko_172677,Oleksandr Lysenko,-2,0,28,40,-12,68,2021-08-08 01:55:00,512703
Dmytro Mischenko_1247499697,Dmytro Mischenko,1,1,49,44,5,93,2021-08-08 02:00:00,512704
Yevhenii Sokoltsov_172663,Yevhenii Sokoltsov,-3,0,17,33,-16,50,2021-08-08 02:05:00,512705
K Churin_126522,K Churin,-1,0,35,49,-14,84,2021-08-08 02:07:00,512706
Roman Pinchuk_1533527137,Roman Pinchuk,-3,0,23,33,-10,56,2021-08-08 02:15:00,512707
R Kobytov_126562,R Kobytov,-1,0,42,49,-7,91,2021-08-08 02:22:00,512708
V Shirshov_126488,V Shirshov,1,1,46,46,0,92,2021-08-08 02:25:00,512709
Oleksandr Gomilko_172678,Oleksandr Gomilko,2,1,40,37,3,77,2021-08-08 02:25:00,512710
Artem Borysov_1417147090,Artem Borysov,1,1,59,55,4,114,2021-08-08 02:30:00,512711
D Evlahin_126523,D Evlahin,2,1,41,41,0,82,2021-08-08 02:33:00,512712
Mykola Polysynskyi_172664,Mykola Polysynskyi,2,1,39,35,4,74,2021-08-08 02:35:00,512713
D Balakin_126489,D Balakin,0,1,0,0,0,0,2021-08-08 02:45:00,512714
Volodymyr Tuchkevych_41216943,Volodymyr Tuchkevych,-3,0,14,33,-19,47,2021-08-08 02:45:00,512715
A Tsitselskii_126563,A Tsitselskii,2,1,40,29,11,69,2021-08-08 02:52:00,512716
A Vlasov_126490,A Vlasov,-1,0,42,49,-7,91,2021-08-08 02:55:00,512717
Serhii Bondarenko_172679,Serhii Bondarenko,2,1,46,37,9,83,2021-08-08 02:55:00,512718
Oleksandr Yarovoi_452820315,Oleksandr Yarovoi,-3,0,23,35,-12,58,2021-08-08 03:00:00,512719
E Ilyukhin_126524,E Ilyukhin,3,1,33,17,16,50,2021-08-08 03:03:00,512720
Mykhailo Diachenko_172665,Mykhailo Diachenko,2,1,38,35,3,73,2021-08-08 03:05:00,512721
Viktor Bosak_323810884,Viktor Bosak,1,1,46,40,6,86,2021-08-08 03:15:00,512722
I Afanasev_126564,I Afanasev,-2,0,38,42,-4,80,2021-08-08 03:17:00,512723
Leonid Ivanov_172680,Leonid Ivanov,-1,0,45,48,-3,93,2021-08-08 03:25:00,512724
Yu Lbov_126491,Yu Lbov,-2,0,34,41,-7,75,2021-08-08 03:27:00,512725
D Sayanov_126525,D Sayanov,2,1,43,29,14,72,2021-08-08 03:30:00,512726
Maksym Zhuravliov_1339987621,Maksym Zhuravliov,-3,0,21,34,-13,55,2021-08-08 03:30:00,512727
Dmitriy Pereyaslovskyi_172666,Dmitriy Pereyaslovskyi,-2,0,33,42,-9,75,2021-08-08 03:35:00,512728
Igor Vatsyn_930204410,Igor Vatsyn,-1,0,47,43,4,90,2021-08-08 03:45:00,512729
E Kalashnikov_126565,E Kalashnikov,1,1,49,41,8,90,2021-08-08 03:45:00,512730
Oleksandr Lysenko_172681,Oleksandr Lysenko,1,1,49,43,6,92,2021-08-08 03:55:00,512731
Artem Borysov_606235210,Artem Borysov,-1,0,46,51,-5,97,2021-08-08 04:00:00,512732
D Evlahin_126526,D Evlahin,2,1,40,35,5,75,2021-08-08 04:02:00,512733
A Vlasov_126713,A Vlasov,3,1,33,21,12,54,2021-08-08 04:02:00,512734
Yevhenii Sokoltsov_172667,Yevhenii Sokoltsov,-1,0,49,52,-3,101,2021-08-08 04:05:00,512735
D Balakin_126492,D Balakin,0,1,0,0,0,0,2021-08-08 04:15:00,512736
Roman Pinchuk_313283673,Roman Pinchuk,1,1,51,39,12,90,2021-08-08 04:15:00,512737
A Tsitselskii_126566,A Tsitselskii,-1,0,50,56,-6,106,2021-08-08 04:17:00,512738
O Kutuzov_126714,O Kutuzov,-1,0,44,47,-3,91,2021-08-08 04:18:00,512739
Oleksandr Gomilko_172682,Oleksandr Gomilko,-2,0,31,41,-10,72,2021-08-08 04:25:00,512740
Dmytro Mischenko_192380887,Dmytro Mischenko,-1,0,49,43,6,92,2021-08-08 04:30:00,512741
Mykola Polysynskyi_172668,Mykola Polysynskyi,2,1,41,34,7,75,2021-08-08 04:35:00,512742
E Ilyukhin_126715,E Ilyukhin,3,1,33,26,7,59,2021-08-08 04:36:00,512743
Viktor Bosak_492564640,Viktor Bosak,-1,0,48,50,-2,98,2021-08-08 04:45:00,512744
Serhii Bondarenko_172683,Serhii Bondarenko,2,1,42,32,10,74,2021-08-08 04:55:00,512745
D Evlahin_126716,D Evlahin,-2,0,38,46,-8,84,2021-08-08 05:00:00,512746
A Serebrennikov_126717,A Serebrennikov,-3,0,21,33,-12,54,2021-08-08 05:03:00,512747
Mykhailo Diachenko_172669,Mykhailo Diachenko,2,1,40,32,8,72,2021-08-08 05:05:00,512748
Roman Pinchuk_1273960633,Roman Pinchuk,-2,0,39,39,0,78,2021-08-08 05:15:00,512749
R Kobytov_126718,R Kobytov,1,1,51,42,9,93,2021-08-08 05:21:00,512750
Leonid Ivanov_172684,Leonid Ivanov,2,1,38,36,2,74,2021-08-08 05:25:00,512751
Yevhenii Sokoltsov_172670,Yevhenii Sokoltsov,2,1,41,34,7,75,2021-08-08 05:35:00,512752
Oleksandr Gomilko_172685,Oleksandr Gomilko,2,1,43,35,8,78,2021-08-08 05:55:00,512753
Viktor Vakhrushev_172671,Viktor Vakhrushev,2,1,42,38,4,80,2021-08-08 06:05:00,512754
Dmytro Rehotun_172686,Dmytro Rehotun,3,1,33,16,17,49,2021-08-08 06:25:00,512755
Yevhenii Sokoltsov_172672,Yevhenii Sokoltsov,-1,0,42,44,-2,86,2021-08-08 06:35:00,512756
Oleksandr Gomilko_172687,Oleksandr Gomilko,1,1,50,38,12,88,2021-08-08 06:55:00,512757
Dmitriy Pereyaslovskyi_172673,Dmitriy Pereyaslovskyi,-1,0,37,52,-15,89,2021-08-08 07:05:00,512758
Oleksandr Lysenko_172688,Oleksandr Lysenko,2,1,42,29,13,71,2021-08-08 07:25:00,512759
O Belugin_126626,O Belugin,3,1,33,18,15,51,2021-08-08 07:35:00,512760
V Klimentev_126592,V Klimentev,1,1,48,35,13,83,2021-08-08 07:45:00,512761
V Pronin_126660,V Pronin,3,1,33,20,13,53,2021-08-08 07:46:00,512762
Mykola Belia_173027,Mykola Belia,1,1,44,45,-1,89,2021-08-08 07:50:00,512763
Serhii Boiko_657064488,Serhii Boiko,-3,0,20,33,-13,53,2021-08-08 07:50:00,512764
Serhii Kinash_527087201,Serhii Kinash,-3,0,24,33,-9,57,2021-08-08 07:55:00,512765
Oleksandr Hryshchenko_172824,Oleksandr Hryshchenko,-1,0,48,50,-2,98,2021-08-08 08:00:00,512766
A Kolmin_126627,A Kolmin,-2,0,31,43,-12,74,2021-08-08 08:01:00,512767
Nikita Vilenchyts_172834,Nikita Vilenchyts,2,1,38,34,4,72,2021-08-08 08:05:00,512768
Iryna Tiutiunyk_172844,Iryna Tiutiunyk,-2,0,39,41,-2,80,2021-08-08 08:10:00,512769
Tetyana Mudrak_172859,Tetyana Mudrak,-2,0,27,40,-13,67,2021-08-08 08:15:00,512770
E Golovachev_126661,E Golovachev,1,1,53,44,9,97,2021-08-08 08:15:00,512771
V Staroverov_126593,V Staroverov,-2,0,32,42,-10,74,2021-08-08 08:16:00,512772
Oleksandr Kalynevych_172810,Oleksandr Kalynevych,1,1,55,44,11,99,2021-08-08 08:20:00,512773
Lev Kats_721957993,Lev Kats,-1,0,38,46,-8,84,2021-08-08 08:25:00,512774
Dmytro Shukin_959671054,Dmytro Shukin,2,1,44,36,8,80,2021-08-08 08:30:00,512775
Artem Yurkov_172825,Artem Yurkov,2,1,41,34,7,75,2021-08-08 08:30:00,512776
A Merezhko_126628,A Merezhko,2,1,47,43,4,90,2021-08-08 08:31:00,512777
Ivan Mai_1369597797,Ivan Mai,-1,0,50,49,1,99,2021-08-08 08:35:00,512778
Yurii Kolesnyk_172835,Yurii Kolesnyk,-2,0,25,40,-15,65,2021-08-08 08:35:00,512779
Lilia Melnikova_133037082,Lilia Melnikova,3,1,36,30,6,66,2021-08-08 08:40:00,512780
Nataliia Konovalova_172845,Nataliia Konovalova,1,1,50,44,6,94,2021-08-08 08:40:00,512781
Yaroslava Pachich_172860,Yaroslava Pachich,3,1,33,18,15,51,2021-08-08 08:45:00,512782
Valerii Baklykov_1838173322,Valerii Baklykov,2,1,46,42,4,88,2021-08-08 08:45:00,512783
O Kharlakin_126594,O Kharlakin,2,1,43,28,15,71,2021-08-08 08:45:00,512784
S Skotnikov_126662,S Skotnikov,-2,0,29,41,-12,70,2021-08-08 08:46:00,512785
Oleksandr Staryi_235182579,Oleksandr Staryi,-2,0,37,41,-4,78,2021-08-08 08:50:00,512786
Oleksandr Buberenko_172874,Oleksandr Buberenko,2,1,45,38,7,83,2021-08-08 08:50:00,512787
Anatolii Dulich_172811,Anatolii Dulich,2,1,36,33,3,69,2021-08-08 08:50:00,512788
Nataliia Riabchenko_172884,Nataliia Riabchenko,-1,0,42,43,-1,85,2021-08-08 08:55:00,512789
Mykola Lytvynenko_1500542967,Mykola Lytvynenko,-1,0,48,45,3,93,2021-08-08 08:55:00,512790
Dominik Horak_172999,Dominik Horak,1,1,41,53,-12,94,2021-08-08 09:00:00,512791
Yevhen Pysmennyi_1180307193,Yevhen Pysmennyi,2,1,38,34,4,72,2021-08-08 09:00:00,512792
Oleksandr Hryshchenko_172826,Oleksandr Hryshchenko,1,1,54,48,6,102,2021-08-08 09:00:00,512793
M-n Regner_28405,M-n Regner,1,1,54,45,9,99,2021-08-08 09:01:00,512794
M Glushkov_126629,M Glushkov,-3,0,25,35,-10,60,2021-08-08 09:01:00,512795
Nikita Vilenchyts_172836,Nikita Vilenchyts,1,1,47,50,-3,97,2021-08-08 09:05:00,512796
Dmytro Kryshtal_665311823,Dmytro Kryshtal,-3,0,22,33,-11,55,2021-08-08 09:05:00,512797
Polina Nerush_172846,Polina Nerush,-1,0,50,56,-6,106,2021-08-08 09:10:00,512798
Bohdan Kohut_866148763,Bohdan Kohut,2,1,44,38,6,82,2021-08-08 09:10:00,512799
Nadiia Kovtun_172861,Nadiia Kovtun,-1,0,45,52,-7,97,2021-08-08 09:15:00,512800
Yu Gavrilov_126663,Yu Gavrilov,1,1,53,49,4,102,2021-08-08 09:15:00,512801
Alina Shkarban_1050915874,Alina Shkarban,-2,0,32,37,-5,69,2021-08-08 09:15:00,512802
A Savinskiy_126595,A Savinskiy,3,1,35,24,11,59,2021-08-08 09:15:00,512803
Oleg Shevchuk_1150771573,Oleg Shevchuk,1,1,53,39,14,92,2021-08-08 09:20:00,512804
Viktor Yevtodii_172875,Viktor Yevtodii,-2,0,43,48,-5,91,2021-08-08 09:20:00,512805
Oleksandr Kalynevych_172812,Oleksandr Kalynevych,-1,0,41,43,-2,84,2021-08-08 09:20:00,512806
Yuliia Tryhub_172885,Yuliia Tryhub,3,1,33,16,17,49,2021-08-08 09:25:00,512807
Oleksii Romaniv_154993166,Oleksii Romaniv,1,1,50,44,6,94,2021-08-08 09:25:00,512808
A Merezhko_126630,A Merezhko,1,1,47,49,-2,96,2021-08-08 09:30:00,512809
Oleksandr Kolbasenko_172827,Oleksandr Kolbasenko,-2,0,33,45,-12,78,2021-08-08 09:30:00,512810
Petr Kubat_173000,Petr Kubat,-3,0,21,33,-12,54,2021-08-08 09:30:00,512811
Valentyn Korovychenko_1401702300,Valentyn Korovychenko,-3,0,11,33,-22,44,2021-08-08 09:30:00,512812
J Svec_28406,J Svec,1,1,48,42,6,90,2021-08-08 09:33:00,512813
Roman Hnoievoi_172837,Roman Hnoievoi,-2,0,28,39,-11,67,2021-08-08 09:35:00,512814
Lev Kats_2001312466,Lev Kats,3,1,33,20,13,53,2021-08-08 09:35:00,512815
Nataliia Konovalova_172847,Nataliia Konovalova,-2,0,39,43,-4,82,2021-08-08 09:40:00,512816
Dmytro Shukin_2135383376,Dmytro Shukin,-1,0,41,49,-8,90,2021-08-08 09:40:00,512817
Yaroslava Pachich_172862,Yaroslava Pachich,3,1,33,19,14,52,2021-08-08 09:45:00,512818
Ivan Mai_904187281,Ivan Mai,-1,0,52,53,-1,105,2021-08-08 09:45:00,512819
O Kharlakin_126596,O Kharlakin,-2,0,35,40,-5,75,2021-08-08 09:45:00,512820
S Skotnikov_126664,S Skotnikov,-3,0,22,33,-11,55,2021-08-08 09:46:00,512821
Oleksandr Buberenko_172876,Oleksandr Buberenko,2,1,44,27,17,71,2021-08-08 09:50:00,512822
Mykola Belia_173028,Mykola Belia,-1,0,39,40,-1,79,2021-08-08 09:50:00,512823
Lilia Melnikova_1940847647,Lilia Melnikova,2,1,46,41,5,87,2021-08-08 09:50:00,512824
Valerii Baklykov_1974705661,Valerii Baklykov,-2,0,30,40,-10,70,2021-08-08 09:55:00,512825
Alina Man_172886,Alina Man,-3,0,17,33,-16,50,2021-08-08 09:55:00,512826
A Kolmin_126631,A Kolmin,3,1,34,22,12,56,2021-08-08 10:00:00,512827
Petr Kubat_173001,Petr Kubat,-1,0,54,51,3,105,2021-08-08 10:00:00,512828
Artem Yurkov_172828,Artem Yurkov,1,1,45,44,1,89,2021-08-08 10:00:00,512829
Oleksandr Staryi_1349475834,Oleksandr Staryi,1,1,57,48,9,105,2021-08-08 10:00:00,512830
Dmytro Dubrovin_1052649848,Dmytro Dubrovin,-3,0,19,33,-14,52,2021-08-08 10:05:00,512831
Yurii Kolesnyk_172838,Yurii Kolesnyk,-2,0,35,42,-7,77,2021-08-08 10:05:00,512832
Z Kasinski_28407,Z Kasinski,-3,0,22,33,-11,55,2021-08-08 10:08:00,512833
Serhii Boiko_1202940614,Serhii Boiko,-2,0,29,42,-13,71,2021-08-08 10:10:00,512834
Iryna Tiutiunyk_172848,Iryna Tiutiunyk,3,1,33,21,12,54,2021-08-08 10:10:00,512835
E Golovachev_126665,E Golovachev,1,1,49,52,-3,101,2021-08-08 10:15:00,512836
Serhii Kinash_622248040,Serhii Kinash,1,1,50,40,10,90,2021-08-08 10:15:00,512837
Tetyana Mudrak_172863,Tetyana Mudrak,2,1,41,25,16,66,2021-08-08 10:15:00,512838
V Staroverov_126597,V Staroverov,2,1,38,27,11,65,2021-08-08 10:15:00,512839
Ihor Kvak_172814,Ihor Kvak,-2,0,40,49,-9,89,2021-08-08 10:20:00,512840
Bohdan Kohut_2133535950,Bohdan Kohut,-1,0,47,49,-2,96,2021-08-08 10:20:00,512841
Valerii Merzlikin_172877,Valerii Merzlikin,-3,0,22,34,-12,56,2021-08-08 10:20:00,512842
Yuliia Tryhub_172887,Yuliia Tryhub,-1,0,47,50,-3,97,2021-08-08 10:25:00,512843
Tatiana Bairak_211265733,Tatiana Bairak,2,1,41,32,9,73,2021-08-08 10:25:00,512844
Maksym Kukharuk_1473724012,Maksym Kukharuk,-1,0,45,47,-2,92,2021-08-08 10:30:00,512845
M Smrcek_28408,M Smrcek,3,1,34,18,16,52,2021-08-08 10:30:00,512846
Dominik Horak_173002,Dominik Horak,2,1,41,30,11,71,2021-08-08 10:30:00,512847
M Glushkov_126719,M Glushkov,-2,0,31,37,-6,68,2021-08-08 10:30:00,512848
Oleksandr Hryshchenko_172829,Oleksandr Hryshchenko,2,1,41,37,4,78,2021-08-08 10:30:00,512849
Nikita Vilenchyts_172839,Nikita Vilenchyts,-2,0,30,41,-11,71,2021-08-08 10:35:00,512850
Vladyslav Van_2063751968,Vladyslav Van,3,1,33,18,15,51,2021-08-08 10:35:00,512851
Valentyn Korovychenko_1092286323,Valentyn Korovychenko,-3,0,28,37,-9,65,2021-08-08 10:40:00,512852
Yuliia Khilinska_172849,Yuliia Khilinska,-2,0,34,39,-5,73,2021-08-08 10:40:00,512853
Karina Zharkova_172864,Karina Zharkova,2,1,35,32,3,67,2021-08-08 10:45:00,512854
Vladimir Lushnikov_1342838181,Vladimir Lushnikov,-1,0,54,59,-5,113,2021-08-08 10:45:00,512855
S Skotnikov_126723,S Skotnikov,3,1,34,26,8,60,2021-08-08 10:46:00,512856
V Staroverov_126721,V Staroverov,2,1,39,36,3,75,2021-08-08 10:46:00,512857
Viktor Yevtodii_172878,Viktor Yevtodii,2,1,39,29,10,68,2021-08-08 10:50:00,512858
Dmytro Arzanov_4801370,Dmytro Arzanov,-2,0,41,46,-5,87,2021-08-08 10:50:00,512859
Anatolii Dulich_172815,Anatolii Dulich,-1,0,52,53,-1,105,2021-08-08 10:50:00,512860
Ivan Mai_899404508,Ivan Mai,-3,0,23,33,-10,56,2021-08-08 10:55:00,512861
Nataliia Riabchenko_172888,Nataliia Riabchenko,2,1,45,36,9,81,2021-08-08 10:55:00,512862
Artem Yurkov_172830,Artem Yurkov,-2,0,32,45,-13,77,2021-08-08 11:00:00,512863
A Kolmin_126720,A Kolmin,-2,0,31,41,-10,72,2021-08-08 11:00:00,512864
Alina Shkarban_1992095650,Alina Shkarban,-1,0,50,52,-2,102,2021-08-08 11:00:00,512865
Vojtech Koutnik_173003,Vojtech Koutnik,3,1,38,25,13,63,2021-08-08 11:00:00,512866
Z Kasinski_28409,Z Kasinski,2,1,37,34,3,71,2021-08-08 11:00:00,512867
Oleg Shevchuk_1407693233,Oleg Shevchuk,-3,0,27,35,-8,62,2021-08-08 11:05:00,512868
Yurii Kolesnyk_172840,Yurii Kolesnyk,3,1,33,11,22,44,2021-08-08 11:05:00,512869
Polina Nerush_172850,Polina Nerush,-3,0,32,38,-6,70,2021-08-08 11:10:00,512870
Oleksii Romaniv_572437966,Oleksii Romaniv,-3,0,32,40,-8,72,2021-08-08 11:10:00,512871
Mykola Lytvynenko_27818843,Mykola Lytvynenko,1,1,47,38,9,85,2021-08-08 11:15:00,512872
O Kharlakin_126722,O Kharlakin,-2,0,30,38,-8,68,2021-08-08 11:15:00,512873
Nadiia Kovtun_172865,Nadiia Kovtun,1,1,44,39,5,83,2021-08-08 11:15:00,512874
E Golovachev_126724,E Golovachev,-1,0,42,48,-6,90,2021-08-08 11:17:00,512875
Oleksandr Kalynevych_172816,Oleksandr Kalynevych,-2,0,32,42,-10,74,2021-08-08 11:20:00,512876
Yevhen Pysmennyi_693061487,Yevhen Pysmennyi,-1,0,46,49,-3,95,2021-08-08 11:20:00,512877
Oleksandr Buberenko_172879,Oleksandr Buberenko,1,1,45,44,1,89,2021-08-08 11:20:00,512878
Dmytro Kryshtal_1083182507,Dmytro Kryshtal,1,1,48,42,6,90,2021-08-08 11:25:00,512879
Mariia Voitekhova_172889,Mariia Voitekhova,-1,0,45,49,-4,94,2021-08-08 11:25:00,512880
Oleksandr Kolbasenko_172831,Oleksandr Kolbasenko,-2,0,32,40,-8,72,2021-08-08 11:30:00,512881
J Svec_28410,J Svec,-1,0,39,47,-8,86,2021-08-08 11:30:00,512882
Dominik Horak_173004,Dominik Horak,-2,0,36,44,-8,80,2021-08-08 11:30:00,512883
Vitalii Lievshin_1472155102,Vitalii Lievshin,1,1,48,38,10,86,2021-08-08 11:30:00,512884
A Agapov_126632,A Agapov,1,1,52,45,7,97,2021-08-08 11:31:00,512885
Lilia Melnikova_1843835870,Lilia Melnikova,-2,0,38,47,-9,85,2021-08-08 11:35:00,512886
Roman Hnoievoi_172841,Roman Hnoievoi,3,1,33,16,17,49,2021-08-08 11:35:00,512887
Valerii Baklykov_1955220352,Valerii Baklykov,2,1,45,38,7,83,2021-08-08 11:40:00,512888
Nataliia Konovalova_172851,Nataliia Konovalova,-3,0,33,39,-6,72,2021-08-08 11:40:00,512889
Oleksandr Staryi_954836861,Oleksandr Staryi,-2,0,32,40,-8,72,2021-08-08 11:45:00,512890
Yaroslava Pachich_172866,Yaroslava Pachich,-3,0,20,33,-13,53,2021-08-08 11:45:00,512891
I Nirkov_126666,I Nirkov,-2,0,30,39,-9,69,2021-08-08 11:46:00,512892
I Novikov_126598,I Novikov,3,1,33,16,17,49,2021-08-08 11:47:00,512893
Viktor Yevtodii_172880,Viktor Yevtodii,-3,0,21,33,-12,54,2021-08-08 11:50:00,512894
Sergey Filatov_1579715315,Sergey Filatov,-2,0,29,40,-11,69,2021-08-08 11:50:00,512895
Mykola Belia_173029,Mykola Belia,-2,0,26,36,-10,62,2021-08-08 11:50:00,512896
Lev Kats_1931824870,Lev Kats,-2,0,35,46,-11,81,2021-08-08 11:55:00,512897
Alina Man_172890,Alina Man,-3,0,23,35,-12,58,2021-08-08 11:55:00,512898
Oleksandr Hryshchenko_172832,Oleksandr Hryshchenko,2,1,36,29,7,65,2021-08-08 12:00:00,512899
Dmytro Shukin_1043838263,Dmytro Shukin,1,1,44,45,-1,89,2021-08-08 12:00:00,512900
S Bilyuga_126633,S Bilyuga,2,1,42,39,3,81,2021-08-08 12:02:00,512901
Nikita Vilenchyts_172842,Nikita Vilenchyts,2,1,35,31,4,66,2021-08-08 12:05:00,512902
Bohdan Kohut_579388685,Bohdan Kohut,1,1,51,44,7,95,2021-08-08 12:05:00,512903
Iryna Tiutiunyk_172852,Iryna Tiutiunyk,2,1,39,30,9,69,2021-08-08 12:10:00,512904
Tatiana Bairak_2121222458,Tatiana Bairak,2,1,45,46,-1,91,2021-08-08 12:10:00,512905
Pavel Rissky_173036,Pavel Rissky,1,1,54,53,1,107,2021-08-08 12:10:00,512906
J Svec_28435,J Svec,2,1,38,29,9,67,2021-08-08 12:10:00,512907
Tetyana Mudrak_172867,Tetyana Mudrak,3,1,33,21,12,54,2021-08-08 12:15:00,512908
Maksym Kukharuk_571097084,Maksym Kukharuk,-3,0,23,33,-10,56,2021-08-08 12:15:00,512909
V Putilovsky_126599,V Putilovsky,1,1,57,54,3,111,2021-08-08 12:16:00,512910
I Matveyev_126667,I Matveyev,2,1,39,28,11,67,2021-08-08 12:16:00,512911
Vladyslav Van_1687838509,Vladyslav Van,-1,0,51,49,2,100,2021-08-08 12:20:00,512912
Valerii Merzlikin_172881,Valerii Merzlikin,2,1,43,38,5,81,2021-08-08 12:20:00,512913
Ihor Kvak_172818,Ihor Kvak,1,1,44,38,6,82,2021-08-08 12:20:00,512914
Dmytro Dubrovin_1064014403,Dmytro Dubrovin,-1,0,46,53,-7,99,2021-08-08 12:25:00,512915
Yuliia Tryhub_172891,Yuliia Tryhub,-2,0,30,37,-7,67,2021-08-08 12:25:00,512916
Serhii Boiko_1745632395,Serhii Boiko,-2,0,39,39,0,78,2021-08-08 12:30:00,512917
Yevhen Hasan_172833,Yevhen Hasan,-3,0,17,33,-16,50,2021-08-08 12:30:00,512918
A Kuznetsov_126634,A Kuznetsov,-2,0,38,42,-4,80,2021-08-08 12:30:00,512919
M Smrcek_28436,M Smrcek,1,1,46,40,6,86,2021-08-08 12:33:00,512920
Serhii Kinash_1211450407,Serhii Kinash,1,1,50,50,0,100,2021-08-08 12:35:00,512921
Viacheslav Isakov_172843,Viacheslav Isakov,-2,0,41,40,1,81,2021-08-08 12:35:00,512922
Vojtech Koutnik_173037,Vojtech Koutnik,-1,0,54,50,4,104,2021-08-08 12:40:00,512923
Yuliia Khilinska_172853,Yuliia Khilinska,-2,0,32,40,-8,72,2021-08-08 12:40:00,512924
Ivan Mai_643102820,Ivan Mai,-3,0,22,33,-11,55,2021-08-08 12:40:00,512925
Alina Shkarban_1454878867,Alina Shkarban,2,1,42,29,13,71,2021-08-08 12:45:00,512926
A Vaschenko_126668,A Vaschenko,3,1,41,31,10,72,2021-08-08 12:45:00,512927
Karina Zharkova_172868,Karina Zharkova,2,1,40,32,8,72,2021-08-08 12:45:00,512928
Oleg Shevchuk_1355468463,Oleg Shevchuk,-3,0,22,35,-13,57,2021-08-08 12:50:00,512929
Oleksandr Buberenko_172882,Oleksandr Buberenko,3,1,35,24,11,59,2021-08-08 12:50:00,512930
Anatolii Dulich_172819,Anatolii Dulich,-3,0,14,33,-19,47,2021-08-08 12:50:00,512931
Nataliia Riabchenko_172892,Nataliia Riabchenko,2,1,43,27,16,70,2021-08-08 12:55:00,512932
Oleksii Romaniv_469093749,Oleksii Romaniv,2,1,48,38,10,86,2021-08-08 12:55:00,512933
A Frolov_126600,A Frolov,2,1,39,29,10,68,2021-08-08 12:58:00,512934
Valentyn Korovychenko_1128248771,Valentyn Korovychenko,-1,0,35,49,-14,84,2021-08-08 13:00:00,512935
Vladyslav Kurchytskyi_173038,Vladyslav Kurchytskyi,2,1,40,32,8,72,2021-08-08 13:00:00,512936
Artur Akopyan_173005,Artur Akopyan,-2,0,30,38,-8,68,2021-08-08 13:00:00,512937
A Ilin_126635,A Ilin,-1,0,44,48,-4,92,2021-08-08 13:00:00,512938
J Pozarsky_28411,J Pozarsky,-2,0,31,44,-13,75,2021-08-08 13:02:00,512939
Vladimir Lushnikov_1089226257,Vladimir Lushnikov,1,1,49,43,6,92,2021-08-08 13:05:00,512940
Dmytro Arzanov_1994341655,Dmytro Arzanov,1,1,51,43,8,94,2021-08-08 13:10:00,512941
Roman Hnoievoi_173040,Roman Hnoievoi,-2,0,35,44,-9,79,2021-08-08 13:10:00,512942
Polina Nerush_172854,Polina Nerush,-1,0,42,44,-2,86,2021-08-08 13:10:00,512943
Bohdan Kohut_2064716975,Bohdan Kohut,-3,0,23,33,-10,56,2021-08-08 13:15:00,512944
Nadiia Kovtun_172869,Nadiia Kovtun,2,1,35,34,1,69,2021-08-08 13:15:00,512945
A Slachshilin_126669,A Slachshilin,2,1,42,22,20,64,2021-08-08 13:16:00,512946
Viktoria Overchuk_1904835738,Viktoria Overchuk,-3,0,13,33,-20,46,2021-08-08 13:20:00,512947
Mykola Belia_173030,Mykola Belia,2,1,39,32,7,71,2021-08-08 13:20:00,512948
Vladyslav Mishchenko_172883,Vladyslav Mishchenko,2,1,39,33,6,72,2021-08-08 13:20:00,512949
I Kovalev_126601,I Kovalev,1,1,52,48,4,100,2021-08-08 13:25:00,512950
Yurii Novokhatskyi_885523509,Yurii Novokhatskyi,-3,0,27,36,-9,63,2021-08-08 13:25:00,512951
Mariia Voitekhova_172893,Mariia Voitekhova,1,1,49,40,9,89,2021-08-08 13:25:00,512952
Yevhen Hasan_173039,Yevhen Hasan,-1,0,48,50,-2,98,2021-08-08 13:30:00,512953
Lukas Mayer_173006,Lukas Mayer,-2,0,33,42,-9,75,2021-08-08 13:30:00,512954
Oleksandr Hainovskyi_501971381,Oleksandr Hainovskyi,1,1,46,46,0,92,2021-08-08 13:30:00,512955
M Urban_28412,M Urban,-2,0,35,42,-7,77,2021-08-08 13:30:00,512956
A Kuznetsov_126636,A Kuznetsov,1,1,53,52,1,105,2021-08-08 13:33:00,512957
Mykola Lytvynenko_629929013,Mykola Lytvynenko,2,1,43,41,2,84,2021-08-08 13:35:00,512958
Yevhen Pysmennyi_1260193994,Yevhen Pysmennyi,-3,0,21,35,-14,56,2021-08-08 13:40:00,512959
Iryna Tiutiunyk_172855,Iryna Tiutiunyk,1,1,50,42,8,92,2021-08-08 13:40:00,512960
Oleksandr Lykhytskyi_173041,Oleksandr Lykhytskyi,3,1,33,24,9,57,2021-08-08 13:40:00,512961
Tetyana Mudrak_172870,Tetyana Mudrak,2,1,42,28,14,70,2021-08-08 13:45:00,512962
Dmytro Kryshtal_892315975,Dmytro Kryshtal,-2,0,31,36,-5,67,2021-08-08 13:45:00,512963
A Vaschenko_126670,A Vaschenko,-1,0,46,58,-12,104,2021-08-08 13:48:00,512964
Valerii Merzlikin_173042,Valerii Merzlikin,3,1,33,22,11,55,2021-08-08 13:50:00,512965
Ivan Mai_550390572,Ivan Mai,-3,0,11,33,-22,44,2021-08-08 13:50:00,512966
Yaroslav Tebenko_172821,Yaroslav Tebenko,1,1,50,50,0,100,2021-08-08 13:50:00,512967
Lilia Melnikova_1433609448,Lilia Melnikova,-2,0,38,43,-5,81,2021-08-08 13:55:00,512968
Alina Man_172894,Alina Man,1,1,49,45,4,94,2021-08-08 13:55:00,512969
Lukas Mayer_173007,Lukas Mayer,1,1,49,48,1,97,2021-08-08 14:00:00,512970
Valerii Baklykov_1381616302,Valerii Baklykov,-1,0,45,45,0,90,2021-08-08 14:00:00,512971
P Pycha_28413,P Pycha,-1,0,39,50,-11,89,2021-08-08 14:00:00,512972
A Frolov_126602,A Frolov,-2,0,25,42,-17,67,2021-08-08 14:02:00,512973
Oleksandr Staryi_1857532113,Oleksandr Staryi,-2,0,32,39,-7,71,2021-08-08 14:05:00,512974
S Bilyuga_126637,S Bilyuga,3,1,34,19,15,53,2021-08-08 14:06:00,512975
Anastasia Holiak_172856,Anastasia Holiak,2,1,43,32,11,75,2021-08-08 14:10:00,512976
Sergey Filatov_1909816306,Sergey Filatov,1,1,45,35,10,80,2021-08-08 14:10:00,512977
Serhii Boiko_1701360213,Serhii Boiko,2,1,45,38,7,83,2021-08-08 14:15:00,512978
Svitlana Tsoma_172871,Svitlana Tsoma,1,1,47,37,10,84,2021-08-08 14:15:00,512979
Serhii Kinash_1379849933,Serhii Kinash,-2,0,38,47,-9,85,2021-08-08 14:20:00,512980
Mykola Belia_173031,Mykola Belia,2,1,38,29,9,67,2021-08-08 14:20:00,512981
Vladyslav Mishchenko_173043,Vladyslav Mishchenko,2,1,44,39,5,83,2021-08-08 14:20:00,512982
Bohdan Kohut_459191,Bohdan Kohut,-2,0,29,45,-16,74,2021-08-08 14:25:00,512983
Nataliia Riabchenko_172895,Nataliia Riabchenko,2,1,35,35,0,70,2021-08-08 14:25:00,512984
I Matveyev_126671,I Matveyev,2,1,38,32,6,70,2021-08-08 14:27:00,512985
Natalia Ivanova_353441493,Natalia Ivanova,-3,0,19,34,-15,53,2021-08-08 14:30:00,512986
P Anton_28414,P Anton,1,1,48,45,3,93,2021-08-08 14:30:00,512987
Artur Akopyan_173008,Artur Akopyan,-1,0,31,45,-14,76,2021-08-08 14:30:00,512988
V Putilovsky_126603,V Putilovsky,2,1,36,38,-2,74,2021-08-08 14:31:00,512989
A Ilin_126725,A Ilin,-2,0,37,44,-7,81,2021-08-08 14:34:00,512990
Oleg Shevchuk_2009303134,Oleg Shevchuk,3,1,33,22,11,55,2021-08-08 14:35:00,512991
Iryna Tiutiunyk_172857,Iryna Tiutiunyk,-2,0,35,42,-7,77,2021-08-08 14:40:00,512992
Oleksandr Hainovskyi_502077973,Oleksandr Hainovskyi,-2,0,29,38,-9,67,2021-08-08 14:40:00,512993
Tetyana Mudrak_172872,Tetyana Mudrak,1,1,51,44,7,95,2021-08-08 14:45:00,512994
Dmytro Dubrovin_1806847675,Dmytro Dubrovin,-3,0,19,33,-14,52,2021-08-08 14:45:00,512995
Serhii Hohenko_881935046,Serhii Hohenko,3,1,33,12,21,45,2021-08-08 14:50:00,512996
Oleksandr Kalynevych_172823,Oleksandr Kalynevych,1,1,44,44,0,88,2021-08-08 14:50:00,512997
Yevheniia Severyna_172896,Yevheniia Severyna,-3,0,15,33,-18,48,2021-08-08 14:55:00,512998
Oleksandr Dziabura_1397659772,Oleksandr Dziabura,1,1,49,46,3,95,2021-08-08 14:55:00,512999
I Novikov_126747,I Novikov,-2,0,24,41,-17,65,2021-08-08 14:59:00,513000
Vaclav Jr Hejda_173009,Vaclav Jr Hejda,2,1,37,27,10,64,2021-08-08 15:00:00,513001
Vitalii Lievshin_1472293603,Vitalii Lievshin,3,1,34,20,14,54,2021-08-08 15:00:00,513002
A Agapov_126726,A Agapov,-3,0,22,35,-13,57,2021-08-08 15:00:00,513003
P Pycha_28415,P Pycha,-3,0,18,33,-15,51,2021-08-08 15:01:00,513004
I Nirkov_126739,I Nirkov,-3,0,16,33,-17,49,2021-08-08 15:01:00,513005
Alina Shkarban_1954451878,Alina Shkarban,1,1,43,46,-3,89,2021-08-08 15:05:00,513006
Nataliia Konovalova_172858,Nataliia Konovalova,-3,0,22,34,-12,56,2021-08-08 15:10:00,513007
Yurii Novokhatskyi_1866640217,Yurii Novokhatskyi,-2,0,34,39,-5,73,2021-08-08 15:10:00,513008
Vladyslav Van_472102348,Vladyslav Van,1,1,53,46,7,99,2021-08-08 15:15:00,513009
Yaroslava Pachich_172873,Yaroslava Pachich,3,1,33,12,21,45,2021-08-08 15:15:00,513010
I Matveyev_126740,I Matveyev,-2,0,28,42,-14,70,2021-08-08 15:18:00,513011
Oleksandr Maslovskyi_172899,Oleksandr Maslovskyi,1,1,49,45,4,94,2021-08-08 15:20:00,513012
Mykola Lytvynenko_1991765220,Mykola Lytvynenko,3,1,35,24,11,59,2021-08-08 15:20:00,513013
Serhii Boiko_1236086542,Serhii Boiko,2,1,46,43,3,89,2021-08-08 15:25:00,513014
Nataliia Riabchenko_172897,Nataliia Riabchenko,-3,0,22,34,-12,56,2021-08-08 15:25:00,513015
I Kovalev_126748,I Kovalev,2,1,46,41,5,87,2021-08-08 15:27:00,513016
Yurii Kurishchenko_172909,Yurii Kurishchenko,1,1,46,50,-4,96,2021-08-08 15:30:00,513017
Serhii Kinash_1226212730,Serhii Kinash,1,1,47,39,8,86,2021-08-08 15:30:00,513018
M Urban_28416,M Urban,-1,0,42,50,-8,92,2021-08-08 15:30:00,513019
Artur Akopyan_173010,Artur Akopyan,-2,0,41,43,-2,84,2021-08-08 15:30:00,513020
S Muslikov_126638,S Muslikov,3,1,34,18,16,52,2021-08-08 15:31:00,513021
Leonid Ivanov_172919,Leonid Ivanov,-1,0,53,49,4,102,2021-08-08 15:35:00,513022
Volodymyr Plishylo_1019143603,Volodymyr Plishylo,3,1,39,32,7,71,2021-08-08 15:35:00,513023
Yulia Hodko_1375302234,Yulia Hodko,-2,0,36,37,-1,73,2021-08-08 15:40:00,513024
Anastasiia Gordinskaya-Sheiko_172934,Anastasiia Gordinskaya-Sheiko,1,1,52,50,2,102,2021-08-08 15:40:00,513025
Viktor Bereza_172949,Viktor Bereza,-1,0,38,50,-12,88,2021-08-08 15:45:00,513026
A Shirshov_126674,A Shirshov,3,1,34,15,19,49,2021-08-08 15:47:00,513027
Ihor Dubyna_172900,Ihor Dubyna,2,1,42,34,8,76,2021-08-08 15:50:00,513028
Oleg Kuravsky_754033140,Oleg Kuravsky,-2,0,30,42,-12,72,2021-08-08 15:50:00,513029
Yurii Teteria_289510863,Yurii Teteria,3,1,33,21,12,54,2021-08-08 15:55:00,513030
Yuliia Tryhub_172898,Yuliia Tryhub,2,1,45,39,6,84,2021-08-08 15:55:00,513031
E Anisimov_126639,E Anisimov,-1,0,48,48,0,96,2021-08-08 16:00:00,513032
Lev Kats_2131937710,Lev Kats,1,1,52,47,5,99,2021-08-08 16:00:00,513033
Rodion Kapinus_172910,Rodion Kapinus,-3,0,26,34,-8,60,2021-08-08 16:00:00,513034
O Nikiforov_126604,O Nikiforov,3,1,33,18,15,51,2021-08-08 16:02:00,513035
Tomas Pesula_173044,Tomas Pesula,-2,0,35,42,-7,77,2021-08-08 16:05:00,513036
Oleksandr Lysenko_172920,Oleksandr Lysenko,-2,0,38,37,1,75,2021-08-08 16:05:00,513037
Dmytro Shukin_317286786,Dmytro Shukin,-3,0,20,33,-13,53,2021-08-08 16:05:00,513038
Anatolii Lievshin_2092822556,Anatolii Lievshin,2,1,48,42,6,90,2021-08-08 16:10:00,513039
Alisa Dubrova_172935,Alisa Dubrova,-2,0,36,42,-6,78,2021-08-08 16:10:00,513040
M Urban_28461,M Urban,3,1,33,20,13,53,2021-08-08 16:10:00,513041
Yehor Derun_172950,Yehor Derun,2,1,41,38,3,79,2021-08-08 16:15:00,513042
M Cheklin_126675,M Cheklin,2,1,40,36,4,76,2021-08-08 16:15:00,513043
Karina Zavinovskaya_86712719,Karina Zavinovskaya,3,1,33,20,13,53,2021-08-08 16:15:00,513044
I Tolmachev_126605,I Tolmachev,-1,0,41,46,-5,87,2021-08-08 16:18:00,513045
Oleksandr Maslovskyi_172901,Oleksandr Maslovskyi,3,1,33,11,22,44,2021-08-08 16:20:00,513046
Mykola Treshchetka_918338862,Mykola Treshchetka,-2,0,40,43,-3,83,2021-08-08 16:20:00,513047
Viktor Vakhrushev_172964,Viktor Vakhrushev,2,1,45,37,8,82,2021-08-08 16:25:00,513048
Artur Moriak_924414228,Artur Moriak,-3,0,11,33,-22,44,2021-08-08 16:25:00,513049
Mykola Lytvynenko_1237977426,Mykola Lytvynenko,-1,0,43,47,-4,90,2021-08-08 16:30:00,513050
Yurii Kurishchenko_172911,Yurii Kurishchenko,-1,0,42,48,-6,90,2021-08-08 16:30:00,513051
J Pozarsky_28462,J Pozarsky,2,1,43,28,15,71,2021-08-08 16:31:00,513052
I Pandur_126640,I Pandur,3,1,33,17,16,50,2021-08-08 16:35:00,513053
Vaclav Jr Hejda_173045,Vaclav Jr Hejda,2,1,42,32,10,74,2021-08-08 16:35:00,513054
Dmytro Rehotun_172921,Dmytro Rehotun,1,1,49,48,1,97,2021-08-08 16:35:00,513055
Serhii Boiko_1236121388,Serhii Boiko,1,1,48,51,-3,99,2021-08-08 16:35:00,513056
Nataliia Shchekotikhina_172936,Nataliia Shchekotikhina,-2,0,37,42,-5,79,2021-08-08 16:40:00,513057
Kyrylo Yehorov_1866796283,Kyrylo Yehorov,-3,0,24,34,-10,58,2021-08-08 16:40:00,513058
E Kupryakov_126676,E Kupryakov,-3,0,21,33,-12,54,2021-08-08 16:45:00,513059
Oleg Kolivay_172951,Oleg Kolivay,3,1,34,24,10,58,2021-08-08 16:45:00,513060
Volodymyr Plishylo_1280244384,Volodymyr Plishylo,-2,0,28,43,-15,71,2021-08-08 16:45:00,513061
E Golovachev_126606,E Golovachev,-3,0,23,34,-11,57,2021-08-08 16:46:00,513062
Rostyslav Fylypiv_172902,Rostyslav Fylypiv,-1,0,50,54,-4,104,2021-08-08 16:50:00,513063
Yulia Hodko_575720708,Yulia Hodko,3,1,37,28,9,65,2021-08-08 16:50:00,513064
Artem Lisechko_172965,Artem Lisechko,-3,0,24,34,-10,58,2021-08-08 16:55:00,513065
Mykola Treshchetka_1232590634,Mykola Treshchetka,0,1,0,0,0,0,2021-08-08 16:55:00,513066
Oleksandr Zhyrnov_172912,Oleksandr Zhyrnov,-2,0,30,39,-9,69,2021-08-08 17:00:00,513067
Martin Prusa_173011,Martin Prusa,-3,0,18,33,-15,51,2021-08-08 17:00:00,513068
F Pusch_28417,F Pusch,-2,0,24,40,-16,64,2021-08-08 17:00:00,513069
I Meteleshko_126641,I Meteleshko,-3,0,18,33,-15,51,2021-08-08 17:00:00,513070
Oleg Kuravsky_969131472,Oleg Kuravsky,2,1,41,32,9,73,2021-08-08 17:00:00,513071
Valentyn Korovychenko_964009151,Valentyn Korovychenko,-1,0,52,53,-1,105,2021-08-08 17:05:00,513072
Oleksandr Lysenko_172922,Oleksandr Lysenko,-1,0,43,49,-6,92,2021-08-08 17:05:00,513073
Alisa Dubrova_172937,Alisa Dubrova,-1,0,39,47,-8,86,2021-08-08 17:10:00,513074
Valentyn Yunchyk_2044519452,Valentyn Yunchyk,2,1,38,38,0,76,2021-08-08 17:10:00,513075
Yehor Derun_172952,Yehor Derun,2,1,44,35,9,79,2021-08-08 17:15:00,513076
Dmytro Arzanov_7583514,Dmytro Arzanov,-3,0,26,33,-7,59,2021-08-08 17:15:00,513077
D Kolesnikov_126607,D Kolesnikov,-1,0,58,57,1,115,2021-08-08 17:15:00,513078
P Pinkovskii_126677,P Pinkovskii,-2,0,33,40,-7,73,2021-08-08 17:15:00,513079
Ihor Dubyna_172903,Ihor Dubyna,3,1,35,27,8,62,2021-08-08 17:20:00,513080
Nazarii Kovalchuk_2144338794,Nazarii Kovalchuk,2,1,41,33,8,74,2021-08-08 17:20:00,513081
Maria Vasileva_674936901,Maria Vasileva,1,1,42,44,-2,86,2021-08-08 17:25:00,513082
Yevhenii Sokoltsov_172966,Yevhenii Sokoltsov,-3,0,28,34,-6,62,2021-08-08 17:25:00,513083
I Pandur_126642,I Pandur,3,1,37,29,8,66,2021-08-08 17:30:00,513084
Martin Kocvara_173012,Martin Kocvara,-1,0,50,46,4,96,2021-08-08 17:30:00,513085
Rodion Kapinus_172913,Rodion Kapinus,-3,0,22,33,-11,55,2021-08-08 17:30:00,513086
Iurii Prokhoruk_1527664724,Iurii Prokhoruk,-3,0,21,33,-12,54,2021-08-08 17:30:00,513087
Ji Louda_28418,Ji Louda,-2,0,34,40,-6,74,2021-08-08 17:31:00,513088
Mykhailo Vivatenko_215367305,Mykhailo Vivatenko,-2,0,30,40,-10,70,2021-08-08 17:35:00,513089
Leonid Ivanov_172923,Leonid Ivanov,1,1,38,40,-2,78,2021-08-08 17:35:00,513090
Valentyn Korovychenko_1877377034,Valentyn Korovychenko,1,1,55,46,9,101,2021-08-08 17:40:00,513091
Anastasiia Gordinskaya-Sheiko_172938,Anastasiia Gordinskaya-Sheiko,2,1,42,33,9,75,2021-08-08 17:40:00,513092
Viktor Bereza_172953,Viktor Bereza,-3,0,21,33,-12,54,2021-08-08 17:45:00,513093
Yevhen Pysmennyi_851142469,Yevhen Pysmennyi,-2,0,32,36,-4,68,2021-08-08 17:45:00,513094
E Kupryakov_126678,E Kupryakov,-2,0,32,40,-8,72,2021-08-08 17:46:00,513095
E Golovachev_126608,E Golovachev,3,1,33,20,13,53,2021-08-08 17:48:00,513096
Serhii Kinash_1717131775,Serhii Kinash,-3,0,30,36,-6,66,2021-08-08 17:50:00,513097
Oleksandr Maslovskyi_172904,Oleksandr Maslovskyi,-1,0,46,47,-1,93,2021-08-08 17:50:00,513098
Artem Lisechko_172967,Artem Lisechko,-1,0,48,50,-2,98,2021-08-08 17:55:00,513099
Anatolii Lievshin_588370128,Anatolii Lievshin,-3,0,24,33,-9,57,2021-08-08 17:55:00,513100
Yurii Kurishchenko_172914,Yurii Kurishchenko,-3,0,25,34,-9,59,2021-08-08 18:00:00,513101
E Anisimov_126643,E Anisimov,2,1,47,34,13,81,2021-08-08 18:00:00,513102
Jo Kutifel_28419,Jo Kutifel,3,1,33,17,16,50,2021-08-08 18:00:00,513103
Karina Zavinovskaya_387428366,Karina Zavinovskaya,-3,0,22,33,-11,55,2021-08-08 18:00:00,513104
Martin Kocvara_173013,Martin Kocvara,-1,0,42,44,-2,86,2021-08-08 18:00:00,513105
Serhii Bondarenko_172924,Serhii Bondarenko,1,1,42,45,-3,87,2021-08-08 18:05:00,513106
Mykola Treshchetka_265344057,Mykola Treshchetka,-2,0,38,45,-7,83,2021-08-08 18:05:00,513107
Artur Moriak_777583627,Artur Moriak,2,1,43,40,3,83,2021-08-08 18:10:00,513108
Nataliia Svydnytska_172939,Nataliia Svydnytska,-2,0,47,46,1,93,2021-08-08 18:10:00,513109
Mykola Lytvynenko_209655104,Mykola Lytvynenko,3,1,36,26,10,62,2021-08-08 18:15:00,513110
Igor Koshkodan_172954,Igor Koshkodan,3,1,38,32,6,70,2021-08-08 18:15:00,513111
M Cheklin_126679,M Cheklin,-3,0,17,35,-18,52,2021-08-08 18:15:00,513112
I Tolmachev_126609,I Tolmachev,-1,0,45,46,-1,91,2021-08-08 18:16:00,513113
Vitalii Solovei_1176931514,Vitalii Solovei,1,1,51,49,2,100,2021-08-08 18:20:00,513114
Ihor Dubyna_172905,Ihor Dubyna,2,1,43,34,9,77,2021-08-08 18:20:00,513115
Viktor Vakhrushev_172968,Viktor Vakhrushev,-1,0,51,51,0,102,2021-08-08 18:25:00,513116
Maksym Zhuravliov_1477451155,Maksym Zhuravliov,-3,0,25,33,-8,58,2021-08-08 18:25:00,513117
Rodion Kapinus_172915,Rodion Kapinus,-2,0,35,42,-7,77,2021-08-08 18:30:00,513118
Volodymyr Plishylo_1911467144,Volodymyr Plishylo,-3,0,18,33,-15,51,2021-08-08 18:30:00,513119
Martin Prusa_173014,Martin Prusa,-3,0,19,33,-14,52,2021-08-08 18:30:00,513120
Ja Kanera_28420,Ja Kanera,3,1,33,20,13,53,2021-08-08 18:30:00,513121
Yulia Hodko_1849822680,Yulia Hodko,-1,0,51,42,9,93,2021-08-08 18:35:00,513122
Dmytro Rehotun_172925,Dmytro Rehotun,-3,0,18,33,-15,51,2021-08-08 18:35:00,513123
I Meteleshko_126833,I Meteleshko,-3,0,16,33,-17,49,2021-08-08 18:37:00,513124
Iurii Prokhoruk_1244741180,Iurii Prokhoruk,-3,0,23,34,-11,57,2021-08-08 18:40:00,513125
Nataliia Shchekotikhina_172940,Nataliia Shchekotikhina,-3,0,24,37,-13,61,2021-08-08 18:40:00,513126
Oleg Kuravsky_1758673925,Oleg Kuravsky,2,1,38,33,5,71,2021-08-08 18:45:00,513127
Oleg Kolivay_172955,Oleg Kolivay,2,1,41,35,6,76,2021-08-08 18:45:00,513128
E Kupryakov_126835,E Kupryakov,3,1,35,25,10,60,2021-08-08 18:46:00,513129
D Kolesnikov_126837,D Kolesnikov,-1,0,53,53,0,106,2021-08-08 18:48:00,513130
Sergey Filatov_215912006,Sergey Filatov,-2,0,35,42,-7,77,2021-08-08 18:50:00,513131
Prokhor Puhach_269366157,Prokhor Puhach,-1,0,46,50,-4,96,2021-08-08 18:55:00,513132
Andrii Peretiatko_172969,Andrii Peretiatko,-2,0,30,40,-10,70,2021-08-08 18:55:00,513133
Oleksandr Zhyrnov_172916,Oleksandr Zhyrnov,3,1,41,33,8,74,2021-08-08 19:00:00,513134
Jo Kutifel_28421,Jo Kutifel,-3,0,29,37,-8,66,2021-08-08 19:00:00,513135
Josef Ruzicka_173015,Josef Ruzicka,-1,0,36,50,-14,86,2021-08-08 19:00:00,513136
Maksym Zhuravliov_1174803269,Maksym Zhuravliov,-2,0,27,41,-14,68,2021-08-08 19:00:00,513137
E Anisimov_126834,E Anisimov,-1,0,43,44,-1,87,2021-08-08 19:01:00,513138
Nazarii Kovalchuk_1283984790,Nazarii Kovalchuk,1,1,51,40,11,91,2021-08-08 19:05:00,513139
Oleksandr Lysenko_172926,Oleksandr Lysenko,-2,0,34,39,-5,73,2021-08-08 19:05:00,513140
Maria Vasileva_150902975,Maria Vasileva,-2,0,41,45,-4,86,2021-08-08 19:10:00,513141
Alisa Dubrova_172941,Alisa Dubrova,-3,0,30,36,-6,66,2021-08-08 19:10:00,513142
M Cheklin_126836,M Cheklin,-1,0,43,42,1,85,2021-08-08 19:15:00,513143
Mykola Treshchetka_1851346725,Mykola Treshchetka,-1,0,44,53,-9,97,2021-08-08 19:15:00,513144
Yehor Derun_172956,Yehor Derun,3,1,33,17,16,50,2021-08-08 19:15:00,513145
E Golovachev_126838,E Golovachev,-3,0,25,37,-12,62,2021-08-08 19:19:00,513146
Mykhailo Vivatenko_2095102594,Mykhailo Vivatenko,3,1,36,27,9,63,2021-08-08 19:20:00,513147
Yurii Shmyndra_172979,Yurii Shmyndra,-2,0,26,42,-16,68,2021-08-08 19:20:00,513148
Oleksandr Maslovskyi_172907,Oleksandr Maslovskyi,-2,0,39,43,-4,82,2021-08-08 19:20:00,513149
Yevhenii Sokoltsov_172970,Yevhenii Sokoltsov,3,1,33,17,16,50,2021-08-08 19:25:00,513150
Vitalii Solovei_148585909,Vitalii Solovei,2,1,45,39,6,84,2021-08-08 19:30:00,513151
Yurii Kurishchenko_172917,Yurii Kurishchenko,3,1,33,25,8,58,2021-08-08 19:30:00,513152
Martin Prusa_173016,Martin Prusa,-3,0,32,38,-6,70,2021-08-08 19:30:00,513153
Ji Louda_28422,Ji Louda,1,1,50,45,5,95,2021-08-08 19:30:00,513154
V Chernov_126644,V Chernov,1,1,45,42,3,87,2021-08-08 19:33:00,513155
Serhii Kubrak_993073345,Serhii Kubrak,3,1,33,20,13,53,2021-08-08 19:35:00,513156
Leonid Ivanov_172927,Leonid Ivanov,-3,0,16,33,-17,49,2021-08-08 19:35:00,513157
Anatolii Lievshin_859077067,Anatolii Lievshin,-1,0,43,49,-6,92,2021-08-08 19:40:00,513158
Anastasiia Gordinskaya-Sheiko_172942,Anastasiia Gordinskaya-Sheiko,-2,0,33,43,-10,76,2021-08-08 19:40:00,513159
Viktor Bereza_172957,Viktor Bereza,2,1,43,33,10,76,2021-08-08 19:45:00,513160
Karina Zavinovskaya_876017928,Karina Zavinovskaya,1,1,50,47,3,97,2021-08-08 19:45:00,513161
A Klavdenkov_126610,A Klavdenkov,3,1,33,17,16,50,2021-08-08 19:47:00,513162
Volodymyr Voronenkov_172980,Volodymyr Voronenkov,2,1,45,36,9,81,2021-08-08 19:50:00,513163
Aleksandr Tulenin_1954420254,Aleksandr Tulenin,-1,0,46,47,-1,93,2021-08-08 19:50:00,513164
N Sadovskiy_126684,N Sadovskiy,-3,0,23,36,-13,59,2021-08-08 19:53:00,513165
Artur Moriak_735046942,Artur Moriak,-2,0,30,39,-9,69,2021-08-08 19:55:00,513166
Artem Lisechko_172971,Artem Lisechko,-2,0,32,41,-9,73,2021-08-08 19:55:00,513167
Stepan Rejent_173300,Stepan Rejent,-1,0,52,50,2,102,2021-08-08 20:00:00,513168
Yevhen Gudimenko_172918,Yevhen Gudimenko,2,1,41,34,7,75,2021-08-08 20:00:00,513169
S Kuzmin_126645,S Kuzmin,-2,0,37,41,-4,78,2021-08-08 20:02:00,513170
Prokhor Puhach_1172327351,Prokhor Puhach,-2,0,33,41,-8,74,2021-08-08 20:05:00,513171
Serhii Bondarenko_172928,Serhii Bondarenko,-2,0,38,47,-9,85,2021-08-08 20:05:00,513172
F Pusch_28463,F Pusch,2,1,44,30,14,74,2021-08-08 20:06:00,513173
Maksym Zhuravliov_342278060,Maksym Zhuravliov,-2,0,24,35,-11,59,2021-08-08 20:10:00,513174
Nataliia Svydnytska_172943,Nataliia Svydnytska,1,1,47,45,2,92,2021-08-08 20:10:00,513175
A Uvarov_126685,A Uvarov,-3,0,27,39,-12,66,2021-08-08 20:15:00,513176
Denys Shcherbak_981925028,Denys Shcherbak,-2,0,33,44,-11,77,2021-08-08 20:15:00,513177
Igor Koshkodan_172958,Igor Koshkodan,-3,0,22,33,-11,55,2021-08-08 20:15:00,513178
D Petrochenko_126611,D Petrochenko,-3,0,20,33,-13,53,2021-08-08 20:18:00,513179
Halyna Telna_780976265,Halyna Telna,1,1,49,42,7,91,2021-08-08 20:20:00,513180
Andrii Lanchut_173302,Andrii Lanchut,-1,0,49,53,-4,102,2021-08-08 20:20:00,513181
Yurii Shmyndra_172981,Yurii Shmyndra,3,1,33,21,12,54,2021-08-08 20:20:00,513182
Iurii Prokhoruk_1564674130,Iurii Prokhoruk,3,1,34,22,12,56,2021-08-08 20:25:00,513183
Viktor Vakhrushev_172972,Viktor Vakhrushev,2,1,44,39,5,83,2021-08-08 20:25:00,513184
Martin Kocvara_173301,Martin Kocvara,2,1,41,34,7,75,2021-08-08 20:30:00,513185
Ihor Syniavskyi_481750195,Ihor Syniavskyi,2,1,44,38,6,82,2021-08-08 20:30:00,513186
Jo Kutifel_28464,Jo Kutifel,-2,0,45,49,-4,94,2021-08-08 20:30:00,513187
D Tikhnenko_126646,D Tikhnenko,-1,0,41,44,-3,85,2021-08-08 20:33:00,513188
Dmytro Rehotun_172929,Dmytro Rehotun,2,1,44,40,4,84,2021-08-08 20:35:00,513189
Dmytro Gudimenko_173304,Dmytro Gudimenko,2,1,43,30,13,73,2021-08-08 20:35:00,513190
Vitalii Solovei_352530595,Vitalii Solovei,1,1,48,48,0,96,2021-08-08 20:40:00,513191
Nataliia Shchekotikhina_172944,Nataliia Shchekotikhina,-1,0,42,48,-6,90,2021-08-08 20:40:00,513192
Serhii Kubrak_423648990,Serhii Kubrak,-3,0,27,38,-11,65,2021-08-08 20:45:00,513193
I Moshkov_126612,I Moshkov,1,1,48,40,8,88,2021-08-08 20:45:00,513194
S Maksakov_126686,S Maksakov,2,1,42,31,11,73,2021-08-08 20:45:00,513195
Oleg Kolivay_172959,Oleg Kolivay,-3,0,29,38,-9,67,2021-08-08 20:45:00,513196
Volodymyr Plishylo_1852510772,Volodymyr Plishylo,-2,0,38,41,-3,79,2021-08-08 20:50:00,513197
Mykhailo Teteruk_172982,Mykhailo Teteruk,-1,0,36,47,-11,83,2021-08-08 20:50:00,513198
Ihor Dubyna_173303,Ihor Dubyna,-3,0,18,33,-15,51,2021-08-08 20:50:00,513199
Andrii Peretiatko_172973,Andrii Peretiatko,1,1,51,48,3,99,2021-08-08 20:55:00,513200
Yulia Hodko_932597628,Yulia Hodko,-1,0,47,50,-3,97,2021-08-08 20:55:00,513201
Mykola Treshchetka_883327648,Mykola Treshchetka,-3,0,25,34,-9,59,2021-08-08 21:00:00,513202
Jaromir Janda_173017,Jaromir Janda,-1,0,56,57,-1,113,2021-08-08 21:00:00,513203
M Dukhin_126647,M Dukhin,1,1,47,49,-2,96,2021-08-08 21:02:00,513204
Jo Medek_28423,Jo Medek,-3,0,21,33,-12,54,2021-08-08 21:03:00,513205
Yevhen Gudimenko_173305,Yevhen Gudimenko,1,1,52,43,9,95,2021-08-08 21:05:00,513206
Oleg Kuravsky_1384608744,Oleg Kuravsky,-1,0,43,49,-6,92,2021-08-08 21:05:00,513207
Leonid Ivanov_172930,Leonid Ivanov,-1,0,43,46,-3,89,2021-08-08 21:05:00,513208
Anastasiia Gordinskaya-Sheiko_172945,Anastasiia Gordinskaya-Sheiko,2,1,39,36,3,75,2021-08-08 21:10:00,513209
P Khramkov_126687,P Khramkov,-1,0,44,46,-2,90,2021-08-08 21:15:00,513210
Prokhor Puhach_1659358287,Prokhor Puhach,2,1,44,37,7,81,2021-08-08 21:15:00,513211
Viktor Bereza_172960,Viktor Bereza,1,1,59,51,8,110,2021-08-08 21:15:00,513212
V Marshalov_126613,V Marshalov,1,1,50,45,5,95,2021-08-08 21:17:00,513213
Vitalii Solovei_1491397646,Vitalii Solovei,1,1,45,45,0,90,2021-08-08 21:20:00,513214
Volodymyr Voronenkov_172983,Volodymyr Voronenkov,-2,0,32,40,-8,72,2021-08-08 21:20:00,513215
Volodymyr Plishylo_1589059065,Volodymyr Plishylo,3,1,35,24,11,59,2021-08-08 21:25:00,513216
Yevhenii Sokoltsov_172974,Yevhenii Sokoltsov,3,1,36,28,8,64,2021-08-08 21:25:00,513217
Ja Zajicek_28424,Ja Zajicek,-2,0,33,43,-10,76,2021-08-08 21:30:00,513218
Petr Kubat_173018,Petr Kubat,1,1,53,38,15,91,2021-08-08 21:30:00,513219
Maria Vasileva_1029744592,Maria Vasileva,-3,0,25,35,-10,60,2021-08-08 21:30:00,513220
Oleksandr Gomilko_172931,Oleksandr Gomilko,2,1,47,38,9,85,2021-08-08 21:35:00,513221
Iurii Prokhoruk_1870553332,Iurii Prokhoruk,1,1,53,52,1,105,2021-08-08 21:35:00,513222
D Tikhnenko_126648,D Tikhnenko,3,1,37,27,10,64,2021-08-08 21:38:00,513223
Yuliia Yemelianenko_172946,Yuliia Yemelianenko,3,1,34,26,8,60,2021-08-08 21:40:00,513224
Artur Moriak_288665925,Artur Moriak,-1,0,43,46,-3,89,2021-08-08 21:40:00,513225
Sergii Skhabitskiy_172961,Sergii Skhabitskiy,-2,0,25,41,-16,66,2021-08-08 21:45:00,513226
S Maksakov_126688,S Maksakov,-2,0,33,43,-10,76,2021-08-08 21:46:00,513227
I Moshkov_126614,I Moshkov,-2,0,30,44,-14,74,2021-08-08 21:47:00,513228
Artem Borysov_1386642145,Artem Borysov,-1,0,49,51,-2,100,2021-08-08 21:50:00,513229
Yurii Shmyndra_172984,Yurii Shmyndra,1,1,41,39,2,80,2021-08-08 21:50:00,513230
Vitalii Solovei_1204561752,Vitalii Solovei,-2,0,33,37,-4,70,2021-08-08 21:55:00,513231
Viktor Vakhrushev_172975,Viktor Vakhrushev,-2,0,36,46,-10,82,2021-08-08 21:55:00,513232
Petr Kubat_173019,Petr Kubat,3,1,33,15,18,48,2021-08-08 22:00:00,513233
Vladyslav Sliuzenko_1961462711,Vladyslav Sliuzenko,1,1,49,47,2,96,2021-08-08 22:00:00,513234
S Kuzmin_126649,S Kuzmin,2,1,48,41,7,89,2021-08-08 22:01:00,513235
L Boruvka_28425,L Boruvka,3,1,33,23,10,56,2021-08-08 22:03:00,513236
Olga Melnyk_364072374,Olga Melnyk,3,1,33,18,15,51,2021-08-08 22:05:00,513237
Leonid Ivanov_172932,Leonid Ivanov,-1,0,43,51,-8,94,2021-08-08 22:05:00,513238
Anastasiia Gordinskaya-Sheiko_172947,Anastasiia Gordinskaya-Sheiko,-2,0,30,41,-11,71,2021-08-08 22:10:00,513239
Mykola Treshchetka_1782416326,Mykola Treshchetka,-3,0,19,33,-14,52,2021-08-08 22:10:00,513240
Viktor Bereza_172962,Viktor Bereza,2,1,41,31,10,72,2021-08-08 22:15:00,513241
A Uvarov_126689,A Uvarov,-2,0,34,41,-7,75,2021-08-08 22:15:00,513242
Mykhailo Vivatenko_1942325749,Mykhailo Vivatenko,-3,0,16,33,-17,49,2021-08-08 22:15:00,513243
D Petrochenko_126615,D Petrochenko,3,1,33,17,16,50,2021-08-08 22:16:00,513244
Volodymyr Voronenkov_172985,Volodymyr Voronenkov,-2,0,36,43,-7,79,2021-08-08 22:20:00,513245
Serhii Pitsyk_172976,Serhii Pitsyk,2,1,44,34,10,78,2021-08-08 22:25:00,513246
Maksym Zhuravliov_108839741,Maksym Zhuravliov,3,1,33,19,14,52,2021-08-08 22:25:00,513247
Jaromir Janda_173020,Jaromir Janda,-3,0,31,39,-8,70,2021-08-08 22:30:00,513248
M Vavra_28426,M Vavra,-2,0,32,42,-10,74,2021-08-08 22:30:00,513249
Oleksandr Lysenko_172933,Oleksandr Lysenko,-2,0,33,43,-10,76,2021-08-08 22:35:00,513250
M Dukhin_126839,M Dukhin,-1,0,49,45,4,94,2021-08-08 22:39:00,513251
Alisa Dubrova_172948,Alisa Dubrova,-2,0,30,44,-14,74,2021-08-08 22:40:00,513252
A Uvarov_126843,A Uvarov,-1,0,45,45,0,90,2021-08-08 22:45:00,513253
Iurii Prokhoruk_1917202868,Iurii Prokhoruk,-3,0,24,36,-12,60,2021-08-08 22:45:00,513254
Yehor Derun_172963,Yehor Derun,-3,0,19,33,-14,52,2021-08-08 22:45:00,513255
A Klavdenkov_126841,A Klavdenkov,2,1,47,39,8,86,2021-08-08 22:45:00,513256
Mykhailo Teteruk_172986,Mykhailo Teteruk,-2,0,30,45,-15,75,2021-08-08 22:50:00,513257
Viktor Vakhrushev_172977,Viktor Vakhrushev,-2,0,36,45,-9,81,2021-08-08 22:55:00,513258
Volodymyr Ivasiv_1420544436,Volodymyr Ivasiv,2,1,44,38,6,82,2021-08-08 23:00:00,513259
Jachym Sebl_173021,Jachym Sebl,2,1,42,29,13,71,2021-08-08 23:00:00,513260
L Boruvka_28427,L Boruvka,-1,0,40,44,-4,84,2021-08-08 23:04:00,513261
V Chernov_126840,V Chernov,-3,0,22,35,-13,57,2021-08-08 23:15:00,513262
S Maksakov_126844,S Maksakov,-3,0,30,37,-7,67,2021-08-08 23:15:00,513263
V Marshalov_126842,V Marshalov,2,1,39,34,5,73,2021-08-08 23:19:00,513264
Yurii Shmyndra_172987,Yurii Shmyndra,2,1,45,39,6,84,2021-08-08 23:20:00,513265
Maksym Skhabovskyi_862574986,Maksym Skhabovskyi,3,1,37,26,11,63,2021-08-08 23:20:00,513266
Artem Lisechko_172978,Artem Lisechko,-2,0,35,47,-12,82,2021-08-08 23:25:00,513267
Jaromir Janda_173022,Jaromir Janda,-3,0,28,38,-10,66,2021-08-08 23:30:00,513268
Yevhenii Faflei_534768596,Yevhenii Faflei,1,1,47,48,-1,95,2021-08-08 23:30:00,513269
R Pavlenko_126650,R Pavlenko,-2,0,37,38,-1,75,2021-08-08 23:40:00,513270
Pavlo Chyzh_1976645284,Pavlo Chyzh,-3,0,27,37,-10,64,2021-08-08 23:45:00,513271
Ja Zajicek_28428,Ja Zajicek,2,1,35,29,6,64,2021-08-08 23:45:00,513272
S Myagkov_126616,S Myagkov,-3,0,28,36,-8,64,2021-08-08 23:46:00,513273
D Sayanov_126690,D Sayanov,-3,0,31,38,-7,69,2021-08-08 23:47:00,513274
Oleksandr Zaporozhets_172988,Oleksandr Zaporozhets,3,1,34,26,8,60,2021-08-08 23:50:00,513275
Andrii Novikov_174149,Andrii Novikov,1,1,51,41,10,92,2021-08-13 00:05:00,513276
Illia Yanishevskiy_2125974275,Illia Yanishevskiy,2,1,40,31,9,71,2021-08-13 00:05:00,513277
I Novikov_127184,I Novikov,-2,0,31,40,-9,71,2021-08-13 00:06:00,513278
P Bradac_28593,P Bradac,3,1,33,23,10,56,2021-08-13 00:06:00,513279
Maksym Skhabovskyi_1777500311,Maksym Skhabovskyi,-1,0,45,51,-6,96,2021-08-13 00:15:00,513280
Artem Slashchev_127140,Artem Slashchev,-3,0,20,33,-13,53,2021-08-13 00:15:00,513281
D Sayanov_127220,D Sayanov,-3,0,18,33,-15,51,2021-08-13 00:17:00,513282
Dmytro Rehotun_174164,Dmytro Rehotun,2,1,39,27,12,66,2021-08-13 00:25:00,513283
Dmytro Gudimenko_174516,Dmytro Gudimenko,-1,0,40,46,-6,86,2021-08-13 00:25:00,513284
O Shagarov_127185,O Shagarov,2,1,44,35,9,79,2021-08-13 00:30:00,513285
Jo Kutifel_28594,Jo Kutifel,-3,0,10,33,-23,43,2021-08-13 00:30:00,513286
Yevhen Bielokon_174150,Yevhen Bielokon,-1,0,48,52,-4,100,2021-08-13 00:35:00,513287
Oleh Obidnyi_1241505920,Oleh Obidnyi,-3,0,18,33,-15,51,2021-08-13 00:35:00,513288
David Prusa_174518,David Prusa,3,1,33,12,21,45,2021-08-13 00:40:00,513289
Aleksandr Tulenin_1560425277,Aleksandr Tulenin,2,1,39,30,9,69,2021-08-13 00:45:00,513290
O Kutuzov_127141,O Kutuzov,-2,0,31,42,-11,73,2021-08-13 00:46:00,513291
A Aslanyan_127221,A Aslanyan,-1,0,46,50,-4,96,2021-08-13 00:46:00,513292
Oleksandr Kovalchuk_174165,Oleksandr Kovalchuk,3,1,33,19,14,52,2021-08-13 00:55:00,513293
Yurii Kurishchenko_174517,Yurii Kurishchenko,2,1,37,33,4,70,2021-08-13 00:55:00,513294
N Sukharnikov_127186,N Sukharnikov,-2,0,30,35,-5,65,2021-08-13 01:01:00,513295
Alexey Lukianov_505127896,Alexey Lukianov,2,1,43,41,2,84,2021-08-13 01:05:00,513296
Serhii Kuprykov_174151,Serhii Kuprykov,1,1,52,44,8,96,2021-08-13 01:05:00,513297
Andrej Grossu_174519,Andrej Grossu,2,1,43,36,7,79,2021-08-13 01:10:00,513298
N Sadovskiy_127142,N Sadovskiy,1,1,49,42,7,91,2021-08-13 01:15:00,513299
Oleh Formaziuk_83114121,Oleh Formaziuk,3,1,33,20,13,53,2021-08-13 01:15:00,513300
Va Ivanov_127222,Va Ivanov,-1,0,48,55,-7,103,2021-08-13 01:16:00,513301
Oleksandr Lysenko_174166,Oleksandr Lysenko,1,1,53,47,6,100,2021-08-13 01:25:00,513302
I Novikov_127187,I Novikov,2,1,42,34,8,76,2021-08-13 01:30:00,513303
Illia Yanishevskiy_1168508370,Illia Yanishevskiy,-3,0,20,33,-13,53,2021-08-13 01:35:00,513304
Yevhen Bielokon_174152,Yevhen Bielokon,-1,0,43,40,3,83,2021-08-13 01:35:00,513305
Maksym Skhabovskyi_1090413344,Maksym Skhabovskyi,-3,0,15,33,-18,48,2021-08-13 01:45:00,513306
Artem Slashchev_127143,Artem Slashchev,-2,0,29,40,-11,69,2021-08-13 01:46:00,513307
Oleksandr Kovalchuk_174167,Oleksandr Kovalchuk,1,1,52,39,13,91,2021-08-13 01:55:00,513308
D Sayanov_127223,D Sayanov,-2,0,32,41,-9,73,2021-08-13 01:57:00,513309
N Sukharnikov_127188,N Sukharnikov,1,1,55,43,12,98,2021-08-13 02:00:00,513310
Oleh Obidnyi_911272,Oleh Obidnyi,3,1,33,21,12,54,2021-08-13 02:05:00,513311
Andrii Novikov_174153,Andrii Novikov,2,1,42,32,10,74,2021-08-13 02:05:00,513312
Aleksandr Tulenin_1887179131,Aleksandr Tulenin,-2,0,41,46,-5,87,2021-08-13 02:15:00,513313
N Sadovskiy_127144,N Sadovskiy,3,1,33,17,16,50,2021-08-13 02:15:00,513314
Va Ivanov_127224,Va Ivanov,1,1,45,44,1,89,2021-08-13 02:21:00,513315
Dmytro Rehotun_174168,Dmytro Rehotun,-2,0,33,40,-7,73,2021-08-13 02:25:00,513316
D Ignatev_127189,D Ignatev,-2,0,34,39,-5,73,2021-08-13 02:31:00,513317
Alexey Lukianov_672517864,Alexey Lukianov,-2,0,33,46,-13,79,2021-08-13 02:35:00,513318
Roman Yushko_174154,Roman Yushko,3,1,33,16,17,49,2021-08-13 02:35:00,513319
Oleh Formaziuk_1472407533,Oleh Formaziuk,-1,0,37,46,-9,83,2021-08-13 02:45:00,513320
I Ramensky_127145,I Ramensky,-1,0,48,58,-10,106,2021-08-13 02:45:00,513321
Roman Hnoievoi_174169,Roman Hnoievoi,-2,0,27,42,-15,69,2021-08-13 02:55:00,513322
A Volkov_127225,A Volkov,-1,0,41,48,-7,89,2021-08-13 02:55:00,513323
O Shagarov_127190,O Shagarov,2,1,43,34,9,77,2021-08-13 03:00:00,513324
Serhii Kuprykov_174155,Serhii Kuprykov,-2,0,27,40,-13,67,2021-08-13 03:05:00,513325
Illia Yanishevskiy_1533719161,Illia Yanishevskiy,3,1,33,17,16,50,2021-08-13 03:05:00,513326
Maksym Skhabovskyi_1180823547,Maksym Skhabovskyi,3,1,35,21,14,56,2021-08-13 03:15:00,513327
O Kutuzov_127146,O Kutuzov,-1,0,37,43,-6,80,2021-08-13 03:19:00,513328
Oleksandr Lysenko_174170,Oleksandr Lysenko,-2,0,27,40,-13,67,2021-08-13 03:25:00,513329
A Aslanyan_127226,A Aslanyan,1,1,46,52,-6,98,2021-08-13 03:26:00,513330
R Pavlenko_127191,R Pavlenko,-3,0,19,34,-15,53,2021-08-13 03:30:00,513331
Yevhen Bielokon_174156,Yevhen Bielokon,1,1,57,47,10,104,2021-08-13 03:35:00,513332
Yuriy Tarasov_755579234,Yuriy Tarasov,-3,0,25,33,-8,58,2021-08-13 03:35:00,513333
Andrii Khvysiuk_24171287,Andrii Khvysiuk,-3,0,22,34,-12,56,2021-08-13 03:45:00,513334
S Myagkov_127147,S Myagkov,3,1,34,27,7,61,2021-08-13 03:48:00,513335
Oleksandr Kovalchuk_174171,Oleksandr Kovalchuk,2,1,40,32,8,72,2021-08-13 03:55:00,513336
D Ignatev_127192,D Ignatev,-2,0,36,38,-2,74,2021-08-13 03:59:00,513337
V Safonov_127227,V Safonov,1,1,45,45,0,90,2021-08-13 04:00:00,513338
Andrii Novikov_174157,Andrii Novikov,3,1,35,28,7,63,2021-08-13 04:05:00,513339
Oleh Obidnyi_12798265,Oleh Obidnyi,-3,0,27,36,-9,63,2021-08-13 04:05:00,513340
Aleksandr Tulenin_745611697,Aleksandr Tulenin,-1,0,41,44,-3,85,2021-08-13 04:15:00,513341
I Ramensky_127148,I Ramensky,-3,0,16,33,-17,49,2021-08-13 04:17:00,513342
Dmytro Rehotun_174172,Dmytro Rehotun,1,1,45,38,7,83,2021-08-13 04:25:00,513343
N Sukharnikov_127373,N Sukharnikov,-3,0,18,33,-15,51,2021-08-13 04:31:00,513344
A Volkov_127228,A Volkov,3,1,33,23,10,56,2021-08-13 04:33:00,513345
Alexey Lukianov_1275781983,Alexey Lukianov,3,1,35,23,12,58,2021-08-13 04:35:00,513346
Roman Yushko_174158,Roman Yushko,-1,0,44,46,-2,90,2021-08-13 04:35:00,513347
Aleksandr Tulenin_626899016,Aleksandr Tulenin,2,1,41,34,7,75,2021-08-13 04:45:00,513348
Artem Slashchev_127375,Artem Slashchev,-1,0,38,49,-11,87,2021-08-13 04:45:00,513349
Roman Hnoievoi_174173,Roman Hnoievoi,3,1,35,25,10,60,2021-08-13 04:55:00,513350
O Shagarov_127374,O Shagarov,-3,0,26,33,-7,59,2021-08-13 05:00:00,513351
A Aslanyan_127377,A Aslanyan,2,1,44,41,3,85,2021-08-13 05:02:00,513352
Serhii Kuprykov_174159,Serhii Kuprykov,1,1,54,50,4,104,2021-08-13 05:05:00,513353
Illia Yanishevskiy_363907107,Illia Yanishevskiy,1,1,45,41,4,86,2021-08-13 05:05:00,513354
Oleh Formaziuk_1160093443,Oleh Formaziuk,2,1,36,35,1,71,2021-08-13 05:15:00,513355
S Myagkov_127376,S Myagkov,-1,0,51,48,3,99,2021-08-13 05:16:00,513356
Oleksandr Lysenko_174174,Oleksandr Lysenko,3,1,35,24,11,59,2021-08-13 05:25:00,513357
Va Ivanov_127378,Va Ivanov,-3,0,24,34,-10,58,2021-08-13 05:30:00,513358
Andrii Novikov_174160,Andrii Novikov,2,1,40,37,3,77,2021-08-13 05:35:00,513359
Dmytro Rehotun_174175,Dmytro Rehotun,1,1,45,46,-1,91,2021-08-13 05:55:00,513360
Volodymyr Hainiuk_174161,Volodymyr Hainiuk,2,1,40,35,5,75,2021-08-13 06:05:00,513361
Oleksandr Gomilko_174176,Oleksandr Gomilko,2,1,42,33,9,75,2021-08-13 06:25:00,513362
Andrii Novikov_174162,Andrii Novikov,-2,0,32,39,-7,71,2021-08-13 06:35:00,513363
Dmytro Rehotun_174177,Dmytro Rehotun,3,1,33,17,16,50,2021-08-13 06:55:00,513364
Yevhen Bielokon_174163,Yevhen Bielokon,2,1,43,32,11,75,2021-08-13 07:05:00,513365
Oleksandr Kovalchuk_174178,Oleksandr Kovalchuk,-2,0,39,45,-6,84,2021-08-13 07:25:00,513366
O Belugin_127293,O Belugin,-3,0,27,35,-8,62,2021-08-13 07:30:00,513367
Ivan Kozyr_576106525,Ivan Kozyr,2,1,43,32,11,75,2021-08-13 07:50:00,513368
Serhii Rak_174221,Serhii Rak,1,1,46,43,3,89,2021-08-13 07:50:00,513369
D Bogdanov_127329,D Bogdanov,2,1,39,36,3,75,2021-08-13 07:51:00,513370
V Bazilevskiy_127253,V Bazilevskiy,-1,0,45,52,-7,97,2021-08-13 07:54:00,513371
Pavlo Cherednichenko_1877595502,Pavlo Cherednichenko,3,1,37,25,12,62,2021-08-13 07:55:00,513372
A Kolmin_127294,A Kolmin,3,1,33,20,13,53,2021-08-13 08:00:00,513373
Andrii Kovrikov_174504,Andrii Kovrikov,-2,0,32,41,-9,73,2021-08-13 08:00:00,513374
Volodymyr Butko_174235,Volodymyr Butko,3,1,34,26,8,60,2021-08-13 08:05:00,513375
Viktor Dushak_174250,Viktor Dushak,-1,0,43,48,-5,91,2021-08-13 08:10:00,513376
Oleh Pereguda_174477,Oleh Pereguda,3,1,33,22,11,55,2021-08-13 08:15:00,513377
Valerii Tatarynov_174222,Valerii Tatarynov,2,1,44,34,10,78,2021-08-13 08:20:00,513378
V Sinkovskiy_127330,V Sinkovskiy,-3,0,26,36,-10,62,2021-08-13 08:22:00,513379
Viacheslav Kovalenko_13511943,Viacheslav Kovalenko,2,1,42,26,16,68,2021-08-13 08:25:00,513380
D Kolesnikov_127254,D Kolesnikov,-3,0,21,33,-12,54,2021-08-13 08:29:00,513381
Andrii Lukatskyi_174505,Andrii Lukatskyi,-3,0,23,33,-10,56,2021-08-13 08:30:00,513382
P Vshivkov_127295,P Vshivkov,2,1,40,28,12,68,2021-08-13 08:30:00,513383
Vadym Komar_859545111,Vadym Komar,-2,0,39,50,-11,89,2021-08-13 08:30:00,513384
Viacheslav Sereda_1305116809,Viacheslav Sereda,2,1,41,30,11,71,2021-08-13 08:35:00,513385
Mykhailo Hostiev_174236,Mykhailo Hostiev,1,1,55,47,8,102,2021-08-13 08:35:00,513386
Yaroslav Voytenko_332518693,Yaroslav Voytenko,1,1,49,44,5,93,2021-08-13 08:40:00,513387
Valeriy Kolesnykov_174251,Valeriy Kolesnykov,2,1,44,37,7,81,2021-08-13 08:40:00,513388
Andrii Kotik_1929490094,Andrii Kotik,-2,0,39,46,-7,85,2021-08-13 08:45:00,513389
Vitalii Mukhin_174478,Vitalii Mukhin,3,1,34,20,14,54,2021-08-13 08:45:00,513390
D Petrochenko_127255,D Petrochenko,1,1,49,49,0,98,2021-08-13 08:47:00,513391
A Savinskiy_127331,A Savinskiy,-3,0,26,34,-8,60,2021-08-13 08:48:00,513392
Serhii Rak_174223,Serhii Rak,2,1,38,35,3,73,2021-08-13 08:50:00,513393
Vadim Tokar_145652152,Vadim Tokar,-3,0,19,33,-14,52,2021-08-13 08:50:00,513394
Dmytro Lazuryk_174265,Dmytro Lazuryk,-2,0,30,40,-10,70,2021-08-13 08:50:00,513395
Serhii Poliakov_1475737443,Serhii Poliakov,-1,0,38,50,-12,88,2021-08-13 08:55:00,513396
Ruslan Onishchenko_174280,Ruslan Onishchenko,3,1,33,18,15,51,2021-08-13 08:55:00,513397
Roman Derypaska_230111161,Roman Derypaska,-3,0,23,33,-10,56,2021-08-13 08:55:00,513398
Serhii Darahan_174295,Serhii Darahan,-2,0,32,40,-8,72,2021-08-13 09:00:00,513399
Andrii Lukatskyi_174506,Andrii Lukatskyi,-1,0,49,45,4,94,2021-08-13 09:00:00,513400
Robert Jamrich_174451,Robert Jamrich,-3,0,20,33,-13,53,2021-08-13 09:00:00,513401
I Sergeevich_127296,I Sergeevich,-3,0,23,35,-12,58,2021-08-13 09:00:00,513402
S Novota_28565,S Novota,3,1,33,16,17,49,2021-08-13 09:00:00,513403
Dmytro Baistriuchenko_1438940362,Dmytro Baistriuchenko,1,1,50,40,10,90,2021-08-13 09:00:00,513404
Serhii Paksiutov_174237,Serhii Paksiutov,-1,0,36,50,-14,86,2021-08-13 09:05:00,513405
Prokhor Puhach_1490597652,Prokhor Puhach,-2,0,31,41,-10,72,2021-08-13 09:05:00,513406
Vasyl Kondratenko_174252,Vasyl Kondratenko,1,1,48,39,9,87,2021-08-13 09:10:00,513407
Serhii Matviienko_1278482586,Serhii Matviienko,3,1,33,25,8,58,2021-08-13 09:10:00,513408
Roman Sukhomlyn_840709071,Roman Sukhomlyn,1,1,53,52,1,105,2021-08-13 09:15:00,513409
Oleh Pereguda_174479,Oleh Pereguda,1,1,42,37,5,79,2021-08-13 09:15:00,513410
V Nemashkalo_127332,V Nemashkalo,2,1,42,24,18,66,2021-08-13 09:16:00,513411
Oleksandr Broiakovskyi_174266,Oleksandr Broiakovskyi,1,1,53,35,18,88,2021-08-13 09:20:00,513412
Nazarii Hrytsyienko_1626732843,Nazarii Hrytsyienko,-2,0,26,42,-16,68,2021-08-13 09:20:00,513413
A Klavdenkov_127256,A Klavdenkov,1,1,42,42,0,84,2021-08-13 09:20:00,513414
Mykhailo Kistechko_174224,Mykhailo Kistechko,-2,0,39,45,-6,84,2021-08-13 09:20:00,513415
Serhii Pitsyk_174281,Serhii Pitsyk,-2,0,30,34,-4,64,2021-08-13 09:25:00,513416
Nazarii Danyliuk_570276438,Nazarii Danyliuk,-3,0,17,33,-16,50,2021-08-13 09:25:00,513417
Serhii Baranovskyi_1333343569,Serhii Baranovskyi,1,1,52,55,-3,107,2021-08-13 09:30:00,513418
Oleg Moshynskyy_2010003751,Oleg Moshynskyy,1,1,47,51,-4,98,2021-08-13 09:30:00,513419
Andrii Kovrikov_174507,Andrii Kovrikov,1,1,51,42,9,93,2021-08-13 09:30:00,513420
Matej Fausek_174452,Matej Fausek,-3,0,28,34,-6,62,2021-08-13 09:30:00,513421
M Smrcek_28566,M Smrcek,-1,0,44,46,-2,90,2021-08-13 09:30:00,513422
Vasyl Lutskyi_174296,Vasyl Lutskyi,1,1,46,48,-2,94,2021-08-13 09:30:00,513423
P Vshivkov_127297,P Vshivkov,-2,0,26,39,-13,65,2021-08-13 09:30:00,513424
Ivan Kozyr_387752243,Ivan Kozyr,1,1,47,44,3,91,2021-08-13 09:35:00,513425
Mykhailo Hostiev_174238,Mykhailo Hostiev,3,1,33,18,15,51,2021-08-13 09:35:00,513426
Pavlo Cherednichenko_1850631969,Pavlo Cherednichenko,2,1,43,32,11,75,2021-08-13 09:40:00,513427
Valeriy Kolesnykov_174253,Valeriy Kolesnykov,-1,0,43,48,-5,91,2021-08-13 09:40:00,513428
Stefan Yakimenko_174480,Stefan Yakimenko,-3,0,26,35,-9,61,2021-08-13 09:45:00,513429
Viacheslav Sereda_30938871,Viacheslav Sereda,-2,0,33,40,-7,73,2021-08-13 09:45:00,513430
A Savinskiy_127333,A Savinskiy,-2,0,28,39,-11,67,2021-08-13 09:47:00,513431
D Petrochenko_127257,D Petrochenko,3,1,33,16,17,49,2021-08-13 09:49:00,513432
Yurii Kurishchenko_174267,Yurii Kurishchenko,2,1,41,29,12,70,2021-08-13 09:50:00,513433
Valerii Tatarynov_174225,Valerii Tatarynov,-2,0,37,46,-9,83,2021-08-13 09:50:00,513434
Yaroslav Voytenko_53502375,Yaroslav Voytenko,3,1,33,20,13,53,2021-08-13 09:50:00,513435
Andrii Kotik_994131489,Andrii Kotik,-2,0,30,41,-11,71,2021-08-13 09:55:00,513436
Maksym Marchuk_174282,Maksym Marchuk,3,1,33,19,14,52,2021-08-13 09:55:00,513437
Serhii Darahan_174297,Serhii Darahan,1,1,54,53,1,107,2021-08-13 10:00:00,513438
A Kolmin_127298,A Kolmin,3,1,34,21,13,55,2021-08-13 10:00:00,513439
Vadym Bochkovskyi_174508,Vadym Bochkovskyi,3,1,33,21,12,54,2021-08-13 10:00:00,513440
Vadim Tokar_1322422863,Vadim Tokar,1,1,46,38,8,84,2021-08-13 10:00:00,513441
Matej Fausek_174453,Matej Fausek,-3,0,27,36,-9,63,2021-08-13 10:00:00,513442
A Barbora_28567,A Barbora,3,1,33,22,11,55,2021-08-13 10:02:00,513443
Denys Vakulenko_1342335205,Denys Vakulenko,2,1,43,33,10,76,2021-08-13 10:05:00,513444
Volodymyr Butko_174239,Volodymyr Butko,1,1,48,39,9,87,2021-08-13 10:05:00,513445
Serhii Poliakov_388066623,Serhii Poliakov,1,1,49,46,3,95,2021-08-13 10:05:00,513446
Viktor Dushak_174254,Viktor Dushak,-1,0,49,51,-2,100,2021-08-13 10:10:00,513447
Dmytro Baistriuchenko_1461671831,Dmytro Baistriuchenko,2,1,41,32,9,73,2021-08-13 10:10:00,513448
Prokhor Puhach_908681826,Prokhor Puhach,-3,0,24,35,-11,59,2021-08-13 10:15:00,513449
Vitalii Mukhin_174481,Vitalii Mukhin,-3,0,24,33,-9,57,2021-08-13 10:15:00,513450
D Kolesnikov_127258,D Kolesnikov,-1,0,48,54,-6,102,2021-08-13 10:16:00,513451
V Sinkovskiy_127334,V Sinkovskiy,-3,0,9,33,-24,42,2021-08-13 10:17:00,513452
Serhii Rak_174226,Serhii Rak,-3,0,18,34,-16,52,2021-08-13 10:20:00,513453
Oleksandr Broiakovskyi_174268,Oleksandr Broiakovskyi,-2,0,35,38,-3,73,2021-08-13 10:20:00,513454
Serhii Gergeliuk_1421441978,Serhii Gergeliuk,-2,0,34,36,-2,70,2021-08-13 10:20:00,513455
Serhii Pitsyk_174283,Serhii Pitsyk,3,1,33,21,12,54,2021-08-13 10:25:00,513456
Yevhenii Omitsynskyi_290723030,Yevhenii Omitsynskyi,2,1,43,36,7,79,2021-08-13 10:25:00,513457
Robert Jamrich_174454,Robert Jamrich,3,1,36,26,10,62,2021-08-13 10:30:00,513458
Dmytro Vakhta_631350735,Dmytro Vakhta,2,1,44,35,9,79,2021-08-13 10:30:00,513459
Jak Vrabec_28568,Jak Vrabec,-2,0,22,40,-18,62,2021-08-13 10:30:00,513460
Andrii Kovrikov_174509,Andrii Kovrikov,3,1,33,21,12,54,2021-08-13 10:30:00,513461
Mykhailo Hlaholev_174298,Mykhailo Hlaholev,-2,0,32,39,-7,71,2021-08-13 10:30:00,513462
O Belugin_127413,O Belugin,-1,0,47,42,5,89,2021-08-13 10:31:00,513463
Eduard Sotnikov_174240,Eduard Sotnikov,-1,0,46,48,-2,94,2021-08-13 10:35:00,513464
Vasyl Kushnir_259720659,Vasyl Kushnir,1,1,52,45,7,97,2021-08-13 10:35:00,513465
Pavlo Pyasta_625960714,Pavlo Pyasta,-2,0,31,41,-10,72,2021-08-13 10:40:00,513466
Roman Derypaska_2027240236,Roman Derypaska,-1,0,47,52,-5,99,2021-08-13 10:40:00,513467
Andrii Obishchenko_174255,Andrii Obishchenko,1,1,43,47,-4,90,2021-08-13 10:40:00,513468
Dmytro Shukin_1878191536,Dmytro Shukin,-3,0,21,33,-12,54,2021-08-13 10:45:00,513469
Oleh Pereguda_174482,Oleh Pereguda,-2,0,34,39,-5,73,2021-08-13 10:45:00,513470
V Sinkovskiy_127439,V Sinkovskiy,-1,0,48,47,1,95,2021-08-13 10:46:00,513471
Dmytro Lazuryk_174269,Dmytro Lazuryk,-1,0,51,58,-7,109,2021-08-13 10:50:00,513472
Petro Kolesnik_1817012555,Petro Kolesnik,-1,0,48,47,1,95,2021-08-13 10:50:00,513473
Valerii Tatarynov_174227,Valerii Tatarynov,3,1,34,27,7,61,2021-08-13 10:50:00,513474
D Kolesnikov_127469,D Kolesnikov,1,1,46,38,8,84,2021-08-13 10:52:00,513475
Serhii Matviienko_2070636227,Serhii Matviienko,3,1,37,25,12,62,2021-08-13 10:55:00,513476
Ruslan Onishchenko_174284,Ruslan Onishchenko,-1,0,48,53,-5,101,2021-08-13 10:55:00,513477
Vasyl Lutskyi_174299,Vasyl Lutskyi,-2,0,31,40,-9,71,2021-08-13 11:00:00,513478
Oleksandr Dukhovenko_174510,Oleksandr Dukhovenko,-2,0,35,44,-9,79,2021-08-13 11:00:00,513479
A Barbora_28569,A Barbora,2,1,44,35,9,79,2021-08-13 11:00:00,513480
Roman Sukhomlyn_647150579,Roman Sukhomlyn,-3,0,17,33,-16,50,2021-08-13 11:00:00,513481
I Sergeevich_127414,I Sergeevich,1,1,49,41,8,90,2021-08-13 11:02:00,513482
Nazarii Hrytsyienko_777775560,Nazarii Hrytsyienko,3,1,33,17,16,50,2021-08-13 11:05:00,513483
Serhii Paksiutov_174241,Serhii Paksiutov,-1,0,40,47,-7,87,2021-08-13 11:05:00,513484
Nazarii Danyliuk_125640965,Nazarii Danyliuk,2,1,38,31,7,69,2021-08-13 11:10:00,513485
Vasyl Kondratenko_174256,Vasyl Kondratenko,1,1,51,48,3,99,2021-08-13 11:10:00,513486
Oleg Moshynskyy_1103862583,Oleg Moshynskyy,-2,0,29,43,-14,72,2021-08-13 11:15:00,513487
Vitalii Mukhin_174483,Vitalii Mukhin,-3,0,31,38,-7,69,2021-08-13 11:15:00,513488
Serhii Baranovskyi_1400762235,Serhii Baranovskyi,2,1,40,40,0,80,2021-08-13 11:15:00,513489
V Nemashkalo_127440,V Nemashkalo,-1,0,44,47,-3,91,2021-08-13 11:18:00,513490
Rodion Kapinus_174270,Rodion Kapinus,2,1,38,31,7,69,2021-08-13 11:20:00,513491
Viacheslav Kovalenko_921162570,Viacheslav Kovalenko,3,1,33,24,9,57,2021-08-13 11:20:00,513492
Mykhailo Kistechko_174228,Mykhailo Kistechko,-1,0,47,46,1,93,2021-08-13 11:20:00,513493
A Klavdenkov_127470,A Klavdenkov,3,1,33,27,6,60,2021-08-13 11:21:00,513494
Ihor Oranskyi_174285,Ihor Oranskyi,-2,0,37,44,-7,81,2021-08-13 11:25:00,513495
Vadym Komar_428556857,Vadym Komar,1,1,53,42,11,95,2021-08-13 11:25:00,513496
M Smrcek_28570,M Smrcek,1,1,47,40,7,87,2021-08-13 11:30:00,513497
Viacheslav Sereda_1768820550,Viacheslav Sereda,-3,0,27,35,-8,62,2021-08-13 11:30:00,513498
Serhii Darahan_174300,Serhii Darahan,-1,0,51,53,-2,104,2021-08-13 11:30:00,513499
Robert Jamrich_174456,Robert Jamrich,2,1,42,36,6,78,2021-08-13 11:30:00,513500
Mykhailo Hostiev_174242,Mykhailo Hostiev,-1,0,40,54,-14,94,2021-08-13 11:35:00,513501
Yaroslav Voytenko_926534706,Yaroslav Voytenko,2,1,44,35,9,79,2021-08-13 11:35:00,513502
Valeriy Kolesnykov_174257,Valeriy Kolesnykov,1,1,47,45,2,92,2021-08-13 11:40:00,513503
Andrii Kotik_993727419,Andrii Kotik,-3,0,26,34,-8,60,2021-08-13 11:40:00,513504
Vadim Tokar_1857399879,Vadim Tokar,2,1,40,35,5,75,2021-08-13 11:45:00,513505
Stefan Yakimenko_174484,Stefan Yakimenko,1,1,53,50,3,103,2021-08-13 11:45:00,513506
S Burov_127259,S Burov,3,1,33,14,19,47,2021-08-13 11:47:00,513507
Yurii Kurishchenko_174271,Yurii Kurishchenko,2,1,42,34,8,76,2021-08-13 11:50:00,513508
Serhii Poliakov_965269904,Serhii Poliakov,-1,0,43,48,-5,91,2021-08-13 11:50:00,513509
Serhii Rak_174229,Serhii Rak,1,1,54,49,5,103,2021-08-13 11:50:00,513510
Roman Derypaska_2051810216,Roman Derypaska,-1,0,40,45,-5,85,2021-08-13 11:50:00,513511
A Batalov_127339,A Batalov,-3,0,20,34,-14,54,2021-08-13 11:52:00,513512
Maksym Marchuk_174286,Maksym Marchuk,1,1,48,44,4,92,2021-08-13 11:55:00,513513
Ivan Kozyr_563394385,Ivan Kozyr,-2,0,33,39,-6,72,2021-08-13 11:55:00,513514
Vasyl Lutskyi_174301,Vasyl Lutskyi,-1,0,42,49,-7,91,2021-08-13 12:00:00,513515
A Kazakov_127299,A Kazakov,-1,0,52,52,0,104,2021-08-13 12:00:00,513516
Vadym Bochkovskyi_174512,Vadym Bochkovskyi,-2,0,39,39,0,78,2021-08-13 12:00:00,513517
Pavlo Cherednichenko_632062846,Pavlo Cherednichenko,-2,0,29,39,-10,68,2021-08-13 12:00:00,513518
Jak Vrabec_28595,Jak Vrabec,-1,0,48,52,-4,100,2021-08-13 12:04:00,513519
Serhii Gergeliuk_1621380803,Serhii Gergeliuk,-1,0,51,56,-5,107,2021-08-13 12:05:00,513520
Volodymyr Butko_174243,Volodymyr Butko,1,1,54,48,6,102,2021-08-13 12:05:00,513521
Martin Kocvara_174520,Martin Kocvara,-2,0,25,39,-14,64,2021-08-13 12:05:00,513522
Yevhenii Omitsynskyi_1379201850,Yevhenii Omitsynskyi,-2,0,37,40,-3,77,2021-08-13 12:10:00,513523
Viktor Dushak_174258,Viktor Dushak,1,1,52,46,6,98,2021-08-13 12:10:00,513524
Oleh Pereguda_174485,Oleh Pereguda,-1,0,45,48,-3,93,2021-08-13 12:15:00,513525
Dmytro Vakhta_1918136139,Dmytro Vakhta,-3,0,24,33,-9,57,2021-08-13 12:15:00,513526
V Beliakov_127260,V Beliakov,-2,0,38,39,-1,77,2021-08-13 12:16:00,513527
A Libatskii_127340,A Libatskii,-1,0,45,50,-5,95,2021-08-13 12:16:00,513528
Stanislav Nikolenko_174230,Stanislav Nikolenko,1,1,48,36,12,84,2021-08-13 12:20:00,513529
Vasyl Kushnir_777712936,Vasyl Kushnir,3,1,38,32,6,70,2021-08-13 12:20:00,513530
Oleksandr Broiakovskyi_174272,Oleksandr Broiakovskyi,2,1,40,30,10,70,2021-08-13 12:20:00,513531
Denys Vakulenko_1833537391,Denys Vakulenko,-2,0,40,45,-5,85,2021-08-13 12:25:00,513532
Serhii Pitsyk_174287,Serhii Pitsyk,3,1,33,21,12,54,2021-08-13 12:25:00,513533
Pavlo Pyasta_1733175387,Pavlo Pyasta,-1,0,54,54,0,108,2021-08-13 12:25:00,513534
Mykhailo Hlaholev_174302,Mykhailo Hlaholev,-1,0,53,57,-4,110,2021-08-13 12:30:00,513535
Oleksandr Semenets_937179018,Oleksandr Semenets,-2,0,35,47,-12,82,2021-08-13 12:30:00,513536
Eduard Sotnikov_174244,Eduard Sotnikov,-3,0,26,36,-10,62,2021-08-13 12:35:00,513537
Serhii Kubrak_21471463,Serhii Kubrak,2,1,39,35,4,74,2021-08-13 12:35:00,513538
M Smrcek_28596,M Smrcek,1,1,53,46,7,99,2021-08-13 12:35:00,513539
S Kuzmin_127300,S Kuzmin,1,1,42,49,-7,91,2021-08-13 12:36:00,513540
Serhii Matviienko_766844183,Serhii Matviienko,2,1,43,37,6,80,2021-08-13 12:40:00,513541
Andrii Obishchenko_174259,Andrii Obishchenko,1,1,52,41,11,93,2021-08-13 12:40:00,513542
Serhii Semenets_174486,Serhii Semenets,-1,0,44,48,-4,92,2021-08-13 12:45:00,513543
Roman Sukhomlyn_2032489443,Roman Sukhomlyn,2,1,39,38,1,77,2021-08-13 12:45:00,513544
I Poletaev_127341,I Poletaev,1,1,50,43,7,93,2021-08-13 12:46:00,513545
K Bystrushkin_127261,K Bystrushkin,2,1,39,36,3,75,2021-08-13 12:47:00,513546
Nazarii Hrytsyienko_961899604,Nazarii Hrytsyienko,-1,0,42,50,-8,92,2021-08-13 12:50:00,513547
Dmytro Lazuryk_174273,Dmytro Lazuryk,2,1,36,31,5,67,2021-08-13 12:50:00,513548
Ruslan Onishchenko_174288,Ruslan Onishchenko,3,1,34,20,14,54,2021-08-13 12:55:00,513549
Nazarii Danyliuk_106447182,Nazarii Danyliuk,-2,0,41,47,-6,88,2021-08-13 12:55:00,513550
Serhii Baranovskyi_1657220633,Serhii Baranovskyi,3,1,33,14,19,47,2021-08-13 13:00:00,513551
Petr Fiser_174457,Petr Fiser,-2,0,33,42,-9,75,2021-08-13 13:00:00,513552
Oleg Moshynskyy_1915531271,Oleg Moshynskyy,1,1,48,46,2,94,2021-08-13 13:00:00,513553
Oleksandr Dukhovenko_174514,Oleksandr Dukhovenko,-3,0,23,34,-11,57,2021-08-13 13:00:00,513554
Serhii Darahan_174303,Serhii Darahan,1,1,48,45,3,93,2021-08-13 13:00:00,513555
V Mishakin_127301,V Mishakin,3,1,33,21,12,54,2021-08-13 13:04:00,513556
Dmytro Baistriuchenko_16740753,Dmytro Baistriuchenko,-1,0,49,49,0,98,2021-08-13 13:05:00,513557
Serhii Paksiutov_174245,Serhii Paksiutov,-2,0,32,44,-12,76,2021-08-13 13:05:00,513558
Ja Vanek_28571,Ja Vanek,2,1,42,29,13,71,2021-08-13 13:09:00,513559
Vasyl Kondratenko_174260,Vasyl Kondratenko,1,1,41,39,2,80,2021-08-13 13:10:00,513560
Prokhor Puhach_378054459,Prokhor Puhach,-3,0,14,33,-19,47,2021-08-13 13:10:00,513561
V Demchenko_127262,V Demchenko,1,1,48,43,5,91,2021-08-13 13:15:00,513562
Anatolii Zapletniuk_644576981,Anatolii Zapletniuk,1,1,47,42,5,89,2021-08-13 13:15:00,513563
Ya Bazhinov_127342,Ya Bazhinov,3,1,35,25,10,60,2021-08-13 13:15:00,513564
Rodion Kapinus_174274,Rodion Kapinus,2,1,38,35,3,73,2021-08-13 13:20:00,513565
A Komarov_127302,A Komarov,1,1,41,42,-1,83,2021-08-13 13:20:00,513566
Nikita Korbut_962060075,Nikita Korbut,2,1,41,30,11,71,2021-08-13 13:20:00,513567
Vitalii Mukhin_174522,Vitalii Mukhin,3,1,33,17,16,50,2021-08-13 13:25:00,513568
Valerii Tatarynov_174524,Valerii Tatarynov,3,1,33,22,11,55,2021-08-13 13:25:00,513569
Ihor Oranskyi_174289,Ihor Oranskyi,1,1,49,40,9,89,2021-08-13 13:25:00,513570
Valentyn Yunchyk_1436480697,Valentyn Yunchyk,3,1,33,21,12,54,2021-08-13 13:25:00,513571
Volodymyr Plishylo_1453986753,Volodymyr Plishylo,-2,0,28,41,-13,69,2021-08-13 13:30:00,513572
Mykhailo Urban_174304,Mykhailo Urban,3,1,33,20,13,53,2021-08-13 13:30:00,513573
Christian Kratochvil_174458,Christian Kratochvil,1,1,48,54,-6,102,2021-08-13 13:30:00,513574
R Pavelka_28572,R Pavelka,-1,0,45,51,-6,96,2021-08-13 13:32:00,513575
Volodymyr Butko_174246,Volodymyr Butko,3,1,33,10,23,43,2021-08-13 13:35:00,513576
Nikita Trofimov_1744721063,Nikita Trofimov,-2,0,38,44,-6,82,2021-08-13 13:35:00,513577
Igor Maksymchuk_722560851,Igor Maksymchuk,-3,0,26,35,-9,61,2021-08-13 13:35:00,513578
Viacheslav Kovalenko_1344928447,Viacheslav Kovalenko,3,1,36,25,11,61,2021-08-13 13:40:00,513579
Viktor Dushak_174261,Viktor Dushak,-3,0,20,33,-13,53,2021-08-13 13:40:00,513580
I Poletaev_127343,I Poletaev,-3,0,25,33,-8,58,2021-08-13 13:45:00,513581
Vadym Komar_450802579,Vadym Komar,-2,0,29,38,-9,67,2021-08-13 13:45:00,513582
Yurii Kurishchenko_174275,Yurii Kurishchenko,3,1,33,15,18,48,2021-08-13 13:50:00,513583
Viacheslav Sereda_1266959711,Viacheslav Sereda,-2,0,42,47,-5,89,2021-08-13 13:50:00,513584
V Mishakin_127303,V Mishakin,-1,0,49,55,-6,104,2021-08-13 13:51:00,513585
K Bystrushkin_127263,K Bystrushkin,-3,0,29,36,-7,65,2021-08-13 13:53:00,513586
Oleksandr Hordiichuk_174525,Oleksandr Hordiichuk,-1,0,43,46,-3,89,2021-08-13 13:55:00,513587
Stanislav Shapiro_174523,Stanislav Shapiro,2,1,44,32,12,76,2021-08-13 13:55:00,513588
Yaroslav Voytenko_383944649,Yaroslav Voytenko,-1,0,39,48,-9,87,2021-08-13 13:55:00,513589
Maksym Marchuk_174290,Maksym Marchuk,1,1,51,48,3,99,2021-08-13 13:55:00,513590
Christian Kratochvil_174459,Christian Kratochvil,3,1,34,25,9,59,2021-08-13 14:00:00,513591
Andrii Kotik_855601555,Andrii Kotik,-2,0,32,41,-9,73,2021-08-13 14:00:00,513592
Oleksandr Khoroshun_174247,Oleksandr Khoroshun,3,1,46,38,8,84,2021-08-13 14:05:00,513593
Vadim Tokar_74118945,Vadim Tokar,-1,0,45,49,-4,94,2021-08-13 14:05:00,513594
L Adamec_28573,L Adamec,3,1,34,25,9,59,2021-08-13 14:06:00,513595
Serhii Poliakov_1492242001,Serhii Poliakov,2,1,40,31,9,71,2021-08-13 14:10:00,513596
Armen Antonyan_174262,Armen Antonyan,3,1,33,23,10,56,2021-08-13 14:10:00,513597
Roman Derypaska_507314367,Roman Derypaska,1,1,49,46,3,95,2021-08-13 14:10:00,513598
Anatolii Nikolenko_174526,Anatolii Nikolenko,3,1,33,23,10,56,2021-08-13 14:15:00,513599
A Libatskii_127344,A Libatskii,3,1,33,24,9,57,2021-08-13 14:15:00,513600
Ivan Kozyr_938086979,Ivan Kozyr,-1,0,49,47,2,96,2021-08-13 14:15:00,513601
V Beliakov_127264,V Beliakov,-2,0,35,36,-1,71,2021-08-13 14:17:00,513602
Dmytro Lazuryk_174276,Dmytro Lazuryk,2,1,39,34,5,73,2021-08-13 14:20:00,513603
S Kuzmin_127304,S Kuzmin,-3,0,9,33,-24,42,2021-08-13 14:20:00,513604
Pavlo Cherednichenko_1977353009,Pavlo Cherednichenko,-1,0,49,48,1,97,2021-08-13 14:20:00,513605
Serhii Gergeliuk_884608913,Serhii Gergeliuk,-3,0,35,42,-7,77,2021-08-13 14:25:00,513606
Ruslan Onishchenko_174291,Ruslan Onishchenko,-1,0,39,46,-7,85,2021-08-13 14:25:00,513607
Yevhenii Omitsynskyi_1856837786,Yevhenii Omitsynskyi,-1,0,43,56,-13,99,2021-08-13 14:30:00,513608
Petr Fiser_174460,Petr Fiser,-3,0,29,40,-11,69,2021-08-13 14:30:00,513609
M Klement_28574,M Klement,-1,0,46,48,-2,94,2021-08-13 14:31:00,513610
Vadym Nechyporuk_1812359194,Vadym Nechyporuk,-2,0,29,41,-12,70,2021-08-13 14:35:00,513611
Volodymyr Butko_174248,Volodymyr Butko,-2,0,38,42,-4,80,2021-08-13 14:35:00,513612
Vadim Tokar_1379462232,Vadim Tokar,1,1,51,43,8,94,2021-08-13 14:40:00,513613
Nikita Trofimov_782566223,Nikita Trofimov,-1,0,50,51,-1,101,2021-08-13 14:45:00,513614
Mykhailo Urban_174527,Mykhailo Urban,2,1,46,41,5,87,2021-08-13 14:45:00,513615
A Batalov_127487,A Batalov,3,1,33,23,10,56,2021-08-13 14:45:00,513616
Oleg Moshynskyy_228532931,Oleg Moshynskyy,-3,0,21,33,-12,54,2021-08-13 14:45:00,513617
S Kuzmin_127489,S Kuzmin,-3,0,12,33,-21,45,2021-08-13 14:48:00,513618
Dmytro Shukin_2035632506,Dmytro Shukin,2,1,41,37,4,78,2021-08-13 14:50:00,513619
Oleksandr Zhyrnov_174277,Oleksandr Zhyrnov,-3,0,28,41,-13,69,2021-08-13 14:50:00,513620
V Beliakov_127491,V Beliakov,1,1,50,43,7,93,2021-08-13 14:54:00,513621
Taras Yemelianov_174292,Taras Yemelianov,1,1,49,42,7,91,2021-08-13 14:55:00,513622
Petro Kolesnik_540341440,Petro Kolesnik,-2,0,25,38,-13,63,2021-08-13 14:55:00,513623
Lukas Mayer_174461,Lukas Mayer,1,1,55,47,8,102,2021-08-13 15:00:00,513624
Anatolii Zapletniuk_695838690,Anatolii Zapletniuk,-3,0,18,33,-15,51,2021-08-13 15:00:00,513625
V Mishakin_127490,V Mishakin,-3,0,19,33,-14,52,2021-08-13 15:03:00,513626
L Adamec_28575,L Adamec,-2,0,33,42,-9,75,2021-08-13 15:04:00,513627
Yaroslav Voytenko_384156806,Yaroslav Voytenko,-3,0,22,33,-11,55,2021-08-13 15:05:00,513628
Mykhailo Hostiev_174249,Mykhailo Hostiev,2,1,48,35,13,83,2021-08-13 15:05:00,513629
Valeriy Kolesnykov_174264,Valeriy Kolesnykov,2,1,37,36,1,73,2021-08-13 15:10:00,513630
Valentyn Yunchyk_1582819734,Valentyn Yunchyk,1,1,57,55,2,112,2021-08-13 15:10:00,513631
Volodymyr Plishylo_1233708458,Volodymyr Plishylo,1,1,50,49,1,99,2021-08-13 15:15:00,513632
I Poletaev_127488,I Poletaev,2,1,45,39,6,84,2021-08-13 15:15:00,513633
Serhii Ponomarenko_768130395,Serhii Ponomarenko,-3,0,17,33,-16,50,2021-08-13 15:20:00,513634
Nazarii Sydorak_174305,Nazarii Sydorak,3,1,33,19,14,52,2021-08-13 15:20:00,513635
Dmytro Lazuryk_174278,Dmytro Lazuryk,-1,0,46,47,-1,93,2021-08-13 15:20:00,513636
Serhii Poliakov_1755927747,Serhii Poliakov,2,1,43,35,8,78,2021-08-13 15:20:00,513637
Dmytro Baistriuchenko_1728102611,Dmytro Baistriuchenko,2,1,43,30,13,73,2021-08-13 15:25:00,513638
Prokhor Puhach_1172800483,Prokhor Puhach,-1,0,44,55,-11,99,2021-08-13 15:30:00,513639
Oleh Bindas_174487,Oleh Bindas,3,1,33,19,14,52,2021-08-13 15:30:00,513640
Petr Fiser_174462,Petr Fiser,-3,0,18,33,-15,51,2021-08-13 15:30:00,513641
R Pavelka_28576,R Pavelka,-3,0,25,33,-8,58,2021-08-13 15:30:00,513642
V Staroverov_127305,V Staroverov,-1,0,42,49,-7,91,2021-08-13 15:33:00,513643
Illia Hubariev_27202562,Illia Hubariev,1,1,48,46,2,94,2021-08-13 15:35:00,513644
Alina Man_174337,Alina Man,2,1,42,34,8,76,2021-08-13 15:35:00,513645
K Bystrushkin_127492,K Bystrushkin,-2,0,29,40,-11,69,2021-08-13 15:36:00,513646
Roman Reznichenko_960836950,Roman Reznichenko,-1,0,36,47,-11,83,2021-08-13 15:40:00,513647
Oleksandr Goncharuk_174347,Oleksandr Goncharuk,1,1,54,52,2,106,2021-08-13 15:40:00,513648
Alisa Dubrova_174357,Alisa Dubrova,3,1,33,21,12,54,2021-08-13 15:45:00,513649
A Zabrodin_127345,A Zabrodin,3,1,34,26,8,60,2021-08-13 15:48:00,513650
Ivan Pytsko_174306,Ivan Pytsko,2,1,40,31,9,71,2021-08-13 15:50:00,513651
Nazarii Haievyi_38940701,Nazarii Haievyi,3,1,34,25,9,59,2021-08-13 15:50:00,513652
Oleksandr Broiakovskyi_174279,Oleksandr Broiakovskyi,2,1,39,30,9,69,2021-08-13 15:50:00,513653
Serhii Pitsyk_174294,Serhii Pitsyk,-3,0,16,33,-17,49,2021-08-13 15:55:00,513654
Eduard Rubtsov_1876240468,Eduard Rubtsov,-2,0,38,39,-1,77,2021-08-13 15:55:00,513655
A Lisov_127265,A Lisov,-2,0,33,38,-5,71,2021-08-13 15:59:00,513656
Viacheslav Kovalenko_965366330,Viacheslav Kovalenko,3,1,33,20,13,53,2021-08-13 16:00:00,513657
Nazar Mosiuk_174488,Nazar Mosiuk,-3,0,23,33,-10,56,2021-08-13 16:00:00,513658
R Pavelka_28621,R Pavelka,-3,0,16,33,-17,49,2021-08-13 16:00:00,513659
Vaclav Jr Hejda_174528,Vaclav Jr Hejda,2,1,42,31,11,73,2021-08-13 16:00:00,513660
Yevheniia Severyna_174338,Yevheniia Severyna,3,1,33,19,14,52,2021-08-13 16:05:00,513661
Vadym Komar_624062059,Vadym Komar,2,1,47,43,4,90,2021-08-13 16:05:00,513662
I Meteleshko_127306,I Meteleshko,2,1,41,25,16,66,2021-08-13 16:08:00,513663
Maksym Samaray_1774599986,Maksym Samaray,-3,0,19,33,-14,52,2021-08-13 16:10:00,513664
Vitalii Marushchak_174348,Vitalii Marushchak,-3,0,21,33,-12,54,2021-08-13 16:10:00,513665
A Merezhko_127346,A Merezhko,3,1,33,23,10,56,2021-08-13 16:15:00,513666
Dmytro Halai_2061508665,Dmytro Halai,-1,0,38,43,-5,81,2021-08-13 16:15:00,513667
Alena Petlenko_174358,Alena Petlenko,-3,0,21,33,-12,54,2021-08-13 16:15:00,513668
Nazarii Sydorak_174307,Nazarii Sydorak,1,1,43,41,2,84,2021-08-13 16:20:00,513669
Oleg Gavryluk_1764013248,Oleg Gavryluk,2,1,38,30,8,68,2021-08-13 16:20:00,513670
S Homutov_127266,S Homutov,-3,0,21,35,-14,56,2021-08-13 16:20:00,513671
Ihor Petryshyn_1830137315,Ihor Petryshyn,-3,0,21,33,-12,54,2021-08-13 16:25:00,513672
Yevhen Bielokon_174372,Yevhen Bielokon,2,1,41,32,9,73,2021-08-13 16:25:00,513673
Oleh Bindas_174489,Oleh Bindas,-3,0,21,35,-14,56,2021-08-13 16:30:00,513674
A Yakovlev_127307,A Yakovlev,-2,0,40,45,-5,85,2021-08-13 16:30:00,513675
Ja Vanek_28622,Ja Vanek,-1,0,55,54,1,109,2021-08-13 16:30:00,513676
Lukas Mayer_174529,Lukas Mayer,-1,0,56,54,2,110,2021-08-13 16:30:00,513677
Anton Veliiev_323760117,Anton Veliiev,-3,0,26,34,-8,60,2021-08-13 16:30:00,513678
Oleksandr Semenets_639863028,Oleksandr Semenets,-2,0,28,41,-13,69,2021-08-13 16:35:00,513679
Alina Man_174339,Alina Man,2,1,42,33,9,75,2021-08-13 16:35:00,513680
Serhii Kubrak_1605341780,Serhii Kubrak,2,1,45,39,6,84,2021-08-13 16:40:00,513681
Oleksandr Goncharuk_174349,Oleksandr Goncharuk,-1,0,44,39,5,83,2021-08-13 16:40:00,513682
Marharyta Saltanovska_174359,Marharyta Saltanovska,3,1,41,33,8,74,2021-08-13 16:45:00,513683
Illia Hubariev_1450864617,Illia Hubariev,1,1,51,48,3,99,2021-08-13 16:45:00,513684
S Lanin_127347,S Lanin,-2,0,36,40,-4,76,2021-08-13 16:45:00,513685
K Olshakov_127267,K Olshakov,3,1,35,23,12,58,2021-08-13 16:47:00,513686
Roman Reznichenko_907685109,Roman Reznichenko,3,1,36,26,10,62,2021-08-13 16:50:00,513687
Volodymyr Korobko_174308,Volodymyr Korobko,2,1,42,29,13,71,2021-08-13 16:50:00,513688
Dmitriy Pereyaslovskyi_174373,Dmitriy Pereyaslovskyi,-3,0,19,39,-20,58,2021-08-13 16:55:00,513689
Roman Oliynyk_542990744,Roman Oliynyk,2,1,41,32,9,73,2021-08-13 16:55:00,513690
Yevhenii Honchar_174490,Yevhenii Honchar,2,1,37,32,5,69,2021-08-13 17:00:00,513691
Nazarii Haievyi_631742274,Nazarii Haievyi,-2,0,34,37,-3,71,2021-08-13 17:00:00,513692
Matej Fausek_174463,Matej Fausek,-2,0,32,41,-9,73,2021-08-13 17:00:00,513693
M Gusev_127308,M Gusev,-2,0,27,41,-14,68,2021-08-13 17:00:00,513694
Eduard Rubtsov_263194093,Eduard Rubtsov,3,1,33,13,20,46,2021-08-13 17:05:00,513695
Viktoriia Husieva_174340,Viktoriia Husieva,-1,0,45,54,-9,99,2021-08-13 17:05:00,513696
Anatolii Kostenko_174350,Anatolii Kostenko,3,1,33,15,18,48,2021-08-13 17:10:00,513697
Dmytro Shukin_970604708,Dmytro Shukin,-1,0,43,43,0,86,2021-08-13 17:10:00,513698
P Gireth_28577,P Gireth,1,1,49,43,6,92,2021-08-13 17:10:00,513699
Alena Petlenko_174360,Alena Petlenko,3,1,34,26,8,60,2021-08-13 17:15:00,513700
Petro Kolesnik_395729184,Petro Kolesnik,-1,0,45,52,-7,97,2021-08-13 17:15:00,513701
A Trushkin_127268,A Trushkin,-2,0,41,45,-4,86,2021-08-13 17:16:00,513702
E Voronkov_127348,E Voronkov,-2,0,36,42,-6,78,2021-08-13 17:17:00,513703
Oleksiy Molochko_1473296338,Oleksiy Molochko,-3,0,19,34,-15,53,2021-08-13 17:20:00,513704
Ivan Pytsko_174309,Ivan Pytsko,-2,0,36,48,-12,84,2021-08-13 17:20:00,513705
Mykola Polysynskyi_174374,Mykola Polysynskyi,2,1,43,32,11,75,2021-08-13 17:25:00,513706
Maksym Mykytiuk_579185396,Maksym Mykytiuk,-2,0,35,45,-10,80,2021-08-13 17:25:00,513707
Nazar Mosiuk_174491,Nazar Mosiuk,-2,0,30,40,-10,70,2021-08-13 17:30:00,513708
A Yakovlev_127309,A Yakovlev,-2,0,34,39,-5,73,2021-08-13 17:30:00,513709
Martin Sulc_174464,Martin Sulc,-3,0,20,37,-17,57,2021-08-13 17:30:00,513710
Oleg Gavryluk_1007483205,Oleg Gavryluk,2,1,40,31,9,71,2021-08-13 17:30:00,513711
Ihor Petryshyn_1922877809,Ihor Petryshyn,-2,0,35,39,-4,74,2021-08-13 17:35:00,513712
Yevheniia Severyna_174341,Yevheniia Severyna,2,1,46,31,15,77,2021-08-13 17:35:00,513713
Rodion Pirveli_2120133081,Rodion Pirveli,-3,0,23,33,-10,56,2021-08-13 17:40:00,513714
Vitalii Marushchak_174351,Vitalii Marushchak,-1,0,47,47,0,94,2021-08-13 17:40:00,513715
Ja Kanera_28578,Ja Kanera,-2,0,39,42,-3,81,2021-08-13 17:40:00,513716
Alisa Dubrova_174361,Alisa Dubrova,-2,0,32,36,-4,68,2021-08-13 17:45:00,513717
Ivan Kozyr_1154836990,Ivan Kozyr,2,1,42,37,5,79,2021-08-13 17:45:00,513718
S Lanin_127349,S Lanin,-2,0,38,46,-8,84,2021-08-13 17:47:00,513719
K Olshakov_127269,K Olshakov,-2,0,42,46,-4,88,2021-08-13 17:48:00,513720
Nazarii Sydorak_174310,Nazarii Sydorak,-3,0,25,35,-10,60,2021-08-13 17:50:00,513721
Serhii Solomko_174387,Serhii Solomko,-3,0,20,34,-14,54,2021-08-13 17:50:00,513722
Pavlo Cherednichenko_594229968,Pavlo Cherednichenko,-2,0,30,37,-7,67,2021-08-13 17:50:00,513723
Dmitriy Pereyaslovskyi_174375,Dmitriy Pereyaslovskyi,3,1,33,25,8,58,2021-08-13 17:55:00,513724
Maksym Samaray_698739776,Maksym Samaray,-2,0,28,42,-14,70,2021-08-13 17:55:00,513725
Oleh Bindas_174492,Oleh Bindas,-2,0,31,42,-11,73,2021-08-13 18:00:00,513726
Dmytro Halai_1531297944,Dmytro Halai,-1,0,39,46,-7,85,2021-08-13 18:00:00,513727
Martin Sulc_174465,Martin Sulc,3,1,33,21,12,54,2021-08-13 18:00:00,513728
I Meteleshko_127310,I Meteleshko,-3,0,21,33,-12,54,2021-08-13 18:02:00,513729
Iurii Prokhoruk_1121913529,Iurii Prokhoruk,3,1,34,18,16,52,2021-08-13 18:05:00,513730
Alina Man_174342,Alina Man,1,1,50,51,-1,101,2021-08-13 18:05:00,513731
Nazarii Haievyi_1607412818,Nazarii Haievyi,3,1,33,17,16,50,2021-08-13 18:10:00,513732
Oleksandr Goncharuk_174352,Oleksandr Goncharuk,-1,0,55,56,-1,111,2021-08-13 18:10:00,513733
Jr. Obeslo_28579,Jr. Obeslo,2,1,45,35,10,80,2021-08-13 18:12:00,513734
A Merezhko_127350,A Merezhko,-3,0,27,35,-8,62,2021-08-13 18:15:00,513735
Nataliia Svydnytska_174362,Nataliia Svydnytska,3,1,34,24,10,58,2021-08-13 18:15:00,513736
Anton Veliiev_1206505660,Anton Veliiev,-1,0,43,50,-7,93,2021-08-13 18:15:00,513737
S Homutov_127270,S Homutov,3,1,37,26,11,63,2021-08-13 18:18:00,513738
Ivan Pytsko_174311,Ivan Pytsko,-2,0,37,42,-5,79,2021-08-13 18:20:00,513739
Vіtalіy Krokhmal_1845710133,Vіtalіy Krokhmal,2,1,39,38,1,77,2021-08-13 18:20:00,513740
Serhii Yatsenko_174402,Serhii Yatsenko,3,1,33,19,14,52,2021-08-13 18:20:00,513741
Yevhen Bielokon_174376,Yevhen Bielokon,-3,0,27,40,-13,67,2021-08-13 18:25:00,513742
Oleh Stasevskyi_1383691234,Oleh Stasevskyi,1,1,47,50,-3,97,2021-08-13 18:25:00,513743
Illia Hubariev_533229975,Illia Hubariev,1,1,49,41,8,90,2021-08-13 18:30:00,513744
Matej Fausek_174466,Matej Fausek,-3,0,21,34,-13,55,2021-08-13 18:30:00,513745
Nazar Mosiuk_174493,Nazar Mosiuk,-3,0,22,33,-11,55,2021-08-13 18:30:00,513746
A Yakovlev_127493,A Yakovlev,1,1,56,51,5,107,2021-08-13 18:30:00,513747
Yevheniia Severyna_174343,Yevheniia Severyna,2,1,43,29,14,72,2021-08-13 18:35:00,513748
Roman Reznichenko_1313434893,Roman Reznichenko,2,1,40,35,5,75,2021-08-13 18:35:00,513749
Jo Silhan_28580,Jo Silhan,-3,0,26,36,-10,62,2021-08-13 18:39:00,513750
Vitalii Marushchak_174353,Vitalii Marushchak,-2,0,28,38,-10,66,2021-08-13 18:40:00,513751
Roman Oliynyk_1846809027,Roman Oliynyk,3,1,33,17,16,50,2021-08-13 18:40:00,513752
A Lisov_127497,A Lisov,-2,0,35,36,-1,71,2021-08-13 18:44:00,513753
Serhij Maksymiv_1854904009,Serhij Maksymiv,3,1,33,21,12,54,2021-08-13 18:45:00,513754
Marharyta Saltanovska_174363,Marharyta Saltanovska,-1,0,43,46,-3,89,2021-08-13 18:45:00,513755
S Lanin_127495,S Lanin,2,1,40,34,6,74,2021-08-13 18:46:00,513756
Eduard Rubtsov_1414661022,Eduard Rubtsov,-2,0,30,42,-12,72,2021-08-13 18:50:00,513757
Volodymyr Korobko_174312,Volodymyr Korobko,-1,0,44,49,-5,93,2021-08-13 18:50:00,513758
Ihor Vasylyshyn_174403,Ihor Vasylyshyn,-2,0,32,41,-9,73,2021-08-13 18:50:00,513759
Viktor Vakhrushev_174377,Viktor Vakhrushev,1,1,51,53,-2,104,2021-08-13 18:55:00,513760
Ivan Kozyr_1076278778,Ivan Kozyr,-2,0,39,44,-5,83,2021-08-13 18:55:00,513761
Yevhenii Honchar_174494,Yevhenii Honchar,-2,0,34,44,-10,78,2021-08-13 19:00:00,513762
Milan Obertik_174467,Milan Obertik,1,1,48,45,3,93,2021-08-13 19:00:00,513763
Pavlo Cherednichenko_467208854,Pavlo Cherednichenko,3,1,33,18,15,51,2021-08-13 19:00:00,513764
M Gusev_127494,M Gusev,-3,0,27,36,-9,63,2021-08-13 19:02:00,513765
Oleksiy Molochko_237997872,Oleksiy Molochko,-1,0,43,47,-4,90,2021-08-13 19:05:00,513766
Jr. Obeslo_28581,Jr. Obeslo,1,1,53,41,12,94,2021-08-13 19:05:00,513767
Viktoriia Husieva_174344,Viktoriia Husieva,2,1,40,32,8,72,2021-08-13 19:05:00,513768
Maksym Mykytiuk_1294321389,Maksym Mykytiuk,-3,0,30,36,-6,66,2021-08-13 19:10:00,513769
Anatolii Kostenko_174354,Anatolii Kostenko,3,1,34,24,10,58,2021-08-13 19:10:00,513770
Alena Petlenko_174364,Alena Petlenko,-1,0,43,53,-10,96,2021-08-13 19:15:00,513771
Oleg Gavryluk_1713658153,Oleg Gavryluk,-3,0,19,33,-14,52,2021-08-13 19:15:00,513772
A Trushkin_127498,A Trushkin,-2,0,36,43,-7,79,2021-08-13 19:15:00,513773
A Merezhko_127496,A Merezhko,2,1,35,31,4,66,2021-08-13 19:16:00,513774
Vitalii Zharskiy_1156710118,Vitalii Zharskiy,2,1,41,31,10,72,2021-08-13 19:20:00,513775
Serhii Yatsenko_174390,Serhii Yatsenko,2,1,41,36,5,77,2021-08-13 19:20:00,513776
Nazarii Sydorak_174313,Nazarii Sydorak,1,1,47,44,3,91,2021-08-13 19:20:00,513777
Mykola Polysynskyi_174378,Mykola Polysynskyi,2,1,44,34,10,78,2021-08-13 19:25:00,513778
Rodion Pirveli_1486474258,Rodion Pirveli,1,1,50,47,3,97,2021-08-13 19:25:00,513779
V Mishakin_127311,V Mishakin,-2,0,42,47,-5,89,2021-08-13 19:30:00,513780
Viacheslav Kovalenko_1238651774,Viacheslav Kovalenko,3,1,34,24,10,58,2021-08-13 19:30:00,513781
Matej Fausek_174468,Matej Fausek,-2,0,36,47,-11,83,2021-08-13 19:30:00,513782
Oleh Bindas_174335,Oleh Bindas,-2,0,36,43,-7,79,2021-08-13 19:30:00,513783
Ja Kanera_28582,Ja Kanera,-2,0,28,36,-8,64,2021-08-13 19:34:00,513784
Alina Man_174345,Alina Man,-3,0,13,33,-20,46,2021-08-13 19:35:00,513785
Vadym Komar_584940931,Vadym Komar,-2,0,29,44,-15,73,2021-08-13 19:35:00,513786
Maksym Samaray_325282183,Maksym Samaray,-3,0,23,33,-10,56,2021-08-13 19:40:00,513787
Oleksandr Goncharuk_174355,Oleksandr Goncharuk,3,1,34,23,11,57,2021-08-13 19:40:00,513788
Alisa Dubrova_174365,Alisa Dubrova,1,1,48,44,4,92,2021-08-13 19:45:00,513789
Dmytro Halai_469532227,Dmytro Halai,-2,0,32,41,-9,73,2021-08-13 19:45:00,513790
Al-i Zhelubenkov_127351,Al-i Zhelubenkov,2,1,40,33,7,73,2021-08-13 19:48:00,513791
Oleh Chulanov_174314,Oleh Chulanov,-2,0,42,49,-7,91,2021-08-13 19:50:00,513792
I Moshkov_127271,I Moshkov,2,1,40,32,8,72,2021-08-13 19:50:00,513793
Iurii Prokhoruk_2130023471,Iurii Prokhoruk,-2,0,29,40,-11,69,2021-08-13 19:50:00,513794
Serhii Solomko_174404,Serhii Solomko,-3,0,15,33,-18,48,2021-08-13 19:50:00,513795
Nazarii Haievyi_777830608,Nazarii Haievyi,2,1,40,30,10,70,2021-08-13 19:55:00,513796
Dmitriy Pereyaslovskyi_174379,Dmitriy Pereyaslovskyi,-2,0,36,41,-5,77,2021-08-13 19:55:00,513797
Anton Veliiev_1222510213,Anton Veliiev,-2,0,33,41,-8,74,2021-08-13 20:00:00,513798
Volodymyr Chornobab_174495,Volodymyr Chornobab,3,1,33,21,12,54,2021-08-13 20:00:00,513799
S Kuzmin_127312,S Kuzmin,-2,0,32,42,-10,74,2021-08-13 20:01:00,513800
Jo Silhan_28623,Jo Silhan,2,1,46,42,4,88,2021-08-13 20:01:00,513801
Alina Stefaniuk_174346,Alina Stefaniuk,-3,0,24,34,-10,58,2021-08-13 20:05:00,513802
Andriy Zaitsev_1961072780,Andriy Zaitsev,-1,0,55,54,1,109,2021-08-13 20:05:00,513803
Petro Kolesnik_1270425218,Petro Kolesnik,-3,0,35,44,-9,79,2021-08-13 20:10:00,513804
Jiri Volek_174773,Jiri Volek,2,1,36,24,12,60,2021-08-13 20:10:00,513805
Andrii Semeniuk_174356,Andrii Semeniuk,3,1,33,21,12,54,2021-08-13 20:10:00,513806
Oleksandr Bondarchuk_1518101156,Oleksandr Bondarchuk,2,1,39,29,10,68,2021-08-13 20:15:00,513807
Nataliia Svydnytska_174366,Nataliia Svydnytska,3,1,33,17,16,50,2021-08-13 20:15:00,513808
B Grebenyuk_127272,B Grebenyuk,3,1,33,21,12,54,2021-08-13 20:15:00,513809
D Fedorov_127352,D Fedorov,2,1,40,35,5,75,2021-08-13 20:16:00,513810
Volodymyr Melnykov_174405,Volodymyr Melnykov,-1,0,47,48,-1,95,2021-08-13 20:20:00,513811
Pavlo Zaderei_425565504,Pavlo Zaderei,-2,0,30,42,-12,72,2021-08-13 20:20:00,513812
Yevhen Bielokon_174380,Yevhen Bielokon,-2,0,32,41,-9,73,2021-08-13 20:25:00,513813
Roman Oliynyk_1066102148,Roman Oliynyk,-3,0,23,34,-11,57,2021-08-13 20:25:00,513814
D Tikhnenko_127313,D Tikhnenko,3,1,39,24,15,63,2021-08-13 20:30:00,513815
Vitalii Zharskiy_1493394662,Vitalii Zharskiy,2,1,37,22,15,59,2021-08-13 20:30:00,513816
Volodymyr Chornobab_174775,Volodymyr Chornobab,1,1,50,42,8,92,2021-08-13 20:30:00,513817
P Gireth_28624,P Gireth,3,1,33,23,10,56,2021-08-13 20:30:00,513818
Yevheniia Severyna_174777,Yevheniia Severyna,-3,0,20,33,-13,53,2021-08-13 20:35:00,513819
Dmytro Alekseenko_1635717677,Dmytro Alekseenko,2,1,41,40,1,81,2021-08-13 20:35:00,513820
Oleh Chulanov_174779,Oleh Chulanov,2,1,39,33,6,72,2021-08-13 20:35:00,513821
Milan Obertik_174774,Milan Obertik,-1,0,46,47,-1,93,2021-08-13 20:40:00,513822
Vіtalіy Krokhmal_1312793833,Vіtalіy Krokhmal,-2,0,31,42,-11,73,2021-08-13 20:40:00,513823
Valerii Shepil_174781,Valerii Shepil,-2,0,29,41,-12,70,2021-08-13 20:40:00,513824
Marharyta Saltanovska_174367,Marharyta Saltanovska,-3,0,22,33,-11,55,2021-08-13 20:45:00,513825
Oleh Stasevskyi_2117877798,Oleh Stasevskyi,2,1,41,30,11,71,2021-08-13 20:45:00,513826
S Vardanyan_127273,S Vardanyan,1,1,42,48,-6,90,2021-08-13 20:46:00,513827
Illia Hubariev_709318901,Illia Hubariev,-2,0,41,49,-8,90,2021-08-13 20:50:00,513828
Ihor Vasylyshyn_174406,Ihor Vasylyshyn,-1,0,47,44,3,91,2021-08-13 20:50:00,513829
D Merzlikin_127353,D Merzlikin,3,1,36,23,13,59,2021-08-13 20:52:00,513830
Viktor Vakhrushev_174381,Viktor Vakhrushev,3,1,33,25,8,58,2021-08-13 20:55:00,513831
Roman Reznichenko_1014485541,Roman Reznichenko,2,1,40,32,8,72,2021-08-13 20:55:00,513832
Viktor Trachuk_1350397635,Viktor Trachuk,3,1,33,18,15,51,2021-08-13 21:00:00,513833
Denys Pesternikov_174776,Denys Pesternikov,-1,0,49,48,1,97,2021-08-13 21:00:00,513834
David Prusa_174469,David Prusa,3,1,33,21,12,54,2021-08-13 21:00:00,513835
Ji Louda_28583,Ji Louda,-2,0,28,39,-11,67,2021-08-13 21:01:00,513836
E Makarenkov_127314,E Makarenkov,-3,0,14,33,-19,47,2021-08-13 21:01:00,513837
Anastasiia Gordinskaya-Sheiko_174778,Anastasiia Gordinskaya-Sheiko,-3,0,24,34,-10,58,2021-08-13 21:05:00,513838
Volodymyr Kuzmych_174780,Volodymyr Kuzmych,2,1,41,31,10,72,2021-08-13 21:05:00,513839
Nazarii Haievyi_730954612,Nazarii Haievyi,3,1,36,27,9,63,2021-08-13 21:05:00,513840
Eduard Rubtsov_2061240438,Eduard Rubtsov,-2,0,29,38,-9,67,2021-08-13 21:10:00,513841
Andrii Semeniuk_174782,Andrii Semeniuk,3,1,33,19,14,52,2021-08-13 21:10:00,513842
Dmytro Baistriuchenko_117555698,Dmytro Baistriuchenko,-3,0,19,34,-15,53,2021-08-13 21:15:00,513843
Alisa Dubrova_174368,Alisa Dubrova,3,1,37,19,18,56,2021-08-13 21:15:00,513844
A Frolov_127354,A Frolov,-3,0,19,33,-14,52,2021-08-13 21:16:00,513845
V Marshalov_127274,V Marshalov,-3,0,22,33,-11,55,2021-08-13 21:19:00,513846
Serhii Yatsenko_174394,Serhii Yatsenko,-3,0,19,33,-14,52,2021-08-13 21:20:00,513847
Vadym Komar_2002894605,Vadym Komar,1,1,52,37,15,89,2021-08-13 21:20:00,513848
Oleksiy Molochko_1211849323,Oleksiy Molochko,-2,0,31,39,-8,70,2021-08-13 21:25:00,513849
Mykola Polysynskyi_174382,Mykola Polysynskyi,-1,0,41,43,-2,84,2021-08-13 21:25:00,513850
D Tikhnenko_127315,D Tikhnenko,-2,0,30,42,-12,72,2021-08-13 21:29:00,513851
R Rose_28584,R Rose,-2,0,39,38,1,77,2021-08-13 21:30:00,513852
Maksym Mykytiuk_64412972,Maksym Mykytiuk,-2,0,38,44,-6,82,2021-08-13 21:30:00,513853
Jan Zaloudik_174470,Jan Zaloudik,2,1,37,27,10,64,2021-08-13 21:30:00,513854
Oleg Gavryluk_878616938,Oleg Gavryluk,-3,0,25,33,-8,58,2021-08-13 21:35:00,513855
Vitalii Zharskiy_1962742924,Vitalii Zharskiy,-1,0,56,56,0,112,2021-08-13 21:40:00,513856
Anton Veliiev_1505794196,Anton Veliiev,3,1,33,19,14,52,2021-08-13 21:45:00,513857
Kateryna Somova_174369,Kateryna Somova,2,1,42,31,11,73,2021-08-13 21:45:00,513858
D Merzlikin_127355,D Merzlikin,1,1,56,51,5,107,2021-08-13 21:45:00,513859
S Vardanyan_127275,S Vardanyan,1,1,58,53,5,111,2021-08-13 21:46:00,513860
Serhii Solomko_174407,Serhii Solomko,-3,0,25,33,-8,58,2021-08-13 21:50:00,513861
Ivan Fashchevskyi_890081214,Ivan Fashchevskyi,3,1,34,22,12,56,2021-08-13 21:50:00,513862
Yevhen Bielokon_174383,Yevhen Bielokon,-3,0,17,33,-16,50,2021-08-13 21:55:00,513863
Oleksandr Yarovoi_179614495,Oleksandr Yarovoi,1,1,54,45,9,99,2021-08-13 21:55:00,513864
Oleksandr Bondarchuk_247813212,Oleksandr Bondarchuk,-1,0,43,50,-7,93,2021-08-13 22:00:00,513865
Jan Zaloudik_174471,Jan Zaloudik,-1,0,43,45,-2,88,2021-08-13 22:00:00,513866
K Brozik_28585,K Brozik,1,1,58,54,4,112,2021-08-13 22:00:00,513867
S Kuzmin_127316,S Kuzmin,3,1,33,24,9,57,2021-08-13 22:01:00,513868
Pavlo Zaderei_189041143,Pavlo Zaderei,-3,0,26,35,-9,61,2021-08-13 22:05:00,513869
Viktor Trachuk_1996139266,Viktor Trachuk,-2,0,33,42,-9,75,2021-08-13 22:10:00,513870
Ihor Petryshyn_1095540729,Ihor Petryshyn,-2,0,35,43,-8,78,2021-08-13 22:15:00,513871
Alisa Dubrova_174370,Alisa Dubrova,3,1,33,15,18,48,2021-08-13 22:15:00,513872
D Fedorov_127356,D Fedorov,-3,0,23,33,-10,56,2021-08-13 22:18:00,513873
B Grebenyuk_127276,B Grebenyuk,1,1,47,49,-2,96,2021-08-13 22:20:00,513874
Rodion Pirveli_1238886469,Rodion Pirveli,3,1,33,25,8,58,2021-08-13 22:20:00,513875
Volodymyr Melnykov_174396,Volodymyr Melnykov,3,1,35,24,11,59,2021-08-13 22:20:00,513876
Yevhenii Sokoltsov_174384,Yevhenii Sokoltsov,3,1,33,18,15,51,2021-08-13 22:25:00,513877
Ivan Fashchevskyi_1577568022,Ivan Fashchevskyi,1,1,52,44,8,96,2021-08-13 22:25:00,513878
V Mishakin_127499,V Mishakin,-2,0,34,39,-5,73,2021-08-13 22:29:00,513879
David Prusa_174472,David Prusa,1,1,54,45,9,99,2021-08-13 22:30:00,513880
Oleksandr Zhuravlov_998251171,Oleksandr Zhuravlov,3,1,38,32,6,70,2021-08-13 22:30:00,513881
Jr. Mecl_28586,Jr. Mecl,-1,0,42,51,-9,93,2021-08-13 22:36:00,513882
Iurii Prokhoruk_415941784,Iurii Prokhoruk,-2,0,35,39,-4,74,2021-08-13 22:45:00,513883
Alena Petlenko_174371,Alena Petlenko,3,1,33,23,10,56,2021-08-13 22:45:00,513884
A Frolov_127501,A Frolov,-1,0,47,51,-4,98,2021-08-13 22:46:00,513885
Ihor Vasylyshyn_174408,Ihor Vasylyshyn,-3,0,34,40,-6,74,2021-08-13 22:50:00,513886
V Marshalov_127503,V Marshalov,-2,0,34,38,-4,72,2021-08-13 22:52:00,513887
Yevhen Bielokon_174385,Yevhen Bielokon,-2,0,34,42,-8,76,2021-08-13 22:55:00,513888
D Tikhnenko_127500,D Tikhnenko,1,1,50,47,3,97,2021-08-13 23:00:00,513889
Jan Jr Krames_174473,Jan Jr Krames,2,1,38,36,2,74,2021-08-13 23:00:00,513890
Oleksandr Yarovoi_491415967,Oleksandr Yarovoi,2,1,42,29,13,71,2021-08-13 23:00:00,513891
K Brozik_28587,K Brozik,2,1,39,35,4,74,2021-08-13 23:03:00,513892
Ivan Fashchevskyi_288614727,Ivan Fashchevskyi,-3,0,22,33,-11,55,2021-08-13 23:05:00,513893
D Fedorov_127502,D Fedorov,3,1,33,26,7,59,2021-08-13 23:16:00,513894
S Vardanyan_127504,S Vardanyan,-2,0,35,42,-7,77,2021-08-13 23:17:00,513895
Serhii Solomko_174398,Serhii Solomko,-3,0,12,33,-21,45,2021-08-13 23:20:00,513896
Dmitriy Pereyaslovskyi_174386,Dmitriy Pereyaslovskyi,-2,0,33,41,-8,74,2021-08-13 23:25:00,513897
R Rose_28588,R Rose,2,1,46,34,12,80,2021-08-13 23:30:00,513898
David Prusa_174474,David Prusa,2,1,46,34,12,80,2021-08-13 23:30:00,513899
A Aslanyan_127317,A Aslanyan,3,1,33,22,11,55,2021-08-13 23:34:00,513900
Oleksandr Zhuravlov_1527864584,Oleksandr Zhuravlov,-1,0,49,46,3,95,2021-08-13 23:35:00,513901
Oleksandr Yarovoi_1293628828,Oleksandr Yarovoi,1,1,47,42,5,89,2021-08-13 23:40:00,513902
A Suntsov_127277,A Suntsov,-1,0,47,50,-3,97,2021-08-13 23:45:00,513903
Vasil Salivonchyk_209546086,Vasil Salivonchyk,3,1,33,8,25,41,2021-08-13 23:45:00,513904
A Fedosov_127357,A Fedosov,1,1,44,48,-4,92,2021-08-13 23:46:00,513905
Serhii Dovzhenko_174409,Serhii Dovzhenko,2,1,45,42,3,87,2021-08-13 23:50:00,513906
S Ogai_127318,S Ogai,-1,0,44,54,-10,98,2021-08-14 00:02:00,513907
Ji Louda_28625,Ji Louda,3,1,33,16,17,49,2021-08-14 00:04:00,513908
Andrii Romanenko_174411,Andrii Romanenko,1,1,55,46,9,101,2021-08-14 00:05:00,513909
Oleksii Tiutiunnyk_698457502,Oleksii Tiutiunnyk,2,1,42,29,13,71,2021-08-14 00:10:00,513910
Martin Stusek_174783,Martin Stusek,1,1,48,44,4,92,2021-08-14 00:15:00,513911
Mykola Treshchetka_1997946402,Mykola Treshchetka,2,1,46,40,6,86,2021-08-14 00:15:00,513912
Ivan Fashchevskyi_1998300987,Ivan Fashchevskyi,-1,0,44,49,-5,93,2021-08-14 00:15:00,513913
V Safonov_127358,V Safonov,1,1,46,43,3,89,2021-08-14 00:17:00,513914
A Vlasov_127278,A Vlasov,-2,0,43,47,-4,90,2021-08-14 00:17:00,513915
Serhii Solomko_174400,Serhii Solomko,-2,0,34,42,-8,76,2021-08-14 00:20:00,513916
Serhii Tkachev_174426,Serhii Tkachev,-3,0,25,34,-9,59,2021-08-14 00:25:00,513917
R Rose_28626,R Rose,-2,0,34,36,-2,70,2021-08-14 00:30:00,513918
V Sidorin_127319,V Sidorin,-1,0,37,50,-13,87,2021-08-14 00:32:00,513919
Serhii Sokolov_174412,Serhii Sokolov,3,1,33,20,13,53,2021-08-14 00:35:00,513920
Jan Zaloudik_174784,Jan Zaloudik,3,1,33,19,14,52,2021-08-14 00:45:00,513921
Vasil Salivonchyk_1366886853,Vasil Salivonchyk,1,1,47,47,0,94,2021-08-14 00:45:00,513922
E Kalashnikov_127359,E Kalashnikov,-3,0,20,33,-13,53,2021-08-14 00:47:00,513923
D Balakin_127279,D Balakin,2,1,41,29,12,70,2021-08-14 00:49:00,513924
Serhii Yatsenko_174410,Serhii Yatsenko,-1,0,42,42,0,84,2021-08-14 00:50:00,513925
Oleksii Tiutiunnyk_1285314506,Oleksii Tiutiunnyk,2,1,36,21,15,57,2021-08-14 00:50:00,513926
Oleksandr Zhuravlov_1924117365,Oleksandr Zhuravlov,-1,0,42,43,-1,85,2021-08-14 00:55:00,513927
Andrii Matiushenko_174427,Andrii Matiushenko,-2,0,32,39,-7,71,2021-08-14 00:55:00,513928
Va Ivanov_127320,Va Ivanov,3,1,33,21,12,54,2021-08-14 00:59:00,513929
Hryhorii Kulishov_174413,Hryhorii Kulishov,-2,0,39,45,-6,84,2021-08-14 01:05:00,513930
Yurii Novokhatskyi_386950860,Yurii Novokhatskyi,3,1,33,10,23,43,2021-08-14 01:15:00,513931
A Uvarov_127280,A Uvarov,-1,0,47,50,-3,97,2021-08-14 01:16:00,513932
D Sayanov_127360,D Sayanov,1,1,54,48,6,102,2021-08-14 01:17:00,513933
Iryna Aseieva_831228767,Iryna Aseieva,-1,0,46,51,-5,97,2021-08-14 01:20:00,513934
Oleksandr Kovalchuk_174428,Oleksandr Kovalchuk,3,1,33,21,12,54,2021-08-14 01:25:00,513935
S Ogai_127321,S Ogai,1,1,51,52,-1,103,2021-08-14 01:29:00,513936
Serhii Sokolov_174414,Serhii Sokolov,-2,0,36,44,-8,80,2021-08-14 01:35:00,513937
Mykola Treshchetka_109742424,Mykola Treshchetka,-1,0,52,49,3,101,2021-08-14 01:45:00,513938
V Safonov_127361,V Safonov,-2,0,31,44,-13,75,2021-08-14 01:47:00,513939
Halyna Telna_1863070132,Halyna Telna,2,1,40,28,12,68,2021-08-14 01:50:00,513940
A Vlasov_127281,A Vlasov,-2,0,38,41,-3,79,2021-08-14 01:51:00,513941
Andrii Matiushenko_174429,Andrii Matiushenko,1,1,49,48,1,97,2021-08-14 01:55:00,513942
Va Ivanov_127322,Va Ivanov,-2,0,34,47,-13,81,2021-08-14 01:59:00,513943
Andrii Romanenko_174415,Andrii Romanenko,-1,0,40,48,-8,88,2021-08-14 02:05:00,513944
Vasil Salivonchyk_490415322,Vasil Salivonchyk,-3,0,20,33,-13,53,2021-08-14 02:15:00,513945
D Sayanov_127362,D Sayanov,-1,0,48,44,4,92,2021-08-14 02:17:00,513946
Iryna Aseieva_773792698,Iryna Aseieva,3,1,33,20,13,53,2021-08-14 02:20:00,513947
A Uvarov_127282,A Uvarov,-3,0,25,38,-13,63,2021-08-14 02:21:00,513948
Serhii Tkachev_174430,Serhii Tkachev,2,1,48,41,7,89,2021-08-14 02:25:00,513949
D Korneev_127323,D Korneev,-1,0,36,44,-8,80,2021-08-14 02:30:00,513950
Vitalii Kyilo_174416,Vitalii Kyilo,1,1,48,49,-1,97,2021-08-14 02:35:00,513951
Yurii Novokhatskyi_1580509381,Yurii Novokhatskyi,2,1,43,35,8,78,2021-08-14 02:45:00,513952
I Ramensky_127283,I Ramensky,3,1,33,18,15,51,2021-08-14 02:47:00,513953
A Girevenkov_127363,A Girevenkov,1,1,49,45,4,94,2021-08-14 02:48:00,513954
Halyna Telna_2134399021,Halyna Telna,-3,0,27,36,-9,63,2021-08-14 02:50:00,513955
Igor Shyndel_174431,Igor Shyndel,-3,0,22,33,-11,55,2021-08-14 02:55:00,513956
V Sidorin_127324,V Sidorin,-1,0,41,51,-10,92,2021-08-14 03:01:00,513957
Hryhorii Kulishov_174417,Hryhorii Kulishov,-2,0,41,45,-4,86,2021-08-14 03:05:00,513958
Vasil Salivonchyk_1714101143,Vasil Salivonchyk,-3,0,13,33,-20,46,2021-08-14 03:15:00,513959
D Balakin_127284,D Balakin,-2,0,23,41,-18,64,2021-08-14 03:17:00,513960
E Kalashnikov_127364,E Kalashnikov,3,1,34,25,9,59,2021-08-14 03:18:00,513961
Iryna Aseieva_733223903,Iryna Aseieva,-1,0,45,51,-6,96,2021-08-14 03:20:00,513962
Oleksandr Kovalchuk_174432,Oleksandr Kovalchuk,2,1,37,26,11,63,2021-08-14 03:25:00,513963
A Aslanyan_127325,A Aslanyan,2,1,41,35,6,76,2021-08-14 03:30:00,513964
Serhii Sokolov_174418,Serhii Sokolov,3,1,37,27,10,64,2021-08-14 03:35:00,513965
Maxim Naumchuk_363750440,Maxim Naumchuk,1,1,54,47,7,101,2021-08-14 03:45:00,513966
A Fedosov_127365,A Fedosov,3,1,33,18,15,51,2021-08-14 03:47:00,513967
Veronika Andriushchenko_1024732438,Veronika Andriushchenko,-1,0,40,48,-8,88,2021-08-14 03:50:00,513968
Andrii Matiushenko_174433,Andrii Matiushenko,-3,0,26,35,-9,61,2021-08-14 03:55:00,513969
D Korneev_127326,D Korneev,-2,0,33,44,-11,77,2021-08-14 03:59:00,513970
Andrii Romanenko_174419,Andrii Romanenko,1,1,48,37,11,85,2021-08-14 04:05:00,513971
Yurii Novokhatskyi_573802470,Yurii Novokhatskyi,2,1,41,25,16,66,2021-08-14 04:15:00,513972
A Suntsov_127285,A Suntsov,1,1,49,43,6,92,2021-08-14 04:16:00,513973
A Girevenkov_127366,A Girevenkov,2,1,41,32,9,73,2021-08-14 04:20:00,513974
Halyna Telna_422056048,Halyna Telna,-2,0,38,45,-7,83,2021-08-14 04:20:00,513975
Serhii Tkachev_174434,Serhii Tkachev,3,1,33,19,14,52,2021-08-14 04:25:00,513976
V Sidorin_127505,V Sidorin,-2,0,33,42,-9,75,2021-08-14 04:30:00,513977
Vitalii Kyilo_174420,Vitalii Kyilo,-1,0,36,49,-13,85,2021-08-14 04:35:00,513978
I Ramensky_127286,I Ramensky,2,1,42,36,6,78,2021-08-14 04:47:00,513979
D Sayanov_127507,D Sayanov,1,1,43,47,-4,90,2021-08-14 04:50:00,513980
Iryna Aseieva_733465791,Iryna Aseieva,-1,0,45,45,0,90,2021-08-14 04:50:00,513981
Igor Shyndel_174435,Igor Shyndel,-3,0,21,33,-12,54,2021-08-14 04:55:00,513982
Va Ivanov_127506,Va Ivanov,2,1,43,36,7,79,2021-08-14 05:00:00,513983
Hryhorii Kulishov_174421,Hryhorii Kulishov,3,1,33,19,14,52,2021-08-14 05:05:00,513984
A Girevenkov_127508,A Girevenkov,-1,0,48,55,-7,103,2021-08-14 05:15:00,513985
Halyna Telna_2134362125,Halyna Telna,-1,0,40,48,-8,88,2021-08-14 05:20:00,513986
D Balakin_127509,D Balakin,-2,0,29,38,-9,67,2021-08-14 05:24:00,513987
Oleksandr Kovalchuk_174436,Oleksandr Kovalchuk,2,1,41,31,10,72,2021-08-14 05:25:00,513988
Andrii Romanenko_174422,Andrii Romanenko,-1,0,49,51,-2,100,2021-08-14 05:35:00,513989
A Suntsov_127510,A Suntsov,3,1,34,23,11,57,2021-08-14 05:49:00,513990
Iryna Aseieva_773899418,Iryna Aseieva,2,1,44,38,6,82,2021-08-14 05:50:00,513991
Serhii Tkachev_174437,Serhii Tkachev,2,1,42,31,11,73,2021-08-14 05:55:00,513992
Borys Kostiuk_174423,Borys Kostiuk,1,1,45,45,0,90,2021-08-14 06:05:00,513993
Halyna Telna_1863037460,Halyna Telna,2,1,40,22,18,62,2021-08-14 06:20:00,513994
Oleksandr Mishchenko_174438,Oleksandr Mishchenko,-3,0,28,34,-6,62,2021-08-14 06:25:00,513995
Andrii Romanenko_174424,Andrii Romanenko,3,1,35,28,7,63,2021-08-14 06:35:00,513996
Veronika Andriushchenko_1711163779,Veronika Andriushchenko,-1,0,41,49,-8,90,2021-08-14 06:50:00,513997
Serhii Tkachev_174439,Serhii Tkachev,-3,0,28,39,-11,67,2021-08-14 06:55:00,513998
Serhii Sokolov_174425,Serhii Sokolov,1,1,56,48,8,104,2021-08-14 07:05:00,513999
Andrii Matiushenko_174440,Andrii Matiushenko,-1,0,51,52,-1,103,2021-08-14 07:25:00,514000
A Kolmin_127415,A Kolmin,1,1,53,48,5,101,2021-08-14 07:30:00,514001
V Bazilevskiy_127451,V Bazilevskiy,1,1,44,44,0,88,2021-08-14 07:46:00,514002
V Klimentev_127379,V Klimentev,2,1,39,29,10,68,2021-08-14 07:46:00,514003
Serhii Tsybulin_611632726,Serhii Tsybulin,3,1,33,14,19,47,2021-08-14 07:50:00,514004
Nazarii Sydorak_174530,Nazarii Sydorak,3,1,33,23,10,56,2021-08-14 07:50:00,514005
Maksym Kolos_362730166,Maksym Kolos,-2,0,42,48,-6,90,2021-08-14 07:55:00,514006
Oleh Bindas_174555,Oleh Bindas,2,1,39,27,12,66,2021-08-14 08:00:00,514007
A Vorozheykin_127416,A Vorozheykin,-3,0,19,33,-14,52,2021-08-14 08:03:00,514008
Viktor Leonov_174564,Viktor Leonov,-2,0,25,38,-13,63,2021-08-14 08:05:00,514009
Vitalii Marushchak_174579,Vitalii Marushchak,-3,0,26,35,-9,61,2021-08-14 08:10:00,514010
Alena Petlenko_174594,Alena Petlenko,2,1,39,24,15,63,2021-08-14 08:15:00,514011
I Pandur_127380,I Pandur,3,1,33,22,11,55,2021-08-14 08:16:00,514012
O Nikiforov_127452,O Nikiforov,2,1,42,27,15,69,2021-08-14 08:16:00,514013
Oleh Chulanov_174531,Oleh Chulanov,2,1,45,34,11,79,2021-08-14 08:20:00,514014
Roman Cherevko_1171491135,Roman Cherevko,1,1,53,51,2,104,2021-08-14 08:25:00,514015
Anatolii Chaplianka_1370425250,Anatolii Chaplianka,2,1,40,30,10,70,2021-08-14 08:30:00,514016
Denys Pesternikov_174556,Denys Pesternikov,1,1,46,44,2,90,2021-08-14 08:30:00,514017
M Chernyavskiy_127417,M Chernyavskiy,1,1,44,45,-1,89,2021-08-14 08:30:00,514018
Ihor Sobko_174565,Ihor Sobko,-2,0,37,43,-6,80,2021-08-14 08:35:00,514019
Viktor Yefimov_34061392,Viktor Yefimov,-3,0,16,33,-17,49,2021-08-14 08:35:00,514020
Olga Leshchenko_822213502,Olga Leshchenko,2,1,42,33,9,75,2021-08-14 08:40:00,514021
Andrii Semeniuk_174580,Andrii Semeniuk,1,1,54,54,0,108,2021-08-14 08:40:00,514022
Alisa Dubrova_174595,Alisa Dubrova,3,1,33,21,12,54,2021-08-14 08:45:00,514023
Oleksandr Medvedyev_1828166246,Oleksandr Medvedyev,-3,0,19,33,-14,52,2021-08-14 08:45:00,514024
Yu Gavrilov_127453,Yu Gavrilov,3,1,36,22,14,58,2021-08-14 08:46:00,514025
R Agababyan_127381,R Agababyan,3,1,42,36,6,78,2021-08-14 08:46:00,514026
Nazarii Sydorak_174532,Nazarii Sydorak,1,1,42,42,0,84,2021-08-14 08:50:00,514027
Ivan Syniavskyi_258909232,Ivan Syniavskyi,3,1,33,14,19,47,2021-08-14 08:50:00,514028
Serhii Solomko_174604,Serhii Solomko,-3,0,26,34,-8,60,2021-08-14 08:50:00,514029
Dmytro Dubrovin_829317999,Dmytro Dubrovin,-3,0,25,36,-11,61,2021-08-14 08:55:00,514030
Serhii Ponomarenko_1735587790,Serhii Ponomarenko,3,1,33,16,17,49,2021-08-14 08:55:00,514031
Alina Man_174614,Alina Man,-3,0,22,34,-12,56,2021-08-14 08:55:00,514032
Oleksandr Levadnyi_1368886829,Oleksandr Levadnyi,-1,0,50,48,2,98,2021-08-14 09:00:00,514033
Jakub Nemecek_174749,Jakub Nemecek,1,1,52,49,3,101,2021-08-14 09:00:00,514034
Yevhenii Honchar_174542,Yevhenii Honchar,-1,0,42,45,-3,87,2021-08-14 09:00:00,514035
Jo Belovsky_28597,Jo Belovsky,3,1,33,25,8,58,2021-08-14 09:01:00,514036
Kyrylo Yehorov_261717126,Kyrylo Yehorov,1,1,54,46,8,100,2021-08-14 09:05:00,514037
Volodymyr Vasiukov_174566,Volodymyr Vasiukov,3,1,37,26,11,63,2021-08-14 09:05:00,514038
V Zhigalov_127418,V Zhigalov,2,1,44,36,8,80,2021-08-14 09:07:00,514039
Vitalii Lievshin_1959777146,Vitalii Lievshin,-3,0,16,34,-18,50,2021-08-14 09:10:00,514040
Dmytro Kunchurov_174581,Dmytro Kunchurov,-1,0,47,49,-2,96,2021-08-14 09:10:00,514041
Alena Petlenko_174596,Alena Petlenko,-3,0,22,33,-11,55,2021-08-14 09:15:00,514042
Natalia Teliuk_1231615184,Natalia Teliuk,-1,0,45,54,-9,99,2021-08-14 09:15:00,514043
I Meteleshko_127382,I Meteleshko,-2,0,25,42,-17,67,2021-08-14 09:17:00,514044
K Olshakov_127454,K Olshakov,1,1,49,47,2,96,2021-08-14 09:17:00,514045
Serhii Burdelnyi_174605,Serhii Burdelnyi,-2,0,26,45,-19,71,2021-08-14 09:20:00,514046
Volodymyr Korobko_174533,Volodymyr Korobko,3,1,36,25,11,61,2021-08-14 09:20:00,514047
Roman Vashchuk_779406509,Roman Vashchuk,3,1,34,25,9,59,2021-08-14 09:20:00,514048
Yevheniia Severyna_174615,Yevheniia Severyna,-2,0,36,43,-7,79,2021-08-14 09:25:00,514049
Roman Demchuk_1724802329,Roman Demchuk,-1,0,46,48,-2,94,2021-08-14 09:25:00,514050
Nazarii Kovalchuk_1600754944,Nazarii Kovalchuk,-2,0,38,45,-7,83,2021-08-14 09:30:00,514051
J Pozarsky_28598,J Pozarsky,-1,0,49,52,-3,101,2021-08-14 09:30:00,514052
Roman Derypaska_1612267466,Roman Derypaska,1,1,50,42,8,92,2021-08-14 09:30:00,514053
Denys Pesternikov_174543,Denys Pesternikov,1,1,51,46,5,97,2021-08-14 09:30:00,514054
Filip Strejc_174750,Filip Strejc,-1,0,43,51,-8,94,2021-08-14 09:30:00,514055
Roman Cherevko_1850083700,Roman Cherevko,3,1,33,21,12,54,2021-08-14 09:35:00,514056
Ihor Sobko_174567,Ihor Sobko,2,1,39,38,1,77,2021-08-14 09:35:00,514057
M Chernyavskiy_127419,M Chernyavskiy,2,1,39,28,11,67,2021-08-14 09:36:00,514058
Anatolii Chaplianka_2106037002,Anatolii Chaplianka,2,1,38,32,6,70,2021-08-14 09:40:00,514059
Andrii Semeniuk_174582,Andrii Semeniuk,3,1,33,18,15,51,2021-08-14 09:40:00,514060
Liliya Andrieieva_174597,Liliya Andrieieva,-1,0,48,44,4,92,2021-08-14 09:45:00,514061
R Agababyan_127383,R Agababyan,-3,0,21,33,-12,54,2021-08-14 09:45:00,514062
Viktor Yefimov_9128331,Viktor Yefimov,-2,0,36,39,-3,75,2021-08-14 09:45:00,514063
Serhii Solomko_174606,Serhii Solomko,-3,0,20,33,-13,53,2021-08-14 09:50:00,514064
Olga Leshchenko_1824024690,Olga Leshchenko,2,1,41,30,11,71,2021-08-14 09:50:00,514065
Oleh Chulanov_174534,Oleh Chulanov,-2,0,36,39,-3,75,2021-08-14 09:50:00,514066
Yu Gavrilov_127455,Yu Gavrilov,-2,0,31,36,-5,67,2021-08-14 09:51:00,514067
Alina Man_174616,Alina Man,2,1,40,31,9,71,2021-08-14 09:55:00,514068
Oleksandr Medvedyev_472349130,Oleksandr Medvedyev,2,1,46,36,10,82,2021-08-14 09:55:00,514069
Oleh Bindas_174557,Oleh Bindas,1,1,46,46,0,92,2021-08-14 10:00:00,514070
Filip Strejc_174751,Filip Strejc,-1,0,39,47,-8,86,2021-08-14 10:00:00,514071
Ivan Syniavskyi_955738516,Ivan Syniavskyi,-3,0,22,35,-13,57,2021-08-14 10:00:00,514072
A Vorozheykin_127420,A Vorozheykin,-2,0,29,39,-10,68,2021-08-14 10:01:00,514073
Serhii Ponomarenko_1906686348,Serhii Ponomarenko,-1,0,39,44,-5,83,2021-08-14 10:05:00,514074
Dmytro Dubrovin_128683695,Dmytro Dubrovin,-2,0,36,43,-7,79,2021-08-14 10:05:00,514075
Ja Sucharda_28599,Ja Sucharda,-2,0,32,41,-9,73,2021-08-14 10:08:00,514076
Serhii Tsybulin_1764455898,Serhii Tsybulin,-3,0,22,33,-11,55,2021-08-14 10:10:00,514077
Vitalii Marushchak_174583,Vitalii Marushchak,3,1,34,22,12,56,2021-08-14 10:10:00,514078
Maksym Kolos_368542121,Maksym Kolos,-2,0,34,42,-8,76,2021-08-14 10:15:00,514079
I Pandur_127384,I Pandur,1,1,53,51,2,104,2021-08-14 10:15:00,514080
O Nikiforov_127456,O Nikiforov,-2,0,34,41,-7,75,2021-08-14 10:15:00,514081
Alisa Dubrova_174598,Alisa Dubrova,1,1,53,42,11,95,2021-08-14 10:15:00,514082
Nazarii Sydorak_174535,Nazarii Sydorak,-3,0,17,33,-16,50,2021-08-14 10:20:00,514083
Volodymyr Melnykov_174607,Volodymyr Melnykov,-3,0,16,33,-17,49,2021-08-14 10:20:00,514084
Yevhen Pryshchepa_2085856101,Yevhen Pryshchepa,3,1,34,23,11,57,2021-08-14 10:20:00,514085
Viktoriia Husieva_174617,Viktoriia Husieva,2,1,44,34,10,78,2021-08-14 10:25:00,514086
Natalia Teliuk_1223409006,Natalia Teliuk,-3,0,25,39,-14,64,2021-08-14 10:25:00,514087
Volodymyr Chornobab_174558,Volodymyr Chornobab,1,1,49,40,9,89,2021-08-14 10:30:00,514088
A Vorozheykin_127511,A Vorozheykin,-3,0,25,33,-8,58,2021-08-14 10:30:00,514089
Viktor Bosak_1822890426,Viktor Bosak,-3,0,17,33,-16,50,2021-08-14 10:30:00,514090
Jakub Nemecek_174752,Jakub Nemecek,-1,0,43,49,-6,92,2021-08-14 10:30:00,514091
Roman Demchuk_1215861983,Roman Demchuk,-2,0,36,45,-9,81,2021-08-14 10:35:00,514092
L Adamec_28600,L Adamec,3,1,33,16,17,49,2021-08-14 10:35:00,514093
Ruslan Tolstykh_174569,Ruslan Tolstykh,3,1,33,18,15,51,2021-08-14 10:35:00,514094
Sergey Filatov_1534928377,Sergey Filatov,2,1,41,34,7,75,2021-08-14 10:40:00,514095
Nikita Trofimov_32183785,Nikita Trofimov,2,1,44,33,11,77,2021-08-14 10:40:00,514096
Stefan Yakimenko_174584,Stefan Yakimenko,1,1,49,45,4,94,2021-08-14 10:40:00,514097
Alena Petlenko_174599,Alena Petlenko,-3,0,21,33,-12,54,2021-08-14 10:45:00,514098
Serhii Hohenko_1822042649,Serhii Hohenko,2,1,42,39,3,81,2021-08-14 10:45:00,514099
Yu Gavrilov_127513,Yu Gavrilov,2,1,41,35,6,76,2021-08-14 10:47:00,514100
Oleksandr Dziabura_1713492973,Oleksandr Dziabura,3,1,34,27,7,61,2021-08-14 10:50:00,514101
Serhii Burdelnyi_174608,Serhii Burdelnyi,-3,0,17,33,-16,50,2021-08-14 10:50:00,514102
Oleh Chulanov_174536,Oleh Chulanov,-1,0,43,55,-12,98,2021-08-14 10:50:00,514103
Vitalii Lievshin_1155671332,Vitalii Lievshin,3,1,33,22,11,55,2021-08-14 10:55:00,514104
Yevheniia Severyna_174618,Yevheniia Severyna,3,1,33,19,14,52,2021-08-14 10:55:00,514105
R Agababyan_127515,R Agababyan,-2,0,32,42,-10,74,2021-08-14 10:58:00,514106
Ja Sucharda_28601,Ja Sucharda,-3,0,21,33,-12,54,2021-08-14 10:59:00,514107
A Kolmin_127512,A Kolmin,-1,0,51,49,2,100,2021-08-14 11:00:00,514108
Yevhenii Honchar_174546,Yevhenii Honchar,-2,0,35,41,-6,76,2021-08-14 11:00:00,514109
Olga Leshchenko_507901925,Olga Leshchenko,3,1,33,18,15,51,2021-08-14 11:00:00,514110
Frantisek Camr_174753,Frantisek Camr,-2,0,31,40,-9,71,2021-08-14 11:00:00,514111
Volodymyr Vasiukov_174570,Volodymyr Vasiukov,2,1,44,39,5,83,2021-08-14 11:05:00,514112
Roman Vashchuk_411373921,Roman Vashchuk,-1,0,58,60,-2,118,2021-08-14 11:05:00,514113
Ivan Syniavskyi_1596125229,Ivan Syniavskyi,-1,0,43,45,-2,88,2021-08-14 11:10:00,514114
Dmytro Kunchurov_174585,Dmytro Kunchurov,-1,0,44,54,-10,98,2021-08-14 11:10:00,514115
Alisa Dubrova_174600,Alisa Dubrova,1,1,51,40,11,91,2021-08-14 11:15:00,514116
Nazarii Kovalchuk_2145645244,Nazarii Kovalchuk,-1,0,49,54,-5,103,2021-08-14 11:15:00,514117
Roman Derypaska_1200773858,Roman Derypaska,1,1,51,42,9,93,2021-08-14 11:15:00,514118
V Bazilevskiy_127514,V Bazilevskiy,1,1,39,46,-7,85,2021-08-14 11:15:00,514119
Volodymyr Korobko_174537,Volodymyr Korobko,1,1,47,49,-2,96,2021-08-14 11:20:00,514120
Oleksandr Levadnyi_1906117696,Oleksandr Levadnyi,-1,0,45,40,5,85,2021-08-14 11:20:00,514121
Serhii Solomko_174609,Serhii Solomko,-2,0,29,38,-9,67,2021-08-14 11:20:00,514122
I Meteleshko_127516,I Meteleshko,-2,0,30,39,-9,69,2021-08-14 11:23:00,514123
Kyrylo Yehorov_1404139040,Kyrylo Yehorov,3,1,35,26,9,61,2021-08-14 11:25:00,514124
Alina Man_174619,Alina Man,1,1,50,43,7,93,2021-08-14 11:25:00,514125
Viktor Yefimov_165546621,Viktor Yefimov,-2,0,31,43,-12,74,2021-08-14 11:30:00,514126
Denys Pesternikov_174547,Denys Pesternikov,-3,0,27,36,-9,63,2021-08-14 11:30:00,514127
Jakub Nemecek_174754,Jakub Nemecek,-1,0,43,53,-10,96,2021-08-14 11:30:00,514128
J Pozarsky_28602,J Pozarsky,1,1,49,48,1,97,2021-08-14 11:30:00,514129
Ihor Sobko_174571,Ihor Sobko,-2,0,35,42,-7,77,2021-08-14 11:35:00,514130
Viktoria Overchuk_974952869,Viktoria Overchuk,-3,0,24,33,-9,57,2021-08-14 11:35:00,514131
Andrii Semeniuk_174586,Andrii Semeniuk,2,1,42,29,13,71,2021-08-14 11:40:00,514132
Oleksandr Medvedyev_1734146343,Oleksandr Medvedyev,3,1,33,20,13,53,2021-08-14 11:40:00,514133
Grigoriy Oliynik_1213953268,Grigoriy Oliynik,1,1,49,48,1,97,2021-08-14 11:45:00,514134
M Marchenko_127421,M Marchenko,2,1,41,38,3,79,2021-08-14 11:45:00,514135
Liliya Andrieieva_174601,Liliya Andrieieva,-2,0,32,41,-9,73,2021-08-14 11:45:00,514136
A Chumikov_127385,A Chumikov,2,1,39,36,3,75,2021-08-14 11:45:00,514137
M Cheklin_127457,M Cheklin,2,1,37,25,12,62,2021-08-14 11:48:00,514138
Dmytro Dubrovin_21572082,Dmytro Dubrovin,2,1,40,34,6,74,2021-08-14 11:50:00,514139
Nazarii Sydorak_174538,Nazarii Sydorak,-2,0,31,45,-14,76,2021-08-14 11:50:00,514140
Serhii Ponomarenko_1077217997,Serhii Ponomarenko,-1,0,46,47,-1,93,2021-08-14 11:50:00,514141
Serhii Burdelnyi_174610,Serhii Burdelnyi,-2,0,30,40,-10,70,2021-08-14 11:50:00,514142
Yevheniia Severyna_174620,Yevheniia Severyna,-2,0,38,43,-5,81,2021-08-14 11:55:00,514143
Roman Cherevko_1882145803,Roman Cherevko,-3,0,21,34,-13,55,2021-08-14 11:55:00,514144
Oleh Bindas_174559,Oleh Bindas,1,1,41,42,-1,83,2021-08-14 12:00:00,514145
Anatolii Chaplianka_615824913,Anatolii Chaplianka,-2,0,27,37,-10,64,2021-08-14 12:00:00,514146
Yevhen Pryshchepa_701229117,Yevhen Pryshchepa,3,1,34,25,9,59,2021-08-14 12:05:00,514147
Ja Sucharda_28627,Ja Sucharda,-2,0,28,38,-10,66,2021-08-14 12:09:00,514148
Vitalii Marushchak_174587,Vitalii Marushchak,-2,0,30,39,-9,69,2021-08-14 12:10:00,514149
Natalia Teliuk_1833981738,Natalia Teliuk,-3,0,27,36,-9,63,2021-08-14 12:10:00,514150
A Kazakov_127422,A Kazakov,-1,0,49,48,1,97,2021-08-14 12:13:00,514151
Viktor Bosak_1117944737,Viktor Bosak,3,1,33,26,7,59,2021-08-14 12:15:00,514152
E Glazun_127386,E Glazun,2,1,39,29,10,68,2021-08-14 12:15:00,514153
Alena Petlenko_174602,Alena Petlenko,-2,0,33,40,-7,73,2021-08-14 12:15:00,514154
A Shirshov_127458,A Shirshov,1,1,46,45,1,91,2021-08-14 12:16:00,514155
Tomas Vorisek_174785,Tomas Vorisek,3,1,34,25,9,59,2021-08-14 12:20:00,514156
Artur Moriak_1577815274,Artur Moriak,3,1,35,18,17,53,2021-08-14 12:20:00,514157
Volodymyr Melnykov_174611,Volodymyr Melnykov,-1,0,45,48,-3,93,2021-08-14 12:20:00,514158
Yurii Kolos_174539,Yurii Kolos,-3,0,17,33,-16,50,2021-08-14 12:20:00,514159
Sergey Filatov_193709162,Sergey Filatov,-2,0,36,44,-8,80,2021-08-14 12:25:00,514160
Viktoriia Husieva_174621,Viktoriia Husieva,2,1,43,33,10,76,2021-08-14 12:25:00,514161
Nikita Trofimov_146463180,Nikita Trofimov,2,1,38,34,4,72,2021-08-14 12:25:00,514162
Volodymyr Chornobab_174549,Volodymyr Chornobab,-1,0,50,44,6,94,2021-08-14 12:30:00,514163
Serhii Tsybulin_116901047,Serhii Tsybulin,-2,0,28,37,-9,65,2021-08-14 12:30:00,514164
L Adamec_28628,L Adamec,-1,0,45,43,2,88,2021-08-14 12:31:00,514165
Ruslan Tolstykh_174573,Ruslan Tolstykh,1,1,43,43,0,86,2021-08-14 12:35:00,514166
Maksym Kolos_1262298726,Maksym Kolos,-3,0,23,33,-10,56,2021-08-14 12:35:00,514167
Vitalii Lievshin_1389281245,Vitalii Lievshin,1,1,54,50,4,104,2021-08-14 12:40:00,514168
Stefan Yakimenko_174588,Stefan Yakimenko,2,1,50,40,10,90,2021-08-14 12:40:00,514169
E Masokin_127387,E Masokin,1,1,48,48,0,96,2021-08-14 12:45:00,514170
Olga Leshchenko_214360105,Olga Leshchenko,-1,0,44,52,-8,96,2021-08-14 12:45:00,514171
Marharyta Saltanovska_174603,Marharyta Saltanovska,-3,0,22,33,-11,55,2021-08-14 12:45:00,514172
Serhii Solomko_174612,Serhii Solomko,3,1,33,22,11,55,2021-08-14 12:50:00,514173
Oleh Chulanov_174787,Oleh Chulanov,-3,0,31,38,-7,69,2021-08-14 12:50:00,514174
Filip Strejc_174786,Filip Strejc,3,1,35,23,12,58,2021-08-14 12:50:00,514175
Roman Vashchuk_1091601448,Roman Vashchuk,1,1,45,41,4,86,2021-08-14 12:50:00,514176
O Pronin_127423,O Pronin,-2,0,32,40,-8,72,2021-08-14 12:51:00,514177
Ivan Syniavskyi_1264735448,Ivan Syniavskyi,2,1,43,34,9,77,2021-08-14 12:55:00,514178
Alina Man_174622,Alina Man,-2,0,36,39,-3,75,2021-08-14 12:55:00,514179
S Korolev_127459,S Korolev,3,1,35,29,6,64,2021-08-14 12:58:00,514180
Roman Derypaska_2124750578,Roman Derypaska,1,1,43,46,-3,89,2021-08-14 13:00:00,514181
Nazarii Kovalchuk_237445688,Nazarii Kovalchuk,-3,0,27,35,-8,62,2021-08-14 13:00:00,514182
Yevhenii Honchar_174560,Yevhenii Honchar,-1,0,41,48,-7,89,2021-08-14 13:00:00,514183
Filip Marat_174761,Filip Marat,-3,0,11,33,-22,44,2021-08-14 13:00:00,514184
Volodymyr Vasiukov_174574,Volodymyr Vasiukov,3,1,34,19,15,53,2021-08-14 13:05:00,514185
Serhii Hohenko_1425051357,Serhii Hohenko,2,1,45,35,10,80,2021-08-14 13:05:00,514186
M Kolar_28603,M Kolar,2,1,40,33,7,73,2021-08-14 13:06:00,514187
Dmytro Kunchurov_174589,Dmytro Kunchurov,-3,0,17,33,-16,50,2021-08-14 13:10:00,514188
Oleksandr Dziabura_841011600,Oleksandr Dziabura,-1,0,43,46,-3,89,2021-08-14 13:10:00,514189
M Dukhin_127424,M Dukhin,1,1,45,52,-7,97,2021-08-14 13:14:00,514190
Anton Limonov_2028650611,Anton Limonov,2,1,40,32,8,72,2021-08-14 13:15:00,514191
Marharyta Saltanovska_174789,Marharyta Saltanovska,-3,0,19,33,-14,52,2021-08-14 13:15:00,514192
P Semeshin_127388,P Semeshin,-1,0,41,51,-10,92,2021-08-14 13:15:00,514193
A Innazarov_127460,A Innazarov,-3,0,20,33,-13,53,2021-08-14 13:17:00,514194
Volodymyr Kuzmych_174788,Volodymyr Kuzmych,2,1,40,32,8,72,2021-08-14 13:20:00,514195
Natalia Teliuk_883483802,Natalia Teliuk,-3,0,18,33,-15,51,2021-08-14 13:20:00,514196
Ihor Vasylyshyn_174613,Ihor Vasylyshyn,1,1,53,51,2,104,2021-08-14 13:20:00,514197
Alina Stefaniuk_174623,Alina Stefaniuk,2,1,43,32,11,75,2021-08-14 13:25:00,514198
Igor Vatsyn_1967266839,Igor Vatsyn,2,1,44,36,8,80,2021-08-14 13:25:00,514199
Petr Vanecek_174762,Petr Vanecek,3,1,33,17,16,50,2021-08-14 13:30:00,514200
Artur Moriak_613635382,Artur Moriak,1,1,48,46,2,94,2021-08-14 13:30:00,514201
Oleh Bindas_174561,Oleh Bindas,-1,0,46,52,-6,98,2021-08-14 13:30:00,514202
V Dolezal_28604,V Dolezal,1,1,43,48,-5,91,2021-08-14 13:34:00,514203
Denys Vakulenko_1327156070,Denys Vakulenko,-1,0,45,49,-4,94,2021-08-14 13:35:00,514204
Yevhen Masko_552640452,Yevhen Masko,-2,0,28,42,-14,70,2021-08-14 13:35:00,514205
Oleksandr Levadnyi_1397459871,Oleksandr Levadnyi,-3,0,17,33,-16,50,2021-08-14 13:40:00,514206
Vitalii Marushchak_174590,Vitalii Marushchak,2,1,41,25,16,66,2021-08-14 13:40:00,514207
Kyrylo Yehorov_380360446,Kyrylo Yehorov,1,1,54,51,3,105,2021-08-14 13:45:00,514208
S Korolev_127461,S Korolev,-1,0,51,56,-5,107,2021-08-14 13:45:00,514209
E Masokin_127389,E Masokin,1,1,49,48,1,97,2021-08-14 13:45:00,514210
Kateryna Somova_174790,Kateryna Somova,-2,0,28,37,-9,65,2021-08-14 13:45:00,514211
Viktor Yefimov_1687817185,Viktor Yefimov,-2,0,36,40,-4,76,2021-08-14 13:50:00,514212
O Pronin_127425,O Pronin,-1,0,46,41,5,87,2021-08-14 13:51:00,514213
Olga Leshchenko_1785189188,Olga Leshchenko,-3,0,18,33,-15,51,2021-08-14 13:55:00,514214
Vadym Bochkovskyi_174562,Vadym Bochkovskyi,1,1,46,44,2,90,2021-08-14 14:00:00,514215
Volodymyr Melnykov_174793,Volodymyr Melnykov,1,1,48,46,2,94,2021-08-14 14:00:00,514216
Petr Vanecek_174763,Petr Vanecek,-1,0,39,49,-10,88,2021-08-14 14:00:00,514217
Yevheniia Severyna_174791,Yevheniia Severyna,-2,0,28,41,-13,69,2021-08-14 14:00:00,514218
Oleksandr Medvedyev_15488052,Oleksandr Medvedyev,1,1,47,41,6,88,2021-08-14 14:00:00,514219
A Barbora_28605,A Barbora,-2,0,31,38,-7,69,2021-08-14 14:02:00,514220
Volodymyr Konishchuk_174576,Volodymyr Konishchuk,-2,0,34,43,-9,77,2021-08-14 14:05:00,514221
Ivan Syniavskyi_616999004,Ivan Syniavskyi,-3,0,14,33,-19,47,2021-08-14 14:05:00,514222
Dmytro Dubrovin_1404306971,Dmytro Dubrovin,-2,0,27,39,-12,66,2021-08-14 14:10:00,514223
Stepan Grygorenko_174591,Stepan Grygorenko,3,1,34,21,13,55,2021-08-14 14:10:00,514224
Serhii Ponomarenko_750342598,Serhii Ponomarenko,2,1,42,30,12,72,2021-08-14 14:10:00,514225
E Glazun_127390,E Glazun,3,1,39,32,7,71,2021-08-14 14:15:00,514226
Serhii Tsybulin_980876724,Serhii Tsybulin,2,1,46,36,10,82,2021-08-14 14:15:00,514227
Maksym Kolos_126077345,Maksym Kolos,-2,0,40,46,-6,86,2021-08-14 14:20:00,514228
A Shirshov_127462,A Shirshov,3,1,36,25,11,61,2021-08-14 14:22:00,514229
A Kazakov_127426,A Kazakov,2,1,42,31,11,73,2021-08-14 14:24:00,514230
Oleksandr Didukh_851165041,Oleksandr Didukh,-2,0,31,41,-10,72,2021-08-14 14:25:00,514231
Natalia Teliuk_538881173,Natalia Teliuk,1,1,48,48,0,96,2021-08-14 14:30:00,514232
Alina Stefaniuk_174792,Alina Stefaniuk,-3,0,24,33,-9,57,2021-08-14 14:30:00,514233
Filip Marat_174764,Filip Marat,-1,0,45,47,-2,92,2021-08-14 14:30:00,514234
Oleh Bindas_174563,Oleh Bindas,2,1,43,37,6,80,2021-08-14 14:30:00,514235
Oleksandr Strutinskiy_174794,Oleksandr Strutinskiy,2,1,44,42,2,86,2021-08-14 14:30:00,514236
P Pycha_28606,P Pycha,1,1,55,48,7,103,2021-08-14 14:32:00,514237
Viktor Bosak_104308597,Viktor Bosak,1,1,46,44,2,90,2021-08-14 14:35:00,514238
Artur Moriak_1526492563,Artur Moriak,2,1,42,33,9,75,2021-08-14 14:40:00,514239
Vitalii Marushchak_174592,Vitalii Marushchak,2,1,45,39,6,84,2021-08-14 14:40:00,514240
Nazarii Kovalchuk_784368536,Nazarii Kovalchuk,-1,0,42,50,-8,92,2021-08-14 14:45:00,514241
Serhii Ponomarenko_1906825740,Serhii Ponomarenko,-2,0,34,42,-8,76,2021-08-14 14:45:00,514242
P Semeshin_127551,P Semeshin,2,1,43,39,4,82,2021-08-14 14:46:00,514243
M Cheklin_127553,M Cheklin,3,1,34,21,13,55,2021-08-14 14:50:00,514244
Oleksii Krutko_1041712283,Oleksii Krutko,1,1,43,42,1,85,2021-08-14 14:50:00,514245
O Pronin_127555,O Pronin,1,1,49,45,4,94,2021-08-14 14:54:00,514246
Dmytro Kryshtal_1092570369,Dmytro Kryshtal,3,1,33,21,12,54,2021-08-14 14:55:00,514247
Petr Semrad_174765,Petr Semrad,-3,0,19,33,-14,52,2021-08-14 15:00:00,514248
Vitalii Lievshin_392200808,Vitalii Lievshin,-3,0,25,35,-10,60,2021-08-14 15:00:00,514249
Denys Pesternikov_174554,Denys Pesternikov,-3,0,29,39,-10,68,2021-08-14 15:00:00,514250
Viktoria Overchuk_1455273192,Viktoria Overchuk,2,1,40,28,12,68,2021-08-14 15:05:00,514251
Ihor Sobko_174578,Ihor Sobko,-2,0,32,37,-5,69,2021-08-14 15:05:00,514252
A Barbora_28607,A Barbora,-3,0,33,39,-6,72,2021-08-14 15:08:00,514253
Andrii Semeniuk_174593,Andrii Semeniuk,3,1,33,19,14,52,2021-08-14 15:10:00,514254
Oleksandr Medvedyev_1861698148,Oleksandr Medvedyev,-3,0,20,33,-13,53,2021-08-14 15:10:00,514255
Roman Demchuk_1302816661,Roman Demchuk,-3,0,23,38,-15,61,2021-08-14 15:15:00,514256
E Masokin_127552,E Masokin,-3,0,24,36,-12,60,2021-08-14 15:15:00,514257
S Korolev_127554,S Korolev,1,1,52,39,13,91,2021-08-14 15:16:00,514258
Nikita Trofimov_2005893444,Nikita Trofimov,1,1,52,49,3,101,2021-08-14 15:20:00,514259
Sergey Filatov_545425174,Sergey Filatov,1,1,44,44,0,88,2021-08-14 15:20:00,514260
Oleksandr Kalynevych_174624,Oleksandr Kalynevych,-1,0,43,49,-6,92,2021-08-14 15:20:00,514261
Serhii Tsybulin_524511225,Serhii Tsybulin,-1,0,42,49,-7,91,2021-08-14 15:25:00,514262
M Dukhin_127556,M Dukhin,-2,0,33,40,-7,73,2021-08-14 15:26:00,514263
Hanna Fuks_174639,Hanna Fuks,2,1,36,31,5,67,2021-08-14 15:30:00,514264
Maksym Kolos_829971811,Maksym Kolos,-2,0,30,42,-12,72,2021-08-14 15:30:00,514265
Filip Marat_174766,Filip Marat,2,1,47,37,10,84,2021-08-14 15:30:00,514266
V Dolezal_28608,V Dolezal,3,1,33,18,15,51,2021-08-14 15:32:00,514267
Denys Shcherbak_1583814858,Denys Shcherbak,1,1,53,52,1,105,2021-08-14 15:35:00,514268
Oleksandr Lykhytskyi_174649,Oleksandr Lykhytskyi,2,1,36,30,6,66,2021-08-14 15:35:00,514269
Viktor Kotov_352292720,Viktor Kotov,2,1,42,40,2,82,2021-08-14 15:40:00,514270
Anastasia Holiak_174664,Anastasia Holiak,2,1,41,34,7,75,2021-08-14 15:40:00,514271
I Minchenkov_127391,I Minchenkov,3,1,34,19,15,53,2021-08-14 15:45:00,514272
Yehor Derun_174674,Yehor Derun,1,1,55,49,6,104,2021-08-14 15:45:00,514273
E Anisimov_127427,E Anisimov,3,1,33,19,14,52,2021-08-14 15:50:00,514274
Ihor Syniavskyi_490718698,Ihor Syniavskyi,-3,0,25,36,-11,61,2021-08-14 15:50:00,514275
Andrei Huchok_174625,Andrei Huchok,2,1,41,29,12,70,2021-08-14 15:50:00,514276
Anton Veliiev_565127560,Anton Veliiev,2,1,38,33,5,71,2021-08-14 15:55:00,514277
I Poletaev_127463,I Poletaev,3,1,33,20,13,53,2021-08-14 15:56:00,514278
Roman Cherevko_862953634,Roman Cherevko,1,1,50,45,5,95,2021-08-14 16:00:00,514279
Yuliia Ishchenko_174640,Yuliia Ishchenko,-3,0,25,33,-8,58,2021-08-14 16:00:00,514280
A Barbora_28653,A Barbora,1,1,45,36,9,81,2021-08-14 16:00:00,514281
Anatolii Chaplianka_3344232,Anatolii Chaplianka,-2,0,35,42,-7,77,2021-08-14 16:05:00,514282
Petr Semrad_174795,Petr Semrad,2,1,43,30,13,73,2021-08-14 16:05:00,514283
Serhii Chelpanov_174650,Serhii Chelpanov,2,1,42,29,13,71,2021-08-14 16:05:00,514284
V Staroverov_127428,V Staroverov,2,1,43,30,13,73,2021-08-14 16:07:00,514285
Olha Panchyshyn_174665,Olha Panchyshyn,-3,0,23,34,-11,57,2021-08-14 16:10:00,514286
Uryi Schepanskyi_1875609878,Uryi Schepanskyi,2,1,43,32,11,75,2021-08-14 16:10:00,514287
V Putilovsky_127392,V Putilovsky,1,1,53,44,9,97,2021-08-14 16:15:00,514288
Artem Nesterenko_210366807,Artem Nesterenko,2,1,37,34,3,71,2021-08-14 16:15:00,514289
Sviatoslav Sachuk_174675,Sviatoslav Sachuk,-3,0,24,35,-11,59,2021-08-14 16:15:00,514290
A Batalov_127464,A Batalov,-1,0,49,48,1,97,2021-08-14 16:18:00,514291
Serhii Hot_174626,Serhii Hot,-2,0,33,44,-11,77,2021-08-14 16:20:00,514292
Andrii Khvysiuk_636423477,Andrii Khvysiuk,-2,0,30,42,-12,72,2021-08-14 16:20:00,514293
Yurii Parahailo_1317392466,Yurii Parahailo,1,1,48,44,4,92,2021-08-14 16:25:00,514294
Igor Shyndel_174689,Igor Shyndel,-3,0,21,33,-12,54,2021-08-14 16:25:00,514295
Hanna Fuks_174641,Hanna Fuks,-3,0,25,34,-9,59,2021-08-14 16:30:00,514296
Rodion Pirveli_1635115043,Rodion Pirveli,-2,0,38,42,-4,80,2021-08-14 16:30:00,514297
P Pycha_28654,P Pycha,-2,0,31,41,-10,72,2021-08-14 16:31:00,514298
M Sverdlov_127429,M Sverdlov,2,1,41,33,8,74,2021-08-14 16:32:00,514299
Oleksandr Levadnyi_1166984383,Oleksandr Levadnyi,-1,0,40,46,-6,86,2021-08-14 16:35:00,514300
Vladimir Hnilica_174796,Vladimir Hnilica,-1,0,47,48,-1,95,2021-08-14 16:35:00,514301
Viacheslav Isakov_174651,Viacheslav Isakov,-2,0,39,45,-6,84,2021-08-14 16:35:00,514302
Anastasia Holiak_174666,Anastasia Holiak,3,1,33,17,16,50,2021-08-14 16:40:00,514303
Maksym Kolos_1123236604,Maksym Kolos,-3,0,20,35,-15,55,2021-08-14 16:40:00,514304
Denys Shcherbak_1096971242,Denys Shcherbak,3,1,33,23,10,56,2021-08-14 16:45:00,514305
Valentyn Lutsenko_174676,Valentyn Lutsenko,3,1,35,22,13,57,2021-08-14 16:45:00,514306
Andrei Huchok_174627,Andrei Huchok,2,1,42,36,6,78,2021-08-14 16:50:00,514307
Viktor Kotov_1260236087,Viktor Kotov,1,1,54,48,6,102,2021-08-14 16:50:00,514308
G Evglevskiy_127465,G Evglevskiy,-1,0,39,50,-11,89,2021-08-14 16:53:00,514309
I Kovalev_127393,I Kovalev,1,1,51,49,2,100,2021-08-14 16:53:00,514310
Oleksandr Kovalchuk_174690,Oleksandr Kovalchuk,2,1,42,25,17,67,2021-08-14 16:55:00,514311
Oleg Gavryluk_1603475219,Oleg Gavryluk,3,1,34,24,10,58,2021-08-14 16:55:00,514312
Ihor Syniavskyi_680319961,Ihor Syniavskyi,1,1,45,48,-3,93,2021-08-14 17:00:00,514313
Oleksandra Tsiupko_174642,Oleksandra Tsiupko,-1,0,43,53,-10,96,2021-08-14 17:00:00,514314
Ales Hanl_174755,Ales Hanl,2,1,42,36,6,78,2021-08-14 17:00:00,514315
V Selkin_127430,V Selkin,-1,0,42,50,-8,92,2021-08-14 17:01:00,514316
A Barbora_28609,A Barbora,2,1,42,28,14,70,2021-08-14 17:03:00,514317
Serhii Chelpanov_174652,Serhii Chelpanov,-1,0,43,46,-3,89,2021-08-14 17:05:00,514318
Anton Veliiev_858083323,Anton Veliiev,-2,0,34,39,-5,73,2021-08-14 17:05:00,514319
Serhii Tsybulin_929641958,Serhii Tsybulin,-2,0,32,39,-7,71,2021-08-14 17:10:00,514320
Oksana Kregul_174667,Oksana Kregul,-3,0,21,33,-12,54,2021-08-14 17:10:00,514321
Sviatoslav Sachuk_174677,Sviatoslav Sachuk,-1,0,45,46,-1,91,2021-08-14 17:15:00,514322
Dmytro Kryshtal_533132647,Dmytro Kryshtal,3,1,33,23,10,56,2021-08-14 17:15:00,514323
Vladyslav Kaluhin_954592596,Vladyslav Kaluhin,-2,0,40,42,-2,82,2021-08-14 17:20:00,514324
Oleksandr Kalynevych_174628,Oleksandr Kalynevych,2,1,45,38,7,83,2021-08-14 17:20:00,514325
I Matveyev_127466,I Matveyev,3,1,33,22,11,55,2021-08-14 17:22:00,514326
Artem Tkachenko_1925015634,Artem Tkachenko,3,1,33,17,16,50,2021-08-14 17:25:00,514327
Serhii Tkachev_174691,Serhii Tkachev,2,1,41,32,9,73,2021-08-14 17:25:00,514328
D Korneev_127394,D Korneev,1,1,42,39,3,81,2021-08-14 17:29:00,514329
Andrii Khvysiuk_212102164,Andrii Khvysiuk,3,1,33,16,17,49,2021-08-14 17:30:00,514330
Filip Strejc_174756,Filip Strejc,3,1,37,29,8,66,2021-08-14 17:30:00,514331
Yuliia Ishchenko_174643,Yuliia Ishchenko,-2,0,27,42,-15,69,2021-08-14 17:30:00,514332
P Pycha_28610,P Pycha,2,1,42,27,15,69,2021-08-14 17:31:00,514333
M Sverdlov_127431,M Sverdlov,1,1,49,52,-3,101,2021-08-14 17:31:00,514334
Dmytro Kalyniuk_638089479,Dmytro Kalyniuk,-3,0,19,33,-14,52,2021-08-14 17:35:00,514335
Oleksandr Lykhytskyi_174653,Oleksandr Lykhytskyi,-1,0,45,43,2,88,2021-08-14 17:35:00,514336
Olha Panchyshyn_174668,Olha Panchyshyn,-2,0,30,43,-13,73,2021-08-14 17:40:00,514337
Eduard Rubtsov_437389945,Eduard Rubtsov,2,1,43,34,9,77,2021-08-14 17:40:00,514338
Yehor Derun_174678,Yehor Derun,-2,0,31,43,-12,74,2021-08-14 17:45:00,514339
Roman Cherevko_1882085710,Roman Cherevko,-2,0,37,41,-4,78,2021-08-14 17:45:00,514340
G Evglevskiy_127467,G Evglevskiy,1,1,54,42,12,96,2021-08-14 17:46:00,514341
Oleksandr Dziabura_597395345,Oleksandr Dziabura,-2,0,34,40,-6,74,2021-08-14 17:50:00,514342
Roman Mazur_174629,Roman Mazur,3,1,33,23,10,56,2021-08-14 17:50:00,514343
Viktor Yevtodii_174704,Viktor Yevtodii,2,1,44,36,8,80,2021-08-14 17:50:00,514344
Uryi Schepanskyi_286027712,Uryi Schepanskyi,1,1,49,50,-1,99,2021-08-14 17:55:00,514345
Oleksandr Kovalchuk_174692,Oleksandr Kovalchuk,-2,0,21,38,-17,59,2021-08-14 17:55:00,514346
I Kovalev_127395,I Kovalev,1,1,44,41,3,85,2021-08-14 17:57:00,514347
Hanna Fuks_174644,Hanna Fuks,2,1,38,33,5,71,2021-08-14 18:00:00,514348
Artem Nesterenko_1934345719,Artem Nesterenko,-3,0,20,33,-13,53,2021-08-14 18:00:00,514349
Filip Strejc_174757,Filip Strejc,1,1,51,38,13,89,2021-08-14 18:00:00,514350
Ja Sucharda_28611,Ja Sucharda,-2,0,40,45,-5,85,2021-08-14 18:01:00,514351
Aleksandr Tulenin_2107185719,Aleksandr Tulenin,-3,0,27,34,-7,61,2021-08-14 18:05:00,514352
Roman Hnoievoi_174654,Roman Hnoievoi,-2,0,32,36,-4,68,2021-08-14 18:05:00,514353
Yurii Parahailo_1571393669,Yurii Parahailo,1,1,47,42,5,89,2021-08-14 18:10:00,514354
Anastasia Holiak_174669,Anastasia Holiak,3,1,37,29,8,66,2021-08-14 18:10:00,514355
V Staroverov_127432,V Staroverov,-2,0,27,37,-10,64,2021-08-14 18:13:00,514356
Oleh Volynets_174679,Oleh Volynets,2,1,37,33,4,70,2021-08-14 18:15:00,514357
Rodion Pirveli_144297193,Rodion Pirveli,-1,0,41,49,-8,90,2021-08-14 18:15:00,514358
Vitalii Vietrov_174705,Vitalii Vietrov,3,1,34,24,10,58,2021-08-14 18:20:00,514359
Dmytro Baistriuchenko_1947220535,Dmytro Baistriuchenko,-2,0,35,40,-5,75,2021-08-14 18:20:00,514360
Serhii Hot_174630,Serhii Hot,-2,0,29,42,-13,71,2021-08-14 18:20:00,514361
Igor Shyndel_174693,Igor Shyndel,-1,0,47,51,-4,98,2021-08-14 18:25:00,514362
Dmytro Shukin_1462953445,Dmytro Shukin,-1,0,45,58,-13,103,2021-08-14 18:25:00,514363
A Batalov_127468,A Batalov,-1,0,47,45,2,92,2021-08-14 18:26:00,514364
V Putilovsky_127396,V Putilovsky,-3,0,16,33,-17,49,2021-08-14 18:28:00,514365
Yuliia Ishchenko_174645,Yuliia Ishchenko,2,1,40,24,16,64,2021-08-14 18:30:00,514366
Denys Shcherbak_418883556,Denys Shcherbak,1,1,51,45,6,96,2021-08-14 18:30:00,514367
Ales Hanl_174758,Ales Hanl,1,1,52,40,12,92,2021-08-14 18:30:00,514368
S Novota_28612,S Novota,-1,0,43,47,-4,90,2021-08-14 18:30:00,514369
Viktor Kotov_1142155150,Viktor Kotov,-1,0,52,55,-3,107,2021-08-14 18:35:00,514370
Viacheslav Isakov_174655,Viacheslav Isakov,-3,0,22,34,-12,56,2021-08-14 18:35:00,514371
V Selkin_127625,V Selkin,3,1,33,23,10,56,2021-08-14 18:37:00,514372
Oleg Gavryluk_1647643645,Oleg Gavryluk,-2,0,36,42,-6,78,2021-08-14 18:40:00,514373
Olha Panchyshyn_174670,Olha Panchyshyn,-2,0,30,42,-12,72,2021-08-14 18:40:00,514374
Valentyn Lutsenko_174680,Valentyn Lutsenko,-1,0,42,45,-3,87,2021-08-14 18:45:00,514375
Ihor Syniavskyi_1764754066,Ihor Syniavskyi,-3,0,24,34,-10,58,2021-08-14 18:45:00,514376
D Korneev_127627,D Korneev,-3,0,22,34,-12,56,2021-08-14 18:50:00,514377
Andrei Huchok_174631,Andrei Huchok,1,1,46,41,5,87,2021-08-14 18:50:00,514378
Ilya Parnyvoda_174706,Ilya Parnyvoda,-2,0,33,41,-8,74,2021-08-14 18:50:00,514379
Anton Veliiev_310434095,Anton Veliiev,2,1,44,31,13,75,2021-08-14 18:50:00,514380
A Batalov_127629,A Batalov,3,1,37,28,9,65,2021-08-14 18:55:00,514381
Dmitriy Lebed_754341121,Dmitriy Lebed,3,1,35,25,10,60,2021-08-14 18:55:00,514382
Oleksandr Mishchenko_174694,Oleksandr Mishchenko,3,1,33,22,11,55,2021-08-14 18:55:00,514383
Oleksandra Tsiupko_174646,Oleksandra Tsiupko,-2,0,26,42,-16,68,2021-08-14 19:00:00,514384
Jan Jr Krames_174759,Jan Jr Krames,-1,0,40,50,-10,90,2021-08-14 19:00:00,514385
Dmytro Shukin_1511352428,Dmytro Shukin,-2,0,34,37,-3,71,2021-08-14 19:00:00,514386
V Staroverov_127626,V Staroverov,1,1,61,53,8,114,2021-08-14 19:02:00,514387
Serhii Chelpanov_174656,Serhii Chelpanov,3,1,33,21,12,54,2021-08-14 19:05:00,514388
Vladyslav Kaluhin_2013719301,Vladyslav Kaluhin,3,1,33,21,12,54,2021-08-14 19:05:00,514389
Ja Sucharda_28613,Ja Sucharda,1,1,47,41,6,88,2021-08-14 19:06:00,514390
Oksana Kregul_174671,Oksana Kregul,-2,0,32,41,-9,73,2021-08-14 19:10:00,514391
Artem Tkachenko_6754315,Artem Tkachenko,2,1,41,31,10,72,2021-08-14 19:10:00,514392
Sviatoslav Sachuk_174681,Sviatoslav Sachuk,-1,0,41,49,-8,90,2021-08-14 19:15:00,514393
Andrii Khvysiuk_2131468269,Andrii Khvysiuk,-1,0,52,50,2,102,2021-08-14 19:15:00,514394
I Kovalev_127628,I Kovalev,2,1,42,23,19,65,2021-08-14 19:16:00,514395
G Evglevskiy_127630,G Evglevskiy,2,1,44,36,8,80,2021-08-14 19:17:00,514396
Dmytro Kalyniuk_1483168817,Dmytro Kalyniuk,2,1,40,29,11,69,2021-08-14 19:20:00,514397
Oleksandr Kalynevych_174632,Oleksandr Kalynevych,-2,0,29,39,-10,68,2021-08-14 19:20:00,514398
Vitalii Vietrov_174707,Vitalii Vietrov,-3,0,18,33,-15,51,2021-08-14 19:20:00,514399
Eduard Rubtsov_1170144318,Eduard Rubtsov,-1,0,44,49,-5,93,2021-08-14 19:25:00,514400
Serhii Tkachev_174695,Serhii Tkachev,-1,0,47,42,5,89,2021-08-14 19:25:00,514401
Dmytro Baistriuchenko_1379240762,Dmytro Baistriuchenko,2,1,41,34,7,75,2021-08-14 19:30:00,514402
Ales Hanl_174760,Ales Hanl,2,1,44,34,10,78,2021-08-14 19:30:00,514403
Hanna Fuks_174647,Hanna Fuks,1,1,46,43,3,89,2021-08-14 19:30:00,514404
A Alekseyev_127433,A Alekseyev,-3,0,17,33,-16,50,2021-08-14 19:35:00,514405
P Pycha_28614,P Pycha,1,1,55,52,3,107,2021-08-14 19:35:00,514406
Oleksandr Semenets_2119245222,Oleksandr Semenets,-3,0,22,36,-14,58,2021-08-14 19:35:00,514407
Oleksandr Lykhytskyi_174657,Oleksandr Lykhytskyi,-2,0,31,42,-11,73,2021-08-14 19:35:00,514408
Anastasia Holiak_174672,Anastasia Holiak,3,1,33,19,14,52,2021-08-14 19:40:00,514409
Uryi Schepanskyi_1923552792,Uryi Schepanskyi,1,1,53,46,7,99,2021-08-14 19:40:00,514410
Artem Nesterenko_1061694878,Artem Nesterenko,3,1,35,22,13,57,2021-08-14 19:45:00,514411
Yehor Derun_174682,Yehor Derun,-1,0,45,52,-7,97,2021-08-14 19:45:00,514412
D Petrochenko_127397,D Petrochenko,2,1,40,33,7,73,2021-08-14 19:47:00,514413
Aleksandr Tulenin_1006766587,Aleksandr Tulenin,3,1,36,25,11,61,2021-08-14 19:50:00,514414
Viktor Yevtodii_174708,Viktor Yevtodii,-1,0,43,52,-9,95,2021-08-14 19:50:00,514415
V Melnikov_127471,V Melnikov,-2,0,38,46,-8,84,2021-08-14 19:54:00,514416
Oleksandr Kovalchuk_174696,Oleksandr Kovalchuk,-2,0,31,39,-8,70,2021-08-14 19:55:00,514417
Yurii Parahailo_1321099453,Yurii Parahailo,-3,0,27,36,-9,63,2021-08-14 19:55:00,514418
Svitlana Yureneva_174648,Svitlana Yureneva,-3,0,18,33,-15,51,2021-08-14 20:00:00,514419
Rodion Pirveli_1332541326,Rodion Pirveli,-2,0,33,39,-6,72,2021-08-14 20:00:00,514420
V Chernov_127434,V Chernov,2,1,42,35,7,77,2021-08-14 20:00:00,514421
Dmitriy Lebed_1071052472,Dmitriy Lebed,2,1,41,37,4,78,2021-08-14 20:05:00,514422
Roman Hnoievoi_174658,Roman Hnoievoi,-1,0,41,45,-4,86,2021-08-14 20:05:00,514423
Liudmyla Kudriei_174673,Liudmyla Kudriei,-2,0,28,39,-11,67,2021-08-14 20:10:00,514424
Dmytro Shukin_1575814010,Dmytro Shukin,1,1,52,50,2,102,2021-08-14 20:10:00,514425
Davyd Symonchuk_1337611158,Davyd Symonchuk,1,1,56,54,2,110,2021-08-14 20:15:00,514426
S Novota_28655,S Novota,-1,0,47,52,-5,99,2021-08-14 20:15:00,514427
Oleh Volynets_174683,Oleh Volynets,2,1,41,37,4,78,2021-08-14 20:15:00,514428
I Soldatov_127398,I Soldatov,2,1,45,36,9,81,2021-08-14 20:16:00,514429
Oleg Shevchuk_993730293,Oleg Shevchuk,-1,0,44,48,-4,92,2021-08-14 20:20:00,514430
Oleksandr Budnikov_174709,Oleksandr Budnikov,-3,0,20,33,-13,53,2021-08-14 20:20:00,514431
Serhii Hot_174634,Serhii Hot,-1,0,40,43,-3,83,2021-08-14 20:20:00,514432
A Silantev_127472,A Silantev,2,1,43,34,9,77,2021-08-14 20:20:00,514433
Oleg Gavryluk_101523990,Oleg Gavryluk,-1,0,44,49,-5,93,2021-08-14 20:25:00,514434
Frantisek Camr_175026,Frantisek Camr,2,1,40,34,6,74,2021-08-14 20:25:00,514435
Igor Shyndel_174697,Igor Shyndel,2,1,46,37,9,83,2021-08-14 20:25:00,514436
Oleg Savenkov_279450991,Oleg Savenkov,3,1,33,24,9,57,2021-08-14 20:30:00,514437
Svitlana Yureneva_175028,Svitlana Yureneva,1,1,51,40,11,91,2021-08-14 20:30:00,514438
E Makarenkov_127435,E Makarenkov,-2,0,37,44,-7,81,2021-08-14 20:30:00,514439
Andrii Herasymenko_1587992702,Andrii Herasymenko,1,1,50,46,4,96,2021-08-14 20:35:00,514440
Viacheslav Isakov_174659,Viacheslav Isakov,1,1,59,56,3,115,2021-08-14 20:35:00,514441
Dmytro Baistriuchenko_1077731437,Dmytro Baistriuchenko,-2,0,32,45,-13,77,2021-08-14 20:40:00,514442
Valentyn Lutsenko_174684,Valentyn Lutsenko,-3,0,23,33,-10,56,2021-08-14 20:45:00,514443
Oleksandr Semenets_1683637238,Oleksandr Semenets,2,1,47,41,6,88,2021-08-14 20:45:00,514444
A Barbora_28656,A Barbora,1,1,51,49,2,100,2021-08-14 20:47:00,514445
B Grebenyuk_127399,B Grebenyuk,1,1,48,43,5,91,2021-08-14 20:47:00,514446
I Elistratov_127473,I Elistratov,2,1,37,32,5,69,2021-08-14 20:47:00,514447
Oleksandr Kalynevych_174635,Oleksandr Kalynevych,-1,0,32,46,-14,78,2021-08-14 20:50:00,514448
Denys Shcherbak_1439735937,Denys Shcherbak,-3,0,24,34,-10,58,2021-08-14 20:50:00,514449
Liudmyla Kudriei_175030,Liudmyla Kudriei,1,1,51,38,13,89,2021-08-14 20:50:00,514450
Ilya Parnyvoda_174710,Ilya Parnyvoda,3,1,33,25,8,58,2021-08-14 20:50:00,514451
Viktor Kotov_991292487,Viktor Kotov,-1,0,37,41,-4,78,2021-08-14 20:55:00,514452
Filip Strejc_175027,Filip Strejc,-3,0,35,41,-6,76,2021-08-14 20:55:00,514453
Oleksandr Mishchenko_174698,Oleksandr Mishchenko,2,1,45,38,7,83,2021-08-14 20:55:00,514454
David Ako_174767,David Ako,-3,0,27,34,-7,61,2021-08-14 21:00:00,514455
Veronika Gud_175029,Veronika Gud,2,1,44,34,10,78,2021-08-14 21:00:00,514456
I Mihaylov_127436,I Mihaylov,-3,0,28,37,-9,65,2021-08-14 21:00:00,514457
Serhiy Tkachuk_1295717058,Serhiy Tkachuk,2,1,43,36,7,79,2021-08-14 21:00:00,514458
Ihor Syniavskyi_1390487692,Ihor Syniavskyi,-1,0,44,51,-7,95,2021-08-14 21:05:00,514459
Oleksandr Lykhytskyi_174660,Oleksandr Lykhytskyi,-2,0,34,40,-6,74,2021-08-14 21:05:00,514460
Anton Veliiev_2031341026,Anton Veliiev,2,1,45,41,4,86,2021-08-14 21:10:00,514461
Dmitriy Lebed_1539637107,Dmitriy Lebed,-2,0,28,43,-15,71,2021-08-14 21:15:00,514462
Yehor Derun_174685,Yehor Derun,-1,0,45,49,-4,94,2021-08-14 21:15:00,514463
A Klavdenkov_127400,A Klavdenkov,3,1,33,19,14,52,2021-08-14 21:15:00,514464
K Puzankov_127474,K Puzankov,2,1,41,35,6,76,2021-08-14 21:19:00,514465
Dina Tishchenko_175031,Dina Tishchenko,2,1,42,33,9,75,2021-08-14 21:20:00,514466
Dmytro Baistriuchenko_534869079,Dmytro Baistriuchenko,1,1,44,47,-3,91,2021-08-14 21:20:00,514467
Vitalii Vietrov_174711,Vitalii Vietrov,1,1,46,41,5,87,2021-08-14 21:20:00,514468
Oleh Sapuzhak_174636,Oleh Sapuzhak,3,1,33,17,16,50,2021-08-14 21:20:00,514469
M-n Regner_28615,M-n Regner,-3,0,28,36,-8,64,2021-08-14 21:22:00,514470
Vladyslav Kaluhin_82787596,Vladyslav Kaluhin,3,1,36,28,8,64,2021-08-14 21:25:00,514471
Serhii Tkachev_174699,Serhii Tkachev,-3,0,20,33,-13,53,2021-08-14 21:25:00,514472
E Makarenkov_127437,E Makarenkov,-1,0,43,47,-4,90,2021-08-14 21:30:00,514473
Dmytro Mischenko_1969553055,Dmytro Mischenko,1,1,54,45,9,99,2021-08-14 21:30:00,514474
David Brichacek_174768,David Brichacek,1,1,49,44,5,93,2021-08-14 21:30:00,514475
Ruslan Solomko_174661,Ruslan Solomko,-1,0,43,49,-6,92,2021-08-14 21:35:00,514476
Andrii Khvysiuk_1002069812,Andrii Khvysiuk,-2,0,33,43,-10,76,2021-08-14 21:35:00,514477
Ihor Syniavskyi_241601847,Ihor Syniavskyi,-1,0,41,47,-6,88,2021-08-14 21:40:00,514478
J Svec_28616,J Svec,-3,0,23,34,-11,57,2021-08-14 21:42:00,514479
Andrii Herasymenko_899187511,Andrii Herasymenko,1,1,49,46,3,95,2021-08-14 21:45:00,514480
Fedir Balbas_174686,Fedir Balbas,-2,0,35,42,-7,77,2021-08-14 21:45:00,514481
B Grebenyuk_127401,B Grebenyuk,-2,0,36,42,-6,78,2021-08-14 21:46:00,514482
I Elistratov_127475,I Elistratov,3,1,33,22,11,55,2021-08-14 21:48:00,514483
Viktor Yevtodii_174712,Viktor Yevtodii,3,1,36,29,7,65,2021-08-14 21:50:00,514484
Andriy Zaitsev_630702415,Andriy Zaitsev,-2,0,37,48,-11,85,2021-08-14 21:50:00,514485
Igor Shyndel_174700,Igor Shyndel,2,1,40,34,6,74,2021-08-14 21:55:00,514486
Dmytro Baistriuchenko_1907335748,Dmytro Baistriuchenko,2,1,41,27,14,68,2021-08-14 21:55:00,514487
David Brichacek_174769,David Brichacek,1,1,57,51,6,108,2021-08-14 22:00:00,514488
Denys Shcherbak_1528662418,Denys Shcherbak,-2,0,26,37,-11,63,2021-08-14 22:00:00,514489
Viktor Kotov_991371786,Viktor Kotov,-1,0,42,46,-4,88,2021-08-14 22:05:00,514490
Oleksandr Lykhytskyi_174662,Oleksandr Lykhytskyi,-2,0,36,42,-6,78,2021-08-14 22:05:00,514491
V Chernov_127438,V Chernov,2,1,42,29,13,71,2021-08-14 22:08:00,514492
M Kolar_28617,M Kolar,3,1,33,13,20,46,2021-08-14 22:10:00,514493
Andrii Khvysiuk_1259842362,Andrii Khvysiuk,-3,0,17,33,-16,50,2021-08-14 22:10:00,514494
I Soldatov_127402,I Soldatov,2,1,43,38,5,81,2021-08-14 22:15:00,514495
Yehor Derun_174687,Yehor Derun,-3,0,14,33,-19,47,2021-08-14 22:15:00,514496
Yurii Parahailo_1079891959,Yurii Parahailo,-3,0,16,33,-17,49,2021-08-14 22:15:00,514497
A Silantev_127476,A Silantev,1,1,47,50,-3,97,2021-08-14 22:18:00,514498
Oleksandr Budnikov_174713,Oleksandr Budnikov,3,1,35,29,6,64,2021-08-14 22:20:00,514499
Anton Veliiev_1000090026,Anton Veliiev,-3,0,24,33,-9,57,2021-08-14 22:20:00,514500
Andrei Huchok_174638,Andrei Huchok,1,1,48,38,10,86,2021-08-14 22:20:00,514501
Dmytro Shukin_715700598,Dmytro Shukin,-1,0,39,48,-9,87,2021-08-14 22:25:00,514502
Pavlo Babenko_174701,Pavlo Babenko,-2,0,28,36,-8,64,2021-08-14 22:25:00,514503
M Smrcek_28618,M Smrcek,2,1,39,35,4,74,2021-08-14 22:30:00,514504
David Ako_174770,David Ako,2,1,41,23,18,64,2021-08-14 22:30:00,514505
Serhii Chelpanov_174663,Serhii Chelpanov,3,1,33,6,27,39,2021-08-14 22:35:00,514506
E Makarenkov_127631,E Makarenkov,-2,0,28,42,-14,70,2021-08-14 22:35:00,514507
Oleg Gavryluk_101598042,Oleg Gavryluk,-2,0,30,39,-9,69,2021-08-14 22:45:00,514508
Sviatoslav Sachuk_174688,Sviatoslav Sachuk,2,1,37,36,1,73,2021-08-14 22:45:00,514509
B Grebenyuk_127633,B Grebenyuk,-2,0,37,41,-4,78,2021-08-14 22:46:00,514510
Ilya Parnyvoda_174714,Ilya Parnyvoda,2,1,43,39,4,82,2021-08-14 22:50:00,514511
V Melnikov_127635,V Melnikov,3,1,33,21,12,54,2021-08-14 22:52:00,514512
Igor Shyndel_174702,Igor Shyndel,-2,0,32,45,-13,77,2021-08-14 22:55:00,514513
Olga Melnyk_2011907341,Olga Melnyk,2,1,44,41,3,85,2021-08-14 23:00:00,514514
M Kolar_28619,M Kolar,2,1,42,32,10,74,2021-08-14 23:00:00,514515
Daniel Skopec_174771,Daniel Skopec,-2,0,33,42,-9,75,2021-08-14 23:00:00,514516
I Mihaylov_127632,I Mihaylov,-2,0,35,38,-3,73,2021-08-14 23:00:00,514517
I Soldatov_127634,I Soldatov,-2,0,35,43,-8,78,2021-08-14 23:15:00,514518
A Silantev_127636,A Silantev,-2,0,31,39,-8,70,2021-08-14 23:16:00,514519
Viktor Yevtodii_174715,Viktor Yevtodii,2,1,38,26,12,64,2021-08-14 23:20:00,514520
Oleksandr Kovalchuk_174703,Oleksandr Kovalchuk,3,1,36,27,9,63,2021-08-14 23:25:00,514521
David Ako_174772,David Ako,-2,0,28,37,-9,65,2021-08-14 23:30:00,514522
Veronika Andriushchenko_450936262,Veronika Andriushchenko,2,1,49,42,7,91,2021-08-14 23:30:00,514523
J Svec_28620,J Svec,1,1,59,52,7,111,2021-08-14 23:31:00,514524
R Pavlenko_127441,R Pavlenko,2,1,46,38,8,84,2021-08-14 23:32:00,514525
Pavlo Chyzh_1716592596,Pavlo Chyzh,-3,0,22,33,-11,55,2021-08-14 23:45:00,514526
A Ilin_127403,A Ilin,1,1,54,43,11,97,2021-08-14 23:47:00,514527
D Sayanov_127477,D Sayanov,1,1,48,42,6,90,2021-08-14 23:49:00,514528
Oleksandr Alieksieev_174716,Oleksandr Alieksieev,2,1,39,34,5,73,2021-08-14 23:50:00,514529
Olga Melnyk_877095821,Olga Melnyk,-2,0,35,41,-6,76,2021-08-15 00:00:00,514530
S Ogai_127442,S Ogai,-2,0,41,45,-4,86,2021-08-15 00:01:00,514531
Daniel Skopec_175032,Daniel Skopec,-3,0,14,33,-19,47,2021-08-15 00:05:00,514532
Mykola Polysynskyi_174719,Mykola Polysynskyi,2,1,40,33,7,73,2021-08-15 00:05:00,514533
M-n Regner_28657,M-n Regner,3,1,33,17,16,50,2021-08-15 00:13:00,514534
Roman Oliynyk_1658845701,Roman Oliynyk,3,1,33,19,14,52,2021-08-15 00:15:00,514535
A Serebrennikov_127478,A Serebrennikov,3,1,33,20,13,53,2021-08-15 00:18:00,514536
Viktor Yevtodii_174717,Viktor Yevtodii,-3,0,17,33,-16,50,2021-08-15 00:20:00,514537
Oleksandr Liushnia_174734,Oleksandr Liushnia,1,1,49,48,1,97,2021-08-15 00:25:00,514538
N Sadovskiy_127404,N Sadovskiy,3,1,33,21,12,54,2021-08-15 00:25:00,514539
Veronika Andriushchenko_1897390728,Veronika Andriushchenko,-1,0,40,46,-6,86,2021-08-15 00:30:00,514540
E Ilyukhin_127443,E Ilyukhin,-3,0,22,33,-11,55,2021-08-15 00:31:00,514541
M Smrcek_28658,M Smrcek,-1,0,34,50,-16,84,2021-08-15 00:33:00,514542
Jan Herink_175033,Jan Herink,2,1,38,31,7,69,2021-08-15 00:35:00,514543
Artem Lisechko_174720,Artem Lisechko,-2,0,26,43,-17,69,2021-08-15 00:35:00,514544
A Aslanyan_127479,A Aslanyan,-2,0,37,45,-8,82,2021-08-15 00:45:00,514545
Pavlo Chyzh_765617560,Pavlo Chyzh,-3,0,20,33,-13,53,2021-08-15 00:45:00,514546
D Balakin_127405,D Balakin,-2,0,27,42,-15,69,2021-08-15 00:48:00,514547
Vitalii Vietrov_174718,Vitalii Vietrov,2,1,35,36,-1,71,2021-08-15 00:50:00,514548
Oleksandr Lysenko_174735,Oleksandr Lysenko,-2,0,35,42,-7,77,2021-08-15 00:55:00,514549
Olga Melnyk_496662736,Olga Melnyk,-1,0,42,48,-6,90,2021-08-15 01:00:00,514550
D Evlahin_127444,D Evlahin,-3,0,18,33,-15,51,2021-08-15 01:01:00,514551
Dmitriy Pereyaslovskyi_174721,Dmitriy Pereyaslovskyi,-1,0,41,50,-9,91,2021-08-15 01:05:00,514552
Iurii Prokhoruk_2008022170,Iurii Prokhoruk,3,1,33,16,17,49,2021-08-15 01:15:00,514553
I Afanasev_127480,I Afanasev,-3,0,22,33,-11,55,2021-08-15 01:18:00,514554
A Vlasov_127406,A Vlasov,-2,0,38,39,-1,77,2021-08-15 01:21:00,514555
Oleksandr Kovalchuk_174736,Oleksandr Kovalchuk,3,1,33,20,13,53,2021-08-15 01:25:00,514556
S Ogai_127445,S Ogai,-3,0,25,34,-9,59,2021-08-15 01:29:00,514557
Halyna Telna_1133785503,Halyna Telna,3,1,37,26,11,63,2021-08-15 01:30:00,514558
Artem Lisechko_174722,Artem Lisechko,3,1,33,18,15,51,2021-08-15 01:35:00,514559
Roman Oliynyk_1997034111,Roman Oliynyk,-1,0,43,50,-7,93,2021-08-15 01:45:00,514560
N Sadovskiy_127407,N Sadovskiy,1,1,50,46,4,96,2021-08-15 01:46:00,514561
A Serebrennikov_127481,A Serebrennikov,2,1,40,31,9,71,2021-08-15 01:46:00,514562
Oleksandr Lysenko_174737,Oleksandr Lysenko,-2,0,34,42,-8,76,2021-08-15 01:55:00,514563
Veronika Andriushchenko_1756736899,Veronika Andriushchenko,-3,0,18,33,-15,51,2021-08-15 02:00:00,514564
D Evlahin_127446,D Evlahin,-3,0,16,33,-17,49,2021-08-15 02:00:00,514565
Mykola Polysynskyi_174723,Mykola Polysynskyi,2,1,42,31,11,73,2021-08-15 02:05:00,514566
Pavlo Chyzh_872010627,Pavlo Chyzh,1,1,52,40,12,92,2021-08-15 02:15:00,514567
I Afanasev_127482,I Afanasev,-2,0,32,41,-9,73,2021-08-15 02:15:00,514568
A Vlasov_127408,A Vlasov,-2,0,32,42,-10,74,2021-08-15 02:23:00,514569
Oleksandr Liushnia_174738,Oleksandr Liushnia,-2,0,34,37,-3,71,2021-08-15 02:25:00,514570
Va Ivanov_127447,Va Ivanov,1,1,46,32,14,78,2021-08-15 02:29:00,514571
Olga Melnyk_496839152,Olga Melnyk,-2,0,24,39,-15,63,2021-08-15 02:30:00,514572
Yevhenii Sokoltsov_174724,Yevhenii Sokoltsov,-3,0,24,33,-9,57,2021-08-15 02:35:00,514573
Iurii Prokhoruk_1224434036,Iurii Prokhoruk,1,1,44,39,5,83,2021-08-15 02:45:00,514574
A Fedosov_127483,A Fedosov,3,1,34,21,13,55,2021-08-15 02:46:00,514575
Yu Lbov_127409,Yu Lbov,1,1,52,49,3,101,2021-08-15 02:51:00,514576
Serhii Bondarenko_174739,Serhii Bondarenko,-3,0,25,34,-9,59,2021-08-15 02:55:00,514577
Veronika Andriushchenko_1897353704,Veronika Andriushchenko,2,1,39,27,12,66,2021-08-15 03:00:00,514578
E Ilyukhin_127448,E Ilyukhin,-2,0,28,40,-12,68,2021-08-15 03:01:00,514579
Dmitriy Pereyaslovskyi_174725,Dmitriy Pereyaslovskyi,3,1,33,22,11,55,2021-08-15 03:05:00,514580
Roman Oliynyk_1859476206,Roman Oliynyk,-1,0,43,44,-1,87,2021-08-15 03:15:00,514581
A Aslanyan_127484,A Aslanyan,1,1,51,40,11,91,2021-08-15 03:16:00,514582
Oleksandr Kovalchuk_174740,Oleksandr Kovalchuk,3,1,33,20,13,53,2021-08-15 03:25:00,514583
D Balakin_127410,D Balakin,1,1,51,37,14,88,2021-08-15 03:26:00,514584
Olga Melnyk_877128621,Olga Melnyk,1,1,47,44,3,91,2021-08-15 03:30:00,514585
R Pavlenko_127449,R Pavlenko,2,1,40,30,10,70,2021-08-15 03:31:00,514586
Artem Lisechko_174726,Artem Lisechko,-2,0,39,47,-8,86,2021-08-15 03:35:00,514587
Oleh Mulyk_720047433,Oleh Mulyk,-2,0,35,43,-8,78,2021-08-15 03:45:00,514588
D Sayanov_127485,D Sayanov,-1,0,49,48,1,97,2021-08-15 03:46:00,514589
Oleksandr Lysenko_174741,Oleksandr Lysenko,-2,0,31,41,-10,72,2021-08-15 03:55:00,514590
A Ilin_127411,A Ilin,2,1,41,39,2,80,2021-08-15 04:00:00,514591
Veronika Andriushchenko_1532874475,Veronika Andriushchenko,3,1,33,16,17,49,2021-08-15 04:00:00,514592
Va Ivanov_127450,Va Ivanov,2,1,48,41,7,89,2021-08-15 04:02:00,514593
Mykola Polysynskyi_174727,Mykola Polysynskyi,2,1,38,29,9,67,2021-08-15 04:05:00,514594
A Fedosov_127486,A Fedosov,1,1,47,43,4,90,2021-08-15 04:15:00,514595
Pavlo Chyzh_2008544781,Pavlo Chyzh,2,1,41,31,10,72,2021-08-15 04:15:00,514596
Oleksandr Liushnia_174742,Oleksandr Liushnia,2,1,38,34,4,72,2021-08-15 04:25:00,514597
Halyna Telna_1197679088,Halyna Telna,-3,0,25,35,-10,60,2021-08-15 04:30:00,514598
Yu Lbov_127412,Yu Lbov,2,1,42,30,12,72,2021-08-15 04:33:00,514599
Yevhenii Sokoltsov_174728,Yevhenii Sokoltsov,-2,0,37,38,-1,75,2021-08-15 04:35:00,514600
E Ilyukhin_127637,E Ilyukhin,1,1,52,48,4,100,2021-08-15 04:38:00,514601
Pavlo Chyzh_390223772,Pavlo Chyzh,3,1,34,19,15,53,2021-08-15 04:45:00,514602
A Aslanyan_127639,A Aslanyan,-2,0,32,43,-11,75,2021-08-15 04:48:00,514603
Serhii Bondarenko_174743,Serhii Bondarenko,-2,0,42,46,-4,88,2021-08-15 04:55:00,514604
D Balakin_127641,D Balakin,1,1,46,42,4,88,2021-08-15 05:05:00,514605
Dmitriy Pereyaslovskyi_174729,Dmitriy Pereyaslovskyi,-2,0,33,39,-6,72,2021-08-15 05:05:00,514606
Va Ivanov_127638,Va Ivanov,2,1,42,27,15,69,2021-08-15 05:10:00,514607
D Sayanov_127640,D Sayanov,-3,0,20,34,-14,54,2021-08-15 05:15:00,514608
Iurii Prokhoruk_1224116182,Iurii Prokhoruk,-2,0,39,45,-6,84,2021-08-15 05:15:00,514609
Oleksandr Kovalchuk_174744,Oleksandr Kovalchuk,-2,0,32,41,-9,73,2021-08-15 05:25:00,514610
Yu Lbov_127642,Yu Lbov,-2,0,32,42,-10,74,2021-08-15 05:31:00,514611
Mykola Polysynskyi_174730,Mykola Polysynskyi,-1,0,34,40,-6,74,2021-08-15 05:35:00,514612
Oleksandr Liushnia_174745,Oleksandr Liushnia,3,1,33,17,16,50,2021-08-15 05:55:00,514613
Pavlo Volkov_174731,Pavlo Volkov,-3,0,25,34,-9,59,2021-08-15 06:05:00,514614
Dmytro Rehotun_174746,Dmytro Rehotun,3,1,33,14,19,47,2021-08-15 06:25:00,514615
Mykola Polysynskyi_174732,Mykola Polysynskyi,-2,0,33,44,-11,77,2021-08-15 06:35:00,514616
Oleksandr Liushnia_174747,Oleksandr Liushnia,-3,0,20,33,-13,53,2021-08-15 06:55:00,514617
Artem Lisechko_174733,Artem Lisechko,1,1,49,38,11,87,2021-08-15 07:05:00,514618
Oleksandr Lysenko_174748,Oleksandr Lysenko,-1,0,43,43,0,86,2021-08-15 07:25:00,514619
O Belugin_127557,O Belugin,1,1,43,42,1,85,2021-08-15 07:30:00,514620
A Trushkin_127591,A Trushkin,2,1,42,34,8,76,2021-08-15 07:45:00,514621
V Selkin_127517,V Selkin,-1,0,44,51,-7,95,2021-08-15 07:46:00,514622
Roman Cherevko_1549504176,Roman Cherevko,1,1,46,46,0,92,2021-08-15 07:50:00,514623
Andrei Huchok_175011,Andrei Huchok,3,1,34,17,17,51,2021-08-15 07:50:00,514624
Kyrylo Yehorov_220863111,Kyrylo Yehorov,3,1,36,20,16,56,2021-08-15 07:55:00,514625
S Ovechkin_127558,S Ovechkin,-3,0,18,33,-15,51,2021-08-15 08:00:00,514626
Hanna Fuks_174812,Hanna Fuks,3,1,34,25,9,59,2021-08-15 08:00:00,514627
Vitalii Sydorenko_174822,Vitalii Sydorenko,1,1,46,44,2,90,2021-08-15 08:05:00,514628
Anastasia Holiak_174837,Anastasia Holiak,-3,0,18,33,-15,51,2021-08-15 08:10:00,514629
Sviatoslav Sachuk_174847,Sviatoslav Sachuk,-3,0,25,33,-8,58,2021-08-15 08:15:00,514630
A Golyshev_127592,A Golyshev,2,1,44,37,7,81,2021-08-15 08:17:00,514631
V Sinkovskiy_127518,V Sinkovskiy,-2,0,32,41,-9,73,2021-08-15 08:18:00,514632
Oleksandr Kalynevych_175012,Oleksandr Kalynevych,-1,0,44,47,-3,91,2021-08-15 08:20:00,514633
Oleksii Krutko_1585353861,Oleksii Krutko,-2,0,34,42,-8,76,2021-08-15 08:25:00,514634
Svitlana Yureneva_174813,Svitlana Yureneva,1,1,51,34,17,85,2021-08-15 08:30:00,514635
M Chernyavskiy_127559,M Chernyavskiy,3,1,33,21,12,54,2021-08-15 08:30:00,514636
Andriy Zaitsev_1405842265,Andriy Zaitsev,1,1,46,47,-1,93,2021-08-15 08:30:00,514637
Yevhen Samofal_174823,Yevhen Samofal,-1,0,43,42,1,85,2021-08-15 08:35:00,514638
Viktor Yefimov_1703199879,Viktor Yefimov,-2,0,31,39,-8,70,2021-08-15 08:35:00,514639
Viktoria Overchuk_1140298346,Viktoria Overchuk,1,1,49,51,-2,100,2021-08-15 08:40:00,514640
Polina Nerush_174838,Polina Nerush,1,1,51,46,5,97,2021-08-15 08:40:00,514641
Valerii Baklykov_282109423,Valerii Baklykov,1,1,50,42,8,92,2021-08-15 08:45:00,514642
Fedir Balbas_174848,Fedir Balbas,2,1,44,37,7,81,2021-08-15 08:45:00,514643
S Homutov_127593,S Homutov,-2,0,33,43,-10,76,2021-08-15 08:45:00,514644
V Vologzhanin_127519,V Vologzhanin,-2,0,40,45,-5,85,2021-08-15 08:46:00,514645
Serhii Hot_175013,Serhii Hot,-3,0,16,33,-17,49,2021-08-15 08:50:00,514646
Viktor Yevtodii_174857,Viktor Yevtodii,-3,0,32,38,-6,70,2021-08-15 08:50:00,514647
Oleksii Tkachuk_239967708,Oleksii Tkachuk,-3,0,17,33,-16,50,2021-08-15 08:50:00,514648
Yevhen Masko_1936337291,Yevhen Masko,-2,0,30,42,-12,72,2021-08-15 08:55:00,514649
Ruslan Solomko_174872,Ruslan Solomko,2,1,48,37,11,85,2021-08-15 08:55:00,514650
Serhii Tsybulin_215057952,Serhii Tsybulin,2,1,43,34,9,77,2021-08-15 09:00:00,514651
Hanna Fuks_174814,Hanna Fuks,-2,0,22,42,-20,64,2021-08-15 09:00:00,514652
A Vorozheykin_127560,A Vorozheykin,3,1,36,25,11,61,2021-08-15 09:00:00,514653
Jakub Nemecek_174987,Jakub Nemecek,-2,0,36,44,-8,80,2021-08-15 09:00:00,514654
Ji Louda_28629,Ji Louda,-3,0,17,33,-16,50,2021-08-15 09:04:00,514655
Oleksandr Semenets_661028123,Oleksandr Semenets,-1,0,32,48,-16,80,2021-08-15 09:05:00,514656
Ruslan Tolstykh_174824,Ruslan Tolstykh,3,1,33,18,15,51,2021-08-15 09:05:00,514657
Anastasia Holiak_174839,Anastasia Holiak,-2,0,38,41,-3,79,2021-08-15 09:10:00,514658
Oleksandr Didukh_1023442630,Oleksandr Didukh,1,1,42,45,-3,87,2021-08-15 09:10:00,514659
Natalia Ivanova_653426744,Natalia Ivanova,-1,0,47,45,2,92,2021-08-15 09:15:00,514660
Sviatoslav Sachuk_174849,Sviatoslav Sachuk,2,1,44,30,14,74,2021-08-15 09:15:00,514661
K Olshakov_127594,K Olshakov,1,1,47,47,0,94,2021-08-15 09:17:00,514662
V Staroverov_127520,V Staroverov,2,1,38,37,1,75,2021-08-15 09:18:00,514663
Oleksandr Budnikov_174858,Oleksandr Budnikov,2,1,41,37,4,78,2021-08-15 09:20:00,514664
Oleksandr Kalynevych_175014,Oleksandr Kalynevych,-2,0,32,38,-6,70,2021-08-15 09:20:00,514665
Igor Bivinis_904319082,Igor Bivinis,2,1,46,34,12,80,2021-08-15 09:20:00,514666
Yaroslav Vorsuliak_2100366515,Yaroslav Vorsuliak,-2,0,27,37,-10,64,2021-08-15 09:25:00,514667
Oleksandr Lykhytskyi_174873,Oleksandr Lykhytskyi,1,1,55,49,6,104,2021-08-15 09:25:00,514668
Oleksandra Tsiupko_174815,Oleksandra Tsiupko,-1,0,40,51,-11,91,2021-08-15 09:30:00,514669
Dmytro Dubrovin_1976024943,Dmytro Dubrovin,-3,0,21,34,-13,55,2021-08-15 09:30:00,514670
Jo Kutifel_28632,Jo Kutifel,3,1,33,13,20,46,2021-08-15 09:30:00,514671
Jan Zajicek_174988,Jan Zajicek,2,1,41,26,15,67,2021-08-15 09:30:00,514672
M Chernyavskiy_127561,M Chernyavskiy,2,1,41,35,6,76,2021-08-15 09:30:00,514673
Yevhen Samofal_174825,Yevhen Samofal,3,1,33,22,11,55,2021-08-15 09:35:00,514674
Oleksii Krutko_780916223,Oleksii Krutko,1,1,52,41,11,93,2021-08-15 09:35:00,514675
Liudmyla Kudriei_174840,Liudmyla Kudriei,-2,0,32,42,-10,74,2021-08-15 09:40:00,514676
Andriy Zaitsev_69316242,Andriy Zaitsev,1,1,50,45,5,95,2021-08-15 09:40:00,514677
Viktor Yefimov_1302350797,Viktor Yefimov,3,1,33,22,11,55,2021-08-15 09:45:00,514678
Valentyn Lutsenko_174850,Valentyn Lutsenko,-2,0,30,41,-11,71,2021-08-15 09:45:00,514679
V Vologzhanin_127521,V Vologzhanin,-2,0,33,46,-13,79,2021-08-15 09:46:00,514680
S Homutov_127595,S Homutov,2,1,37,30,7,67,2021-08-15 09:47:00,514681
Vitalii Vietrov_174859,Vitalii Vietrov,-1,0,42,48,-6,90,2021-08-15 09:50:00,514682
Andrei Huchok_175015,Andrei Huchok,1,1,49,48,1,97,2021-08-15 09:50:00,514683
Viktoria Overchuk_628626866,Viktoria Overchuk,1,1,49,45,4,94,2021-08-15 09:50:00,514684
Valerii Baklykov_344739694,Valerii Baklykov,2,1,42,34,8,76,2021-08-15 09:55:00,514685
Roman Hnoievoi_174874,Roman Hnoievoi,1,1,45,49,-4,94,2021-08-15 09:55:00,514686
Svitlana Yureneva_174816,Svitlana Yureneva,-3,0,23,34,-11,57,2021-08-15 10:00:00,514687
Jan Zajicek_174989,Jan Zajicek,1,1,43,40,3,83,2021-08-15 10:00:00,514688
S Ovechkin_127562,S Ovechkin,1,1,45,49,-4,94,2021-08-15 10:00:00,514689
Oleksii Tkachuk_1204510835,Oleksii Tkachuk,-1,0,47,50,-3,97,2021-08-15 10:00:00,514690
Oliver Korp_28630,Oliver Korp,-1,0,46,45,1,91,2021-08-15 10:00:00,514691
Valentyn Korovychenko_1949071243,Valentyn Korovychenko,-2,0,22,42,-20,64,2021-08-15 10:05:00,514692
Vitalii Sydorenko_174826,Vitalii Sydorenko,-2,0,31,39,-8,70,2021-08-15 10:05:00,514693
Roman Cherevko_2124628370,Roman Cherevko,-1,0,52,57,-5,109,2021-08-15 10:10:00,514694
Polina Nerush_174841,Polina Nerush,1,1,44,43,1,87,2021-08-15 10:10:00,514695
V Sinkovskiy_127522,V Sinkovskiy,-2,0,37,44,-7,81,2021-08-15 10:15:00,514696
Kyrylo Yehorov_943451473,Kyrylo Yehorov,1,1,51,47,4,98,2021-08-15 10:15:00,514697
Fedir Balbas_174851,Fedir Balbas,2,1,43,31,12,74,2021-08-15 10:15:00,514698
A Golyshev_127596,A Golyshev,3,1,37,29,8,66,2021-08-15 10:16:00,514699
Anton Limonov_376756296,Anton Limonov,1,1,39,39,0,78,2021-08-15 10:20:00,514700
Oleksandr Budnikov_174860,Oleksandr Budnikov,2,1,45,40,5,85,2021-08-15 10:20:00,514701
Anatolii Dulich_175016,Anatolii Dulich,-2,0,36,42,-6,78,2021-08-15 10:20:00,514702
Oleksandr Lykhytskyi_174875,Oleksandr Lykhytskyi,2,1,39,33,6,72,2021-08-15 10:25:00,514703
Natalia Ivanova_91820193,Natalia Ivanova,3,1,33,24,9,57,2021-08-15 10:25:00,514704
Jakub Nemecek_174990,Jakub Nemecek,-1,0,39,44,-5,83,2021-08-15 10:30:00,514705
Yurii Novokhatskyi_1173820548,Yurii Novokhatskyi,2,1,41,26,15,67,2021-08-15 10:30:00,514706
Hanna Fuks_174817,Hanna Fuks,3,1,33,15,18,48,2021-08-15 10:30:00,514707
T Postelt_28631,T Postelt,3,1,33,16,17,49,2021-08-15 10:31:00,514708
Yevhenii Faflei_2016246972,Yevhenii Faflei,-2,0,41,46,-5,87,2021-08-15 10:35:00,514709
Ihor Sobko_174827,Ihor Sobko,1,1,46,48,-2,94,2021-08-15 10:35:00,514710
S Ovechkin_127643,S Ovechkin,-1,0,48,53,-5,101,2021-08-15 10:37:00,514711
Anastasia Holiak_174842,Anastasia Holiak,2,1,44,40,4,84,2021-08-15 10:40:00,514712
Dmytro Dubrovin_526281537,Dmytro Dubrovin,-3,0,23,34,-11,57,2021-08-15 10:40:00,514713
Sviatoslav Sachuk_174852,Sviatoslav Sachuk,-2,0,27,41,-14,68,2021-08-15 10:45:00,514714
Serhii Boiko_1739971173,Serhii Boiko,2,1,47,37,10,84,2021-08-15 10:45:00,514715
K Olshakov_127645,K Olshakov,-3,0,27,34,-7,61,2021-08-15 10:48:00,514716
V Sinkovskiy_127647,V Sinkovskiy,-3,0,24,35,-11,59,2021-08-15 10:49:00,514717
Viktor Yevtodii_174861,Viktor Yevtodii,2,1,39,33,6,72,2021-08-15 10:50:00,514718
Dmytro Kryshtal_28675000,Dmytro Kryshtal,1,1,44,42,2,86,2021-08-15 10:50:00,514719
Serhii Hot_175017,Serhii Hot,-3,0,25,34,-9,59,2021-08-15 10:50:00,514720
Ruslan Solomko_174876,Ruslan Solomko,-3,0,24,35,-11,59,2021-08-15 10:55:00,514721
Oleksandr Didukh_1683759279,Oleksandr Didukh,2,1,40,31,9,71,2021-08-15 10:55:00,514722
Oliver Korp_28634,Oliver Korp,1,1,46,42,4,88,2021-08-15 11:00:00,514723
Viktoria Overchuk_1939809750,Viktoria Overchuk,2,1,44,29,15,73,2021-08-15 11:00:00,514724
Svitlana Yureneva_174818,Svitlana Yureneva,-3,0,15,33,-18,48,2021-08-15 11:00:00,514725
Frantisek Camr_174991,Frantisek Camr,-3,0,20,33,-13,53,2021-08-15 11:00:00,514726
Ruslan Tolstykh_174828,Ruslan Tolstykh,-2,0,35,37,-2,72,2021-08-15 11:05:00,514727
Igor Bivinis_1928026852,Igor Bivinis,-1,0,51,50,1,101,2021-08-15 11:05:00,514728
Yaroslav Vorsuliak_1825296307,Yaroslav Vorsuliak,3,1,33,20,13,53,2021-08-15 11:10:00,514729
Polina Nerush_174843,Polina Nerush,2,1,39,38,1,77,2021-08-15 11:10:00,514730
A Vorozheykin_127644,A Vorozheykin,-1,0,45,56,-11,101,2021-08-15 11:12:00,514731
Fedir Balbas_174853,Fedir Balbas,2,1,45,40,5,85,2021-08-15 11:15:00,514732
Yevhen Masko_1613340275,Yevhen Masko,3,1,33,22,11,55,2021-08-15 11:15:00,514733
V Selkin_127648,V Selkin,-1,0,45,54,-9,99,2021-08-15 11:15:00,514734
A Trushkin_127646,A Trushkin,2,1,43,33,10,76,2021-08-15 11:16:00,514735
Oleksandr Kalynevych_175018,Oleksandr Kalynevych,-1,0,41,52,-11,93,2021-08-15 11:20:00,514736
Egor Kovpak_174862,Egor Kovpak,1,1,46,48,-2,94,2021-08-15 11:20:00,514737
Serhii Tsybulin_2074510249,Serhii Tsybulin,-2,0,34,40,-6,74,2021-08-15 11:20:00,514738
Andrii Matiushenko_174877,Andrii Matiushenko,1,1,44,44,0,88,2021-08-15 11:25:00,514739
Oleksandr Semenets_675558046,Oleksandr Semenets,-1,0,48,48,0,96,2021-08-15 11:25:00,514740
T Postelt_28633,T Postelt,1,1,55,46,9,101,2021-08-15 11:30:00,514741
Jakub Nemecek_174992,Jakub Nemecek,-3,0,27,38,-11,65,2021-08-15 11:30:00,514742
Oleksandra Tsiupko_174819,Oleksandra Tsiupko,-3,0,9,33,-24,42,2021-08-15 11:30:00,514743
Viktor Yefimov_557006498,Viktor Yefimov,2,1,43,36,7,79,2021-08-15 11:30:00,514744
Olga Leshchenko_2024531887,Olga Leshchenko,3,1,33,17,16,50,2021-08-15 11:35:00,514745
Yevhen Samofal_174829,Yevhen Samofal,2,1,40,33,7,73,2021-08-15 11:35:00,514746
Valerii Baklykov_953627489,Valerii Baklykov,-3,0,20,33,-13,53,2021-08-15 11:40:00,514747
Liudmyla Kudriei_174844,Liudmyla Kudriei,2,1,46,38,8,84,2021-08-15 11:40:00,514748
E Tyurin_127563,E Tyurin,-2,0,32,46,-14,78,2021-08-15 11:41:00,514749
Valentyn Lutsenko_174854,Valentyn Lutsenko,3,1,33,20,13,53,2021-08-15 11:45:00,514750
Oleksii Tkachuk_116787534,Oleksii Tkachuk,-2,0,35,39,-4,74,2021-08-15 11:45:00,514751
P Medvedev_127523,P Medvedev,1,1,47,40,7,87,2021-08-15 11:46:00,514752
I Lednev_127597,I Lednev,-3,0,11,33,-22,44,2021-08-15 11:47:00,514753
Andrei Huchok_175019,Andrei Huchok,2,1,44,31,13,75,2021-08-15 11:50:00,514754
Vitalii Vietrov_174863,Vitalii Vietrov,3,1,33,20,13,53,2021-08-15 11:50:00,514755
Sergey Filatov_359598307,Sergey Filatov,-3,0,22,33,-11,55,2021-08-15 11:50:00,514756
Oleksii Krutko_183220670,Oleksii Krutko,-1,0,39,46,-7,85,2021-08-15 11:55:00,514757
Roman Hnoievoi_174878,Roman Hnoievoi,-1,0,38,49,-11,87,2021-08-15 11:55:00,514758
Andriy Zaitsev_66990282,Andriy Zaitsev,2,1,41,38,3,79,2021-08-15 12:00:00,514759
Hanna Fuks_174820,Hanna Fuks,-1,0,41,47,-6,88,2021-08-15 12:00:00,514760
Ji Louda_28659,Ji Louda,2,1,42,27,15,69,2021-08-15 12:00:00,514761
Vitalii Sydorenko_174830,Vitalii Sydorenko,-3,0,21,33,-12,54,2021-08-15 12:05:00,514762
Anton Limonov_1618750059,Anton Limonov,3,1,33,16,17,49,2021-08-15 12:05:00,514763
K Bystrushkin_127564,K Bystrushkin,1,1,39,42,-3,81,2021-08-15 12:08:00,514764
Natalia Ivanova_1695494988,Natalia Ivanova,-1,0,48,54,-6,102,2021-08-15 12:10:00,514765
Frantisek Camr_175034,Frantisek Camr,1,1,41,42,-1,83,2021-08-15 12:10:00,514766
Anastasia Holiak_174845,Anastasia Holiak,2,1,47,42,5,89,2021-08-15 12:10:00,514767
Sviatoslav Sachuk_174855,Sviatoslav Sachuk,-2,0,27,43,-16,70,2021-08-15 12:15:00,514768
Yurii Novokhatskyi_215976450,Yurii Novokhatskyi,2,1,43,37,6,80,2021-08-15 12:15:00,514769
A Lobanov_127524,A Lobanov,-2,0,30,43,-13,73,2021-08-15 12:15:00,514770
G Evglevskiy_127598,G Evglevskiy,3,1,33,18,15,51,2021-08-15 12:16:00,514771
Yevhenii Faflei_1663668979,Yevhenii Faflei,2,1,47,40,7,87,2021-08-15 12:20:00,514772
Oleksandr Budnikov_174864,Oleksandr Budnikov,-1,0,54,49,5,103,2021-08-15 12:20:00,514773
Anatolii Dulich_175020,Anatolii Dulich,2,1,39,32,7,71,2021-08-15 12:20:00,514774
Oleksandr Lykhytskyi_174879,Oleksandr Lykhytskyi,-3,0,36,42,-6,78,2021-08-15 12:25:00,514775
Valentyn Korovychenko_2139954833,Valentyn Korovychenko,-3,0,26,34,-8,60,2021-08-15 12:25:00,514776
Roman Cherevko_1788580546,Roman Cherevko,-1,0,47,47,0,94,2021-08-15 12:30:00,514777
Yuliia Ishchenko_174821,Yuliia Ishchenko,-3,0,17,33,-16,50,2021-08-15 12:30:00,514778
Jo Kutifel_28660,Jo Kutifel,2,1,45,39,6,84,2021-08-15 12:31:00,514779
Ihor Sobko_174831,Ihor Sobko,-3,0,21,33,-12,54,2021-08-15 12:35:00,514780
Kyrylo Yehorov_1714573172,Kyrylo Yehorov,-1,0,44,46,-2,90,2021-08-15 12:35:00,514781
A Kuznetsov_127565,A Kuznetsov,3,1,33,15,18,48,2021-08-15 12:39:00,514782
Oleksandr Didukh_919198187,Oleksandr Didukh,-3,0,25,33,-8,58,2021-08-15 12:40:00,514783
Tomas Vorisek_175035,Tomas Vorisek,2,1,40,34,6,74,2021-08-15 12:40:00,514784
Dina Tishchenko_174846,Dina Tishchenko,-2,0,33,37,-4,70,2021-08-15 12:40:00,514785
Viktoria Overchuk_501872802,Viktoria Overchuk,-1,0,47,46,1,93,2021-08-15 12:45:00,514786
V Putilovsky_127525,V Putilovsky,2,1,44,35,9,79,2021-08-15 12:45:00,514787
I Nirkov_127599,I Nirkov,1,1,46,48,-2,94,2021-08-15 12:45:00,514788
Yehor Derun_174856,Yehor Derun,-2,0,24,40,-16,64,2021-08-15 12:45:00,514789
Igor Bivinis_1125490136,Igor Bivinis,2,1,43,31,12,74,2021-08-15 12:50:00,514790
Serhii Hot_175021,Serhii Hot,-1,0,35,51,-16,86,2021-08-15 12:50:00,514791
Viktor Yevtodii_174865,Viktor Yevtodii,-2,0,32,40,-8,72,2021-08-15 12:50:00,514792
Ruslan Solomko_174880,Ruslan Solomko,-1,0,52,51,1,103,2021-08-15 12:55:00,514793
Yaroslav Vorsuliak_1712697628,Yaroslav Vorsuliak,3,1,38,30,8,68,2021-08-15 12:55:00,514794
Ludek Stoces_175005,Ludek Stoces,1,1,50,45,5,95,2021-08-15 13:00:00,514795
Yuliia Ishchenko_175036,Yuliia Ishchenko,3,1,33,17,16,50,2021-08-15 13:00:00,514796
Dmytro Dubrovin_618956562,Dmytro Dubrovin,-3,0,7,33,-26,40,2021-08-15 13:00:00,514797
A Suntsov_127566,A Suntsov,2,1,48,38,10,86,2021-08-15 13:01:00,514798
Serhii Boiko_376607998,Serhii Boiko,-2,0,30,40,-10,70,2021-08-15 13:05:00,514799
Ruslan Tolstykh_174832,Ruslan Tolstykh,3,1,35,28,7,63,2021-08-15 13:05:00,514800
Dmytro Kryshtal_460043096,Dmytro Kryshtal,2,1,45,26,19,71,2021-08-15 13:10:00,514801
Valentyn Lutsenko_175038,Valentyn Lutsenko,2,1,43,36,7,79,2021-08-15 13:15:00,514802
A Tretyakov_127526,A Tretyakov,1,1,56,51,5,107,2021-08-15 13:15:00,514803
Yevhen Pryshchepa_850550025,Yevhen Pryshchepa,3,1,40,32,8,72,2021-08-15 13:15:00,514804
I Matveyev_127600,I Matveyev,-3,0,16,33,-17,49,2021-08-15 13:18:00,514805
Dina Tishchenko_175040,Dina Tishchenko,-2,0,32,45,-13,77,2021-08-15 13:20:00,514806
Andrei Huchok_175022,Andrei Huchok,2,1,44,36,8,80,2021-08-15 13:20:00,514807
Egor Kovpak_174866,Egor Kovpak,-1,0,52,54,-2,106,2021-08-15 13:20:00,514808
Natalia Ivanova_431745199,Natalia Ivanova,3,1,33,19,14,52,2021-08-15 13:20:00,514809
Jo Kutifel_28635,Jo Kutifel,-3,0,16,33,-17,49,2021-08-15 13:22:00,514810
Maksym Kukharuk_241336241,Maksym Kukharuk,-2,0,32,42,-10,74,2021-08-15 13:25:00,514811
Andrii Matiushenko_174881,Andrii Matiushenko,-2,0,34,36,-2,70,2021-08-15 13:25:00,514812
Dmytro Zeniuk_1788636857,Dmytro Zeniuk,-2,0,29,37,-8,66,2021-08-15 13:30:00,514813
Dominik Marasek_175006,Dominik Marasek,1,1,56,52,4,108,2021-08-15 13:30:00,514814
A Kuznetsov_127567,A Kuznetsov,2,1,41,31,10,72,2021-08-15 13:30:00,514815
Veronika Gud_175037,Veronika Gud,3,1,33,15,18,48,2021-08-15 13:30:00,514816
Yevhen Masko_707580910,Yevhen Masko,-2,0,29,41,-12,70,2021-08-15 13:35:00,514817
Vitalii Sydorenko_174833,Vitalii Sydorenko,-2,0,32,42,-10,74,2021-08-15 13:35:00,514818
Ja Kanera_28636,Ja Kanera,-3,0,16,33,-17,49,2021-08-15 13:39:00,514819
Serhii Tsybulin_204576279,Serhii Tsybulin,-3,0,16,33,-17,49,2021-08-15 13:40:00,514820
Oleksandr Semenets_783673551,Oleksandr Semenets,-1,0,47,49,-2,96,2021-08-15 13:45:00,514821
I Nirkov_127601,I Nirkov,-2,0,30,38,-8,68,2021-08-15 13:45:00,514822
Yehor Derun_175039,Yehor Derun,1,1,53,50,3,103,2021-08-15 13:45:00,514823
Viktor Yefimov_688658007,Viktor Yefimov,1,1,46,44,2,90,2021-08-15 13:50:00,514824
Vitalii Vietrov_174867,Vitalii Vietrov,1,1,46,43,3,89,2021-08-15 13:50:00,514825
V Putilovsky_127527,V Putilovsky,1,1,57,47,10,104,2021-08-15 13:50:00,514826
Oksana Kregul_175041,Oksana Kregul,1,1,53,45,8,98,2021-08-15 13:50:00,514827
Oleh Sapuzhak_175023,Oleh Sapuzhak,1,1,48,40,8,88,2021-08-15 13:50:00,514828
Roman Hnoievoi_174882,Roman Hnoievoi,1,1,46,43,3,89,2021-08-15 13:55:00,514829
Viktoria Overchuk_1799747200,Viktoria Overchuk,3,1,33,17,16,50,2021-08-15 13:55:00,514830
T Postelt_28637,T Postelt,-1,0,44,49,-5,93,2021-08-15 14:00:00,514831
Valerii Baklykov_799084578,Valerii Baklykov,-2,0,30,41,-11,71,2021-08-15 14:00:00,514832
K Bystrushkin_127568,K Bystrushkin,3,1,33,25,8,58,2021-08-15 14:00:00,514833
Dominik Marasek_175007,Dominik Marasek,2,1,40,27,13,67,2021-08-15 14:00:00,514834
Oleksii Tkachuk_769739367,Oleksii Tkachuk,3,1,33,13,20,46,2021-08-15 14:05:00,514835
Oleksii Korobov_174834,Oleksii Korobov,2,1,41,31,10,72,2021-08-15 14:05:00,514836
Sergey Filatov_1343041963,Sergey Filatov,-2,0,34,42,-8,76,2021-08-15 14:10:00,514837
Roman Cherevko_1728936916,Roman Cherevko,-2,0,29,41,-12,70,2021-08-15 14:15:00,514838
G Evglevskiy_127602,G Evglevskiy,2,1,39,34,5,73,2021-08-15 14:17:00,514839
Viktor Yevtodii_174868,Viktor Yevtodii,-2,0,37,42,-5,79,2021-08-15 14:20:00,514840
Kyrylo Yehorov_1154895857,Kyrylo Yehorov,1,1,46,49,-3,95,2021-08-15 14:20:00,514841
Andrei Huchok_175024,Andrei Huchok,-2,0,36,42,-6,78,2021-08-15 14:20:00,514842
A Lobanov_127528,A Lobanov,-3,0,16,33,-17,49,2021-08-15 14:22:00,514843
Ruslan Solomko_174883,Ruslan Solomko,2,1,40,37,3,77,2021-08-15 14:25:00,514844
Anton Limonov_813031768,Anton Limonov,-2,0,44,49,-5,93,2021-08-15 14:25:00,514845
E Tyurin_127717,E Tyurin,2,1,39,24,15,63,2021-08-15 14:30:00,514846
Natalia Ivanova_403526451,Natalia Ivanova,-1,0,41,47,-6,88,2021-08-15 14:30:00,514847
Ludek Stoces_175008,Ludek Stoces,-3,0,26,35,-9,61,2021-08-15 14:30:00,514848
P Silhan_28638,P Silhan,3,1,33,17,16,50,2021-08-15 14:30:00,514849
Maxim Naumchuk_23300756,Maxim Naumchuk,3,1,38,32,6,70,2021-08-15 14:35:00,514850
Vitalii Sydorenko_174835,Vitalii Sydorenko,-2,0,38,44,-6,82,2021-08-15 14:35:00,514851
Dmytro Zeniuk_1788808921,Dmytro Zeniuk,-1,0,46,48,-2,94,2021-08-15 14:40:00,514852
Valentyn Korovychenko_1777691820,Valentyn Korovychenko,-3,0,25,34,-9,59,2021-08-15 14:45:00,514853
A Lobanov_127721,A Lobanov,1,1,51,40,11,91,2021-08-15 14:47:00,514854
I Lednev_127719,I Lednev,-3,0,22,34,-12,56,2021-08-15 14:48:00,514855
Oleksandr Kalynevych_175025,Oleksandr Kalynevych,3,1,34,24,10,58,2021-08-15 14:50:00,514856
Ilya Parnyvoda_174869,Ilya Parnyvoda,-1,0,43,46,-3,89,2021-08-15 14:50:00,514857
Oleksandr Levadnyi_87024089,Oleksandr Levadnyi,2,1,44,33,11,77,2021-08-15 14:50:00,514858
Viacheslav Isakov_174884,Viacheslav Isakov,3,1,33,24,9,57,2021-08-15 14:55:00,514859
Dmytro Baistriuchenko_1529838545,Dmytro Baistriuchenko,-1,0,46,48,-2,94,2021-08-15 14:55:00,514860
Viktor Yefimov_1940513551,Viktor Yefimov,1,1,49,42,7,91,2021-08-15 15:00:00,514861
A Suntsov_127718,A Suntsov,1,1,51,45,6,96,2021-08-15 15:00:00,514862
Jan Herink_175009,Jan Herink,2,1,41,27,14,68,2021-08-15 15:00:00,514863
T Postelt_28639,T Postelt,-3,0,19,33,-14,52,2021-08-15 15:01:00,514864
Yevhen Samofal_174836,Yevhen Samofal,1,1,50,43,7,93,2021-08-15 15:05:00,514865
Olga Leshchenko_1219930624,Olga Leshchenko,2,1,42,33,9,75,2021-08-15 15:05:00,514866
Yurii Novokhatskyi_871603988,Yurii Novokhatskyi,-1,0,39,44,-5,83,2021-08-15 15:10:00,514867
Yaroslav Vorsuliak_431681849,Yaroslav Vorsuliak,1,1,46,52,-6,98,2021-08-15 15:15:00,514868
P Medvedev_127722,P Medvedev,1,1,50,44,6,94,2021-08-15 15:16:00,514869
I Matveyev_127720,I Matveyev,-2,0,32,38,-6,70,2021-08-15 15:17:00,514870
Viktor Yevtodii_174870,Viktor Yevtodii,-1,0,43,40,3,83,2021-08-15 15:20:00,514871
Hanna Holiak_174887,Hanna Holiak,-3,0,12,33,-21,45,2021-08-15 15:20:00,514872
Yevhen Masko_150475722,Yevhen Masko,2,1,42,26,16,68,2021-08-15 15:20:00,514873
Ruslan Solomko_174885,Ruslan Solomko,-1,0,42,47,-5,89,2021-08-15 15:25:00,514874
Roman Cherevko_1401522451,Roman Cherevko,-2,0,39,42,-3,81,2021-08-15 15:25:00,514875
Kyrylo Yehorov_232230463,Kyrylo Yehorov,2,1,42,34,8,76,2021-08-15 15:30:00,514876
Ludek Stoces_175010,Ludek Stoces,2,1,41,28,13,69,2021-08-15 15:30:00,514877
Ja Kanera_28640,Ja Kanera,-2,0,39,53,-14,92,2021-08-15 15:30:00,514878
Olha Kostiuk_174897,Olha Kostiuk,-2,0,35,41,-6,76,2021-08-15 15:30:00,514879
I Meteleshko_127569,I Meteleshko,-3,0,24,37,-13,61,2021-08-15 15:31:00,514880
Vladyslav Kaluhin_318451421,Vladyslav Kaluhin,3,1,33,16,17,49,2021-08-15 15:35:00,514881
Oleksandr Gomilko_174912,Oleksandr Gomilko,-2,0,27,41,-14,68,2021-08-15 15:35:00,514882
Viktor Kotov_1025462133,Viktor Kotov,3,1,33,20,13,53,2021-08-15 15:40:00,514883
Vasyl Kondratenko_174922,Vasyl Kondratenko,1,1,52,40,12,92,2021-08-15 15:40:00,514884
Serhii Burdelnyi_174932,Serhii Burdelnyi,3,1,34,28,6,62,2021-08-15 15:45:00,514885
M Cheklin_127603,M Cheklin,3,1,33,19,14,52,2021-08-15 15:47:00,514886
A Arutiunyan_127529,A Arutiunyan,-1,0,44,46,-2,90,2021-08-15 15:50:00,514887
Oleksandr Budnikov_174871,Oleksandr Budnikov,-2,0,35,42,-7,77,2021-08-15 15:50:00,514888
Mariia Volosianska_174888,Mariia Volosianska,2,1,42,26,16,68,2021-08-15 15:50:00,514889
Dmytro Kalyniuk_152997602,Dmytro Kalyniuk,3,1,34,24,10,58,2021-08-15 15:50:00,514890
Oleksandr Lykhytskyi_174886,Oleksandr Lykhytskyi,-3,0,19,33,-14,52,2021-08-15 15:55:00,514891
Mykola Lytvynenko_1969788648,Mykola Lytvynenko,-1,0,42,43,-1,85,2021-08-15 15:55:00,514892
Oleksii Krutko_1470647929,Oleksii Krutko,2,1,41,36,5,77,2021-08-15 16:00:00,514893
V Nemashkalo_127570,V Nemashkalo,-2,0,48,53,-5,101,2021-08-15 16:00:00,514894
Anastasia Degteva_174898,Anastasia Degteva,2,1,41,40,1,81,2021-08-15 16:00:00,514895
Ondrej Havazik_175042,Ondrej Havazik,1,1,48,37,11,85,2021-08-15 16:00:00,514896
Ja Kanera_28685,Ja Kanera,-3,0,21,33,-12,54,2021-08-15 16:01:00,514897
Oleksandr Kovalchuk_174913,Oleksandr Kovalchuk,2,1,42,33,9,75,2021-08-15 16:05:00,514898
Andriy Zaitsev_1947125333,Andriy Zaitsev,2,1,42,28,14,70,2021-08-15 16:05:00,514899
Davyd Symonchuk_318809547,Davyd Symonchuk,-2,0,29,38,-9,67,2021-08-15 16:10:00,514900
Dmytro Chernyshov_174923,Dmytro Chernyshov,2,1,39,35,4,74,2021-08-15 16:10:00,514901
Ivan Kazmirovskyi_174933,Ivan Kazmirovskyi,-1,0,47,50,-3,97,2021-08-15 16:15:00,514902
Volodymyr Varchenko_1569381919,Volodymyr Varchenko,-2,0,30,44,-14,74,2021-08-15 16:15:00,514903
A Shirshov_127604,A Shirshov,2,1,42,34,8,76,2021-08-15 16:15:00,514904
O Nikiforov_127530,O Nikiforov,2,1,42,33,9,75,2021-08-15 16:19:00,514905
Igor Vatsyn_5161645,Igor Vatsyn,-1,0,53,51,2,104,2021-08-15 16:20:00,514906
Hanna Holiak_174889,Hanna Holiak,1,1,52,52,0,104,2021-08-15 16:20:00,514907
Dmitriy Pereyaslovskyi_174942,Dmitriy Pereyaslovskyi,2,1,40,28,12,68,2021-08-15 16:25:00,514908
Yurii Parahailo_2093484998,Yurii Parahailo,-1,0,54,56,-2,110,2021-08-15 16:25:00,514909
Jan Herink_175043,Jan Herink,3,1,33,20,13,53,2021-08-15 16:30:00,514910
Yevhen Masko_1952579613,Yevhen Masko,-3,0,16,33,-17,49,2021-08-15 16:30:00,514911
Olha Panchyshyn_174899,Olha Panchyshyn,-2,0,35,42,-7,77,2021-08-15 16:30:00,514912
Jo Kutifel_28686,Jo Kutifel,-3,0,27,35,-8,62,2021-08-15 16:30:00,514913
Roman Cherevko_1065700481,Roman Cherevko,2,1,42,39,3,81,2021-08-15 16:35:00,514914
Oleksandr Gomilko_174914,Oleksandr Gomilko,2,1,42,37,5,79,2021-08-15 16:35:00,514915
I Pandur_127571,I Pandur,1,1,52,45,7,97,2021-08-15 16:37:00,514916
Vasyl Kondratenko_174924,Vasyl Kondratenko,2,1,40,35,5,75,2021-08-15 16:40:00,514917
Oleksandr Semenets_1642441093,Oleksandr Semenets,2,1,39,35,4,74,2021-08-15 16:40:00,514918
Vladyslav Kaluhin_1246318311,Vladyslav Kaluhin,1,1,50,42,8,92,2021-08-15 16:45:00,514919
Serhii Burdelnyi_174934,Serhii Burdelnyi,-2,0,42,44,-2,86,2021-08-15 16:45:00,514920
E Kupryakov_127605,E Kupryakov,1,1,52,39,13,91,2021-08-15 16:47:00,514921
K Olshakov_127531,K Olshakov,-3,0,26,35,-9,61,2021-08-15 16:49:00,514922
Viktor Kotov_570278102,Viktor Kotov,-1,0,38,47,-9,85,2021-08-15 16:50:00,514923
Halyna Zhyhailo_174890,Halyna Zhyhailo,-3,0,17,33,-16,50,2021-08-15 16:50:00,514924
Mykola Polysynskyi_174943,Mykola Polysynskyi,3,1,34,20,14,54,2021-08-15 16:55:00,514925
Ihor Matsehora_1035268719,Ihor Matsehora,2,1,46,36,10,82,2021-08-15 16:55:00,514926
Dmytro Kalyniuk_1552872548,Dmytro Kalyniuk,-1,0,48,51,-3,99,2021-08-15 17:00:00,514927
Anastasia Degteva_174900,Anastasia Degteva,3,1,33,19,14,52,2021-08-15 17:00:00,514928
M Urban_28641,M Urban,-2,0,32,39,-7,71,2021-08-15 17:00:00,514929
Jan Zajicek_174993,Jan Zajicek,-2,0,28,42,-14,70,2021-08-15 17:00:00,514930
S Muslikov_127572,S Muslikov,1,1,48,41,7,89,2021-08-15 17:02:00,514931
Oleksandr Liushnia_174915,Oleksandr Liushnia,-2,0,30,39,-9,69,2021-08-15 17:05:00,514932
Dmytro Dubrovin_415603847,Dmytro Dubrovin,-1,0,45,45,0,90,2021-08-15 17:05:00,514933
Roman Pomin_174925,Roman Pomin,-3,0,30,38,-8,68,2021-08-15 17:10:00,514934
Serhii Hohenko_807951737,Serhii Hohenko,-3,0,27,35,-8,62,2021-08-15 17:10:00,514935
M Pronkin_127606,M Pronkin,2,1,39,37,2,76,2021-08-15 17:15:00,514936
Pavlo Kovalchuk_174935,Pavlo Kovalchuk,-3,0,28,41,-13,69,2021-08-15 17:15:00,514937
Serhii Kinash_1829406227,Serhii Kinash,-1,0,42,50,-8,92,2021-08-15 17:15:00,514938
V Bazilevskiy_127532,V Bazilevskiy,-3,0,14,33,-19,47,2021-08-15 17:16:00,514939
Mariia Volosianska_174891,Mariia Volosianska,3,1,33,23,10,56,2021-08-15 17:20:00,514940
Anatolii Lievshin_46425893,Anatolii Lievshin,-2,0,31,37,-6,68,2021-08-15 17:20:00,514941
Volodymyr Varchenko_83872369,Volodymyr Varchenko,-2,0,29,42,-13,71,2021-08-15 17:25:00,514942
Artem Lisechko_174944,Artem Lisechko,1,1,47,37,10,84,2021-08-15 17:25:00,514943
Jan Jr Krames_174994,Jan Jr Krames,-2,0,31,42,-11,73,2021-08-15 17:30:00,514944
Igor Vatsyn_1562114955,Igor Vatsyn,2,1,41,30,11,71,2021-08-15 17:30:00,514945
L Adamec_28642,L Adamec,-1,0,45,52,-7,97,2021-08-15 17:30:00,514946
Olha Kostiuk_174901,Olha Kostiuk,-3,0,24,36,-12,60,2021-08-15 17:30:00,514947
Oleksandr Kovalchuk_174916,Oleksandr Kovalchuk,3,1,34,27,7,61,2021-08-15 17:35:00,514948
Oleg Savenkov_372661660,Oleg Savenkov,2,1,40,29,11,69,2021-08-15 17:35:00,514949
I Pandur_127573,I Pandur,2,1,43,24,19,67,2021-08-15 17:37:00,514950
Dmytro Chernyshov_174926,Dmytro Chernyshov,3,1,33,22,11,55,2021-08-15 17:40:00,514951
Dmytro Dubrovin_1869184694,Dmytro Dubrovin,-2,0,31,41,-10,72,2021-08-15 17:40:00,514952
Serhii Boiko_1739730572,Serhii Boiko,2,1,43,34,9,77,2021-08-15 17:45:00,514953
Ivan Kazmirovskyi_174936,Ivan Kazmirovskyi,2,1,41,33,8,74,2021-08-15 17:45:00,514954
K Olshakov_127533,K Olshakov,1,1,47,42,5,89,2021-08-15 17:46:00,514955
E Kupryakov_127607,E Kupryakov,-1,0,46,45,1,91,2021-08-15 17:49:00,514956
Andrii Dombrovskyi_174957,Andrii Dombrovskyi,-1,0,55,57,-2,112,2021-08-15 17:50:00,514957
Hanna Holiak_174892,Hanna Holiak,3,1,33,24,9,57,2021-08-15 17:50:00,514958
Andriy Zaitsev_95904111,Andriy Zaitsev,-1,0,49,49,0,98,2021-08-15 17:50:00,514959
Mykola Polysynskyi_174945,Mykola Polysynskyi,-3,0,20,33,-13,53,2021-08-15 17:55:00,514960
Davyd Symonchuk_802501491,Davyd Symonchuk,-2,0,33,43,-10,76,2021-08-15 17:55:00,514961
Jan Jr Krames_174995,Jan Jr Krames,-3,0,23,34,-11,57,2021-08-15 18:00:00,514962
Viktor Kotov_663280145,Viktor Kotov,-1,0,41,48,-7,89,2021-08-15 18:00:00,514963
Maryna Slashchova_174902,Maryna Slashchova,-1,0,38,53,-15,91,2021-08-15 18:00:00,514964
F Korenek_28643,F Korenek,1,1,47,45,2,92,2021-08-15 18:04:00,514965
V Nemashkalo_127574,V Nemashkalo,-1,0,40,43,-3,83,2021-08-15 18:04:00,514966
Oleksandr Gomilko_174917,Oleksandr Gomilko,1,1,48,39,9,87,2021-08-15 18:05:00,514967
Roman Vashchuk_105946044,Roman Vashchuk,1,1,42,37,5,79,2021-08-15 18:05:00,514968
Yurii Parahailo_1797808214,Yurii Parahailo,3,1,34,22,12,56,2021-08-15 18:10:00,514969
Vasyl Kondratenko_174927,Vasyl Kondratenko,-1,0,51,47,4,98,2021-08-15 18:10:00,514970
Serhii Burdelnyi_174937,Serhii Burdelnyi,-3,0,30,37,-7,67,2021-08-15 18:15:00,514971
Yevhen Masko_471922028,Yevhen Masko,1,1,46,46,0,92,2021-08-15 18:15:00,514972
O Nikiforov_127534,O Nikiforov,2,1,40,21,19,61,2021-08-15 18:16:00,514973
A Shirshov_127608,A Shirshov,2,1,43,35,8,78,2021-08-15 18:19:00,514974
Ivan Fedoryshyn_174958,Ivan Fedoryshyn,2,1,46,35,11,81,2021-08-15 18:20:00,514975
Prokhor Puhach_2036225303,Prokhor Puhach,-3,0,23,37,-14,60,2021-08-15 18:20:00,514976
Mariia Volosianska_174893,Mariia Volosianska,1,1,52,48,4,100,2021-08-15 18:20:00,514977
Yaroslav Ivanytsia_75054889,Yaroslav Ivanytsia,-1,0,44,52,-8,96,2021-08-15 18:25:00,514978
Dmitriy Pereyaslovskyi_174946,Dmitriy Pereyaslovskyi,-3,0,33,39,-6,72,2021-08-15 18:25:00,514979
Jan Zajicek_174996,Jan Zajicek,-2,0,41,50,-9,91,2021-08-15 18:30:00,514980
Vladyslav Kaluhin_732212471,Vladyslav Kaluhin,2,1,42,33,9,75,2021-08-15 18:30:00,514981
Olha Panchyshyn_174903,Olha Panchyshyn,2,1,46,33,13,79,2021-08-15 18:30:00,514982
P Anton_28644,P Anton,-3,0,26,35,-9,61,2021-08-15 18:31:00,514983
V Nemashkalo_127757,V Nemashkalo,-2,0,29,43,-14,72,2021-08-15 18:33:00,514984
Dmytro Mischenko_558929886,Dmytro Mischenko,-1,0,42,49,-7,91,2021-08-15 18:35:00,514985
Oleksandr Kovalchuk_174918,Oleksandr Kovalchuk,3,1,33,20,13,53,2021-08-15 18:35:00,514986
Ihor Matsehora_753756760,Ihor Matsehora,-2,0,36,42,-6,78,2021-08-15 18:40:00,514987
Dmytro Chernyshov_174928,Dmytro Chernyshov,-2,0,30,40,-10,70,2021-08-15 18:40:00,514988
Dmytro Kalyniuk_1775976770,Dmytro Kalyniuk,-3,0,14,33,-19,47,2021-08-15 18:45:00,514989
K Olshakov_127759,K Olshakov,2,1,40,26,14,66,2021-08-15 18:45:00,514990
Ivan Kazmirovskyi_174938,Ivan Kazmirovskyi,1,1,52,41,11,93,2021-08-15 18:45:00,514991
Mykola Lytvynenko_1149961318,Mykola Lytvynenko,1,1,49,51,-2,100,2021-08-15 18:50:00,514992
Dmytro Lazuryk_174959,Dmytro Lazuryk,-2,0,30,42,-12,72,2021-08-15 18:50:00,514993
Halyna Zhyhailo_174894,Halyna Zhyhailo,-3,0,19,33,-14,52,2021-08-15 18:50:00,514994
Andrii Peretiatko_174947,Andrii Peretiatko,-2,0,34,38,-4,72,2021-08-15 18:55:00,514995
Oleksandr Brezytskyi_698748685,Oleksandr Brezytskyi,2,1,41,33,8,74,2021-08-15 18:55:00,514996
E Kupryakov_127761,E Kupryakov,2,1,39,33,6,72,2021-08-15 18:56:00,514997
Tomas Vorisek_174997,Tomas Vorisek,2,1,40,33,7,73,2021-08-15 19:00:00,514998
Yaroslav Ivanytsia_1921345301,Yaroslav Ivanytsia,-2,0,35,43,-8,78,2021-08-15 19:00:00,514999
F Korenek_28645,F Korenek,2,1,40,27,13,67,2021-08-15 19:00:00,515000
Anastasia Degteva_174904,Anastasia Degteva,1,1,53,45,8,98,2021-08-15 19:00:00,515001
S Muslikov_127758,S Muslikov,-3,0,22,34,-12,56,2021-08-15 19:03:00,515002
Anatolii Lievshin_48698448,Anatolii Lievshin,2,1,43,39,4,82,2021-08-15 19:05:00,515003
Oleksandr Liushnia_174919,Oleksandr Liushnia,3,1,33,15,18,48,2021-08-15 19:05:00,515004
Volodymyr Varchenko_704062210,Volodymyr Varchenko,2,1,41,26,15,67,2021-08-15 19:10:00,515005
Roman Pomin_174929,Roman Pomin,3,1,34,17,17,51,2021-08-15 19:10:00,515006
A Arutiunyan_127760,A Arutiunyan,-1,0,47,53,-6,100,2021-08-15 19:15:00,515007
Pavlo Kovalchuk_174939,Pavlo Kovalchuk,-1,0,45,55,-10,100,2021-08-15 19:15:00,515008
Igor Vatsyn_1021207373,Igor Vatsyn,-2,0,43,47,-4,90,2021-08-15 19:15:00,515009
M Pronkin_127762,M Pronkin,-1,0,40,45,-5,85,2021-08-15 19:18:00,515010
Oleg Savenkov_563458781,Oleg Savenkov,3,1,33,20,13,53,2021-08-15 19:20:00,515011
Ivan Fedoryshyn_174960,Ivan Fedoryshyn,3,1,33,22,11,55,2021-08-15 19:20:00,515012
Hanna Holiak_174895,Hanna Holiak,-3,0,25,34,-9,59,2021-08-15 19:20:00,515013
Artem Lisechko_174948,Artem Lisechko,2,1,41,29,12,70,2021-08-15 19:25:00,515014
Prokhor Puhach_49697049,Prokhor Puhach,-1,0,44,42,2,86,2021-08-15 19:30:00,515015
Jan Zajicek_174998,Jan Zajicek,2,1,37,27,10,64,2021-08-15 19:30:00,515016
Olha Kostiuk_174905,Olha Kostiuk,1,1,51,50,1,101,2021-08-15 19:30:00,515017
V Chernov_127575,V Chernov,-2,0,30,43,-13,73,2021-08-15 19:30:00,515018
L Adamec_28646,L Adamec,-2,0,34,43,-9,77,2021-08-15 19:31:00,515019
Mykola Zakladnyi_265825980,Mykola Zakladnyi,-1,0,43,54,-11,97,2021-08-15 19:35:00,515020
Oleksandr Gomilko_174920,Oleksandr Gomilko,-2,0,28,40,-12,68,2021-08-15 19:35:00,515021
Davyd Symonchuk_743918139,Davyd Symonchuk,-2,0,35,48,-13,83,2021-08-15 19:40:00,515022
Vasyl Kondratenko_174930,Vasyl Kondratenko,-3,0,24,33,-9,57,2021-08-15 19:40:00,515023
Serhii Burdelnyi_174940,Serhii Burdelnyi,-2,0,29,38,-9,67,2021-08-15 19:45:00,515024
Viktor Kotov_358255427,Viktor Kotov,-3,0,18,33,-15,51,2021-08-15 19:45:00,515025
A Klavdenkov_127535,A Klavdenkov,2,1,41,32,9,73,2021-08-15 19:49:00,515026
Olena Kuzmych_174896,Olena Kuzmych,2,1,42,33,9,75,2021-08-15 19:50:00,515027
Roman Vashchuk_1604331377,Roman Vashchuk,-1,0,46,50,-4,96,2021-08-15 19:50:00,515028
Andrii Dombrovskyi_174961,Andrii Dombrovskyi,-2,0,34,40,-6,74,2021-08-15 19:50:00,515029
Mykola Polysynskyi_174949,Mykola Polysynskyi,-1,0,46,47,-1,93,2021-08-15 19:55:00,515030
Yurii Parahailo_1731262889,Yurii Parahailo,-2,0,33,42,-9,75,2021-08-15 19:55:00,515031
A Uvarov_127609,A Uvarov,3,1,33,19,14,52,2021-08-15 19:56:00,515032
Maryna Slashchova_174906,Maryna Slashchova,3,1,33,19,14,52,2021-08-15 20:00:00,515033
A Alekseyev_127576,A Alekseyev,1,1,52,46,6,98,2021-08-15 20:01:00,515034
P Anton_28687,P Anton,-3,0,26,33,-7,59,2021-08-15 20:03:00,515035
Serhii Bondarenko_174921,Serhii Bondarenko,-1,0,42,48,-6,90,2021-08-15 20:05:00,515036
Oleksandr Brezytskyi_1402160598,Oleksandr Brezytskyi,1,1,42,44,-2,86,2021-08-15 20:05:00,515037
Jan Zaloudik_175289,Jan Zaloudik,1,1,47,46,1,93,2021-08-15 20:05:00,515038
Oleg Kolivay_174931,Oleg Kolivay,-1,0,46,52,-6,98,2021-08-15 20:10:00,515039
Yaroslav Ivanytsia_2123059615,Yaroslav Ivanytsia,2,1,42,37,5,79,2021-08-15 20:10:00,515040
Kostiantyn Klymenko_174941,Kostiantyn Klymenko,2,1,43,39,4,82,2021-08-15 20:15:00,515041
Denys Shcherbak_812695057,Denys Shcherbak,3,1,33,22,11,55,2021-08-15 20:15:00,515042
D Petrochenko_127536,D Petrochenko,1,1,48,45,3,93,2021-08-15 20:16:00,515043
S Maksakov_127610,S Maksakov,1,1,45,50,-5,95,2021-08-15 20:16:00,515044
Ivan Efimenko_174962,Ivan Efimenko,3,1,34,23,11,57,2021-08-15 20:20:00,515045
Volodymyr Varchenko_806235876,Volodymyr Varchenko,-2,0,32,43,-11,75,2021-08-15 20:20:00,515046
Ihor Matsehora_1034239584,Ihor Matsehora,-1,0,48,51,-3,99,2021-08-15 20:25:00,515047
Oksana Erzman_175291,Oksana Erzman,2,1,45,41,4,86,2021-08-15 20:25:00,515048
Dmitriy Pereyaslovskyi_174950,Dmitriy Pereyaslovskyi,1,1,50,41,9,91,2021-08-15 20:25:00,515049
L Adamec_28688,L Adamec,-1,0,35,51,-16,86,2021-08-15 20:30:00,515050
Olha Panchyshyn_174907,Olha Panchyshyn,1,1,51,43,8,94,2021-08-15 20:30:00,515051
Ihor Syniavskyi_396808487,Ihor Syniavskyi,1,1,51,41,10,92,2021-08-15 20:30:00,515052
V Mishakin_127577,V Mishakin,-3,0,26,33,-7,59,2021-08-15 20:33:00,515053
Jan Jr Krames_175290,Jan Jr Krames,-1,0,44,51,-7,95,2021-08-15 20:35:00,515054
Oleksandr Liushnia_175293,Oleksandr Liushnia,-3,0,27,35,-8,62,2021-08-15 20:40:00,515055
Prokhor Puhach_1309589236,Prokhor Puhach,1,1,58,55,3,113,2021-08-15 20:40:00,515056
Mykola Zakladnyi_1813936331,Mykola Zakladnyi,-3,0,20,33,-13,53,2021-08-15 20:45:00,515057
M Andrusenko_127537,M Andrusenko,-1,0,50,57,-7,107,2021-08-15 20:47:00,515058
Vladyslav Kaluhin_873023138,Vladyslav Kaluhin,-1,0,42,52,-10,94,2021-08-15 20:50:00,515059
Dmytro Lazuryk_174963,Dmytro Lazuryk,-3,0,19,33,-14,52,2021-08-15 20:50:00,515060
A Ilin_127611,A Ilin,-3,0,19,33,-14,52,2021-08-15 20:53:00,515061
Olena Kuzmych_175292,Olena Kuzmych,-2,0,35,38,-3,73,2021-08-15 20:55:00,515062
Viktor Kotov_736981514,Viktor Kotov,-1,0,42,51,-9,93,2021-08-15 20:55:00,515063
Roman Pomin_175295,Roman Pomin,3,1,33,12,21,45,2021-08-15 20:55:00,515064
Andrii Peretiatko_174951,Andrii Peretiatko,2,1,40,34,6,74,2021-08-15 20:55:00,515065
Oleg Hubanishchev_175297,Oleg Hubanishchev,2,1,40,26,14,66,2021-08-15 20:55:00,515066
D Tikhnenko_127578,D Tikhnenko,3,1,34,23,11,57,2021-08-15 21:00:00,515067
Olha Kostiuk_174908,Olha Kostiuk,2,1,44,28,16,72,2021-08-15 21:00:00,515068
Filip Marat_174999,Filip Marat,3,1,35,28,7,63,2021-08-15 21:00:00,515069
Oleksandr Medvedyev_359642868,Oleksandr Medvedyev,-1,0,39,48,-9,87,2021-08-15 21:00:00,515070
M-n Regner_28647,M-n Regner,-2,0,30,40,-10,70,2021-08-15 21:04:00,515071
Dmytro Kalyniuk_1560166301,Dmytro Kalyniuk,-1,0,45,53,-8,98,2021-08-15 21:05:00,515072
Serhii Bondarenko_175294,Serhii Bondarenko,-3,0,26,34,-8,60,2021-08-15 21:10:00,515073
D Balakin_127612,D Balakin,1,1,49,49,0,98,2021-08-15 21:15:00,515074
Oleksandr Brezytskyi_806081042,Oleksandr Brezytskyi,-2,0,29,41,-12,70,2021-08-15 21:15:00,515075
Prokhor Puhach_1616409457,Prokhor Puhach,2,1,40,34,6,74,2021-08-15 21:20:00,515076
Ivan Fedoryshyn_174964,Ivan Fedoryshyn,1,1,51,46,5,97,2021-08-15 21:20:00,515077
I Moshkov_127538,I Moshkov,-2,0,33,41,-8,74,2021-08-15 21:21:00,515078
Uryi Schepanskyi_1472054059,Uryi Schepanskyi,2,1,42,28,14,70,2021-08-15 21:25:00,515079
Kostiantyn Klymenko_175298,Kostiantyn Klymenko,-3,0,19,33,-14,52,2021-08-15 21:25:00,515080
Artem Lisechko_174952,Artem Lisechko,2,1,42,36,6,78,2021-08-15 21:25:00,515081
Oleg Kolivay_175296,Oleg Kolivay,-1,0,36,45,-9,81,2021-08-15 21:25:00,515082
Tamara Kravchuk_174909,Tamara Kravchuk,-1,0,51,45,6,96,2021-08-15 21:30:00,515083
Milos Frydl_175000,Milos Frydl,-2,0,33,42,-9,75,2021-08-15 21:30:00,515084
Volodymyr Varchenko_1826910754,Volodymyr Varchenko,-3,0,34,40,-6,74,2021-08-15 21:30:00,515085
J Svec_28648,J Svec,-3,0,16,33,-17,49,2021-08-15 21:30:00,515086
V Mishakin_127579,V Mishakin,-3,0,21,33,-12,54,2021-08-15 21:31:00,515087
Igor Vatsyn_1807248891,Igor Vatsyn,-1,0,38,47,-9,85,2021-08-15 21:35:00,515088
Oleksandr Kasatiy_1841417317,Oleksandr Kasatiy,-2,0,25,39,-14,64,2021-08-15 21:40:00,515089
M Andrusenko_127539,M Andrusenko,3,1,35,25,10,60,2021-08-15 21:46:00,515090
Oleksii Tiutiunnyk_657066509,Oleksii Tiutiunnyk,1,1,56,48,8,104,2021-08-15 21:50:00,515091
Andrii Dombrovskyi_174965,Andrii Dombrovskyi,2,1,40,35,5,75,2021-08-15 21:50:00,515092
A Ilin_127613,A Ilin,-1,0,53,46,7,99,2021-08-15 21:55:00,515093
Dmitriy Pereyaslovskyi_174953,Dmitriy Pereyaslovskyi,3,1,34,22,12,56,2021-08-15 21:55:00,515094
Prokhor Puhach_155191586,Prokhor Puhach,3,1,34,23,11,57,2021-08-15 21:55:00,515095
A Alekseyev_127580,A Alekseyev,1,1,44,42,2,86,2021-08-15 22:00:00,515096
Milos Frydl_175001,Milos Frydl,-1,0,44,48,-4,92,2021-08-15 22:00:00,515097
Olha Kostiuk_174910,Olha Kostiuk,2,1,42,36,6,78,2021-08-15 22:00:00,515098
Denys Shcherbak_1408548601,Denys Shcherbak,-1,0,46,46,0,92,2021-08-15 22:00:00,515099
P Pycha_28649,P Pycha,3,1,38,31,7,69,2021-08-15 22:00:00,515100
Dmytro Mischenko_2116174982,Dmytro Mischenko,-2,0,38,46,-8,84,2021-08-15 22:05:00,515101
Roman Vashchuk_1090430197,Roman Vashchuk,2,1,41,33,8,74,2021-08-15 22:10:00,515102
Ihor Syniavskyi_177456636,Ihor Syniavskyi,-3,0,24,36,-12,60,2021-08-15 22:15:00,515103
D Petrochenko_127540,D Petrochenko,2,1,44,39,5,83,2021-08-15 22:16:00,515104
Ivan Efimenko_174966,Ivan Efimenko,-1,0,48,57,-9,105,2021-08-15 22:20:00,515105
Yaroslav Ivanytsia_1253491310,Yaroslav Ivanytsia,2,1,37,33,4,70,2021-08-15 22:25:00,515106
Vitalii Kobets_174954,Vitalii Kobets,-1,0,42,43,-1,85,2021-08-15 22:25:00,515107
Filip Marat_175002,Filip Marat,1,1,49,50,-1,99,2021-08-15 22:30:00,515108
M Kolar_28650,M Kolar,-1,0,47,53,-6,100,2021-08-15 22:30:00,515109
Anastasia Degteva_174911,Anastasia Degteva,-3,0,25,34,-9,59,2021-08-15 22:30:00,515110
V Mishakin_127763,V Mishakin,-3,0,12,33,-21,45,2021-08-15 22:36:00,515111
S Maksakov_127614,S Maksakov,-3,0,28,34,-6,62,2021-08-15 22:37:00,515112
Ihor Matsehora_1172239972,Ihor Matsehora,3,1,33,20,13,53,2021-08-15 22:45:00,515113
I Moshkov_127765,I Moshkov,1,1,53,48,5,101,2021-08-15 22:47:00,515114
Dmytro Lazuryk_174967,Dmytro Lazuryk,2,1,44,24,20,68,2021-08-15 22:50:00,515115
Dmitriy Pereyaslovskyi_174955,Dmitriy Pereyaslovskyi,-3,0,20,33,-13,53,2021-08-15 22:55:00,515116
Jan Sr Krames_175003,Jan Sr Krames,-3,0,23,35,-12,58,2021-08-15 23:00:00,515117
A Alekseyev_127764,A Alekseyev,3,1,34,27,7,61,2021-08-15 23:00:00,515118
Maksym Mykytiuk_547977406,Maksym Mykytiuk,2,1,43,36,7,79,2021-08-15 23:00:00,515119
A Ilin_127768,A Ilin,-2,0,30,39,-9,69,2021-08-15 23:08:00,515120
A Klavdenkov_127767,A Klavdenkov,-2,0,43,46,-3,89,2021-08-15 23:19:00,515121
P Pycha_28651,P Pycha,2,1,39,31,8,70,2021-08-15 23:20:00,515122
Andrii Dombrovskyi_174968,Andrii Dombrovskyi,3,1,33,19,14,52,2021-08-15 23:20:00,515123
Mykola Polysynskyi_174956,Mykola Polysynskyi,2,1,41,32,9,73,2021-08-15 23:25:00,515124
Ivan Synytskyi_292046040,Ivan Synytskyi,-2,0,32,42,-10,74,2021-08-15 23:30:00,515125
Filip Marat_175004,Filip Marat,1,1,45,43,2,88,2021-08-15 23:30:00,515126
D Sayanov_127581,D Sayanov,1,1,51,36,15,87,2021-08-15 23:30:00,515127
D Balakin_127769,D Balakin,-3,0,16,33,-17,49,2021-08-15 23:31:00,515128
Aleksandr Tulenin_728185140,Aleksandr Tulenin,1,1,51,49,2,100,2021-08-15 23:45:00,515129
J Svec_28652,J Svec,-3,0,17,33,-16,50,2021-08-15 23:49:00,515130
Rodion Kapinus_174969,Rodion Kapinus,1,1,46,45,1,91,2021-08-15 23:50:00,515131
V Safonov_127615,V Safonov,-2,0,35,42,-7,77,2021-08-15 23:52:00,515132
O Kutuzov_127541,O Kutuzov,3,1,33,23,10,56,2021-08-15 23:53:00,515133
Maksym Mykytiuk_297312761,Maksym Mykytiuk,3,1,33,18,15,51,2021-08-16 00:00:00,515134
K Churin_127582,K Churin,-3,0,15,33,-18,48,2021-08-16 00:01:00,515135
Jan Sr Krames_175299,Jan Sr Krames,-2,0,32,41,-9,73,2021-08-16 00:05:00,515136
J Svec_28689,J Svec,-1,0,38,50,-12,88,2021-08-16 00:14:00,515137
Pavlo Chyzh_1679407054,Pavlo Chyzh,1,1,47,44,3,91,2021-08-16 00:15:00,515138
Va Ivanov_127616,Va Ivanov,-2,0,34,41,-7,75,2021-08-16 00:15:00,515139
S Myagkov_127542,S Myagkov,-1,0,52,55,-3,107,2021-08-16 00:16:00,515140
Andrii Dombrovskyi_174970,Andrii Dombrovskyi,-2,0,35,39,-4,74,2021-08-16 00:20:00,515141
Serhii Pitsyk_174972,Serhii Pitsyk,2,1,41,31,10,72,2021-08-16 00:25:00,515142
Ivan Synytskyi_1179838350,Ivan Synytskyi,-1,0,44,49,-5,93,2021-08-16 00:30:00,515143
V Kalachev_127583,V Kalachev,-2,0,31,38,-7,69,2021-08-16 00:30:00,515144
Robert Jamrich_175300,Robert Jamrich,-2,0,33,40,-7,73,2021-08-16 00:35:00,515145
Aleksandr Tulenin_199158845,Aleksandr Tulenin,-2,0,30,39,-9,69,2021-08-16 00:45:00,515146
P Semeshin_127617,P Semeshin,-3,0,20,34,-14,54,2021-08-16 00:45:00,515147
M Kolar_28690,M Kolar,-3,0,18,33,-15,51,2021-08-16 00:45:00,515148
Ivan Fedoryshyn_174971,Ivan Fedoryshyn,2,1,39,34,5,73,2021-08-16 00:50:00,515149
Yu Lbov_127543,Yu Lbov,-1,0,43,46,-3,89,2021-08-16 00:51:00,515150
Rustam Halimbaiev_174973,Rustam Halimbaiev,-3,0,24,34,-10,58,2021-08-16 00:55:00,515151
R Pavlenko_127584,R Pavlenko,2,1,42,31,11,73,2021-08-16 00:59:00,515152
Maksym Mykytiuk_808279370,Maksym Mykytiuk,1,1,50,41,9,91,2021-08-16 01:00:00,515153
Yu Merkushin_127618,Yu Merkushin,-1,0,45,48,-3,93,2021-08-16 01:15:00,515154
Mykola Treshchetka_350814138,Mykola Treshchetka,3,1,38,26,12,64,2021-08-16 01:15:00,515155
Artem Slashchev_127544,Artem Slashchev,2,1,40,32,8,72,2021-08-16 01:22:00,515156
Pavlo Volkov_174974,Pavlo Volkov,-3,0,16,33,-17,49,2021-08-16 01:25:00,515157
Petro Tsolik_1202793002,Petro Tsolik,3,1,33,18,15,51,2021-08-16 01:30:00,515158
K Churin_127585,K Churin,-2,0,32,41,-9,73,2021-08-16 01:30:00,515159
Pavlo Chyzh_847330668,Pavlo Chyzh,2,1,44,32,12,76,2021-08-16 01:45:00,515160
Va Ivanov_127619,Va Ivanov,-2,0,28,42,-14,70,2021-08-16 01:46:00,515161
S Myagkov_127545,S Myagkov,-2,0,28,40,-12,68,2021-08-16 01:47:00,515162
Rustam Halimbaiev_174975,Rustam Halimbaiev,-1,0,47,51,-4,98,2021-08-16 01:55:00,515163
Serhij Maksymiv_44973781,Serhij Maksymiv,2,1,41,35,6,76,2021-08-16 02:00:00,515164
R Pavlenko_127586,R Pavlenko,3,1,33,20,13,53,2021-08-16 02:01:00,515165
Aleksandr Tulenin_1722170472,Aleksandr Tulenin,1,1,49,49,0,98,2021-08-16 02:15:00,515166
Yu Merkushin_127620,Yu Merkushin,3,1,33,20,13,53,2021-08-16 02:17:00,515167
Artem Slashchev_127546,Artem Slashchev,-1,0,47,49,-2,96,2021-08-16 02:17:00,515168
Serhii Pitsyk_174976,Serhii Pitsyk,-2,0,33,43,-10,76,2021-08-16 02:25:00,515169
S Ogai_127587,S Ogai,2,1,49,39,10,88,2021-08-16 02:30:00,515170
Maksym Mykytiuk_180253727,Maksym Mykytiuk,3,1,33,24,9,57,2021-08-16 02:30:00,515171
A Fedosov_127621,A Fedosov,1,1,50,54,-4,104,2021-08-16 02:45:00,515172
Mykola Treshchetka_468289817,Mykola Treshchetka,-2,0,37,43,-6,80,2021-08-16 02:45:00,515173
K Malahov_127547,K Malahov,1,1,49,45,4,94,2021-08-16 02:48:00,515174
Vitalii Kyilo_174977,Vitalii Kyilo,-3,0,29,35,-6,64,2021-08-16 02:55:00,515175
Serhij Maksymiv_813055595,Serhij Maksymiv,2,1,41,34,7,75,2021-08-16 03:00:00,515176
V Kalachev_127588,V Kalachev,1,1,47,36,11,83,2021-08-16 03:03:00,515177
Pavlo Chyzh_1081222090,Pavlo Chyzh,-1,0,44,44,0,88,2021-08-16 03:15:00,515178
P Semeshin_127622,P Semeshin,-2,0,36,38,-2,74,2021-08-16 03:17:00,515179
Yu Lbov_127548,Yu Lbov,2,1,41,31,10,72,2021-08-16 03:21:00,515180
Pavlo Volkov_174978,Pavlo Volkov,3,1,33,20,13,53,2021-08-16 03:25:00,515181
Maksym Mykytiuk_166318609,Maksym Mykytiuk,2,1,48,39,9,87,2021-08-16 03:30:00,515182
D Sayanov_127589,D Sayanov,3,1,33,21,12,54,2021-08-16 03:34:00,515183
Vladimir Malashevsky_1646594927,Vladimir Malashevsky,-2,0,32,42,-10,74,2021-08-16 03:45:00,515184
V Safonov_127623,V Safonov,-3,0,20,34,-14,54,2021-08-16 03:47:00,515185
O Kutuzov_127549,O Kutuzov,3,1,33,17,16,50,2021-08-16 03:48:00,515186
Rustam Halimbaiev_174979,Rustam Halimbaiev,-3,0,26,37,-11,63,2021-08-16 03:55:00,515187
Serhij Maksymiv_1191940177,Serhij Maksymiv,-1,0,45,50,-5,95,2021-08-16 04:00:00,515188
S Ogai_127590,S Ogai,3,1,36,26,10,62,2021-08-16 04:00:00,515189
Aleksandr Tulenin_1908845016,Aleksandr Tulenin,2,1,39,36,3,75,2021-08-16 04:15:00,515190
K Malahov_127550,K Malahov,-1,0,43,40,3,83,2021-08-16 04:16:00,515191
A Fedosov_127624,A Fedosov,-1,0,46,47,-1,93,2021-08-16 04:16:00,515192
Serhii Pitsyk_174980,Serhii Pitsyk,-2,0,39,36,3,75,2021-08-16 04:25:00,515193
Ivan Synytskyi_572516150,Ivan Synytskyi,2,1,46,40,6,86,2021-08-16 04:30:00,515194
V Kalachev_127770,V Kalachev,2,1,41,29,12,70,2021-08-16 04:33:00,515195
Mykola Treshchetka_1562247757,Mykola Treshchetka,-3,0,27,38,-11,65,2021-08-16 04:45:00,515196
K Malahov_127774,K Malahov,1,1,51,44,7,95,2021-08-16 04:46:00,515197
Va Ivanov_127772,Va Ivanov,2,1,42,36,6,78,2021-08-16 04:47:00,515198
Vitalii Kyilo_174981,Vitalii Kyilo,1,1,45,41,4,86,2021-08-16 04:55:00,515199
D Sayanov_127771,D Sayanov,1,1,46,47,-1,93,2021-08-16 05:01:00,515200
A Fedosov_127773,A Fedosov,-1,0,43,47,-4,90,2021-08-16 05:15:00,515201
Yu Lbov_127775,Yu Lbov,-3,0,23,33,-10,56,2021-08-16 05:15:00,515202
Aleksandr Tulenin_199335261,Aleksandr Tulenin,-1,0,40,42,-2,82,2021-08-16 05:15:00,515203
Pavlo Volkov_174982,Pavlo Volkov,2,1,45,34,11,79,2021-08-16 05:25:00,515204
Serhii Pitsyk_174983,Serhii Pitsyk,-2,0,32,35,-3,67,2021-08-16 05:55:00,515205
Maksym Marchuk_174984,Maksym Marchuk,1,1,49,48,1,97,2021-08-16 06:25:00,515206
Serhii Pitsyk_174985,Serhii Pitsyk,-3,0,20,35,-15,55,2021-08-16 06:55:00,515207
Rustam Halimbaiev_174986,Rustam Halimbaiev,3,1,33,17,16,50,2021-08-16 07:25:00,515208
A Kolmin_127683,A Kolmin,3,1,33,18,15,51,2021-08-16 07:38:00,515209
A Savinskiy_127649,A Savinskiy,2,1,45,39,6,84,2021-08-16 07:46:00,515210
S Homutov_127723,S Homutov,-3,0,22,33,-11,55,2021-08-16 07:47:00,515211
Rostyslav Fylypiv_175044,Rostyslav Fylypiv,-3,0,20,33,-13,53,2021-08-16 07:50:00,515212
Igor Sukovatyi_1779348528,Igor Sukovatyi,2,1,39,35,4,74,2021-08-16 07:50:00,515213
Pavlo Plushch_319259932,Pavlo Plushch,3,1,33,22,11,55,2021-08-16 07:55:00,515214
V Zhigalov_127684,V Zhigalov,-3,0,19,33,-14,52,2021-08-16 08:00:00,515215
Anastasia Degteva_175054,Anastasia Degteva,2,1,42,28,14,70,2021-08-16 08:00:00,515216
Ruslan Solomko_175069,Ruslan Solomko,-3,0,17,33,-16,50,2021-08-16 08:05:00,515217
Oleg Kolivay_175084,Oleg Kolivay,2,1,44,34,10,78,2021-08-16 08:10:00,515218
Ihor Emets_175099,Ihor Emets,-1,0,41,51,-10,92,2021-08-16 08:15:00,515219
V Rudenko_127650,V Rudenko,1,1,45,47,-2,92,2021-08-16 08:16:00,515220
Mykhailo Senyk_175045,Mykhailo Senyk,-3,0,17,33,-16,50,2021-08-16 08:20:00,515221
A Golyshev_127724,A Golyshev,3,1,33,25,8,58,2021-08-16 08:21:00,515222
Serhii Skachenko_1227950426,Serhii Skachenko,-3,0,26,35,-9,61,2021-08-16 08:25:00,515223
Olha Kostiuk_175055,Olha Kostiuk,1,1,48,42,6,90,2021-08-16 08:30:00,515224
Ruslan Hripun_219455187,Ruslan Hripun,-3,0,25,35,-10,60,2021-08-16 08:30:00,515225
A Zabrodin_127685,A Zabrodin,2,1,39,29,10,68,2021-08-16 08:31:00,515226
Dmytro Rehotun_175070,Dmytro Rehotun,-2,0,31,39,-8,70,2021-08-16 08:35:00,515227
Vadym Nechyporuk_196137214,Vadym Nechyporuk,1,1,52,45,7,97,2021-08-16 08:35:00,515228
Vasyl Kondratenko_175085,Vasyl Kondratenko,3,1,36,25,11,61,2021-08-16 08:40:00,515229
Artur Moriak_1914166222,Artur Moriak,2,1,44,34,10,78,2021-08-16 08:40:00,515230
Bogdan Stasiuk_1724995891,Bogdan Stasiuk,-2,0,31,39,-8,70,2021-08-16 08:45:00,515231
Vladyslav Stukalov_175100,Vladyslav Stukalov,2,1,38,33,5,71,2021-08-16 08:45:00,515232
S Morozov_127725,S Morozov,-1,0,49,58,-9,107,2021-08-16 08:46:00,515233
I Pandur_127651,I Pandur,1,1,56,48,8,104,2021-08-16 08:48:00,515234
Rostyslav Fylypiv_175046,Rostyslav Fylypiv,-2,0,35,41,-6,76,2021-08-16 08:50:00,515235
Serhii Rutskyi_380384085,Serhii Rutskyi,-3,0,11,33,-22,44,2021-08-16 08:50:00,515236
Dmytro Khairov_175109,Dmytro Khairov,3,1,33,14,19,47,2021-08-16 08:50:00,515237
Spartak Abalmaz_260743058,Spartak Abalmaz,2,1,36,36,0,72,2021-08-16 08:55:00,515238
Kostiantyn Kovalchuk_175124,Kostiantyn Kovalchuk,-1,0,51,46,5,97,2021-08-16 08:55:00,515239
Roman Shtukovanyi_1655898344,Roman Shtukovanyi,2,1,38,24,14,62,2021-08-16 08:55:00,515240
Dmytro Alekseenko_421705680,Dmytro Alekseenko,-2,0,31,39,-8,70,2021-08-16 09:00:00,515241
Ja Svoboda_28661,Ja Svoboda,-2,0,35,40,-5,75,2021-08-16 09:00:00,515242
Oleh Holiak_175139,Oleh Holiak,-1,0,45,47,-2,92,2021-08-16 09:00:00,515243
Olha Panchyshyn_175056,Olha Panchyshyn,1,1,51,43,8,94,2021-08-16 09:00:00,515244
Stepan Rejent_175154,Stepan Rejent,-3,0,30,38,-8,68,2021-08-16 09:00:00,515245
Roman Hnoievoi_175071,Roman Hnoievoi,-1,0,44,48,-4,92,2021-08-16 09:05:00,515246
I Sergeevich_127686,I Sergeevich,3,1,33,21,12,54,2021-08-16 09:05:00,515247
Vadym Komar_1064123826,Vadym Komar,-2,0,28,42,-14,70,2021-08-16 09:05:00,515248
Andrii Martyniuk_175086,Andrii Martyniuk,-3,0,22,33,-11,55,2021-08-16 09:10:00,515249
Andrii Kotik_1191361728,Andrii Kotik,-2,0,28,41,-13,69,2021-08-16 09:10:00,515250
Artem Nesterenko_747710822,Artem Nesterenko,1,1,46,43,3,89,2021-08-16 09:15:00,515251
Ihor Emets_175101,Ihor Emets,-3,0,18,33,-15,51,2021-08-16 09:15:00,515252
E Tsvetkov_127652,E Tsvetkov,2,1,41,29,12,70,2021-08-16 09:19:00,515253
Ihor Dubyna_175047,Ihor Dubyna,-3,0,18,33,-15,51,2021-08-16 09:20:00,515254
Oleksandr Bryzhevatyi_175110,Oleksandr Bryzhevatyi,-3,0,25,34,-9,59,2021-08-16 09:20:00,515255
Volodymyr Tuchkevych_1680089966,Volodymyr Tuchkevych,-3,0,23,33,-10,56,2021-08-16 09:20:00,515256
S Simonov_127726,S Simonov,3,1,33,21,12,54,2021-08-16 09:22:00,515257
Andrii Zeniuk_1460715643,Andrii Zeniuk,3,1,36,28,8,64,2021-08-16 09:25:00,515258
Andrii Novikov_175125,Andrii Novikov,-2,0,35,40,-5,75,2021-08-16 09:25:00,515259
Vladyslav-Ivan Sheremeta_175140,Vladyslav-Ivan Sheremeta,2,1,46,41,5,87,2021-08-16 09:30:00,515260
Olha Kostiuk_175057,Olha Kostiuk,3,1,34,25,9,59,2021-08-16 09:30:00,515261
Vadym Grushko_842925662,Vadym Grushko,3,1,33,24,9,57,2021-08-16 09:30:00,515262
Oleg Moshynskyy_1515746014,Oleg Moshynskyy,3,1,33,17,16,50,2021-08-16 09:30:00,515263
Filip Marat_175155,Filip Marat,1,1,48,49,-1,97,2021-08-16 09:30:00,515264
F Kopecky_28662,F Kopecky,1,1,54,51,3,105,2021-08-16 09:30:00,515265
A Zabrodin_127687,A Zabrodin,-3,0,17,33,-16,50,2021-08-16 09:31:00,515266
Serhii Skachenko_1435521321,Serhii Skachenko,3,1,34,25,9,59,2021-08-16 09:35:00,515267
Dmytro Rehotun_175072,Dmytro Rehotun,-1,0,42,54,-12,96,2021-08-16 09:35:00,515268
Ruslan Hripun_1970481235,Ruslan Hripun,3,1,35,29,6,64,2021-08-16 09:40:00,515269
Vasyl Kondratenko_175087,Vasyl Kondratenko,-2,0,32,41,-9,73,2021-08-16 09:40:00,515270
S Morozov_127727,S Morozov,2,1,40,31,9,71,2021-08-16 09:45:00,515271
Dmytro Kunchurov_175102,Dmytro Kunchurov,1,1,48,42,6,90,2021-08-16 09:45:00,515272
Vadym Nechyporuk_1369121774,Vadym Nechyporuk,2,1,42,35,7,77,2021-08-16 09:45:00,515273
I Pandur_127653,I Pandur,-2,0,35,42,-7,77,2021-08-16 09:46:00,515274
Mykhailo Senyk_175048,Mykhailo Senyk,-3,0,22,34,-12,56,2021-08-16 09:50:00,515275
Artur Moriak_1941088860,Artur Moriak,2,1,42,31,11,73,2021-08-16 09:50:00,515276
Vitalii Mukhin_175111,Vitalii Mukhin,3,1,36,28,8,64,2021-08-16 09:50:00,515277
Bogdan Stasiuk_1781975974,Bogdan Stasiuk,2,1,39,36,3,75,2021-08-16 09:55:00,515278
Andrii Hrytsai_175126,Andrii Hrytsai,-1,0,50,54,-4,104,2021-08-16 09:55:00,515279
Serhii Rutskyi_877182335,Serhii Rutskyi,-2,0,31,43,-12,74,2021-08-16 10:00:00,515280
Filip Marat_175156,Filip Marat,-2,0,30,37,-7,67,2021-08-16 10:00:00,515281
Anastasia Degteva_175058,Anastasia Degteva,-2,0,35,41,-6,76,2021-08-16 10:00:00,515282
Serhii Prus_175141,Serhii Prus,-2,0,35,41,-6,76,2021-08-16 10:00:00,515283
Oliver Korp_28663,Oliver Korp,3,1,33,17,16,50,2021-08-16 10:01:00,515284
V Zhigalov_127688,V Zhigalov,-3,0,13,33,-20,46,2021-08-16 10:01:00,515285
Roman Shtukovanyi_938797998,Roman Shtukovanyi,1,1,50,35,15,85,2021-08-16 10:05:00,515286
Ruslan Solomko_175073,Ruslan Solomko,3,1,33,21,12,54,2021-08-16 10:05:00,515287
Spartak Abalmaz_1970832892,Spartak Abalmaz,-3,0,19,33,-14,52,2021-08-16 10:05:00,515288
Igor Sukovatyi_829032833,Igor Sukovatyi,1,1,56,51,5,107,2021-08-16 10:10:00,515289
Oleg Kolivay_175088,Oleg Kolivay,2,1,41,36,5,77,2021-08-16 10:10:00,515290
Vladyslav Stukalov_175103,Vladyslav Stukalov,-1,0,45,48,-3,93,2021-08-16 10:15:00,515291
A Golyshev_127728,A Golyshev,3,1,38,29,9,67,2021-08-16 10:15:00,515292
Pavlo Plushch_1518896165,Pavlo Plushch,-3,0,22,33,-11,55,2021-08-16 10:15:00,515293
V Rudenko_127654,V Rudenko,2,1,40,34,6,74,2021-08-16 10:16:00,515294
Anton Molochko_1044313834,Anton Molochko,-1,0,41,48,-7,89,2021-08-16 10:20:00,515295
Oleksandr Bryzhevatyi_175112,Oleksandr Bryzhevatyi,2,1,38,34,4,72,2021-08-16 10:20:00,515296
Rostyslav Fylypiv_175049,Rostyslav Fylypiv,-3,0,14,33,-19,47,2021-08-16 10:20:00,515297
Oleksandr Staryi_2124987487,Oleksandr Staryi,-1,0,48,45,3,93,2021-08-16 10:25:00,515298
Andrii Novikov_175127,Andrii Novikov,2,1,45,26,19,71,2021-08-16 10:25:00,515299
Liliia Nerush_175059,Liliia Nerush,-3,0,22,33,-11,55,2021-08-16 10:30:00,515300
Stepan Rejent_175157,Stepan Rejent,-2,0,31,39,-8,70,2021-08-16 10:30:00,515301
V Zhigalov_127776,V Zhigalov,-3,0,16,33,-17,49,2021-08-16 10:30:00,515302
Vladyslav-Ivan Sheremeta_175142,Vladyslav-Ivan Sheremeta,-3,0,10,33,-23,43,2021-08-16 10:30:00,515303
Andrii Tsikhotskyi_691422329,Andrii Tsikhotskyi,2,1,46,38,8,84,2021-08-16 10:30:00,515304
T Holik_28664,T Holik,3,1,33,24,9,57,2021-08-16 10:31:00,515305
Yurii Kolesnyk_175074,Yurii Kolesnyk,-2,0,36,47,-11,83,2021-08-16 10:35:00,515306
Nazarii Haievyi_1969756478,Nazarii Haievyi,-2,0,36,45,-9,81,2021-08-16 10:35:00,515307
Andrii Obishchenko_175089,Andrii Obishchenko,3,1,33,25,8,58,2021-08-16 10:40:00,515308
Serhii Poliakov_1015785685,Serhii Poliakov,-3,0,25,37,-12,62,2021-08-16 10:40:00,515309
Vadym Grushko_1126816845,Vadym Grushko,-1,0,41,55,-14,96,2021-08-16 10:40:00,515310
Ruslan Ivanov_1801503261,Ruslan Ivanov,-2,0,35,44,-9,79,2021-08-16 10:45:00,515311
Ihor Emets_175104,Ihor Emets,1,1,46,41,5,87,2021-08-16 10:45:00,515312
I Pandur_127780,I Pandur,1,1,46,41,5,87,2021-08-16 10:45:00,515313
S Homutov_127778,S Homutov,1,1,48,46,2,94,2021-08-16 10:47:00,515314
Oleksiy Shindel_1140203725,Oleksiy Shindel,-3,0,23,33,-10,56,2021-08-16 10:50:00,515315
Dmytro Khairov_175113,Dmytro Khairov,-3,0,19,34,-15,53,2021-08-16 10:50:00,515316
Mykhailo Senyk_175050,Mykhailo Senyk,-3,0,23,33,-10,56,2021-08-16 10:50:00,515317
Kostiantyn Kovalchuk_175128,Kostiantyn Kovalchuk,-3,0,24,33,-9,57,2021-08-16 10:55:00,515318
Andrii Kotik_230674174,Andrii Kotik,-1,0,44,48,-4,92,2021-08-16 10:55:00,515319
Jiri Cerny_175158,Jiri Cerny,-2,0,37,43,-6,80,2021-08-16 11:00:00,515320
Olha Panchyshyn_175060,Olha Panchyshyn,2,1,43,26,17,69,2021-08-16 11:00:00,515321
I Sergeevich_127777,I Sergeevich,-2,0,29,42,-13,71,2021-08-16 11:00:00,515322
Oleh Holiak_175143,Oleh Holiak,-1,0,44,46,-2,90,2021-08-16 11:00:00,515323
Artem Nesterenko_1929518930,Artem Nesterenko,3,1,35,28,7,63,2021-08-16 11:00:00,515324
Oliver Korp_28665,Oliver Korp,1,1,46,42,4,88,2021-08-16 11:01:00,515325
Volodymyr Tuchkevych_418038564,Volodymyr Tuchkevych,1,1,50,50,0,100,2021-08-16 11:05:00,515326
Roman Hnoievoi_175075,Roman Hnoievoi,1,1,52,44,8,96,2021-08-16 11:05:00,515327
Andrii Zeniuk_660287665,Andrii Zeniuk,-2,0,34,41,-7,75,2021-08-16 11:10:00,515328
Andrii Martyniuk_175090,Andrii Martyniuk,2,1,41,33,8,74,2021-08-16 11:10:00,515329
Spartak Abalmaz_1997687008,Spartak Abalmaz,2,1,41,31,10,72,2021-08-16 11:15:00,515330
V Rudenko_127781,V Rudenko,3,1,36,26,10,62,2021-08-16 11:15:00,515331
Vladyslav Stukalov_175105,Vladyslav Stukalov,-1,0,48,51,-3,99,2021-08-16 11:15:00,515332
Oleg Moshynskyy_781757560,Oleg Moshynskyy,1,1,46,47,-1,93,2021-08-16 11:15:00,515333
Dmytro Alekseenko_1682601039,Dmytro Alekseenko,1,1,57,50,7,107,2021-08-16 11:20:00,515334
Ihor Dubyna_175051,Ihor Dubyna,-3,0,20,33,-13,53,2021-08-16 11:20:00,515335
Stefan Yakimenko_175114,Stefan Yakimenko,-2,0,32,40,-8,72,2021-08-16 11:20:00,515336
A Golyshev_127779,A Golyshev,-3,0,17,33,-16,50,2021-08-16 11:22:00,515337
Vadym Komar_1698858280,Vadym Komar,3,1,34,27,7,61,2021-08-16 11:25:00,515338
Volodymyr Hainiuk_175129,Volodymyr Hainiuk,-1,0,43,39,4,82,2021-08-16 11:25:00,515339
Olha Kostiuk_175061,Olha Kostiuk,-1,0,44,51,-7,95,2021-08-16 11:30:00,515340
Vadym Nechyporuk_668806330,Vadym Nechyporuk,3,1,33,16,17,49,2021-08-16 11:30:00,515341
Stepan Rejent_175159,Stepan Rejent,-1,0,50,50,0,100,2021-08-16 11:30:00,515342
Mykola Shyshkin_175144,Mykola Shyshkin,2,1,36,32,4,68,2021-08-16 11:30:00,515343
F Kopecky_28666,F Kopecky,-2,0,39,45,-6,84,2021-08-16 11:31:00,515344
Artur Moriak_2019528475,Artur Moriak,-3,0,17,33,-16,50,2021-08-16 11:35:00,515345
Dmytro Rehotun_175076,Dmytro Rehotun,-3,0,22,34,-12,56,2021-08-16 11:35:00,515346
A Gerasimov_127689,A Gerasimov,1,1,56,53,3,109,2021-08-16 11:36:00,515347
Vasyl Kondratenko_175091,Vasyl Kondratenko,1,1,48,48,0,96,2021-08-16 11:40:00,515348
Bogdan Stasiuk_663363795,Bogdan Stasiuk,1,1,47,42,5,89,2021-08-16 11:40:00,515349
Dmytro Kunchurov_175106,Dmytro Kunchurov,1,1,46,36,10,82,2021-08-16 11:45:00,515350
Serhii Rutskyi_2136918868,Serhii Rutskyi,2,1,44,34,10,78,2021-08-16 11:45:00,515351
I Novikov_127655,I Novikov,-3,0,22,33,-11,55,2021-08-16 11:46:00,515352
D Petrochenko_127729,D Petrochenko,-3,0,26,34,-8,60,2021-08-16 11:48:00,515353
Rostyslav Fylypiv_175052,Rostyslav Fylypiv,3,1,36,30,6,66,2021-08-16 11:50:00,515354
Dmitriy Lebed_942147747,Dmitriy Lebed,-3,0,27,33,-6,60,2021-08-16 11:50:00,515355
Vitalii Mukhin_175115,Vitalii Mukhin,-1,0,46,49,-3,95,2021-08-16 11:50:00,515356
Roman Shtukovanyi_2114335463,Roman Shtukovanyi,2,1,41,32,9,73,2021-08-16 11:50:00,515357
Andrii Hrytsai_175130,Andrii Hrytsai,-1,0,43,49,-6,92,2021-08-16 11:55:00,515358
Serhii Skachenko_1258667196,Serhii Skachenko,3,1,33,23,10,56,2021-08-16 11:55:00,515359
Anastasia Degteva_175062,Anastasia Degteva,3,1,33,21,12,54,2021-08-16 12:00:00,515360
Serhii Prus_175145,Serhii Prus,-1,0,48,49,-1,97,2021-08-16 12:00:00,515361
Ruslan Hripun_990959762,Ruslan Hripun,2,1,39,34,5,73,2021-08-16 12:00:00,515362
F Kopecky_28691,F Kopecky,1,1,54,50,4,104,2021-08-16 12:01:00,515363
Jiri Cerny_175301,Jiri Cerny,2,1,41,30,11,71,2021-08-16 12:05:00,515364
Ruslan Solomko_175077,Ruslan Solomko,2,1,42,32,10,74,2021-08-16 12:05:00,515365
Anton Molochko_245292925,Anton Molochko,-3,0,22,34,-12,56,2021-08-16 12:05:00,515366
A Kazakov_127690,A Kazakov,3,1,33,15,18,48,2021-08-16 12:08:00,515367
Oleksandr Staryi_667318729,Oleksandr Staryi,2,1,39,36,3,75,2021-08-16 12:10:00,515368
Oleg Kolivay_175092,Oleg Kolivay,2,1,40,31,9,71,2021-08-16 12:10:00,515369
Ihor Emets_175107,Ihor Emets,3,1,34,23,11,57,2021-08-16 12:15:00,515370
I Minchenkov_127656,I Minchenkov,-3,0,28,37,-9,65,2021-08-16 12:15:00,515371
Andrii Tsikhotskyi_1776579419,Andrii Tsikhotskyi,1,1,52,44,8,96,2021-08-16 12:15:00,515372
S Nikulin_127730,S Nikulin,-1,0,53,54,-1,107,2021-08-16 12:16:00,515373
Nazarii Haievyi_1963401902,Nazarii Haievyi,3,1,33,24,9,57,2021-08-16 12:20:00,515374
Oleksandr Bryzhevatyi_175116,Oleksandr Bryzhevatyi,3,1,33,21,12,54,2021-08-16 12:20:00,515375
Mykhailo Hlaholev_175053,Mykhailo Hlaholev,1,1,47,47,0,94,2021-08-16 12:20:00,515376
Serhii Poliakov_986736248,Serhii Poliakov,1,1,51,48,3,99,2021-08-16 12:25:00,515377
Spartak Abalmaz_481525492,Spartak Abalmaz,1,1,51,40,11,91,2021-08-16 12:25:00,515378
Andrii Novikov_175131,Andrii Novikov,1,1,49,44,5,93,2021-08-16 12:25:00,515379
Vladyslav-Ivan Sheremeta_175146,Vladyslav-Ivan Sheremeta,-2,0,41,46,-5,87,2021-08-16 12:30:00,515380
V Kutin_127691,V Kutin,-2,0,24,40,-16,64,2021-08-16 12:30:00,515381
Liliia Nerush_175063,Liliia Nerush,3,1,37,27,10,64,2021-08-16 12:30:00,515382
Igor Sukovatyi_1904491581,Igor Sukovatyi,-3,0,21,33,-12,54,2021-08-16 12:30:00,515383
Oliver Korp_28692,Oliver Korp,1,1,50,42,8,92,2021-08-16 12:31:00,515384
Jakub Jenicek_175302,Jakub Jenicek,-1,0,46,45,1,91,2021-08-16 12:35:00,515385
Pavlo Plushch_1562320606,Pavlo Plushch,-1,0,39,45,-6,84,2021-08-16 12:35:00,515386
Yurii Kolesnyk_175078,Yurii Kolesnyk,3,1,33,14,19,47,2021-08-16 12:35:00,515387
Andrii Kotik_42927000,Andrii Kotik,2,1,41,27,14,68,2021-08-16 12:40:00,515388
Andrii Obishchenko_175093,Andrii Obishchenko,2,1,42,36,6,78,2021-08-16 12:40:00,515389
P Medvedev_127657,P Medvedev,3,1,33,21,12,54,2021-08-16 12:45:00,515390
Oleh Yurenev_175108,Oleh Yurenev,2,1,39,31,8,70,2021-08-16 12:45:00,515391
Artem Nesterenko_148474244,Artem Nesterenko,2,1,50,42,8,92,2021-08-16 12:45:00,515392
Dmytro Khairov_175117,Dmytro Khairov,-3,0,27,37,-10,64,2021-08-16 12:50:00,515393
Volodymyr Tuchkevych_1139157860,Volodymyr Tuchkevych,-1,0,49,44,5,93,2021-08-16 12:50:00,515394
Kostiantyn Kovalchuk_175132,Kostiantyn Kovalchuk,-2,0,38,40,-2,78,2021-08-16 12:55:00,515395
Andrii Zeniuk_536097427,Andrii Zeniuk,-3,0,21,33,-12,54,2021-08-16 12:55:00,515396
A Klavdenkov_127731,A Klavdenkov,1,1,50,50,0,100,2021-08-16 12:58:00,515397
Olha Panchyshyn_175064,Olha Panchyshyn,-2,0,32,40,-8,72,2021-08-16 13:00:00,515398
Filip Vesely_175277,Filip Vesely,-3,0,13,33,-20,46,2021-08-16 13:00:00,515399
Ihor Dubyna_175303,Ihor Dubyna,2,1,39,36,3,75,2021-08-16 13:00:00,515400
Oleh Holiak_175147,Oleh Holiak,2,1,35,32,3,67,2021-08-16 13:00:00,515401
Oleg Moshynskyy_937106496,Oleg Moshynskyy,2,1,42,33,9,75,2021-08-16 13:00:00,515402
Vadym Grushko_51372748,Vadym Grushko,-2,0,32,39,-7,71,2021-08-16 13:00:00,515403
A Shmakov_127692,A Shmakov,-3,0,14,33,-19,47,2021-08-16 13:02:00,515404
Ruslan Ivanov_1861364183,Ruslan Ivanov,-3,0,16,34,-18,50,2021-08-16 13:05:00,515405
Roman Hnoievoi_175079,Roman Hnoievoi,3,1,33,19,14,52,2021-08-16 13:05:00,515406
Ja Prokupek_28667,Ja Prokupek,1,1,49,44,5,93,2021-08-16 13:09:00,515407
Andrii Martyniuk_175094,Andrii Martyniuk,-1,0,46,45,1,91,2021-08-16 13:10:00,515408
Oleksiy Shindel_912927026,Oleksiy Shindel,-2,0,34,42,-8,76,2021-08-16 13:10:00,515409
Nazarii Hrytsyienko_1332669326,Nazarii Hrytsyienko,-2,0,33,44,-11,77,2021-08-16 13:15:00,515410
V Kalachev_127658,V Kalachev,-1,0,53,56,-3,109,2021-08-16 13:15:00,515411
Stefan Yakimenko_175118,Stefan Yakimenko,-2,0,27,38,-11,65,2021-08-16 13:20:00,515412
Vitalii Protopopov_507628966,Vitalii Protopopov,2,1,42,34,8,76,2021-08-16 13:20:00,515413
Serhii Hilitukha_2028976432,Serhii Hilitukha,-1,0,53,54,-1,107,2021-08-16 13:25:00,515414
Volodymyr Hainiuk_175133,Volodymyr Hainiuk,2,1,40,33,7,73,2021-08-16 13:25:00,515415
Petr Vanek_175278,Petr Vanek,2,1,40,34,6,74,2021-08-16 13:30:00,515416
Vitalii Zharskiy_6116135,Vitalii Zharskiy,-2,0,39,39,0,78,2021-08-16 13:30:00,515417
Oleksandr Maslovskyi_175304,Oleksandr Maslovskyi,1,1,50,52,-2,102,2021-08-16 13:30:00,515418
Mykola Shyshkin_175148,Mykola Shyshkin,-3,0,21,33,-12,54,2021-08-16 13:30:00,515419
Anastasia Degteva_175065,Anastasia Degteva,-1,0,38,49,-11,87,2021-08-16 13:30:00,515420
V Kutin_127693,V Kutin,-2,0,50,51,-1,101,2021-08-16 13:31:00,515421
B Grebenyuk_127732,B Grebenyuk,3,1,33,25,8,58,2021-08-16 13:34:00,515422
Yevhenii Holoborodko_1980955660,Yevhenii Holoborodko,-2,0,32,40,-8,72,2021-08-16 13:35:00,515423
Ruslan Solomko_175080,Ruslan Solomko,-1,0,44,47,-3,91,2021-08-16 13:35:00,515424
Spartak Abalmaz_1970935388,Spartak Abalmaz,2,1,38,30,8,68,2021-08-16 13:35:00,515425
Dmytro Kunchurov_175305,Dmytro Kunchurov,-1,0,45,50,-5,95,2021-08-16 13:35:00,515426
Jo Belovsky_28668,Jo Belovsky,1,1,53,44,9,97,2021-08-16 13:39:00,515427
Dmytro Alekseenko_2002889802,Dmytro Alekseenko,3,1,34,22,12,56,2021-08-16 13:40:00,515428
Oleg Kolivay_175095,Oleg Kolivay,-3,0,16,34,-18,50,2021-08-16 13:40:00,515429
Vadym Komar_1210866216,Vadym Komar,1,1,50,45,5,95,2021-08-16 13:45:00,515430
Vadym Nechyporuk_954374388,Vadym Nechyporuk,-3,0,27,37,-10,64,2021-08-16 13:50:00,515431
Vitalii Mukhin_175119,Vitalii Mukhin,-2,0,35,36,-1,71,2021-08-16 13:50:00,515432
A Klavdenkov_127733,A Klavdenkov,1,1,50,40,10,90,2021-08-16 13:54:00,515433
Andrii Hrytsai_175134,Andrii Hrytsai,-2,0,35,41,-6,76,2021-08-16 13:55:00,515434
Artur Moriak_504675968,Artur Moriak,-1,0,48,48,0,96,2021-08-16 13:55:00,515435
Serhii Prus_175149,Serhii Prus,1,1,53,54,-1,107,2021-08-16 14:00:00,515436
Tamara Kravchuk_175066,Tamara Kravchuk,3,1,33,23,10,56,2021-08-16 14:00:00,515437
Petr Vanek_175279,Petr Vanek,-1,0,45,49,-4,94,2021-08-16 14:00:00,515438
P Medvedev_127659,P Medvedev,2,1,39,24,15,63,2021-08-16 14:00:00,515439
Bogdan Stasiuk_1881178449,Bogdan Stasiuk,1,1,56,51,5,107,2021-08-16 14:00:00,515440
A Kazakov_127694,A Kazakov,2,1,40,28,12,68,2021-08-16 14:02:00,515441
Oleksandr Lykhytskyi_175081,Oleksandr Lykhytskyi,-1,0,44,44,0,88,2021-08-16 14:05:00,515442
Volodymyr Kononikhin_175306,Volodymyr Kononikhin,2,1,39,35,4,74,2021-08-16 14:05:00,515443
Serhii Rutskyi_40153110,Serhii Rutskyi,-2,0,30,42,-12,72,2021-08-16 14:05:00,515444
Vadym Grushko_1126676430,Vadym Grushko,1,1,52,48,4,100,2021-08-16 14:10:00,515445
Roman Shtukovanyi_1010115168,Roman Shtukovanyi,3,1,33,22,11,55,2021-08-16 14:10:00,515446
Valeriy Kolesnykov_175096,Valeriy Kolesnykov,2,1,45,36,9,81,2021-08-16 14:10:00,515447
Igor Sukovatyi_2001045485,Igor Sukovatyi,2,1,37,30,7,67,2021-08-16 14:15:00,515448
L Adamec_28669,L Adamec,3,1,41,35,6,76,2021-08-16 14:16:00,515449
I Minchenkov_127660,I Minchenkov,1,1,49,47,2,96,2021-08-16 14:17:00,515450
Dmytro Khairov_175120,Dmytro Khairov,-3,0,24,36,-12,60,2021-08-16 14:20:00,515451
S Nikulin_127734,S Nikulin,-1,0,42,47,-5,89,2021-08-16 14:21:00,515452
Nazarii Hrytsyienko_60276049,Nazarii Hrytsyienko,1,1,55,51,4,106,2021-08-16 14:25:00,515453
Kostiantyn Kovalchuk_175135,Kostiantyn Kovalchuk,-2,0,27,39,-12,66,2021-08-16 14:25:00,515454
Artur Moriak_955550266,Artur Moriak,2,1,45,43,2,88,2021-08-16 14:30:00,515455
Filip Vesely_175280,Filip Vesely,-2,0,27,43,-16,70,2021-08-16 14:30:00,515456
Anastasia Degteva_175067,Anastasia Degteva,1,1,47,42,5,89,2021-08-16 14:30:00,515457
Oleh Holiak_175150,Oleh Holiak,2,1,42,37,5,79,2021-08-16 14:30:00,515458
V Kutin_127800,V Kutin,-1,0,51,58,-7,109,2021-08-16 14:31:00,515459
Ruslan Solomko_175082,Ruslan Solomko,1,1,46,39,7,85,2021-08-16 14:35:00,515460
Volodymyr Tuchkevych_2103400439,Volodymyr Tuchkevych,-2,0,28,37,-9,65,2021-08-16 14:35:00,515461
Oleg Kolivay_175097,Oleg Kolivay,2,1,44,29,15,73,2021-08-16 14:40:00,515462
Serhii Rutskyi_1413427737,Serhii Rutskyi,-1,0,44,54,-10,98,2021-08-16 14:40:00,515463
Ja Sucharda_28670,Ja Sucharda,-3,0,30,36,-6,66,2021-08-16 14:41:00,515464
Sergiy Akhlamov_194099008,Sergiy Akhlamov,3,1,38,26,12,64,2021-08-16 14:45:00,515465
Spartak Abalmaz_1997723904,Spartak Abalmaz,2,1,43,30,13,73,2021-08-16 14:45:00,515466
Vadym Kucheriavyi_175121,Vadym Kucheriavyi,2,1,42,38,4,80,2021-08-16 14:50:00,515467
Andriy Chermenskyi_977476329,Andriy Chermenskyi,-1,0,43,47,-4,90,2021-08-16 14:50:00,515468
S Nikulin_127802,S Nikulin,-1,0,43,43,0,86,2021-08-16 14:54:00,515469
Vitalii Husiev_175136,Vitalii Husiev,-2,0,26,40,-14,66,2021-08-16 14:55:00,515470
Oleksandr Dziabura_820666041,Oleksandr Dziabura,-2,0,42,45,-3,87,2021-08-16 14:55:00,515471
Vladimir Lushnikov_2025662302,Vladimir Lushnikov,1,1,48,50,-2,98,2021-08-16 15:00:00,515472
Viktor Kodola_175151,Viktor Kodola,-2,0,21,40,-19,61,2021-08-16 15:00:00,515473
Ondrej Konvalinka_175281,Ondrej Konvalinka,2,1,46,37,9,83,2021-08-16 15:00:00,515474
I Novikov_127804,I Novikov,-1,0,34,44,-10,78,2021-08-16 15:00:00,515475
Olha Kostiuk_175068,Olha Kostiuk,-1,0,50,48,2,98,2021-08-16 15:00:00,515476
Dmytro Rehotun_175083,Dmytro Rehotun,3,1,33,17,16,50,2021-08-16 15:05:00,515477
Oleksandr Staryi_1262518958,Oleksandr Staryi,-2,0,40,38,2,78,2021-08-16 15:05:00,515478
L Adamec_28671,L Adamec,2,1,40,36,4,76,2021-08-16 15:06:00,515479
A Gerasimov_127801,A Gerasimov,-2,0,39,44,-5,83,2021-08-16 15:07:00,515480
Andrii Tsikhotskyi_1339416082,Andrii Tsikhotskyi,3,1,33,22,11,55,2021-08-16 15:10:00,515481
Vasyl Kondratenko_175098,Vasyl Kondratenko,1,1,45,43,2,88,2021-08-16 15:10:00,515482
Vitalii Zharskiy_1065043566,Vitalii Zharskiy,2,1,40,33,7,73,2021-08-16 15:15:00,515483
B Grebenyuk_127803,B Grebenyuk,2,1,41,29,12,70,2021-08-16 15:19:00,515484
Oleg Moshynskyy_990391718,Oleg Moshynskyy,-2,0,37,43,-6,80,2021-08-16 15:20:00,515485
Dmytro Khairov_175122,Dmytro Khairov,-2,0,32,36,-4,68,2021-08-16 15:20:00,515486
Nazar Mosiuk_175160,Nazar Mosiuk,1,1,49,44,5,93,2021-08-16 15:20:00,515487
Dmitriy Lebed_942290208,Dmitriy Lebed,-1,0,41,52,-11,93,2021-08-16 15:20:00,515488
Kostiantyn Kovalchuk_175137,Kostiantyn Kovalchuk,2,1,37,37,0,74,2021-08-16 15:25:00,515489
Igor Sukovatyi_1291846081,Igor Sukovatyi,-2,0,36,42,-6,78,2021-08-16 15:25:00,515490
I Minchenkov_127805,I Minchenkov,-3,0,25,33,-8,58,2021-08-16 15:26:00,515491
Pavlo Plushch_2084683017,Pavlo Plushch,2,1,39,28,11,67,2021-08-16 15:30:00,515492
Anastasiia Moskaliuk_175172,Anastasiia Moskaliuk,-1,0,46,54,-8,100,2021-08-16 15:30:00,515493
Oleh Holiak_175152,Oleh Holiak,-3,0,25,34,-9,59,2021-08-16 15:30:00,515494
Filip Vesely_175282,Filip Vesely,-1,0,42,51,-9,93,2021-08-16 15:30:00,515495
Jo Belovsky_28672,Jo Belovsky,3,1,36,27,9,63,2021-08-16 15:32:00,515496
S Muslikov_127695,S Muslikov,-1,0,46,53,-7,99,2021-08-16 15:34:00,515497
Anton Myrza_901463464,Anton Myrza,1,1,47,45,2,92,2021-08-16 15:35:00,515498
Rustam Halimbaiev_175268,Rustam Halimbaiev,-2,0,36,44,-8,80,2021-08-16 15:35:00,515499
Andrii Troyan_2131325285,Andrii Troyan,1,1,48,46,2,94,2021-08-16 15:40:00,515500
Ivan Efimenko_175202,Ivan Efimenko,-1,0,41,47,-6,88,2021-08-16 15:40:00,515501
Halyna Burtseva_175212,Halyna Burtseva,-1,0,40,46,-6,86,2021-08-16 15:45:00,515502
A Agapov_127735,A Agapov,2,1,39,24,15,63,2021-08-16 15:48:00,515503
Oleg Kuravsky_1413012735,Oleg Kuravsky,-2,0,34,40,-6,74,2021-08-16 15:50:00,515504
Yaroslav Kravets_175161,Yaroslav Kravets,3,1,33,18,15,51,2021-08-16 15:50:00,515505
Oleksandr Bryzhevatyi_175123,Oleksandr Bryzhevatyi,2,1,43,31,12,74,2021-08-16 15:50:00,515506
O Belugin_127661,O Belugin,-1,0,43,50,-7,93,2021-08-16 15:52:00,515507
Andrii Novikov_175138,Andrii Novikov,-2,0,30,43,-13,73,2021-08-16 15:55:00,515508
Dmytro Derevinskyi_1678966612,Dmytro Derevinskyi,-1,0,48,47,1,95,2021-08-16 15:55:00,515509
Serhii Skachenko_1119407716,Serhii Skachenko,3,1,33,26,7,59,2021-08-16 16:00:00,515510
Vladyslav-Ivan Sheremeta_175153,Vladyslav-Ivan Sheremeta,3,1,33,22,11,55,2021-08-16 16:00:00,515511
Yuliia Yemelianenko_175173,Yuliia Yemelianenko,-3,0,22,33,-11,55,2021-08-16 16:00:00,515512
Jiri Plachy_175307,Jiri Plachy,3,1,37,29,8,66,2021-08-16 16:05:00,515513
Artem Lisechko_175269,Artem Lisechko,2,1,50,42,8,92,2021-08-16 16:05:00,515514
Ja Sucharda_28717,Ja Sucharda,-1,0,45,51,-6,96,2021-08-16 16:08:00,515515
M Sverdlov_127696,M Sverdlov,2,1,43,34,9,77,2021-08-16 16:09:00,515516
Dmytro Lazuryk_175203,Dmytro Lazuryk,2,1,45,38,7,83,2021-08-16 16:10:00,515517
Viacheslav Sereda_209400590,Viacheslav Sereda,3,1,33,20,13,53,2021-08-16 16:10:00,515518
Karina Zharkova_175213,Karina Zharkova,-1,0,60,64,-4,124,2021-08-16 16:15:00,515519
Andrii Isaiev_1187091484,Andrii Isaiev,-1,0,35,46,-11,81,2021-08-16 16:15:00,515520
V Demchenko_127736,V Demchenko,-2,0,32,42,-10,74,2021-08-16 16:16:00,515521
S Ovechkin_127662,S Ovechkin,3,1,33,21,12,54,2021-08-16 16:19:00,515522
Serhii Berezynskyi_983116548,Serhii Berezynskyi,-1,0,45,52,-7,97,2021-08-16 16:20:00,515523
Yaroslav Kravets_175162,Yaroslav Kravets,3,1,36,24,12,60,2021-08-16 16:20:00,515524
Oleksandr Hainovskyi_1194143115,Oleksandr Hainovskyi,-2,0,34,42,-8,76,2021-08-16 16:25:00,515525
Serhii Tkachev_175222,Serhii Tkachev,-1,0,54,48,6,102,2021-08-16 16:25:00,515526
Vitalii Solovei_346281144,Vitalii Solovei,2,1,41,30,11,71,2021-08-16 16:30:00,515527
Anastasiia Kozak_175174,Anastasiia Kozak,-1,0,48,53,-5,101,2021-08-16 16:30:00,515528
Ondrej Konvalinka_175308,Ondrej Konvalinka,2,1,38,29,9,67,2021-08-16 16:35:00,515529
Denys Shcherbak_1086272179,Denys Shcherbak,3,1,34,24,10,58,2021-08-16 16:35:00,515530
Vitalii Kyilo_175189,Vitalii Kyilo,3,1,37,24,13,61,2021-08-16 16:35:00,515531
Andrii Datsenko_376896266,Andrii Datsenko,-1,0,43,52,-9,95,2021-08-16 16:40:00,515532
Ivan Efimenko_175204,Ivan Efimenko,3,1,33,20,13,53,2021-08-16 16:40:00,515533
L Adamec_28718,L Adamec,-1,0,44,58,-14,102,2021-08-16 16:40:00,515534
E Anisimov_127697,E Anisimov,3,1,33,24,9,57,2021-08-16 16:41:00,515535
Anton Myrza_1880576212,Anton Myrza,1,1,50,47,3,97,2021-08-16 16:45:00,515536
Halyna Burtseva_175214,Halyna Burtseva,-2,0,36,44,-8,80,2021-08-16 16:45:00,515537
K Bystrushkin_127737,K Bystrushkin,3,1,33,23,10,56,2021-08-16 16:45:00,515538
A KHanevskii_127663,A KHanevskii,1,1,51,49,2,100,2021-08-16 16:47:00,515539
Nazar Mosiuk_175163,Nazar Mosiuk,1,1,47,53,-6,100,2021-08-16 16:50:00,515540
Andrii Troyan_2140411069,Andrii Troyan,-2,0,33,43,-10,76,2021-08-16 16:50:00,515541
Oleksandr Kovalchuk_175223,Oleksandr Kovalchuk,1,1,43,41,2,84,2021-08-16 16:55:00,515542
Roman Rybachuk_531822409,Roman Rybachuk,3,1,33,20,13,53,2021-08-16 16:55:00,515543
Oleg Kuravsky_47649982,Oleg Kuravsky,-2,0,34,42,-8,76,2021-08-16 17:00:00,515544
David Ako_175283,David Ako,3,1,33,17,16,50,2021-08-16 17:00:00,515545
Yuliia Yemelianenko_175175,Yuliia Yemelianenko,3,1,33,22,11,55,2021-08-16 17:00:00,515546
V Nemashkalo_127698,V Nemashkalo,2,1,45,33,12,78,2021-08-16 17:04:00,515547
Dmytro Derevinskyi_1030306913,Dmytro Derevinskyi,3,1,33,19,14,52,2021-08-16 17:05:00,515548
Artem Lisechko_175270,Artem Lisechko,-1,0,50,51,-1,101,2021-08-16 17:05:00,515549
Yurii Kurishchenko_175205,Yurii Kurishchenko,-2,0,37,40,-3,77,2021-08-16 17:10:00,515550
Denys Shcherbak_926491866,Denys Shcherbak,-2,0,33,43,-10,76,2021-08-16 17:10:00,515551
Serhii Ponomarenko_1974092836,Serhii Ponomarenko,2,1,43,33,10,76,2021-08-16 17:15:00,515552
V Shirshov_127738,V Shirshov,-2,0,29,38,-9,67,2021-08-16 17:15:00,515553
Nadiia Kovtun_175215,Nadiia Kovtun,1,1,53,48,5,101,2021-08-16 17:15:00,515554
A Barton_28673,A Barton,-2,0,33,38,-5,71,2021-08-16 17:17:00,515555
S Lanin_127664,S Lanin,1,1,49,50,-1,99,2021-08-16 17:17:00,515556
Mykhailo Kistechko_175164,Mykhailo Kistechko,3,1,33,17,16,50,2021-08-16 17:20:00,515557
Viacheslav Sereda_1661068046,Viacheslav Sereda,1,1,46,47,-1,93,2021-08-16 17:20:00,515558
Andrii Isaiev_655419853,Andrii Isaiev,2,1,38,34,4,72,2021-08-16 17:25:00,515559
Igor Talalai_175224,Igor Talalai,2,1,40,24,16,64,2021-08-16 17:25:00,515560
Jaromir Janda_175284,Jaromir Janda,2,1,46,34,12,80,2021-08-16 17:30:00,515561
Anastasiia Moskaliuk_175176,Anastasiia Moskaliuk,2,1,39,29,10,68,2021-08-16 17:30:00,515562
Serhii Berezynskyi_592131918,Serhii Berezynskyi,-1,0,45,51,-6,96,2021-08-16 17:30:00,515563
Rustam Halimbaiev_175271,Rustam Halimbaiev,2,1,38,33,5,71,2021-08-16 17:35:00,515564
Oleksii Romaniv_1714309308,Oleksii Romaniv,2,1,40,32,8,72,2021-08-16 17:35:00,515565
E Anisimov_127699,E Anisimov,2,1,43,34,9,77,2021-08-16 17:35:00,515566
Vitalii Solovei_446833494,Vitalii Solovei,3,1,35,25,10,60,2021-08-16 17:40:00,515567
Dmytro Lazuryk_175206,Dmytro Lazuryk,2,1,42,37,5,79,2021-08-16 17:40:00,515568
R Rose_28674,R Rose,-2,0,45,48,-3,93,2021-08-16 17:40:00,515569
Karina Zharkova_175216,Karina Zharkova,2,1,42,37,5,79,2021-08-16 17:45:00,515570
Serhii Ponomarenko_1553106546,Serhii Ponomarenko,1,1,52,43,9,95,2021-08-16 17:45:00,515571
K Bystrushkin_127739,K Bystrushkin,2,1,42,35,7,77,2021-08-16 17:46:00,515572
Nazar Mosiuk_175165,Nazar Mosiuk,-2,0,34,42,-8,76,2021-08-16 17:50:00,515573
Denys Shcherbak_1967211181,Denys Shcherbak,1,1,51,36,15,87,2021-08-16 17:50:00,515574
A KHanevskii_127665,A KHanevskii,1,1,55,48,7,103,2021-08-16 17:53:00,515575
Oleksandr Kovalchuk_175225,Oleksandr Kovalchuk,3,1,33,12,21,45,2021-08-16 17:55:00,515576
Anton Myrza_1006774582,Anton Myrza,-1,0,50,48,2,98,2021-08-16 17:55:00,515577
Nadiia Harmash_175177,Nadiia Harmash,3,1,37,28,9,65,2021-08-16 18:00:00,515578
Jaromir Janda_175285,Jaromir Janda,2,1,38,34,4,72,2021-08-16 18:00:00,515579
Andrii Troyan_563347591,Andrii Troyan,-2,0,29,38,-9,67,2021-08-16 18:00:00,515580
M Sverdlov_127700,M Sverdlov,2,1,39,23,16,62,2021-08-16 18:03:00,515581
Roman Rybachuk_1101703944,Roman Rybachuk,3,1,33,20,13,53,2021-08-16 18:05:00,515582
Serhii Pitsyk_175192,Serhii Pitsyk,-2,0,43,47,-4,90,2021-08-16 18:05:00,515583
Oleksandr Hainovskyi_1083258877,Oleksandr Hainovskyi,-1,0,46,50,-4,96,2021-08-16 18:10:00,515584
Ivan Efimenko_175207,Ivan Efimenko,-2,0,36,39,-3,75,2021-08-16 18:10:00,515585
T Batthyany_28675,T Batthyany,2,1,53,39,14,92,2021-08-16 18:13:00,515586
Dmytro Derevinskyi_954850201,Dmytro Derevinskyi,-2,0,35,39,-4,74,2021-08-16 18:15:00,515587
Halyna Burtseva_175217,Halyna Burtseva,-3,0,15,33,-18,48,2021-08-16 18:15:00,515588
V Demchenko_127740,V Demchenko,1,1,45,38,7,83,2021-08-16 18:16:00,515589
Roman Zholubak_175166,Roman Zholubak,1,1,51,46,5,97,2021-08-16 18:20:00,515590
Denys Shcherbak_1082093021,Denys Shcherbak,1,1,55,51,4,106,2021-08-16 18:20:00,515591
S Ovechkin_127666,S Ovechkin,-3,0,25,33,-8,58,2021-08-16 18:21:00,515592
Andrii Datsenko_1116425449,Andrii Datsenko,-1,0,48,52,-4,100,2021-08-16 18:25:00,515593
Serhii Tkachev_175226,Serhii Tkachev,-3,0,23,33,-10,56,2021-08-16 18:25:00,515594
David Ako_175286,David Ako,2,1,39,34,5,73,2021-08-16 18:30:00,515595
Anastasiia Kozak_175178,Anastasiia Kozak,-1,0,40,51,-11,91,2021-08-16 18:30:00,515596
Anatolii Zapletniuk_363621790,Anatolii Zapletniuk,-2,0,31,41,-10,72,2021-08-16 18:30:00,515597
S Muslikov_127890,S Muslikov,-3,0,25,34,-9,59,2021-08-16 18:35:00,515598
Dmitriy Zaporozhets_1063844056,Dmitriy Zaporozhets,2,1,42,30,12,72,2021-08-16 18:35:00,515599
Vitalii Kyilo_175193,Vitalii Kyilo,2,1,43,30,13,73,2021-08-16 18:35:00,515600
Dmytro Lazuryk_175208,Dmytro Lazuryk,-2,0,34,41,-7,75,2021-08-16 18:40:00,515601
Serhii Berezynskyi_1261001228,Serhii Berezynskyi,3,1,35,17,18,52,2021-08-16 18:40:00,515602
Jr. Mecl_28676,Jr. Mecl,-3,0,29,37,-8,66,2021-08-16 18:43:00,515603
Karina Zharkova_175218,Karina Zharkova,3,1,33,18,15,51,2021-08-16 18:45:00,515604
Oleg Kuravsky_1677913206,Oleg Kuravsky,3,1,33,20,13,53,2021-08-16 18:45:00,515605
Serhii Pokidko_631288820,Serhii Pokidko,2,1,49,34,15,83,2021-08-16 18:50:00,515606
Yaroslav Kravets_175167,Yaroslav Kravets,3,1,33,20,13,53,2021-08-16 18:50:00,515607
V Shirshov_127894,V Shirshov,2,1,38,37,1,75,2021-08-16 18:52:00,515608
S Ovechkin_127892,S Ovechkin,-3,0,18,33,-15,51,2021-08-16 18:52:00,515609
Nikita Vilenchyts_175227,Nikita Vilenchyts,3,1,41,34,7,75,2021-08-16 18:55:00,515610
Denys Shcherbak_1224700374,Denys Shcherbak,-2,0,37,43,-6,80,2021-08-16 18:55:00,515611
Yuliia Yemelianenko_175179,Yuliia Yemelianenko,-3,0,22,33,-11,55,2021-08-16 19:00:00,515612
Serhii Ponomarenko_1981531176,Serhii Ponomarenko,3,1,33,21,12,54,2021-08-16 19:00:00,515613
Dominik Marasek_175287,Dominik Marasek,2,1,43,27,16,70,2021-08-16 19:00:00,515614
M Sverdlov_127891,M Sverdlov,3,1,35,26,9,61,2021-08-16 19:02:00,515615
T Batthyany_28677,T Batthyany,2,1,41,34,7,75,2021-08-16 19:04:00,515616
Viacheslav Sereda_818357543,Viacheslav Sereda,-2,0,31,37,-6,68,2021-08-16 19:05:00,515617
Artem Lisechko_175272,Artem Lisechko,-2,0,31,42,-11,73,2021-08-16 19:05:00,515618
Yurii Kurishchenko_175209,Yurii Kurishchenko,-2,0,33,41,-8,74,2021-08-16 19:10:00,515619
Andrii Isaiev_2072835738,Andrii Isaiev,-2,0,41,44,-3,85,2021-08-16 19:10:00,515620
Nadiia Kovtun_175219,Nadiia Kovtun,-1,0,42,44,-2,86,2021-08-16 19:15:00,515621
Mykola Tovkach_1379624412,Mykola Tovkach,-2,0,34,44,-10,78,2021-08-16 19:15:00,515622
A KHanevskii_127893,A KHanevskii,3,1,33,23,10,56,2021-08-16 19:15:00,515623
V Demchenko_127895,V Demchenko,-1,0,37,49,-12,86,2021-08-16 19:16:00,515624
Oleksii Romaniv_951650002,Oleksii Romaniv,-3,0,29,36,-7,65,2021-08-16 19:20:00,515625
Mykhailo Kistechko_175168,Mykhailo Kistechko,3,1,33,22,11,55,2021-08-16 19:20:00,515626
Yurii Shmyndra_175237,Yurii Shmyndra,-3,0,20,33,-13,53,2021-08-16 19:20:00,515627
Igor Talalai_175228,Igor Talalai,1,1,49,39,10,88,2021-08-16 19:25:00,515628
Dmytro Derevinskyi_1678541407,Dmytro Derevinskyi,3,1,34,26,8,60,2021-08-16 19:25:00,515629
Anastasiia Moskaliuk_175180,Anastasiia Moskaliuk,1,1,56,50,6,106,2021-08-16 19:30:00,515630
V Chernov_127701,V Chernov,3,1,35,18,17,53,2021-08-16 19:30:00,515631
David Ako_175288,David Ako,-1,0,44,53,-9,97,2021-08-16 19:30:00,515632
Serhii Ponomarenko_66793832,Serhii Ponomarenko,-2,0,33,43,-10,76,2021-08-16 19:30:00,515633
R Rose_28678,R Rose,-2,0,29,40,-11,69,2021-08-16 19:31:00,515634
Rustam Halimbaiev_175273,Rustam Halimbaiev,3,1,34,22,12,56,2021-08-16 19:35:00,515635
Denys Shcherbak_183943012,Denys Shcherbak,-1,0,52,56,-4,108,2021-08-16 19:35:00,515636
Anton Myrza_1420073518,Anton Myrza,3,1,34,23,11,57,2021-08-16 19:40:00,515637
Ivan Efimenko_175210,Ivan Efimenko,2,1,42,30,12,72,2021-08-16 19:40:00,515638
Halyna Burtseva_175220,Halyna Burtseva,-3,0,14,33,-19,47,2021-08-16 19:45:00,515639
I Soldatov_127667,I Soldatov,1,1,52,55,-3,107,2021-08-16 19:45:00,515640
Andrii Troyan_458179269,Andrii Troyan,-1,0,48,52,-4,100,2021-08-16 19:45:00,515641
Roman Zholubak_175169,Roman Zholubak,1,1,51,47,4,98,2021-08-16 19:50:00,515642
Roman Rybachuk_49850220,Roman Rybachuk,-3,0,26,33,-7,59,2021-08-16 19:50:00,515643
Oleksandr Zaporozhets_175238,Oleksandr Zaporozhets,3,1,34,23,11,57,2021-08-16 19:50:00,515644
A Girevenkov_127741,A Girevenkov,2,1,43,31,12,74,2021-08-16 19:51:00,515645
Oleksandr Hainovskyi_2064668375,Oleksandr Hainovskyi,-3,0,17,33,-16,50,2021-08-16 19:55:00,515646
Oleksandr Kovalchuk_175229,Oleksandr Kovalchuk,-2,0,28,39,-11,67,2021-08-16 19:55:00,515647
Nadiia Harmash_175181,Nadiia Harmash,2,1,40,35,5,75,2021-08-16 20:00:00,515648
Vitalii Solovei_2054361704,Vitalii Solovei,-2,0,34,40,-6,74,2021-08-16 20:00:00,515649
I Mihaylov_127702,I Mihaylov,-2,0,34,42,-8,76,2021-08-16 20:01:00,515650
Jr. Mecl_28719,Jr. Mecl,-1,0,46,49,-3,95,2021-08-16 20:02:00,515651
Serhii Pitsyk_175196,Serhii Pitsyk,3,1,34,24,10,58,2021-08-16 20:05:00,515652
Oleksandr Brezytskyi_563917270,Oleksandr Brezytskyi,-3,0,21,33,-12,54,2021-08-16 20:05:00,515653
Oleksii Tiutiunnyk_1455323360,Oleksii Tiutiunnyk,1,1,46,43,3,89,2021-08-16 20:10:00,515654
David Zaruba_175557,David Zaruba,-1,0,43,57,-14,100,2021-08-16 20:10:00,515655
Valeriy Vlasenko_175211,Valeriy Vlasenko,-2,0,31,42,-11,73,2021-08-16 20:10:00,515656
Yaroslava Pachich_175221,Yaroslava Pachich,3,1,33,17,16,50,2021-08-16 20:15:00,515657
Viacheslav Sereda_1276859652,Viacheslav Sereda,-2,0,28,45,-17,73,2021-08-16 20:15:00,515658
E Masokin_127742,E Masokin,2,1,39,37,2,76,2021-08-16 20:18:00,515659
Andrii Isaiev_540987406,Andrii Isaiev,-1,0,43,50,-7,93,2021-08-16 20:20:00,515660
Roman Zholubak_175170,Roman Zholubak,-2,0,33,43,-10,76,2021-08-16 20:20:00,515661
Yurii Shmyndra_175239,Yurii Shmyndra,-3,0,27,35,-8,62,2021-08-16 20:20:00,515662
S Nikulin_127668,S Nikulin,-1,0,52,49,3,101,2021-08-16 20:20:00,515663
Serhii Tkachev_175230,Serhii Tkachev,2,1,40,31,9,71,2021-08-16 20:25:00,515664
Serhii Berezynskyi_1574690738,Serhii Berezynskyi,2,1,42,25,17,67,2021-08-16 20:25:00,515665
Ihor Syniavskyi_1996185009,Ihor Syniavskyi,1,1,56,41,15,97,2021-08-16 20:30:00,515666
A Alekseyev_127703,A Alekseyev,2,1,43,39,4,82,2021-08-16 20:30:00,515667
Anastasiia Kozak_175182,Anastasiia Kozak,3,1,33,19,14,52,2021-08-16 20:30:00,515668
R Rose_28720,R Rose,2,1,43,32,11,75,2021-08-16 20:31:00,515669
Vitalii Kyilo_175197,Vitalii Kyilo,2,1,42,33,9,75,2021-08-16 20:35:00,515670
Dmytro Derevinskyi_210099534,Dmytro Derevinskyi,-2,0,38,43,-5,81,2021-08-16 20:35:00,515671
Ivan Fedoryshyn_175559,Ivan Fedoryshyn,2,1,41,34,7,75,2021-08-16 20:40:00,515672
Oleksandr Brezytskyi_177527110,Oleksandr Brezytskyi,2,1,39,33,6,72,2021-08-16 20:40:00,515673
Jaromir Janda_175558,Jaromir Janda,2,1,45,35,10,80,2021-08-16 20:40:00,515674
Nadiia Kovtun_175561,Nadiia Kovtun,-3,0,34,42,-8,76,2021-08-16 20:45:00,515675
Prokhor Puhach_1281774657,Prokhor Puhach,-1,0,39,43,-4,82,2021-08-16 20:45:00,515676
E Glazun_127743,E Glazun,-3,0,18,33,-15,51,2021-08-16 20:47:00,515677
Mykhailo Kistechko_175171,Mykhailo Kistechko,2,1,47,35,12,82,2021-08-16 20:50:00,515678
Mykhailo Teteruk_175240,Mykhailo Teteruk,3,1,33,19,14,52,2021-08-16 20:50:00,515679
Anton Myrza_1773166203,Anton Myrza,-1,0,43,48,-5,91,2021-08-16 20:50:00,515680
S Vardanyan_127669,S Vardanyan,1,1,49,42,7,91,2021-08-16 20:52:00,515681
Andrii Troyan_1987920399,Andrii Troyan,-1,0,44,47,-3,91,2021-08-16 20:55:00,515682
Nikita Vilenchyts_175231,Nikita Vilenchyts,2,1,46,29,17,75,2021-08-16 20:55:00,515683
Anastasiia Moskaliuk_175183,Anastasiia Moskaliuk,3,1,33,16,17,49,2021-08-16 21:00:00,515684
Vlastimil Kolar_175247,Vlastimil Kolar,-2,0,32,38,-6,70,2021-08-16 21:00:00,515685
Roman Rybachuk_438333661,Roman Rybachuk,3,1,33,18,15,51,2021-08-16 21:00:00,515686
Jo Silhan_28679,Jo Silhan,3,1,33,15,18,48,2021-08-16 21:01:00,515687
V Mishakin_127704,V Mishakin,-2,0,37,41,-4,78,2021-08-16 21:02:00,515688
Rustam Halimbaiev_175274,Rustam Halimbaiev,1,1,49,44,5,93,2021-08-16 21:05:00,515689
Oleg Kuravsky_66441233,Oleg Kuravsky,-2,0,34,42,-8,76,2021-08-16 21:05:00,515690
Valeriy Vlasenko_175560,Valeriy Vlasenko,2,1,43,36,7,79,2021-08-16 21:10:00,515691
Vitalii Solovei_1986115172,Vitalii Solovei,3,1,33,24,9,57,2021-08-16 21:10:00,515692
Polina Nerush_175562,Polina Nerush,-2,0,44,48,-4,92,2021-08-16 21:15:00,515693
Oleksii Tiutiunnyk_624319829,Oleksii Tiutiunnyk,2,1,42,31,11,73,2021-08-16 21:15:00,515694
V Safonov_127744,V Safonov,-1,0,42,42,0,84,2021-08-16 21:17:00,515695
D Tunitsyn_127670,D Tunitsyn,1,1,46,50,-4,96,2021-08-16 21:19:00,515696
Oleksandr Zaporozhets_175241,Oleksandr Zaporozhets,-1,0,37,45,-8,82,2021-08-16 21:20:00,515697
Oleksandr Brezytskyi_1970787950,Oleksandr Brezytskyi,-2,0,38,41,-3,79,2021-08-16 21:20:00,515698
Viacheslav Sereda_987077388,Viacheslav Sereda,-1,0,43,48,-5,91,2021-08-16 21:25:00,515699
Igor Talalai_175232,Igor Talalai,1,1,48,40,8,88,2021-08-16 21:25:00,515700
Andrii Isaiev_1006081061,Andrii Isaiev,-3,0,16,33,-17,49,2021-08-16 21:30:00,515701
P Gireth_28680,P Gireth,2,1,44,35,9,79,2021-08-16 21:30:00,515702
Vaclav Sr Hejda_175248,Vaclav Sr Hejda,-3,0,24,33,-9,57,2021-08-16 21:30:00,515703
Alina Man_175184,Alina Man,-3,0,21,33,-12,54,2021-08-16 21:30:00,515704
A Alekseyev_127705,A Alekseyev,-1,0,41,52,-11,93,2021-08-16 21:31:00,515705
Ihor Oranskyi_175199,Ihor Oranskyi,-1,0,42,42,0,84,2021-08-16 21:35:00,515706
Serhii Berezynskyi_1036867056,Serhii Berezynskyi,1,1,43,45,-2,88,2021-08-16 21:35:00,515707
Oleksandr Hainovskyi_32689336,Oleksandr Hainovskyi,1,1,49,39,10,88,2021-08-16 21:40:00,515708
Dmytro Derevinskyi_963658884,Dmytro Derevinskyi,1,1,49,37,12,86,2021-08-16 21:45:00,515709
E Glazun_127745,E Glazun,2,1,51,42,9,93,2021-08-16 21:47:00,515710
Prokhor Puhach_1064510637,Prokhor Puhach,1,1,47,48,-1,95,2021-08-16 21:50:00,515711
Yurii Shmyndra_175242,Yurii Shmyndra,-3,0,26,35,-9,61,2021-08-16 21:50:00,515712
Serhii Tkachev_175233,Serhii Tkachev,-1,0,47,53,-6,100,2021-08-16 21:55:00,515713
Oleksii Tiutiunnyk_1615472166,Oleksii Tiutiunnyk,-3,0,27,36,-9,63,2021-08-16 21:55:00,515714
Anatolii Zapletniuk_688335478,Anatolii Zapletniuk,-1,0,47,50,-3,97,2021-08-16 22:00:00,515715
Anastasiia Moskaliuk_175185,Anastasiia Moskaliuk,-2,0,35,46,-11,81,2021-08-16 22:00:00,515716
Vaclav Sr Hejda_175249,Vaclav Sr Hejda,2,1,40,26,14,66,2021-08-16 22:00:00,515717
I Mihaylov_127706,I Mihaylov,2,1,42,37,5,79,2021-08-16 22:02:00,515718
S Vardanyan_127671,S Vardanyan,-2,0,29,42,-13,71,2021-08-16 22:03:00,515719
Rustam Halimbaiev_175275,Rustam Halimbaiev,-2,0,29,42,-13,71,2021-08-16 22:05:00,515720
Dmitriy Zaporozhets_715038660,Dmitriy Zaporozhets,-2,0,36,42,-6,78,2021-08-16 22:05:00,515721
Jr. Obeslo_28681,Jr. Obeslo,3,1,33,22,11,55,2021-08-16 22:06:00,515722
Roman Rybachuk_846606323,Roman Rybachuk,2,1,43,34,9,77,2021-08-16 22:10:00,515723
Dmytro Kalyniuk_384680278,Dmytro Kalyniuk,-1,0,43,48,-5,91,2021-08-16 22:15:00,515724
E Masokin_127746,E Masokin,-2,0,27,42,-15,69,2021-08-16 22:17:00,515725
Serhii Pokidko_250068208,Serhii Pokidko,3,1,34,17,17,51,2021-08-16 22:20:00,515726
Oleksandr Zaporozhets_175243,Oleksandr Zaporozhets,-2,0,41,49,-8,90,2021-08-16 22:20:00,515727
S Nikulin_127672,S Nikulin,2,1,38,32,6,70,2021-08-16 22:24:00,515728
Oleksandr Mishchenko_175234,Oleksandr Mishchenko,1,1,52,42,10,94,2021-08-16 22:25:00,515729
Mykola Zakladnyi_661845744,Mykola Zakladnyi,-3,0,14,33,-19,47,2021-08-16 22:25:00,515730
Vlastimil Kolar_175250,Vlastimil Kolar,-1,0,46,43,3,89,2021-08-16 22:30:00,515731
Oleksandr Brezytskyi_174905865,Oleksandr Brezytskyi,-2,0,26,42,-16,68,2021-08-16 22:30:00,515732
Yuliia Yemelianenko_175186,Yuliia Yemelianenko,-3,0,21,33,-12,54,2021-08-16 22:30:00,515733
E Mares_28682,E Mares,1,1,47,47,0,94,2021-08-16 22:30:00,515734
Artem Lisechko_175276,Artem Lisechko,-3,0,24,35,-11,59,2021-08-16 22:35:00,515735
V Mishakin_127896,V Mishakin,2,1,48,40,8,88,2021-08-16 22:38:00,515736
Illia Semeniuk_639279533,Illia Semeniuk,2,1,42,41,1,83,2021-08-16 22:45:00,515737
V Safonov_127898,V Safonov,-3,0,26,33,-7,59,2021-08-16 22:45:00,515738
Mykhailo Teteruk_175244,Mykhailo Teteruk,-3,0,22,33,-11,55,2021-08-16 22:50:00,515739
Serhii Tkachev_175235,Serhii Tkachev,-1,0,47,47,0,94,2021-08-16 22:55:00,515740
I Soldatov_127900,I Soldatov,-2,0,34,42,-8,76,2021-08-16 22:55:00,515741
Oleksandr Brezytskyi_1970718254,Oleksandr Brezytskyi,2,1,42,39,3,81,2021-08-16 23:00:00,515742
Jan Sr Krames_175251,Jan Sr Krames,-2,0,34,41,-7,75,2021-08-16 23:00:00,515743
Jr. Obeslo_28683,Jr. Obeslo,2,1,40,27,13,67,2021-08-16 23:02:00,515744
Oleksii Tiutiunnyk_1043383721,Oleksii Tiutiunnyk,-1,0,38,49,-11,87,2021-08-16 23:05:00,515745
I Mihaylov_127897,I Mihaylov,3,1,33,20,13,53,2021-08-16 23:07:00,515746
E Masokin_127899,E Masokin,-2,0,33,42,-9,75,2021-08-16 23:15:00,515747
S Vardanyan_127901,S Vardanyan,-2,0,36,39,-3,75,2021-08-16 23:18:00,515748
Yurii Shmyndra_175245,Yurii Shmyndra,-1,0,48,39,9,87,2021-08-16 23:20:00,515749
Oleksandr Kovalchuk_175236,Oleksandr Kovalchuk,-1,0,43,49,-6,92,2021-08-16 23:25:00,515750
P Gireth_28684,P Gireth,1,1,47,48,-1,95,2021-08-16 23:30:00,515751
Vlastimil Kolar_175252,Vlastimil Kolar,2,1,35,36,-1,71,2021-08-16 23:30:00,515752
Andrii Khvysiuk_1412973252,Andrii Khvysiuk,3,1,34,26,8,60,2021-08-16 23:35:00,515753
N Zhurba_127707,N Zhurba,-1,0,45,49,-4,94,2021-08-16 23:36:00,515754
Igor Demchuk_2001143853,Igor Demchuk,-1,0,53,61,-8,114,2021-08-16 23:45:00,515755
A Serebrennikov_127747,A Serebrennikov,3,1,34,27,7,61,2021-08-16 23:45:00,515756
Oleksii Hrymovskyi_175246,Oleksii Hrymovskyi,-1,0,34,44,-10,78,2021-08-16 23:50:00,515757
A Uvarov_127673,A Uvarov,-3,0,19,33,-14,52,2021-08-16 23:50:00,515758
Jiri Volek_175563,Jiri Volek,-2,0,36,39,-3,75,2021-08-17 00:00:00,515759
S Ogai_127708,S Ogai,-3,0,26,35,-9,61,2021-08-17 00:01:00,515760
E Mares_28721,E Mares,-3,0,18,35,-17,53,2021-08-17 00:04:00,515761
Maksym Skhabovskyi_1664540501,Maksym Skhabovskyi,-3,0,21,34,-13,55,2021-08-17 00:05:00,515762
Roman Vashchuk_543334499,Roman Vashchuk,1,1,54,50,4,104,2021-08-17 00:15:00,515763
V Shirshov_127674,V Shirshov,-1,0,40,48,-8,88,2021-08-17 00:16:00,515764
D Sayanov_127748,D Sayanov,2,1,40,37,3,77,2021-08-17 00:18:00,515765
Oleksii Hrymovskyi_175565,Oleksii Hrymovskyi,-3,0,17,33,-16,50,2021-08-17 00:25:00,515766
Andrii Romanenko_175253,Andrii Romanenko,3,1,35,21,14,56,2021-08-17 00:25:00,515767
Jr. Obeslo_28722,Jr. Obeslo,-1,0,48,50,-2,98,2021-08-17 00:30:00,515768
Vaclav Sr Hejda_175564,Vaclav Sr Hejda,-2,0,33,39,-6,72,2021-08-17 00:30:00,515769
E Ilyukhin_127709,E Ilyukhin,1,1,52,47,5,99,2021-08-17 00:31:00,515770
Andrii Khvysiuk_198938069,Andrii Khvysiuk,-3,0,40,46,-6,86,2021-08-17 00:35:00,515771
Igor Demchuk_769229644,Igor Demchuk,2,1,45,39,6,84,2021-08-17 00:45:00,515772
S Martyukhin_127749,S Martyukhin,2,1,42,31,11,73,2021-08-17 00:45:00,515773
A Suntsov_127675,A Suntsov,2,1,42,34,8,76,2021-08-17 00:47:00,515774
Serhii Levin_175254,Serhii Levin,3,1,33,19,14,52,2021-08-17 00:55:00,515775
Pavlo Babenko_175566,Pavlo Babenko,1,1,47,45,2,92,2021-08-17 00:55:00,515776
Yevhenii Faflei_1105873537,Yevhenii Faflei,-1,0,36,48,-12,84,2021-08-17 01:00:00,515777
R Pavlenko_127710,R Pavlenko,3,1,33,21,12,54,2021-08-17 01:03:00,515778
Maksym Skhabovskyi_1233123758,Maksym Skhabovskyi,1,1,51,51,0,102,2021-08-17 01:05:00,515779
A Fedosov_127750,A Fedosov,-1,0,45,48,-3,93,2021-08-17 01:15:00,515780
Viktor Bosak_1803117466,Viktor Bosak,1,1,41,42,-1,83,2021-08-17 01:15:00,515781
A Ilin_127676,A Ilin,1,1,43,39,4,82,2021-08-17 01:16:00,515782
Borys Kostiuk_175255,Borys Kostiuk,-3,0,17,33,-16,50,2021-08-17 01:25:00,515783
Ihor Petryshyn_852079294,Ihor Petryshyn,1,1,50,46,4,96,2021-08-17 01:30:00,515784
S Ogai_127711,S Ogai,-2,0,37,44,-7,81,2021-08-17 01:31:00,515785
Andrii Khvysiuk_718711702,Andrii Khvysiuk,-2,0,36,43,-7,79,2021-08-17 01:35:00,515786
Roman Vashchuk_1622837920,Roman Vashchuk,-3,0,28,35,-7,63,2021-08-17 01:45:00,515787
V Shirshov_127677,V Shirshov,-3,0,15,33,-18,48,2021-08-17 01:47:00,515788
D Sayanov_127751,D Sayanov,-3,0,24,33,-9,57,2021-08-17 01:47:00,515789
Serhii Levin_175256,Serhii Levin,-2,0,30,38,-8,68,2021-08-17 01:55:00,515790
Yevhenii Faflei_1792833655,Yevhenii Faflei,-1,0,40,48,-8,88,2021-08-17 02:00:00,515791
R Pavlenko_127712,R Pavlenko,3,1,33,21,12,54,2021-08-17 02:05:00,515792
Ihor Kuznetsov_1390692908,Ihor Kuznetsov,-2,0,39,43,-4,82,2021-08-17 02:05:00,515793
Igor Demchuk_1180341310,Igor Demchuk,-2,0,35,43,-8,78,2021-08-17 02:15:00,515794
A Ilin_127678,A Ilin,-2,0,32,45,-13,77,2021-08-17 02:15:00,515795
A Fedosov_127752,A Fedosov,-2,0,36,45,-9,81,2021-08-17 02:15:00,515796
Andrii Romanenko_175257,Andrii Romanenko,1,1,50,39,11,89,2021-08-17 02:25:00,515797
Ihor Petryshyn_397940347,Ihor Petryshyn,2,1,44,40,4,84,2021-08-17 02:30:00,515798
V Sidorin_127713,V Sidorin,-1,0,43,48,-5,91,2021-08-17 02:32:00,515799
Andrii Khvysiuk_672892744,Andrii Khvysiuk,-1,0,42,49,-7,91,2021-08-17 02:35:00,515800
Viktor Bosak_494274931,Viktor Bosak,-3,0,22,36,-14,58,2021-08-17 02:45:00,515801
N Sadovskiy_127679,N Sadovskiy,3,1,34,22,12,56,2021-08-17 02:49:00,515802
Va Ivanov_127753,Va Ivanov,-3,0,17,33,-16,50,2021-08-17 02:50:00,515803
Pavlo Khakhamidi_175258,Pavlo Khakhamidi,-1,0,45,52,-7,97,2021-08-17 02:55:00,515804
Yevhenii Faflei_526424620,Yevhenii Faflei,1,1,52,42,10,94,2021-08-17 03:00:00,515805
E Ilyukhin_127714,E Ilyukhin,3,1,33,19,14,52,2021-08-17 03:01:00,515806
Maksym Skhabovskyi_1664646066,Maksym Skhabovskyi,-2,0,33,43,-10,76,2021-08-17 03:05:00,515807
Roman Vashchuk_962157150,Roman Vashchuk,-2,0,29,43,-14,72,2021-08-17 03:15:00,515808
S Martyukhin_127754,S Martyukhin,-2,0,36,42,-6,78,2021-08-17 03:15:00,515809
A Suntsov_127680,A Suntsov,-1,0,43,48,-5,91,2021-08-17 03:16:00,515810
Borys Kostiuk_175259,Borys Kostiuk,-1,0,44,49,-5,93,2021-08-17 03:25:00,515811
Yaroslav Vorsuliak_1074811361,Yaroslav Vorsuliak,-2,0,29,42,-13,71,2021-08-17 03:30:00,515812
N Zhurba_127715,N Zhurba,-3,0,12,33,-21,45,2021-08-17 03:31:00,515813
Andrii Khvysiuk_867777446,Andrii Khvysiuk,-1,0,51,51,0,102,2021-08-17 03:35:00,515814
Igor Vatsyn_1687524982,Igor Vatsyn,3,1,33,25,8,58,2021-08-17 03:45:00,515815
A Serebrennikov_127755,A Serebrennikov,2,1,37,31,6,68,2021-08-17 03:47:00,515816
A Uvarov_127681,A Uvarov,3,1,33,20,13,53,2021-08-17 03:48:00,515817
Serhii Levin_175260,Serhii Levin,1,1,53,44,9,97,2021-08-17 03:55:00,515818
Oleksii Tkachuk_309348007,Oleksii Tkachuk,-2,0,36,39,-3,75,2021-08-17 04:00:00,515819
V Sidorin_127716,V Sidorin,-2,0,36,45,-9,81,2021-08-17 04:01:00,515820
Maksym Skhabovskyi_378069251,Maksym Skhabovskyi,-1,0,49,54,-5,103,2021-08-17 04:05:00,515821
Va Ivanov_127756,Va Ivanov,1,1,44,42,2,86,2021-08-17 04:15:00,515822
Igor Demchuk_546979670,Igor Demchuk,2,1,41,34,7,75,2021-08-17 04:15:00,515823
N Sadovskiy_127682,N Sadovskiy,-3,0,18,33,-15,51,2021-08-17 04:15:00,515824
Andrii Romanenko_175261,Andrii Romanenko,-3,0,20,33,-13,53,2021-08-17 04:25:00,515825
Yevhenii Faflei_1105978215,Yevhenii Faflei,3,1,33,22,11,55,2021-08-17 04:30:00,515826
V Sidorin_127902,V Sidorin,-3,0,25,38,-13,63,2021-08-17 04:32:00,515827
Andrii Khvysiuk_718958969,Andrii Khvysiuk,-3,0,24,33,-9,57,2021-08-17 04:35:00,515828
A Uvarov_127904,A Uvarov,-1,0,40,47,-7,87,2021-08-17 04:45:00,515829
Viktor Bosak_2072519587,Viktor Bosak,-3,0,25,36,-11,61,2021-08-17 04:45:00,515830
Va Ivanov_127906,Va Ivanov,3,1,35,23,12,58,2021-08-17 04:51:00,515831
Pavlo Khakhamidi_175262,Pavlo Khakhamidi,2,1,41,28,13,69,2021-08-17 04:55:00,515832
Oleksii Tkachuk_2053407838,Oleksii Tkachuk,1,1,53,47,6,100,2021-08-17 05:00:00,515833
R Pavlenko_127903,R Pavlenko,-2,0,28,41,-13,69,2021-08-17 05:01:00,515834
Ihor Kuznetsov_1390874575,Ihor Kuznetsov,-1,0,51,54,-3,105,2021-08-17 05:05:00,515835
Ihor Matsehora_462795711,Ihor Matsehora,1,1,49,44,5,93,2021-08-17 05:15:00,515836
A Ilin_127905,A Ilin,1,1,49,45,4,94,2021-08-17 05:15:00,515837
S Martyukhin_127907,S Martyukhin,2,1,39,34,5,73,2021-08-17 05:16:00,515838
Borys Kostiuk_175263,Borys Kostiuk,-1,0,36,47,-11,83,2021-08-17 05:25:00,515839
Yevhenii Faflei_526499695,Yevhenii Faflei,-2,0,34,37,-3,71,2021-08-17 05:30:00,515840
Andrii Romanenko_175264,Andrii Romanenko,1,1,45,44,1,89,2021-08-17 05:55:00,515841
Oleksii Tkachuk_907154920,Oleksii Tkachuk,2,1,43,31,12,74,2021-08-17 06:00:00,515842
Hryhorii Kulishov_175265,Hryhorii Kulishov,2,1,40,25,15,65,2021-08-17 06:25:00,515843
Ihor Petryshyn_1993835463,Ihor Petryshyn,-1,0,50,52,-2,102,2021-08-17 06:30:00,515844
Andrii Romanenko_175266,Andrii Romanenko,-1,0,46,52,-6,98,2021-08-17 06:55:00,515845
Serhii Levin_175267,Serhii Levin,3,1,36,26,10,62,2021-08-17 07:25:00,515846
A Vorozheykin_127822,A Vorozheykin,-3,0,21,33,-12,54,2021-08-17 07:30:00,515847
I Novikov_127856,I Novikov,-3,0,23,34,-11,57,2021-08-17 07:46:00,515848
V Sinkovskiy_127782,V Sinkovskiy,-1,0,35,49,-14,84,2021-08-17 07:46:00,515849
Andriy Chermenskyi_880743875,Andriy Chermenskyi,2,1,41,29,12,70,2021-08-17 07:50:00,515850
Oleh Bindas_175309,Oleh Bindas,-1,0,44,46,-2,90,2021-08-17 07:50:00,515851
Oleksiy Shindel_1950574352,Oleksiy Shindel,-3,0,19,35,-16,54,2021-08-17 07:55:00,515852
Alina Man_175339,Alina Man,1,1,62,59,3,121,2021-08-17 08:00:00,515853
O Belugin_127823,O Belugin,-1,0,43,51,-8,94,2021-08-17 08:04:00,515854
Volodymyr Hainiuk_175348,Volodymyr Hainiuk,-2,0,32,39,-7,71,2021-08-17 08:05:00,515855
Valeriy Vlasenko_175363,Valeriy Vlasenko,-1,0,49,54,-5,103,2021-08-17 08:10:00,515856
A Lobanov_127857,A Lobanov,-3,0,27,35,-8,62,2021-08-17 08:15:00,515857
Halyna Burtseva_175373,Halyna Burtseva,-3,0,19,33,-14,52,2021-08-17 08:15:00,515858
A Fedorov_127783,A Fedorov,-2,0,36,43,-7,79,2021-08-17 08:15:00,515859
Nazar Mosiuk_175310,Nazar Mosiuk,3,1,33,14,19,47,2021-08-17 08:20:00,515860
Serhii Skachenko_517421952,Serhii Skachenko,2,1,39,31,8,70,2021-08-17 08:25:00,515861
Vadym Komar_1725007211,Vadym Komar,-1,0,46,50,-4,96,2021-08-17 08:30:00,515862
Anastasiia Kozak_175340,Anastasiia Kozak,-1,0,50,51,-1,101,2021-08-17 08:30:00,515863
M Chernyavskiy_127824,M Chernyavskiy,3,1,33,25,8,58,2021-08-17 08:32:00,515864
Vadym Nechyporuk_1222259811,Vadym Nechyporuk,-1,0,41,43,-2,84,2021-08-17 08:35:00,515865
Kostiantyn Kovalchuk_175349,Kostiantyn Kovalchuk,2,1,43,37,6,80,2021-08-17 08:35:00,515866
Ivan Efimenko_175364,Ivan Efimenko,3,1,33,26,7,59,2021-08-17 08:40:00,515867
Vitalii Protopopov_1622740625,Vitalii Protopopov,2,1,44,40,4,84,2021-08-17 08:40:00,515868
Oleksandr Kostiuk_46611742,Oleksandr Kostiuk,1,1,49,44,5,93,2021-08-17 08:45:00,515869
I Minchenkov_127858,I Minchenkov,3,1,33,25,8,58,2021-08-17 08:45:00,515870
Nadiia Kovtun_175374,Nadiia Kovtun,-2,0,38,41,-3,79,2021-08-17 08:45:00,515871
V Staroverov_127784,V Staroverov,1,1,43,47,-4,90,2021-08-17 08:46:00,515872
Ivan Synytskyi_1057083774,Ivan Synytskyi,-3,0,20,33,-13,53,2021-08-17 08:50:00,515873
Yurii Shmyndra_175383,Yurii Shmyndra,-3,0,24,39,-15,63,2021-08-17 08:50:00,515874
Mykhailo Kistechko_175311,Mykhailo Kistechko,-2,0,31,50,-19,81,2021-08-17 08:50:00,515875
Serhii Tkachev_175393,Serhii Tkachev,3,1,33,18,15,51,2021-08-17 08:55:00,515876
Vadym Grushko_1191656451,Vadym Grushko,1,1,45,39,6,84,2021-08-17 08:55:00,515877
Roman Shtukovanyi_1623660675,Roman Shtukovanyi,-3,0,24,33,-9,57,2021-08-17 08:55:00,515878
Igor Sukovatyi_36267378,Igor Sukovatyi,2,1,42,33,9,75,2021-08-17 09:00:00,515879
I Sergeevich_127825,I Sergeevich,3,1,33,20,13,53,2021-08-17 09:00:00,515880
Tetiana Zghurska_175326,Tetiana Zghurska,2,1,44,37,7,81,2021-08-17 09:00:00,515881
Jaroslav Puk_175533,Jaroslav Puk,-1,0,53,51,2,104,2021-08-17 09:00:00,515882
Vladyslav Yamchuk_175408,Vladyslav Yamchuk,-3,0,28,35,-7,63,2021-08-17 09:00:00,515883
R Hasmanda_28693,R Hasmanda,1,1,52,55,-3,107,2021-08-17 09:01:00,515884
Maksym Kolos_1720768722,Maksym Kolos,2,1,46,40,6,86,2021-08-17 09:05:00,515885
Serhii Kuprykov_175350,Serhii Kuprykov,-3,0,24,34,-10,58,2021-08-17 09:05:00,515886
Andrii Kotik_890429083,Andrii Kotik,-2,0,34,43,-9,77,2021-08-17 09:10:00,515887
Valeriy Vlasenko_175365,Valeriy Vlasenko,2,1,42,31,11,73,2021-08-17 09:10:00,515888
Halyna Burtseva_175375,Halyna Burtseva,1,1,45,43,2,88,2021-08-17 09:15:00,515889
Artem Nesterenko_962037276,Artem Nesterenko,3,1,33,27,6,60,2021-08-17 09:15:00,515890
E Tsvetkov_127785,E Tsvetkov,-2,0,37,43,-6,80,2021-08-17 09:16:00,515891
A Frolov_127859,A Frolov,2,1,40,23,17,63,2021-08-17 09:17:00,515892
Oleksii Hrymovskyi_175384,Oleksii Hrymovskyi,1,1,43,51,-8,94,2021-08-17 09:20:00,515893
Nazar Mosiuk_175312,Nazar Mosiuk,-3,0,22,34,-12,56,2021-08-17 09:20:00,515894
Roman Pinchuk_1667213278,Roman Pinchuk,-2,0,37,40,-3,77,2021-08-17 09:20:00,515895
Volodymyr Ivasiv_2035511567,Volodymyr Ivasiv,1,1,47,38,9,85,2021-08-17 09:25:00,515896
Oleksandr Kovalchuk_175394,Oleksandr Kovalchuk,2,1,41,37,4,78,2021-08-17 09:25:00,515897
M Chernyavskiy_127826,M Chernyavskiy,-1,0,42,48,-6,90,2021-08-17 09:30:00,515898
Yuriy Abroskin_1121020344,Yuriy Abroskin,-1,0,44,45,-1,89,2021-08-17 09:30:00,515899
Dmitriy Lebed_425714799,Dmitriy Lebed,1,1,52,50,2,102,2021-08-17 09:30:00,515900
Anastasiia Kozak_175341,Anastasiia Kozak,2,1,39,34,5,73,2021-08-17 09:30:00,515901
Martin Bruk_175534,Martin Bruk,3,1,34,23,11,57,2021-08-17 09:30:00,515902
Mykola Shyshkin_175409,Mykola Shyshkin,-2,0,28,37,-9,65,2021-08-17 09:30:00,515903
Z Kasinski_28694,Z Kasinski,-3,0,14,33,-19,47,2021-08-17 09:33:00,515904
Serhii Skachenko_455060563,Serhii Skachenko,2,1,42,35,7,77,2021-08-17 09:35:00,515905
Kostiantyn Kovalchuk_175351,Kostiantyn Kovalchuk,-3,0,21,33,-12,54,2021-08-17 09:35:00,515906
Vadym Komar_1043528516,Vadym Komar,1,1,51,50,1,101,2021-08-17 09:40:00,515907
Oleksandr Zhyrnov_175366,Oleksandr Zhyrnov,-2,0,40,44,-4,84,2021-08-17 09:40:00,515908
Karina Zharkova_175376,Karina Zharkova,3,1,33,20,13,53,2021-08-17 09:45:00,515909
Vadym Nechyporuk_2000080109,Vadym Nechyporuk,2,1,41,27,14,68,2021-08-17 09:45:00,515910
V Staroverov_127786,V Staroverov,-1,0,41,44,-3,85,2021-08-17 09:45:00,515911
I Minchenkov_127860,I Minchenkov,1,1,59,49,10,108,2021-08-17 09:47:00,515912
Yurii Shmyndra_175385,Yurii Shmyndra,-1,0,45,47,-2,92,2021-08-17 09:50:00,515913
Vitalii Protopopov_729493116,Vitalii Protopopov,1,1,46,50,-4,96,2021-08-17 09:50:00,515914
Oleh Bindas_175313,Oleh Bindas,-3,0,16,33,-17,49,2021-08-17 09:50:00,515915
Oleksandr Kostiuk_49759231,Oleksandr Kostiuk,2,1,40,28,12,68,2021-08-17 09:55:00,515916
Serhii Chelpanov_175395,Serhii Chelpanov,-1,0,42,47,-5,89,2021-08-17 09:55:00,515917
Oleh Holiak_175410,Oleh Holiak,2,1,39,27,12,66,2021-08-17 10:00:00,515918
Alina Man_175342,Alina Man,2,1,37,32,5,69,2021-08-17 10:00:00,515919
P Pycha_28695,P Pycha,1,1,50,42,8,92,2021-08-17 10:00:00,515920
Ivan Synytskyi_542356498,Ivan Synytskyi,2,1,42,32,10,74,2021-08-17 10:00:00,515921
Martin Bruk_175535,Martin Bruk,-2,0,38,43,-5,81,2021-08-17 10:00:00,515922
O Belugin_127827,O Belugin,2,1,46,35,11,81,2021-08-17 10:03:00,515923
Volodymyr Hainiuk_175352,Volodymyr Hainiuk,-3,0,17,33,-16,50,2021-08-17 10:05:00,515924
Vadym Grushko_419754107,Vadym Grushko,3,1,33,14,19,47,2021-08-17 10:05:00,515925
Roman Shtukovanyi_59017929,Roman Shtukovanyi,2,1,40,34,6,74,2021-08-17 10:05:00,515926
Ivan Efimenko_175367,Ivan Efimenko,-2,0,25,41,-16,66,2021-08-17 10:10:00,515927
Andriy Chermenskyi_1376298018,Andriy Chermenskyi,3,1,33,18,15,51,2021-08-17 10:10:00,515928
Oleksiy Shindel_1685118217,Oleksiy Shindel,-2,0,36,43,-7,79,2021-08-17 10:15:00,515929
Nadiia Kovtun_175377,Nadiia Kovtun,-2,0,37,40,-3,77,2021-08-17 10:15:00,515930
A Fedorov_127787,A Fedorov,1,1,50,37,13,87,2021-08-17 10:16:00,515931
Anton Molochko_446858767,Anton Molochko,1,1,46,47,-1,93,2021-08-17 10:20:00,515932
Mykhailo Teteruk_175386,Mykhailo Teteruk,-2,0,30,40,-10,70,2021-08-17 10:20:00,515933
Yaroslav Kravets_175314,Yaroslav Kravets,2,1,44,24,20,68,2021-08-17 10:20:00,515934
Artur Moriak_1100663367,Artur Moriak,3,1,33,20,13,53,2021-08-17 10:25:00,515935
Oleksandr Kovalchuk_175396,Oleksandr Kovalchuk,1,1,52,51,1,103,2021-08-17 10:25:00,515936
A Lobanov_127861,A Lobanov,2,1,38,29,9,67,2021-08-17 10:27:00,515937
Bogdan Stasiuk_65952154,Bogdan Stasiuk,-2,0,35,41,-6,76,2021-08-17 10:30:00,515938
Yana Mykhailyk_175329,Yana Mykhailyk,-2,0,30,42,-12,72,2021-08-17 10:30:00,515939
Mykola Shyshkin_175411,Mykola Shyshkin,3,1,33,21,12,54,2021-08-17 10:30:00,515940
Jaroslav Puk_175536,Jaroslav Puk,1,1,56,50,6,106,2021-08-17 10:30:00,515941
A Vorozheykin_127908,A Vorozheykin,2,1,41,36,5,77,2021-08-17 10:31:00,515942
V Dolezal_28696,V Dolezal,2,1,40,30,10,70,2021-08-17 10:32:00,515943
Oleh Kovalchuk_175353,Oleh Kovalchuk,-3,0,19,33,-14,52,2021-08-17 10:35:00,515944
Volodymyr Ivasiv_708677402,Volodymyr Ivasiv,-2,0,43,45,-2,88,2021-08-17 10:35:00,515945
Dmitriy Lebed_1868019880,Dmitriy Lebed,2,1,46,41,5,87,2021-08-17 10:40:00,515946
Igor Maksymchuk_2071071948,Igor Maksymchuk,-1,0,50,52,-2,102,2021-08-17 10:40:00,515947
Valeriy Vlasenko_175368,Valeriy Vlasenko,-1,0,46,51,-5,97,2021-08-17 10:40:00,515948
Halyna Burtseva_175378,Halyna Burtseva,-3,0,22,33,-11,55,2021-08-17 10:45:00,515949
Eduard Rubtsov_1491002443,Eduard Rubtsov,3,1,33,18,15,51,2021-08-17 10:45:00,515950
Serhii Kinash_1586517182,Serhii Kinash,-1,0,50,51,-1,101,2021-08-17 10:50:00,515951
Mykhailo Kistechko_175315,Mykhailo Kistechko,-1,0,41,54,-13,95,2021-08-17 10:50:00,515952
Oleksii Hrymovskyi_175387,Oleksii Hrymovskyi,-3,0,25,33,-8,58,2021-08-17 10:50:00,515953
I Novikov_127912,I Novikov,1,1,51,51,0,102,2021-08-17 10:53:00,515954
V Sinkovskiy_127910,V Sinkovskiy,-1,0,45,52,-7,97,2021-08-17 10:53:00,515955
Serhii Tkachev_175397,Serhii Tkachev,2,1,41,31,10,72,2021-08-17 10:55:00,515956
Andrii Kotik_1110454243,Andrii Kotik,-2,0,36,43,-7,79,2021-08-17 10:55:00,515957
P Pycha_28697,P Pycha,-3,0,16,33,-17,49,2021-08-17 10:59:00,515958
Artem Nesterenko_1730128514,Artem Nesterenko,-1,0,41,53,-12,94,2021-08-17 11:00:00,515959
Artur Akopyan_175537,Artur Akopyan,-2,0,31,42,-11,73,2021-08-17 11:00:00,515960
Tetiana Zghurska_175330,Tetiana Zghurska,3,1,33,18,15,51,2021-08-17 11:00:00,515961
Vladyslav Yamchuk_175412,Vladyslav Yamchuk,-1,0,57,57,0,114,2021-08-17 11:00:00,515962
M Chernyavskiy_127909,M Chernyavskiy,2,1,44,32,12,76,2021-08-17 11:01:00,515963
Serhii Kuprykov_175354,Serhii Kuprykov,3,1,33,23,10,56,2021-08-17 11:05:00,515964
Roman Pinchuk_909480340,Roman Pinchuk,3,1,34,27,7,61,2021-08-17 11:05:00,515965
Ivan Synytskyi_502211218,Ivan Synytskyi,-1,0,36,46,-10,82,2021-08-17 11:10:00,515966
Ivan Efimenko_175369,Ivan Efimenko,1,1,50,50,0,100,2021-08-17 11:10:00,515967
Yuriy Abroskin_973570438,Yuriy Abroskin,-3,0,31,38,-7,69,2021-08-17 11:15:00,515968
Vadym Grushko_302750707,Vadym Grushko,-2,0,34,40,-6,74,2021-08-17 11:15:00,515969
Nadiia Kovtun_175379,Nadiia Kovtun,-1,0,46,49,-3,95,2021-08-17 11:15:00,515970
Igor Sukovatyi_231538696,Igor Sukovatyi,-1,0,41,46,-5,87,2021-08-17 11:20:00,515971
Yurii Shmyndra_175388,Yurii Shmyndra,3,1,37,28,9,65,2021-08-17 11:20:00,515972
Nazar Mosiuk_175316,Nazar Mosiuk,3,1,35,22,13,57,2021-08-17 11:20:00,515973
A Fedorov_127911,A Fedorov,3,1,33,21,12,54,2021-08-17 11:23:00,515974
Maksym Kolos_22311641,Maksym Kolos,3,1,33,25,8,58,2021-08-17 11:25:00,515975
Nikita Vilenchyts_175398,Nikita Vilenchyts,1,1,48,45,3,93,2021-08-17 11:25:00,515976
A Frolov_127913,A Frolov,2,1,36,36,0,72,2021-08-17 11:28:00,515977
Jaroslav Puk_175538,Jaroslav Puk,-3,0,19,34,-15,53,2021-08-17 11:30:00,515978
Vadym Nechyporuk_256959083,Vadym Nechyporuk,2,1,42,30,12,72,2021-08-17 11:30:00,515979
Anastasiia Kozak_175343,Anastasiia Kozak,-2,0,25,42,-17,67,2021-08-17 11:30:00,515980
Z Kasinski_28698,Z Kasinski,-2,0,32,40,-8,72,2021-08-17 11:30:00,515981
Serhii Prus_175413,Serhii Prus,-2,0,30,40,-10,70,2021-08-17 11:30:00,515982
I Afanasev_127828,I Afanasev,1,1,51,49,2,100,2021-08-17 11:31:00,515983
Vitalii Protopopov_1724999191,Vitalii Protopopov,3,1,34,24,10,58,2021-08-17 11:35:00,515984
Kostiantyn Kovalchuk_175355,Kostiantyn Kovalchuk,-2,0,39,45,-6,84,2021-08-17 11:35:00,515985
Oleksandr Kostiuk_890988670,Oleksandr Kostiuk,2,1,45,41,4,86,2021-08-17 11:40:00,515986
Oleksandr Zhyrnov_175370,Oleksandr Zhyrnov,-1,0,46,42,4,88,2021-08-17 11:40:00,515987
A Kolmin_127788,A Kolmin,-2,0,34,40,-6,74,2021-08-17 11:45:00,515988
Karina Zharkova_175380,Karina Zharkova,3,1,34,25,9,59,2021-08-17 11:45:00,515989
Dmytro Zeniuk_1572769504,Dmytro Zeniuk,-3,0,35,41,-6,76,2021-08-17 11:45:00,515990
Roman Shtukovanyi_1816453518,Roman Shtukovanyi,-2,0,34,40,-6,74,2021-08-17 11:50:00,515991
Spartak Abalmaz_351769356,Spartak Abalmaz,1,1,46,33,13,79,2021-08-17 11:50:00,515992
Oleksii Hrymovskyi_175389,Oleksii Hrymovskyi,1,1,53,48,5,101,2021-08-17 11:50:00,515993
Oleh Bindas_175317,Oleh Bindas,2,1,44,35,9,79,2021-08-17 11:50:00,515994
Serhii Chelpanov_175399,Serhii Chelpanov,3,1,33,21,12,54,2021-08-17 11:55:00,515995
Serhii Skachenko_453516337,Serhii Skachenko,-1,0,53,58,-5,111,2021-08-17 11:55:00,515996
Oleh Holiak_175414,Oleh Holiak,-1,0,51,59,-8,110,2021-08-17 12:00:00,515997
Vadym Komar_162954910,Vadym Komar,2,1,42,32,10,74,2021-08-17 12:00:00,515998
Alina Man_175344,Alina Man,3,1,33,19,14,52,2021-08-17 12:00:00,515999
Artur Akopyan_175579,Artur Akopyan,-3,0,19,33,-14,52,2021-08-17 12:00:00,516000
Z Kasinski_28723,Z Kasinski,-1,0,47,44,3,91,2021-08-17 12:01:00,516001
Anton Molochko_888733336,Anton Molochko,-1,0,46,45,1,91,2021-08-17 12:05:00,516002
Volodymyr Hainiuk_175356,Volodymyr Hainiuk,-3,0,21,33,-12,54,2021-08-17 12:05:00,516003
A Kozlov_127829,A Kozlov,-1,0,51,58,-7,109,2021-08-17 12:06:00,516004
Valeriy Vlasenko_175371,Valeriy Vlasenko,-3,0,23,34,-11,57,2021-08-17 12:10:00,516005
Artur Moriak_400402800,Artur Moriak,-1,0,48,47,1,95,2021-08-17 12:10:00,516006
Halyna Burtseva_175381,Halyna Burtseva,-3,0,23,36,-13,59,2021-08-17 12:15:00,516007
Bogdan Stasiuk_262254756,Bogdan Stasiuk,2,1,42,36,6,78,2021-08-17 12:15:00,516008
A Zabrodin_127789,A Zabrodin,3,1,39,32,7,71,2021-08-17 12:17:00,516009
Mykhailo Teteruk_175390,Mykhailo Teteruk,-1,0,46,50,-4,96,2021-08-17 12:20:00,516010
Yaroslav Kravets_175318,Yaroslav Kravets,-2,0,41,45,-4,86,2021-08-17 12:20:00,516011
A Kazakov_127863,A Kazakov,1,1,43,39,4,82,2021-08-17 12:20:00,516012
Maksym Mykytiuk_1792801678,Maksym Mykytiuk,1,1,54,53,1,107,2021-08-17 12:20:00,516013
Vadym Grushko_1613808227,Vadym Grushko,-1,0,45,52,-7,97,2021-08-17 12:25:00,516014
Oleksandr Kovalchuk_175400,Oleksandr Kovalchuk,-1,0,43,50,-7,93,2021-08-17 12:25:00,516015
Igor Maksymchuk_1964703559,Igor Maksymchuk,-2,0,31,42,-11,73,2021-08-17 12:25:00,516016
R Hasmanda_28724,R Hasmanda,-3,0,28,39,-11,67,2021-08-17 12:29:00,516017
Ondrej Simunek_175580,Ondrej Simunek,-1,0,45,46,-1,91,2021-08-17 12:30:00,516018
Mykola Shyshkin_175415,Mykola Shyshkin,2,1,37,34,3,71,2021-08-17 12:30:00,516019
Yana Mykhailyk_175333,Yana Mykhailyk,2,1,37,33,4,70,2021-08-17 12:30:00,516020
Andriy Chermenskyi_460196166,Andriy Chermenskyi,-1,0,43,50,-7,93,2021-08-17 12:30:00,516021
Oleh Kovalchuk_175357,Oleh Kovalchuk,-3,0,30,37,-7,67,2021-08-17 12:35:00,516022
Oleksiy Shindel_1904607061,Oleksiy Shindel,-3,0,23,34,-11,57,2021-08-17 12:35:00,516023
D Sayanov_127830,D Sayanov,2,1,44,32,12,76,2021-08-17 12:37:00,516024
Andrii Kotik_968692413,Andrii Kotik,-2,0,29,42,-13,71,2021-08-17 12:40:00,516025
Yurii Kurishchenko_175372,Yurii Kurishchenko,2,1,39,36,3,75,2021-08-17 12:40:00,516026
Yaroslava Pachich_175382,Yaroslava Pachich,3,1,33,12,21,45,2021-08-17 12:45:00,516027
Artem Nesterenko_2048551441,Artem Nesterenko,3,1,33,25,8,58,2021-08-17 12:45:00,516028
A Poprocky_127790,A Poprocky,-3,0,17,33,-16,50,2021-08-17 12:47:00,516029
A Komarov_127864,A Komarov,2,1,43,29,14,72,2021-08-17 12:47:00,516030
Mykhailo Kistechko_175319,Mykhailo Kistechko,2,1,46,47,-1,93,2021-08-17 12:50:00,516031
Yurii Shmyndra_175391,Yurii Shmyndra,-2,0,26,42,-16,68,2021-08-17 12:50:00,516032
Roman Pinchuk_2102985590,Roman Pinchuk,2,1,43,37,6,80,2021-08-17 12:50:00,516033
Serhii Tkachev_175401,Serhii Tkachev,2,1,37,32,5,69,2021-08-17 12:55:00,516034
Ivan Synytskyi_857483426,Ivan Synytskyi,-2,0,36,44,-8,80,2021-08-17 12:55:00,516035
Vladyslav Yamchuk_175416,Vladyslav Yamchuk,1,1,48,43,5,91,2021-08-17 13:00:00,516036
Yuriy Abroskin_95164894,Yuriy Abroskin,-1,0,42,54,-12,96,2021-08-17 13:00:00,516037
Jo Kutifel_28699,Jo Kutifel,-3,0,16,33,-17,49,2021-08-17 13:00:00,516038
Dmitriy Lebed_1378135883,Dmitriy Lebed,2,1,41,37,4,78,2021-08-17 13:00:00,516039
Tetiana Zghurska_175334,Tetiana Zghurska,1,1,46,44,2,90,2021-08-17 13:00:00,516040
Tomas Cerveny_175539,Tomas Cerveny,-3,0,13,33,-20,46,2021-08-17 13:00:00,516041
P Semeshin_127831,P Semeshin,-1,0,42,46,-4,88,2021-08-17 13:03:00,516042
Serhii Kuprykov_175358,Serhii Kuprykov,-2,0,28,39,-11,67,2021-08-17 13:05:00,516043
Eduard Rubtsov_1176339163,Eduard Rubtsov,1,1,52,38,14,90,2021-08-17 13:05:00,516044
Serhii Kinash_834794710,Serhii Kinash,2,1,41,40,1,81,2021-08-17 13:10:00,516045
Polina Nerush_175581,Polina Nerush,-2,0,31,41,-10,72,2021-08-17 13:15:00,516046
A Shmakov_127865,A Shmakov,-3,0,12,33,-21,45,2021-08-17 13:15:00,516047
Nazarii Hrytsyienko_2082517901,Nazarii Hrytsyienko,2,1,43,41,2,84,2021-08-17 13:15:00,516048
Oleksandr Zhyrnov_175583,Oleksandr Zhyrnov,-1,0,47,47,0,94,2021-08-17 13:15:00,516049
O Manuylov_127791,O Manuylov,3,1,34,24,10,58,2021-08-17 13:16:00,516050
Pavlo Babenko_175392,Pavlo Babenko,-2,0,28,42,-14,70,2021-08-17 13:20:00,516051
Anatolii Hritchenko_655083644,Anatolii Hritchenko,-2,0,30,41,-11,71,2021-08-17 13:20:00,516052
Oleh Bindas_175320,Oleh Bindas,-3,0,24,33,-9,57,2021-08-17 13:20:00,516053
Andrii Tsikhotskyi_1111572481,Andrii Tsikhotskyi,2,1,40,37,3,77,2021-08-17 13:25:00,516054
Nikita Vilenchyts_175402,Nikita Vilenchyts,3,1,33,18,15,51,2021-08-17 13:25:00,516055
Serhii Prus_175417,Serhii Prus,2,1,43,36,7,79,2021-08-17 13:30:00,516056
Jan Jr Krames_175540,Jan Jr Krames,-2,0,34,37,-3,71,2021-08-17 13:30:00,516057
E Mares_28700,E Mares,-2,0,33,46,-13,79,2021-08-17 13:30:00,516058
Maksym Mykytiuk_529239234,Maksym Mykytiuk,2,1,42,36,6,78,2021-08-17 13:30:00,516059
Alina Man_175345,Alina Man,-1,0,43,49,-6,92,2021-08-17 13:30:00,516060
D Sayanov_127832,D Sayanov,1,1,60,59,1,119,2021-08-17 13:33:00,516061
Vadym Grushko_419721435,Vadym Grushko,2,1,43,28,15,71,2021-08-17 13:35:00,516062
Yevhenii Holoborodko_1101175591,Yevhenii Holoborodko,3,1,33,26,7,59,2021-08-17 13:35:00,516063
Volodymyr Hainiuk_175359,Volodymyr Hainiuk,2,1,43,30,13,73,2021-08-17 13:35:00,516064
Igor Sukovatyi_926138203,Igor Sukovatyi,3,1,35,28,7,63,2021-08-17 13:40:00,516065
A Komarov_127866,A Komarov,0,1,0,0,0,0,2021-08-17 13:45:00,516066
Maksym Kolos_1602427634,Maksym Kolos,3,1,33,26,7,59,2021-08-17 13:45:00,516067
Yaroslava Pachich_175582,Yaroslava Pachich,1,1,44,44,0,88,2021-08-17 13:45:00,516068
A Poprocky_127792,A Poprocky,-1,0,51,49,2,100,2021-08-17 13:45:00,516069
Yurii Kurishchenko_175584,Yurii Kurishchenko,-2,0,38,42,-4,80,2021-08-17 13:45:00,516070
A Kazakov_127867,A Kazakov,3,1,33,16,17,49,2021-08-17 13:46:00,516071
Vadym Nechyporuk_1880139801,Vadym Nechyporuk,2,1,39,34,5,73,2021-08-17 13:50:00,516072
Denys Pesternikov_175321,Denys Pesternikov,-1,0,48,49,-1,97,2021-08-17 13:50:00,516073
Serhii Chelpanov_175403,Serhii Chelpanov,-3,0,24,35,-11,59,2021-08-17 13:55:00,516074
Vitalii Protopopov_837200415,Vitalii Protopopov,-2,0,37,41,-4,78,2021-08-17 13:55:00,516075
T Postelt_28701,T Postelt,1,1,53,45,8,98,2021-08-17 13:59:00,516076
Pavlo Babenko_175612,Pavlo Babenko,-3,0,28,36,-8,64,2021-08-17 14:00:00,516077
Anastasiia Moskaliuk_175336,Anastasiia Moskaliuk,2,1,35,32,3,67,2021-08-17 14:00:00,516078
Oleh Holiak_175418,Oleh Holiak,3,1,33,22,11,55,2021-08-17 14:00:00,516079
Oleksandr Kostiuk_973087399,Oleksandr Kostiuk,1,1,50,45,5,95,2021-08-17 14:00:00,516080
Jan Jr Krames_175541,Jan Jr Krames,-1,0,49,52,-3,101,2021-08-17 14:00:00,516081
Ivan Synytskyi_1241769373,Ivan Synytskyi,-2,0,27,46,-19,73,2021-08-17 14:05:00,516082
Yevhen Bielokon_175360,Yevhen Bielokon,-1,0,41,40,1,81,2021-08-17 14:05:00,516083
A Kozlov_127833,A Kozlov,2,1,44,39,5,83,2021-08-17 14:07:00,516084
Dmitriy Lebed_1868156071,Dmitriy Lebed,-2,0,39,44,-5,83,2021-08-17 14:10:00,516085
Roman Shtukovanyi_1538672110,Roman Shtukovanyi,3,1,33,18,15,51,2021-08-17 14:10:00,516086
Andriy Chermenskyi_623838633,Andriy Chermenskyi,1,1,53,45,8,98,2021-08-17 14:15:00,516087
R Astreev_127966,R Astreev,-3,0,24,34,-10,58,2021-08-17 14:15:00,516088
A Zabrodin_127793,A Zabrodin,2,1,41,35,6,76,2021-08-17 14:16:00,516089
Oleh Bindas_175322,Oleh Bindas,-1,0,46,51,-5,97,2021-08-17 14:20:00,516090
Oleksiy Shindel_457545506,Oleksiy Shindel,-1,0,47,50,-3,97,2021-08-17 14:20:00,516091
Serhii Tkachev_175404,Serhii Tkachev,-1,0,43,48,-5,91,2021-08-17 14:25:00,516092
Anton Molochko_888519892,Anton Molochko,-1,0,44,50,-6,94,2021-08-17 14:25:00,516093
Vladyslav Yamchuk_175419,Vladyslav Yamchuk,-3,0,31,39,-8,70,2021-08-17 14:30:00,516094
Volodymyr Voronenkov_175613,Volodymyr Voronenkov,3,1,33,20,13,53,2021-08-17 14:30:00,516095
Artur Moriak_29784853,Artur Moriak,2,1,42,41,1,83,2021-08-17 14:30:00,516096
Alina Man_175346,Alina Man,1,1,50,51,-1,101,2021-08-17 14:30:00,516097
Tomas Cerveny_175542,Tomas Cerveny,-1,0,46,50,-4,96,2021-08-17 14:30:00,516098
P Macela_28702,P Macela,-1,0,35,45,-10,80,2021-08-17 14:30:00,516099
Volodymyr Hainiuk_175361,Volodymyr Hainiuk,-3,0,15,33,-18,48,2021-08-17 14:35:00,516100
Bogdan Stasiuk_955828507,Bogdan Stasiuk,-2,0,36,43,-7,79,2021-08-17 14:35:00,516101
P Semeshin_127967,P Semeshin,1,1,41,35,6,76,2021-08-17 14:36:00,516102
Maksym Mykytiuk_839207906,Maksym Mykytiuk,2,1,39,30,9,69,2021-08-17 14:40:00,516103
Vadym Grushko_302857299,Vadym Grushko,3,1,33,17,16,50,2021-08-17 14:45:00,516104
Igor Maksymchuk_447350387,Igor Maksymchuk,3,1,33,21,12,54,2021-08-17 14:45:00,516105
Ruslan Ivanov_627273070,Ruslan Ivanov,-3,0,26,35,-9,61,2021-08-17 14:50:00,516106
Nazar Mosiuk_175323,Nazar Mosiuk,-3,0,22,34,-12,56,2021-08-17 14:50:00,516107
Oleksandr Mishchenko_175405,Oleksandr Mishchenko,-2,0,34,38,-4,72,2021-08-17 14:55:00,516108
Oleksandr Dziabura_351153287,Oleksandr Dziabura,1,1,42,45,-3,87,2021-08-17 14:55:00,516109
A Poprocky_127969,A Poprocky,-3,0,24,34,-10,58,2021-08-17 14:59:00,516110
T Postelt_28703,T Postelt,-1,0,42,49,-7,91,2021-08-17 14:59:00,516111
Vadym Nechyporuk_1185961985,Vadym Nechyporuk,-3,0,24,34,-10,58,2021-08-17 15:00:00,516112
Vladyslav-Ivan Sheremeta_175420,Vladyslav-Ivan Sheremeta,-3,0,25,33,-8,58,2021-08-17 15:00:00,516113
Milan Obertik_175543,Milan Obertik,-2,0,25,39,-14,64,2021-08-17 15:00:00,516114
Anastasiia Kozak_175347,Anastasiia Kozak,-3,0,22,33,-11,55,2021-08-17 15:00:00,516115
A Kozlov_127968,A Kozlov,-1,0,39,44,-5,83,2021-08-17 15:00:00,516116
Oleksandr Staryi_2142299027,Oleksandr Staryi,-1,0,39,50,-11,89,2021-08-17 15:05:00,516117
Kostiantyn Kovalchuk_175362,Kostiantyn Kovalchuk,1,1,45,40,5,85,2021-08-17 15:05:00,516118
Roman Pinchuk_1645525419,Roman Pinchuk,-2,0,37,45,-8,82,2021-08-17 15:10:00,516119
Volodymyr Ivasiv_1873221075,Volodymyr Ivasiv,3,1,33,23,10,56,2021-08-17 15:15:00,516120
A Zabrodin_127970,A Zabrodin,1,1,50,44,6,94,2021-08-17 15:18:00,516121
Yaroslav Tebenko_175423,Yaroslav Tebenko,3,1,33,11,22,44,2021-08-17 15:20:00,516122
Spartak Abalmaz_351633033,Spartak Abalmaz,1,1,42,43,-1,85,2021-08-17 15:20:00,516123
Sergiy Akhlamov_1740710449,Sergiy Akhlamov,2,1,42,38,4,80,2021-08-17 15:20:00,516124
Andriy Chermenskyi_1119293971,Andriy Chermenskyi,2,1,43,34,9,77,2021-08-17 15:25:00,516125
Serhii Tkachev_175406,Serhii Tkachev,-1,0,44,48,-4,92,2021-08-17 15:25:00,516126
E Mares_28704,E Mares,-2,0,31,40,-9,71,2021-08-17 15:29:00,516127
Egor Kovpak_175433,Egor Kovpak,1,1,51,43,8,94,2021-08-17 15:30:00,516128
Vladyslav Yamchuk_175421,Vladyslav Yamchuk,-3,0,21,33,-12,54,2021-08-17 15:30:00,516129
Tomas Cerveny_175544,Tomas Cerveny,-3,0,17,33,-16,50,2021-08-17 15:30:00,516130
Oleksiy Shindel_1545288594,Oleksiy Shindel,1,1,47,40,7,87,2021-08-17 15:30:00,516131
M Sverdlov_127834,M Sverdlov,3,1,34,17,17,51,2021-08-17 15:32:00,516132
Serhii Dolyna_175448,Serhii Dolyna,-1,0,41,41,0,82,2021-08-17 15:35:00,516133
Anton Myrza_126929173,Anton Myrza,2,1,46,37,9,83,2021-08-17 15:35:00,516134
Artem Tkachenko_1335894761,Artem Tkachenko,3,1,36,23,13,59,2021-08-17 15:40:00,516135
Artem Yurkov_175463,Artem Yurkov,-3,0,28,36,-8,64,2021-08-17 15:40:00,516136
Yu Gavrilov_127868,Yu Gavrilov,-2,0,29,40,-11,69,2021-08-17 15:45:00,516137
Ivan Arkhipov_175478,Ivan Arkhipov,1,1,45,34,11,79,2021-08-17 15:45:00,516138
Oleksandr Kalynevych_175424,Oleksandr Kalynevych,-3,0,29,38,-9,67,2021-08-17 15:50:00,516139
Andrii Zeniuk_901103398,Andrii Zeniuk,-2,0,29,36,-7,65,2021-08-17 15:50:00,516140
V Beliakov_127794,V Beliakov,3,1,34,21,13,55,2021-08-17 15:51:00,516141
Vitalii Solovei_778548907,Vitalii Solovei,3,1,33,16,17,49,2021-08-17 15:55:00,516142
Oleksandr Kovalchuk_175407,Oleksandr Kovalchuk,3,1,34,25,9,59,2021-08-17 15:55:00,516143
E Mares_28749,E Mares,1,1,51,46,5,97,2021-08-17 15:59:00,516144
Serhii Skachenko_1035927614,Serhii Skachenko,2,1,39,31,8,70,2021-08-17 16:00:00,516145
Mykola Shyshkin_175422,Mykola Shyshkin,2,1,41,33,8,74,2021-08-17 16:00:00,516146
Sviatoslav Sachuk_175434,Sviatoslav Sachuk,-3,0,20,33,-13,53,2021-08-17 16:00:00,516147
Tomas Vorisek_175832,Tomas Vorisek,2,1,41,35,6,76,2021-08-17 16:00:00,516148
M Gusev_127835,M Gusev,-2,0,36,43,-7,79,2021-08-17 16:00:00,516149
Volodymyr Butko_175449,Volodymyr Butko,2,1,42,28,14,70,2021-08-17 16:05:00,516150
Vadym Komar_1588637582,Vadym Komar,-1,0,46,50,-4,96,2021-08-17 16:05:00,516151
Andrii Dombrovskyi_175464,Andrii Dombrovskyi,1,1,49,44,5,93,2021-08-17 16:10:00,516152
Anatolii Zapletniuk_895304141,Anatolii Zapletniuk,-1,0,49,51,-2,100,2021-08-17 16:10:00,516153
Oleksandr Hryshchenko_175479,Oleksandr Hryshchenko,-2,0,32,40,-8,72,2021-08-17 16:15:00,516154
Ihor Syniavskyi_793221461,Ihor Syniavskyi,1,1,51,45,6,96,2021-08-17 16:15:00,516155
K Bystrushkin_127795,K Bystrushkin,2,1,40,34,6,74,2021-08-17 16:16:00,516156
A Golyshev_127869,A Golyshev,-2,0,34,40,-6,74,2021-08-17 16:17:00,516157
Viktor Trachuk_1210192959,Viktor Trachuk,3,1,33,13,20,46,2021-08-17 16:20:00,516158
Yaroslav Tebenko_175425,Yaroslav Tebenko,-1,0,43,48,-5,91,2021-08-17 16:20:00,516159
Andrii Romanenko_175567,Andrii Romanenko,1,1,54,48,6,102,2021-08-17 16:25:00,516160
Serhii Rutskyi_772578327,Serhii Rutskyi,-3,0,18,33,-15,51,2021-08-17 16:25:00,516161
T Postelt_28750,T Postelt,-1,0,48,49,-1,97,2021-08-17 16:29:00,516162
Jan Jr Krames_175833,Jan Jr Krames,3,1,33,20,13,53,2021-08-17 16:30:00,516163
Dmytro Derevinskyi_2081191063,Dmytro Derevinskyi,2,1,39,29,10,68,2021-08-17 16:30:00,516164
Ivan Udovenko_175435,Ivan Udovenko,3,1,34,25,9,59,2021-08-17 16:30:00,516165
Denys Shcherbak_344703033,Denys Shcherbak,3,1,38,27,11,65,2021-08-17 16:35:00,516166
Eduard Sotnikov_175450,Eduard Sotnikov,-3,0,21,33,-12,54,2021-08-17 16:35:00,516167
I Pandur_127836,I Pandur,-2,0,35,44,-9,79,2021-08-17 16:40:00,516168
Denys Vakulenko_1248865786,Denys Vakulenko,-2,0,35,46,-11,81,2021-08-17 16:40:00,516169
Dmytro Gudimenko_175465,Dmytro Gudimenko,-2,0,36,42,-6,78,2021-08-17 16:40:00,516170
V Tsvetkov_127870,V Tsvetkov,-1,0,47,52,-5,99,2021-08-17 16:45:00,516171
Anton Myrza_21864167,Anton Myrza,-1,0,45,47,-2,92,2021-08-17 16:45:00,516172
Vadym Ishchuk_175480,Vadym Ishchuk,2,1,38,28,10,66,2021-08-17 16:45:00,516173
Artem Tkachenko_1095198592,Artem Tkachenko,3,1,35,22,13,57,2021-08-17 16:50:00,516174
Ihor Kvak_175426,Ihor Kvak,-1,0,47,50,-3,97,2021-08-17 16:50:00,516175
V Demchenko_127796,V Demchenko,-2,0,25,41,-16,66,2021-08-17 16:51:00,516176
Hryhorii Kulishov_175568,Hryhorii Kulishov,3,1,35,26,9,61,2021-08-17 16:55:00,516177
Iurii Prokhoruk_1575343172,Iurii Prokhoruk,3,1,33,21,12,54,2021-08-17 16:55:00,516178
Sviatoslav Sachuk_175436,Sviatoslav Sachuk,2,1,37,32,5,69,2021-08-17 17:00:00,516179
Andrii Zeniuk_163759818,Andrii Zeniuk,3,1,40,27,13,67,2021-08-17 17:00:00,516180
Petr Provaznik_175545,Petr Provaznik,-3,0,25,34,-9,59,2021-08-17 17:00:00,516181
Ja Kanera_28705,Ja Kanera,-3,0,17,33,-16,50,2021-08-17 17:04:00,516182
Vitalii Solovei_1833215578,Vitalii Solovei,1,1,52,47,5,99,2021-08-17 17:05:00,516183
Volodymyr Butko_175451,Volodymyr Butko,-3,0,21,35,-14,56,2021-08-17 17:05:00,516184
Andrii Dombrovskyi_175466,Andrii Dombrovskyi,-2,0,36,44,-8,80,2021-08-17 17:10:00,516185
A Yakovlev_127837,A Yakovlev,-3,0,23,35,-12,58,2021-08-17 17:14:00,516186
Denys Shcherbak_827170507,Denys Shcherbak,-2,0,40,44,-4,84,2021-08-17 17:15:00,516187
Oleksandr Hryshchenko_175481,Oleksandr Hryshchenko,2,1,46,36,10,82,2021-08-17 17:15:00,516188
Anatolii Zapletniuk_502016407,Anatolii Zapletniuk,-2,0,33,42,-9,75,2021-08-17 17:20:00,516189
S Morozov_127871,S Morozov,2,1,45,38,7,83,2021-08-17 17:20:00,516190
Oleksandr Kalynevych_175427,Oleksandr Kalynevych,2,1,37,35,2,72,2021-08-17 17:20:00,516191
I Abelmasov_127797,I Abelmasov,-1,0,49,46,3,95,2021-08-17 17:22:00,516192
Maksym Marchuk_175495,Maksym Marchuk,2,1,44,38,6,82,2021-08-17 17:25:00,516193
Andrii Isaiev_1895257905,Andrii Isaiev,-1,0,58,67,-9,125,2021-08-17 17:25:00,516194
Viktor Trachuk_1023677227,Viktor Trachuk,-1,0,46,47,-1,93,2021-08-17 17:30:00,516195
Lukas Adamec_175546,Lukas Adamec,3,1,34,24,10,58,2021-08-17 17:30:00,516196
Jo Kutifel_28706,Jo Kutifel,2,1,42,30,12,72,2021-08-17 17:30:00,516197
Egor Kovpak_175437,Egor Kovpak,2,1,42,27,15,69,2021-08-17 17:30:00,516198
Vitalii Zharskiy_769185463,Vitalii Zharskiy,-3,0,27,35,-8,62,2021-08-17 17:35:00,516199
Serhii Dolyna_175452,Serhii Dolyna,-1,0,46,48,-2,94,2021-08-17 17:35:00,516200
Serhii Pokidko_1454777543,Serhii Pokidko,-2,0,39,44,-5,83,2021-08-17 17:40:00,516201
Artem Yurkov_175467,Artem Yurkov,-2,0,28,43,-15,71,2021-08-17 17:40:00,516202
I Pandur_127838,I Pandur,-1,0,49,53,-4,102,2021-08-17 17:41:00,516203
Andrii Datsenko_1995882549,Andrii Datsenko,3,1,33,17,16,50,2021-08-17 17:45:00,516204
Ivan Arkhipov_175482,Ivan Arkhipov,2,1,41,27,14,68,2021-08-17 17:45:00,516205
V Tsvetkov_127872,V Tsvetkov,2,1,39,31,8,70,2021-08-17 17:46:00,516206
Serhii Solomko_175508,Serhii Solomko,-2,0,34,35,-1,69,2021-08-17 17:50:00,516207
Denys Shcherbak_1318771052,Denys Shcherbak,-3,0,24,34,-10,58,2021-08-17 17:50:00,516208
Yaroslav Tebenko_175428,Yaroslav Tebenko,1,1,43,45,-2,88,2021-08-17 17:50:00,516209
Anton Myrza_1700645813,Anton Myrza,-2,0,31,43,-12,74,2021-08-17 17:55:00,516210
Hryhorii Kulishov_175569,Hryhorii Kulishov,-1,0,49,48,1,97,2021-08-17 17:55:00,516211
V Demchenko_127798,V Demchenko,-2,0,36,40,-4,76,2021-08-17 17:56:00,516212
Ihor Syniavskyi_659046765,Ihor Syniavskyi,2,1,39,32,7,71,2021-08-17 18:00:00,516213
jr. Havlik_28707,jr. Havlik,-2,0,36,42,-6,78,2021-08-17 18:00:00,516214
Lukas Adamec_175547,Lukas Adamec,-1,0,48,53,-5,101,2021-08-17 18:00:00,516215
Oleh Kuzyshyn_175438,Oleh Kuzyshyn,3,1,33,20,13,53,2021-08-17 18:00:00,516216
Serhii Paksiutov_175453,Serhii Paksiutov,3,1,34,20,14,54,2021-08-17 18:05:00,516217
Roman Oliynyk_1605326826,Roman Oliynyk,-3,0,15,33,-18,48,2021-08-17 18:05:00,516218
Andrii Matiushenko_175468,Andrii Matiushenko,3,1,33,20,13,53,2021-08-17 18:10:00,516219
Serhii Rutskyi_887289620,Serhii Rutskyi,3,1,33,14,19,47,2021-08-17 18:10:00,516220
Valerii Merzlikin_175483,Valerii Merzlikin,1,1,48,37,11,85,2021-08-17 18:15:00,516221
Dmytro Derevinskyi_1265804166,Dmytro Derevinskyi,2,1,44,42,2,86,2021-08-17 18:15:00,516222
A Golyshev_127873,A Golyshev,-2,0,29,39,-10,68,2021-08-17 18:16:00,516223
M Gusev_127839,M Gusev,-2,0,36,41,-5,77,2021-08-17 18:16:00,516224
Oleksandr Kalynevych_175429,Oleksandr Kalynevych,-1,0,35,44,-9,79,2021-08-17 18:20:00,516225
Serhii Burdelnyi_175509,Serhii Burdelnyi,-2,0,36,44,-8,80,2021-08-17 18:20:00,516226
Denys Shcherbak_1523696993,Denys Shcherbak,-2,0,29,41,-12,70,2021-08-17 18:20:00,516227
K Bystrushkin_127799,K Bystrushkin,-2,0,35,39,-4,74,2021-08-17 18:23:00,516228
Andrii Datsenko_1520585230,Andrii Datsenko,2,1,39,32,7,71,2021-08-17 18:25:00,516229
Denys Vakulenko_1182154817,Denys Vakulenko,-1,0,47,46,1,93,2021-08-17 18:25:00,516230
Andrii Romanenko_175570,Andrii Romanenko,2,1,39,33,6,72,2021-08-17 18:25:00,516231
Ivan Udovenko_175439,Ivan Udovenko,2,1,41,33,8,74,2021-08-17 18:30:00,516232
K Brozik_28708,K Brozik,-3,0,23,33,-10,56,2021-08-17 18:30:00,516233
Serhii Gergeliuk_1682511403,Serhii Gergeliuk,1,1,51,43,8,94,2021-08-17 18:30:00,516234
Petr Provaznik_175548,Petr Provaznik,-2,0,35,46,-11,81,2021-08-17 18:30:00,516235
Artem Tkachenko_304600581,Artem Tkachenko,3,1,33,15,18,48,2021-08-17 18:35:00,516236
Eduard Sotnikov_175454,Eduard Sotnikov,-1,0,44,45,-1,89,2021-08-17 18:35:00,516237
Iurii Prokhoruk_2137291889,Iurii Prokhoruk,-1,0,38,50,-12,88,2021-08-17 18:40:00,516238
Dmytro Gudimenko_175469,Dmytro Gudimenko,3,1,37,25,12,62,2021-08-17 18:40:00,516239
Andrii Zeniuk_310574689,Andrii Zeniuk,3,1,34,24,10,58,2021-08-17 18:45:00,516240
Vadym Ishchuk_175484,Vadym Ishchuk,-2,0,39,41,-2,80,2021-08-17 18:45:00,516241
A Golyshev_128021,A Golyshev,-2,0,31,45,-14,76,2021-08-17 18:45:00,516242
Vitalii Solovei_540936161,Vitalii Solovei,3,1,36,23,13,59,2021-08-17 18:50:00,516243
Ihor Kvak_175430,Ihor Kvak,-3,0,27,34,-7,61,2021-08-17 18:50:00,516244
Serhii Semenets_175510,Serhii Semenets,-2,0,34,42,-8,76,2021-08-17 18:50:00,516245
V Demchenko_128025,V Demchenko,2,1,42,40,2,82,2021-08-17 18:52:00,516246
A Yakovlev_128023,A Yakovlev,-2,0,33,42,-9,75,2021-08-17 18:54:00,516247
Serhii Sokolov_175498,Serhii Sokolov,-2,0,27,41,-14,68,2021-08-17 18:55:00,516248
Andrii Datsenko_712724521,Andrii Datsenko,-3,0,24,34,-10,58,2021-08-17 18:55:00,516249
Sviatoslav Sachuk_175440,Sviatoslav Sachuk,2,1,42,34,8,76,2021-08-17 19:00:00,516250
Denys Shcherbak_1041225427,Denys Shcherbak,2,1,45,30,15,75,2021-08-17 19:00:00,516251
Martin Juhasz_175549,Martin Juhasz,-2,0,34,42,-8,76,2021-08-17 19:00:00,516252
jr. Havlik_28709,jr. Havlik,2,1,37,21,16,58,2021-08-17 19:01:00,516253
Anatolii Zapletniuk_597390726,Anatolii Zapletniuk,2,1,37,39,-2,76,2021-08-17 19:05:00,516254
Volodymyr Butko_175455,Volodymyr Butko,-3,0,18,33,-15,51,2021-08-17 19:05:00,516255
Andrii Isaiev_994717258,Andrii Isaiev,1,1,46,50,-4,96,2021-08-17 19:10:00,516256
Andrii Dombrovskyi_175470,Andrii Dombrovskyi,-3,0,20,33,-13,53,2021-08-17 19:10:00,516257
Oleksandr Hryshchenko_175485,Oleksandr Hryshchenko,-2,0,29,43,-14,72,2021-08-17 19:15:00,516258
Viktor Trachuk_1696056807,Viktor Trachuk,1,1,49,49,0,98,2021-08-17 19:15:00,516259
S Morozov_128022,S Morozov,3,1,33,20,13,53,2021-08-17 19:16:00,516260
Yaroslav Tebenko_175431,Yaroslav Tebenko,-1,0,47,51,-4,98,2021-08-17 19:20:00,516261
Vitalii Zharskiy_1269589842,Vitalii Zharskiy,1,1,55,51,4,106,2021-08-17 19:20:00,516262
K Bystrushkin_128026,K Bystrushkin,-3,0,25,36,-11,61,2021-08-17 19:20:00,516263
Serhii Burdelnyi_175511,Serhii Burdelnyi,2,1,46,36,10,82,2021-08-17 19:20:00,516264
I Pandur_128024,I Pandur,-3,0,25,33,-8,58,2021-08-17 19:23:00,516265
Serhii Pokidko_593983006,Serhii Pokidko,-3,0,17,33,-16,50,2021-08-17 19:25:00,516266
Maksym Marchuk_175571,Maksym Marchuk,2,1,45,28,17,73,2021-08-17 19:25:00,516267
Andrii Datsenko_974466109,Andrii Datsenko,-1,0,51,49,2,100,2021-08-17 19:30:00,516268
Jo Kutifel_28710,Jo Kutifel,3,1,34,21,13,55,2021-08-17 19:30:00,516269
Egor Kovpak_175441,Egor Kovpak,-3,0,22,35,-13,57,2021-08-17 19:30:00,516270
Petr Provaznik_175550,Petr Provaznik,-3,0,20,33,-13,53,2021-08-17 19:30:00,516271
Serhii Dolyna_175456,Serhii Dolyna,3,1,33,6,27,39,2021-08-17 19:35:00,516272
Denys Shcherbak_1275225825,Denys Shcherbak,3,1,34,27,7,61,2021-08-17 19:35:00,516273
Artem Yurkov_175471,Artem Yurkov,1,1,57,59,-2,116,2021-08-17 19:40:00,516274
Anton Myrza_641300383,Anton Myrza,3,1,33,20,13,53,2021-08-17 19:40:00,516275
Ivan Arkhipov_175486,Ivan Arkhipov,2,1,39,26,13,65,2021-08-17 19:45:00,516276
Ihor Syniavskyi_571016776,Ihor Syniavskyi,-2,0,34,43,-9,77,2021-08-17 19:45:00,516277
I Buyanin_128804,I Buyanin,0,1,0,0,0,0,2021-08-17 19:45:00,516278
S Korolev_127874,S Korolev,-2,0,38,45,-7,83,2021-08-17 19:48:00,516279
S Vardanyan_127806,S Vardanyan,1,1,44,48,-4,92,2021-08-17 19:48:00,516280
V Mishakin_127840,V Mishakin,2,1,38,26,12,64,2021-08-17 19:49:00,516281
Serhii Solomko_175512,Serhii Solomko,1,1,50,42,8,92,2021-08-17 19:50:00,516282
Roman Oliynyk_917884411,Roman Oliynyk,2,1,40,34,6,74,2021-08-17 19:50:00,516283
Anatolii Dulich_175432,Anatolii Dulich,2,1,40,37,3,77,2021-08-17 19:50:00,516284
Serhii Rutskyi_2054852291,Serhii Rutskyi,2,1,41,31,10,72,2021-08-17 19:55:00,516285
Hryhorii Kulishov_175572,Hryhorii Kulishov,-1,0,44,48,-4,92,2021-08-17 19:55:00,516286
Martin Juhasz_175846,Martin Juhasz,-3,0,19,33,-14,52,2021-08-17 20:00:00,516287
Dmytro Derevinskyi_1597645331,Dmytro Derevinskyi,-3,0,22,33,-11,55,2021-08-17 20:00:00,516288
Ja Kanera_28751,Ja Kanera,2,1,44,41,3,85,2021-08-17 20:00:00,516289
Oleh Kuzyshyn_175442,Oleh Kuzyshyn,1,1,51,46,5,97,2021-08-17 20:00:00,516290
Anton Maslov_1649764528,Anton Maslov,2,1,46,42,4,88,2021-08-17 20:05:00,516291
Serhii Paksiutov_175457,Serhii Paksiutov,1,1,43,43,0,86,2021-08-17 20:05:00,516292
A Alekseyev_127841,A Alekseyev,-1,0,43,52,-9,95,2021-08-17 20:09:00,516293
Yuriy Tarasov_1081739355,Yuriy Tarasov,-1,0,38,52,-14,90,2021-08-17 20:10:00,516294
Andrii Matiushenko_175472,Andrii Matiushenko,1,1,43,40,3,83,2021-08-17 20:10:00,516295
P Pinkovskii_127875,P Pinkovskii,3,1,35,25,10,60,2021-08-17 20:15:00,516296
S Kaplan_128805,S Kaplan,0,1,0,0,0,0,2021-08-17 20:15:00,516297
Valerii Merzlikin_175487,Valerii Merzlikin,-1,0,44,50,-6,94,2021-08-17 20:15:00,516298
Anatolii Zapletniuk_1424376195,Anatolii Zapletniuk,1,1,52,44,8,96,2021-08-17 20:15:00,516299
A Klavdenkov_127807,A Klavdenkov,-2,0,32,40,-8,72,2021-08-17 20:19:00,516300
Ivan Kazmirovskyi_175513,Ivan Kazmirovskyi,2,1,41,33,8,74,2021-08-17 20:20:00,516301
Andriy Kurtenko_1502819036,Andriy Kurtenko,-3,0,21,33,-12,54,2021-08-17 20:20:00,516302
Andrii Romanenko_175573,Andrii Romanenko,-2,0,34,44,-10,78,2021-08-17 20:25:00,516303
Iurii Prokhoruk_713185143,Iurii Prokhoruk,1,1,54,48,6,102,2021-08-17 20:25:00,516304
Serhij Maksymiv_275336295,Serhij Maksymiv,3,1,33,26,7,59,2021-08-17 20:30:00,516305
Ivan Udovenko_175443,Ivan Udovenko,-2,0,36,47,-11,83,2021-08-17 20:30:00,516306
jr. Havlik_28752,jr. Havlik,-1,0,52,50,2,102,2021-08-17 20:30:00,516307
Igor Bectas_175847,Igor Bectas,3,1,34,19,15,53,2021-08-17 20:30:00,516308
D Tikhnenko_127842,D Tikhnenko,3,1,33,19,14,52,2021-08-17 20:34:00,516309
Artem Borysov_1099665829,Artem Borysov,-3,0,23,37,-14,60,2021-08-17 20:35:00,516310
Serhii Ponomarov_175848,Serhii Ponomarov,1,1,52,49,3,101,2021-08-17 20:35:00,516311
Dmytro Gudimenko_175473,Dmytro Gudimenko,1,1,54,37,17,91,2021-08-17 20:40:00,516312
Anton Maslov_1310483942,Anton Maslov,3,1,33,24,9,57,2021-08-17 20:40:00,516313
Oleh Obidnyi_703981104,Oleh Obidnyi,-1,0,38,44,-6,82,2021-08-17 20:45:00,516314
E Kupryakov_127876,E Kupryakov,-2,0,32,42,-10,74,2021-08-17 20:45:00,516315
E Kupryakov_128806,E Kupryakov,0,1,0,0,0,0,2021-08-17 20:45:00,516316
Vadym Ishchuk_175488,Vadym Ishchuk,-2,0,30,41,-11,71,2021-08-17 20:45:00,516317
I Moshkov_127808,I Moshkov,1,1,56,46,10,102,2021-08-17 20:49:00,516318
Serhii Semenets_175514,Serhii Semenets,-1,0,44,53,-9,97,2021-08-17 20:50:00,516319
Anton Myrza_893805358,Anton Myrza,2,1,42,26,16,68,2021-08-17 20:50:00,516320
Serhii Sokolov_175574,Serhii Sokolov,1,1,46,39,7,85,2021-08-17 20:55:00,516321
Artem Tkachenko_1606304591,Artem Tkachenko,2,1,40,31,9,71,2021-08-17 20:55:00,516322
Andrej Grossu_175551,Andrej Grossu,-2,0,27,39,-12,66,2021-08-17 21:00:00,516323
Egor Kovpak_175444,Egor Kovpak,-2,0,42,49,-7,91,2021-08-17 21:00:00,516324
M Dukhin_127843,M Dukhin,2,1,40,30,10,70,2021-08-17 21:00:00,516325
Vladimir Malashevsky_1454586632,Vladimir Malashevsky,1,1,52,52,0,104,2021-08-17 21:00:00,516326
M-n Regner_28711,M-n Regner,-2,0,31,41,-10,72,2021-08-17 21:03:00,516327
Andrii Zeniuk_1818638659,Andrii Zeniuk,-2,0,35,41,-6,76,2021-08-17 21:05:00,516328
Anatolii Dulich_175849,Anatolii Dulich,-1,0,44,45,-1,89,2021-08-17 21:05:00,516329
Serhii Dolyna_175459,Serhii Dolyna,2,1,39,28,11,67,2021-08-17 21:05:00,516330
Vitalii Solovei_196144835,Vitalii Solovei,2,1,40,29,11,69,2021-08-17 21:10:00,516331
Artem Yurkov_175474,Artem Yurkov,-3,0,24,37,-13,61,2021-08-17 21:10:00,516332
Ivan Arkhipov_175489,Ivan Arkhipov,3,1,33,20,13,53,2021-08-17 21:15:00,516333
V Fedorov_128807,V Fedorov,0,1,0,0,0,0,2021-08-17 21:15:00,516334
Yuriy Tarasov_831194382,Yuriy Tarasov,2,1,42,29,13,71,2021-08-17 21:15:00,516335
A Innazarov_127877,A Innazarov,2,1,36,32,4,68,2021-08-17 21:15:00,516336
D Tunitsyn_127809,D Tunitsyn,2,1,41,31,10,72,2021-08-17 21:18:00,516337
Anton Maslov_2099360564,Anton Maslov,-1,0,43,50,-7,93,2021-08-17 21:20:00,516338
Serhii Burdelnyi_175515,Serhii Burdelnyi,-2,0,34,44,-10,78,2021-08-17 21:20:00,516339
Maksym Marchuk_175503,Maksym Marchuk,-3,0,27,35,-8,62,2021-08-17 21:25:00,516340
Anatolii Zapletniuk_805146647,Anatolii Zapletniuk,1,1,42,44,-2,86,2021-08-17 21:25:00,516341
Jan Holan_175552,Jan Holan,1,1,49,45,4,94,2021-08-17 21:30:00,516342
D Tikhnenko_127844,D Tikhnenko,-2,0,39,45,-6,84,2021-08-17 21:30:00,516343
Andrii Isaiev_938114578,Andrii Isaiev,-3,0,26,35,-9,61,2021-08-17 21:30:00,516344
Dmytro Prokopenko_175445,Dmytro Prokopenko,-3,0,20,33,-13,53,2021-08-17 21:30:00,516345
M Kolar_28712,M Kolar,2,1,40,31,9,71,2021-08-17 21:31:00,516346
Viktor Trachuk_1526245442,Viktor Trachuk,-2,0,37,44,-7,81,2021-08-17 21:35:00,516347
Vitalii Zharskiy_2042015810,Vitalii Zharskiy,1,1,47,50,-3,97,2021-08-17 21:40:00,516348
Illia Udod_175475,Illia Udod,-3,0,27,36,-9,63,2021-08-17 21:40:00,516349
Dmytro Derevinskyi_858371599,Dmytro Derevinskyi,-2,0,29,39,-10,68,2021-08-17 21:45:00,516350
Anatolii Nazarov_175490,Anatolii Nazarov,-2,0,36,46,-10,82,2021-08-17 21:45:00,516351
E Kupryakov_128808,E Kupryakov,0,1,0,0,0,0,2021-08-17 21:45:00,516352
E Kupryakov_127878,E Kupryakov,-3,0,18,33,-15,51,2021-08-17 21:46:00,516353
Oleh Obidnyi_1283966250,Oleh Obidnyi,3,1,37,27,10,64,2021-08-17 21:50:00,516354
Serhii Solomko_175516,Serhii Solomko,2,1,38,31,7,69,2021-08-17 21:50:00,516355
I Moshkov_127810,I Moshkov,-2,0,29,40,-11,69,2021-08-17 21:54:00,516356
Yuriy Tarasov_1865433003,Yuriy Tarasov,3,1,34,16,18,50,2021-08-17 21:55:00,516357
Andrii Romanenko_175575,Andrii Romanenko,-3,0,25,36,-11,61,2021-08-17 21:55:00,516358
A Alekseyev_127845,A Alekseyev,2,1,42,31,11,73,2021-08-17 21:59:00,516359
Jan Holan_175553,Jan Holan,-2,0,37,40,-3,77,2021-08-17 22:00:00,516360
Serhii Gergeliuk_992728695,Serhii Gergeliuk,-1,0,51,52,-1,103,2021-08-17 22:00:00,516361
Egor Kovpak_175446,Egor Kovpak,-2,0,34,41,-7,75,2021-08-17 22:00:00,516362
M Cmunt_28713,M Cmunt,-2,0,36,40,-4,76,2021-08-17 22:00:00,516363
Andriy Kurtenko_1305961892,Andriy Kurtenko,-3,0,15,33,-18,48,2021-08-17 22:05:00,516364
Serhii Dolyna_175461,Serhii Dolyna,-2,0,34,38,-4,72,2021-08-17 22:05:00,516365
Vladimir Malashevsky_1454412394,Vladimir Malashevsky,2,1,47,38,9,85,2021-08-17 22:10:00,516366
Artem Yurkov_175476,Artem Yurkov,-3,0,18,33,-15,51,2021-08-17 22:10:00,516367
P Pinkovskii_127879,P Pinkovskii,1,1,48,43,5,91,2021-08-17 22:15:00,516368
S Kaplan_128809,S Kaplan,0,1,0,0,0,0,2021-08-17 22:15:00,516369
Ivan Arkhipov_175491,Ivan Arkhipov,2,1,42,33,9,75,2021-08-17 22:15:00,516370
Serhij Maksymiv_1678905177,Serhij Maksymiv,2,1,49,45,4,94,2021-08-17 22:15:00,516371
A Klavdenkov_127811,A Klavdenkov,-1,0,45,48,-3,93,2021-08-17 22:18:00,516372
Ivan Kazmirovskyi_175517,Ivan Kazmirovskyi,3,1,34,22,12,56,2021-08-17 22:20:00,516373
Vitaliy Khamurda_452922275,Vitaliy Khamurda,-1,0,38,50,-12,88,2021-08-17 22:20:00,516374
Pavlo Khakhamidi_175576,Pavlo Khakhamidi,3,1,33,19,14,52,2021-08-17 22:25:00,516375
Alexey Hladkykh_786147311,Alexey Hladkykh,2,1,42,26,16,68,2021-08-17 22:25:00,516376
V Mishakin_128027,V Mishakin,-3,0,23,33,-10,56,2021-08-17 22:29:00,516377
O Kucirek_28714,O Kucirek,1,1,43,40,3,83,2021-08-17 22:30:00,516378
Anton Maslov_407987769,Anton Maslov,-2,0,34,44,-10,78,2021-08-17 22:30:00,516379
Sviatoslav Sachuk_175447,Sviatoslav Sachuk,1,1,47,47,0,94,2021-08-17 22:30:00,516380
Andrej Grossu_175554,Andrej Grossu,3,1,34,24,10,58,2021-08-17 22:30:00,516381
Volodymyr Butko_175462,Volodymyr Butko,3,1,35,27,8,62,2021-08-17 22:35:00,516382
Andrii Dombrovskyi_175477,Andrii Dombrovskyi,3,1,35,28,7,63,2021-08-17 22:40:00,516383
Oleksandr Hryshchenko_175492,Oleksandr Hryshchenko,-2,0,33,41,-8,74,2021-08-17 22:45:00,516384
Viktor Trachuk_1965389554,Viktor Trachuk,-2,0,41,45,-4,86,2021-08-17 22:45:00,516385
A Klavdenkov_128029,A Klavdenkov,-2,0,29,41,-12,70,2021-08-17 22:50:00,516386
Serhii Semenets_175518,Serhii Semenets,2,1,40,31,9,71,2021-08-17 22:50:00,516387
E Kupryakov_128031,E Kupryakov,-3,0,29,37,-8,66,2021-08-17 22:50:00,516388
Andrii Romanenko_175577,Andrii Romanenko,1,1,52,42,10,94,2021-08-17 22:55:00,516389
M Dukhin_128028,M Dukhin,1,1,46,49,-3,95,2021-08-17 22:59:00,516390
Alexey Hladkykh_169857920,Alexey Hladkykh,2,1,43,40,3,83,2021-08-17 23:00:00,516391
Jaromir Zlamal_175555,Jaromir Zlamal,-3,0,18,33,-15,51,2021-08-17 23:00:00,516392
M Cmunt_28715,M Cmunt,2,1,42,36,6,78,2021-08-17 23:02:00,516393
Yuriy Tarasov_664003362,Yuriy Tarasov,-2,0,35,44,-9,79,2021-08-17 23:05:00,516394
P Pinkovskii_128032,P Pinkovskii,2,1,46,40,6,86,2021-08-17 23:15:00,516395
S Vardanyan_128030,S Vardanyan,-1,0,40,51,-11,91,2021-08-17 23:18:00,516396
Serhii Solomko_175519,Serhii Solomko,1,1,49,46,3,95,2021-08-17 23:20:00,516397
Hryhorii Kulishov_175578,Hryhorii Kulishov,2,1,40,32,8,72,2021-08-17 23:25:00,516398
Andrej Grossu_175556,Andrej Grossu,-3,0,21,33,-12,54,2021-08-17 23:30:00,516399
M Kolar_28716,M Kolar,3,1,35,26,9,61,2021-08-17 23:30:00,516400
E Ilyukhin_127846,E Ilyukhin,2,1,40,25,15,65,2021-08-17 23:35:00,516401
Andrii Khvysiuk_758949736,Andrii Khvysiuk,2,1,42,27,15,69,2021-08-17 23:35:00,516402
Roman Rybachuk_925990525,Roman Rybachuk,2,1,40,37,3,77,2021-08-17 23:45:00,516403
A Fedosov_127880,A Fedosov,-3,0,19,33,-14,52,2021-08-17 23:48:00,516404
V Chahur_127812,V Chahur,-1,0,39,51,-12,90,2021-08-17 23:48:00,516405
Oleh Pereguda_175520,Oleh Pereguda,-3,0,25,33,-8,58,2021-08-17 23:50:00,516406
M-n Regner_28753,M-n Regner,-1,0,42,51,-9,93,2021-08-18 00:01:00,516407
N Sukharnikov_127847,N Sukharnikov,-2,0,28,40,-12,68,2021-08-18 00:03:00,516408
Ihor Kuznetsov_192204692,Ihor Kuznetsov,1,1,52,46,6,98,2021-08-18 00:05:00,516409
Jaromir Zlamal_175914,Jaromir Zlamal,-1,0,42,48,-6,90,2021-08-18 00:05:00,516410
Sergii Lugovskyi_1747064588,Sergii Lugovskyi,1,1,38,40,-2,78,2021-08-18 00:15:00,516411
I Afanasev_127881,I Afanasev,-1,0,44,43,1,87,2021-08-18 00:15:00,516412
D Balakin_127813,D Balakin,-2,0,46,51,-5,97,2021-08-18 00:19:00,516413
Serhii Solomko_175521,Serhii Solomko,-1,0,44,44,0,88,2021-08-18 00:20:00,516414
D Korneev_127848,D Korneev,-1,0,45,53,-8,98,2021-08-18 00:30:00,516415
O Kucirek_28754,O Kucirek,2,1,41,34,7,75,2021-08-18 00:32:00,516416
Jakub Figel_175915,Jakub Figel,3,1,33,23,10,56,2021-08-18 00:35:00,516417
Andrii Khvysiuk_1273377559,Andrii Khvysiuk,-2,0,33,44,-11,77,2021-08-18 00:35:00,516418
Roman Rybachuk_308000983,Roman Rybachuk,-3,0,33,40,-7,73,2021-08-18 00:45:00,516419
A Aslanyan_127882,A Aslanyan,-2,0,31,35,-4,66,2021-08-18 00:46:00,516420
Serhii Burdelnyi_175522,Serhii Burdelnyi,3,1,33,18,15,51,2021-08-18 00:50:00,516421
A Ilin_127814,A Ilin,2,1,39,24,15,63,2021-08-18 00:56:00,516422
Ihor Kuznetsov_1600897347,Ihor Kuznetsov,1,1,42,35,7,77,2021-08-18 01:05:00,516423
D Ignatev_127849,D Ignatev,-3,0,17,33,-16,50,2021-08-18 01:06:00,516424
Serhii Berezynskyi_1083683622,Serhii Berezynskyi,2,1,41,31,10,72,2021-08-18 01:15:00,516425
E Masokin_127883,E Masokin,2,1,41,34,7,75,2021-08-18 01:16:00,516426
K Malahov_127815,K Malahov,-2,0,31,38,-7,69,2021-08-18 01:17:00,516427
N Sukharnikov_127850,N Sukharnikov,-1,0,52,53,-1,105,2021-08-18 01:30:00,516428
Andrii Khvysiuk_969183492,Andrii Khvysiuk,2,1,41,30,11,71,2021-08-18 01:35:00,516429
Sergii Lugovskyi_341289577,Sergii Lugovskyi,-1,0,48,46,2,94,2021-08-18 01:45:00,516430
D Balakin_127816,D Balakin,-3,0,25,34,-9,59,2021-08-18 01:47:00,516431
I Afanasev_127884,I Afanasev,-2,0,30,44,-14,74,2021-08-18 01:47:00,516432
Andrii Kovrikov_175523,Andrii Kovrikov,-2,0,37,42,-5,79,2021-08-18 01:55:00,516433
D Ignatev_127851,D Ignatev,1,1,50,47,3,97,2021-08-18 02:05:00,516434
Maksym Skhabovskyi_2091417665,Maksym Skhabovskyi,-3,0,21,33,-12,54,2021-08-18 02:05:00,516435
E Masokin_127885,E Masokin,-3,0,27,38,-11,65,2021-08-18 02:15:00,516436
Roman Rybachuk_1786257377,Roman Rybachuk,3,1,33,17,16,50,2021-08-18 02:15:00,516437
K Malahov_127817,K Malahov,-3,0,18,33,-15,51,2021-08-18 02:16:00,516438
Volodymyr Chornobab_175524,Volodymyr Chornobab,3,1,33,21,12,54,2021-08-18 02:25:00,516439
Andrii Khvysiuk_1883612082,Andrii Khvysiuk,3,1,33,17,16,50,2021-08-18 02:35:00,516440
K Churin_127852,K Churin,-1,0,36,49,-13,85,2021-08-18 02:40:00,516441
Serhii Berezynskyi_223125054,Serhii Berezynskyi,-1,0,41,47,-6,88,2021-08-18 02:45:00,516442
S Martyukhin_127886,S Martyukhin,3,1,35,26,9,61,2021-08-18 02:48:00,516443
V Shirshov_127818,V Shirshov,3,1,33,22,11,55,2021-08-18 02:48:00,516444
Andrii Kovrikov_175525,Andrii Kovrikov,3,1,38,27,11,65,2021-08-18 02:55:00,516445
Ihor Kuznetsov_192242611,Ihor Kuznetsov,-1,0,41,52,-11,93,2021-08-18 03:05:00,516446
D Korneev_127853,D Korneev,2,1,39,35,4,74,2021-08-18 03:08:00,516447
Sergii Lugovskyi_258724092,Sergii Lugovskyi,-3,0,20,33,-13,53,2021-08-18 03:15:00,516448
A Aslanyan_127887,A Aslanyan,2,1,43,27,16,70,2021-08-18 03:16:00,516449
A Ilin_127819,A Ilin,3,1,33,20,13,53,2021-08-18 03:17:00,516450
Oleksandr Dukhovenko_175526,Oleksandr Dukhovenko,1,1,49,43,6,92,2021-08-18 03:25:00,516451
E Ilyukhin_127854,E Ilyukhin,-1,0,39,50,-11,89,2021-08-18 03:35:00,516452
Andrii Khvysiuk_1273273908,Andrii Khvysiuk,2,1,41,29,12,70,2021-08-18 03:35:00,516453
Illia Semeniuk_1726850130,Illia Semeniuk,2,1,45,34,11,79,2021-08-18 03:45:00,516454
V Chahur_127820,V Chahur,-3,0,30,39,-9,69,2021-08-18 03:46:00,516455
A Fedosov_127888,A Fedosov,2,1,41,36,5,77,2021-08-18 03:47:00,516456
Volodymyr Chornobab_175527,Volodymyr Chornobab,1,1,48,42,6,90,2021-08-18 03:55:00,516457
Ihor Kuznetsov_1457357718,Ihor Kuznetsov,-3,0,22,33,-11,55,2021-08-18 04:05:00,516458
K Churin_127855,K Churin,-1,0,51,51,0,102,2021-08-18 04:10:00,516459
Roman Rybachuk_117532049,Roman Rybachuk,-2,0,28,40,-12,68,2021-08-18 04:15:00,516460
V Shirshov_127821,V Shirshov,-2,0,33,39,-6,72,2021-08-18 04:16:00,516461
S Martyukhin_127889,S Martyukhin,2,1,41,32,9,73,2021-08-18 04:17:00,516462
Andrii Kovrikov_175528,Andrii Kovrikov,-2,0,42,50,-8,92,2021-08-18 04:25:00,516463
Andrii Khvysiuk_306612885,Andrii Khvysiuk,-2,0,37,44,-7,81,2021-08-18 04:35:00,516464
Sergii Lugovskyi_690072136,Sergii Lugovskyi,3,1,33,13,20,46,2021-08-18 04:45:00,516465
D Balakin_128033,D Balakin,-3,0,16,33,-17,49,2021-08-18 04:47:00,516466
E Masokin_128037,E Masokin,-3,0,14,33,-19,47,2021-08-18 04:51:00,516467
D Ignatev_128035,D Ignatev,1,1,49,47,2,96,2021-08-18 04:54:00,516468
Volodymyr Chornobab_175529,Volodymyr Chornobab,1,1,52,49,3,101,2021-08-18 04:55:00,516469
Maksym Skhabovskyi_2091455848,Maksym Skhabovskyi,-3,0,19,33,-14,52,2021-08-18 05:05:00,516470
Illia Semeniuk_1272497693,Illia Semeniuk,1,1,49,42,7,91,2021-08-18 05:15:00,516471
A Fedosov_128038,A Fedosov,-1,0,45,51,-6,96,2021-08-18 05:18:00,516472
V Shirshov_128034,V Shirshov,2,1,37,33,4,70,2021-08-18 05:18:00,516473
Oleksandr Dukhovenko_175530,Oleksandr Dukhovenko,3,1,33,25,8,58,2021-08-18 05:25:00,516474
E Ilyukhin_128036,E Ilyukhin,-1,0,43,44,-1,87,2021-08-18 05:26:00,516475
Andrii Kovrikov_175531,Andrii Kovrikov,-3,0,20,33,-13,53,2021-08-18 05:55:00,516476
Igor Talalai_175532,Igor Talalai,1,1,46,44,2,90,2021-08-18 06:25:00,516477
Oleksandr Dukhovenko_175918,Oleksandr Dukhovenko,-2,0,32,49,-17,81,2021-08-18 06:55:00,516478
Igor Talalai_175919,Igor Talalai,1,1,44,35,9,79,2021-08-18 07:25:00,516479
A Vorozheykin_127948,A Vorozheykin,2,1,43,36,7,79,2021-08-18 07:30:00,516480
A Fedorov_127914,A Fedorov,-3,0,24,33,-9,57,2021-08-18 07:49:00,516481
Oleksii Krutko_1798613815,Oleksii Krutko,-2,0,28,42,-14,70,2021-08-18 07:50:00,516482
S Morozov_127987,S Morozov,2,1,40,28,12,68,2021-08-18 07:50:00,516483
Valerii Tatarynov_175585,Valerii Tatarynov,-1,0,49,55,-6,104,2021-08-18 07:50:00,516484
Dmytro Belanchyk_791376148,Dmytro Belanchyk,1,1,58,51,7,109,2021-08-18 07:55:00,516485
Mykhailo Teteruk_175600,Mykhailo Teteruk,-3,0,21,33,-12,54,2021-08-18 08:00:00,516486
S Ovechkin_127949,S Ovechkin,-3,0,28,37,-9,65,2021-08-18 08:00:00,516487
Dmytro Hrosov_175614,Dmytro Hrosov,-1,0,39,46,-7,85,2021-08-18 08:05:00,516488
Andrii Dombrovskyi_175890,Andrii Dombrovskyi,1,1,48,46,2,94,2021-08-18 08:10:00,516489
Artem Yurkov_175905,Artem Yurkov,1,1,48,47,1,95,2021-08-18 08:15:00,516490
I Meteleshko_127915,I Meteleshko,-2,0,34,42,-8,76,2021-08-18 08:15:00,516491
V Bazilevskiy_127988,V Bazilevskiy,2,1,43,34,9,77,2021-08-18 08:17:00,516492
Andrii Baklykov_966492910,Andrii Baklykov,-2,0,24,36,-12,60,2021-08-18 08:25:00,516493
Oleksii Hrymovskyi_175601,Oleksii Hrymovskyi,-3,0,30,39,-9,69,2021-08-18 08:30:00,516494
G Karpovkin_127950,G Karpovkin,3,1,33,23,10,56,2021-08-18 08:30:00,516495
Illia Yanishevskiy_1557902805,Illia Yanishevskiy,-1,0,50,51,-1,101,2021-08-18 08:30:00,516496
Nazarii Danyliuk_1452816200,Nazarii Danyliuk,-3,0,16,33,-17,49,2021-08-18 08:35:00,516497
Artem Kuzmyn_175615,Artem Kuzmyn,-2,0,38,47,-9,85,2021-08-18 08:35:00,516498
Illia Udod_175891,Illia Udod,3,1,35,28,7,63,2021-08-18 08:40:00,516499
Petro Tsolik_209262936,Petro Tsolik,2,1,43,33,10,76,2021-08-18 08:40:00,516500
Viktor Bosak_1769349796,Viktor Bosak,2,1,40,27,13,67,2021-08-18 08:45:00,516501
Valerii Merzlikin_175906,Valerii Merzlikin,1,1,47,38,9,85,2021-08-18 08:45:00,516502
S Lanovenko_127916,S Lanovenko,3,1,34,23,11,57,2021-08-18 08:45:00,516503
A Lisov_127989,A Lisov,-3,0,25,33,-8,58,2021-08-18 08:48:00,516504
Oleksandr Hordiichuk_175587,Oleksandr Hordiichuk,2,1,43,37,6,80,2021-08-18 08:50:00,516505
Yaroslav Vorsuliak_562227299,Yaroslav Vorsuliak,-3,0,15,33,-18,48,2021-08-18 08:50:00,516506
Sviatoslav Sachuk_175654,Sviatoslav Sachuk,1,1,49,45,4,94,2021-08-18 08:50:00,516507
Roman Derypaska_1709416478,Roman Derypaska,2,1,43,34,9,77,2021-08-18 08:55:00,516508
Serhii Chuliukov_175664,Serhii Chuliukov,3,1,34,24,10,58,2021-08-18 08:55:00,516509
Viktor Kotov_308712080,Viktor Kotov,1,1,46,46,0,92,2021-08-18 08:55:00,516510
Oleksii Hrymovskyi_175602,Oleksii Hrymovskyi,3,1,33,25,8,58,2021-08-18 09:00:00,516511
Serhii Prus_175679,Serhii Prus,-3,0,17,33,-16,50,2021-08-18 09:00:00,516512
P Vshivkov_127951,P Vshivkov,3,1,33,25,8,58,2021-08-18 09:00:00,516513
Oleksii Krutko_1407218854,Oleksii Krutko,3,1,33,21,12,54,2021-08-18 09:00:00,516514
Petr Kubat_175808,Petr Kubat,2,1,47,41,6,88,2021-08-18 09:00:00,516515
J Veselka_28725,J Veselka,-2,0,32,44,-12,76,2021-08-18 09:01:00,516516
Valerii Lukianevych_175616,Valerii Lukianevych,2,1,43,35,8,78,2021-08-18 09:05:00,516517
Dmytro Belanchyk_1862460316,Dmytro Belanchyk,1,1,49,43,6,92,2021-08-18 09:05:00,516518
Andrii Matiushenko_175892,Andrii Matiushenko,-1,0,45,48,-3,93,2021-08-18 09:10:00,516519
Andrii Hordii_1801045104,Andrii Hordii,3,1,33,21,12,54,2021-08-18 09:10:00,516520
Artem Yurkov_175907,Artem Yurkov,-2,0,35,45,-10,80,2021-08-18 09:15:00,516521
Nikita Korbut_287816430,Nikita Korbut,1,1,47,44,3,91,2021-08-18 09:15:00,516522
V Rudenko_127917,V Rudenko,3,1,34,24,10,58,2021-08-18 09:15:00,516523
S Simonov_127990,S Simonov,2,1,42,37,5,79,2021-08-18 09:16:00,516524
Samvel Melkumian_18948736,Samvel Melkumian,1,1,47,51,-4,98,2021-08-18 09:20:00,516525
Oleh Volynets_175655,Oleh Volynets,-1,0,50,47,3,97,2021-08-18 09:20:00,516526
Ihor Sobko_175665,Ihor Sobko,-1,0,44,50,-6,94,2021-08-18 09:25:00,516527
Dmytro Zeniuk_1272764336,Dmytro Zeniuk,1,1,50,49,1,99,2021-08-18 09:25:00,516528
Mykhailo Teteruk_175603,Mykhailo Teteruk,1,1,52,42,10,94,2021-08-18 09:30:00,516529
R Hasmanda_28726,R Hasmanda,-3,0,20,33,-13,53,2021-08-18 09:30:00,516530
Serhii Baranovskyi_664730945,Serhii Baranovskyi,-3,0,24,35,-11,59,2021-08-18 09:30:00,516531
Ihor Kvak_175680,Ihor Kvak,1,1,56,53,3,109,2021-08-18 09:30:00,516532
Tung  Pham Duong_175809,Tung  Pham Duong,2,1,50,44,6,94,2021-08-18 09:30:00,516533
Yevgen Gorkavenko_1477271824,Yevgen Gorkavenko,3,1,33,17,16,50,2021-08-18 09:30:00,516534
G Karpovkin_127952,G Karpovkin,-1,0,37,48,-11,85,2021-08-18 09:32:00,516535
Volodymyr Plishylo_821302914,Volodymyr Plishylo,1,1,41,43,-2,84,2021-08-18 09:35:00,516536
Artem Kuzmyn_175617,Artem Kuzmyn,-1,0,44,45,-1,89,2021-08-18 09:35:00,516537
Mykola Zakladnyi_2073171778,Mykola Zakladnyi,1,1,50,48,2,98,2021-08-18 09:40:00,516538
Illia Udod_175893,Illia Udod,2,1,42,38,4,80,2021-08-18 09:40:00,516539
Nazarii Danyliuk_1734494875,Nazarii Danyliuk,-2,0,37,46,-9,83,2021-08-18 09:45:00,516540
Vladyslav Mishchenko_175908,Vladyslav Mishchenko,3,1,36,30,6,66,2021-08-18 09:45:00,516541
S Lanovenko_127918,S Lanovenko,-1,0,48,47,1,95,2021-08-18 09:45:00,516542
Sviatoslav Sachuk_175656,Sviatoslav Sachuk,2,1,44,35,9,79,2021-08-18 09:50:00,516543
Petro Tsolik_1447240997,Petro Tsolik,-2,0,30,42,-12,72,2021-08-18 09:50:00,516544
Valerii Tatarynov_175589,Valerii Tatarynov,-2,0,31,41,-10,72,2021-08-18 09:50:00,516545
A Lisov_127991,A Lisov,3,1,35,25,10,60,2021-08-18 09:51:00,516546
Kostiantyn Nesterenko_175666,Kostiantyn Nesterenko,-2,0,38,44,-6,82,2021-08-18 09:55:00,516547
Viktor Bosak_801380973,Viktor Bosak,-3,0,16,33,-17,49,2021-08-18 09:55:00,516548
Serhii Prus_175681,Serhii Prus,1,1,43,46,-3,89,2021-08-18 10:00:00,516549
Pavlo Babenko_175604,Pavlo Babenko,-1,0,42,45,-3,87,2021-08-18 10:00:00,516550
Ja Prokupek_28727,Ja Prokupek,3,1,33,23,10,56,2021-08-18 10:00:00,516551
Tung  Pham Duong_175810,Tung  Pham Duong,2,1,39,27,12,66,2021-08-18 10:00:00,516552
Yaroslav Vorsuliak_1503322821,Yaroslav Vorsuliak,2,1,45,41,4,86,2021-08-18 10:00:00,516553
S Ovechkin_127953,S Ovechkin,-2,0,35,42,-7,77,2021-08-18 10:00:00,516554
Viktor Kotov_1781929755,Viktor Kotov,1,1,49,42,7,91,2021-08-18 10:05:00,516555
Dmytro Hrosov_175618,Dmytro Hrosov,-2,0,27,38,-11,65,2021-08-18 10:05:00,516556
Roman Derypaska_1411102200,Roman Derypaska,-2,0,32,41,-9,73,2021-08-18 10:05:00,516557
Andrii Dombrovskyi_175894,Andrii Dombrovskyi,-3,0,22,34,-12,56,2021-08-18 10:10:00,516558
Andrii Baklykov_1429118248,Andrii Baklykov,-2,0,32,44,-12,76,2021-08-18 10:10:00,516559
Valerii Merzlikin_175909,Valerii Merzlikin,2,1,42,23,19,65,2021-08-18 10:15:00,516560
Illia Yanishevskiy_574019413,Illia Yanishevskiy,2,1,37,22,15,59,2021-08-18 10:15:00,516561
V Bazilevskiy_127992,V Bazilevskiy,-3,0,18,33,-15,51,2021-08-18 10:17:00,516562
I Meteleshko_127919,I Meteleshko,-2,0,33,40,-7,73,2021-08-18 10:19:00,516563
Egor Kovpak_175657,Egor Kovpak,2,1,45,38,7,83,2021-08-18 10:20:00,516564
Volodymyr Maksiuta_862265582,Volodymyr Maksiuta,-2,0,36,37,-1,73,2021-08-18 10:20:00,516565
Mykhailo Kistechko_175590,Mykhailo Kistechko,-2,0,31,39,-8,70,2021-08-18 10:20:00,516566
Oleg Savenkov_1854299448,Oleg Savenkov,-3,0,16,33,-17,49,2021-08-18 10:25:00,516567
Ihor Sobko_175667,Ihor Sobko,3,1,33,19,14,52,2021-08-18 10:25:00,516568
Oleh Hudyma_175682,Oleh Hudyma,-2,0,23,41,-18,64,2021-08-18 10:30:00,516569
S Ovechkin_128039,S Ovechkin,2,1,40,34,6,74,2021-08-18 10:30:00,516570
Volodymyr Tuchkevych_473836509,Volodymyr Tuchkevych,2,1,41,34,7,75,2021-08-18 10:30:00,516571
Petr Kubat_175811,Petr Kubat,3,1,39,29,10,68,2021-08-18 10:30:00,516572
Mykhailo Teteruk_175605,Mykhailo Teteruk,-3,0,24,36,-12,60,2021-08-18 10:30:00,516573
R Pavelka_28728,R Pavelka,2,1,42,24,18,66,2021-08-18 10:31:00,516574
Viktor Syvych_175619,Viktor Syvych,1,1,52,36,16,88,2021-08-18 10:35:00,516575
Maksym Mykytiuk_1463862487,Maksym Mykytiuk,2,1,43,36,7,79,2021-08-18 10:35:00,516576
Mykhailo Marchuk_2015537969,Mykhailo Marchuk,-2,0,21,39,-18,60,2021-08-18 10:40:00,516577
Ivan Arkhipov_175895,Ivan Arkhipov,2,1,45,39,6,84,2021-08-18 10:40:00,516578
Mykyta Ruban_904866752,Mykyta Ruban,1,1,51,47,4,98,2021-08-18 10:40:00,516579
Artem Yurkov_175910,Artem Yurkov,-1,0,49,52,-3,101,2021-08-18 10:45:00,516580
Oleksii Krutko_1594708864,Oleksii Krutko,2,1,45,38,7,83,2021-08-18 10:45:00,516581
I Meteleshko_128043,I Meteleshko,-3,0,20,36,-16,56,2021-08-18 10:46:00,516582
S Simonov_128041,S Simonov,2,1,43,32,11,75,2021-08-18 10:48:00,516583
Oleksandr Hordiichuk_175591,Oleksandr Hordiichuk,-1,0,42,47,-5,89,2021-08-18 10:50:00,516584
Dmytro Belanchyk_634821070,Dmytro Belanchyk,-2,0,31,46,-15,77,2021-08-18 10:50:00,516585
Oleh Volynets_175658,Oleh Volynets,-3,0,22,33,-11,55,2021-08-18 10:50:00,516586
Serhii Chuliukov_175668,Serhii Chuliukov,3,1,34,16,18,50,2021-08-18 10:55:00,516587
Andrii Hordii_1357098307,Andrii Hordii,2,1,42,32,10,74,2021-08-18 10:55:00,516588
P Vshivkov_128040,P Vshivkov,-2,0,39,44,-5,83,2021-08-18 11:00:00,516589
Nikita Korbut_200740944,Nikita Korbut,2,1,42,36,6,78,2021-08-18 11:00:00,516590
Ihor Kvak_175683,Ihor Kvak,1,1,49,46,3,95,2021-08-18 11:00:00,516591
Jachym Sebl_175812,Jachym Sebl,-3,0,20,33,-13,53,2021-08-18 11:00:00,516592
Volodymyr Voronenkov_175606,Volodymyr Voronenkov,-2,0,32,44,-12,76,2021-08-18 11:00:00,516593
Ja Prokupek_28729,Ja Prokupek,-2,0,36,42,-6,78,2021-08-18 11:02:00,516594
Valerii Lukianevych_175620,Valerii Lukianevych,3,1,34,21,13,55,2021-08-18 11:05:00,516595
Samvel Melkumian_1407345894,Samvel Melkumian,-3,0,16,33,-17,49,2021-08-18 11:05:00,516596
Dmytro Zeniuk_2129197175,Dmytro Zeniuk,-3,0,28,35,-7,63,2021-08-18 11:10:00,516597
Andrii Matiushenko_175896,Andrii Matiushenko,1,1,50,36,14,86,2021-08-18 11:10:00,516598
Serhii Baranovskyi_1581616634,Serhii Baranovskyi,-2,0,27,40,-13,67,2021-08-18 11:15:00,516599
Valerii Merzlikin_175886,Valerii Merzlikin,-3,0,24,33,-9,57,2021-08-18 11:15:00,516600
Yevgen Gorkavenko_1490998397,Yevgen Gorkavenko,3,1,33,21,12,54,2021-08-18 11:15:00,516601
S Lanovenko_128044,S Lanovenko,2,1,47,41,6,88,2021-08-18 11:15:00,516602
Sviatoslav Sachuk_175659,Sviatoslav Sachuk,2,1,36,28,8,64,2021-08-18 11:20:00,516603
Volodymyr Plishylo_295968719,Volodymyr Plishylo,3,1,34,23,11,57,2021-08-18 11:20:00,516604
A Lisov_128042,A Lisov,-2,0,36,47,-11,83,2021-08-18 11:22:00,516605
Ruslan Tolstykh_175669,Ruslan Tolstykh,3,1,34,25,9,59,2021-08-18 11:25:00,516606
Mykola Zakladnyi_1469930091,Mykola Zakladnyi,2,1,41,26,15,67,2021-08-18 11:25:00,516607
Nazarii Danyliuk_1216246088,Nazarii Danyliuk,-2,0,30,41,-11,71,2021-08-18 11:30:00,516608
Oleksii Hrymovskyi_175607,Oleksii Hrymovskyi,3,1,33,14,19,47,2021-08-18 11:30:00,516609
R Hasmanda_28730,R Hasmanda,3,1,33,19,14,52,2021-08-18 11:30:00,516610
Petr Kubat_175813,Petr Kubat,2,1,45,36,9,81,2021-08-18 11:30:00,516611
Serhii Prus_175684,Serhii Prus,-2,0,29,43,-14,72,2021-08-18 11:30:00,516612
R Astreev_127954,R Astreev,1,1,42,42,0,84,2021-08-18 11:30:00,516613
Artem Kuzmyn_175621,Artem Kuzmyn,-1,0,46,52,-6,98,2021-08-18 11:35:00,516614
Petro Tsolik_2017057406,Petro Tsolik,3,1,37,25,12,62,2021-08-18 11:35:00,516615
Viktor Bosak_1137093354,Viktor Bosak,-1,0,41,49,-8,90,2021-08-18 11:40:00,516616
Illia Udod_175897,Illia Udod,-2,0,31,39,-8,70,2021-08-18 11:40:00,516617
Vladyslav Mishchenko_175911,Vladyslav Mishchenko,3,1,35,26,9,61,2021-08-18 11:45:00,516618
Yaroslav Vorsuliak_346830193,Yaroslav Vorsuliak,-2,0,30,42,-12,72,2021-08-18 11:45:00,516619
I Poletaev_127993,I Poletaev,2,1,45,37,8,82,2021-08-18 11:49:00,516620
Oleh Volynets_175660,Oleh Volynets,1,1,53,51,2,104,2021-08-18 11:50:00,516621
Valerii Tatarynov_175593,Valerii Tatarynov,-2,0,25,37,-12,62,2021-08-18 11:50:00,516622
Viktor Kotov_1506589447,Viktor Kotov,3,1,34,25,9,59,2021-08-18 11:50:00,516623
Roman Derypaska_501792278,Roman Derypaska,-3,0,26,35,-9,61,2021-08-18 11:50:00,516624
A Kozlov_127920,A Kozlov,2,1,41,34,7,75,2021-08-18 11:51:00,516625
Andrii Baklykov_1700331926,Andrii Baklykov,-3,0,19,33,-14,52,2021-08-18 11:55:00,516626
Kostiantyn Nesterenko_175670,Kostiantyn Nesterenko,-3,0,16,33,-17,49,2021-08-18 11:55:00,516627
Ihor Kvak_175685,Ihor Kvak,3,1,33,20,13,53,2021-08-18 12:00:00,516628
J Veselka_28755,J Veselka,3,1,33,15,18,48,2021-08-18 12:00:00,516629
Illia Yanishevskiy_2093170300,Illia Yanishevskiy,-2,0,28,42,-14,70,2021-08-18 12:00:00,516630
Pavlo Babenko_175608,Pavlo Babenko,1,1,53,46,7,99,2021-08-18 12:00:00,516631
V Dakhin_127955,V Dakhin,1,1,48,49,-1,97,2021-08-18 12:00:00,516632
R Astreev_127862,R Astreev,2,1,42,31,11,73,2021-08-18 12:03:00,516633
Dominik Horak_175920,Dominik Horak,3,1,37,28,9,65,2021-08-18 12:05:00,516634
Volodymyr Maksiuta_880402784,Volodymyr Maksiuta,-2,0,41,43,-2,84,2021-08-18 12:05:00,516635
Dmytro Hrosov_175622,Dmytro Hrosov,-3,0,15,34,-19,49,2021-08-18 12:05:00,516636
Oleg Savenkov_228431619,Oleg Savenkov,-2,0,23,39,-16,62,2021-08-18 12:10:00,516637
Andrii Dombrovskyi_175898,Andrii Dombrovskyi,2,1,42,38,4,80,2021-08-18 12:10:00,516638
Artem Yurkov_175912,Artem Yurkov,-3,0,24,33,-9,57,2021-08-18 12:15:00,516639
Volodymyr Tuchkevych_1368007479,Volodymyr Tuchkevych,2,1,42,28,14,70,2021-08-18 12:15:00,516640
O Nikiforov_127994,O Nikiforov,-3,0,26,34,-8,60,2021-08-18 12:16:00,516641
S Martyukhin_127921,S Martyukhin,2,1,38,37,1,75,2021-08-18 12:17:00,516642
Egor Kovpak_175661,Egor Kovpak,1,1,38,37,1,75,2021-08-18 12:20:00,516643
Mykhailo Kistechko_175594,Mykhailo Kistechko,1,1,52,47,5,99,2021-08-18 12:20:00,516644
Maksym Mykytiuk_1058725837,Maksym Mykytiuk,3,1,33,21,12,54,2021-08-18 12:20:00,516645
Mykhailo Marchuk_1199384823,Mykhailo Marchuk,-3,0,22,33,-11,55,2021-08-18 12:25:00,516646
Ihor Sobko_175671,Ihor Sobko,-2,0,35,42,-7,77,2021-08-18 12:25:00,516647
Mykyta Ruban_120280211,Mykyta Ruban,-1,0,46,45,1,91,2021-08-18 12:25:00,516648
Serhii Boiko_507092066,Serhii Boiko,1,1,54,47,7,101,2021-08-18 12:30:00,516649
Volodymyr Voronenkov_175609,Volodymyr Voronenkov,-2,0,37,44,-7,81,2021-08-18 12:30:00,516650
Oleh Hudyma_175686,Oleh Hudyma,1,1,45,48,-3,93,2021-08-18 12:30:00,516651
Ja Prokupek_28756,Ja Prokupek,-1,0,44,56,-12,100,2021-08-18 12:31:00,516652
Oleksandr Brezytskyi_1306405726,Oleksandr Brezytskyi,2,1,36,25,11,61,2021-08-18 12:35:00,516653
Viktor Syvych_175623,Viktor Syvych,3,1,37,28,9,65,2021-08-18 12:35:00,516654
Tung  Pham Duong_175921,Tung  Pham Duong,-1,0,39,46,-7,85,2021-08-18 12:35:00,516655
V Kutin_127956,V Kutin,1,1,49,43,6,92,2021-08-18 12:37:00,516656
Ivan Arkhipov_175899,Ivan Arkhipov,1,1,54,49,5,103,2021-08-18 12:40:00,516657
Andrii Hordii_208966818,Andrii Hordii,-3,0,17,33,-16,50,2021-08-18 12:40:00,516658
Vadym Ishchuk_175913,Vadym Ishchuk,2,1,39,32,7,71,2021-08-18 12:45:00,516659
Nikita Korbut_1738492235,Nikita Korbut,2,1,41,37,4,78,2021-08-18 12:45:00,516660
Ya Bazhinov_127995,Ya Bazhinov,2,1,44,33,11,77,2021-08-18 12:47:00,516661
Sviatoslav Sachuk_175662,Sviatoslav Sachuk,1,1,47,37,10,84,2021-08-18 12:50:00,516662
M Ilichev_127922,M Ilichev,3,1,33,15,18,48,2021-08-18 12:50:00,516663
Samvel Melkumian_1027397344,Samvel Melkumian,1,1,49,43,6,92,2021-08-18 12:50:00,516664
Oleksandr Hordiichuk_175595,Oleksandr Hordiichuk,-3,0,19,33,-14,52,2021-08-18 12:50:00,516665
Serhii Chuliukov_175672,Serhii Chuliukov,-1,0,58,57,1,115,2021-08-18 12:55:00,516666
Dmytro Zeniuk_34494923,Dmytro Zeniuk,-3,0,20,33,-13,53,2021-08-18 12:55:00,516667
Vlastimil Kolar_175814,Vlastimil Kolar,1,1,46,47,-1,93,2021-08-18 13:00:00,516668
Yevgen Gorkavenko_91979052,Yevgen Gorkavenko,-3,0,23,36,-13,59,2021-08-18 13:00:00,516669
Serhii Prus_175687,Serhii Prus,1,1,56,60,-4,116,2021-08-18 13:00:00,516670
Volodymyr Voronenkov_175610,Volodymyr Voronenkov,2,1,45,35,10,80,2021-08-18 13:00:00,516671
Serhii Baranovskyi_1082026674,Serhii Baranovskyi,-2,0,33,42,-9,75,2021-08-18 13:00:00,516672
Oleksii Krutko_794804076,Oleksii Krutko,1,1,46,54,-8,100,2021-08-18 13:05:00,516673
Valerii Lukianevych_175624,Valerii Lukianevych,2,1,41,30,11,71,2021-08-18 13:05:00,516674
V Chernov_127957,V Chernov,3,1,35,22,13,57,2021-08-18 13:07:00,516675
Ji Louda_28731,Ji Louda,3,1,33,24,9,57,2021-08-18 13:09:00,516676
Andrii Matiushenko_175900,Andrii Matiushenko,-1,0,40,54,-14,94,2021-08-18 13:10:00,516677
Dmytro Belanchyk_1209418585,Dmytro Belanchyk,2,1,40,36,4,76,2021-08-18 13:10:00,516678
I Lednev_127996,I Lednev,2,1,38,32,6,70,2021-08-18 13:15:00,516679
Anatolii Lievshin_1973341145,Anatolii Lievshin,1,1,46,44,2,90,2021-08-18 13:15:00,516680
Ya Troyanov_127923,Ya Troyanov,-2,0,35,43,-8,78,2021-08-18 13:15:00,516681
Vasyl Aksenin_1705293469,Vasyl Aksenin,-2,0,36,38,-2,74,2021-08-18 13:20:00,516682
Dmytro Prokopenko_175663,Dmytro Prokopenko,-3,0,20,34,-14,54,2021-08-18 13:20:00,516683
Vladyslav Mishchenko_175922,Vladyslav Mishchenko,-2,0,33,45,-12,78,2021-08-18 13:20:00,516684
Igor Demchuk_1724396108,Igor Demchuk,-2,0,30,37,-7,67,2021-08-18 13:25:00,516685
Ruslan Tolstykh_175673,Ruslan Tolstykh,3,1,35,20,15,55,2021-08-18 13:25:00,516686
Jan Sr Krames_175815,Jan Sr Krames,1,1,42,44,-2,86,2021-08-18 13:30:00,516687
Pavlo Babenko_175611,Pavlo Babenko,-3,0,19,33,-14,52,2021-08-18 13:30:00,516688
Ivan Synytskyi_560316911,Ivan Synytskyi,-1,0,47,45,2,92,2021-08-18 13:30:00,516689
Oleksandr Kalynevych_175688,Oleksandr Kalynevych,2,1,38,35,3,73,2021-08-18 13:30:00,516690
M Svedik_28732,M Svedik,-3,0,17,33,-16,50,2021-08-18 13:31:00,516691
V Kutin_127958,V Kutin,1,1,52,43,9,95,2021-08-18 13:32:00,516692
Nikita Trofimov_1693985702,Nikita Trofimov,-1,0,43,48,-5,91,2021-08-18 13:35:00,516693
Aleksandr Tulenin_1791190879,Aleksandr Tulenin,1,1,47,44,3,91,2021-08-18 13:35:00,516694
Dmytro Hrosov_175625,Dmytro Hrosov,2,1,41,33,8,74,2021-08-18 13:35:00,516695
Serhii Tsybulin_30192837,Serhii Tsybulin,1,1,51,43,8,94,2021-08-18 13:40:00,516696
Andrii Dombrovskyi_175901,Andrii Dombrovskyi,3,1,33,21,12,54,2021-08-18 13:40:00,516697
Illia Yanishevskiy_573690694,Illia Yanishevskiy,-3,0,30,36,-6,66,2021-08-18 13:45:00,516698
Ya Bazhinov_127997,Ya Bazhinov,2,1,45,35,10,80,2021-08-18 13:46:00,516699
Oleksandr Hryshchenko_175923,Oleksandr Hryshchenko,-2,0,29,41,-12,70,2021-08-18 13:50:00,516700
Nazarii Danyliuk_1842630568,Nazarii Danyliuk,2,1,41,20,21,61,2021-08-18 13:50:00,516701
Denys Pesternikov_175597,Denys Pesternikov,-1,0,44,50,-6,94,2021-08-18 13:50:00,516702
Egor Kovpak_175924,Egor Kovpak,1,1,48,50,-2,98,2021-08-18 13:50:00,516703
M Ilichev_127924,M Ilichev,-1,0,44,46,-2,90,2021-08-18 13:52:00,516704
Kostiantyn Nesterenko_175674,Kostiantyn Nesterenko,-2,0,43,44,-1,87,2021-08-18 13:55:00,516705
Petro Tsolik_963088467,Petro Tsolik,1,1,48,48,0,96,2021-08-18 13:55:00,516706
V Havlicek_28733,V Havlicek,-2,0,30,44,-14,74,2021-08-18 14:00:00,516707
Viktor Bosak_95316342,Viktor Bosak,-3,0,25,33,-8,58,2021-08-18 14:00:00,516708
Jan Sr Krames_175816,Jan Sr Krames,-1,0,45,50,-5,95,2021-08-18 14:00:00,516709
Yaroslav Vorsuliak_1918107132,Yaroslav Vorsuliak,-2,0,21,39,-18,60,2021-08-18 14:05:00,516710
Oleksandr Khoroshun_175626,Oleksandr Khoroshun,2,1,42,33,9,75,2021-08-18 14:05:00,516711
V Dakhin_127959,V Dakhin,-3,0,14,33,-19,47,2021-08-18 14:05:00,516712
Roman Derypaska_595027972,Roman Derypaska,1,1,53,55,-2,108,2021-08-18 14:10:00,516713
Oleksandr Zhyrnov_175902,Oleksandr Zhyrnov,1,1,49,44,5,93,2021-08-18 14:10:00,516714
Viktor Kotov_732376268,Viktor Kotov,-2,0,30,41,-11,71,2021-08-18 14:10:00,516715
Oleksii Krutko_1329840204,Oleksii Krutko,-2,0,38,41,-3,79,2021-08-18 14:15:00,516716
O Nikiforov_127998,O Nikiforov,-3,0,27,36,-9,63,2021-08-18 14:16:00,516717
Valerii Tatarynov_175598,Valerii Tatarynov,1,1,41,45,-4,86,2021-08-18 14:20:00,516718
Dmytro Belanchyk_634957393,Dmytro Belanchyk,2,1,36,33,3,69,2021-08-18 14:20:00,516719
Oleh Hudyma_175926,Oleh Hudyma,2,1,40,26,14,66,2021-08-18 14:20:00,516720
Fedir Balbas_175925,Fedir Balbas,1,1,43,49,-6,92,2021-08-18 14:20:00,516721
S Martyukhin_127925,S Martyukhin,3,1,40,34,6,74,2021-08-18 14:25:00,516722
Serhii Chuliukov_175675,Serhii Chuliukov,3,1,36,25,11,61,2021-08-18 14:25:00,516723
Volodymyr Maksiuta_880328732,Volodymyr Maksiuta,1,1,48,51,-3,99,2021-08-18 14:25:00,516724
T Holik_28734,T Holik,1,1,56,55,1,111,2021-08-18 14:30:00,516725
V Dakhin_128103,V Dakhin,1,1,42,41,1,83,2021-08-18 14:30:00,516726
Vasyl Aksenin_976455608,Vasyl Aksenin,-3,0,19,33,-14,52,2021-08-18 14:30:00,516727
Vlastimil Kolar_175817,Vlastimil Kolar,2,1,41,30,11,71,2021-08-18 14:30:00,516728
Dmytro Hrosov_175627,Dmytro Hrosov,2,1,41,39,2,80,2021-08-18 14:35:00,516729
Viktor Bosak_1773298646,Viktor Bosak,-1,0,52,57,-5,109,2021-08-18 14:35:00,516730
Dmytro Zeniuk_2109597723,Dmytro Zeniuk,-1,0,40,45,-5,85,2021-08-18 14:40:00,516731
Andrii Dombrovskyi_175903,Andrii Dombrovskyi,-1,0,50,50,0,100,2021-08-18 14:40:00,516732
Nikita Trofimov_2003142532,Nikita Trofimov,2,1,42,36,6,78,2021-08-18 14:45:00,516733
Andrii Kyselar_735138461,Andrii Kyselar,-2,0,26,42,-16,68,2021-08-18 14:45:00,516734
O Nikiforov_128115,O Nikiforov,3,1,34,22,12,56,2021-08-18 14:47:00,516735
Oleksandr Kalynevych_175927,Oleksandr Kalynevych,-1,0,35,50,-15,85,2021-08-18 14:50:00,516736
A Kozlov_128129,A Kozlov,-1,0,44,45,-1,89,2021-08-18 14:55:00,516737
Anatolii Meliushko_175676,Anatolii Meliushko,2,1,46,31,15,77,2021-08-18 14:55:00,516738
V Kutin_128104,V Kutin,1,1,43,47,-4,90,2021-08-18 15:00:00,516739
Andrii Hordii_923372637,Andrii Hordii,-3,0,24,33,-9,57,2021-08-18 15:00:00,516740
Martin Kocvara_175818,Martin Kocvara,-1,0,46,56,-10,102,2021-08-18 15:00:00,516741
Artem Kuzmyn_175628,Artem Kuzmyn,2,1,46,40,6,86,2021-08-18 15:05:00,516742
Serhii Zazymko_1995655397,Serhii Zazymko,-2,0,30,40,-10,70,2021-08-18 15:05:00,516743
V Havlicek_28735,V Havlicek,1,1,46,42,4,88,2021-08-18 15:05:00,516744
Volodymyr Tuchkevych_1349104033,Volodymyr Tuchkevych,1,1,50,46,4,96,2021-08-18 15:10:00,516745
Illia Udod_175904,Illia Udod,-3,0,25,35,-10,60,2021-08-18 15:10:00,516746
I Poletaev_128116,I Poletaev,-3,0,19,33,-14,52,2021-08-18 15:15:00,516747
Volodymyr Ivasiv_761485160,Volodymyr Ivasiv,-1,0,40,47,-7,87,2021-08-18 15:15:00,516748
Nazarii Sydorak_175689,Nazarii Sydorak,2,1,43,35,8,78,2021-08-18 15:20:00,516749
Viktor Kotov_80403358,Viktor Kotov,-2,0,32,39,-7,71,2021-08-18 15:20:00,516750
Mykyta Ruban_2023931959,Mykyta Ruban,3,1,34,24,10,58,2021-08-18 15:20:00,516751
M Ilichev_128130,M Ilichev,-2,0,36,41,-5,77,2021-08-18 15:24:00,516752
Serhii Chuliukov_175677,Serhii Chuliukov,3,1,33,26,7,59,2021-08-18 15:25:00,516753
Nadiia Harmash_175714,Nadiia Harmash,-3,0,22,33,-11,55,2021-08-18 15:30:00,516754
Vlastimil Kolar_175819,Vlastimil Kolar,-1,0,49,51,-2,100,2021-08-18 15:30:00,516755
M Svedik_28783,M Svedik,-3,0,21,34,-13,55,2021-08-18 15:32:00,516756
M Gusev_127960,M Gusev,3,1,33,16,17,49,2021-08-18 15:35:00,516757
Oleksandr Didukh_1323982115,Oleksandr Didukh,-2,0,30,40,-10,70,2021-08-18 15:35:00,516758
Vitalii Kyilo_175728,Vitalii Kyilo,-1,0,40,46,-6,86,2021-08-18 15:35:00,516759
Artem Tkachenko_36418486,Artem Tkachenko,3,1,36,27,9,63,2021-08-18 15:40:00,516760
Oleksandr Hryhoriev_175743,Oleksandr Hryhoriev,3,1,33,23,10,56,2021-08-18 15:40:00,516761
Viktor Bereza_175758,Viktor Bereza,3,1,33,21,12,54,2021-08-18 15:45:00,516762
M Chernyavskiy_128005,M Chernyavskiy,3,1,33,18,15,51,2021-08-18 15:48:00,516763
Nazarii Kovalchuk_1820395491,Nazarii Kovalchuk,2,1,38,29,9,67,2021-08-18 15:50:00,516764
Bohdan Chaikovskyi_175690,Bohdan Chaikovskyi,-3,0,25,34,-9,59,2021-08-18 15:50:00,516765
Ihor Sobko_175678,Ihor Sobko,3,1,36,25,11,61,2021-08-18 15:55:00,516766
Yevhen Masko_308576004,Yevhen Masko,-3,0,22,33,-11,55,2021-08-18 15:55:00,516767
D Evlahin_127926,D Evlahin,2,1,40,34,6,74,2021-08-18 15:58:00,516768
M Svedik_28781,M Svedik,-1,0,35,48,-13,83,2021-08-18 16:00:00,516769
Anastasiia Kozak_175715,Anastasiia Kozak,-2,0,31,38,-7,69,2021-08-18 16:00:00,516770
M Sverdlov_127961,M Sverdlov,-2,0,32,42,-10,74,2021-08-18 16:01:00,516771
Mykhailo Diachenko_175729,Mykhailo Diachenko,1,1,42,44,-2,86,2021-08-18 16:05:00,516772
Vitalii Lievshin_656101822,Vitalii Lievshin,-2,0,24,39,-15,63,2021-08-18 16:10:00,516773
Iulii Khomutovskyi_175744,Iulii Khomutovskyi,3,1,33,20,13,53,2021-08-18 16:10:00,516774
Martin Kocvara_175928,Martin Kocvara,-3,0,27,36,-9,63,2021-08-18 16:10:00,516775
Andrii Troyan_682041451,Andrii Troyan,-3,0,27,33,-6,60,2021-08-18 16:15:00,516776
Andrei Huchok_175759,Andrei Huchok,1,1,46,48,-2,94,2021-08-18 16:15:00,516777
V Zhigalov_128006,V Zhigalov,2,1,41,29,12,70,2021-08-18 16:15:00,516778
Ivan Kryvyi_1306262390,Ivan Kryvyi,-2,0,38,41,-3,79,2021-08-18 16:20:00,516779
Nazarii Sydorak_175691,Nazarii Sydorak,1,1,47,42,5,89,2021-08-18 16:20:00,516780
Andrii Kovrikov_175834,Andrii Kovrikov,-2,0,36,40,-4,76,2021-08-18 16:25:00,516781
Oleksii Haponov_1708576252,Oleksii Haponov,-3,0,12,33,-21,45,2021-08-18 16:25:00,516782
D Korneev_127927,D Korneev,2,1,42,37,5,79,2021-08-18 16:27:00,516783
Serhii Zemiantsev_1612545584,Serhii Zemiantsev,-1,0,48,39,9,87,2021-08-18 16:30:00,516784
V Staroverov_127962,V Staroverov,2,1,39,30,9,69,2021-08-18 16:30:00,516785
Tetiana Zghurska_175716,Tetiana Zghurska,-1,0,44,50,-6,94,2021-08-18 16:30:00,516786
V Havlicek_28782,V Havlicek,-2,0,36,40,-4,76,2021-08-18 16:31:00,516787
Rustam Halimbaiev_175730,Rustam Halimbaiev,2,1,38,27,11,65,2021-08-18 16:35:00,516788
Kyrylo Yehorov_397281699,Kyrylo Yehorov,2,1,39,25,14,64,2021-08-18 16:35:00,516789
Jan Duspiva_175929,Jan Duspiva,3,1,39,28,11,67,2021-08-18 16:40:00,516790
Valerii Davydov_175745,Valerii Davydov,2,1,39,25,14,64,2021-08-18 16:40:00,516791
Ivan Kozyr_1448027827,Ivan Kozyr,3,1,33,15,18,48,2021-08-18 16:40:00,516792
Viktor Bereza_175760,Viktor Bereza,-3,0,30,37,-7,67,2021-08-18 16:45:00,516793
Oleksandr Didukh_1258203199,Oleksandr Didukh,-2,0,38,38,0,76,2021-08-18 16:45:00,516794
A Kolmin_128007,A Kolmin,-2,0,39,44,-5,83,2021-08-18 16:47:00,516795
Oleh Chulanov_175692,Oleh Chulanov,-3,0,18,33,-15,51,2021-08-18 16:50:00,516796
Artem Tkachenko_1116066635,Artem Tkachenko,-1,0,47,50,-3,97,2021-08-18 16:50:00,516797
Volodymyr Chornobab_175835,Volodymyr Chornobab,2,1,43,33,10,76,2021-08-18 16:55:00,516798
Viktor Trachuk_436201078,Viktor Trachuk,-3,0,22,33,-11,55,2021-08-18 16:55:00,516799
Martin Juhasz_175826,Martin Juhasz,3,1,33,16,17,49,2021-08-18 17:00:00,516800
Anastasiia Kozak_175717,Anastasiia Kozak,-3,0,15,33,-18,48,2021-08-18 17:00:00,516801
Nazarii Kovalchuk_1694541127,Nazarii Kovalchuk,3,1,33,21,12,54,2021-08-18 17:00:00,516802
L Boruvka_28737,L Boruvka,2,1,46,46,0,92,2021-08-18 17:02:00,516803
P Bondarenko_127928,P Bondarenko,2,1,44,38,6,82,2021-08-18 17:02:00,516804
V Nemashkalo_127963,V Nemashkalo,-2,0,43,46,-3,89,2021-08-18 17:05:00,516805
Mykhailo Diachenko_175731,Mykhailo Diachenko,-3,0,30,38,-8,68,2021-08-18 17:05:00,516806
Yevhen Masko_40916384,Yevhen Masko,-2,0,31,42,-11,73,2021-08-18 17:05:00,516807
Kyrylo Yehorov_1214131365,Kyrylo Yehorov,-2,0,31,44,-13,75,2021-08-18 17:10:00,516808
Iulii Khomutovskyi_175746,Iulii Khomutovskyi,3,1,33,24,9,57,2021-08-18 17:10:00,516809
Viacheslav Kovalenko_1062638126,Viacheslav Kovalenko,-2,0,29,38,-9,67,2021-08-18 17:15:00,516810
Vasyl Kondratenko_175761,Vasyl Kondratenko,-1,0,45,49,-4,94,2021-08-18 17:15:00,516811
Yevhen Pryshchepa_1765730528,Yevhen Pryshchepa,-2,0,37,41,-4,78,2021-08-18 17:20:00,516812
A Poprocky_128008,A Poprocky,-2,0,35,38,-3,73,2021-08-18 17:20:00,516813
Bohdan Chaikovskyi_175693,Bohdan Chaikovskyi,2,1,40,37,3,77,2021-08-18 17:20:00,516814
Volodymyr Chornobab_175836,Volodymyr Chornobab,2,1,40,24,16,64,2021-08-18 17:25:00,516815
Dmitriy Zaporozhets_636031291,Dmitriy Zaporozhets,-2,0,33,38,-5,71,2021-08-18 17:25:00,516816
Ivan Kryvyi_1600921728,Ivan Kryvyi,-2,0,37,43,-6,80,2021-08-18 17:30:00,516817
Jan Blazek_175827,Jan Blazek,1,1,44,38,6,82,2021-08-18 17:30:00,516818
Nadiia Harmash_175718,Nadiia Harmash,1,1,46,46,0,92,2021-08-18 17:30:00,516819
A Frolov_127929,A Frolov,-2,0,37,45,-8,82,2021-08-18 17:32:00,516820
Viktor Bedriichuk_1904996413,Viktor Bedriichuk,-1,0,46,41,5,87,2021-08-18 17:35:00,516821
Vitalii Kyilo_175732,Vitalii Kyilo,1,1,47,48,-1,95,2021-08-18 17:35:00,516822
Serhii Zemiantsev_937885253,Serhii Zemiantsev,-1,0,48,50,-2,98,2021-08-18 17:40:00,516823
V Staroverov_127964,V Staroverov,-3,0,24,33,-9,57,2021-08-18 17:40:00,516824
Oleksandr Hryhoriev_175747,Oleksandr Hryhoriev,-3,0,21,33,-12,54,2021-08-18 17:40:00,516825
Andrei Huchok_175762,Andrei Huchok,-3,0,7,33,-26,40,2021-08-18 17:45:00,516826
Ivan Kozyr_701044119,Ivan Kozyr,1,1,45,48,-3,93,2021-08-18 17:45:00,516827
A Kolmin_128009,A Kolmin,2,1,42,31,11,73,2021-08-18 17:47:00,516828
Jo Medek_28738,Jo Medek,1,1,54,44,10,98,2021-08-18 17:47:00,516829
Nazarii Sydorak_175694,Nazarii Sydorak,1,1,48,52,-4,100,2021-08-18 17:50:00,516830
Valerii Hries_175778,Valerii Hries,3,1,33,17,16,50,2021-08-18 17:50:00,516831
Kyrylo Yehorov_1139573161,Kyrylo Yehorov,2,1,43,41,2,84,2021-08-18 17:50:00,516832
Vitalii Lievshin_1625898700,Vitalii Lievshin,1,1,52,52,0,104,2021-08-18 17:55:00,516833
Andrii Kovrikov_175837,Andrii Kovrikov,3,1,33,16,17,49,2021-08-18 17:55:00,516834
Andrii Troyan_1252952436,Andrii Troyan,-2,0,24,40,-16,64,2021-08-18 18:00:00,516835
Jan Blazek_175828,Jan Blazek,-1,0,46,46,0,92,2021-08-18 18:00:00,516836
Oleksandra Tsiupko_175719,Oleksandra Tsiupko,-2,0,36,41,-5,77,2021-08-18 18:00:00,516837
M Sverdlov_127965,M Sverdlov,3,1,33,21,12,54,2021-08-18 18:01:00,516838
Dmytro Lohosha_1596431937,Dmytro Lohosha,2,1,44,32,12,76,2021-08-18 18:05:00,516839
Maksym Marchuk_175733,Maksym Marchuk,1,1,49,46,3,95,2021-08-18 18:05:00,516840
Oleksii Haponov_1852770472,Oleksii Haponov,-2,0,37,45,-8,82,2021-08-18 18:10:00,516841
Kostiantyn Semenin_175748,Kostiantyn Semenin,1,1,49,46,3,95,2021-08-18 18:10:00,516842
P Bondarenko_127930,P Bondarenko,2,1,43,28,15,71,2021-08-18 18:11:00,516843
V Zhigalov_128010,V Zhigalov,-1,0,47,42,5,89,2021-08-18 18:15:00,516844
Yevhen Masko_1436587969,Yevhen Masko,2,1,41,32,9,73,2021-08-18 18:15:00,516845
Viktor Bereza_175763,Viktor Bereza,-1,0,49,53,-4,102,2021-08-18 18:15:00,516846
Viacheslav Kovalenko_1379601015,Viacheslav Kovalenko,-2,0,35,40,-5,75,2021-08-18 18:20:00,516847
Kyrylo Mykhailovsky_175779,Kyrylo Mykhailovsky,3,1,33,21,12,54,2021-08-18 18:20:00,516848
Bohdan Chaikovskyi_175695,Bohdan Chaikovskyi,1,1,42,39,3,81,2021-08-18 18:20:00,516849
Ja Zajicek_28739,Ja Zajicek,-1,0,49,54,-5,103,2021-08-18 18:22:00,516850
Ivan Kozyr_510090086,Ivan Kozyr,-3,0,23,36,-13,59,2021-08-18 18:25:00,516851
Oleksandr Dukhovenko_175838,Oleksandr Dukhovenko,-1,0,47,49,-2,96,2021-08-18 18:25:00,516852
Oleksandr Didukh_13248185,Oleksandr Didukh,-2,0,32,37,-5,69,2021-08-18 18:30:00,516853
Martin Juhasz_175829,Martin Juhasz,2,1,39,34,5,73,2021-08-18 18:30:00,516854
Tetiana Zghurska_175720,Tetiana Zghurska,-3,0,19,33,-14,52,2021-08-18 18:30:00,516855
V Nemashkalo_128153,V Nemashkalo,1,1,48,49,-1,97,2021-08-18 18:31:00,516856
Rustam Halimbaiev_175734,Rustam Halimbaiev,-1,0,46,49,-3,95,2021-08-18 18:35:00,516857
Artem Tkachenko_754154729,Artem Tkachenko,2,1,40,34,6,74,2021-08-18 18:35:00,516858
Viktor Trachuk_1861450679,Viktor Trachuk,-2,0,36,44,-8,80,2021-08-18 18:40:00,516859
Valerii Davydov_175749,Valerii Davydov,2,1,36,31,5,67,2021-08-18 18:40:00,516860
D Korneev_127931,D Korneev,1,1,42,41,1,83,2021-08-18 18:41:00,516861
Andrei Huchok_175764,Andrei Huchok,2,1,44,36,8,80,2021-08-18 18:45:00,516862
Nazarii Kovalchuk_237794765,Nazarii Kovalchuk,1,1,53,45,8,98,2021-08-18 18:45:00,516863
A Poprocky_128155,A Poprocky,-1,0,43,52,-9,95,2021-08-18 18:48:00,516864
Oleh Chulanov_175696,Oleh Chulanov,-2,0,31,43,-12,74,2021-08-18 18:50:00,516865
Viktor Pakhniuk_175780,Viktor Pakhniuk,2,1,43,29,14,72,2021-08-18 18:50:00,516866
Lev Kuzyo_971179709,Lev Kuzyo,-1,0,45,47,-2,92,2021-08-18 18:50:00,516867
Andrii Kovrikov_175839,Andrii Kovrikov,-1,0,43,47,-4,90,2021-08-18 18:55:00,516868
Andrii Herasymenko_1998632463,Andrii Herasymenko,2,1,42,31,11,73,2021-08-18 18:55:00,516869
David Brichacek_175830,David Brichacek,-1,0,45,46,-1,91,2021-08-18 19:00:00,516870
Kyrylo Yehorov_1959312302,Kyrylo Yehorov,-1,0,46,50,-4,96,2021-08-18 19:00:00,516871
Anastasiia Kozak_175721,Anastasiia Kozak,3,1,33,18,15,51,2021-08-18 19:00:00,516872
Ja Boruvka_28740,Ja Boruvka,-1,0,52,47,5,99,2021-08-18 19:04:00,516873
Mykhailo Diachenko_175735,Mykhailo Diachenko,-2,0,37,44,-7,81,2021-08-18 19:05:00,516874
Yevhen Pryshchepa_1789666201,Yevhen Pryshchepa,3,1,33,20,13,53,2021-08-18 19:05:00,516875
V Staroverov_128154,V Staroverov,1,1,55,52,3,107,2021-08-18 19:06:00,516876
Iulii Khomutovskyi_175750,Iulii Khomutovskyi,-3,0,20,34,-14,54,2021-08-18 19:10:00,516877
Dmitriy Zaporozhets_1426906910,Dmitriy Zaporozhets,-2,0,33,42,-9,75,2021-08-18 19:10:00,516878
A Frolov_128157,A Frolov,1,1,39,45,-6,84,2021-08-18 19:13:00,516879
Ivan Kryvyi_67896328,Ivan Kryvyi,2,1,39,31,8,70,2021-08-18 19:15:00,516880
Vasyl Kondratenko_175765,Vasyl Kondratenko,-1,0,48,50,-2,98,2021-08-18 19:15:00,516881
Nazarii Sydorak_175697,Nazarii Sydorak,2,1,42,30,12,72,2021-08-18 19:20:00,516882
Viktor Bedriichuk_1699068600,Viktor Bedriichuk,3,1,33,21,12,54,2021-08-18 19:20:00,516883
Kyrylo Mykhailovsky_175781,Kyrylo Mykhailovsky,1,1,45,44,1,89,2021-08-18 19:20:00,516884
V Zhigalov_128156,V Zhigalov,-3,0,21,33,-12,54,2021-08-18 19:22:00,516885
Igor Talalai_175840,Igor Talalai,2,1,39,24,15,63,2021-08-18 19:25:00,516886
Yevhen Masko_308728827,Yevhen Masko,3,1,34,23,11,57,2021-08-18 19:25:00,516887
Kyrylo Yehorov_1386384175,Kyrylo Yehorov,-2,0,26,38,-12,64,2021-08-18 19:30:00,516888
Nadiia Harmash_175722,Nadiia Harmash,-1,0,36,49,-13,85,2021-08-18 19:30:00,516889
Martin Juhasz_175831,Martin Juhasz,3,1,35,25,10,60,2021-08-18 19:30:00,516890
Vitalii Kyilo_175736,Vitalii Kyilo,1,1,49,46,3,95,2021-08-18 19:35:00,516891
Ivan Kozyr_510057286,Ivan Kozyr,3,1,37,29,8,66,2021-08-18 19:35:00,516892
M Dukhin_127971,M Dukhin,3,1,40,32,8,72,2021-08-18 19:37:00,516893
Vitalii Lievshin_1793649630,Vitalii Lievshin,-3,0,16,33,-17,49,2021-08-18 19:40:00,516894
Oleksandr Hryhoriev_175751,Oleksandr Hryhoriev,-2,0,35,37,-2,72,2021-08-18 19:40:00,516895
Ja Zajicek_28741,Ja Zajicek,2,1,39,35,4,74,2021-08-18 19:41:00,516896
Viktor Bereza_175766,Viktor Bereza,3,1,33,23,10,56,2021-08-18 19:45:00,516897
Andrii Troyan_1570340315,Andrii Troyan,3,1,33,17,16,50,2021-08-18 19:45:00,516898
A Shirshov_127999,A Shirshov,2,1,41,28,13,69,2021-08-18 19:47:00,516899
Valerii Hries_175782,Valerii Hries,1,1,47,49,-2,96,2021-08-18 19:50:00,516900
Ivan Pytsko_175698,Ivan Pytsko,-1,0,45,49,-4,94,2021-08-18 19:50:00,516901
Dmytro Lohosha_1981719034,Dmytro Lohosha,3,1,34,14,20,48,2021-08-18 19:50:00,516902
P Bondarenko_128158,P Bondarenko,-2,0,37,40,-3,77,2021-08-18 19:51:00,516903
Volodymyr Chornobab_175841,Volodymyr Chornobab,2,1,46,40,6,86,2021-08-18 19:55:00,516904
Maksym Mykhailovych_1238549043,Maksym Mykhailovych,-2,0,35,43,-8,78,2021-08-18 19:55:00,516905
Serhii Zemiantsev_254280964,Serhii Zemiantsev,1,1,53,44,9,97,2021-08-18 20:00:00,516906
Oleksandra Tsiupko_175723,Oleksandra Tsiupko,-2,0,29,45,-16,74,2021-08-18 20:00:00,516907
David Brichacek_176220,David Brichacek,3,1,38,26,12,64,2021-08-18 20:00:00,516908
V Chernov_127972,V Chernov,1,1,47,47,0,94,2021-08-18 20:01:00,516909
Oleh Obidnyi_1836654047,Oleh Obidnyi,3,1,33,21,12,54,2021-08-18 20:05:00,516910
Maksym Marchuk_175737,Maksym Marchuk,2,1,43,34,9,77,2021-08-18 20:05:00,516911
Jo Medek_28742,Jo Medek,3,1,33,25,8,58,2021-08-18 20:07:00,516912
Kostiantyn Semenin_175752,Kostiantyn Semenin,1,1,48,50,-2,98,2021-08-18 20:10:00,516913
Anton Maslov_527798451,Anton Maslov,-3,0,21,33,-12,54,2021-08-18 20:10:00,516914
Viktor Yefimov_2101206684,Viktor Yefimov,2,1,44,39,5,83,2021-08-18 20:15:00,516915
Oleg Kolivay_175767,Oleg Kolivay,3,1,33,21,12,54,2021-08-18 20:15:00,516916
M Cheklin_128000,M Cheklin,-2,0,21,38,-17,59,2021-08-18 20:18:00,516917
A Klavdenkov_127932,A Klavdenkov,-3,0,23,33,-10,56,2021-08-18 20:18:00,516918
Volodymyr Melnykov_175783,Volodymyr Melnykov,2,1,43,39,4,82,2021-08-18 20:20:00,516919
Ihor Syniavskyi_559641349,Ihor Syniavskyi,-2,0,31,43,-12,74,2021-08-18 20:20:00,516920
Viktor Trachuk_654747289,Viktor Trachuk,2,1,50,37,13,87,2021-08-18 20:25:00,516921
Oleksandr Dukhovenko_175842,Oleksandr Dukhovenko,-2,0,30,40,-10,70,2021-08-18 20:25:00,516922
Vojtech Lehocky_176221,Vojtech Lehocky,-3,0,14,33,-19,47,2021-08-18 20:30:00,516923
Ja Boruvka_28784,Ja Boruvka,-2,0,33,41,-8,74,2021-08-18 20:30:00,516924
Vadim Tokar_1006924730,Vadim Tokar,2,1,43,34,9,77,2021-08-18 20:30:00,516925
Tetiana Zghurska_175724,Tetiana Zghurska,-3,0,23,33,-10,56,2021-08-18 20:30:00,516926
E Makarenkov_127973,E Makarenkov,-1,0,45,45,0,90,2021-08-18 20:34:00,516927
Rustam Halimbaiev_175738,Rustam Halimbaiev,1,1,49,47,2,96,2021-08-18 20:35:00,516928
Yevhen Masko_177148277,Yevhen Masko,1,1,49,47,2,96,2021-08-18 20:35:00,516929
Bohdan Chaikovskyi_176222,Bohdan Chaikovskyi,-3,0,19,33,-14,52,2021-08-18 20:35:00,516930
I Soldatov_127933,I Soldatov,2,1,48,42,6,90,2021-08-18 20:37:00,516931
Valerii Davydov_175753,Valerii Davydov,-1,0,44,48,-4,92,2021-08-18 20:40:00,516932
Oleh Obidnyi_1681492951,Oleh Obidnyi,1,1,50,52,-2,102,2021-08-18 20:40:00,516933
Alexey Hladkykh_1266530723,Alexey Hladkykh,-1,0,41,45,-4,86,2021-08-18 20:45:00,516934
Oleg Kolivay_176251,Oleg Kolivay,-1,0,44,46,-2,90,2021-08-18 20:45:00,516935
S Korolev_128001,S Korolev,-1,0,47,48,-1,95,2021-08-18 20:47:00,516936
Oleksandr Didukh_729909990,Oleksandr Didukh,3,1,33,23,10,56,2021-08-18 20:50:00,516937
Viktor Pakhniuk_175784,Viktor Pakhniuk,-3,0,28,35,-7,63,2021-08-18 20:50:00,516938
Igor Talalai_175843,Igor Talalai,-1,0,44,52,-8,96,2021-08-18 20:55:00,516939
Artem Tkachenko_897449856,Artem Tkachenko,2,1,42,29,13,71,2021-08-18 20:55:00,516940
L Boruvka_28785,L Boruvka,3,1,33,16,17,49,2021-08-18 20:56:00,516941
Nadiia Harmash_175725,Nadiia Harmash,2,1,41,32,9,73,2021-08-18 21:00:00,516942
David Mutl_175820,David Mutl,-3,0,10,33,-23,43,2021-08-18 21:00:00,516943
Iurii Prokhoruk_1642913135,Iurii Prokhoruk,-2,0,40,45,-5,85,2021-08-18 21:00:00,516944
E Markelov_127934,E Markelov,-2,0,32,42,-10,74,2021-08-18 21:05:00,516945
Viktor Bedriichuk_354290453,Viktor Bedriichuk,-1,0,48,43,5,91,2021-08-18 21:05:00,516946
Volodymyr Okopnyi_176223,Volodymyr Okopnyi,3,1,37,23,14,60,2021-08-18 21:05:00,516947
Vitalii Kyilo_175739,Vitalii Kyilo,2,1,40,36,4,76,2021-08-18 21:05:00,516948
I Mihaylov_127974,I Mihaylov,3,1,36,28,8,64,2021-08-18 21:06:00,516949
Serhii Zemiantsev_341378503,Serhii Zemiantsev,1,1,51,49,2,100,2021-08-18 21:10:00,516950
Oleksandr Hryhoriev_175754,Oleksandr Hryhoriev,-3,0,21,33,-12,54,2021-08-18 21:10:00,516951
Andrii Melchenko_176252,Andrii Melchenko,3,1,33,19,14,52,2021-08-18 21:15:00,516952
Anton Maslov_2019631276,Anton Maslov,-2,0,30,40,-10,70,2021-08-18 21:15:00,516953
Z Bilek_28743,Z Bilek,-1,0,42,42,0,84,2021-08-18 21:18:00,516954
Kyrylo Mykhailovsky_175785,Kyrylo Mykhailovsky,-1,0,43,42,1,85,2021-08-18 21:20:00,516955
Oleh Obidnyi_1649837919,Oleh Obidnyi,2,1,40,28,12,68,2021-08-18 21:20:00,516956
Igor Talalai_175844,Igor Talalai,-3,0,28,35,-7,63,2021-08-18 21:25:00,516957
Anton Limonov_1449431195,Anton Limonov,2,1,44,34,10,78,2021-08-18 21:25:00,516958
V Fedorov_128002,V Fedorov,2,1,42,34,8,76,2021-08-18 21:26:00,516959
Andrii Troyan_557523804,Andrii Troyan,-1,0,48,42,6,90,2021-08-18 21:30:00,516960
I Moshkov_127935,I Moshkov,1,1,48,45,3,93,2021-08-18 21:30:00,516961
Vojtech Matous_175821,Vojtech Matous,1,1,50,48,2,98,2021-08-18 21:30:00,516962
Anastasiia Mydvetska_175711,Anastasiia Mydvetska,3,1,35,25,10,60,2021-08-18 21:30:00,516963
E Makarenkov_127975,E Makarenkov,2,1,41,37,4,78,2021-08-18 21:34:00,516964
Ivan Kryvyi_735897938,Ivan Kryvyi,-1,0,44,47,-3,91,2021-08-18 21:35:00,516965
Oleh Kovalchuk_175740,Oleh Kovalchuk,3,1,34,23,11,57,2021-08-18 21:35:00,516966
Mykola Odarenko_175755,Mykola Odarenko,-3,0,22,36,-14,58,2021-08-18 21:40:00,516967
Yevhen Masko_1582827734,Yevhen Masko,-2,0,35,43,-8,78,2021-08-18 21:45:00,516968
Jo Silhan_28744,Jo Silhan,-1,0,43,51,-8,94,2021-08-18 21:47:00,516969
Alexey Hladkykh_1741553055,Alexey Hladkykh,-2,0,25,38,-13,63,2021-08-18 21:50:00,516970
Valerii Hries_175786,Valerii Hries,-1,0,44,48,-4,92,2021-08-18 21:50:00,516971
S Korolev_128003,S Korolev,3,1,36,26,10,62,2021-08-18 21:54:00,516972
Oleksandr Dukhovenko_175845,Oleksandr Dukhovenko,-3,0,13,33,-20,46,2021-08-18 21:55:00,516973
Anton Maslov_107654421,Anton Maslov,2,1,40,34,6,74,2021-08-18 21:55:00,516974
Yevhen Pryshchepa_7501610,Yevhen Pryshchepa,2,1,42,32,10,74,2021-08-18 22:00:00,516975
Vojtech Matous_175822,Vojtech Matous,1,1,43,44,-1,87,2021-08-18 22:00:00,516976
Nadiia Harmash_175726,Nadiia Harmash,1,1,46,43,3,89,2021-08-18 22:00:00,516977
E Markelov_127936,E Markelov,2,1,43,35,8,78,2021-08-18 22:04:00,516978
Vitalii Kyilo_175741,Vitalii Kyilo,-2,0,31,37,-6,68,2021-08-18 22:05:00,516979
Artem Tkachenko_1765012462,Artem Tkachenko,2,1,43,29,14,72,2021-08-18 22:05:00,516980
Oleksandr Hryhoriev_175756,Oleksandr Hryhoriev,-1,0,36,52,-16,88,2021-08-18 22:10:00,516981
Iurii Prokhoruk_1465540861,Iurii Prokhoruk,-1,0,46,50,-4,96,2021-08-18 22:10:00,516982
V Chernov_127976,V Chernov,-3,0,26,37,-11,63,2021-08-18 22:15:00,516983
M Cheklin_128004,M Cheklin,2,1,42,35,7,77,2021-08-18 22:17:00,516984
Jr. Obeslo_28745,Jr. Obeslo,-2,0,35,46,-11,81,2021-08-18 22:18:00,516985
Lev Kuzyo_410607359,Lev Kuzyo,-1,0,45,54,-9,99,2021-08-18 22:20:00,516986
Volodymyr Melnykov_175787,Volodymyr Melnykov,2,1,44,41,3,85,2021-08-18 22:20:00,516987
Borys Buriak_1445520914,Borys Buriak,2,1,42,33,9,75,2021-08-18 22:25:00,516988
I Soldatov_127937,I Soldatov,-2,0,33,40,-7,73,2021-08-18 22:29:00,516989
David Mutl_175823,David Mutl,3,1,35,23,12,58,2021-08-18 22:30:00,516990
Oleh Obidnyi_976607625,Oleh Obidnyi,1,1,47,45,2,92,2021-08-18 22:30:00,516991
Anastasiia Kozak_175727,Anastasiia Kozak,1,1,45,47,-2,92,2021-08-18 22:30:00,516992
Mykhailo Diachenko_175742,Mykhailo Diachenko,1,1,56,51,5,107,2021-08-18 22:35:00,516993
Iulii Khomutovskyi_175757,Iulii Khomutovskyi,1,1,43,47,-4,90,2021-08-18 22:40:00,516994
V Chernov_128159,V Chernov,-2,0,37,43,-6,80,2021-08-18 22:43:00,516995
Roman Oliynyk_1212730070,Roman Oliynyk,-2,0,35,44,-9,79,2021-08-18 22:45:00,516996
Jo Kutifel_28746,Jo Kutifel,2,1,43,38,5,81,2021-08-18 22:45:00,516997
V Fedorov_128161,V Fedorov,-3,0,22,33,-11,55,2021-08-18 22:50:00,516998
Viktor Pakhniuk_175788,Viktor Pakhniuk,-2,0,32,46,-14,78,2021-08-18 22:50:00,516999
Jan Zalesky_175824,Jan Zalesky,-2,0,33,41,-8,74,2021-08-18 23:00:00,517000
Alexey Hladkykh_1981325796,Alexey Hladkykh,-3,0,26,35,-9,61,2021-08-18 23:00:00,517001
Borys Buriak_2012995580,Borys Buriak,-2,0,34,42,-8,76,2021-08-18 23:05:00,517002
E Markelov_128163,E Markelov,1,1,51,48,3,99,2021-08-18 23:06:00,517003
Jr. Obeslo_28747,Jr. Obeslo,-3,0,21,35,-14,56,2021-08-18 23:12:00,517004
E Makarenkov_128160,E Makarenkov,3,1,33,23,10,56,2021-08-18 23:12:00,517005
A Shirshov_128162,A Shirshov,2,1,48,40,8,88,2021-08-18 23:15:00,517006
Valerii Hries_175789,Valerii Hries,2,1,40,32,8,72,2021-08-18 23:20:00,517007
David Mutl_175825,David Mutl,3,1,35,24,11,59,2021-08-18 23:30:00,517008
Jo Silhan_28748,Jo Silhan,-2,0,28,40,-12,68,2021-08-18 23:30:00,517009
Mykola Lytvynenko_528792668,Mykola Lytvynenko,-1,0,46,47,-1,93,2021-08-18 23:35:00,517010
D Sayanov_127977,D Sayanov,-2,0,38,45,-7,83,2021-08-18 23:37:00,517011
A Klavdenkov_128164,A Klavdenkov,-1,0,44,51,-7,95,2021-08-18 23:37:00,517012
Andrii Khvysiuk_100452167,Andrii Khvysiuk,2,1,44,39,5,83,2021-08-18 23:45:00,517013
A Girevenkov_128011,A Girevenkov,3,1,34,26,8,60,2021-08-18 23:48:00,517014
Pavlo Kovalchuk_175790,Pavlo Kovalchuk,3,1,34,23,11,57,2021-08-18 23:50:00,517015
Jo Silhan_28786,Jo Silhan,1,1,46,45,1,91,2021-08-19 00:00:00,517016
Jan Zalesky_176253,Jan Zalesky,2,1,41,33,8,74,2021-08-19 00:00:00,517017
S Ogai_127978,S Ogai,-2,0,39,36,3,75,2021-08-19 00:02:00,517018
Anton Riabukhin_1575921229,Anton Riabukhin,-2,0,31,40,-9,71,2021-08-19 00:05:00,517019
Yu Lbov_127938,Yu Lbov,2,1,35,33,2,68,2021-08-19 00:14:00,517020
Pavlo Chyzh_91283677,Pavlo Chyzh,2,1,43,34,9,77,2021-08-19 00:15:00,517021
Yu Merkushin_128012,Yu Merkushin,-2,0,25,37,-12,62,2021-08-19 00:15:00,517022
Valerii Hries_175791,Valerii Hries,-3,0,22,34,-12,56,2021-08-19 00:20:00,517023
Oleksandr Kovalchuk_175793,Oleksandr Kovalchuk,-1,0,50,54,-4,104,2021-08-19 00:25:00,517024
Vaclav Coubal_176254,Vaclav Coubal,2,1,42,29,13,71,2021-08-19 00:30:00,517025
Z Bilek_28787,Z Bilek,2,1,43,33,10,76,2021-08-19 00:31:00,517026
D Evlahin_127979,D Evlahin,-3,0,18,33,-15,51,2021-08-19 00:31:00,517027
Mykola Lytvynenko_396792963,Mykola Lytvynenko,2,1,39,28,11,67,2021-08-19 00:35:00,517028
A Uvarov_127939,A Uvarov,-1,0,43,54,-11,97,2021-08-19 00:43:00,517029
Andrii Khvysiuk_1728886195,Andrii Khvysiuk,2,1,43,32,11,75,2021-08-19 00:45:00,517030
A Serebrennikov_128013,A Serebrennikov,-1,0,52,51,1,103,2021-08-19 00:47:00,517031
Kyrylo Mykhailovsky_175792,Kyrylo Mykhailovsky,-2,0,24,41,-17,65,2021-08-19 00:50:00,517032
Roman Hnoievoi_175794,Roman Hnoievoi,2,1,41,37,4,78,2021-08-19 00:55:00,517033
R Pavlenko_127980,R Pavlenko,2,1,42,35,7,77,2021-08-19 01:01:00,517034
Sergey Filatov_367451221,Sergey Filatov,-3,0,20,33,-13,53,2021-08-19 01:05:00,517035
Oleksandr Medvedyev_1617071860,Oleksandr Medvedyev,3,1,33,20,13,53,2021-08-19 01:15:00,517036
S Martyukhin_128014,S Martyukhin,3,1,36,26,10,62,2021-08-19 01:21:00,517037
S Myagkov_127940,S Myagkov,-3,0,22,33,-11,55,2021-08-19 01:22:00,517038
Dmytro Rehotun_175795,Dmytro Rehotun,3,1,36,29,7,65,2021-08-19 01:25:00,517039
S Ogai_127981,S Ogai,-1,0,50,54,-4,104,2021-08-19 01:31:00,517040
Anton Riabukhin_249806482,Anton Riabukhin,3,1,33,26,7,59,2021-08-19 01:35:00,517041
Pavlo Chyzh_1127825741,Pavlo Chyzh,1,1,49,43,6,92,2021-08-19 01:45:00,517042
Yu Merkushin_128015,Yu Merkushin,-1,0,44,52,-8,96,2021-08-19 01:46:00,517043
K Malahov_127941,K Malahov,1,1,56,47,9,103,2021-08-19 01:48:00,517044
Roman Hnoievoi_175796,Roman Hnoievoi,1,1,47,50,-3,97,2021-08-19 01:55:00,517045
R Pavlenko_127982,R Pavlenko,1,1,56,48,8,104,2021-08-19 02:03:00,517046
Mykola Lytvynenko_1349396659,Mykola Lytvynenko,1,1,49,43,6,92,2021-08-19 02:05:00,517047
Andrii Khvysiuk_1977925974,Andrii Khvysiuk,2,1,41,34,7,75,2021-08-19 02:15:00,517048
S Martyukhin_128016,S Martyukhin,-1,0,45,43,2,88,2021-08-19 02:18:00,517049
Oleksandr Kovalchuk_175797,Oleksandr Kovalchuk,-2,0,34,41,-7,75,2021-08-19 02:25:00,517050
A Uvarov_127942,A Uvarov,2,1,41,32,9,73,2021-08-19 02:32:00,517051
Sergey Filatov_1947529440,Sergey Filatov,-1,0,42,46,-4,88,2021-08-19 02:35:00,517052
V Sidorin_127983,V Sidorin,-3,0,23,34,-11,57,2021-08-19 02:39:00,517053
Oleksandr Medvedyev_1400440834,Oleksandr Medvedyev,-3,0,31,37,-6,68,2021-08-19 02:45:00,517054
Oleksandr Liushnia_175798,Oleksandr Liushnia,-1,0,53,53,0,106,2021-08-19 02:55:00,517055
K Malahov_127943,K Malahov,-2,0,40,43,-3,83,2021-08-19 02:55:00,517056
R Kobytov_128017,R Kobytov,-2,0,37,44,-7,81,2021-08-19 02:55:00,517057
D Evlahin_127984,D Evlahin,-1,0,48,55,-7,103,2021-08-19 03:02:00,517058
Anton Riabukhin_1497783346,Anton Riabukhin,-3,0,19,33,-14,52,2021-08-19 03:05:00,517059
Pavlo Chyzh_34086760,Pavlo Chyzh,3,1,33,16,17,49,2021-08-19 03:15:00,517060
A Serebrennikov_128018,A Serebrennikov,-3,0,16,33,-17,49,2021-08-19 03:18:00,517061
Dmytro Rehotun_175799,Dmytro Rehotun,1,1,52,50,2,102,2021-08-19 03:25:00,517062
A Ilin_127944,A Ilin,3,1,33,19,14,52,2021-08-19 03:30:00,517063
D Sayanov_127985,D Sayanov,2,1,49,46,3,95,2021-08-19 03:31:00,517064
Andrii Datsenko_1876401311,Andrii Datsenko,-3,0,26,34,-8,60,2021-08-19 03:35:00,517065
Maksym Skhabovskyi_1254382451,Maksym Skhabovskyi,-2,0,29,42,-13,71,2021-08-19 03:45:00,517066
A Girevenkov_128019,A Girevenkov,-2,0,33,37,-4,70,2021-08-19 03:47:00,517067
S Myagkov_127945,S Myagkov,-2,0,27,43,-16,70,2021-08-19 03:53:00,517068
Roman Hnoievoi_175800,Roman Hnoievoi,2,1,49,40,9,89,2021-08-19 03:55:00,517069
Mykola Lytvynenko_983665202,Mykola Lytvynenko,3,1,34,27,7,61,2021-08-19 04:05:00,517070
V Sidorin_127986,V Sidorin,-2,0,34,40,-6,74,2021-08-19 04:05:00,517071
Andrii Khvysiuk_1233905030,Andrii Khvysiuk,-3,0,19,34,-15,53,2021-08-19 04:15:00,517072
R Kobytov_128020,R Kobytov,2,1,42,33,9,75,2021-08-19 04:16:00,517073
Yu Lbov_127946,Yu Lbov,1,1,47,46,1,93,2021-08-19 04:21:00,517074
Oleksandr Kovalchuk_175801,Oleksandr Kovalchuk,3,1,33,16,17,49,2021-08-19 04:25:00,517075
S Ogai_128165,S Ogai,-1,0,44,50,-6,94,2021-08-19 04:31:00,517076
Sergey Filatov_396319806,Sergey Filatov,3,1,33,19,14,52,2021-08-19 04:35:00,517077
Oleksandr Medvedyev_1567178104,Oleksandr Medvedyev,1,1,47,53,-6,100,2021-08-19 04:45:00,517078
A Serebrennikov_128167,A Serebrennikov,2,1,42,27,15,69,2021-08-19 04:48:00,517079
Oleksandr Liushnia_175802,Oleksandr Liushnia,-2,0,34,42,-8,76,2021-08-19 04:55:00,517080
A Ilin_127947,A Ilin,1,1,43,38,5,81,2021-08-19 04:58:00,517081
D Sayanov_128166,D Sayanov,-3,0,18,33,-15,51,2021-08-19 05:01:00,517082
Mykola Lytvynenko_776578212,Mykola Lytvynenko,-2,0,29,41,-12,70,2021-08-19 05:05:00,517083
Andrii Khvysiuk_1233801511,Andrii Khvysiuk,-3,0,32,38,-6,70,2021-08-19 05:15:00,517084
A Girevenkov_128168,A Girevenkov,1,1,48,42,6,90,2021-08-19 05:19:00,517085
Dmytro Rehotun_175803,Dmytro Rehotun,-2,0,29,43,-14,72,2021-08-19 05:25:00,517086
A Uvarov_128169,A Uvarov,2,1,39,36,3,75,2021-08-19 05:37:00,517087
Oleksandr Kovalchuk_175804,Oleksandr Kovalchuk,2,1,37,32,5,69,2021-08-19 05:55:00,517088
K Malahov_128170,K Malahov,2,1,41,32,9,73,2021-08-19 06:10:00,517089
Oleksandr Gomilko_175805,Oleksandr Gomilko,2,1,34,26,8,60,2021-08-19 06:25:00,517090
Oleksandr Kovalchuk_175806,Oleksandr Kovalchuk,3,1,33,11,22,44,2021-08-19 06:55:00,517091
Roman Hnoievoi_175807,Roman Hnoievoi,-3,0,26,34,-8,60,2021-08-19 07:25:00,517092
A Kolmin_128079,A Kolmin,1,1,46,46,0,92,2021-08-19 07:30:00,517093
A Trushkin_128117,A Trushkin,-3,0,22,33,-11,55,2021-08-19 07:45:00,517094
Volodymyr Plishylo_1258476786,Volodymyr Plishylo,-3,0,20,34,-14,54,2021-08-19 07:50:00,517095
Bohdan Chaikovskyi_175930,Bohdan Chaikovskyi,3,1,33,24,9,57,2021-08-19 07:50:00,517096
A Zirin_128045,A Zirin,-3,0,20,34,-14,54,2021-08-19 07:51:00,517097
Illia Yanishevskiy_488888299,Illia Yanishevskiy,-1,0,41,48,-7,89,2021-08-19 07:55:00,517098
Olena Nalisnikovska_176241,Olena Nalisnikovska,3,1,33,23,10,56,2021-08-19 08:00:00,517099
S Ovechkin_128080,S Ovechkin,-3,0,21,36,-15,57,2021-08-19 08:04:00,517100
Vadym Reva_175966,Vadym Reva,1,1,48,37,11,85,2021-08-19 08:05:00,517101
Yana Mykhailyk_175991,Yana Mykhailyk,2,1,40,39,1,79,2021-08-19 08:10:00,517102
Oleg Kolivay_176013,Oleg Kolivay,-1,0,47,47,0,94,2021-08-19 08:15:00,517103
S Homutov_128118,S Homutov,-1,0,43,50,-7,93,2021-08-19 08:16:00,517104
V Mishakin_128046,V Mishakin,2,1,45,37,8,82,2021-08-19 08:17:00,517105
Volodymyr Okopnyi_175931,Volodymyr Okopnyi,2,1,37,35,2,72,2021-08-19 08:20:00,517106
Serhii Boiko_1980765271,Serhii Boiko,-3,0,23,33,-10,56,2021-08-19 08:25:00,517107
Dmytro Belanchyk_1655158883,Dmytro Belanchyk,3,1,33,27,6,60,2021-08-19 08:30:00,517108
A Bogomolov_128081,A Bogomolov,-1,0,43,48,-5,91,2021-08-19 08:30:00,517109
Alina Novosad_176242,Alina Novosad,3,1,33,15,18,48,2021-08-19 08:30:00,517110
Andrii Hordii_215633332,Andrii Hordii,-3,0,21,34,-13,55,2021-08-19 08:35:00,517111
Serhii Bohach_175967,Serhii Bohach,1,1,48,37,11,85,2021-08-19 08:35:00,517112
Oleg Savenkov_248305981,Oleg Savenkov,2,1,38,36,2,74,2021-08-19 08:40:00,517113
Tetiana Zghurska_175992,Tetiana Zghurska,-2,0,39,40,-1,79,2021-08-19 08:40:00,517114
Nazarii Hrytsyienko_284101579,Nazarii Hrytsyienko,-3,0,20,34,-14,54,2021-08-19 08:45:00,517115
Vasyl Kondratenko_176014,Vasyl Kondratenko,-1,0,45,47,-2,92,2021-08-19 08:45:00,517116
V Kutin_128047,V Kutin,-3,0,20,34,-14,54,2021-08-19 08:46:00,517117
Bohdan Chaikovskyi_175932,Bohdan Chaikovskyi,-2,0,30,42,-12,72,2021-08-19 08:50:00,517118
Ihor Syniavskyi_1059388119,Ihor Syniavskyi,-3,0,23,33,-10,56,2021-08-19 08:50:00,517119
Viktor Pakhniuk_176052,Viktor Pakhniuk,-3,0,17,33,-16,50,2021-08-19 08:50:00,517120
V Tsvetkov_128119,V Tsvetkov,1,1,51,42,9,93,2021-08-19 08:53:00,517121
Rustam Halimbaiev_176037,Rustam Halimbaiev,2,1,41,30,11,71,2021-08-19 08:55:00,517122
Aleksandr Tulenin_2087858823,Aleksandr Tulenin,-2,0,32,40,-8,72,2021-08-19 08:55:00,517123
Roman Derypaska_2105961255,Roman Derypaska,-2,0,38,44,-6,82,2021-08-19 08:55:00,517124
Serhii Tsybulin_768510703,Serhii Tsybulin,-1,0,42,49,-7,91,2021-08-19 09:00:00,517125
Filip Marat_176196,Filip Marat,-3,0,16,33,-17,49,2021-08-19 09:00:00,517126
Anatolii Nikolenko_176057,Anatolii Nikolenko,-1,0,37,44,-7,81,2021-08-19 09:00:00,517127
Olena Nalisnikovska_176243,Olena Nalisnikovska,-1,0,43,50,-7,93,2021-08-19 09:00:00,517128
Ji Louda_28757,Ji Louda,2,1,44,35,9,79,2021-08-19 09:03:00,517129
Maksym Zhuravliov_1567238442,Maksym Zhuravliov,3,1,33,13,20,46,2021-08-19 09:05:00,517130
Andrii Sydorenko_175968,Andrii Sydorenko,-2,0,37,42,-5,79,2021-08-19 09:05:00,517131
P Vshivkov_128082,P Vshivkov,2,1,43,39,4,82,2021-08-19 09:08:00,517132
Yana Mykhailyk_175983,Yana Mykhailyk,1,1,52,42,10,94,2021-08-19 09:10:00,517133
Nazarii Danyliuk_1893600474,Nazarii Danyliuk,-2,0,36,43,-7,79,2021-08-19 09:10:00,517134
Sergii Skhabitskiy_176000,Sergii Skhabitskiy,-3,0,26,35,-9,61,2021-08-19 09:15:00,517135
Vasyl Aksenin_1695112081,Vasyl Aksenin,2,1,38,32,6,70,2021-08-19 09:15:00,517136
D Tikhnenko_128048,D Tikhnenko,1,1,51,45,6,96,2021-08-19 09:16:00,517137
S Morozov_128120,S Morozov,-2,0,38,43,-5,81,2021-08-19 09:19:00,517138
Valentyn Yunchyk_2063756001,Valentyn Yunchyk,-1,0,49,52,-3,101,2021-08-19 09:20:00,517139
Viacheslav Andrusenko_176023,Viacheslav Andrusenko,-2,0,35,44,-9,79,2021-08-19 09:20:00,517140
Nazarii Sydorak_175933,Nazarii Sydorak,1,1,50,48,2,98,2021-08-19 09:20:00,517141
Oleksandr Hainovskyi_1806633514,Oleksandr Hainovskyi,-2,0,37,41,-4,78,2021-08-19 09:25:00,517142
Ruslan Onishchenko_176038,Ruslan Onishchenko,3,1,33,26,7,59,2021-08-19 09:25:00,517143
Mykhailo Marchuk_989414000,Mykhailo Marchuk,1,1,50,45,5,95,2021-08-19 09:30:00,517144
Svitlana Yureneva_176244,Svitlana Yureneva,-2,0,34,46,-12,80,2021-08-19 09:30:00,517145
Jonas Kulveit_176197,Jonas Kulveit,2,1,38,32,6,70,2021-08-19 09:30:00,517146
Serhii Baranovskyi_768324613,Serhii Baranovskyi,-2,0,32,36,-4,68,2021-08-19 09:30:00,517147
Bohdan Pyrtyk_176058,Bohdan Pyrtyk,1,1,50,45,5,95,2021-08-19 09:30:00,517148
Jo Belovsky_28758,Jo Belovsky,-3,0,21,33,-12,54,2021-08-19 09:31:00,517149
Serhii Boiko_580472734,Serhii Boiko,1,1,46,46,0,92,2021-08-19 09:35:00,517150
Serhii Bohach_175969,Serhii Bohach,-1,0,41,48,-7,89,2021-08-19 09:35:00,517151
A Bogomolov_128083,A Bogomolov,-2,0,30,42,-12,72,2021-08-19 09:38:00,517152
Dmytro Belanchyk_2072604025,Dmytro Belanchyk,-3,0,19,35,-16,54,2021-08-19 09:40:00,517153
Olha Yureneva_175993,Olha Yureneva,2,1,39,25,14,64,2021-08-19 09:40:00,517154
Vasyl Kondratenko_176001,Vasyl Kondratenko,3,1,33,20,13,53,2021-08-19 09:45:00,517155
Andrii Hordii_1522100149,Andrii Hordii,-1,0,48,47,1,95,2021-08-19 09:45:00,517156
V Kutin_128049,V Kutin,2,1,42,31,11,73,2021-08-19 09:46:00,517157
V Tsvetkov_128121,V Tsvetkov,3,1,34,20,14,54,2021-08-19 09:48:00,517158
Oleg Savenkov_1722394528,Oleg Savenkov,-2,0,33,42,-9,75,2021-08-19 09:50:00,517159
Oleksandr Osadchyi_176024,Oleksandr Osadchyi,-2,0,23,38,-15,61,2021-08-19 09:50:00,517160
Volodymyr Okopnyi_175934,Volodymyr Okopnyi,-3,0,20,33,-13,53,2021-08-19 09:50:00,517161
Nazarii Hrytsyienko_630613273,Nazarii Hrytsyienko,-1,0,41,50,-9,91,2021-08-19 09:55:00,517162
Serhii Pitsyk_176039,Serhii Pitsyk,-2,0,32,38,-6,70,2021-08-19 09:55:00,517163
Alina Novosad_176245,Alina Novosad,-2,0,23,42,-19,65,2021-08-19 10:00:00,517164
Jonas Kulveit_176198,Jonas Kulveit,1,1,47,45,2,92,2021-08-19 10:00:00,517165
Ihor Syniavskyi_1690260082,Ihor Syniavskyi,-1,0,47,49,-2,96,2021-08-19 10:00:00,517166
Serhii Darahan_176059,Serhii Darahan,-2,0,31,38,-7,69,2021-08-19 10:00:00,517167
M Klement_28759,M Klement,-2,0,27,39,-12,66,2021-08-19 10:01:00,517168
S Ovechkin_128084,S Ovechkin,-3,0,36,42,-6,78,2021-08-19 10:04:00,517169
Aleksandr Tulenin_1043972608,Aleksandr Tulenin,1,1,51,48,3,99,2021-08-19 10:05:00,517170
Vadym Reva_175970,Vadym Reva,1,1,49,46,3,95,2021-08-19 10:05:00,517171
Roman Derypaska_1618112151,Roman Derypaska,1,1,44,48,-4,92,2021-08-19 10:05:00,517172
Tetiana Zghurska_175985,Tetiana Zghurska,2,1,43,31,12,74,2021-08-19 10:10:00,517173
Volodymyr Plishylo_629687928,Volodymyr Plishylo,3,1,33,26,7,59,2021-08-19 10:10:00,517174
Oleg Kolivay_176015,Oleg Kolivay,3,1,34,24,10,58,2021-08-19 10:15:00,517175
Illia Yanishevskiy_1425493159,Illia Yanishevskiy,3,1,33,13,20,46,2021-08-19 10:15:00,517176
S Homutov_128122,S Homutov,3,1,34,23,11,57,2021-08-19 10:17:00,517177
V Mishakin_128050,V Mishakin,-3,0,24,33,-9,57,2021-08-19 10:18:00,517178
Viacheslav Andrusenko_176053,Viacheslav Andrusenko,3,1,35,26,9,61,2021-08-19 10:20:00,517179
Bohdan Chaikovskyi_175935,Bohdan Chaikovskyi,-1,0,47,50,-3,97,2021-08-19 10:20:00,517180
Volodymyr Maksiuta_35797423,Volodymyr Maksiuta,-3,0,26,36,-10,62,2021-08-19 10:20:00,517181
Nikita Korbut_972970948,Nikita Korbut,3,1,34,22,12,56,2021-08-19 10:25:00,517182
Ruslan Onishchenko_176040,Ruslan Onishchenko,-1,0,43,53,-10,96,2021-08-19 10:25:00,517183
Vadym Nechyporuk_615356756,Vadym Nechyporuk,2,1,40,22,18,62,2021-08-19 10:30:00,517184
J Vojtech_28760,J Vojtech,2,1,38,32,6,70,2021-08-19 10:30:00,517185
Bohdan Pyrtyk_176060,Bohdan Pyrtyk,-3,0,20,33,-13,53,2021-08-19 10:30:00,517186
Filip Marat_176199,Filip Marat,1,1,46,42,4,88,2021-08-19 10:30:00,517187
Olena Nalisnikovska_176246,Olena Nalisnikovska,3,1,33,19,14,52,2021-08-19 10:30:00,517188
Valerii Danchenko_175971,Valerii Danchenko,3,1,33,21,12,54,2021-08-19 10:35:00,517189
Oleksandr Hainovskyi_2075363115,Oleksandr Hainovskyi,1,1,50,43,7,93,2021-08-19 10:35:00,517190
S Ovechkin_128171,S Ovechkin,-1,0,46,47,-1,93,2021-08-19 10:37:00,517191
Yana Mykhailyk_175994,Yana Mykhailyk,1,1,43,36,7,79,2021-08-19 10:40:00,517192
Valerii Melnyk_163707278,Valerii Melnyk,3,1,33,21,12,54,2021-08-19 10:40:00,517193
Volodymyr Androsov_122125683,Volodymyr Androsov,-3,0,19,33,-14,52,2021-08-19 10:40:00,517194
Denys Shcherbak_382639491,Denys Shcherbak,-2,0,32,43,-11,75,2021-08-19 10:45:00,517195
Valeriy Kolesnykov_176016,Valeriy Kolesnykov,-2,0,35,45,-10,80,2021-08-19 10:45:00,517196
V Kutin_128175,V Kutin,-2,0,33,43,-10,76,2021-08-19 10:46:00,517197
A Trushkin_128173,A Trushkin,-2,0,34,47,-13,81,2021-08-19 10:46:00,517198
Nikolay Bondarenko_771789646,Nikolay Bondarenko,-3,0,26,34,-8,60,2021-08-19 10:50:00,517199
Volodymyr Okopnyi_175936,Volodymyr Okopnyi,2,1,50,39,11,89,2021-08-19 10:50:00,517200
Viktor Pakhniuk_176026,Viktor Pakhniuk,-1,0,42,46,-4,88,2021-08-19 10:50:00,517201
Nazarii Danyliuk_1589717501,Nazarii Danyliuk,-2,0,35,41,-6,76,2021-08-19 10:55:00,517202
Rustam Halimbaiev_176041,Rustam Halimbaiev,-1,0,57,62,-5,119,2021-08-19 10:55:00,517203
Vasyl Aksenin_903633378,Vasyl Aksenin,-2,0,42,48,-6,90,2021-08-19 11:00:00,517204
Frantisek Korenek_176200,Frantisek Korenek,-3,0,20,33,-13,53,2021-08-19 11:00:00,517205
Anatolii Nikolenko_176061,Anatolii Nikolenko,-2,0,38,45,-7,83,2021-08-19 11:00:00,517206
Alina Novosad_176247,Alina Novosad,3,1,34,19,15,53,2021-08-19 11:00:00,517207
M Klement_28761,M Klement,2,1,39,24,15,63,2021-08-19 11:01:00,517208
P Vshivkov_128172,P Vshivkov,-1,0,42,42,0,84,2021-08-19 11:05:00,517209
Valentyn Yunchyk_1951335698,Valentyn Yunchyk,-2,0,39,50,-11,89,2021-08-19 11:05:00,517210
Andrii Sydorenko_175972,Andrii Sydorenko,-2,0,41,45,-4,86,2021-08-19 11:05:00,517211
Ihor Syniavskyi_38803458,Ihor Syniavskyi,-1,0,41,50,-9,91,2021-08-19 11:10:00,517212
Tetiana Zghurska_175995,Tetiana Zghurska,1,1,53,36,17,89,2021-08-19 11:10:00,517213
Mykhailo Marchuk_1153946730,Mykhailo Marchuk,-3,0,17,33,-16,50,2021-08-19 11:15:00,517214
Sergii Skhabitskiy_176004,Sergii Skhabitskiy,1,1,52,46,6,98,2021-08-19 11:15:00,517215
Serhii Baranovskyi_1622796825,Serhii Baranovskyi,3,1,37,27,10,64,2021-08-19 11:15:00,517216
A Zirin_128176,A Zirin,2,1,37,27,10,64,2021-08-19 11:16:00,517217
S Homutov_128174,S Homutov,-3,0,22,33,-11,55,2021-08-19 11:16:00,517218
Serhii Tsybulin_124473427,Serhii Tsybulin,-3,0,26,34,-8,60,2021-08-19 11:20:00,517219
Vadym Kucheriavyi_176027,Vadym Kucheriavyi,2,1,38,29,9,67,2021-08-19 11:20:00,517220
Nazarii Sydorak_175937,Nazarii Sydorak,-2,0,35,45,-10,80,2021-08-19 11:20:00,517221
Maksym Marchuk_176042,Maksym Marchuk,3,1,36,22,14,58,2021-08-19 11:25:00,517222
Maksym Zhuravliov_33017790,Maksym Zhuravliov,2,1,37,28,9,65,2021-08-19 11:25:00,517223
Andrii Hordii_963071302,Andrii Hordii,-1,0,40,44,-4,84,2021-08-19 11:30:00,517224
Svitlana Yureneva_176248,Svitlana Yureneva,-3,0,12,33,-21,45,2021-08-19 11:30:00,517225
Mykola Kulynych_176062,Mykola Kulynych,-1,0,42,47,-5,89,2021-08-19 11:30:00,517226
Filip Marat_176201,Filip Marat,-1,0,48,55,-7,103,2021-08-19 11:30:00,517227
Jo Belovsky_28762,Jo Belovsky,-3,0,13,33,-20,46,2021-08-19 11:31:00,517228
Oleg Savenkov_222980644,Oleg Savenkov,3,1,33,11,22,44,2021-08-19 11:35:00,517229
Serhii Bohach_175973,Serhii Bohach,1,1,54,48,6,102,2021-08-19 11:35:00,517230
Olha Yureneva_175996,Olha Yureneva,-3,0,15,33,-18,48,2021-08-19 11:40:00,517231
Nazarii Hrytsyienko_409430009,Nazarii Hrytsyienko,-3,0,20,33,-13,53,2021-08-19 11:40:00,517232
Oleksii Romaniv_1005497162,Oleksii Romaniv,-3,0,27,33,-6,60,2021-08-19 11:45:00,517233
Vasyl Kondratenko_176005,Vasyl Kondratenko,-3,0,26,33,-7,59,2021-08-19 11:45:00,517234
A Batalov_128123,A Batalov,-1,0,47,46,1,93,2021-08-19 11:47:00,517235
M Ilichev_128085,M Ilichev,-1,0,51,55,-4,106,2021-08-19 11:48:00,517236
I Novikov_128051,I Novikov,-2,0,32,39,-7,71,2021-08-19 11:48:00,517237
Roman Derypaska_73701318,Roman Derypaska,-1,0,43,48,-5,91,2021-08-19 11:50:00,517238
Aleksandr Tulenin_70717273,Aleksandr Tulenin,-2,0,26,38,-12,64,2021-08-19 11:50:00,517239
Oleksandr Osadchyi_176054,Oleksandr Osadchyi,-3,0,20,33,-13,53,2021-08-19 11:50:00,517240
Bohdan Chaikovskyi_175938,Bohdan Chaikovskyi,1,1,42,46,-4,88,2021-08-19 11:50:00,517241
Serhii Boiko_70609472,Serhii Boiko,-2,0,36,45,-9,81,2021-08-19 11:55:00,517242
Serhii Pitsyk_176043,Serhii Pitsyk,3,1,33,23,10,56,2021-08-19 11:55:00,517243
Jo Belovsky_28788,Jo Belovsky,2,1,38,33,5,71,2021-08-19 12:00:00,517244
Dmytro Belanchyk_1004045484,Dmytro Belanchyk,2,1,37,32,5,69,2021-08-19 12:00:00,517245
Serhii Darahan_176063,Serhii Darahan,2,1,44,34,10,78,2021-08-19 12:00:00,517246
Olena Nalisnikovska_176249,Olena Nalisnikovska,-3,0,23,33,-10,56,2021-08-19 12:00:00,517247
Vadym Reva_175974,Vadym Reva,2,1,39,23,16,62,2021-08-19 12:05:00,517248
Volodymyr Maksiuta_236962373,Volodymyr Maksiuta,-2,0,35,45,-10,80,2021-08-19 12:05:00,517249
Nikita Korbut_1578754395,Nikita Korbut,1,1,50,45,5,95,2021-08-19 12:10:00,517250
Yana Mykhailyk_175989,Yana Mykhailyk,2,1,45,33,12,78,2021-08-19 12:10:00,517251
Oleg Kolivay_176017,Oleg Kolivay,-3,0,14,33,-19,47,2021-08-19 12:15:00,517252
Frantisek Korenek_176255,Frantisek Korenek,-2,0,35,40,-5,75,2021-08-19 12:15:00,517253
Vadym Nechyporuk_1087826569,Vadym Nechyporuk,1,1,47,48,-1,95,2021-08-19 12:15:00,517254
P Medvedev_128052,P Medvedev,2,1,37,28,9,65,2021-08-19 12:15:00,517255
O Nikiforov_128124,O Nikiforov,1,1,45,48,-3,93,2021-08-19 12:19:00,517256
Viacheslav Andrusenko_176029,Viacheslav Andrusenko,3,1,33,21,12,54,2021-08-19 12:20:00,517257
Dmytro Kalyniuk_414531582,Dmytro Kalyniuk,2,1,37,33,4,70,2021-08-19 12:20:00,517258
Ivan Pytsko_175939,Ivan Pytsko,-1,0,37,48,-11,85,2021-08-19 12:20:00,517259
Ya Troyanov_128086,Ya Troyanov,-1,0,54,52,2,106,2021-08-19 12:22:00,517260
Ruslan Onishchenko_176044,Ruslan Onishchenko,1,1,59,49,10,108,2021-08-19 12:25:00,517261
Valerii Melnyk_551865541,Valerii Melnyk,3,1,35,27,8,62,2021-08-19 12:25:00,517262
Volodymyr Androsov_104652767,Volodymyr Androsov,1,1,44,44,0,88,2021-08-19 12:25:00,517263
M Klement_28789,M Klement,-3,0,19,33,-14,52,2021-08-19 12:30:00,517264
Bohdan Pyrtyk_176064,Bohdan Pyrtyk,3,1,33,19,14,52,2021-08-19 12:30:00,517265
Volodymyr Plishylo_959740149,Volodymyr Plishylo,-3,0,19,33,-14,52,2021-08-19 12:30:00,517266
Valerii Danchenko_175975,Valerii Danchenko,-1,0,47,51,-4,98,2021-08-19 12:35:00,517267
Illia Yanishevskiy_796269829,Illia Yanishevskiy,-3,0,28,34,-6,62,2021-08-19 12:35:00,517268
Oleksandra Tsiupko_175997,Oleksandra Tsiupko,-2,0,32,42,-10,74,2021-08-19 12:40:00,517269
Nazarii Danyliuk_1792941546,Nazarii Danyliuk,-2,0,32,43,-11,75,2021-08-19 12:40:00,517270
Vasyl Aksenin_880796397,Vasyl Aksenin,2,1,39,36,3,75,2021-08-19 12:45:00,517271
Valeriy Kolesnykov_176007,Valeriy Kolesnykov,1,1,41,46,-5,87,2021-08-19 12:45:00,517272
Jiri Cerny_176256,Jiri Cerny,2,1,42,32,10,74,2021-08-19 12:45:00,517273
A Lobanov_128053,A Lobanov,2,1,41,32,9,73,2021-08-19 12:45:00,517274
Valentyn Yunchyk_113303133,Valentyn Yunchyk,1,1,51,41,10,92,2021-08-19 12:50:00,517275
Viktor Pakhniuk_176030,Viktor Pakhniuk,2,1,41,37,4,78,2021-08-19 12:50:00,517276
I Poletaev_128125,I Poletaev,1,1,46,37,9,83,2021-08-19 12:52:00,517277
Nazarii Sydorak_176260,Nazarii Sydorak,3,1,33,20,13,53,2021-08-19 12:55:00,517278
Ihor Syniavskyi_417889995,Ihor Syniavskyi,-3,0,21,34,-13,55,2021-08-19 12:55:00,517279
Rustam Halimbaiev_176045,Rustam Halimbaiev,-1,0,47,48,-1,95,2021-08-19 12:55:00,517280
Mykhailo Marchuk_1967091947,Mykhailo Marchuk,-3,0,24,36,-12,60,2021-08-19 13:00:00,517281
Anatolii Nikolenko_176065,Anatolii Nikolenko,-3,0,19,33,-14,52,2021-08-19 13:00:00,517282
Vaclav Strejc_176202,Vaclav Strejc,1,1,49,40,9,89,2021-08-19 13:00:00,517283
Serhii Baranovskyi_1439834733,Serhii Baranovskyi,2,1,53,38,15,91,2021-08-19 13:00:00,517284
Svitlana Yureneva_176257,Svitlana Yureneva,-2,0,23,41,-18,64,2021-08-19 13:00:00,517285
V Havlicek_28763,V Havlicek,-3,0,19,33,-14,52,2021-08-19 13:01:00,517286
I Afanasev_128087,I Afanasev,2,1,39,31,8,70,2021-08-19 13:04:00,517287
Denys Shcherbak_700145151,Denys Shcherbak,-3,0,24,34,-10,58,2021-08-19 13:05:00,517288
Andrii Sydorenko_175976,Andrii Sydorenko,2,1,42,28,14,70,2021-08-19 13:05:00,517289
Ihor Kuznetsov_83956525,Ihor Kuznetsov,-1,0,40,44,-4,84,2021-08-19 13:10:00,517290
Olha Yureneva_176262,Olha Yureneva,-3,0,19,33,-14,52,2021-08-19 13:15:00,517291
Sergii Skhabitskiy_176018,Sergii Skhabitskiy,3,1,33,24,9,57,2021-08-19 13:15:00,517292
Anatolii Lievshin_1495157926,Anatolii Lievshin,-2,0,33,39,-6,72,2021-08-19 13:15:00,517293
V Putilovsky_128054,V Putilovsky,-3,0,11,33,-22,44,2021-08-19 13:16:00,517294
Vadym Kucheriavyi_176055,Vadym Kucheriavyi,-1,0,44,52,-8,96,2021-08-19 13:20:00,517295
Petro Tsolik_1196357036,Petro Tsolik,-2,0,37,48,-11,85,2021-08-19 13:20:00,517296
E Grishaev_128126,E Grishaev,2,1,42,35,7,77,2021-08-19 13:22:00,517297
Maksym Marchuk_176046,Maksym Marchuk,-1,0,47,52,-5,99,2021-08-19 13:25:00,517298
Volodymyr Korobko_176261,Volodymyr Korobko,2,1,43,32,11,75,2021-08-19 13:25:00,517299
Andrii Kotik_949876772,Andrii Kotik,-3,0,21,33,-12,54,2021-08-19 13:25:00,517300
Dmytro Kalyniuk_382739448,Dmytro Kalyniuk,1,1,54,40,14,94,2021-08-19 13:30:00,517301
Mykola Kulynych_176066,Mykola Kulynych,3,1,34,21,13,55,2021-08-19 13:30:00,517302
A Fedosov_128088,A Fedosov,-2,0,32,37,-5,69,2021-08-19 13:30:00,517303
Yevheniia Sozoniuk_176258,Yevheniia Sozoniuk,-2,0,32,41,-9,73,2021-08-19 13:30:00,517304
M Urban_28764,M Urban,-1,0,51,56,-5,107,2021-08-19 13:30:00,517305
Michal Raska_176203,Michal Raska,2,1,43,37,6,80,2021-08-19 13:30:00,517306
Roman Cherevko_1049271831,Roman Cherevko,-2,0,34,43,-9,77,2021-08-19 13:35:00,517307
Vadym Reva_175977,Vadym Reva,-1,0,53,55,-2,108,2021-08-19 13:35:00,517308
Viktor Kotov_1138312928,Viktor Kotov,-1,0,44,47,-3,91,2021-08-19 13:35:00,517309
Serhii Tsybulin_1072544408,Serhii Tsybulin,3,1,34,24,10,58,2021-08-19 13:40:00,517310
Maksym Zhuravliov_1217891084,Maksym Zhuravliov,-3,0,21,33,-12,54,2021-08-19 13:45:00,517311
Hanna Fuks_176263,Hanna Fuks,1,1,52,53,-1,105,2021-08-19 13:45:00,517312
Oleg Kolivay_176019,Oleg Kolivay,-3,0,14,33,-19,47,2021-08-19 13:45:00,517313
A Lobanov_128055,A Lobanov,-1,0,46,48,-2,94,2021-08-19 13:46:00,517314
Andrii Hordii_1491625693,Andrii Hordii,-2,0,35,42,-7,77,2021-08-19 13:50:00,517315
Oleksandr Osadchyi_176032,Oleksandr Osadchyi,-1,0,37,50,-13,87,2021-08-19 13:50:00,517316
I Afanasev_128089,I Afanasev,-1,0,48,48,0,96,2021-08-19 13:54:00,517317
Oleg Savenkov_1797116361,Oleg Savenkov,-3,0,26,36,-10,62,2021-08-19 13:55:00,517318
I Poletaev_128127,I Poletaev,1,1,42,40,2,82,2021-08-19 13:55:00,517319
Serhii Pitsyk_176047,Serhii Pitsyk,2,1,44,38,6,82,2021-08-19 13:55:00,517320
Michal Raska_176204,Michal Raska,2,1,38,29,9,67,2021-08-19 14:00:00,517321
Serhii Darahan_176067,Serhii Darahan,1,1,52,38,14,90,2021-08-19 14:00:00,517322
Nazarii Hrytsyienko_950418059,Nazarii Hrytsyienko,1,1,43,48,-5,91,2021-08-19 14:00:00,517323
O Konvalinka_28765,O Konvalinka,-3,0,18,33,-15,51,2021-08-19 14:01:00,517324
Hennadii Buianover_175978,Hennadii Buianover,3,1,35,25,10,60,2021-08-19 14:05:00,517325
Ihor Syniavskyi_1060333647,Ihor Syniavskyi,-2,0,33,43,-10,76,2021-08-19 14:05:00,517326
Roman Derypaska_1030553797,Roman Derypaska,2,1,40,33,7,73,2021-08-19 14:10:00,517327
Aleksandr Tulenin_449788413,Aleksandr Tulenin,-1,0,52,46,6,98,2021-08-19 14:10:00,517328
Volodymyr Plishylo_303064385,Volodymyr Plishylo,-1,0,41,50,-9,91,2021-08-19 14:15:00,517329
Andrei Huchok_176020,Andrei Huchok,2,1,41,37,4,78,2021-08-19 14:15:00,517330
P Medvedev_128056,P Medvedev,-2,0,38,44,-6,82,2021-08-19 14:16:00,517331
Viktor Pakhniuk_176033,Viktor Pakhniuk,1,1,47,39,8,86,2021-08-19 14:20:00,517332
Illia Yanishevskiy_141123442,Illia Yanishevskiy,3,1,34,18,16,52,2021-08-19 14:20:00,517333
O Nikiforov_128128,O Nikiforov,-3,0,23,34,-11,57,2021-08-19 14:21:00,517334
Rustam Halimbaiev_176048,Rustam Halimbaiev,-2,0,31,41,-10,72,2021-08-19 14:25:00,517335
Nazarii Danyliuk_1561576240,Nazarii Danyliuk,-3,0,20,33,-13,53,2021-08-19 14:25:00,517336
Anatolii Nikolenko_176068,Anatolii Nikolenko,-1,0,38,48,-10,86,2021-08-19 14:30:00,517337
Oliver Korp_28766,Oliver Korp,1,1,47,41,6,88,2021-08-19 14:30:00,517338
Vaclav Strejc_176205,Vaclav Strejc,-2,0,30,42,-12,72,2021-08-19 14:30:00,517339
Nikita Korbut_350136184,Nikita Korbut,1,1,49,44,5,93,2021-08-19 14:30:00,517340
Ya Troyanov_128090,Ya Troyanov,-1,0,51,51,0,102,2021-08-19 14:31:00,517341
Vadym Reva_175979,Vadym Reva,2,1,40,31,9,71,2021-08-19 14:35:00,517342
Valentyn Yunchyk_625939082,Valentyn Yunchyk,3,1,35,28,7,63,2021-08-19 14:35:00,517343
Dmytro Kalyniuk_1557034545,Dmytro Kalyniuk,2,1,44,38,6,82,2021-08-19 14:40:00,517344
Mykhailo Marchuk_1019638566,Mykhailo Marchuk,-3,0,15,33,-18,48,2021-08-19 14:45:00,517345
Oleg Kolivay_176021,Oleg Kolivay,3,1,33,21,12,54,2021-08-19 14:45:00,517346
Nikita Trofimov_579611747,Nikita Trofimov,3,1,33,21,12,54,2021-08-19 14:45:00,517347
O Nikiforov_128245,O Nikiforov,2,1,45,36,9,81,2021-08-19 14:46:00,517348
I Novikov_128247,I Novikov,1,1,55,50,5,105,2021-08-19 14:47:00,517349
Oleksii Krutko_1232909218,Oleksii Krutko,3,1,37,28,9,65,2021-08-19 14:50:00,517350
Volodymyr Melnykov_176056,Volodymyr Melnykov,-2,0,38,41,-3,79,2021-08-19 14:50:00,517351
Taras Yemelianov_176049,Taras Yemelianov,3,1,33,20,13,53,2021-08-19 14:55:00,517352
Oleksandr Brezytskyi_1628970784,Oleksandr Brezytskyi,1,1,48,49,-1,97,2021-08-19 14:55:00,517353
Ruslan Nyzhnyk_176069,Ruslan Nyzhnyk,2,1,45,33,12,78,2021-08-19 15:00:00,517354
Anatolii Lievshin_365111714,Anatolii Lievshin,-2,0,37,45,-8,82,2021-08-19 15:00:00,517355
Lukas Mayer_176206,Lukas Mayer,-3,0,20,33,-13,53,2021-08-19 15:00:00,517356
O Konvalinka_28767,O Konvalinka,-3,0,27,34,-7,61,2021-08-19 15:00:00,517357
Vasyl Aksenin_1627164507,Vasyl Aksenin,-2,0,27,43,-16,70,2021-08-19 15:05:00,517358
Serhii Bohach_175980,Serhii Bohach,-2,0,29,38,-9,67,2021-08-19 15:05:00,517359
Dmytro Vakhta_1027276531,Dmytro Vakhta,-3,0,19,33,-14,52,2021-08-19 15:10:00,517360
Oleksandr Hainovskyi_540690586,Oleksandr Hainovskyi,1,1,55,51,4,106,2021-08-19 15:15:00,517361
Vasyl Kondratenko_176012,Vasyl Kondratenko,-3,0,15,33,-18,48,2021-08-19 15:15:00,517362
M Ilichev_128273,M Ilichev,-1,0,49,52,-3,101,2021-08-19 15:15:00,517363
I Poletaev_128246,I Poletaev,2,1,39,32,7,71,2021-08-19 15:17:00,517364
Viktor Pakhniuk_176035,Viktor Pakhniuk,-1,0,51,56,-5,107,2021-08-19 15:20:00,517365
Roman Derypaska_722681003,Roman Derypaska,-2,0,31,43,-12,74,2021-08-19 15:20:00,517366
Serhii Rak_176072,Serhii Rak,3,1,39,33,6,72,2021-08-19 15:20:00,517367
Andrii Kyselar_355400916,Andrii Kyselar,-1,0,42,47,-5,89,2021-08-19 15:20:00,517368
Volodymyr Plishylo_816426376,Volodymyr Plishylo,-2,0,36,41,-5,77,2021-08-19 15:25:00,517369
Rustam Halimbaiev_176050,Rustam Halimbaiev,-3,0,26,34,-8,60,2021-08-19 15:25:00,517370
V Putilovsky_128248,V Putilovsky,-3,0,15,33,-18,48,2021-08-19 15:27:00,517371
Ihor Vasylyshyn_176082,Ihor Vasylyshyn,1,1,56,52,4,108,2021-08-19 15:30:00,517372
Anatolii Nikolenko_176070,Anatolii Nikolenko,2,1,45,37,8,82,2021-08-19 15:30:00,517373
Illia Yanishevskiy_1762809746,Illia Yanishevskiy,3,1,33,19,14,52,2021-08-19 15:30:00,517374
Vaclav Strejc_176207,Vaclav Strejc,-3,0,17,33,-16,50,2021-08-19 15:30:00,517375
M Urban_28768,M Urban,-1,0,46,51,-5,97,2021-08-19 15:30:00,517376
Yevhen Pryshchepa_796427135,Yevhen Pryshchepa,-2,0,37,38,-1,75,2021-08-19 15:35:00,517377
Alina Stefaniuk_176097,Alina Stefaniuk,-1,0,47,52,-5,99,2021-08-19 15:35:00,517378
Nikita Vilenchyts_176109,Nikita Vilenchyts,-2,0,27,35,-8,62,2021-08-19 15:40:00,517379
Serhii Rutskyi_1907495081,Serhii Rutskyi,-3,0,31,37,-6,68,2021-08-19 15:40:00,517380
Oleh Yurenev_176121,Oleh Yurenev,3,1,37,29,8,66,2021-08-19 15:45:00,517381
I Abelmasov_128131,I Abelmasov,-3,0,25,33,-8,58,2021-08-19 15:48:00,517382
Valerii Tatarynov_176073,Valerii Tatarynov,3,1,33,24,9,57,2021-08-19 15:50:00,517383
Vadim Tokar_1247868662,Vadim Tokar,2,1,45,37,8,82,2021-08-19 15:50:00,517384
Viacheslav Andrusenko_176036,Viacheslav Andrusenko,-3,0,10,33,-23,43,2021-08-19 15:50:00,517385
A Fedosov_128274,A Fedosov,3,1,34,23,11,57,2021-08-19 15:53:00,517386
A Poprocky_128057,A Poprocky,-2,0,37,41,-4,78,2021-08-19 15:53:00,517387
Denys Vakulenko_827877978,Denys Vakulenko,1,1,46,42,4,88,2021-08-19 15:55:00,517388
Ruslan Onishchenko_176051,Ruslan Onishchenko,3,1,39,32,7,71,2021-08-19 15:55:00,517389
Bohdan Pyrtyk_176071,Bohdan Pyrtyk,3,1,34,22,12,56,2021-08-19 16:00:00,517390
Andrii Dekhtiarenko_176083,Andrii Dekhtiarenko,1,1,51,40,11,91,2021-08-19 16:00:00,517391
Serhii Boiko_359971982,Serhii Boiko,2,1,39,32,7,71,2021-08-19 16:00:00,517392
Lukas Mayer_176508,Lukas Mayer,2,1,40,32,8,72,2021-08-19 16:00:00,517393
M Urban_28814,M Urban,-2,0,30,44,-14,74,2021-08-19 16:04:00,517394
Dmytro Belanchyk_1464943338,Dmytro Belanchyk,-3,0,23,33,-10,56,2021-08-19 16:05:00,517395
Yevheniia Severyna_176098,Yevheniia Severyna,2,1,40,35,5,75,2021-08-19 16:05:00,517396
Vitalii Rychkov_176110,Vitalii Rychkov,-3,0,23,33,-10,56,2021-08-19 16:10:00,517397
Anton Limonov_358903079,Anton Limonov,-2,0,34,42,-8,76,2021-08-19 16:10:00,517398
E Anisimov_128091,E Anisimov,1,1,54,43,11,97,2021-08-19 16:13:00,517399
Serhii Berezynskyi_505159158,Serhii Berezynskyi,3,1,33,13,20,46,2021-08-19 16:15:00,517400
Maksym Kozhevnikov_176122,Maksym Kozhevnikov,-2,0,29,44,-15,73,2021-08-19 16:15:00,517401
D Molodtsov_128132,D Molodtsov,3,1,33,20,13,53,2021-08-19 16:19:00,517402
Serhii Rak_176074,Serhii Rak,1,1,46,34,12,80,2021-08-19 16:20:00,517403
V Zhigalov_128058,V Zhigalov,2,1,38,28,10,66,2021-08-19 16:20:00,517404
Igor Demchuk_774535652,Igor Demchuk,-3,0,21,33,-12,54,2021-08-19 16:20:00,517405
Oleksii Haponov_614069684,Oleksii Haponov,2,1,38,34,4,72,2021-08-19 16:25:00,517406
Oleksandr Kovalchuk_176136,Oleksandr Kovalchuk,2,1,41,24,17,65,2021-08-19 16:25:00,517407
V Havlicek_28815,V Havlicek,-2,0,36,40,-4,76,2021-08-19 16:30:00,517408
Martin Melisek_176509,Martin Melisek,3,1,33,21,12,54,2021-08-19 16:30:00,517409
Lev Kuzyo_1710215793,Lev Kuzyo,1,1,50,52,-2,102,2021-08-19 16:30:00,517410
Oleksandr Mytsyk_176084,Oleksandr Mytsyk,-2,0,25,41,-16,66,2021-08-19 16:30:00,517411
Yevheniia Severyna_176099,Yevheniia Severyna,1,1,51,44,7,95,2021-08-19 16:35:00,517412
Viacheslav Kovalenko_1706044582,Viacheslav Kovalenko,-2,0,35,42,-7,77,2021-08-19 16:35:00,517413
Vitalii Rychkov_176111,Vitalii Rychkov,2,1,42,27,15,69,2021-08-19 16:40:00,517414
Kyrylo Yehorov_37928870,Kyrylo Yehorov,-1,0,35,49,-14,84,2021-08-19 16:40:00,517415
Ihor Emets_176123,Ihor Emets,-2,0,35,40,-5,75,2021-08-19 16:45:00,517416
Yevhen Pryshchepa_867113363,Yevhen Pryshchepa,3,1,34,17,17,51,2021-08-19 16:45:00,517417
M Gusev_128092,M Gusev,-2,0,42,50,-8,92,2021-08-19 16:45:00,517418
D Popov_128133,D Popov,3,1,34,27,7,61,2021-08-19 16:46:00,517419
O Manuylov_128059,O Manuylov,2,1,45,41,4,86,2021-08-19 16:47:00,517420
Serhii Rutskyi_108351537,Serhii Rutskyi,-2,0,36,44,-8,80,2021-08-19 16:50:00,517421
Stanislav Nikolenko_176075,Stanislav Nikolenko,3,1,33,16,17,49,2021-08-19 16:50:00,517422
Viktor Bosak_808723678,Viktor Bosak,-2,0,34,43,-9,77,2021-08-19 16:55:00,517423
Ruslan Solomko_176137,Ruslan Solomko,1,1,42,44,-2,86,2021-08-19 16:55:00,517424
Vadim Tokar_1052203738,Vadim Tokar,-2,0,39,47,-8,86,2021-08-19 17:00:00,517425
Jachym Sebl_176208,Jachym Sebl,-1,0,46,50,-4,96,2021-08-19 17:00:00,517426
P Gireth_28769,P Gireth,2,1,42,31,11,73,2021-08-19 17:00:00,517427
Andrii Dekhtiarenko_176085,Andrii Dekhtiarenko,-3,0,23,35,-12,58,2021-08-19 17:00:00,517428
Alina Stefaniuk_176100,Alina Stefaniuk,2,1,43,33,10,76,2021-08-19 17:05:00,517429
Denys Vakulenko_1443287930,Denys Vakulenko,3,1,33,22,11,55,2021-08-19 17:05:00,517430
Nikita Vilenchyts_176112,Nikita Vilenchyts,-1,0,47,51,-4,98,2021-08-19 17:10:00,517431
Viacheslav Kovalenko_1558067214,Viacheslav Kovalenko,2,1,41,37,4,78,2021-08-19 17:10:00,517432
Maksym Kozhevnikov_176124,Maksym Kozhevnikov,-2,0,29,42,-13,71,2021-08-19 17:15:00,517433
Anton Veliiev_705707857,Anton Veliiev,2,1,42,31,11,73,2021-08-19 17:15:00,517434
N Sadovskiy_128134,N Sadovskiy,3,1,34,26,8,60,2021-08-19 17:16:00,517435
G Karpovkin_128060,G Karpovkin,3,1,36,24,12,60,2021-08-19 17:16:00,517436
Anton Limonov_2108104927,Anton Limonov,3,1,33,20,13,53,2021-08-19 17:20:00,517437
Valerii Tatarynov_176076,Valerii Tatarynov,-3,0,18,33,-15,51,2021-08-19 17:20:00,517438
Andrii Shcherinskyi_479335696,Andrii Shcherinskyi,-2,0,26,40,-14,66,2021-08-19 17:25:00,517439
Yurii Kolesnyk_176138,Yurii Kolesnyk,-2,0,38,41,-3,79,2021-08-19 17:25:00,517440
V Staroverov_128093,V Staroverov,-1,0,45,53,-8,98,2021-08-19 17:28:00,517441
jr. Havlik_28770,jr. Havlik,-2,0,35,42,-7,77,2021-08-19 17:30:00,517442
Petr Chlumsky_176209,Petr Chlumsky,1,1,47,44,3,91,2021-08-19 17:30:00,517443
Igor Demchuk_904913111,Igor Demchuk,-2,0,29,39,-10,68,2021-08-19 17:30:00,517444
Ihor Vasylyshyn_176086,Ihor Vasylyshyn,-2,0,27,37,-10,64,2021-08-19 17:30:00,517445
Anastasiia Gordinskaya-Sheiko_176101,Anastasiia Gordinskaya-Sheiko,-2,0,32,38,-6,70,2021-08-19 17:35:00,517446
Oleksii Haponov_1541353734,Oleksii Haponov,2,1,45,42,3,87,2021-08-19 17:35:00,517447
Volodymyr Chornobab_176113,Volodymyr Chornobab,3,1,34,23,11,57,2021-08-19 17:40:00,517448
Yevhen Masko_404522447,Yevhen Masko,3,1,33,23,10,56,2021-08-19 17:40:00,517449
Oleh Yurenev_176125,Oleh Yurenev,1,1,49,48,1,97,2021-08-19 17:45:00,517450
Kyrylo Yehorov_700406348,Kyrylo Yehorov,2,1,43,36,7,79,2021-08-19 17:45:00,517451
O Manuylov_128061,O Manuylov,1,1,47,44,3,91,2021-08-19 17:46:00,517452
D Popov_128135,D Popov,1,1,48,47,1,95,2021-08-19 17:46:00,517453
Ivan Efimenko_176151,Ivan Efimenko,3,1,33,22,11,55,2021-08-19 17:50:00,517454
Viacheslav Kovalenko_454294634,Viacheslav Kovalenko,3,1,33,26,7,59,2021-08-19 17:50:00,517455
Serhii Rak_176077,Serhii Rak,2,1,37,30,7,67,2021-08-19 17:50:00,517456
Ruslan Solomko_176139,Ruslan Solomko,-1,0,47,48,-1,95,2021-08-19 17:55:00,517457
Yevhen Pryshchepa_1813784701,Yevhen Pryshchepa,1,1,50,43,7,93,2021-08-19 17:55:00,517458
A Yakovlev_128094,A Yakovlev,-3,0,14,33,-19,47,2021-08-19 17:57:00,517459
Serhii Berezynskyi_1115231482,Serhii Berezynskyi,-3,0,22,33,-11,55,2021-08-19 18:00:00,517460
Petr Chlumsky_176210,Petr Chlumsky,3,1,35,23,12,58,2021-08-19 18:00:00,517461
Igor Koshkodan_176087,Igor Koshkodan,1,1,43,45,-2,88,2021-08-19 18:00:00,517462
Ja Kanera_28771,Ja Kanera,2,1,44,34,10,78,2021-08-19 18:00:00,517463
Alina Stefaniuk_176102,Alina Stefaniuk,-2,0,37,43,-6,80,2021-08-19 18:05:00,517464
Igor Vatsyn_1275019704,Igor Vatsyn,-2,0,32,40,-8,72,2021-08-19 18:05:00,517465
Nikita Vilenchyts_176114,Nikita Vilenchyts,3,1,33,20,13,53,2021-08-19 18:10:00,517466
Vadim Tokar_702211882,Vadim Tokar,3,1,35,20,15,55,2021-08-19 18:10:00,517467
Lev Kuzyo_1308869627,Lev Kuzyo,-1,0,48,53,-5,101,2021-08-19 18:15:00,517468
Vladyslav Stukalov_176126,Vladyslav Stukalov,-3,0,22,33,-11,55,2021-08-19 18:15:00,517469
D Molodtsov_128136,D Molodtsov,1,1,51,53,-2,104,2021-08-19 18:16:00,517470
V Zhigalov_128062,V Zhigalov,3,1,34,23,11,57,2021-08-19 18:16:00,517471
Valerii Tatarynov_176078,Valerii Tatarynov,2,1,40,33,7,73,2021-08-19 18:20:00,517472
Andrii Dombrovskyi_176152,Andrii Dombrovskyi,-2,0,36,38,-2,74,2021-08-19 18:20:00,517473
Anton Veliiev_188694710,Anton Veliiev,-3,0,21,34,-13,55,2021-08-19 18:20:00,517474
V Staroverov_128095,V Staroverov,1,1,51,48,3,99,2021-08-19 18:23:00,517475
Kyrylo Yehorov_463923413,Kyrylo Yehorov,-3,0,21,35,-14,56,2021-08-19 18:25:00,517476
Oleksandr Kovalchuk_176140,Oleksandr Kovalchuk,3,1,33,18,15,51,2021-08-19 18:25:00,517477
Oleksandr Mytsyk_176088,Oleksandr Mytsyk,-3,0,18,33,-15,51,2021-08-19 18:30:00,517478
Viktor Yefimov_49397267,Viktor Yefimov,3,1,34,28,6,62,2021-08-19 18:30:00,517479
Jachym Sebl_176211,Jachym Sebl,3,1,36,28,8,64,2021-08-19 18:30:00,517480
T Postelt_28772,T Postelt,1,1,54,48,6,102,2021-08-19 18:31:00,517481
Alina Man_176103,Alina Man,-1,0,49,44,5,93,2021-08-19 18:35:00,517482
Serhii Rutskyi_2066171168,Serhii Rutskyi,-3,0,25,33,-8,58,2021-08-19 18:35:00,517483
Oleksandr Zaporozhets_176115,Oleksandr Zaporozhets,-2,0,35,39,-4,74,2021-08-19 18:40:00,517484
Igor Demchuk_1349653037,Igor Demchuk,-3,0,19,33,-14,52,2021-08-19 18:40:00,517485
Maksym Mykhailovych_505851755,Maksym Mykhailovych,1,1,48,41,7,89,2021-08-19 18:45:00,517486
Ihor Emets_176127,Ihor Emets,2,1,41,32,9,73,2021-08-19 18:45:00,517487
A Poprocky_128285,A Poprocky,-3,0,9,33,-24,42,2021-08-19 18:48:00,517488
Stanislav Nikolenko_176079,Stanislav Nikolenko,3,1,35,27,8,62,2021-08-19 18:50:00,517489
Denys Vakulenko_928406860,Denys Vakulenko,-2,0,37,39,-2,76,2021-08-19 18:50:00,517490
Valeriy Vlasenko_176153,Valeriy Vlasenko,-1,0,46,48,-2,94,2021-08-19 18:50:00,517491
M Gusev_128096,M Gusev,-3,0,13,33,-20,46,2021-08-19 18:52:00,517492
Andrii Herasymenko_737925834,Andrii Herasymenko,2,1,40,39,1,79,2021-08-19 18:55:00,517493
I Abelmasov_128287,I Abelmasov,2,1,39,35,4,74,2021-08-19 18:55:00,517494
Dmytro Rehotun_176141,Dmytro Rehotun,-2,0,30,39,-9,69,2021-08-19 18:55:00,517495
Marek Kulisek_176212,Marek Kulisek,2,1,43,34,9,77,2021-08-19 19:00:00,517496
Viacheslav Kovalenko_1887425779,Viacheslav Kovalenko,-2,0,40,42,-2,82,2021-08-19 19:00:00,517497
Andrii Dekhtiarenko_176089,Andrii Dekhtiarenko,3,1,34,24,10,58,2021-08-19 19:00:00,517498
Ja Kanera_28773,Ja Kanera,-1,0,41,44,-3,85,2021-08-19 19:03:00,517499
Yevheniia Severyna_176104,Yevheniia Severyna,-2,0,33,41,-8,74,2021-08-19 19:05:00,517500
Anton Limonov_1468867192,Anton Limonov,-2,0,30,40,-10,70,2021-08-19 19:05:00,517501
Andrii Shcherinskyi_708541626,Andrii Shcherinskyi,-3,0,25,35,-10,60,2021-08-19 19:10:00,517502
Vitalii Rychkov_176116,Vitalii Rychkov,-2,0,33,41,-8,74,2021-08-19 19:10:00,517503
A Yakovlev_128289,A Yakovlev,-3,0,23,33,-10,56,2021-08-19 19:14:00,517504
Viktor Bosak_1130322906,Viktor Bosak,-1,0,35,40,-5,75,2021-08-19 19:15:00,517505
Maksym Kozhevnikov_176128,Maksym Kozhevnikov,-3,0,26,34,-8,60,2021-08-19 19:15:00,517506
D Molodtsov_128288,D Molodtsov,-1,0,44,51,-7,95,2021-08-19 19:16:00,517507
O Manuylov_128286,O Manuylov,-2,0,37,43,-6,80,2021-08-19 19:17:00,517508
Nazarii Kovalchuk_1096725040,Nazarii Kovalchuk,2,1,62,58,4,120,2021-08-19 19:20:00,517509
Serhii Rak_176080,Serhii Rak,-2,0,38,43,-5,81,2021-08-19 19:20:00,517510
Andrii Dombrovskyi_176154,Andrii Dombrovskyi,1,1,51,53,-2,104,2021-08-19 19:20:00,517511
Yevhen Masko_920769977,Yevhen Masko,-1,0,42,48,-6,90,2021-08-19 19:25:00,517512
Yurii Kolesnyk_176142,Yurii Kolesnyk,1,1,50,39,11,89,2021-08-19 19:25:00,517513
Ihor Vasylyshyn_176090,Ihor Vasylyshyn,-3,0,22,34,-12,56,2021-08-19 19:30:00,517514
Jachym Sebl_176213,Jachym Sebl,-1,0,50,55,-5,105,2021-08-19 19:30:00,517515
jr. Havlik_28774,jr. Havlik,-1,0,53,47,6,100,2021-08-19 19:30:00,517516
Anton Veliiev_468579194,Anton Veliiev,2,1,38,35,3,73,2021-08-19 19:30:00,517517
Anastasiia Gordinskaya-Sheiko_176105,Anastasiia Gordinskaya-Sheiko,-1,0,41,52,-11,93,2021-08-19 19:35:00,517518
Viacheslav Kovalenko_1705717517,Viacheslav Kovalenko,2,1,40,32,8,72,2021-08-19 19:35:00,517519
V Staroverov_128290,V Staroverov,-3,0,22,33,-11,55,2021-08-19 19:36:00,517520
Yevhen Pryshchepa_1100815865,Yevhen Pryshchepa,-2,0,31,42,-11,73,2021-08-19 19:40:00,517521
Volodymyr Chornobab_176117,Volodymyr Chornobab,-3,0,24,33,-9,57,2021-08-19 19:40:00,517522
Serhii Berezynskyi_831461032,Serhii Berezynskyi,1,1,50,47,3,97,2021-08-19 19:45:00,517523
Oleh Yurenev_176129,Oleh Yurenev,3,1,37,23,14,60,2021-08-19 19:45:00,517524
A Silantev_128137,A Silantev,1,1,45,43,2,88,2021-08-19 19:46:00,517525
E Markelov_128063,E Markelov,-1,0,51,50,1,101,2021-08-19 19:47:00,517526
Igor Demchuk_1043577619,Igor Demchuk,-1,0,48,45,3,93,2021-08-19 19:50:00,517527
Ivan Efimenko_176155,Ivan Efimenko,2,1,39,25,14,64,2021-08-19 19:50:00,517528
Oleksandr Hordiichuk_176081,Oleksandr Hordiichuk,-2,0,31,43,-12,74,2021-08-19 19:50:00,517529
V Mishakin_128097,V Mishakin,-1,0,39,51,-12,90,2021-08-19 19:53:00,517530
Ruslan Solomko_176143,Ruslan Solomko,2,1,41,31,10,72,2021-08-19 19:55:00,517531
Vadim Tokar_226383681,Vadim Tokar,3,1,33,21,12,54,2021-08-19 19:55:00,517532
Lev Kuzyo_1758930565,Lev Kuzyo,-3,0,25,35,-10,60,2021-08-19 20:00:00,517533
Igor Koshkodan_176091,Igor Koshkodan,3,1,33,23,10,56,2021-08-19 20:00:00,517534
Serhii Kinash_477178602,Serhii Kinash,-1,0,41,44,-3,85,2021-08-19 20:05:00,517535
Alina Man_176106,Alina Man,-2,0,28,42,-14,70,2021-08-19 20:05:00,517536
jr. Havlik_28816,jr. Havlik,-2,0,32,43,-11,75,2021-08-19 20:09:00,517537
Anatolii Chaplianka_1351923430,Anatolii Chaplianka,2,1,42,26,16,68,2021-08-19 20:10:00,517538
Oleksandr Zaporozhets_176118,Oleksandr Zaporozhets,-3,0,26,34,-8,60,2021-08-19 20:10:00,517539
Zdenek Hak_176510,Zdenek Hak,-3,0,27,34,-7,61,2021-08-19 20:15:00,517540
Anton Limonov_911626949,Anton Limonov,1,1,49,45,4,94,2021-08-19 20:15:00,517541
Vladyslav Stukalov_176130,Vladyslav Stukalov,-1,0,43,49,-6,92,2021-08-19 20:15:00,517542
V Kasatkin_128098,V Kasatkin,2,1,43,30,13,73,2021-08-19 20:17:00,517543
S Nikulin_128064,S Nikulin,-2,0,37,37,0,74,2021-08-19 20:18:00,517544
V Melnikov_128138,V Melnikov,2,1,46,41,5,87,2021-08-19 20:19:00,517545
Dmytro Halai_1520307883,Dmytro Halai,1,1,48,42,6,90,2021-08-19 20:20:00,517546
Artem Yurkov_176156,Artem Yurkov,-3,0,21,35,-14,56,2021-08-19 20:20:00,517547
Igor Demchuk_2090711679,Igor Demchuk,-2,0,34,43,-9,77,2021-08-19 20:25:00,517548
Oleksandr Kovalchuk_176144,Oleksandr Kovalchuk,-3,0,21,33,-12,54,2021-08-19 20:25:00,517549
P Gireth_28817,P Gireth,3,1,33,23,10,56,2021-08-19 20:30:00,517550
Nazarii Kovalchuk_1513452952,Nazarii Kovalchuk,1,1,48,43,5,91,2021-08-19 20:30:00,517551
Oleksandr Mytsyk_176092,Oleksandr Mytsyk,1,1,47,49,-2,96,2021-08-19 20:30:00,517552
Valerii Tatarynov_176512,Valerii Tatarynov,3,1,33,16,17,49,2021-08-19 20:30:00,517553
Alina Man_176107,Alina Man,-2,0,32,41,-9,73,2021-08-19 20:35:00,517554
Serhii Zemiantsev_1184144566,Serhii Zemiantsev,3,1,36,26,10,62,2021-08-19 20:35:00,517555
Serhii Kinash_1713600437,Serhii Kinash,3,1,33,22,11,55,2021-08-19 20:40:00,517556
Oleksandr Zaporozhets_176119,Oleksandr Zaporozhets,-1,0,46,51,-5,97,2021-08-19 20:40:00,517557
Ihor Emets_176131,Ihor Emets,-2,0,42,50,-8,92,2021-08-19 20:45:00,517558
Petr Chlumsky_176511,Petr Chlumsky,-3,0,26,35,-9,61,2021-08-19 20:45:00,517559
Oleksandr Dziabura_1148850143,Oleksandr Dziabura,1,1,53,46,7,99,2021-08-19 20:45:00,517560
D Tikhnenko_128099,D Tikhnenko,3,1,33,12,21,45,2021-08-19 20:46:00,517561
I Elistratov_128139,I Elistratov,-1,0,48,53,-5,101,2021-08-19 20:46:00,517562
D Tunitsyn_128065,D Tunitsyn,2,1,39,28,11,67,2021-08-19 20:47:00,517563
Yevhen Pryshchepa_547049368,Yevhen Pryshchepa,-2,0,29,40,-11,69,2021-08-19 20:50:00,517564
Valeriy Vlasenko_176157,Valeriy Vlasenko,1,1,42,43,-1,85,2021-08-19 20:50:00,517565
Dmytro Rehotun_176145,Dmytro Rehotun,3,1,33,25,8,58,2021-08-19 20:55:00,517566
Serhii Rutskyi_13082955,Serhii Rutskyi,2,1,46,36,10,82,2021-08-19 20:55:00,517567
Vaclav Ezr_176214,Vaclav Ezr,-3,0,15,33,-18,48,2021-08-19 21:00:00,517568
Volodymyr Kuzmych_176513,Volodymyr Kuzmych,-2,0,30,42,-12,72,2021-08-19 21:00:00,517569
Ihor Vasylyshyn_176093,Ihor Vasylyshyn,-1,0,49,44,5,93,2021-08-19 21:00:00,517570
Igor Vatsyn_1496795373,Igor Vatsyn,2,1,46,42,4,88,2021-08-19 21:00:00,517571
A Alekseyev_128100,A Alekseyev,-1,0,43,48,-5,91,2021-08-19 21:02:00,517572
A Barton_28775,A Barton,-1,0,45,50,-5,95,2021-08-19 21:02:00,517573
Vadim Tokar_445047140,Vadim Tokar,-1,0,47,54,-7,101,2021-08-19 21:05:00,517574
Anastasiia Gordinskaya-Sheiko_176108,Anastasiia Gordinskaya-Sheiko,-1,0,46,55,-9,101,2021-08-19 21:05:00,517575
Denys Vakulenko_1468690218,Denys Vakulenko,-2,0,33,43,-10,76,2021-08-19 21:10:00,517576
Volodymyr Chornobab_176120,Volodymyr Chornobab,3,1,33,17,16,50,2021-08-19 21:10:00,517577
Oleh Yurenev_176132,Oleh Yurenev,-2,0,41,47,-6,88,2021-08-19 21:15:00,517578
Anatolii Chaplianka_1973095417,Anatolii Chaplianka,-1,0,39,42,-3,81,2021-08-19 21:15:00,517579
M Andrusenko_128066,M Andrusenko,1,1,52,55,-3,107,2021-08-19 21:17:00,517580
A Frolov_128140,A Frolov,3,1,34,27,7,61,2021-08-19 21:19:00,517581
Andrii Dombrovskyi_176158,Andrii Dombrovskyi,-1,0,47,45,2,92,2021-08-19 21:20:00,517582
Serhii Kinash_708365267,Serhii Kinash,-2,0,31,42,-11,73,2021-08-19 21:20:00,517583
Anton Limonov_837230515,Anton Limonov,2,1,43,32,11,75,2021-08-19 21:25:00,517584
Yurii Kolesnyk_176146,Yurii Kolesnyk,2,1,40,29,11,69,2021-08-19 21:25:00,517585
Andrii Shcherinskyi_2049586477,Andrii Shcherinskyi,-1,0,44,48,-4,92,2021-08-19 21:30:00,517586
Jan Holan_176215,Jan Holan,3,1,35,29,6,64,2021-08-19 21:30:00,517587
Oleksandr Strutinskiy_176094,Oleksandr Strutinskiy,2,1,42,38,4,80,2021-08-19 21:30:00,517588
R Rose_28776,R Rose,-3,0,28,36,-8,64,2021-08-19 21:30:00,517589
D Tikhnenko_128101,D Tikhnenko,3,1,33,19,14,52,2021-08-19 21:36:00,517590
Nazarii Kovalchuk_2012248469,Nazarii Kovalchuk,2,1,45,36,9,81,2021-08-19 21:40:00,517591
Oleksandr Kochetkov_176133,Oleksandr Kochetkov,-2,0,33,41,-8,74,2021-08-19 21:45:00,517592
Lev Kuzyo_1039665548,Lev Kuzyo,-1,0,52,52,0,104,2021-08-19 21:45:00,517593
I Elistratov_128141,I Elistratov,3,1,33,17,16,50,2021-08-19 21:46:00,517594
Oleksandr Dziabura_1188920782,Oleksandr Dziabura,1,1,50,50,0,100,2021-08-19 21:50:00,517595
Ivan Efimenko_176159,Ivan Efimenko,-2,0,39,47,-8,86,2021-08-19 21:50:00,517596
D Tunitsyn_128067,D Tunitsyn,1,1,50,49,1,99,2021-08-19 21:53:00,517597
Oleksandr Kovalchuk_176147,Oleksandr Kovalchuk,2,1,40,35,5,75,2021-08-19 21:55:00,517598
Anatolii Chaplianka_1096328551,Anatolii Chaplianka,1,1,47,44,3,91,2021-08-19 21:55:00,517599
Viktor Yefimov_1279230741,Viktor Yefimov,-2,0,35,39,-4,74,2021-08-19 22:00:00,517600
Ihor Vasylyshyn_176095,Ihor Vasylyshyn,-1,0,47,49,-2,96,2021-08-19 22:00:00,517601
K Brozik_28777,K Brozik,2,1,42,34,8,76,2021-08-19 22:00:00,517602
Jan Holan_176216,Jan Holan,-1,0,40,48,-8,88,2021-08-19 22:00:00,517603
V Kasatkin_128102,V Kasatkin,2,1,42,27,15,69,2021-08-19 22:01:00,517604
Uryi Leymanovskyi_1004140012,Uryi Leymanovskyi,1,1,55,55,0,110,2021-08-19 22:05:00,517605
Oleh Yurenev_176134,Oleh Yurenev,3,1,33,10,23,43,2021-08-19 22:15:00,517606
Oleksii Haponov_1279305734,Oleksii Haponov,-2,0,35,40,-5,75,2021-08-19 22:15:00,517607
V Melnikov_128142,V Melnikov,-2,0,36,41,-5,77,2021-08-19 22:18:00,517608
Serhii Zemiantsev_1318804621,Serhii Zemiantsev,2,1,44,30,14,74,2021-08-19 22:20:00,517609
Artem Yurkov_176160,Artem Yurkov,2,1,51,44,7,95,2021-08-19 22:20:00,517610
Dmytro Kryshtal_820902854,Dmytro Kryshtal,1,1,49,38,11,87,2021-08-19 22:25:00,517611
Oleksandr Lykhytskyi_176148,Oleksandr Lykhytskyi,3,1,33,23,10,56,2021-08-19 22:25:00,517612
S Nikulin_128068,S Nikulin,-1,0,46,42,4,88,2021-08-19 22:29:00,517613
Serhii Kinash_38616701,Serhii Kinash,-2,0,36,42,-6,78,2021-08-19 22:30:00,517614
Vaclav Ezr_176217,Vaclav Ezr,-2,0,32,38,-6,70,2021-08-19 22:30:00,517615
Andrii Dekhtiarenko_176096,Andrii Dekhtiarenko,-3,0,22,34,-12,56,2021-08-19 22:30:00,517616
F Pusch_28778,F Pusch,1,1,46,40,6,86,2021-08-19 22:31:00,517617
V Mishakin_128291,V Mishakin,2,1,40,30,10,70,2021-08-19 22:34:00,517618
Maksym Kozhevnikov_176135,Maksym Kozhevnikov,-2,0,39,43,-4,82,2021-08-19 22:45:00,517619
V Melnikov_128293,V Melnikov,-2,0,43,46,-3,89,2021-08-19 22:49:00,517620
Valeriy Vlasenko_176161,Valeriy Vlasenko,1,1,47,42,5,89,2021-08-19 22:50:00,517621
Oleksandr Kovalchuk_176149,Oleksandr Kovalchuk,2,1,46,36,10,82,2021-08-19 22:55:00,517622
Serhii Kinash_867303710,Serhii Kinash,-2,0,35,45,-10,80,2021-08-19 23:00:00,517623
Jaromir Zlamal_176218,Jaromir Zlamal,-1,0,49,56,-7,105,2021-08-19 23:00:00,517624
S Nikulin_128295,S Nikulin,2,1,44,37,7,81,2021-08-19 23:00:00,517625
D Tikhnenko_128292,D Tikhnenko,3,1,35,23,12,58,2021-08-19 23:00:00,517626
K Brozik_28779,K Brozik,-2,0,31,42,-11,73,2021-08-19 23:03:00,517627
Oleksandr Dziabura_1684124487,Oleksandr Dziabura,-1,0,45,50,-5,95,2021-08-19 23:05:00,517628
I Elistratov_128294,I Elistratov,1,1,51,50,1,101,2021-08-19 23:15:00,517629
Ivan Efimenko_176162,Ivan Efimenko,2,1,42,30,12,72,2021-08-19 23:20:00,517630
Ruslan Solomko_176150,Ruslan Solomko,-3,0,19,34,-15,53,2021-08-19 23:25:00,517631
M Andrusenko_128296,M Andrusenko,-1,0,49,44,5,93,2021-08-19 23:29:00,517632
Vaclav Ezr_176219,Vaclav Ezr,2,1,38,31,7,69,2021-08-19 23:30:00,517633
R Rose_28780,R Rose,3,1,36,23,13,59,2021-08-19 23:30:00,517634
Sergey Filatov_978064593,Sergey Filatov,-3,0,18,33,-15,51,2021-08-19 23:35:00,517635
S Ogai_128105,S Ogai,-1,0,45,51,-6,96,2021-08-19 23:36:00,517636
Maksym Kukharuk_1748791006,Maksym Kukharuk,-2,0,28,41,-13,69,2021-08-19 23:45:00,517637
V Safonov_128143,V Safonov,2,1,44,34,10,78,2021-08-19 23:47:00,517638
Dmytro Gudimenko_176163,Dmytro Gudimenko,2,1,42,34,8,76,2021-08-19 23:50:00,517639
A Barton_28818,A Barton,-1,0,44,46,-2,90,2021-08-20 00:00:00,517640
V Sidorin_128069,V Sidorin,-2,0,34,39,-5,73,2021-08-20 00:01:00,517641
Liudmyla Kabakova_176166,Liudmyla Kabakova,2,1,37,32,5,69,2021-08-20 00:05:00,517642
Dmytro Dubrovin_709732822,Dmytro Dubrovin,-2,0,36,44,-8,80,2021-08-20 00:05:00,517643
E Ilyukhin_128106,E Ilyukhin,-2,0,27,39,-12,66,2021-08-20 00:11:00,517644
Andrey Matcyk_1518862325,Andrey Matcyk,3,1,33,22,11,55,2021-08-20 00:15:00,517645
Yu Merkushin_128144,Yu Merkushin,2,1,37,34,3,71,2021-08-20 00:16:00,517646
Ivan Efimenko_176164,Ivan Efimenko,3,1,33,22,11,55,2021-08-20 00:20:00,517647
Jaromir Zlamal_176523,Jaromir Zlamal,3,1,34,25,9,59,2021-08-20 00:20:00,517648
V Chahur_128070,V Chahur,-3,0,22,35,-13,57,2021-08-20 00:24:00,517649
Hryhorii Kulishov_176181,Hryhorii Kulishov,-1,0,45,45,0,90,2021-08-20 00:25:00,517650
K Brozik_28819,K Brozik,-1,0,43,45,-2,88,2021-08-20 00:33:00,517651
Sergey Filatov_1322225839,Sergey Filatov,-3,0,19,33,-14,52,2021-08-20 00:35:00,517652
V Kalachev_128107,V Kalachev,3,1,33,19,14,52,2021-08-20 00:35:00,517653
Oleksandra Naidych_176167,Oleksandra Naidych,-3,0,19,33,-14,52,2021-08-20 00:35:00,517654
Maksym Kukharuk_431445933,Maksym Kukharuk,-3,0,16,33,-17,49,2021-08-20 00:45:00,517655
S Myagkov_128071,S Myagkov,-3,0,18,33,-15,51,2021-08-20 00:46:00,517656
A Aslanyan_128145,A Aslanyan,-3,0,28,34,-6,62,2021-08-20 00:46:00,517657
Jakub Figel_176524,Jakub Figel,3,1,33,18,15,51,2021-08-20 00:50:00,517658
Andrii Dombrovskyi_176165,Andrii Dombrovskyi,2,1,44,33,11,77,2021-08-20 00:50:00,517659
Andrii Romanenko_176182,Andrii Romanenko,3,1,39,28,11,67,2021-08-20 00:55:00,517660
N Sukharnikov_128108,N Sukharnikov,3,1,35,29,6,64,2021-08-20 01:01:00,517661
Karina Zharkova_176168,Karina Zharkova,1,1,45,41,4,86,2021-08-20 01:05:00,517662
Anton Riabukhin_142786703,Anton Riabukhin,-3,0,23,35,-12,58,2021-08-20 01:05:00,517663
Valerii Baklykov_2026489230,Valerii Baklykov,-2,0,31,40,-9,71,2021-08-20 01:15:00,517664
Yu Lbov_128072,Yu Lbov,3,1,35,22,13,57,2021-08-20 01:16:00,517665
S Martyukhin_128146,S Martyukhin,1,1,49,39,10,88,2021-08-20 01:17:00,517666
Pavlo Khakhamidi_176183,Pavlo Khakhamidi,3,1,34,17,17,51,2021-08-20 01:25:00,517667
E Ilyukhin_128109,E Ilyukhin,2,1,43,35,8,78,2021-08-20 01:31:00,517668
Dmytro Dubrovin_1241443449,Dmytro Dubrovin,-3,0,31,39,-8,70,2021-08-20 01:35:00,517669
Oleksandra Naidych_176169,Oleksandra Naidych,3,1,37,26,11,63,2021-08-20 01:35:00,517670
Andrey Matcyk_195233465,Andrey Matcyk,-1,0,37,48,-11,85,2021-08-20 01:45:00,517671
V Chahur_128073,V Chahur,3,1,33,23,10,56,2021-08-20 01:46:00,517672
Yu Merkushin_128147,Yu Merkushin,3,1,36,30,6,66,2021-08-20 01:46:00,517673
Andrii Romanenko_176184,Andrii Romanenko,3,1,33,20,13,53,2021-08-20 01:55:00,517674
N Sukharnikov_128110,N Sukharnikov,-1,0,53,50,3,103,2021-08-20 02:03:00,517675
Sergey Filatov_530102823,Sergey Filatov,-2,0,40,47,-7,87,2021-08-20 02:05:00,517676
Liudmyla Kabakova_176170,Liudmyla Kabakova,2,1,46,40,6,86,2021-08-20 02:05:00,517677
Maksym Kukharuk_1256336816,Maksym Kukharuk,3,1,33,20,13,53,2021-08-20 02:15:00,517678
Yu Lbov_128074,Yu Lbov,2,1,45,41,4,86,2021-08-20 02:16:00,517679
S Martyukhin_128148,S Martyukhin,2,1,49,39,10,88,2021-08-20 02:17:00,517680
Hryhorii Kulishov_176185,Hryhorii Kulishov,3,1,33,18,15,51,2021-08-20 02:25:00,517681
Anastasiia Havelia_176171,Anastasiia Havelia,-3,0,19,33,-14,52,2021-08-20 02:35:00,517682
Anton Riabukhin_1244781160,Anton Riabukhin,2,1,44,37,7,81,2021-08-20 02:35:00,517683
D Ignatev_128111,D Ignatev,-1,0,48,49,-1,97,2021-08-20 02:39:00,517684
Valerii Baklykov_157921574,Valerii Baklykov,-3,0,11,33,-22,44,2021-08-20 02:45:00,517685
O Kutuzov_128075,O Kutuzov,2,1,41,31,10,72,2021-08-20 02:47:00,517686
R Kobytov_128149,R Kobytov,-1,0,41,45,-4,86,2021-08-20 02:51:00,517687
Borys Kostiuk_176186,Borys Kostiuk,-2,0,35,41,-6,76,2021-08-20 02:55:00,517688
Karina Zharkova_176172,Karina Zharkova,1,1,50,44,6,94,2021-08-20 03:05:00,517689
Dmytro Dubrovin_1921749629,Dmytro Dubrovin,2,1,38,39,-1,77,2021-08-20 03:05:00,517690
V Kalachev_128112,V Kalachev,-3,0,12,33,-21,45,2021-08-20 03:13:00,517691
Andrey Matcyk_2115364650,Andrey Matcyk,-1,0,50,49,1,99,2021-08-20 03:15:00,517692
A Aslanyan_128150,A Aslanyan,-2,0,29,42,-13,71,2021-08-20 03:16:00,517693
S Myagkov_128076,S Myagkov,-3,0,14,33,-19,47,2021-08-20 03:17:00,517694
Pavlo Khakhamidi_176187,Pavlo Khakhamidi,2,1,43,41,2,84,2021-08-20 03:25:00,517695
S Ogai_128113,S Ogai,-3,0,27,39,-12,66,2021-08-20 03:34:00,517696
Mykola Lytvynenko_287009265,Mykola Lytvynenko,3,1,33,25,8,58,2021-08-20 03:35:00,517697
Oleksandra Naidych_176173,Oleksandra Naidych,3,1,33,24,9,57,2021-08-20 03:35:00,517698
V Sidorin_128077,V Sidorin,-2,0,32,43,-11,75,2021-08-20 03:45:00,517699
Vasil Salivonchyk_2101937393,Vasil Salivonchyk,2,1,42,38,4,80,2021-08-20 03:45:00,517700
V Safonov_128151,V Safonov,3,1,33,20,13,53,2021-08-20 03:48:00,517701
Andrii Romanenko_176188,Andrii Romanenko,-3,0,20,33,-13,53,2021-08-20 03:55:00,517702
Sergey Filatov_1774197471,Sergey Filatov,2,1,39,29,10,68,2021-08-20 04:05:00,517703
Liudmyla Kabakova_176174,Liudmyla Kabakova,-3,0,19,33,-14,52,2021-08-20 04:05:00,517704
D Ignatev_128114,D Ignatev,-3,0,18,33,-15,51,2021-08-20 04:09:00,517705
R Kobytov_128152,R Kobytov,-3,0,21,33,-12,54,2021-08-20 04:15:00,517706
O Kutuzov_128078,O Kutuzov,1,1,56,54,2,110,2021-08-20 04:15:00,517707
Maksym Kukharuk_482587128,Maksym Kukharuk,-2,0,28,41,-13,69,2021-08-20 04:15:00,517708
Hryhorii Kulishov_176189,Hryhorii Kulishov,3,1,33,13,20,46,2021-08-20 04:25:00,517709
D Ignatev_128297,D Ignatev,-2,0,32,41,-9,73,2021-08-20 04:31:00,517710
Anastasiia Havelia_176175,Anastasiia Havelia,2,1,42,33,9,75,2021-08-20 04:35:00,517711
Sergey Filatov_1322082091,Sergey Filatov,1,1,53,47,6,100,2021-08-20 04:35:00,517712
Maksym Kukharuk_163133111,Maksym Kukharuk,-3,0,22,34,-12,56,2021-08-20 04:45:00,517713
A Aslanyan_128299,A Aslanyan,2,1,42,31,11,73,2021-08-20 04:47:00,517714
Borys Kostiuk_176190,Borys Kostiuk,-3,0,21,33,-12,54,2021-08-20 04:55:00,517715
V Sidorin_128302,V Sidorin,-1,0,54,59,-5,113,2021-08-20 04:57:00,517716
E Ilyukhin_128298,E Ilyukhin,-2,0,23,42,-19,65,2021-08-20 05:01:00,517717
Karina Zharkova_176176,Karina Zharkova,-2,0,30,41,-11,71,2021-08-20 05:05:00,517718
Anton Riabukhin_142642955,Anton Riabukhin,-3,0,14,33,-19,47,2021-08-20 05:05:00,517719
Mykola Treshchetka_1657488608,Mykola Treshchetka,3,1,35,24,11,59,2021-08-20 05:15:00,517720
S Martyukhin_128301,S Martyukhin,-1,0,44,45,-1,89,2021-08-20 05:15:00,517721
Pavlo Khakhamidi_176191,Pavlo Khakhamidi,3,1,33,19,14,52,2021-08-20 05:25:00,517722
O Kutuzov_128303,O Kutuzov,-2,0,43,45,-2,88,2021-08-20 05:27:00,517723
Liudmyla Kabakova_176177,Liudmyla Kabakova,-2,0,33,42,-9,75,2021-08-20 05:35:00,517724
Hryhorii Kulishov_176192,Hryhorii Kulishov,2,1,42,30,12,72,2021-08-20 05:55:00,517725
Olena Nikitchenko_176178,Olena Nikitchenko,-1,0,45,48,-3,93,2021-08-20 06:05:00,517726
Vitalii Kyilo_176193,Vitalii Kyilo,2,1,41,33,8,74,2021-08-20 06:25:00,517727
Liudmyla Kabakova_176179,Liudmyla Kabakova,3,1,33,21,12,54,2021-08-20 06:35:00,517728
Hryhorii Kulishov_176194,Hryhorii Kulishov,3,1,33,20,13,53,2021-08-20 06:55:00,517729
Oleksandra Naidych_176180,Oleksandra Naidych,-1,0,43,46,-3,89,2021-08-20 07:05:00,517730
Andrii Romanenko_176195,Andrii Romanenko,1,1,49,39,10,88,2021-08-20 07:25:00,517731
A Vorozheykin_128211,A Vorozheykin,-3,0,14,33,-19,47,2021-08-20 07:30:00,517732
S Nikulin_128177,S Nikulin,-2,0,38,45,-7,83,2021-08-20 07:47:00,517733
O Kharlakin_128249,O Kharlakin,2,1,48,41,7,89,2021-08-20 07:47:00,517734
Spartak Abalmaz_1388765393,Spartak Abalmaz,-2,0,32,42,-10,74,2021-08-20 07:50:00,517735
Mykola Shyshkin_176264,Mykola Shyshkin,-2,0,35,44,-9,79,2021-08-20 07:50:00,517736
Petro Kolesnik_2137747430,Petro Kolesnik,-2,0,35,43,-8,78,2021-08-20 07:55:00,517737
O Belugin_128212,O Belugin,-1,0,48,48,0,96,2021-08-20 08:00:00,517738
Yevheniia Sozoniuk_176279,Yevheniia Sozoniuk,3,1,35,22,13,57,2021-08-20 08:00:00,517739
Vitalii Sydorenko_176289,Vitalii Sydorenko,-3,0,19,34,-15,53,2021-08-20 08:05:00,517740
Nikita Vilenchyts_176304,Nikita Vilenchyts,3,1,33,14,19,47,2021-08-20 08:10:00,517741
Oleksandr Strutinskiy_176314,Oleksandr Strutinskiy,3,1,35,23,12,58,2021-08-20 08:15:00,517742
V Sinkovskiy_128250,V Sinkovskiy,-2,0,36,43,-7,79,2021-08-20 08:17:00,517743
V Bazilevskiy_128178,V Bazilevskiy,-2,0,40,46,-6,86,2021-08-20 08:17:00,517744
Denys Kvyk_176265,Denys Kvyk,-2,0,33,39,-6,72,2021-08-20 08:20:00,517745
Vіtalіy Krokhmal_1838786046,Vіtalіy Krokhmal,-2,0,35,40,-5,75,2021-08-20 08:25:00,517746
Serhii Hilitukha_505535403,Serhii Hilitukha,-2,0,35,38,-3,73,2021-08-20 08:30:00,517747
Olena Nalisnikovska_176280,Olena Nalisnikovska,3,1,33,17,16,50,2021-08-20 08:30:00,517748
G Karpovkin_128213,G Karpovkin,-2,0,41,47,-6,88,2021-08-20 08:32:00,517749
Yevhen Samofal_176290,Yevhen Samofal,2,1,39,36,3,75,2021-08-20 08:35:00,517750
Anton Myrza_1460313589,Anton Myrza,3,1,36,20,16,56,2021-08-20 08:35:00,517751
Oleksiy Sapronov_1460191231,Oleksiy Sapronov,-2,0,38,39,-1,77,2021-08-20 08:40:00,517752
Leonid Tertychnyi_176305,Leonid Tertychnyi,-1,0,48,52,-4,100,2021-08-20 08:40:00,517753
Ihor Vasylyshyn_176315,Ihor Vasylyshyn,2,1,42,35,7,77,2021-08-20 08:45:00,517754
Vadym Nechyporuk_1217712930,Vadym Nechyporuk,-1,0,50,43,7,93,2021-08-20 08:45:00,517755
A Klavdenkov_128179,A Klavdenkov,-2,0,32,44,-12,76,2021-08-20 08:49:00,517756
Oleh Holiak_176266,Oleh Holiak,-3,0,24,37,-13,61,2021-08-20 08:50:00,517757
Rodion Kapinus_176329,Rodion Kapinus,3,1,33,23,10,56,2021-08-20 08:50:00,517758
Dmytro Kalyniuk_177499144,Dmytro Kalyniuk,3,1,36,27,9,63,2021-08-20 08:50:00,517759
S Muslikov_128251,S Muslikov,1,1,49,40,9,89,2021-08-20 08:50:00,517760
Vadym Grushko_1790218585,Vadym Grushko,3,1,33,20,13,53,2021-08-20 08:55:00,517761
Aleksandr Tulenin_1499220241,Aleksandr Tulenin,2,1,41,32,9,73,2021-08-20 08:55:00,517762
Alina Stefaniuk_176344,Alina Stefaniuk,-3,0,19,33,-14,52,2021-08-20 08:55:00,517763
Yevheniia Sozoniuk_176281,Yevheniia Sozoniuk,2,1,41,25,16,66,2021-08-20 09:00:00,517764
Michael Fruhauf_176474,Michael Fruhauf,-3,0,16,33,-17,49,2021-08-20 09:00:00,517765
Dmytro Arzanov_589937127,Dmytro Arzanov,1,1,51,41,10,92,2021-08-20 09:00:00,517766
S Dolejsi_28790,S Dolejsi,-3,0,29,36,-7,65,2021-08-20 09:00:00,517767
I Sergeevich_128214,I Sergeevich,2,1,44,35,9,79,2021-08-20 09:00:00,517768
Serhii Darahan_176354,Serhii Darahan,2,1,38,32,6,70,2021-08-20 09:00:00,517769
Vadym Komar_1342673237,Vadym Komar,1,1,56,59,-3,115,2021-08-20 09:05:00,517770
Oleh Obrazkov_176291,Oleh Obrazkov,-2,0,23,35,-12,58,2021-08-20 09:05:00,517771
Nikita Vilenchyts_176306,Nikita Vilenchyts,2,1,44,37,7,81,2021-08-20 09:10:00,517772
Viacheslav Sereda_1155124123,Viacheslav Sereda,-2,0,37,42,-5,79,2021-08-20 09:10:00,517773
Yaroslav Voytenko_1822459164,Yaroslav Voytenko,-2,0,31,36,-5,67,2021-08-20 09:15:00,517774
Kostiantyn Seliuk_176316,Kostiantyn Seliuk,3,1,35,24,11,59,2021-08-20 09:15:00,517775
D Kolesnikov_128180,D Kolesnikov,3,1,33,22,11,55,2021-08-20 09:16:00,517776
I Pandur_128252,I Pandur,2,1,42,32,10,74,2021-08-20 09:19:00,517777
Denys Kvyk_176267,Denys Kvyk,-3,0,22,36,-14,58,2021-08-20 09:20:00,517778
Valeriy Vlasenko_176330,Valeriy Vlasenko,-3,0,29,35,-6,64,2021-08-20 09:20:00,517779
Dmytro Vakhta_1435368180,Dmytro Vakhta,-3,0,21,33,-12,54,2021-08-20 09:20:00,517780
Oleksii Romaniv_93507132,Oleksii Romaniv,3,1,33,19,14,52,2021-08-20 09:25:00,517781
Yevheniia Severyna_176345,Yevheniia Severyna,2,1,43,44,-1,87,2021-08-20 09:25:00,517782
G Karpovkin_128215,G Karpovkin,2,1,43,37,6,80,2021-08-20 09:30:00,517783
Pavlo Plushch_263499638,Pavlo Plushch,-1,0,40,50,-10,90,2021-08-20 09:30:00,517784
Olha Yureneva_176282,Olha Yureneva,-3,0,20,34,-14,54,2021-08-20 09:30:00,517785
Bohdan Pyrtyk_176355,Bohdan Pyrtyk,2,1,41,30,11,71,2021-08-20 09:30:00,517786
L Kriz_28791,L Kriz,-1,0,53,48,5,101,2021-08-20 09:30:00,517787
Jakub Jenicek_176475,Jakub Jenicek,1,1,52,43,9,95,2021-08-20 09:30:00,517788
Yevgen Gorkavenko_904502039,Yevgen Gorkavenko,3,1,33,19,14,52,2021-08-20 09:30:00,517789
Yevhen Samofal_176292,Yevhen Samofal,3,1,33,25,8,58,2021-08-20 09:35:00,517790
Spartak Abalmaz_109658727,Spartak Abalmaz,1,1,48,45,3,93,2021-08-20 09:35:00,517791
Vitalii Rychkov_176307,Vitalii Rychkov,2,1,43,31,12,74,2021-08-20 09:40:00,517792
Petro Kolesnik_389249040,Petro Kolesnik,-3,0,27,36,-9,63,2021-08-20 09:40:00,517793
Ihor Vasylyshyn_176317,Ihor Vasylyshyn,3,1,33,25,8,58,2021-08-20 09:45:00,517794
Anton Myrza_90300041,Anton Myrza,-2,0,34,42,-8,76,2021-08-20 09:45:00,517795
A Klavdenkov_128181,A Klavdenkov,-3,0,30,37,-7,67,2021-08-20 09:47:00,517796
S Muslikov_128253,S Muslikov,-3,0,19,33,-14,52,2021-08-20 09:49:00,517797
Oleksiy Sapronov_717114416,Oleksiy Sapronov,3,1,33,17,16,50,2021-08-20 09:50:00,517798
Mykola Shyshkin_176268,Mykola Shyshkin,1,1,51,39,12,90,2021-08-20 09:50:00,517799
Alina Stefaniuk_176346,Alina Stefaniuk,3,1,34,25,9,59,2021-08-20 09:55:00,517800
Vadym Nechyporuk_809712827,Vadym Nechyporuk,-3,0,25,33,-8,58,2021-08-20 09:55:00,517801
Dmytro Kalyniuk_690225601,Dmytro Kalyniuk,2,1,41,34,7,75,2021-08-20 10:00:00,517802
Olena Nalisnikovska_176283,Olena Nalisnikovska,2,1,36,32,4,68,2021-08-20 10:00:00,517803
Jakub Jenicek_176476,Jakub Jenicek,3,1,33,17,16,50,2021-08-20 10:00:00,517804
O Belugin_128216,O Belugin,3,1,36,30,6,66,2021-08-20 10:00:00,517805
Oleksandr Maslovskyi_176356,Oleksandr Maslovskyi,-1,0,40,48,-8,88,2021-08-20 10:00:00,517806
Aleksandr Tulenin_1161424776,Aleksandr Tulenin,1,1,47,48,-1,95,2021-08-20 10:05:00,517807
Vitalii Sydorenko_176293,Vitalii Sydorenko,-2,0,38,47,-9,85,2021-08-20 10:05:00,517808
Vadym Grushko_1411606375,Vadym Grushko,1,1,47,44,3,91,2021-08-20 10:05:00,517809
Dmytro Arzanov_1612333283,Dmytro Arzanov,1,1,51,52,-1,103,2021-08-20 10:10:00,517810
Leonid Tertychnyi_176308,Leonid Tertychnyi,-3,0,20,36,-16,56,2021-08-20 10:10:00,517811
E Mares_28792,E Mares,2,1,41,36,5,77,2021-08-20 10:12:00,517812
Vadym Komar_2004723823,Vadym Komar,1,1,53,50,3,103,2021-08-20 10:15:00,517813
Oleksandr Strutinskiy_176318,Oleksandr Strutinskiy,-3,0,23,33,-10,56,2021-08-20 10:15:00,517814
V Bazilevskiy_128182,V Bazilevskiy,-2,0,31,38,-7,69,2021-08-20 10:16:00,517815
V Sinkovskiy_128254,V Sinkovskiy,-2,0,42,44,-2,86,2021-08-20 10:18:00,517816
Valeriy Vlasenko_176332,Valeriy Vlasenko,-2,0,35,44,-9,79,2021-08-20 10:20:00,517817
Viacheslav Sereda_33277582,Viacheslav Sereda,1,1,47,43,4,90,2021-08-20 10:20:00,517818
Vladyslav Yamchuk_176269,Vladyslav Yamchuk,-3,0,16,33,-17,49,2021-08-20 10:20:00,517819
Nikita Korbut_143214617,Nikita Korbut,3,1,35,29,6,64,2021-08-20 10:25:00,517820
Anastasiia Ostapenko_176347,Anastasiia Ostapenko,1,1,56,53,3,109,2021-08-20 10:25:00,517821
Yevheniia Sozoniuk_176284,Yevheniia Sozoniuk,3,1,34,26,8,60,2021-08-20 10:30:00,517822
Michael Fruhauf_176477,Michael Fruhauf,-3,0,22,33,-11,55,2021-08-20 10:30:00,517823
Bohdan Pyrtyk_176357,Bohdan Pyrtyk,-1,0,48,53,-5,101,2021-08-20 10:30:00,517824
A Vorozheykin_128304,A Vorozheykin,-2,0,43,50,-7,93,2021-08-20 10:30:00,517825
Andrii Kotik_614852260,Andrii Kotik,2,1,42,31,11,73,2021-08-20 10:30:00,517826
Jo Kutifel_28793,Jo Kutifel,-2,0,34,42,-8,76,2021-08-20 10:33:00,517827
Oleksii Romaniv_146533665,Oleksii Romaniv,-3,0,20,33,-13,53,2021-08-20 10:35:00,517828
Serhii Chuliukov_176294,Serhii Chuliukov,2,1,43,27,16,70,2021-08-20 10:35:00,517829
Mykhailo Marchuk_1934367288,Mykhailo Marchuk,-2,0,32,36,-4,68,2021-08-20 10:40:00,517830
Pavlo Plushch_1407215200,Pavlo Plushch,-3,0,29,37,-8,66,2021-08-20 10:40:00,517831
Nikita Vilenchyts_176309,Nikita Vilenchyts,-3,0,17,33,-16,50,2021-08-20 10:40:00,517832
Vitalii Levytskyi_176319,Vitalii Levytskyi,-2,0,30,41,-11,71,2021-08-20 10:45:00,517833
Dmytro Baistriuchenko_613670787,Dmytro Baistriuchenko,-2,0,32,42,-10,74,2021-08-20 10:45:00,517834
V Bazilevskiy_128306,V Bazilevskiy,2,1,47,32,15,79,2021-08-20 10:48:00,517835
V Sinkovskiy_128308,V Sinkovskiy,-3,0,28,35,-7,63,2021-08-20 10:50:00,517836
Oleh Holiak_176270,Oleh Holiak,3,1,34,23,11,57,2021-08-20 10:50:00,517837
Oleh Stasevskyi_37826508,Oleh Stasevskyi,1,1,56,54,2,110,2021-08-20 10:50:00,517838
Anton Myrza_1284684396,Anton Myrza,-1,0,49,48,1,97,2021-08-20 10:55:00,517839
Yevheniia Severyna_176348,Yevheniia Severyna,2,1,37,35,2,72,2021-08-20 10:55:00,517840
G Karpovkin_128305,G Karpovkin,-3,0,26,33,-7,59,2021-08-20 11:00:00,517841
Robert Jamrich_176478,Robert Jamrich,2,1,43,39,4,82,2021-08-20 11:00:00,517842
Olena Nalisnikovska_176285,Olena Nalisnikovska,3,1,33,17,16,50,2021-08-20 11:00:00,517843
Yaroslav Voytenko_1151598928,Yaroslav Voytenko,3,1,33,17,16,50,2021-08-20 11:00:00,517844
Serhii Darahan_176358,Serhii Darahan,-2,0,33,41,-8,74,2021-08-20 11:00:00,517845
Oleh Obrazkov_176295,Oleh Obrazkov,-1,0,41,48,-7,89,2021-08-20 11:05:00,517846
Dmytro Vakhta_1083953018,Dmytro Vakhta,1,1,49,48,1,97,2021-08-20 11:05:00,517847
E Mares_28794,E Mares,-1,0,39,52,-13,91,2021-08-20 11:07:00,517848
Leonid Tertychnyi_176310,Leonid Tertychnyi,1,1,52,47,5,99,2021-08-20 11:10:00,517849
Dmytro Kalyniuk_1611890495,Dmytro Kalyniuk,2,1,40,39,1,79,2021-08-20 11:10:00,517850
Yevgen Gorkavenko_1160397350,Yevgen Gorkavenko,-1,0,43,46,-3,89,2021-08-20 11:15:00,517851
Vadym Grushko_1874249320,Vadym Grushko,2,1,42,32,10,74,2021-08-20 11:15:00,517852
I Pandur_128309,I Pandur,-3,0,27,34,-7,61,2021-08-20 11:15:00,517853
Kostiantyn Seliuk_176320,Kostiantyn Seliuk,-2,0,33,41,-8,74,2021-08-20 11:15:00,517854
S Nikulin_128307,S Nikulin,2,1,41,37,4,78,2021-08-20 11:16:00,517855
Vіtalіy Krokhmal_650736081,Vіtalіy Krokhmal,-1,0,39,41,-2,80,2021-08-20 11:20:00,517856
Denys Kvyk_176271,Denys Kvyk,-3,0,26,35,-9,61,2021-08-20 11:20:00,517857
Dmytro Lazuryk_176334,Dmytro Lazuryk,3,1,35,20,15,55,2021-08-20 11:20:00,517858
Alina Stefaniuk_176349,Alina Stefaniuk,1,1,44,41,3,85,2021-08-20 11:25:00,517859
Serhii Hilitukha_1578942123,Serhii Hilitukha,-3,0,26,34,-8,60,2021-08-20 11:25:00,517860
V Chernov_128217,V Chernov,-2,0,34,47,-13,81,2021-08-20 11:30:00,517861
Olha Yureneva_176286,Olha Yureneva,-3,0,17,33,-16,50,2021-08-20 11:30:00,517862
Anatolii Nikolenko_176359,Anatolii Nikolenko,3,1,33,17,16,50,2021-08-20 11:30:00,517863
Artem Tkachenko_1123625132,Artem Tkachenko,-3,0,31,40,-9,71,2021-08-20 11:30:00,517864
Michael Fruhauf_176479,Michael Fruhauf,-3,0,19,33,-14,52,2021-08-20 11:30:00,517865
L Kriz_28795,L Kriz,2,1,41,34,7,75,2021-08-20 11:33:00,517866
Oleksiy Sapronov_1928575367,Oleksiy Sapronov,-1,0,45,45,0,90,2021-08-20 11:35:00,517867
Yevhen Samofal_176296,Yevhen Samofal,2,1,37,38,-1,75,2021-08-20 11:35:00,517868
Vitalii Rychkov_176311,Vitalii Rychkov,1,1,60,60,0,120,2021-08-20 11:40:00,517869
Vadym Nechyporuk_1296659442,Vadym Nechyporuk,-1,0,33,51,-18,84,2021-08-20 11:40:00,517870
Oleksandr Hainovskyi_1798763878,Oleksandr Hainovskyi,1,1,47,44,3,91,2021-08-20 11:45:00,517871
Ihor Vasylyshyn_176321,Ihor Vasylyshyn,-1,0,43,52,-9,95,2021-08-20 11:45:00,517872
V Demchenko_128183,V Demchenko,1,1,49,40,9,89,2021-08-20 11:46:00,517873
O Nikiforov_128255,O Nikiforov,1,1,46,40,6,86,2021-08-20 11:46:00,517874
Vladyslav Mishchenko_176335,Vladyslav Mishchenko,-1,0,49,51,-2,100,2021-08-20 11:50:00,517875
Artem Borysov_36573417,Artem Borysov,-3,0,20,33,-13,53,2021-08-20 11:50:00,517876
Aleksandr Tulenin_176611778,Aleksandr Tulenin,2,1,44,35,9,79,2021-08-20 11:50:00,517877
Mykola Shyshkin_176272,Mykola Shyshkin,-2,0,33,43,-10,76,2021-08-20 11:50:00,517878
Yevheniia Severyna_176350,Yevheniia Severyna,1,1,48,52,-4,100,2021-08-20 11:55:00,517879
Spartak Abalmaz_1782619615,Spartak Abalmaz,2,1,41,27,14,68,2021-08-20 11:55:00,517880
Yevheniia Sozoniuk_176287,Yevheniia Sozoniuk,3,1,36,26,10,62,2021-08-20 12:00:00,517881
Josef Ruzicka_176525,Josef Ruzicka,2,1,42,34,8,76,2021-08-20 12:00:00,517882
M Dukhin_128218,M Dukhin,2,1,39,29,10,68,2021-08-20 12:00:00,517883
Oleksandr Maslovskyi_176360,Oleksandr Maslovskyi,-2,0,26,40,-14,66,2021-08-20 12:00:00,517884
Petro Kolesnik_1735889491,Petro Kolesnik,3,1,33,14,19,47,2021-08-20 12:00:00,517885
S Dolejsi_28820,S Dolejsi,-2,0,36,46,-10,82,2021-08-20 12:05:00,517886
Viacheslav Sereda_1504795655,Viacheslav Sereda,-3,0,16,34,-18,50,2021-08-20 12:05:00,517887
Vitalii Sydorenko_176297,Vitalii Sydorenko,2,1,39,35,4,74,2021-08-20 12:05:00,517888
Nikita Vilenchyts_176312,Nikita Vilenchyts,-1,0,48,46,2,94,2021-08-20 12:10:00,517889
Nikita Korbut_1945607764,Nikita Korbut,2,1,41,34,7,75,2021-08-20 12:10:00,517890
Ju Ovchinnikov_128184,Ju Ovchinnikov,1,1,54,53,1,107,2021-08-20 12:15:00,517891
Andrii Kotik_1094634538,Andrii Kotik,-3,0,18,35,-17,53,2021-08-20 12:15:00,517892
Oleksandr Strutinskiy_176322,Oleksandr Strutinskiy,3,1,33,10,23,43,2021-08-20 12:15:00,517893
A Slachshilin_128256,A Slachshilin,2,1,42,29,13,71,2021-08-20 12:18:00,517894
Vladyslav Yamchuk_176273,Vladyslav Yamchuk,2,1,41,35,6,76,2021-08-20 12:20:00,517895
Oleg Savenkov_1176107939,Oleg Savenkov,-1,0,40,48,-8,88,2021-08-20 12:20:00,517896
Valeriy Vlasenko_176336,Valeriy Vlasenko,-1,0,45,53,-8,98,2021-08-20 12:20:00,517897
Vadym Grushko_1970975791,Vadym Grushko,3,1,33,10,23,43,2021-08-20 12:25:00,517898
Mykhailo Marchuk_648436554,Mykhailo Marchuk,-2,0,24,37,-13,61,2021-08-20 12:25:00,517899
Anastasiia Ostapenko_176351,Anastasiia Ostapenko,-2,0,38,43,-5,81,2021-08-20 12:25:00,517900
Bohdan Pyrtyk_176361,Bohdan Pyrtyk,-2,0,37,43,-6,80,2021-08-20 12:30:00,517901
Robert Jamrich_176526,Robert Jamrich,-1,0,45,54,-9,99,2021-08-20 12:30:00,517902
Hanna Fuks_176288,Hanna Fuks,-3,0,24,34,-10,58,2021-08-20 12:30:00,517903
Maksym Kolos_1809152132,Maksym Kolos,2,1,36,32,4,68,2021-08-20 12:30:00,517904
A Zirin_128219,A Zirin,-3,0,26,36,-10,62,2021-08-20 12:30:00,517905
Serhii Chuliukov_176298,Serhii Chuliukov,3,1,34,25,9,59,2021-08-20 12:35:00,517906
Serhii Kubrak_2118720504,Serhii Kubrak,-2,0,30,41,-11,71,2021-08-20 12:35:00,517907
E Mares_28821,E Mares,-2,0,34,43,-9,77,2021-08-20 12:37:00,517908
Mykhailo Teteruk_176313,Mykhailo Teteruk,-1,0,40,43,-3,83,2021-08-20 12:40:00,517909
Anton Myrza_263120248,Anton Myrza,-2,0,40,46,-6,86,2021-08-20 12:40:00,517910
E Grishaev_128257,E Grishaev,0,1,0,0,0,0,2021-08-20 12:45:00,517911
Vitalii Levytskyi_176323,Vitalii Levytskyi,1,1,51,47,4,98,2021-08-20 12:45:00,517912
Yaroslav Voytenko_1265845915,Yaroslav Voytenko,2,1,40,26,14,66,2021-08-20 12:45:00,517913
A Agapov_128185,A Agapov,-1,0,48,47,1,95,2021-08-20 12:49:00,517914
Ya Bazhinov_128258,Ya Bazhinov,-1,0,48,50,-2,98,2021-08-20 12:50:00,517915
Rodion Kapinus_176337,Rodion Kapinus,1,1,54,46,8,100,2021-08-20 12:50:00,517916
Oleh Holiak_176274,Oleh Holiak,-1,0,37,49,-12,86,2021-08-20 12:50:00,517917
Dmytro Vakhta_888874942,Dmytro Vakhta,2,1,41,36,5,77,2021-08-20 12:50:00,517918
Dmytro Kalyniuk_2636968,Dmytro Kalyniuk,2,1,38,32,6,70,2021-08-20 12:55:00,517919
Alina Stefaniuk_176352,Alina Stefaniuk,2,1,42,36,6,78,2021-08-20 12:55:00,517920
Serhii Darahan_176362,Serhii Darahan,-3,0,15,33,-18,48,2021-08-20 13:00:00,517921
V Kutin_128220,V Kutin,-2,0,38,46,-8,84,2021-08-20 13:00:00,517922
Olena Nalisnikovska_176527,Olena Nalisnikovska,2,1,40,31,9,71,2021-08-20 13:00:00,517923
Vaclav Strejc_176480,Vaclav Strejc,2,1,40,39,1,79,2021-08-20 13:00:00,517924
Yevgen Gorkavenko_804657185,Yevgen Gorkavenko,1,1,52,49,3,101,2021-08-20 13:00:00,517925
Pavlo Plushch_1353004372,Pavlo Plushch,2,1,38,27,11,65,2021-08-20 13:00:00,517926
Oleh Obrazkov_176299,Oleh Obrazkov,-3,0,27,35,-8,62,2021-08-20 13:05:00,517927
Dmytro Arzanov_178448913,Dmytro Arzanov,3,1,34,22,12,56,2021-08-20 13:05:00,517928
S Dolejsi_28796,S Dolejsi,3,1,33,12,21,45,2021-08-20 13:09:00,517929
Vadym Komar_352399049,Vadym Komar,1,1,46,39,7,85,2021-08-20 13:10:00,517930
Viacheslav Sereda_705997305,Viacheslav Sereda,-3,0,15,33,-18,48,2021-08-20 13:15:00,517931
Kostiantyn Seliuk_176324,Kostiantyn Seliuk,-1,0,37,45,-8,82,2021-08-20 13:15:00,517932
Serhii Matviienko_2109010480,Serhii Matviienko,2,1,37,32,5,69,2021-08-20 13:20:00,517933
Leonid Tertychnyi_176532,Leonid Tertychnyi,1,1,48,37,11,85,2021-08-20 13:20:00,517934
Dmytro Lazuryk_176338,Dmytro Lazuryk,3,1,35,20,15,55,2021-08-20 13:20:00,517935
Mykola Shyshkin_176275,Mykola Shyshkin,1,1,52,51,1,103,2021-08-20 13:20:00,517936
E Grishaev_128259,E Grishaev,-3,0,20,34,-14,54,2021-08-20 13:23:00,517937
Nazarii Hrytsyienko_1467591237,Nazarii Hrytsyienko,3,1,35,27,8,62,2021-08-20 13:25:00,517938
D Popov_128186,D Popov,-2,0,31,42,-11,73,2021-08-20 13:25:00,517939
Alina Man_176353,Alina Man,-1,0,47,46,1,93,2021-08-20 13:25:00,517940
Oleg Savenkov_211085470,Oleg Savenkov,1,1,44,46,-2,90,2021-08-20 13:30:00,517941
Duy Thinh Pham_176481,Duy Thinh Pham,2,1,43,27,16,70,2021-08-20 13:30:00,517942
Alina Novosad_176528,Alina Novosad,3,1,35,20,15,55,2021-08-20 13:30:00,517943
Anatolii Nikolenko_176363,Anatolii Nikolenko,3,1,33,17,16,50,2021-08-20 13:30:00,517944
L Kriz_28797,L Kriz,3,1,36,23,13,59,2021-08-20 13:30:00,517945
A Zirin_128221,A Zirin,-3,0,22,33,-11,55,2021-08-20 13:31:00,517946
Viktor Kotov_736174656,Viktor Kotov,-2,0,34,43,-9,77,2021-08-20 13:35:00,517947
Vitalii Sydorenko_176300,Vitalii Sydorenko,-3,0,25,34,-9,59,2021-08-20 13:35:00,517948
Vadym Grushko_1411782791,Vadym Grushko,2,1,44,37,7,81,2021-08-20 13:35:00,517949
Vіtalіy Krokhmal_1005791861,Vіtalіy Krokhmal,-1,0,41,51,-10,92,2021-08-20 13:40:00,517950
Serhii Hilitukha_1959896822,Serhii Hilitukha,-1,0,45,47,-2,92,2021-08-20 13:45:00,517951
Oleksandr Strutinskiy_176325,Oleksandr Strutinskiy,1,1,53,46,7,99,2021-08-20 13:45:00,517952
A Agapov_128187,A Agapov,-3,0,19,33,-14,52,2021-08-20 13:46:00,517953
Serhii Hot_176276,Serhii Hot,1,1,48,49,-1,97,2021-08-20 13:50:00,517954
Ya Bazhinov_128412,Ya Bazhinov,-1,0,50,54,-4,104,2021-08-20 13:50:00,517955
Volodymyr Voronenkov_176533,Volodymyr Voronenkov,2,1,36,32,4,68,2021-08-20 13:50:00,517956
Vladyslav Mishchenko_176339,Vladyslav Mishchenko,2,1,43,35,8,78,2021-08-20 13:50:00,517957
Anton Myrza_77138948,Anton Myrza,3,1,34,24,10,58,2021-08-20 13:50:00,517958
Oleksiy Sapronov_1790320173,Oleksiy Sapronov,-2,0,35,43,-8,78,2021-08-20 13:55:00,517959
Duy Thinh Pham_176482,Duy Thinh Pham,-3,0,23,34,-11,57,2021-08-20 14:00:00,517960
Oleksandr Maslovskyi_176364,Oleksandr Maslovskyi,2,1,45,34,11,79,2021-08-20 14:00:00,517961
M Dukhin_128222,M Dukhin,-3,0,21,33,-12,54,2021-08-20 14:00:00,517962
Vadym Nechyporuk_1885550391,Vadym Nechyporuk,1,1,47,39,8,86,2021-08-20 14:00:00,517963
Jr. Mecl_28798,Jr. Mecl,-2,0,32,43,-11,75,2021-08-20 14:00:00,517964
Yevheniia Severyna_176536,Yevheniia Severyna,-3,0,19,37,-18,56,2021-08-20 14:00:00,517965
Ihor Sobko_176301,Ihor Sobko,-1,0,35,49,-14,84,2021-08-20 14:05:00,517966
Dmytro Kalyniuk_590430130,Dmytro Kalyniuk,-3,0,20,33,-13,53,2021-08-20 14:05:00,517967
Pavlo Plushch_1485025989,Pavlo Plushch,-2,0,33,40,-7,73,2021-08-20 14:10:00,517968
Aleksandr Tulenin_1312971157,Aleksandr Tulenin,3,1,35,27,8,62,2021-08-20 14:10:00,517969
A Slachshilin_128260,A Slachshilin,0,1,0,0,0,0,2021-08-20 14:15:00,517970
Oleksandr Mytsyk_176326,Oleksandr Mytsyk,-1,0,48,56,-8,104,2021-08-20 14:15:00,517971
Spartak Abalmaz_1169118271,Spartak Abalmaz,3,1,33,17,16,50,2021-08-20 14:15:00,517972
Ju Ovchinnikov_128188,Ju Ovchinnikov,-1,0,45,50,-5,95,2021-08-20 14:17:00,517973
Mykola Shyshkin_176277,Mykola Shyshkin,-1,0,48,46,2,94,2021-08-20 14:20:00,517974
Rodion Kapinus_176340,Rodion Kapinus,-2,0,44,46,-2,90,2021-08-20 14:20:00,517975
Petro Kolesnik_1899846598,Petro Kolesnik,2,1,42,25,17,67,2021-08-20 14:20:00,517976
Viacheslav Sereda_619269437,Viacheslav Sereda,-3,0,13,33,-20,46,2021-08-20 14:25:00,517977
Oleksiy Sapronov_1664705707,Oleksiy Sapronov,1,1,47,39,8,86,2021-08-20 14:30:00,517978
M Huk_28799,M Huk,-3,0,20,33,-13,53,2021-08-20 14:30:00,517979
Serhii Darahan_176365,Serhii Darahan,2,1,42,31,11,73,2021-08-20 14:30:00,517980
Anastasiia Gordinskaya-Sheiko_176537,Anastasiia Gordinskaya-Sheiko,-2,0,36,40,-4,76,2021-08-20 14:30:00,517981
Vaclav Strejc_176483,Vaclav Strejc,3,1,34,25,9,59,2021-08-20 14:30:00,517982
A Zirin_128413,A Zirin,2,1,42,40,2,82,2021-08-20 14:31:00,517983
Valentyn Yunchyk_902706303,Valentyn Yunchyk,2,1,46,38,8,84,2021-08-20 14:35:00,517984
Vitalii Sydorenko_176302,Vitalii Sydorenko,1,1,58,55,3,113,2021-08-20 14:35:00,517985
Oleg Savenkov_2096624209,Oleg Savenkov,2,1,41,33,8,74,2021-08-20 14:40:00,517986
Vadym Grushko_1874351688,Vadym Grushko,2,1,45,31,14,76,2021-08-20 14:45:00,517987
Viktor Kotov_1370643503,Viktor Kotov,-1,0,52,48,4,100,2021-08-20 14:45:00,517988
Oleksandr Strutinskiy_176327,Oleksandr Strutinskiy,3,1,34,27,7,61,2021-08-20 14:45:00,517989
Illia Valchuk_176341,Illia Valchuk,1,1,42,37,5,79,2021-08-20 14:50:00,517990
Denys Kvyk_176278,Denys Kvyk,2,1,38,29,9,67,2021-08-20 14:50:00,517991
Dmytro Baistriuchenko_851347087,Dmytro Baistriuchenko,-1,0,44,51,-7,95,2021-08-20 14:50:00,517992
Oleh Stasevskyi_1042114477,Oleh Stasevskyi,2,1,40,42,-2,82,2021-08-20 14:55:00,517993
A Agapov_128415,A Agapov,2,1,53,47,6,100,2021-08-20 14:56:00,517994
Artem Tkachenko_1123484453,Artem Tkachenko,-3,0,15,33,-18,48,2021-08-20 15:00:00,517995
V Kutin_128414,V Kutin,1,1,48,48,0,96,2021-08-20 15:00:00,517996
Mykola Kulynych_176366,Mykola Kulynych,-2,0,34,42,-8,76,2021-08-20 15:00:00,517997
Josef Pavelka _176484,Josef Pavelka ,-3,0,22,33,-11,55,2021-08-20 15:00:00,517998
Jr. Mecl_28800,Jr. Mecl,1,1,47,46,1,93,2021-08-20 15:00:00,517999
Yaroslav Voytenko_248379600,Yaroslav Voytenko,-1,0,34,47,-13,81,2021-08-20 15:05:00,518000
Yevhen Samofal_176303,Yevhen Samofal,3,1,33,21,12,54,2021-08-20 15:05:00,518001
Dmytro Vakhta_1088057266,Dmytro Vakhta,1,1,49,41,8,90,2021-08-20 15:10:00,518002
Oleksii Romaniv_1823471368,Oleksii Romaniv,3,1,35,24,11,59,2021-08-20 15:15:00,518003
Ihor Vasylyshyn_176328,Ihor Vasylyshyn,1,1,50,45,5,95,2021-08-20 15:15:00,518004
Volodymyr Androsov_336217206,Volodymyr Androsov,-2,0,34,43,-9,77,2021-08-20 15:20:00,518005
Rodion Kapinus_176342,Rodion Kapinus,2,1,43,37,6,80,2021-08-20 15:20:00,518006
Artem Borysov_36432870,Artem Borysov,-2,0,29,43,-14,72,2021-08-20 15:20:00,518007
Bohdan Chaikovskyi_176369,Bohdan Chaikovskyi,-3,0,26,37,-11,63,2021-08-20 15:20:00,518008
Ju Ovchinnikov_128416,Ju Ovchinnikov,-3,0,18,33,-15,51,2021-08-20 15:23:00,518009
Dmytro Arzanov_664118801,Dmytro Arzanov,-1,0,45,44,1,89,2021-08-20 15:25:00,518010
Vaclav Strejc_176485,Vaclav Strejc,2,1,42,36,6,78,2021-08-20 15:30:00,518011
L Kriz_28801,L Kriz,2,1,39,31,8,70,2021-08-20 15:30:00,518012
Serhii Darahan_176367,Serhii Darahan,2,1,45,38,7,83,2021-08-20 15:30:00,518013
Vadym Komar_1258138161,Vadym Komar,2,1,38,33,5,71,2021-08-20 15:30:00,518014
Liliya Andrieieva_176384,Liliya Andrieieva,1,1,50,44,6,94,2021-08-20 15:30:00,518015
Dmytro Halai_1582832877,Dmytro Halai,1,1,52,40,12,92,2021-08-20 15:35:00,518016
Hanna Babii_176394,Hanna Babii,-3,0,22,33,-11,55,2021-08-20 15:35:00,518017
I Meteleshko_128223,I Meteleshko,1,1,47,48,-1,95,2021-08-20 15:36:00,518018
Oleksandr Dukhovenko_176514,Oleksandr Dukhovenko,-2,0,25,42,-17,67,2021-08-20 15:40:00,518019
Anna Miklukha_1902355901,Anna Miklukha,-3,0,16,33,-17,49,2021-08-20 15:40:00,518020
Oleh Pereguda_176419,Oleh Pereguda,3,1,36,16,20,52,2021-08-20 15:45:00,518021
V Bazilevskiy_128189,V Bazilevskiy,2,1,42,33,9,75,2021-08-20 15:46:00,518022
P Vshivkov_128261,P Vshivkov,-2,0,30,40,-10,70,2021-08-20 15:47:00,518023
Yurii Parahailo_1852514796,Yurii Parahailo,3,1,34,19,15,53,2021-08-20 15:50:00,518024
Valeriy Vlasenko_176343,Valeriy Vlasenko,-3,0,19,33,-14,52,2021-08-20 15:50:00,518025
Ivan Pytsko_176370,Ivan Pytsko,1,1,44,45,-1,89,2021-08-20 15:50:00,518026
Eduard Rubtsov_2099112087,Eduard Rubtsov,1,1,58,53,5,111,2021-08-20 15:55:00,518027
M Huk_28846,M Huk,-2,0,32,43,-11,75,2021-08-20 16:00:00,518028
Bohdan Pyrtyk_176368,Bohdan Pyrtyk,-3,0,15,33,-18,48,2021-08-20 16:00:00,518029
Vіtalіy Krokhmal_385984923,Vіtalіy Krokhmal,-1,0,49,52,-3,101,2021-08-20 16:00:00,518030
Marharyta Saltanovska_176385,Marharyta Saltanovska,-2,0,31,42,-11,73,2021-08-20 16:00:00,518031
S Muslikov_128224,S Muslikov,-3,0,21,33,-12,54,2021-08-20 16:04:00,518032
Serhii Hilitukha_1692219744,Serhii Hilitukha,2,1,37,31,6,68,2021-08-20 16:05:00,518033
Oleksandra Naidych_176395,Oleksandra Naidych,1,1,53,50,3,103,2021-08-20 16:05:00,518034
Josef Pavelka _176538,Josef Pavelka ,-3,0,16,33,-17,49,2021-08-20 16:05:00,518035
Andrii Kovrikov_176515,Andrii Kovrikov,-2,0,38,46,-8,84,2021-08-20 16:10:00,518036
Serhii Rutskyi_1136675463,Serhii Rutskyi,1,1,47,45,2,92,2021-08-20 16:10:00,518037
Alina Kurtenko_484233313,Alina Kurtenko,3,1,33,17,16,50,2021-08-20 16:15:00,518038
S Ovechkin_128262,S Ovechkin,-3,0,25,34,-9,59,2021-08-20 16:15:00,518039
Dmytro Khairov_176420,Dmytro Khairov,-3,0,22,33,-11,55,2021-08-20 16:15:00,518040
A Arutiunyan_128190,A Arutiunyan,2,1,42,39,3,81,2021-08-20 16:16:00,518041
Volodymyr Kuzmych_176371,Volodymyr Kuzmych,1,1,47,42,5,89,2021-08-20 16:20:00,518042
Oleg Gavryluk_1871338856,Oleg Gavryluk,-3,0,29,35,-6,64,2021-08-20 16:20:00,518043
Oleg Kuravsky_1943861582,Oleg Kuravsky,-3,0,26,34,-8,60,2021-08-20 16:25:00,518044
Andrii Romanenko_176434,Andrii Romanenko,1,1,48,48,0,96,2021-08-20 16:25:00,518045
Roman Reznichenko_252861476,Roman Reznichenko,-3,0,26,38,-12,64,2021-08-20 16:30:00,518046
E Anisimov_128225,E Anisimov,2,1,38,33,5,71,2021-08-20 16:30:00,518047
Liliya Andrieieva_176386,Liliya Andrieieva,-1,0,37,41,-4,78,2021-08-20 16:30:00,518048
S Dolejsi_28847,S Dolejsi,-3,0,12,33,-21,45,2021-08-20 16:30:00,518049
Jan Blazek_176539,Jan Blazek,1,1,56,50,6,106,2021-08-20 16:35:00,518050
Anastasiia Fedorenko_176396,Anastasiia Fedorenko,-1,0,47,44,3,91,2021-08-20 16:35:00,518051
Maksym Kolos_815831492,Maksym Kolos,2,1,42,39,3,81,2021-08-20 16:35:00,518052
Serhii Kubrak_1655331250,Serhii Kubrak,-3,0,13,33,-20,46,2021-08-20 16:40:00,518053
Oleksandr Dukhovenko_176516,Oleksandr Dukhovenko,2,1,43,31,12,74,2021-08-20 16:40:00,518054
A Trushkin_128191,A Trushkin,3,1,34,26,8,60,2021-08-20 16:45:00,518055
Serhii Semenets_176421,Serhii Semenets,-3,0,28,37,-9,65,2021-08-20 16:45:00,518056
Dmytro Halai_1526777195,Dmytro Halai,-1,0,42,48,-6,90,2021-08-20 16:45:00,518057
A KHanevskii_128263,A KHanevskii,-2,0,37,46,-9,83,2021-08-20 16:46:00,518058
Ivan Pytsko_176372,Ivan Pytsko,-2,0,42,47,-5,89,2021-08-20 16:50:00,518059
Anna Miklukha_343693833,Anna Miklukha,-2,0,34,44,-10,78,2021-08-20 16:50:00,518060
Andrii Khvysiuk_1555106421,Andrii Khvysiuk,-3,0,19,33,-14,52,2021-08-20 16:55:00,518061
Serhii Sokolov_176435,Serhii Sokolov,2,1,40,34,6,74,2021-08-20 16:55:00,518062
Alisa Dubrova_176387,Alisa Dubrova,1,1,49,40,9,89,2021-08-20 17:00:00,518063
V Staroverov_128226,V Staroverov,3,1,34,25,9,59,2021-08-20 17:00:00,518064
Petr Vanek_176486,Petr Vanek,-2,0,27,43,-16,70,2021-08-20 17:00:00,518065
Yurii Parahailo_1550538524,Yurii Parahailo,1,1,49,48,1,97,2021-08-20 17:00:00,518066
M-n Regner_28802,M-n Regner,-1,0,40,47,-7,87,2021-08-20 17:01:00,518067
Eduard Rubtsov_2143908199,Eduard Rubtsov,1,1,49,39,10,88,2021-08-20 17:05:00,518068
Oleksandra Naidych_176397,Oleksandra Naidych,-2,0,34,44,-10,78,2021-08-20 17:05:00,518069
Vadym Bochkovskyi_176517,Vadym Bochkovskyi,3,1,33,20,13,53,2021-08-20 17:10:00,518070
Dmytro Baistriuchenko_1176070425,Dmytro Baistriuchenko,-2,0,34,43,-9,77,2021-08-20 17:10:00,518071
Dmytro Khairov_176422,Dmytro Khairov,3,1,38,30,8,68,2021-08-20 17:15:00,518072
Oleh Stasevskyi_1073965450,Oleh Stasevskyi,-3,0,21,33,-12,54,2021-08-20 17:15:00,518073
S Lanin_128264,S Lanin,-2,0,36,45,-9,81,2021-08-20 17:16:00,518074
A Lisov_128192,A Lisov,1,1,50,43,7,93,2021-08-20 17:16:00,518075
Serhii Rutskyi_1605532247,Serhii Rutskyi,1,1,45,41,4,86,2021-08-20 17:20:00,518076
Bohdan Chaikovskyi_176373,Bohdan Chaikovskyi,-1,0,48,50,-2,98,2021-08-20 17:20:00,518077
Alina Kurtenko_245566578,Alina Kurtenko,2,1,46,38,8,84,2021-08-20 17:25:00,518078
Serhii Levin_176436,Serhii Levin,1,1,47,44,3,91,2021-08-20 17:25:00,518079
Oleg Gavryluk_451725248,Oleg Gavryluk,3,1,33,18,15,51,2021-08-20 17:30:00,518080
Marharyta Saltanovska_176388,Marharyta Saltanovska,-3,0,21,33,-12,54,2021-08-20 17:30:00,518081
Petr Kubat_176487,Petr Kubat,1,1,44,46,-2,90,2021-08-20 17:30:00,518082
Z Kasinski_28803,Z Kasinski,3,1,33,16,17,49,2021-08-20 17:30:00,518083
E Anisimov_128227,E Anisimov,2,1,44,41,3,85,2021-08-20 17:30:00,518084
Hanna Babii_176398,Hanna Babii,2,1,41,33,8,74,2021-08-20 17:35:00,518085
Artur Moriak_478030568,Artur Moriak,-1,0,53,52,1,105,2021-08-20 17:35:00,518086
Dmytro Alekseenko_1763227492,Dmytro Alekseenko,3,1,34,23,11,57,2021-08-20 17:40:00,518087
Andrii Kovrikov_176518,Andrii Kovrikov,-2,0,34,41,-7,75,2021-08-20 17:40:00,518088
Oleh Pereguda_176423,Oleh Pereguda,-2,0,30,37,-7,67,2021-08-20 17:45:00,518089
A KHanevskii_128265,A KHanevskii,-3,0,20,33,-13,53,2021-08-20 17:45:00,518090
Spartak Abalmaz_796636005,Spartak Abalmaz,-1,0,43,45,-2,88,2021-08-20 17:45:00,518091
A Trushkin_128193,A Trushkin,-2,0,38,45,-7,83,2021-08-20 17:46:00,518092
Oleh Chulanov_176374,Oleh Chulanov,-2,0,42,46,-4,88,2021-08-20 17:50:00,518093
Petro Kolesnik_94998191,Petro Kolesnik,1,1,46,41,5,87,2021-08-20 17:50:00,518094
Serhii Sokolov_176437,Serhii Sokolov,-3,0,20,33,-13,53,2021-08-20 17:55:00,518095
Dmytro Halai_1967714051,Dmytro Halai,2,1,45,39,6,84,2021-08-20 17:55:00,518096
O Kucirek_28804,O Kucirek,-1,0,39,42,-3,81,2021-08-20 18:00:00,518097
S Muslikov_128228,S Muslikov,2,1,36,29,7,65,2021-08-20 18:00:00,518098
Liliya Andrieieva_176389,Liliya Andrieieva,-3,0,22,33,-11,55,2021-08-20 18:00:00,518099
Petr Kubat_176488,Petr Kubat,2,1,36,35,1,71,2021-08-20 18:00:00,518100
Anna Miklukha_630615395,Anna Miklukha,-3,0,21,33,-12,54,2021-08-20 18:00:00,518101
Iryna Ahalakova_176399,Iryna Ahalakova,3,1,33,18,15,51,2021-08-20 18:05:00,518102
Oleh Formaziuk_1285338345,Oleh Formaziuk,-1,0,47,44,3,91,2021-08-20 18:05:00,518103
Oleg Kuravsky_1477978530,Oleg Kuravsky,3,1,33,22,11,55,2021-08-20 18:10:00,518104
Oleksandr Dukhovenko_176519,Oleksandr Dukhovenko,-3,0,18,33,-15,51,2021-08-20 18:10:00,518105
Roman Reznichenko_1818198833,Roman Reznichenko,2,1,38,38,0,76,2021-08-20 18:15:00,518106
S Ovechkin_128266,S Ovechkin,2,1,37,34,3,71,2021-08-20 18:15:00,518107
A Arutiunyan_128194,A Arutiunyan,2,1,42,30,12,72,2021-08-20 18:15:00,518108
Valerii Shepil_176424,Valerii Shepil,3,1,33,22,11,55,2021-08-20 18:15:00,518109
Volodymyr Kuzmych_176375,Volodymyr Kuzmych,2,1,42,35,7,77,2021-08-20 18:20:00,518110
Dmitriy Lebed_39859995,Dmitriy Lebed,-2,0,30,42,-12,72,2021-08-20 18:20:00,518111
Dmytro Derevinskyi_492797125,Dmytro Derevinskyi,-1,0,54,53,1,107,2021-08-20 18:25:00,518112
Andrii Romanenko_176438,Andrii Romanenko,-2,0,33,41,-8,74,2021-08-20 18:25:00,518113
Marharyta Saltanovska_176390,Marharyta Saltanovska,2,1,45,38,7,83,2021-08-20 18:30:00,518114
S Muslikov_128417,S Muslikov,3,1,33,19,14,52,2021-08-20 18:30:00,518115
Serhii Berezynskyi_1305861223,Serhii Berezynskyi,-3,0,21,33,-12,54,2021-08-20 18:30:00,518116
Petr Vanek_176489,Petr Vanek,-3,0,24,34,-10,58,2021-08-20 18:30:00,518117
S Novota_28805,S Novota,1,1,53,50,3,103,2021-08-20 18:32:00,518118
Viktoria Kurtenko_2026349623,Viktoria Kurtenko,2,1,43,26,17,69,2021-08-20 18:35:00,518119
Anastasiia Fedorenko_176400,Anastasiia Fedorenko,-2,0,29,43,-14,72,2021-08-20 18:35:00,518120
Andrii Kovrikov_176520,Andrii Kovrikov,-2,0,26,41,-15,67,2021-08-20 18:40:00,518121
Andrii Khvysiuk_2047941567,Andrii Khvysiuk,-3,0,29,38,-9,67,2021-08-20 18:40:00,518122
Serhii Semenets_176425,Serhii Semenets,2,1,41,33,8,74,2021-08-20 18:45:00,518123
Yurii Parahailo_1878210002,Yurii Parahailo,2,1,38,27,11,65,2021-08-20 18:45:00,518124
A KHanevskii_128421,A KHanevskii,-2,0,32,41,-9,73,2021-08-20 18:46:00,518125
V Bazilevskiy_128419,V Bazilevskiy,-2,0,33,42,-9,75,2021-08-20 18:46:00,518126
Eduard Rubtsov_1100327492,Eduard Rubtsov,-3,0,16,33,-17,49,2021-08-20 18:50:00,518127
Ivan Pytsko_176376,Ivan Pytsko,2,1,42,34,8,76,2021-08-20 18:50:00,518128
Spartak Abalmaz_521833897,Spartak Abalmaz,1,1,51,43,8,94,2021-08-20 18:55:00,518129
Hryhorii Kulishov_176439,Hryhorii Kulishov,1,1,50,39,11,89,2021-08-20 18:55:00,518130
V Staroverov_128418,V Staroverov,-2,0,36,40,-4,76,2021-08-20 19:00:00,518131
Alisa Dubrova_176391,Alisa Dubrova,1,1,48,47,1,95,2021-08-20 19:00:00,518132
Marek Kulisek_176490,Marek Kulisek,3,1,33,16,17,49,2021-08-20 19:00:00,518133
Petro Kolesnik_1914026478,Petro Kolesnik,-2,0,33,42,-9,75,2021-08-20 19:00:00,518134
O Kucirek_28806,O Kucirek,-3,0,21,33,-12,54,2021-08-20 19:04:00,518135
Serhii Rutskyi_859066606,Serhii Rutskyi,-1,0,29,48,-19,77,2021-08-20 19:05:00,518136
Oleksandra Naidych_176401,Oleksandra Naidych,1,1,47,40,7,87,2021-08-20 19:05:00,518137
Alina Kurtenko_771964568,Alina Kurtenko,3,1,33,23,10,56,2021-08-20 19:10:00,518138
Vadym Bochkovskyi_176521,Vadym Bochkovskyi,-2,0,28,44,-16,72,2021-08-20 19:10:00,518139
Dmytro Khairov_176426,Dmytro Khairov,-3,0,18,33,-15,51,2021-08-20 19:15:00,518140
Oleg Gavryluk_264048615,Oleg Gavryluk,-1,0,45,50,-5,95,2021-08-20 19:15:00,518141
A Lisov_128420,A Lisov,3,1,35,21,14,56,2021-08-20 19:15:00,518142
S Ovechkin_128422,S Ovechkin,1,1,50,42,8,92,2021-08-20 19:15:00,518143
Bohdan Chaikovskyi_176377,Bohdan Chaikovskyi,-2,0,32,45,-13,77,2021-08-20 19:20:00,518144
Artur Moriak_2102239573,Artur Moriak,-2,0,32,44,-12,76,2021-08-20 19:20:00,518145
Sviatoslav Sachuk_176449,Sviatoslav Sachuk,1,1,51,46,5,97,2021-08-20 19:20:00,518146
Dmytro Alekseenko_178981060,Dmytro Alekseenko,2,1,38,28,10,66,2021-08-20 19:25:00,518147
Serhii Levin_176440,Serhii Levin,-1,0,42,51,-9,93,2021-08-20 19:25:00,518148
Liliya Andrieieva_176392,Liliya Andrieieva,-3,0,23,34,-11,57,2021-08-20 19:30:00,518149
D Tikhnenko_128229,D Tikhnenko,2,1,43,32,11,75,2021-08-20 19:30:00,518150
Vіtalіy Krokhmal_1812788915,Vіtalіy Krokhmal,1,1,54,45,9,99,2021-08-20 19:30:00,518151
Petr Vanek_176491,Petr Vanek,-2,0,38,42,-4,80,2021-08-20 19:30:00,518152
Z Kasinski_28807,Z Kasinski,1,1,44,44,0,88,2021-08-20 19:30:00,518153
Hanna Babii_176402,Hanna Babii,-3,0,28,34,-6,62,2021-08-20 19:35:00,518154
Serhii Hilitukha_641645951,Serhii Hilitukha,3,1,33,18,15,51,2021-08-20 19:35:00,518155
Dmytro Halai_2091899015,Dmytro Halai,-2,0,24,40,-16,64,2021-08-20 19:40:00,518156
Oleksandr Dukhovenko_176417,Oleksandr Dukhovenko,2,1,41,31,10,72,2021-08-20 19:40:00,518157
Anna Miklukha_123953119,Anna Miklukha,1,1,50,47,3,97,2021-08-20 19:45:00,518158
Oleh Pereguda_176427,Oleh Pereguda,-3,0,23,33,-10,56,2021-08-20 19:45:00,518159
B Grebenyuk_128195,B Grebenyuk,2,1,42,33,9,75,2021-08-20 19:47:00,518160
Al-i Zhelubenkov_128267,Al-i Zhelubenkov,-2,0,44,48,-4,92,2021-08-20 19:47:00,518161
Oleh Formaziuk_321482644,Oleh Formaziuk,-2,0,37,45,-8,82,2021-08-20 19:50:00,518162
Ivan Udovenko_176450,Ivan Udovenko,-1,0,48,46,2,94,2021-08-20 19:50:00,518163
Oleh Chulanov_176378,Oleh Chulanov,2,1,41,30,11,71,2021-08-20 19:50:00,518164
Oleg Kuravsky_1771615093,Oleg Kuravsky,1,1,48,44,4,92,2021-08-20 19:55:00,518165
Serhii Sokolov_176441,Serhii Sokolov,-3,0,20,33,-13,53,2021-08-20 19:55:00,518166
Diana Yevtodii_176393,Diana Yevtodii,-1,0,45,50,-5,95,2021-08-20 20:00:00,518167
Roman Reznichenko_78369239,Roman Reznichenko,2,1,42,33,9,75,2021-08-20 20:00:00,518168
A Shmakov_128230,A Shmakov,1,1,50,51,-1,101,2021-08-20 20:00:00,518169
O Kucirek_28848,O Kucirek,1,1,49,41,8,90,2021-08-20 20:02:00,518170
Vіtalіy Krokhmal_1607154231,Vіtalіy Krokhmal,-1,0,40,49,-9,89,2021-08-20 20:05:00,518171
Iryna Ahalakova_176403,Iryna Ahalakova,-3,0,12,33,-21,45,2021-08-20 20:05:00,518172
Martin Prusa_176792,Martin Prusa,3,1,33,20,13,53,2021-08-20 20:10:00,518173
Serhii Hilitukha_867136171,Serhii Hilitukha,3,1,42,35,7,77,2021-08-20 20:10:00,518174
Denys Pesternikov_176522,Denys Pesternikov,-2,0,30,40,-10,70,2021-08-20 20:10:00,518175
I Soldatov_128196,I Soldatov,1,1,51,53,-2,104,2021-08-20 20:14:00,518176
Valerii Shepil_176428,Valerii Shepil,-1,0,44,49,-5,93,2021-08-20 20:15:00,518177
Serhii Rutskyi_363796455,Serhii Rutskyi,-2,0,38,40,-2,78,2021-08-20 20:15:00,518178
D Fedorov_128268,D Fedorov,-1,0,47,56,-9,103,2021-08-20 20:19:00,518179
Alina Kurtenko_1484704813,Alina Kurtenko,1,1,57,48,9,105,2021-08-20 20:20:00,518180
Sviatoslav Sachuk_176451,Sviatoslav Sachuk,2,1,43,23,20,66,2021-08-20 20:20:00,518181
Volodymyr Kuzmych_176379,Volodymyr Kuzmych,1,1,51,38,13,89,2021-08-20 20:20:00,518182
Andrii Romanenko_176442,Andrii Romanenko,-1,0,51,54,-3,105,2021-08-20 20:25:00,518183
Andrii Khvysiuk_1557706393,Andrii Khvysiuk,2,1,43,31,12,74,2021-08-20 20:25:00,518184
Ihor Syniavskyi_1639987951,Ihor Syniavskyi,-1,0,43,51,-8,94,2021-08-20 20:30:00,518185
Z Kasinski_28849,Z Kasinski,-2,0,33,44,-11,77,2021-08-20 20:31:00,518186
M Dukhin_128231,M Dukhin,2,1,40,36,4,76,2021-08-20 20:33:00,518187
Anastasiia Fedorenko_176404,Anastasiia Fedorenko,-3,0,20,33,-13,53,2021-08-20 20:35:00,518188
Serhii Skachenko_1996809966,Serhii Skachenko,-2,0,40,45,-5,85,2021-08-20 20:35:00,518189
Marek Kulisek_176793,Marek Kulisek,1,1,49,42,7,91,2021-08-20 20:40:00,518190
Dmytro Shukin_714809546,Dmytro Shukin,1,1,47,43,4,90,2021-08-20 20:40:00,518191
D Kolesnikov_128197,D Kolesnikov,1,1,47,41,6,88,2021-08-20 20:44:00,518192
Dmytro Derevinskyi_311352576,Dmytro Derevinskyi,1,1,50,39,11,89,2021-08-20 20:45:00,518193
Denys Pesternikov_176796,Denys Pesternikov,-2,0,34,41,-7,75,2021-08-20 20:45:00,518194
Serhii Semenets_176429,Serhii Semenets,3,1,33,20,13,53,2021-08-20 20:45:00,518195
Nataliia Svydnytska_176794,Nataliia Svydnytska,3,1,34,27,7,61,2021-08-20 20:45:00,518196
Oleh Kuzyshyn_176452,Oleh Kuzyshyn,-3,0,22,33,-11,55,2021-08-20 20:50:00,518197
Dmytro Halai_1774686142,Dmytro Halai,3,1,33,17,16,50,2021-08-20 20:50:00,518198
Bohdan Chaikovskyi_176380,Bohdan Chaikovskyi,3,1,36,30,6,66,2021-08-20 20:50:00,518199
D Merzlikin_128269,D Merzlikin,3,1,33,21,12,54,2021-08-20 20:53:00,518200
Anna Miklukha_104628265,Anna Miklukha,-3,0,28,36,-8,64,2021-08-20 20:55:00,518201
Hryhorii Kulishov_176443,Hryhorii Kulishov,3,1,38,31,7,69,2021-08-20 20:55:00,518202
Filip Strejc_176492,Filip Strejc,3,1,33,18,15,51,2021-08-20 21:00:00,518203
Maksym Skhabovskyi_1693005344,Maksym Skhabovskyi,-1,0,42,57,-15,99,2021-08-20 21:00:00,518204
E Makarenkov_128232,E Makarenkov,3,1,34,22,12,56,2021-08-20 21:01:00,518205
Ja Boruvka_28808,Ja Boruvka,-2,0,34,40,-6,74,2021-08-20 21:01:00,518206
Yurii Parahailo_1351218697,Yurii Parahailo,2,1,40,22,18,62,2021-08-20 21:05:00,518207
Hanna Babii_176405,Hanna Babii,1,1,46,45,1,91,2021-08-20 21:05:00,518208
Eduard Rubtsov_1001429481,Eduard Rubtsov,-3,0,20,33,-13,53,2021-08-20 21:10:00,518209
Oleh Pereguda_176430,Oleh Pereguda,-3,0,26,34,-8,60,2021-08-20 21:15:00,518210
Spartak Abalmaz_794283155,Spartak Abalmaz,3,1,33,13,20,46,2021-08-20 21:15:00,518211
Marharyta Saltanovska_176795,Marharyta Saltanovska,-1,0,44,43,1,87,2021-08-20 21:15:00,518212
Roman Zholubak_176797,Roman Zholubak,-1,0,47,50,-3,97,2021-08-20 21:15:00,518213
A Frolov_128270,A Frolov,2,1,40,36,4,76,2021-08-20 21:16:00,518214
I Moshkov_128198,I Moshkov,-1,0,47,51,-4,98,2021-08-20 21:18:00,518215
Oleh Stasevskyi_288222188,Oleh Stasevskyi,2,1,40,28,12,68,2021-08-20 21:20:00,518216
Nazarii Sydorak_176381,Nazarii Sydorak,-2,0,31,40,-9,71,2021-08-20 21:20:00,518217
Ivan Udovenko_176453,Ivan Udovenko,1,1,44,42,2,86,2021-08-20 21:20:00,518218
Serhii Rutskyi_1278613493,Serhii Rutskyi,-1,0,47,52,-5,99,2021-08-20 21:25:00,518219
Serhii Levin_176444,Serhii Levin,-1,0,42,48,-6,90,2021-08-20 21:25:00,518220
Martin Stusek_176493,Martin Stusek,1,1,44,44,0,88,2021-08-20 21:30:00,518221
M Dukhin_128233,M Dukhin,2,1,40,36,4,76,2021-08-20 21:30:00,518222
Alina Kurtenko_1723511072,Alina Kurtenko,-2,0,30,45,-15,75,2021-08-20 21:30:00,518223
Karina Zharkova_176406,Karina Zharkova,2,1,37,31,6,68,2021-08-20 21:35:00,518224
Oleg Gavryluk_1567687941,Oleg Gavryluk,-2,0,34,37,-3,71,2021-08-20 21:35:00,518225
Z Bilek_28809,Z Bilek,1,1,58,50,8,108,2021-08-20 21:35:00,518226
Ihor Syniavskyi_1639883541,Ihor Syniavskyi,3,1,34,18,16,52,2021-08-20 21:40:00,518227
D Merzlikin_128271,D Merzlikin,1,1,40,45,-5,85,2021-08-20 21:44:00,518228
Rodion Pirveli_594760474,Rodion Pirveli,-1,0,48,49,-1,97,2021-08-20 21:45:00,518229
Stefan Yakimenko_176431,Stefan Yakimenko,2,1,37,36,1,73,2021-08-20 21:45:00,518230
D Kolesnikov_128199,D Kolesnikov,3,1,36,25,11,61,2021-08-20 21:48:00,518231
Sviatoslav Sachuk_176454,Sviatoslav Sachuk,-3,0,12,33,-21,45,2021-08-20 21:50:00,518232
Bohdan Chaikovskyi_176382,Bohdan Chaikovskyi,-3,0,26,33,-7,59,2021-08-20 21:50:00,518233
Oleksandr Semenets_1130581528,Oleksandr Semenets,-2,0,32,44,-12,76,2021-08-20 21:50:00,518234
Dmytro Kryshtal_92871964,Dmytro Kryshtal,2,1,40,35,5,75,2021-08-20 21:55:00,518235
Andrii Romanenko_176445,Andrii Romanenko,1,1,57,49,8,106,2021-08-20 21:55:00,518236
A Shmakov_128234,A Shmakov,-2,0,29,44,-15,73,2021-08-20 22:00:00,518237
Martin Stusek_176494,Martin Stusek,3,1,33,21,12,54,2021-08-20 22:00:00,518238
Serhii Berezynskyi_26591329,Serhii Berezynskyi,-1,0,37,49,-12,86,2021-08-20 22:00:00,518239
Hanna Babii_176407,Hanna Babii,-2,0,33,42,-9,75,2021-08-20 22:05:00,518240
Viktoria Kurtenko_1808745277,Viktoria Kurtenko,1,1,54,42,12,96,2021-08-20 22:05:00,518241
Andrii Khvysiuk_1997880319,Andrii Khvysiuk,1,1,55,54,1,109,2021-08-20 22:10:00,518242
Jo Medek_28810,Jo Medek,3,1,33,24,9,57,2021-08-20 22:12:00,518243
Oleh Pereguda_176432,Oleh Pereguda,2,1,37,30,7,67,2021-08-20 22:15:00,518244
Oleg Kuravsky_2035837511,Oleg Kuravsky,-3,0,21,33,-12,54,2021-08-20 22:15:00,518245
I Soldatov_128200,I Soldatov,1,1,47,39,8,86,2021-08-20 22:16:00,518246
D Fedorov_128272,D Fedorov,-2,0,34,43,-9,77,2021-08-20 22:16:00,518247
Ivan Pytsko_176383,Ivan Pytsko,-2,0,34,42,-8,76,2021-08-20 22:20:00,518248
Ivan Udovenko_176455,Ivan Udovenko,1,1,45,48,-3,93,2021-08-20 22:20:00,518249
Roman Reznichenko_1057289524,Roman Reznichenko,2,1,37,34,3,71,2021-08-20 22:20:00,518250
Oleksandr Semenets_1982065679,Oleksandr Semenets,-1,0,40,49,-9,89,2021-08-20 22:25:00,518251
Borys Kostiuk_176446,Borys Kostiuk,-1,0,44,48,-4,92,2021-08-20 22:25:00,518252
Serhii Kinash_87506861,Serhii Kinash,-1,0,45,44,1,89,2021-08-20 22:30:00,518253
A Shmakov_128423,A Shmakov,-3,0,17,34,-17,51,2021-08-20 22:30:00,518254
Filip Strejc_176495,Filip Strejc,2,1,40,34,6,74,2021-08-20 22:30:00,518255
L Boruvka_28811,L Boruvka,3,1,34,19,15,53,2021-08-20 22:34:00,518256
Oleksandra Naidych_176408,Oleksandra Naidych,2,1,42,30,12,72,2021-08-20 22:35:00,518257
Oleh Formaziuk_550720400,Oleh Formaziuk,-2,0,31,35,-4,66,2021-08-20 22:45:00,518258
Dmytro Khairov_176433,Dmytro Khairov,2,1,39,39,0,78,2021-08-20 22:45:00,518259
D Fedorov_128425,D Fedorov,-2,0,44,52,-8,96,2021-08-20 22:47:00,518260
I Moshkov_128427,I Moshkov,-3,0,23,33,-10,56,2021-08-20 22:48:00,518261
Oleh Kuzyshyn_176456,Oleh Kuzyshyn,1,1,49,34,15,83,2021-08-20 22:50:00,518262
Andrii Romanenko_176447,Andrii Romanenko,-1,0,50,52,-2,102,2021-08-20 22:55:00,518263
D Tikhnenko_128424,D Tikhnenko,-1,0,49,52,-3,101,2021-08-20 23:00:00,518264
Jo Medek_28812,Jo Medek,-1,0,40,42,-2,82,2021-08-20 23:00:00,518265
Jan Jr Krames_176496,Jan Jr Krames,-2,0,30,37,-7,67,2021-08-20 23:00:00,518266
Dmytro Kryshtal_781501517,Dmytro Kryshtal,-3,0,29,37,-8,66,2021-08-20 23:00:00,518267
Oleksandr Semenets_915221111,Oleksandr Semenets,-2,0,36,39,-3,75,2021-08-20 23:05:00,518268
A Frolov_128426,A Frolov,1,1,49,44,5,93,2021-08-20 23:15:00,518269
D Kolesnikov_128428,D Kolesnikov,3,1,33,21,12,54,2021-08-20 23:16:00,518270
Sviatoslav Sachuk_176457,Sviatoslav Sachuk,1,1,54,47,7,101,2021-08-20 23:20:00,518271
Serhii Sokolov_176448,Serhii Sokolov,2,1,41,41,0,82,2021-08-20 23:25:00,518272
Filip Strejc_176497,Filip Strejc,-2,0,34,44,-10,78,2021-08-20 23:30:00,518273
Z Bilek_28813,Z Bilek,-1,0,41,48,-7,89,2021-08-20 23:31:00,518274
S Ogai_128235,S Ogai,-2,0,32,39,-7,71,2021-08-20 23:33:00,518275
Serhii Kinash_1896229077,Serhii Kinash,-1,0,35,51,-16,86,2021-08-20 23:35:00,518276
Dmytro Kryshtal_1382073861,Dmytro Kryshtal,3,1,36,27,9,63,2021-08-20 23:40:00,518277
Igor Vatsyn_1195626634,Igor Vatsyn,-3,0,17,33,-16,50,2021-08-20 23:45:00,518278
A Vlasov_128201,A Vlasov,3,1,33,21,12,54,2021-08-20 23:46:00,518279
N Zhurba_128275,N Zhurba,1,1,48,45,3,93,2021-08-20 23:47:00,518280
Dmytro Prokopenko_176458,Dmytro Prokopenko,2,1,40,33,7,73,2021-08-20 23:50:00,518281
R Pavlenko_128236,R Pavlenko,3,1,35,23,12,58,2021-08-21 00:00:00,518282
Artem Lisechko_176459,Artem Lisechko,-1,0,39,49,-10,88,2021-08-21 00:05:00,518283
Anatolii Chaplianka_437469851,Anatolii Chaplianka,-1,0,45,49,-4,94,2021-08-21 00:10:00,518284
Jakub Nemecek_176802,Jakub Nemecek,-1,0,45,49,-4,94,2021-08-21 00:10:00,518285
Ja Boruvka_28850,Ja Boruvka,3,1,33,20,13,53,2021-08-21 00:11:00,518286
Oleksandr Semenets_480772922,Oleksandr Semenets,1,1,44,52,-8,96,2021-08-21 00:15:00,518287
Samvel Melkumian_852353059,Samvel Melkumian,-1,0,41,52,-11,93,2021-08-21 00:15:00,518288
D Balakin_128202,D Balakin,3,1,33,18,15,51,2021-08-21 00:19:00,518289
V Safonov_128276,V Safonov,3,1,33,16,17,49,2021-08-21 00:22:00,518290
Oleh Kuzyshyn_176804,Oleh Kuzyshyn,-3,0,22,33,-11,55,2021-08-21 00:25:00,518291
D Korneev_128237,D Korneev,-3,0,26,36,-10,62,2021-08-21 00:31:00,518292
Jo Medek_28852,Jo Medek,-2,0,26,36,-10,62,2021-08-21 00:31:00,518293
Dmitriy Pereyaslovskyi_176460,Dmitriy Pereyaslovskyi,-2,0,26,44,-18,70,2021-08-21 00:35:00,518294
Martin Stusek_176803,Martin Stusek,1,1,54,51,3,105,2021-08-21 00:40:00,518295
Igor Vatsyn_1108674201,Igor Vatsyn,-2,0,29,41,-12,70,2021-08-21 00:45:00,518296
D Popov_128203,D Popov,2,1,44,34,10,78,2021-08-21 00:46:00,518297
A Aslanyan_128277,A Aslanyan,-2,0,33,36,-3,69,2021-08-21 00:47:00,518298
Dmytro Prokopenko_176805,Dmytro Prokopenko,2,1,38,26,12,64,2021-08-21 00:55:00,518299
V Sidorin_128238,V Sidorin,1,1,54,53,1,107,2021-08-21 01:01:00,518300
Serhii Kinash_1401174513,Serhii Kinash,1,1,56,49,7,105,2021-08-21 01:05:00,518301
Dmytro Kryshtal_538825765,Dmytro Kryshtal,-1,0,41,44,-3,85,2021-08-21 01:10:00,518302
Volodymyr Tuchkevych_397484920,Volodymyr Tuchkevych,-1,0,45,48,-3,93,2021-08-21 01:15:00,518303
Artem Slashchev_128204,Artem Slashchev,1,1,48,40,8,88,2021-08-21 01:17:00,518304
D Sayanov_128278,D Sayanov,-3,0,24,33,-9,57,2021-08-21 01:17:00,518305
Oleksandr Yarovoi_2072925547,Oleksandr Yarovoi,-3,0,30,37,-7,67,2021-08-21 01:20:00,518306
R Pavlenko_128239,R Pavlenko,2,1,44,38,6,82,2021-08-21 01:33:00,518307
Dmitriy Pereyaslovskyi_176462,Dmitriy Pereyaslovskyi,1,1,56,53,3,109,2021-08-21 01:35:00,518308
V Safonov_128279,V Safonov,2,1,42,31,11,73,2021-08-21 01:45:00,518309
Samvel Melkumian_878526631,Samvel Melkumian,-1,0,39,47,-8,86,2021-08-21 01:45:00,518310
D Balakin_128205,D Balakin,-1,0,50,55,-5,105,2021-08-21 01:45:00,518311
Oleksii Tiutiunnyk_562432294,Oleksii Tiutiunnyk,-2,0,35,38,-3,73,2021-08-21 01:50:00,518312
Serhii Tkachev_176498,Serhii Tkachev,-3,0,27,36,-9,63,2021-08-21 01:55:00,518313
V Sidorin_128240,V Sidorin,1,1,46,49,-3,95,2021-08-21 02:03:00,518314
Artem Lisechko_176463,Artem Lisechko,2,1,41,35,6,76,2021-08-21 02:05:00,518315
D Sayanov_128280,D Sayanov,-3,0,21,33,-12,54,2021-08-21 02:15:00,518316
Igor Vatsyn_574228600,Igor Vatsyn,-2,0,31,42,-11,73,2021-08-21 02:15:00,518317
Artem Slashchev_128206,Artem Slashchev,-2,0,36,39,-3,75,2021-08-21 02:17:00,518318
Oleksandr Yarovoi_1101176387,Oleksandr Yarovoi,2,1,43,37,6,80,2021-08-21 02:20:00,518319
Pavlo Babenko_176499,Pavlo Babenko,-3,0,27,34,-7,61,2021-08-21 02:25:00,518320
E Ilyukhin_128241,E Ilyukhin,2,1,44,37,7,81,2021-08-21 02:32:00,518321
Pavlo Volkov_176464,Pavlo Volkov,-2,0,26,42,-16,68,2021-08-21 02:35:00,518322
Volodymyr Tuchkevych_409119603,Volodymyr Tuchkevych,-2,0,34,42,-8,76,2021-08-21 02:45:00,518323
E Kalashnikov_128281,E Kalashnikov,1,1,56,46,10,102,2021-08-21 02:47:00,518324
S Burov_128207,S Burov,1,1,43,45,-2,88,2021-08-21 02:49:00,518325
Oleksii Tiutiunnyk_459892524,Oleksii Tiutiunnyk,2,1,43,32,11,75,2021-08-21 02:50:00,518326
Serhii Tkachev_176500,Serhii Tkachev,-3,0,26,33,-7,59,2021-08-21 02:55:00,518327
D Korneev_128242,D Korneev,-3,0,19,33,-14,52,2021-08-21 03:01:00,518328
Oleksandr Shapoval_176465,Oleksandr Shapoval,-3,0,28,36,-8,64,2021-08-21 03:05:00,518329
Samvel Melkumian_264924277,Samvel Melkumian,-2,0,40,45,-5,85,2021-08-21 03:15:00,518330
D Popov_128208,D Popov,3,1,33,17,16,50,2021-08-21 03:17:00,518331
Oleksandr Yarovoi_609126499,Oleksandr Yarovoi,3,1,33,25,8,58,2021-08-21 03:20:00,518332
A Aslanyan_128282,A Aslanyan,3,1,33,18,15,51,2021-08-21 03:21:00,518333
Oleksii Hrymovskyi_176501,Oleksii Hrymovskyi,-1,0,41,48,-7,89,2021-08-21 03:25:00,518334
S Ogai_128243,S Ogai,-3,0,22,33,-11,55,2021-08-21 03:30:00,518335
Dmitriy Pereyaslovskyi_176466,Dmitriy Pereyaslovskyi,-1,0,39,48,-9,87,2021-08-21 03:35:00,518336
Igor Demchuk_1485642637,Igor Demchuk,3,1,33,19,14,52,2021-08-21 03:45:00,518337
N Zhurba_128283,N Zhurba,-3,0,19,35,-16,54,2021-08-21 03:47:00,518338
A Vlasov_128209,A Vlasov,-1,0,38,51,-13,89,2021-08-21 03:47:00,518339
Vitalii Solovei_835469059,Vitalii Solovei,3,1,33,17,16,50,2021-08-21 03:50:00,518340
Pavlo Babenko_176502,Pavlo Babenko,2,1,44,38,6,82,2021-08-21 03:55:00,518341
E Ilyukhin_128244,E Ilyukhin,-3,0,28,34,-6,62,2021-08-21 04:01:00,518342
Artem Lisechko_176467,Artem Lisechko,-3,0,24,33,-9,57,2021-08-21 04:05:00,518343
Igor Vatsyn_1026951409,Igor Vatsyn,-1,0,48,49,-1,97,2021-08-21 04:15:00,518344
E Kalashnikov_128284,E Kalashnikov,2,1,42,27,15,69,2021-08-21 04:17:00,518345
Oleksandr Yarovoi_2072815622,Oleksandr Yarovoi,-3,0,19,34,-15,53,2021-08-21 04:20:00,518346
S Burov_128210,S Burov,-2,0,41,47,-6,88,2021-08-21 04:23:00,518347
Serhii Tkachev_176503,Serhii Tkachev,2,1,41,34,7,75,2021-08-21 04:25:00,518348
S Ogai_128429,S Ogai,-1,0,39,49,-10,88,2021-08-21 04:34:00,518349
Pavlo Volkov_176468,Pavlo Volkov,-1,0,41,50,-9,91,2021-08-21 04:35:00,518350
A Aslanyan_128432,A Aslanyan,3,1,34,24,10,58,2021-08-21 04:45:00,518351
Samvel Melkumian_852212644,Samvel Melkumian,3,1,33,17,16,50,2021-08-21 04:45:00,518352
S Burov_128433,S Burov,2,1,43,38,5,81,2021-08-21 04:48:00,518353
Oleksii Tiutiunnyk_562400777,Oleksii Tiutiunnyk,-1,0,48,45,3,93,2021-08-21 04:50:00,518354
Pavlo Babenko_176504,Pavlo Babenko,-2,0,34,41,-7,75,2021-08-21 04:55:00,518355
V Sidorin_128430,V Sidorin,-3,0,20,33,-13,53,2021-08-21 05:04:00,518356
Oleksandr Shapoval_176469,Oleksandr Shapoval,-2,0,26,36,-10,62,2021-08-21 05:05:00,518357
Roman Vashchuk_1340902406,Roman Vashchuk,-2,0,32,44,-12,76,2021-08-21 05:15:00,518358
D Balakin_128434,D Balakin,-2,0,32,39,-7,71,2021-08-21 05:16:00,518359
E Kalashnikov_128431,E Kalashnikov,-3,0,12,33,-21,45,2021-08-21 05:16:00,518360
Oleksandr Yarovoi_1092051178,Oleksandr Yarovoi,-1,0,44,47,-3,91,2021-08-21 05:20:00,518361
Oleksii Hrymovskyi_176505,Oleksii Hrymovskyi,2,1,39,31,8,70,2021-08-21 05:25:00,518362
Artem Lisechko_176470,Artem Lisechko,2,1,42,30,12,72,2021-08-21 05:35:00,518363
Oleksii Tiutiunnyk_460063301,Oleksii Tiutiunnyk,3,1,33,17,16,50,2021-08-21 05:50:00,518364
Serhii Tkachev_176506,Serhii Tkachev,-1,0,39,51,-12,90,2021-08-21 05:55:00,518365
Mykola Polysynskyi_176471,Mykola Polysynskyi,-2,0,32,40,-8,72,2021-08-21 06:05:00,518366
Oleksandr Yarovoi_1845838730,Oleksandr Yarovoi,-1,0,41,46,-5,87,2021-08-21 06:20:00,518367
Yevhen Kyi_176507,Yevhen Kyi,2,1,43,31,12,74,2021-08-21 06:25:00,518368
Artem Lisechko_176472,Artem Lisechko,-1,0,42,48,-6,90,2021-08-21 06:35:00,518369
Vitalii Solovei_1338871924,Vitalii Solovei,-3,0,23,33,-10,56,2021-08-21 06:50:00,518370
Oleksandr Mishchenko_176806,Oleksandr Mishchenko,-2,0,36,42,-6,78,2021-08-21 06:55:00,518371
Dmitriy Pereyaslovskyi_176473,Dmitriy Pereyaslovskyi,-2,0,33,42,-9,75,2021-08-21 07:05:00,518372
Yevhen Kyi_176807,Yevhen Kyi,2,1,45,29,16,74,2021-08-21 07:25:00,518373
M Glushkov_128344,M Glushkov,-1,0,47,49,-2,96,2021-08-21 07:32:00,518374
Yu Gavrilov_128372,Yu Gavrilov,3,1,33,23,10,56,2021-08-21 07:46:00,518375
Nikita Trofimov_367569622,Nikita Trofimov,3,1,33,18,15,51,2021-08-21 07:50:00,518376
Oleh Holiak_176540,Oleh Holiak,-2,0,34,40,-6,74,2021-08-21 07:50:00,518377
S Lanovenko_128310,S Lanovenko,3,1,35,25,10,60,2021-08-21 07:50:00,518378
Dmytro Shukin_739745965,Dmytro Shukin,-3,0,26,36,-10,62,2021-08-21 07:55:00,518379
Marharyta Saltanovska_176555,Marharyta Saltanovska,1,1,50,41,9,91,2021-08-21 08:00:00,518380
Oleksii Korobov_176569,Oleksii Korobov,3,1,37,27,10,64,2021-08-21 08:05:00,518381
S Ovechkin_128345,S Ovechkin,2,1,41,34,7,75,2021-08-21 08:06:00,518382
Roman Zholubak_176584,Roman Zholubak,-3,0,23,33,-10,56,2021-08-21 08:10:00,518383
Vladyslav Stukalov_176599,Vladyslav Stukalov,-3,0,12,33,-21,45,2021-08-21 08:15:00,518384
A Golyshev_128373,A Golyshev,2,1,44,36,8,80,2021-08-21 08:16:00,518385
I Meteleshko_128311,I Meteleshko,-3,0,22,35,-13,57,2021-08-21 08:16:00,518386
Serhii Prus_176541,Serhii Prus,1,1,50,43,7,93,2021-08-21 08:20:00,518387
Yevhen Pysmennyi_32691774,Yevhen Pysmennyi,3,1,38,29,9,67,2021-08-21 08:25:00,518388
Vіtalіy Krokhmal_1347708274,Vіtalіy Krokhmal,-1,0,44,44,0,88,2021-08-21 08:30:00,518389
Anzhela Hassan_176565,Anzhela Hassan,-1,0,41,52,-11,93,2021-08-21 08:30:00,518390
A Kononenko_128346,A Kononenko,-1,0,43,42,1,85,2021-08-21 08:31:00,518391
Ihor Sobko_176570,Ihor Sobko,-1,0,39,55,-16,94,2021-08-21 08:35:00,518392
Bohdan Kohut_1741755744,Bohdan Kohut,-1,0,47,50,-3,97,2021-08-21 08:35:00,518393
Tatiana Bairak_1651492148,Tatiana Bairak,-2,0,34,47,-13,81,2021-08-21 08:40:00,518394
Oleksandr Dukhovenko_176585,Oleksandr Dukhovenko,1,1,49,44,5,93,2021-08-21 08:40:00,518395
Dmytro Kunchurov_176600,Dmytro Kunchurov,3,1,33,14,19,47,2021-08-21 08:45:00,518396
A Savinskiy_128312,A Savinskiy,1,1,52,49,3,101,2021-08-21 08:45:00,518397
E Golovachev_128374,E Golovachev,-2,0,47,48,-1,95,2021-08-21 08:45:00,518398
Andrey Matcyk_1368303357,Andrey Matcyk,1,1,42,37,5,79,2021-08-21 08:45:00,518399
Mykola Shyshkin_176542,Mykola Shyshkin,-3,0,17,33,-16,50,2021-08-21 08:50:00,518400
Oleksii Tkachuk_360767063,Oleksii Tkachuk,-2,0,36,45,-9,81,2021-08-21 08:50:00,518401
Sviatoslav Sachuk_176614,Sviatoslav Sachuk,3,1,33,17,16,50,2021-08-21 08:50:00,518402
Vitalii Kyilo_176624,Vitalii Kyilo,-3,0,21,33,-12,54,2021-08-21 08:55:00,518403
Mykola Lytvynenko_1252309566,Mykola Lytvynenko,-1,0,46,53,-7,99,2021-08-21 08:55:00,518404
Artem Borysov_767923565,Artem Borysov,-3,0,27,39,-12,66,2021-08-21 08:55:00,518405
Marharyta Saltanovska_176557,Marharyta Saltanovska,-3,0,23,33,-10,56,2021-08-21 09:00:00,518406
Jan Holan_176768,Jan Holan,3,1,34,16,18,50,2021-08-21 09:00:00,518407
P Pycha_28822,P Pycha,-1,0,26,45,-19,71,2021-08-21 09:00:00,518408
Serhii Hohenko_549973503,Serhii Hohenko,3,1,36,30,6,66,2021-08-21 09:00:00,518409
P Vshivkov_128347,P Vshivkov,2,1,38,32,6,70,2021-08-21 09:01:00,518410
Ivan Kozyr_884137245,Ivan Kozyr,3,1,36,28,8,64,2021-08-21 09:05:00,518411
Vitalii Ryndia_176571,Vitalii Ryndia,1,1,45,50,-5,95,2021-08-21 09:05:00,518412
Vitalii Lievshin_384827899,Vitalii Lievshin,2,1,41,33,8,74,2021-08-21 09:10:00,518413
Vadym Bochkovskyi_176586,Vadym Bochkovskyi,2,1,43,34,9,77,2021-08-21 09:10:00,518414
Oleksandr Durduka_176601,Oleksandr Durduka,-1,0,36,40,-4,76,2021-08-21 09:15:00,518415
Olena Telezhynska_1926909482,Olena Telezhynska,2,1,43,32,11,75,2021-08-21 09:15:00,518416
A Trushkin_128375,A Trushkin,-2,0,29,38,-9,67,2021-08-21 09:17:00,518417
R Agababyan_128313,R Agababyan,-2,0,33,41,-8,74,2021-08-21 09:17:00,518418
Serhii Prus_176543,Serhii Prus,-3,0,31,38,-7,69,2021-08-21 09:20:00,518419
Viktor Milishcuk_2122688283,Viktor Milishcuk,-3,0,23,34,-11,57,2021-08-21 09:20:00,518420
Oleh Kuzyshyn_176615,Oleh Kuzyshyn,1,1,51,38,13,89,2021-08-21 09:20:00,518421
Taras Yemelianov_176625,Taras Yemelianov,-3,0,23,34,-11,57,2021-08-21 09:25:00,518422
Igor Piskorskyu_276703031,Igor Piskorskyu,-1,0,43,43,0,86,2021-08-21 09:25:00,518423
Alisa Dubrova_176558,Alisa Dubrova,-2,0,34,40,-6,74,2021-08-21 09:30:00,518424
Jan Zajicek_176769,Jan Zajicek,-2,0,37,43,-6,80,2021-08-21 09:30:00,518425
Dmytro Dubrovin_1606905685,Dmytro Dubrovin,1,1,47,39,8,86,2021-08-21 09:30:00,518426
Pavlo Plushch_745616134,Pavlo Plushch,3,1,33,20,13,53,2021-08-21 09:30:00,518427
A Kononenko_128348,A Kononenko,-1,0,54,57,-3,111,2021-08-21 09:31:00,518428
V Dolezal_28823,V Dolezal,-3,0,23,33,-10,56,2021-08-21 09:31:00,518429
Yevhen Pysmennyi_1838970089,Yevhen Pysmennyi,1,1,42,43,-1,85,2021-08-21 09:35:00,518430
Ihor Sobko_176572,Ihor Sobko,-3,0,20,33,-13,53,2021-08-21 09:35:00,518431
Oleksandr Dukhovenko_176587,Oleksandr Dukhovenko,-2,0,32,40,-8,72,2021-08-21 09:40:00,518432
Vіtalіy Krokhmal_1501199315,Vіtalіy Krokhmal,-2,0,37,45,-8,82,2021-08-21 09:40:00,518433
Bohdan Kohut_1116595615,Bohdan Kohut,-2,0,39,45,-6,84,2021-08-21 09:45:00,518434
Dmytro Kunchurov_176602,Dmytro Kunchurov,-1,0,47,45,2,92,2021-08-21 09:45:00,518435
A Savinskiy_128314,A Savinskiy,2,1,40,31,9,71,2021-08-21 09:45:00,518436
E Golovachev_128376,E Golovachev,3,1,34,22,12,56,2021-08-21 09:45:00,518437
Oleh Holiak_176544,Oleh Holiak,-2,0,32,41,-9,73,2021-08-21 09:50:00,518438
Tatiana Bairak_59487050,Tatiana Bairak,2,1,39,33,6,72,2021-08-21 09:50:00,518439
Sviatoslav Sachuk_176616,Sviatoslav Sachuk,2,1,42,30,12,72,2021-08-21 09:50:00,518440
Andrey Matcyk_1195921732,Andrey Matcyk,2,1,46,38,8,84,2021-08-21 09:55:00,518441
Vitalii Kyilo_176626,Vitalii Kyilo,-3,0,22,33,-11,55,2021-08-21 09:55:00,518442
Oleksii Tkachuk_1957229991,Oleksii Tkachuk,-3,0,26,34,-8,60,2021-08-21 10:00:00,518443
M Kolar_28824,M Kolar,-3,0,21,33,-12,54,2021-08-21 10:00:00,518444
Jan Zajicek_176770,Jan Zajicek,3,1,33,23,10,56,2021-08-21 10:00:00,518445
Anzhela Hassan_176566,Anzhela Hassan,-2,0,23,42,-19,65,2021-08-21 10:00:00,518446
Oleksii Korobov_176573,Oleksii Korobov,2,1,40,34,6,74,2021-08-21 10:05:00,518447
Artem Borysov_939830370,Artem Borysov,-3,0,17,33,-16,50,2021-08-21 10:05:00,518448
Mykola Lytvynenko_798281297,Mykola Lytvynenko,-2,0,35,41,-6,76,2021-08-21 10:05:00,518449
Nikita Trofimov_1947758093,Nikita Trofimov,-2,0,35,41,-6,76,2021-08-21 10:10:00,518450
Roman Zholubak_176588,Roman Zholubak,-1,0,44,53,-9,97,2021-08-21 10:10:00,518451
S Ovechkin_128437,S Ovechkin,2,1,43,29,14,72,2021-08-21 10:11:00,518452
A Golyshev_128377,A Golyshev,-3,0,24,35,-11,59,2021-08-21 10:15:00,518453
Dmytro Shukin_1719637439,Dmytro Shukin,2,1,39,35,4,74,2021-08-21 10:15:00,518454
I Meteleshko_128315,I Meteleshko,-2,0,37,43,-6,80,2021-08-21 10:15:00,518455
Vladyslav Stukalov_176603,Vladyslav Stukalov,1,1,50,49,1,99,2021-08-21 10:15:00,518456
Vladimir Lushnikov_867746700,Vladimir Lushnikov,1,1,53,49,4,102,2021-08-21 10:20:00,518457
Maksym Mrykh_176617,Maksym Mrykh,-3,0,17,33,-16,50,2021-08-21 10:20:00,518458
Serhii Hot_176545,Serhii Hot,-2,0,34,39,-5,73,2021-08-21 10:20:00,518459
Olena Telezhynska_1777770196,Olena Telezhynska,1,1,47,44,3,91,2021-08-21 10:25:00,518460
Maksym Marchuk_176627,Maksym Marchuk,-1,0,46,53,-7,99,2021-08-21 10:25:00,518461
Jan Holan_176771,Jan Holan,3,1,36,25,11,61,2021-08-21 10:30:00,518462
Marharyta Saltanovska_176560,Marharyta Saltanovska,-2,0,32,41,-9,73,2021-08-21 10:30:00,518463
Maxim Naumchuk_804172172,Maxim Naumchuk,1,1,43,47,-4,90,2021-08-21 10:30:00,518464
Ja Sich_28825,Ja Sich,2,1,42,36,6,78,2021-08-21 10:30:00,518465
Yaroslav Vorsuliak_377962283,Yaroslav Vorsuliak,1,1,47,43,4,90,2021-08-21 10:35:00,518466
Oleksandr Sharanyuk_176574,Oleksandr Sharanyuk,-1,0,52,53,-1,105,2021-08-21 10:35:00,518467
Sergey Filatov_217007086,Sergey Filatov,-1,0,44,51,-7,95,2021-08-21 10:40:00,518468
Valentin Korovichenko_176589,Valentin Korovichenko,3,1,33,27,6,60,2021-08-21 10:40:00,518469
Pavlo Plushch_217548446,Pavlo Plushch,1,1,53,49,4,102,2021-08-21 10:40:00,518470
A Kononenko_128440,A Kononenko,-3,0,22,33,-11,55,2021-08-21 10:42:00,518471
Oleksandr Levadnyi_116618960,Oleksandr Levadnyi,-1,0,47,46,1,93,2021-08-21 10:45:00,518472
Volodymyr Kononikhin_176604,Volodymyr Kononikhin,3,1,33,12,21,45,2021-08-21 10:45:00,518473
A Trushkin_128435,A Trushkin,-1,0,48,51,-3,99,2021-08-21 10:46:00,518474
R Agababyan_128438,R Agababyan,-2,0,31,37,-6,68,2021-08-21 10:48:00,518475
Dmitriy Lebed_1639827628,Dmitriy Lebed,3,1,33,15,18,48,2021-08-21 10:50:00,518476
Oleh Kuzyshyn_176618,Oleh Kuzyshyn,2,1,41,32,9,73,2021-08-21 10:50:00,518477
Mykola Shyshkin_176546,Mykola Shyshkin,-2,0,35,42,-7,77,2021-08-21 10:50:00,518478
Vitalii Lievshin_1902792276,Vitalii Lievshin,1,1,44,46,-2,90,2021-08-21 10:55:00,518479
Taras Yemelianov_176628,Taras Yemelianov,-2,0,29,40,-11,69,2021-08-21 10:55:00,518480
Anzhela Hassan_176567,Anzhela Hassan,-2,0,35,39,-4,74,2021-08-21 11:00:00,518481
Tomas Vorisek_176772,Tomas Vorisek,1,1,48,43,5,91,2021-08-21 11:00:00,518482
Tatiana Bairak_1408617813,Tatiana Bairak,-3,0,18,33,-15,51,2021-08-21 11:00:00,518483
M Kolar_28826,M Kolar,1,1,52,40,12,92,2021-08-21 11:00:00,518484
S Ovechkin_128441,S Ovechkin,3,1,37,29,8,66,2021-08-21 11:03:00,518485
Viktor Milishcuk_1823355296,Viktor Milishcuk,3,1,36,27,9,63,2021-08-21 11:05:00,518486
Vitalii Ryndia_176575,Vitalii Ryndia,-1,0,45,49,-4,94,2021-08-21 11:05:00,518487
Igor Piskorskyu_1400838538,Igor Piskorskyu,2,1,38,40,-2,78,2021-08-21 11:10:00,518488
Vadym Bochkovskyi_176590,Vadym Bochkovskyi,-2,0,34,46,-12,80,2021-08-21 11:10:00,518489
Dmytro Dubrovin_365242519,Dmytro Dubrovin,-2,0,30,42,-12,72,2021-08-21 11:15:00,518490
Artem Borysov_1701655097,Artem Borysov,1,1,53,47,6,100,2021-08-21 11:15:00,518491
Oleksandr Durduka_176605,Oleksandr Durduka,-3,0,22,34,-12,56,2021-08-21 11:15:00,518492
S Lanovenko_128439,S Lanovenko,1,1,58,51,7,109,2021-08-21 11:16:00,518493
A Golyshev_128436,A Golyshev,-3,0,20,34,-14,54,2021-08-21 11:16:00,518494
Serhii Prus_176547,Serhii Prus,3,1,36,23,13,59,2021-08-21 11:20:00,518495
Sviatoslav Sachuk_176619,Sviatoslav Sachuk,2,1,41,26,15,67,2021-08-21 11:20:00,518496
Serhii Hohenko_303607629,Serhii Hohenko,1,1,40,40,0,80,2021-08-21 11:20:00,518497
Vitalii Kyilo_176629,Vitalii Kyilo,-3,0,20,33,-13,53,2021-08-21 11:25:00,518498
Ivan Kozyr_2001417117,Ivan Kozyr,-3,0,25,34,-9,59,2021-08-21 11:25:00,518499
V Dolezal_28827,V Dolezal,1,1,47,45,2,92,2021-08-21 11:30:00,518500
Bohdan Kohut_271158368,Bohdan Kohut,1,1,48,47,1,95,2021-08-21 11:30:00,518501
Alisa Dubrova_176562,Alisa Dubrova,-3,0,15,33,-18,48,2021-08-21 11:30:00,518502
Jan Holan_176773,Jan Holan,3,1,34,17,17,51,2021-08-21 11:30:00,518503
Ihor Sobko_176576,Ihor Sobko,1,1,47,38,9,85,2021-08-21 11:35:00,518504
R Astreev_128406,R Astreev,2,1,41,34,7,75,2021-08-21 11:35:00,518505
Larisa Starikova_1609396865,Larisa Starikova,3,1,33,16,17,49,2021-08-21 11:35:00,518506
Oleksandr Dukhovenko_176591,Oleksandr Dukhovenko,-3,0,17,33,-16,50,2021-08-21 11:40:00,518507
Andrey Matcyk_1703168840,Andrey Matcyk,-3,0,23,35,-12,58,2021-08-21 11:40:00,518508
Dmytro Kunchurov_176606,Dmytro Kunchurov,-2,0,39,43,-4,82,2021-08-21 11:45:00,518509
Oleksii Tkachuk_885764115,Oleksii Tkachuk,-3,0,30,36,-6,66,2021-08-21 11:45:00,518510
M Pronkin_128378,M Pronkin,2,1,44,32,12,76,2021-08-21 11:48:00,518511
A Tsitselskii_128316,A Tsitselskii,-2,0,37,43,-6,80,2021-08-21 11:49:00,518512
Andrii Kaptanovskyi_663908414,Andrii Kaptanovskyi,2,1,41,36,5,77,2021-08-21 11:50:00,518513
Oleh Holiak_176548,Oleh Holiak,1,1,46,39,7,85,2021-08-21 11:50:00,518514
Mykola Lytvynenko_2041104370,Mykola Lytvynenko,-2,0,43,47,-4,90,2021-08-21 11:50:00,518515
Oleh Kuzyshyn_176620,Oleh Kuzyshyn,3,1,33,24,9,57,2021-08-21 11:50:00,518516
Yevhen Pysmennyi_1644308057,Yevhen Pysmennyi,-2,0,39,39,0,78,2021-08-21 11:55:00,518517
Taras Yemelianov_176630,Taras Yemelianov,1,1,45,44,1,89,2021-08-21 11:55:00,518518
O Pronin_128407,O Pronin,-1,0,44,49,-5,93,2021-08-21 12:00:00,518519
Vіtalіy Krokhmal_488922054,Vіtalіy Krokhmal,2,1,41,33,8,74,2021-08-21 12:00:00,518520
Marharyta Saltanovska_176568,Marharyta Saltanovska,1,1,52,45,7,97,2021-08-21 12:00:00,518521
V Dolezal_28853,V Dolezal,-3,0,21,35,-14,56,2021-08-21 12:03:00,518522
Vladimir Lushnikov_764071468,Vladimir Lushnikov,-1,0,41,53,-12,94,2021-08-21 12:05:00,518523
Oleksii Korobov_176577,Oleksii Korobov,-1,0,43,48,-5,91,2021-08-21 12:05:00,518524
Daniel Barta_176828,Daniel Barta,2,1,39,36,3,75,2021-08-21 12:05:00,518525
Olena Telezhynska_747719752,Olena Telezhynska,3,1,34,18,16,52,2021-08-21 12:10:00,518526
Roman Zholubak_176592,Roman Zholubak,-3,0,13,33,-20,46,2021-08-21 12:10:00,518527
Maxim Naumchuk_671678058,Maxim Naumchuk,1,1,47,42,5,89,2021-08-21 12:15:00,518528
Vladyslav Stukalov_176607,Vladyslav Stukalov,-1,0,44,49,-5,93,2021-08-21 12:15:00,518529
I Buyanin_128379,I Buyanin,-2,0,35,42,-7,77,2021-08-21 12:17:00,518530
A Serebrennikov_128317,A Serebrennikov,3,1,33,18,15,51,2021-08-21 12:17:00,518531
Maksym Mrykh_176621,Maksym Mrykh,1,1,47,36,11,83,2021-08-21 12:20:00,518532
Serhii Hot_176549,Serhii Hot,-1,0,44,45,-1,89,2021-08-21 12:20:00,518533
Yaroslav Vorsuliak_1217838323,Yaroslav Vorsuliak,-2,0,34,41,-7,75,2021-08-21 12:20:00,518534
Artem Borysov_1572608979,Artem Borysov,-3,0,30,36,-6,66,2021-08-21 12:25:00,518535
Sergey Filatov_835554694,Sergey Filatov,3,1,34,24,10,58,2021-08-21 12:25:00,518536
Maksym Marchuk_176631,Maksym Marchuk,-1,0,44,45,-1,89,2021-08-21 12:25:00,518537
Diana Yevtodii_176564,Diana Yevtodii,2,1,35,35,0,70,2021-08-21 12:30:00,518538
M Kolar_28854,M Kolar,-2,0,37,45,-8,82,2021-08-21 12:30:00,518539
Nikita Trofimov_1293947229,Nikita Trofimov,2,1,48,40,8,88,2021-08-21 12:30:00,518540
M Marchenko_128408,M Marchenko,2,1,41,34,7,75,2021-08-21 12:32:00,518541
Dmytro Shukin_1248430986,Dmytro Shukin,1,1,53,50,3,103,2021-08-21 12:35:00,518542
Tomas Vorisek_176829,Tomas Vorisek,-2,0,30,41,-11,71,2021-08-21 12:35:00,518543
Oleksandr Sharanyuk_176578,Oleksandr Sharanyuk,-3,0,23,33,-10,56,2021-08-21 12:35:00,518544
Valentin Korovichenko_176593,Valentin Korovichenko,-2,0,35,41,-6,76,2021-08-21 12:40:00,518545
Vitalii Lievshin_1533045809,Vitalii Lievshin,1,1,48,41,7,89,2021-08-21 12:40:00,518546
Tatiana Bairak_459892897,Tatiana Bairak,1,1,56,48,8,104,2021-08-21 12:45:00,518547
Volodymyr Kononikhin_176608,Volodymyr Kononikhin,3,1,33,18,15,51,2021-08-21 12:45:00,518548
A Chumikov_128318,A Chumikov,2,1,45,40,5,85,2021-08-21 12:46:00,518549
F Ambrosimov_128380,F Ambrosimov,-3,0,18,33,-15,51,2021-08-21 12:48:00,518550
Sviatoslav Sachuk_176622,Sviatoslav Sachuk,1,1,52,38,14,90,2021-08-21 12:50:00,518551
Viktor Milishcuk_790071528,Viktor Milishcuk,-1,0,35,48,-13,83,2021-08-21 12:50:00,518552
Mykola Shyshkin_176550,Mykola Shyshkin,-3,0,22,33,-11,55,2021-08-21 12:50:00,518553
Vitalii Kyilo_176632,Vitalii Kyilo,2,1,39,38,1,77,2021-08-21 12:55:00,518554
Igor Piskorskyu_864172242,Igor Piskorskyu,-1,0,42,43,-1,85,2021-08-21 12:55:00,518555
T Batthyany_28828,T Batthyany,3,1,33,14,19,47,2021-08-21 13:00:00,518556
Viktor Kucala_176774,Viktor Kucala,-3,0,19,34,-15,53,2021-08-21 13:00:00,518557
Dmytro Dubrovin_1952256164,Dmytro Dubrovin,-1,0,43,53,-10,96,2021-08-21 13:00:00,518558
A Tregub_128409,A Tregub,-3,0,15,33,-18,48,2021-08-21 13:00:00,518559
Pavlo Plushch_1380913956,Pavlo Plushch,2,1,40,26,14,66,2021-08-21 13:00:00,518560
Vitalii Ryndia_176579,Vitalii Ryndia,-2,0,26,37,-11,63,2021-08-21 13:05:00,518561
Oleksandr Levadnyi_721645290,Oleksandr Levadnyi,-2,0,34,45,-11,79,2021-08-21 13:05:00,518562
Dmitriy Lebed_1398541538,Dmitriy Lebed,-1,0,44,52,-8,96,2021-08-21 13:10:00,518563
Vadym Bochkovskyi_176594,Vadym Bochkovskyi,-1,0,44,52,-8,96,2021-08-21 13:10:00,518564
Alisa Dubrova_176830,Alisa Dubrova,3,1,33,22,11,55,2021-08-21 13:10:00,518565
Dmytro Yaremchuk_1666215265,Dmytro Yaremchuk,-3,0,22,34,-12,56,2021-08-21 13:15:00,518566
Oleksandr Durduka_176609,Oleksandr Durduka,-1,0,53,51,2,104,2021-08-21 13:15:00,518567
A Innazarov_128381,A Innazarov,-2,0,34,41,-7,75,2021-08-21 13:15:00,518568
A Aslanyan_128319,A Aslanyan,2,1,42,35,7,77,2021-08-21 13:17:00,518569
Olena Telezhynska_1495526360,Olena Telezhynska,1,1,51,50,1,101,2021-08-21 13:20:00,518570
Oleh Holiak_176551,Oleh Holiak,2,1,42,33,9,75,2021-08-21 13:20:00,518571
Dmytro Prokopenko_176623,Dmytro Prokopenko,-2,0,31,39,-8,70,2021-08-21 13:20:00,518572
Vasil Salivonchyk_64575606,Vasil Salivonchyk,3,1,34,21,13,55,2021-08-21 13:25:00,518573
Ruslan Onishchenko_176633,Ruslan Onishchenko,-3,0,20,34,-14,54,2021-08-21 13:25:00,518574
Milan Liptak_176775,Milan Liptak,1,1,46,45,1,91,2021-08-21 13:30:00,518575
K Brozik_28829,K Brozik,-3,0,16,33,-17,49,2021-08-21 13:30:00,518576
Dmytro Zeniuk_958529155,Dmytro Zeniuk,-3,0,21,33,-12,54,2021-08-21 13:30:00,518577
M Marchenko_128410,M Marchenko,1,1,49,45,4,94,2021-08-21 13:32:00,518578
Artem Borysov_1195425730,Artem Borysov,-3,0,26,34,-8,60,2021-08-21 13:35:00,518579
Yurii Teteria_214927911,Yurii Teteria,-2,0,33,41,-8,74,2021-08-21 13:35:00,518580
Oleksii Korobov_176580,Oleksii Korobov,-2,0,38,39,-1,77,2021-08-21 13:35:00,518581
Nataliia Svydnytska_176831,Nataliia Svydnytska,3,1,33,18,15,51,2021-08-21 13:40:00,518582
Roman Zholubak_176595,Roman Zholubak,-1,0,45,47,-2,92,2021-08-21 13:40:00,518583
Serhii Hohenko_1712008374,Serhii Hohenko,-2,0,36,38,-2,74,2021-08-21 13:40:00,518584
Vladyslav Stukalov_176610,Vladyslav Stukalov,-1,0,37,52,-15,89,2021-08-21 13:45:00,518585
Ivan Kozyr_1068687214,Ivan Kozyr,2,1,46,40,6,86,2021-08-21 13:45:00,518586
F Ambrosimov_128382,F Ambrosimov,-3,0,20,33,-13,53,2021-08-21 13:47:00,518587
A Chumikov_128320,A Chumikov,-3,0,25,36,-11,61,2021-08-21 13:48:00,518588
Bohdan Kohut_1357457193,Bohdan Kohut,-3,0,19,33,-14,52,2021-08-21 13:50:00,518589
Vladyslav-Ivan Sheremeta_176552,Vladyslav-Ivan Sheremeta,-3,0,31,38,-7,69,2021-08-21 13:50:00,518590
Maksym Marchuk_176832,Maksym Marchuk,2,1,40,34,6,74,2021-08-21 13:55:00,518591
Tatiana Bairak_1680365592,Tatiana Bairak,-3,0,20,33,-13,53,2021-08-21 13:55:00,518592
Oleh Kuzyshyn_176834,Oleh Kuzyshyn,-1,0,37,43,-6,80,2021-08-21 13:55:00,518593
Jr. Mecl_28830,Jr. Mecl,3,1,33,21,12,54,2021-08-21 14:00:00,518594
Andrey Matcyk_856455599,Andrey Matcyk,-2,0,36,42,-6,78,2021-08-21 14:00:00,518595
Milan Liptak_176776,Milan Liptak,-2,0,37,41,-4,78,2021-08-21 14:00:00,518596
O Pronin_128411,O Pronin,2,1,42,30,12,72,2021-08-21 14:02:00,518597
Ruslan Tolstykh_176581,Ruslan Tolstykh,-2,0,34,43,-9,77,2021-08-21 14:05:00,518598
Oleksii Tkachuk_530445259,Oleksii Tkachuk,1,1,51,43,8,94,2021-08-21 14:05:00,518599
Pavlo Plushch_217688861,Pavlo Plushch,-1,0,37,49,-12,86,2021-08-21 14:10:00,518600
Andrii Kovrikov_176596,Andrii Kovrikov,-2,0,36,44,-8,80,2021-08-21 14:10:00,518601
Mykola Lytvynenko_765448238,Mykola Lytvynenko,-1,0,44,46,-2,90,2021-08-21 14:10:00,518602
A Serebrennikov_128321,A Serebrennikov,-1,0,40,50,-10,90,2021-08-21 14:15:00,518603
Ivan Panchenko_176611,Ivan Panchenko,-3,0,23,33,-10,56,2021-08-21 14:15:00,518604
Nikita Trofimov_1342991737,Nikita Trofimov,-1,0,56,49,7,105,2021-08-21 14:15:00,518605
I Buyanin_128383,I Buyanin,-3,0,29,35,-6,64,2021-08-21 14:16:00,518606
Oleh Holiak_176553,Oleh Holiak,3,1,33,17,16,50,2021-08-21 14:20:00,518607
Dmytro Shukin_290068463,Dmytro Shukin,1,1,47,51,-4,98,2021-08-21 14:20:00,518608
Dmytro Yaremchuk_397664513,Dmytro Yaremchuk,3,1,34,26,8,60,2021-08-21 14:25:00,518609
Oleh Volynets_176835,Oleh Volynets,2,1,42,34,8,76,2021-08-21 14:25:00,518610
Ihor Oranskyi_176833,Ihor Oranskyi,2,1,39,37,2,76,2021-08-21 14:25:00,518611
Olena Telezhynska_2068717495,Olena Telezhynska,1,1,52,44,8,96,2021-08-21 14:30:00,518612
Viktor Kucala_176777,Viktor Kucala,3,1,36,29,7,65,2021-08-21 14:30:00,518613
L Jindrak_28831,L Jindrak,3,1,33,19,14,52,2021-08-21 14:30:00,518614
A Tregub_128442,A Tregub,-1,0,46,44,2,90,2021-08-21 14:32:00,518615
Oleksii Korobov_176582,Oleksii Korobov,1,1,48,45,3,93,2021-08-21 14:35:00,518616
Andrey Matcyk_1901647159,Andrey Matcyk,2,1,37,28,9,65,2021-08-21 14:35:00,518617
Oleksii Tkachuk_1620592229,Oleksii Tkachuk,3,1,36,29,7,65,2021-08-21 14:40:00,518618
Roman Zholubak_176597,Roman Zholubak,-2,0,37,46,-9,83,2021-08-21 14:40:00,518619
Vladyslav Stukalov_176612,Vladyslav Stukalov,-1,0,49,54,-5,103,2021-08-21 14:45:00,518620
Artem Borysov_1701478681,Artem Borysov,-2,0,34,42,-8,76,2021-08-21 14:45:00,518621
Sergey Filatov_935996183,Sergey Filatov,3,1,37,30,7,67,2021-08-21 14:45:00,518622
F Ambrosimov_128478,F Ambrosimov,-1,0,47,53,-6,100,2021-08-21 14:47:00,518623
Yevhen Masko_2064888181,Yevhen Masko,3,1,37,31,6,68,2021-08-21 14:50:00,518624
Serhii Prus_176554,Serhii Prus,3,1,33,16,17,49,2021-08-21 14:50:00,518625
Dmytro Arzanov_1018018630,Dmytro Arzanov,-2,0,35,44,-9,79,2021-08-21 14:55:00,518626
A Chumikov_128514,A Chumikov,-2,0,30,38,-8,68,2021-08-21 14:55:00,518627
Jr. Mecl_28832,Jr. Mecl,-1,0,42,48,-6,90,2021-08-21 15:00:00,518628
Oleksandr Didukh_585465377,Oleksandr Didukh,3,1,33,24,9,57,2021-08-21 15:00:00,518629
Ludek Stoces_176778,Ludek Stoces,-2,0,32,36,-4,68,2021-08-21 15:00:00,518630
O Pronin_128443,O Pronin,-3,0,25,34,-9,59,2021-08-21 15:00:00,518631
Larisa Starikova_1609258364,Larisa Starikova,1,1,55,44,11,99,2021-08-21 15:05:00,518632
Ihor Sobko_176583,Ihor Sobko,-3,0,18,33,-15,51,2021-08-21 15:05:00,518633
Oleksandr Dukhovenko_176598,Oleksandr Dukhovenko,2,1,45,41,4,86,2021-08-21 15:10:00,518634
Viktor Milishcuk_1881664405,Viktor Milishcuk,-1,0,47,54,-7,101,2021-08-21 15:10:00,518635
Yaroslav Vorsuliak_792246212,Yaroslav Vorsuliak,-1,0,37,40,-3,77,2021-08-21 15:15:00,518636
Dmytro Kunchurov_176613,Dmytro Kunchurov,-1,0,42,49,-7,91,2021-08-21 15:15:00,518637
A Serebrennikov_128515,A Serebrennikov,1,1,52,49,3,101,2021-08-21 15:16:00,518638
A Innazarov_128485,A Innazarov,1,1,49,46,3,95,2021-08-21 15:18:00,518639
Yaroslav Tebenko_176634,Yaroslav Tebenko,2,1,42,28,14,70,2021-08-21 15:20:00,518640
Andrii Kaptanovskyi_711861745,Andrii Kaptanovskyi,-3,0,25,34,-9,59,2021-08-21 15:20:00,518641
Yurii Teteria_1655119939,Yurii Teteria,2,1,43,34,9,77,2021-08-21 15:20:00,518642
Nikita Trofimov_1279125200,Nikita Trofimov,3,1,33,23,10,56,2021-08-21 15:25:00,518643
Dmytro Shukin_295160538,Dmytro Shukin,-2,0,36,44,-8,80,2021-08-21 15:30:00,518644
Yuliia Khilinska_176818,Yuliia Khilinska,-1,0,40,47,-7,87,2021-08-21 15:30:00,518645
Viktor Kucala_176779,Viktor Kucala,-1,0,42,51,-9,93,2021-08-21 15:30:00,518646
K Brozik_28833,K Brozik,-2,0,35,45,-10,80,2021-08-21 15:30:00,518647
A Sadkov_128350,A Sadkov,-2,0,30,41,-11,71,2021-08-21 15:35:00,518648
Denys Shcherbak_1352775049,Denys Shcherbak,-1,0,52,59,-7,111,2021-08-21 15:35:00,518649
Andrii Matiushenko_176673,Andrii Matiushenko,-3,0,17,33,-16,50,2021-08-21 15:35:00,518650
Artem Yurkov_176798,Artem Yurkov,-1,0,54,57,-3,111,2021-08-21 15:40:00,518651
Viktoria Kurtenko_348846855,Viktoria Kurtenko,1,1,41,49,-8,90,2021-08-21 15:40:00,518652
Egor Kovpak_176698,Egor Kovpak,2,1,42,32,10,74,2021-08-21 15:45:00,518653
Mykola Belia_176635,Mykola Belia,3,1,33,21,12,54,2021-08-21 15:50:00,518654
Yurii Parahailo_1974315521,Yurii Parahailo,3,1,33,20,13,53,2021-08-21 15:50:00,518655
A Batalov_128384,A Batalov,2,1,44,36,8,80,2021-08-21 15:51:00,518656
D Korneev_128322,D Korneev,-3,0,24,33,-9,57,2021-08-21 15:54:00,518657
Serhii Skachenko_639621679,Serhii Skachenko,2,1,36,30,6,66,2021-08-21 15:55:00,518658
Yevhen Pysmennyi_1616548126,Yevhen Pysmennyi,2,1,44,39,5,83,2021-08-21 16:00:00,518659
Halyna Burtseva_176819,Halyna Burtseva,-3,0,19,33,-14,52,2021-08-21 16:00:00,518660
K Brozik_28879,K Brozik,2,1,38,33,5,71,2021-08-21 16:00:00,518661
I Pandur_128351,I Pandur,2,1,41,26,15,67,2021-08-21 16:02:00,518662
Oleksii Hrymovskyi_176674,Oleksii Hrymovskyi,1,1,44,50,-6,94,2021-08-21 16:05:00,518663
Vіtalіy Krokhmal_1343584548,Vіtalіy Krokhmal,2,1,41,36,5,77,2021-08-21 16:05:00,518664
Uryi Schepanskyi_648632693,Uryi Schepanskyi,2,1,49,37,12,86,2021-08-21 16:10:00,518665
Oleksandr Kolbasenko_176689,Oleksandr Kolbasenko,1,1,52,47,5,99,2021-08-21 16:10:00,518666
Alina Kurtenko_888902315,Alina Kurtenko,3,1,33,15,18,48,2021-08-21 16:15:00,518667
Ludek Stoces_176940,Ludek Stoces,3,1,35,27,8,62,2021-08-21 16:15:00,518668
Ilya Parnyvoda_176699,Ilya Parnyvoda,1,1,52,52,0,104,2021-08-21 16:15:00,518669
A Lobanov_128323,A Lobanov,-3,0,22,36,-14,58,2021-08-21 16:17:00,518670
A Slachshilin_128385,A Slachshilin,3,1,33,18,15,51,2021-08-21 16:17:00,518671
Maksym Skhabovskyi_541867793,Maksym Skhabovskyi,-2,0,33,40,-7,73,2021-08-21 16:20:00,518672
Ihor Kvak_176636,Ihor Kvak,-3,0,27,37,-10,64,2021-08-21 16:20:00,518673
Grigoriy Oliynik_1164133986,Grigoriy Oliynik,-2,0,32,42,-10,74,2021-08-21 16:25:00,518674
Igor Shyndel_176713,Igor Shyndel,2,1,41,31,10,72,2021-08-21 16:25:00,518675
Yuliia Khilinska_176820,Yuliia Khilinska,3,1,35,27,8,62,2021-08-21 16:30:00,518676
Dmytro Alekseenko_267039621,Dmytro Alekseenko,2,1,40,34,6,74,2021-08-21 16:30:00,518677
T Batthyany_28880,T Batthyany,1,1,53,41,12,94,2021-08-21 16:30:00,518678
V Vologzhanin_128352,V Vologzhanin,3,1,35,19,16,54,2021-08-21 16:31:00,518679
Oleksandr Levadnyi_91569152,Oleksandr Levadnyi,2,1,40,29,11,69,2021-08-21 16:35:00,518680
Oleksandr Mishchenko_176675,Oleksandr Mishchenko,-2,0,35,44,-9,79,2021-08-21 16:35:00,518681
Dmytro Arzanov_1756799927,Dmytro Arzanov,-2,0,30,39,-9,69,2021-08-21 16:40:00,518682
Artem Yurkov_176799,Artem Yurkov,1,1,47,47,0,94,2021-08-21 16:40:00,518683
Viktor Yevtodii_176700,Viktor Yevtodii,-1,0,52,51,1,103,2021-08-21 16:45:00,518684
I Poletaev_128386,I Poletaev,3,1,33,21,12,54,2021-08-21 16:45:00,518685
Denys Shcherbak_1605505366,Denys Shcherbak,-3,0,24,33,-9,57,2021-08-21 16:45:00,518686
Jan Herink_176941,Jan Herink,2,1,41,30,11,71,2021-08-21 16:45:00,518687
E Kharchenko_128324,E Kharchenko,-3,0,30,36,-6,66,2021-08-21 16:47:00,518688
Mykola Belia_176637,Mykola Belia,-2,0,33,43,-10,76,2021-08-21 16:50:00,518689
Viktoria Kurtenko_2143125283,Viktoria Kurtenko,3,1,34,21,13,55,2021-08-21 16:50:00,518690
Oleg Gavryluk_470535633,Oleg Gavryluk,2,1,39,36,3,75,2021-08-21 16:55:00,518691
Ruslan Solomko_176714,Ruslan Solomko,-3,0,18,33,-15,51,2021-08-21 16:55:00,518692
Dina Tishchenko_176821,Dina Tishchenko,1,1,48,38,10,86,2021-08-21 17:00:00,518693
Yurii Parahailo_1818663359,Yurii Parahailo,3,1,33,13,20,46,2021-08-21 17:00:00,518694
Filip Strejc_176780,Filip Strejc,-1,0,44,46,-2,90,2021-08-21 17:00:00,518695
A Yakovlev_128353,A Yakovlev,-3,0,12,33,-21,45,2021-08-21 17:02:00,518696
Ji Louda_28834,Ji Louda,3,1,35,25,10,60,2021-08-21 17:03:00,518697
Serhii Skachenko_1875198944,Serhii Skachenko,1,1,51,45,6,96,2021-08-21 17:05:00,518698
Oleksii Hrymovskyi_176676,Oleksii Hrymovskyi,-2,0,30,42,-12,72,2021-08-21 17:05:00,518699
Yevhen Masko_1011411644,Yevhen Masko,-2,0,33,40,-7,73,2021-08-21 17:10:00,518700
Yevhen Hasan_176691,Yevhen Hasan,-2,0,30,40,-10,70,2021-08-21 17:10:00,518701
Ivan Kozyr_1084980604,Ivan Kozyr,2,1,40,32,8,72,2021-08-21 17:15:00,518702
Ilya Parnyvoda_176701,Ilya Parnyvoda,2,1,42,37,5,79,2021-08-21 17:15:00,518703
Mi Aleksandrovskiy_128325,Mi Aleksandrovskiy,-1,0,52,53,-1,105,2021-08-21 17:15:00,518704
I Matveyev_128387,I Matveyev,-2,0,31,43,-12,74,2021-08-21 17:15:00,518705
Volodymyr Maksiuta_2071594592,Volodymyr Maksiuta,2,1,41,36,5,77,2021-08-21 17:20:00,518706
Yaroslav Tebenko_176638,Yaroslav Tebenko,3,1,33,22,11,55,2021-08-21 17:20:00,518707
Viacheslav Isakov_176715,Viacheslav Isakov,1,1,52,52,0,104,2021-08-21 17:25:00,518708
Alina Kurtenko_1223030019,Alina Kurtenko,-3,0,22,34,-12,56,2021-08-21 17:25:00,518709
V Vologzhanin_128354,V Vologzhanin,-1,0,41,49,-8,90,2021-08-21 17:30:00,518710
Halyna Burtseva_176822,Halyna Burtseva,2,1,38,38,0,76,2021-08-21 17:30:00,518711
Maksym Skhabovskyi_1495154804,Maksym Skhabovskyi,-2,0,33,40,-7,73,2021-08-21 17:30:00,518712
Jan Zajicek_176781,Jan Zajicek,-2,0,35,41,-6,76,2021-08-21 17:30:00,518713
M Urban_28835,M Urban,-1,0,44,47,-3,91,2021-08-21 17:31:00,518714
Andrii Matiushenko_176677,Andrii Matiushenko,-1,0,42,47,-5,89,2021-08-21 17:35:00,518715
Ihor Syniavskyi_1638842222,Ihor Syniavskyi,1,1,56,50,6,106,2021-08-21 17:35:00,518716
Dmytro Alekseenko_82613504,Dmytro Alekseenko,1,1,51,48,3,99,2021-08-21 17:40:00,518717
Oleksandr Kolbasenko_176692,Oleksandr Kolbasenko,2,1,43,37,6,80,2021-08-21 17:40:00,518718
Serhii Hohenko_235682644,Serhii Hohenko,1,1,54,47,7,101,2021-08-21 17:45:00,518719
Egor Kovpak_176702,Egor Kovpak,-3,0,24,33,-9,57,2021-08-21 17:45:00,518720
I Poletaev_128388,I Poletaev,-1,0,47,44,3,91,2021-08-21 17:45:00,518721
Andrei Huchok_176639,Andrei Huchok,-3,0,26,33,-7,59,2021-08-21 17:50:00,518722
Dmytro Shukin_636430985,Dmytro Shukin,2,1,41,32,9,73,2021-08-21 17:50:00,518723
E Kharchenko_128326,E Kharchenko,1,1,52,50,2,102,2021-08-21 17:51:00,518724
Ruslan Solomko_176716,Ruslan Solomko,1,1,50,48,2,98,2021-08-21 17:55:00,518725
Uryi Schepanskyi_2079364620,Uryi Schepanskyi,3,1,33,19,14,52,2021-08-21 17:55:00,518726
Jan Zajicek_176782,Jan Zajicek,-3,0,25,36,-11,61,2021-08-21 18:00:00,518727
Viktoria Kurtenko_649526848,Viktoria Kurtenko,3,1,36,27,9,63,2021-08-21 18:00:00,518728
I Pandur_128355,I Pandur,3,1,37,24,13,61,2021-08-21 18:00:00,518729
Yuliia Khilinska_176823,Yuliia Khilinska,-1,0,50,51,-1,101,2021-08-21 18:00:00,518730
Oleksandr Medvedyev_772737358,Oleksandr Medvedyev,1,1,49,54,-5,103,2021-08-21 18:05:00,518731
V Waldhauser_28836,V Waldhauser,2,1,40,36,4,76,2021-08-21 18:05:00,518732
Serhii Tkachev_176678,Serhii Tkachev,-1,0,55,61,-6,116,2021-08-21 18:05:00,518733
Artem Yurkov_176800,Artem Yurkov,-1,0,45,48,-3,93,2021-08-21 18:10:00,518734
Grigoriy Oliynik_563127217,Grigoriy Oliynik,-2,0,28,38,-10,66,2021-08-21 18:10:00,518735
Oleksandr Budnikov_176703,Oleksandr Budnikov,1,1,54,43,11,97,2021-08-21 18:15:00,518736
Serhii Skachenko_437600991,Serhii Skachenko,-3,0,14,33,-19,47,2021-08-21 18:15:00,518737
A Slachshilin_128389,A Slachshilin,2,1,42,35,7,77,2021-08-21 18:16:00,518738
Vadym Komar_532612287,Vadym Komar,3,1,34,21,13,55,2021-08-21 18:20:00,518739
Ihor Kvak_176640,Ihor Kvak,-3,0,22,35,-13,57,2021-08-21 18:20:00,518740
Dmytro Derevinskyi_147639468,Dmytro Derevinskyi,2,1,43,32,11,75,2021-08-21 18:25:00,518741
Igor Shyndel_176717,Igor Shyndel,1,1,51,39,12,90,2021-08-21 18:25:00,518742
A Lobanov_128327,A Lobanov,-3,0,21,33,-12,54,2021-08-21 18:26:00,518743
Halyna Burtseva_176824,Halyna Burtseva,-2,0,31,44,-13,75,2021-08-21 18:30:00,518744
Denys Shcherbak_1908512533,Denys Shcherbak,3,1,37,27,10,64,2021-08-21 18:30:00,518745
Filip Strejc_176783,Filip Strejc,-3,0,15,33,-18,48,2021-08-21 18:30:00,518746
A Sadkov_128550,A Sadkov,1,1,51,48,3,99,2021-08-21 18:33:00,518747
P Anton_28837,P Anton,-2,0,41,46,-5,87,2021-08-21 18:35:00,518748
Oleksandr Mishchenko_176679,Oleksandr Mishchenko,2,1,35,35,0,70,2021-08-21 18:35:00,518749
Halyna Telna_1019467091,Halyna Telna,1,1,46,40,6,86,2021-08-21 18:35:00,518750
Oleg Gavryluk_937512186,Oleg Gavryluk,-1,0,49,40,9,89,2021-08-21 18:40:00,518751
Oleksandr Kolbasenko_176694,Oleksandr Kolbasenko,-2,0,31,42,-11,73,2021-08-21 18:40:00,518752
Viktor Yevtodii_176704,Viktor Yevtodii,3,1,33,20,13,53,2021-08-21 18:45:00,518753
Yurii Parahailo_581616596,Yurii Parahailo,1,1,47,41,6,88,2021-08-21 18:45:00,518754
A Batalov_128552,A Batalov,2,1,41,31,10,72,2021-08-21 18:46:00,518755
A Lobanov_128554,A Lobanov,-1,0,47,46,1,93,2021-08-21 18:48:00,518756
Roman Reznichenko_1849655775,Roman Reznichenko,-2,0,33,41,-8,74,2021-08-21 18:50:00,518757
Mykola Belia_176641,Mykola Belia,-1,0,46,49,-3,95,2021-08-21 18:50:00,518758
Dmytro Rehotun_176718,Dmytro Rehotun,2,1,42,38,4,80,2021-08-21 18:55:00,518759
Prokhor Puhach_2134118848,Prokhor Puhach,1,1,42,44,-2,86,2021-08-21 18:55:00,518760
Lukas Hobl_176784,Lukas Hobl,3,1,40,30,10,70,2021-08-21 19:00:00,518761
Dina Tishchenko_176825,Dina Tishchenko,1,1,47,37,10,84,2021-08-21 19:00:00,518762
Dmytro Derevinskyi_225236825,Dmytro Derevinskyi,-1,0,44,47,-3,91,2021-08-21 19:00:00,518763
A Yakovlev_128551,A Yakovlev,-1,0,45,48,-3,93,2021-08-21 19:03:00,518764
V Waldhauser_28838,V Waldhauser,2,1,45,44,1,89,2021-08-21 19:04:00,518765
Oleksii Hrymovskyi_176680,Oleksii Hrymovskyi,3,1,35,25,10,60,2021-08-21 19:05:00,518766
Volodymyr Maksiuta_889929806,Volodymyr Maksiuta,-3,0,15,33,-18,48,2021-08-21 19:05:00,518767
Alina Kurtenko_740826752,Alina Kurtenko,2,1,42,28,14,70,2021-08-21 19:10:00,518768
Yevhen Hasan_176695,Yevhen Hasan,1,1,53,44,9,97,2021-08-21 19:10:00,518769
Maksym Skhabovskyi_663843730,Maksym Skhabovskyi,-3,0,21,33,-12,54,2021-08-21 19:15:00,518770
I Poletaev_128553,I Poletaev,-1,0,50,51,-1,101,2021-08-21 19:15:00,518771
Ilya Parnyvoda_176705,Ilya Parnyvoda,-2,0,28,38,-10,66,2021-08-21 19:15:00,518772
E Kharchenko_128555,E Kharchenko,1,1,52,46,6,98,2021-08-21 19:19:00,518773
Ihor Syniavskyi_1946714241,Ihor Syniavskyi,2,1,40,32,8,72,2021-08-21 19:20:00,518774
Yaroslav Tebenko_176642,Yaroslav Tebenko,2,1,39,29,10,68,2021-08-21 19:20:00,518775
Kostiantyn Klymenko_176808,Kostiantyn Klymenko,2,1,37,24,13,61,2021-08-21 19:20:00,518776
Viacheslav Isakov_176719,Viacheslav Isakov,2,1,40,22,18,62,2021-08-21 19:25:00,518777
Serhii Skachenko_639768232,Serhii Skachenko,-1,0,43,51,-8,94,2021-08-21 19:25:00,518778
Filip Strejc_176785,Filip Strejc,-3,0,15,33,-18,48,2021-08-21 19:30:00,518779
Yuliia Khilinska_176826,Yuliia Khilinska,1,1,51,37,14,88,2021-08-21 19:30:00,518780
Vadym Komar_1788558935,Vadym Komar,2,1,40,37,3,77,2021-08-21 19:30:00,518781
Yaroslav Ivanytsia_893176536,Yaroslav Ivanytsia,-1,0,45,47,-2,92,2021-08-21 19:35:00,518782
Andrii Matiushenko_176681,Andrii Matiushenko,-1,0,44,51,-7,95,2021-08-21 19:35:00,518783
V Chernov_128356,V Chernov,-2,0,27,35,-8,62,2021-08-21 19:36:00,518784
M Urban_28839,M Urban,-1,0,52,58,-6,110,2021-08-21 19:36:00,518785
Artem Yurkov_176801,Artem Yurkov,-3,0,24,34,-10,58,2021-08-21 19:40:00,518786
Uryi Schepanskyi_1072384837,Uryi Schepanskyi,-3,0,22,33,-11,55,2021-08-21 19:40:00,518787
Viktoria Kurtenko_1388868226,Viktoria Kurtenko,2,1,44,38,6,82,2021-08-21 19:45:00,518788
Egor Kovpak_176706,Egor Kovpak,-1,0,51,51,0,102,2021-08-21 19:45:00,518789
Oleksandr Medvedyev_555289740,Oleksandr Medvedyev,1,1,48,44,4,92,2021-08-21 19:50:00,518790
Andrei Huchok_176643,Andrei Huchok,1,1,41,40,1,81,2021-08-21 19:50:00,518791
Serhii Solomko_176809,Serhii Solomko,-2,0,30,44,-14,74,2021-08-21 19:50:00,518792
S Nikulin_128328,S Nikulin,1,1,45,41,4,86,2021-08-21 19:50:00,518793
I Elistratov_128390,I Elistratov,3,1,33,23,10,56,2021-08-21 19:51:00,518794
Ruslan Solomko_176720,Ruslan Solomko,3,1,37,30,7,67,2021-08-21 19:55:00,518795
Grigoriy Oliynik_890156724,Grigoriy Oliynik,-2,0,33,43,-10,76,2021-08-21 19:55:00,518796
Dmytro Alekseenko_873131489,Dmytro Alekseenko,2,1,42,25,17,67,2021-08-21 20:00:00,518797
Anastasia Holiak_176827,Anastasia Holiak,3,1,33,23,10,56,2021-08-21 20:00:00,518798
Frantisek Camr_177085,Frantisek Camr,1,1,50,46,4,96,2021-08-21 20:00:00,518799
E Makarenkov_128357,E Makarenkov,-3,0,20,33,-13,53,2021-08-21 20:01:00,518800
Prokhor Puhach_1863155833,Prokhor Puhach,-2,0,35,42,-7,77,2021-08-21 20:05:00,518801
Serhii Tkachev_176682,Serhii Tkachev,2,1,41,27,14,68,2021-08-21 20:05:00,518802
Dmytro Derevinskyi_239048977,Dmytro Derevinskyi,-3,0,19,33,-14,52,2021-08-21 20:10:00,518803
Oleksandr Borysiuk_176697,Oleksandr Borysiuk,-2,0,28,41,-13,69,2021-08-21 20:10:00,518804
B Grebenyuk_128329,B Grebenyuk,-3,0,25,34,-9,59,2021-08-21 20:15:00,518805
Oleksandr Budnikov_176707,Oleksandr Budnikov,3,1,33,15,18,48,2021-08-21 20:15:00,518806
Andrii Baklykov_1580186687,Andrii Baklykov,-2,0,35,42,-7,77,2021-08-21 20:15:00,518807
P Anton_28881,P Anton,-3,0,30,36,-6,66,2021-08-21 20:16:00,518808
D Fedorov_128391,D Fedorov,-3,0,17,33,-16,50,2021-08-21 20:18:00,518809
Alina Kurtenko_946256152,Alina Kurtenko,-1,0,44,45,-1,89,2021-08-21 20:20:00,518810
Ihor Kvak_176644,Ihor Kvak,-2,0,35,35,0,70,2021-08-21 20:20:00,518811
Kostiantyn Klymenko_176810,Kostiantyn Klymenko,-1,0,48,48,0,96,2021-08-21 20:20:00,518812
Oleg Gavryluk_725972681,Oleg Gavryluk,-2,0,38,44,-6,82,2021-08-21 20:25:00,518813
Igor Shyndel_176721,Igor Shyndel,2,1,48,45,3,93,2021-08-21 20:25:00,518814
Jan Zajicek_177086,Jan Zajicek,-1,0,47,52,-5,99,2021-08-21 20:30:00,518815
Oleksandr Staryi_313488986,Oleksandr Staryi,-2,0,33,38,-5,71,2021-08-21 20:30:00,518816
A Alekseyev_128358,A Alekseyev,2,1,41,33,8,74,2021-08-21 20:30:00,518817
Halyna Burtseva_177087,Halyna Burtseva,-2,0,30,42,-12,72,2021-08-21 20:30:00,518818
Oleksandr Mishchenko_176683,Oleksandr Mishchenko,2,1,40,32,8,72,2021-08-21 20:35:00,518819
Serhii Skachenko_526221897,Serhii Skachenko,-3,0,20,33,-13,53,2021-08-21 20:35:00,518820
Ji Louda_28882,Ji Louda,-2,0,44,49,-5,93,2021-08-21 20:39:00,518821
Yevhen Hasan_177089,Yevhen Hasan,-2,0,41,45,-4,86,2021-08-21 20:40:00,518822
Vadym Komar_572028059,Vadym Komar,-2,0,33,44,-11,77,2021-08-21 20:40:00,518823
Viktor Yevtodii_176708,Viktor Yevtodii,2,1,46,38,8,84,2021-08-21 20:45:00,518824
D Kolesnikov_128330,D Kolesnikov,1,1,44,47,-3,91,2021-08-21 20:45:00,518825
A Silantev_128392,A Silantev,-3,0,20,33,-13,53,2021-08-21 20:45:00,518826
Yaroslav Ivanytsia_1518355206,Yaroslav Ivanytsia,-1,0,45,48,-3,93,2021-08-21 20:45:00,518827
Denys Shcherbak_768300939,Denys Shcherbak,-2,0,30,43,-13,73,2021-08-21 20:50:00,518828
Yaroslav Tebenko_176645,Yaroslav Tebenko,3,1,33,21,12,54,2021-08-21 20:50:00,518829
Vitalii Levytskyi_176811,Vitalii Levytskyi,3,1,34,18,16,52,2021-08-21 20:50:00,518830
Dmytro Rehotun_176722,Dmytro Rehotun,3,1,34,19,15,53,2021-08-21 20:55:00,518831
Viktoria Kurtenko_1985066793,Viktoria Kurtenko,3,1,35,22,13,57,2021-08-21 20:55:00,518832
Milos Frydl_176786,Milos Frydl,-3,0,23,33,-10,56,2021-08-21 21:00:00,518833
Anastasia Holiak_177088,Anastasia Holiak,1,1,48,48,0,96,2021-08-21 21:00:00,518834
Pavlo Chyzh_651401174,Pavlo Chyzh,2,1,45,31,14,76,2021-08-21 21:00:00,518835
I Mihaylov_128359,I Mihaylov,1,1,49,50,-1,99,2021-08-21 21:01:00,518836
Andrii Matiushenko_176684,Andrii Matiushenko,-3,0,20,33,-13,53,2021-08-21 21:05:00,518837
Yurii Parahailo_275427278,Yurii Parahailo,2,1,42,30,12,72,2021-08-21 21:05:00,518838
Dmytro Alekseenko_1147367678,Dmytro Alekseenko,-1,0,43,49,-6,92,2021-08-21 21:10:00,518839
Oleksandr Borysiuk_177090,Oleksandr Borysiuk,-2,0,33,39,-6,72,2021-08-21 21:10:00,518840
Jo Silhan_28840,Jo Silhan,3,1,33,21,12,54,2021-08-21 21:14:00,518841
Prokhor Puhach_884616202,Prokhor Puhach,-2,0,39,44,-5,83,2021-08-21 21:15:00,518842
Egor Kovpak_176709,Egor Kovpak,-1,0,46,51,-5,97,2021-08-21 21:15:00,518843
K Puzankov_128393,K Puzankov,3,1,33,20,13,53,2021-08-21 21:16:00,518844
S Vardanyan_128331,S Vardanyan,-2,0,31,37,-6,68,2021-08-21 21:16:00,518845
Oleh Hudyma_176646,Oleh Hudyma,-2,0,39,47,-8,86,2021-08-21 21:20:00,518846
Serhii Solomko_176812,Serhii Solomko,-1,0,41,45,-4,86,2021-08-21 21:20:00,518847
Vadym Komar_137370250,Vadym Komar,-2,0,31,39,-8,70,2021-08-21 21:20:00,518848
Denys Shcherbak_895784375,Denys Shcherbak,-2,0,33,42,-9,75,2021-08-21 21:25:00,518849
Viacheslav Isakov_176723,Viacheslav Isakov,-1,0,44,49,-5,93,2021-08-21 21:25:00,518850
Alina Kurtenko_98676440,Alina Kurtenko,2,1,42,31,11,73,2021-08-21 21:30:00,518851
K Brozik_28841,K Brozik,3,1,37,26,11,63,2021-08-21 21:30:00,518852
Robert Jamrich_176787,Robert Jamrich,-1,0,41,50,-9,91,2021-08-21 21:30:00,518853
Maksym Skhabovskyi_1073723197,Maksym Skhabovskyi,-1,0,41,48,-7,89,2021-08-21 21:35:00,518854
Pavlo Babenko_176685,Pavlo Babenko,-2,0,29,40,-11,69,2021-08-21 21:35:00,518855
Oleksandr Staryi_1557827792,Oleksandr Staryi,-1,0,48,51,-3,99,2021-08-21 21:40:00,518856
A Alekseyev_128360,A Alekseyev,-1,0,43,43,0,86,2021-08-21 21:42:00,518857
Mykola Laba_176710,Mykola Laba,3,1,33,21,12,54,2021-08-21 21:45:00,518858
D Kolesnikov_128332,D Kolesnikov,2,1,42,41,1,83,2021-08-21 21:45:00,518859
Serhii Skachenko_1335201354,Serhii Skachenko,2,1,38,29,9,67,2021-08-21 21:45:00,518860
A Silantev_128394,A Silantev,3,1,34,19,15,53,2021-08-21 21:47:00,518861
Serhii Kubrak_353641763,Serhii Kubrak,2,1,42,33,9,75,2021-08-21 21:50:00,518862
Kostiantyn Klymenko_176813,Kostiantyn Klymenko,-2,0,34,43,-9,77,2021-08-21 21:50:00,518863
Yaroslav Tebenko_176647,Yaroslav Tebenko,-2,0,36,42,-6,78,2021-08-21 21:50:00,518864
Vadym Komar_619247386,Vadym Komar,-1,0,46,49,-3,95,2021-08-21 21:55:00,518865
Igor Shyndel_176724,Igor Shyndel,2,1,42,39,3,81,2021-08-21 21:55:00,518866
Robert Jamrich_176788,Robert Jamrich,-1,0,41,45,-4,86,2021-08-21 22:00:00,518867
Anatolii Lievshin_113266990,Anatolii Lievshin,-2,0,27,42,-15,69,2021-08-21 22:00:00,518868
Jr. Mecl_28842,Jr. Mecl,3,1,33,19,14,52,2021-08-21 22:01:00,518869
Andrii Matiushenko_176686,Andrii Matiushenko,2,1,40,35,5,75,2021-08-21 22:05:00,518870
Halyna Telna_600471307,Halyna Telna,-2,0,36,44,-8,80,2021-08-21 22:05:00,518871
E Makarenkov_128361,E Makarenkov,2,1,42,32,10,74,2021-08-21 22:06:00,518872
Oleg Gavryluk_1247004536,Oleg Gavryluk,-1,0,42,49,-7,91,2021-08-21 22:10:00,518873
Egor Kovpak_176711,Egor Kovpak,-2,0,31,42,-11,73,2021-08-21 22:15:00,518874
Ihor Syniavskyi_2049520670,Ihor Syniavskyi,-3,0,25,34,-9,59,2021-08-21 22:15:00,518875
B Grebenyuk_128333,B Grebenyuk,-3,0,26,33,-7,59,2021-08-21 22:16:00,518876
D Fedorov_128395,D Fedorov,-3,0,22,34,-12,56,2021-08-21 22:16:00,518877
Serhii Solomko_176814,Serhii Solomko,-3,0,17,33,-16,50,2021-08-21 22:20:00,518878
Mykola Belia_176648,Mykola Belia,-3,0,17,33,-16,50,2021-08-21 22:20:00,518879
Roman Reznichenko_1524493465,Roman Reznichenko,-2,0,32,42,-10,74,2021-08-21 22:20:00,518880
Dmytro Derevinskyi_1958725110,Dmytro Derevinskyi,-1,0,46,48,-2,94,2021-08-21 22:25:00,518881
Oleksandr Lykhytskyi_176725,Oleksandr Lykhytskyi,-3,0,29,35,-6,64,2021-08-21 22:25:00,518882
Milos Frydl_176789,Milos Frydl,1,1,44,52,-8,96,2021-08-21 22:30:00,518883
F Kopecky_28843,F Kopecky,-3,0,17,33,-16,50,2021-08-21 22:30:00,518884
V Chernov_128556,V Chernov,1,1,54,48,6,102,2021-08-21 22:35:00,518885
Oleksii Hrymovskyi_176687,Oleksii Hrymovskyi,3,1,37,27,10,64,2021-08-21 22:35:00,518886
S Vardanyan_128560,S Vardanyan,1,1,51,41,10,92,2021-08-21 22:45:00,518887
Pavlo Chyzh_1177122323,Pavlo Chyzh,2,1,41,34,7,75,2021-08-21 22:45:00,518888
Ilya Parnyvoda_176712,Ilya Parnyvoda,-1,0,43,50,-7,93,2021-08-21 22:45:00,518889
D Fedorov_128558,D Fedorov,-1,0,47,52,-5,99,2021-08-21 22:46:00,518890
Vitalii Levytskyi_176815,Vitalii Levytskyi,2,1,45,36,9,81,2021-08-21 22:50:00,518891
Igor Shyndel_176726,Igor Shyndel,2,1,41,34,7,75,2021-08-21 22:55:00,518892
Vitalii Solovei_1201663999,Vitalii Solovei,2,1,45,25,20,70,2021-08-21 23:00:00,518893
Jan Sr Krames_176790,Jan Sr Krames,-1,0,45,52,-7,97,2021-08-21 23:00:00,518894
Jr. Mecl_28844,Jr. Mecl,2,1,40,33,7,73,2021-08-21 23:01:00,518895
A Alekseyev_128557,A Alekseyev,2,1,39,34,5,73,2021-08-21 23:09:00,518896
S Nikulin_128561,S Nikulin,-3,0,26,35,-9,61,2021-08-21 23:15:00,518897
A Silantev_128559,A Silantev,-2,0,25,41,-16,66,2021-08-21 23:15:00,518898
Kostiantyn Klymenko_176816,Kostiantyn Klymenko,2,1,42,30,12,72,2021-08-21 23:20:00,518899
Ruslan Solomko_176727,Ruslan Solomko,-1,0,48,54,-6,102,2021-08-21 23:25:00,518900
Oleksandr Yarovoi_594884781,Oleksandr Yarovoi,3,1,33,9,24,42,2021-08-21 23:30:00,518901
Milos Frydl_176791,Milos Frydl,-1,0,49,52,-3,101,2021-08-21 23:30:00,518902
K Brozik_28845,K Brozik,2,1,40,36,4,76,2021-08-21 23:30:00,518903
R Pavlenko_128362,R Pavlenko,2,1,35,31,4,66,2021-08-21 23:33:00,518904
Vladimir Malashevsky_1193589221,Vladimir Malashevsky,2,1,36,38,-2,74,2021-08-21 23:45:00,518905
S Myagkov_128334,S Myagkov,-1,0,46,51,-5,97,2021-08-21 23:47:00,518906
D Sayanov_128396,D Sayanov,2,1,45,38,7,83,2021-08-21 23:49:00,518907
Oleksandr Osadchyi_176817,Oleksandr Osadchyi,2,1,40,33,7,73,2021-08-21 23:50:00,518908
Vitalii Solovei_1032217036,Vitalii Solovei,-2,0,41,47,-6,88,2021-08-22 00:00:00,518909
V Sidorin_128363,V Sidorin,-3,0,13,33,-20,46,2021-08-22 00:02:00,518910
F Kopecky_28883,F Kopecky,-2,0,39,48,-9,87,2021-08-22 00:02:00,518911
Iurii Prokhoruk_1693792271,Iurii Prokhoruk,-3,0,24,33,-9,57,2021-08-22 00:15:00,518912
V Chahur_128335,V Chahur,-1,0,46,52,-6,98,2021-08-22 00:19:00,518913
A Girevenkov_128397,A Girevenkov,1,1,51,50,1,101,2021-08-22 00:19:00,518914
Oleksandr Gomilko_176743,Oleksandr Gomilko,-2,0,33,40,-7,73,2021-08-22 00:25:00,518915
Jr. Mecl_28884,Jr. Mecl,3,1,33,22,11,55,2021-08-22 00:30:00,518916
Oleksandr Yarovoi_1458594051,Oleksandr Yarovoi,2,1,41,38,3,79,2021-08-22 00:30:00,518917
Vitalii Levytskyi_177106,Vitalii Levytskyi,1,1,52,42,10,94,2021-08-22 00:30:00,518918
Pavel Rissky_177104,Pavel Rissky,-1,0,53,55,-2,108,2021-08-22 00:30:00,518919
K Churin_128364,K Churin,1,1,50,38,12,88,2021-08-22 00:31:00,518920
Vladimir Malashevsky_1880652011,Vladimir Malashevsky,2,1,43,38,5,81,2021-08-22 00:45:00,518921
A Tsitselskii_128398,A Tsitselskii,-1,0,40,45,-5,85,2021-08-22 00:48:00,518922
Oleksandr Kovalchuk_176744,Oleksandr Kovalchuk,-3,0,30,41,-11,71,2021-08-22 00:55:00,518923
D Balakin_128336,D Balakin,-2,0,36,42,-6,78,2021-08-22 00:57:00,518924
Serhii Burdelnyi_177107,Serhii Burdelnyi,-2,0,29,38,-9,67,2021-08-22 01:00:00,518925
Robert Jamrich_177105,Robert Jamrich,3,1,33,18,15,51,2021-08-22 01:00:00,518926
Vitalii Solovei_1135347299,Vitalii Solovei,3,1,34,24,10,58,2021-08-22 01:00:00,518927
E Ilyukhin_128365,E Ilyukhin,-2,0,27,42,-15,69,2021-08-22 01:01:00,518928
Oleh Mulyk_971399984,Oleh Mulyk,-1,0,47,52,-5,99,2021-08-22 01:15:00,518929
I Afanasev_128399,I Afanasev,-1,0,41,45,-4,86,2021-08-22 01:19:00,518930
Serhii Bondarenko_176745,Serhii Bondarenko,1,1,48,46,2,94,2021-08-22 01:25:00,518931
Dmytro Mischenko_2023201071,Dmytro Mischenko,1,1,49,41,8,90,2021-08-22 01:30:00,518932
O Kutuzov_128337,O Kutuzov,2,1,43,25,18,68,2021-08-22 01:30:00,518933
V Sidorin_128366,V Sidorin,-3,0,24,35,-11,59,2021-08-22 01:31:00,518934
Dmitriy Pereyaslovskyi_176758,Dmitriy Pereyaslovskyi,1,1,46,45,1,91,2021-08-22 01:35:00,518935
Iurii Prokhoruk_1373893673,Iurii Prokhoruk,-3,0,16,33,-17,49,2021-08-22 01:45:00,518936
A Girevenkov_128400,A Girevenkov,3,1,38,29,9,67,2021-08-22 01:50:00,518937
V Chahur_128338,V Chahur,3,1,33,12,21,45,2021-08-22 01:54:00,518938
Oleksandr Kovalchuk_176746,Oleksandr Kovalchuk,3,1,35,25,10,60,2021-08-22 01:55:00,518939
E Ilyukhin_128367,E Ilyukhin,3,1,33,12,21,45,2021-08-22 02:00:00,518940
Vitalii Solovei_824139431,Vitalii Solovei,-2,0,37,40,-3,77,2021-08-22 02:00:00,518941
Pavlo Volkov_176759,Pavlo Volkov,-1,0,59,53,6,112,2021-08-22 02:05:00,518942
Vladimir Malashevsky_294050340,Vladimir Malashevsky,-3,0,16,33,-17,49,2021-08-22 02:15:00,518943
I Afanasev_128401,I Afanasev,2,1,45,41,4,86,2021-08-22 02:15:00,518944
O Kutuzov_128339,O Kutuzov,-1,0,45,45,0,90,2021-08-22 02:17:00,518945
Oleksandr Gomilko_176747,Oleksandr Gomilko,2,1,40,32,8,72,2021-08-22 02:25:00,518946
Oleksandr Yarovoi_2017404893,Oleksandr Yarovoi,-1,0,34,45,-11,79,2021-08-22 02:30:00,518947
D Evlahin_128368,D Evlahin,-3,0,26,34,-8,60,2021-08-22 02:31:00,518948
Dmitriy Pereyaslovskyi_176760,Dmitriy Pereyaslovskyi,-2,0,32,35,-3,67,2021-08-22 02:35:00,518949
Oleh Mulyk_1362019374,Oleh Mulyk,-2,0,30,43,-13,73,2021-08-22 02:45:00,518950
E Kalashnikov_128402,E Kalashnikov,-2,0,38,43,-5,81,2021-08-22 02:46:00,518951
A Vlasov_128340,A Vlasov,-1,0,41,45,-4,86,2021-08-22 02:51:00,518952
Oleksandr Lysenko_176748,Oleksandr Lysenko,1,1,55,55,0,110,2021-08-22 02:55:00,518953
Vitalii Solovei_737856997,Vitalii Solovei,3,1,33,19,14,52,2021-08-22 03:00:00,518954
K Churin_128369,K Churin,-2,0,26,41,-15,67,2021-08-22 03:01:00,518955
Artem Lisechko_176761,Artem Lisechko,-2,0,39,44,-5,83,2021-08-22 03:05:00,518956
Iurii Prokhoruk_1243679134,Iurii Prokhoruk,-1,0,48,44,4,92,2021-08-22 03:15:00,518957
A Tsitselskii_128403,A Tsitselskii,-2,0,35,40,-5,75,2021-08-22 03:18:00,518958
D Balakin_128341,D Balakin,-3,0,29,35,-6,64,2021-08-22 03:22:00,518959
Serhii Bondarenko_176749,Serhii Bondarenko,-2,0,34,44,-10,78,2021-08-22 03:25:00,518960
Oleksandr Yarovoi_390541182,Oleksandr Yarovoi,-2,0,37,44,-7,81,2021-08-22 03:30:00,518961
R Pavlenko_128370,R Pavlenko,2,1,42,35,7,77,2021-08-22 03:31:00,518962
Pavlo Volkov_176762,Pavlo Volkov,1,1,51,46,5,97,2021-08-22 03:35:00,518963
Mykola Treshchetka_1125246765,Mykola Treshchetka,-2,0,34,39,-5,73,2021-08-22 03:45:00,518964
S Myagkov_128342,S Myagkov,2,1,43,36,7,79,2021-08-22 03:47:00,518965
D Sayanov_128404,D Sayanov,1,1,56,54,2,110,2021-08-22 03:47:00,518966
Oleksandr Kovalchuk_176750,Oleksandr Kovalchuk,-2,0,32,42,-10,74,2021-08-22 03:55:00,518967
Vitalii Solovei_1135097854,Vitalii Solovei,2,1,44,27,17,71,2021-08-22 04:00:00,518968
D Evlahin_128371,D Evlahin,1,1,56,45,11,101,2021-08-22 04:01:00,518969
Dmitriy Pereyaslovskyi_176763,Dmitriy Pereyaslovskyi,-1,0,44,47,-3,91,2021-08-22 04:05:00,518970
A Vlasov_128343,A Vlasov,-3,0,12,33,-21,45,2021-08-22 04:14:00,518971
Vladimir Malashevsky_2053886194,Vladimir Malashevsky,-3,0,22,34,-12,56,2021-08-22 04:15:00,518972
E Kalashnikov_128405,E Kalashnikov,1,1,49,45,4,94,2021-08-22 04:23:00,518973
Oleksandr Gomilko_176751,Oleksandr Gomilko,-2,0,37,38,-1,75,2021-08-22 04:25:00,518974
Dmytro Mischenko_2023308818,Dmytro Mischenko,-2,0,34,42,-8,76,2021-08-22 04:30:00,518975
Pavlo Volkov_176764,Pavlo Volkov,-3,0,13,33,-20,46,2021-08-22 04:35:00,518976
D Evlahin_128564,D Evlahin,3,1,33,19,14,52,2021-08-22 04:37:00,518977
Vladimir Malashevsky_1568628931,Vladimir Malashevsky,2,1,43,34,9,77,2021-08-22 04:45:00,518978
A Vlasov_128562,A Vlasov,-1,0,43,50,-7,93,2021-08-22 04:46:00,518979
Oleksandr Lysenko_176752,Oleksandr Lysenko,1,1,51,45,6,96,2021-08-22 04:55:00,518980
K Churin_128565,K Churin,2,1,39,34,5,73,2021-08-22 05:01:00,518981
E Kalashnikov_128566,E Kalashnikov,-1,0,45,42,3,87,2021-08-22 05:01:00,518982
Artem Lisechko_176765,Artem Lisechko,3,1,33,22,11,55,2021-08-22 05:05:00,518983
Oleh Mulyk_1362197708,Oleh Mulyk,-2,0,27,42,-15,69,2021-08-22 05:15:00,518984
S Myagkov_128563,S Myagkov,3,1,33,23,10,56,2021-08-22 05:18:00,518985
D Sayanov_128568,D Sayanov,-3,0,19,33,-14,52,2021-08-22 05:25:00,518986
Serhii Bondarenko_176753,Serhii Bondarenko,2,1,42,32,10,74,2021-08-22 05:25:00,518987
Dmitriy Pereyaslovskyi_176766,Dmitriy Pereyaslovskyi,1,1,45,42,3,87,2021-08-22 05:35:00,518988
Oleksandr Gomilko_176754,Oleksandr Gomilko,-2,0,34,43,-9,77,2021-08-22 05:55:00,518989
Mykola Polysynskyi_176767,Mykola Polysynskyi,3,1,37,29,8,66,2021-08-22 06:05:00,518990
Maksym Tytskyi_176755,Maksym Tytskyi,3,1,33,19,14,52,2021-08-22 06:25:00,518991
Pavlo Volkov_177108,Pavlo Volkov,2,1,38,35,3,73,2021-08-22 06:35:00,518992
Oleksandr Gomilko_176756,Oleksandr Gomilko,3,1,33,21,12,54,2021-08-22 06:55:00,518993
Mykola Polysynskyi_177109,Mykola Polysynskyi,-1,0,45,48,-3,93,2021-08-22 07:05:00,518994
Oleksandr Kovalchuk_176757,Oleksandr Kovalchuk,3,1,35,22,13,57,2021-08-22 07:25:00,518995
A Kolmin_128479,A Kolmin,2,1,38,29,9,67,2021-08-22 07:32:00,518996
O Kharlakin_128444,O Kharlakin,1,1,48,46,2,94,2021-08-22 07:47:00,518997
V Bazilevskiy_128516,V Bazilevskiy,2,1,39,26,13,65,2021-08-22 07:47:00,518998
Yevhen Pysmennyi_2067479982,Yevhen Pysmennyi,3,1,33,17,16,50,2021-08-22 07:50:00,518999
Yaroslav Tebenko_176836,Yaroslav Tebenko,1,1,42,44,-2,86,2021-08-22 07:50:00,519000
Ivan Kozyr_381745244,Ivan Kozyr,2,1,40,34,6,74,2021-08-22 07:55:00,519001
Yuliia Khilinska_176846,Yuliia Khilinska,3,1,33,14,19,47,2021-08-22 08:00:00,519002
V Zhigalov_128480,V Zhigalov,-3,0,24,33,-9,57,2021-08-22 08:00:00,519003
Ruslan Solomko_176861,Ruslan Solomko,2,1,46,35,11,81,2021-08-22 08:05:00,519004
Yevhen Hasan_176876,Yevhen Hasan,-2,0,27,43,-16,70,2021-08-22 08:10:00,519005
Leonid Ivanov_176886,Leonid Ivanov,3,1,35,24,11,59,2021-08-22 08:15:00,519006
A Sadkov_128445,A Sadkov,-1,0,46,44,2,90,2021-08-22 08:16:00,519007
A Arutiunyan_128517,A Arutiunyan,-1,0,46,48,-2,94,2021-08-22 08:16:00,519008
Mykola Belia_176837,Mykola Belia,-3,0,21,33,-12,54,2021-08-22 08:20:00,519009
Serhii Hohenko_1346711617,Serhii Hohenko,-2,0,34,41,-7,75,2021-08-22 08:25:00,519010
M Chernyavskiy_128481,M Chernyavskiy,-2,0,33,42,-9,75,2021-08-22 08:30:00,519011
Halyna Burtseva_176847,Halyna Burtseva,-3,0,18,33,-15,51,2021-08-22 08:30:00,519012
Vіtalіy Krokhmal_863474189,Vіtalіy Krokhmal,3,1,34,23,11,57,2021-08-22 08:30:00,519013
Yurii Kolesnyk_176862,Yurii Kolesnyk,2,1,37,32,5,69,2021-08-22 08:35:00,519014
Bohdan Kohut_49052637,Bohdan Kohut,1,1,46,48,-2,94,2021-08-22 08:35:00,519015
Lilia Melnikova_2134979210,Lilia Melnikova,-2,0,24,39,-15,63,2021-08-22 08:40:00,519016
Vladyslav Mishchenko_176877,Vladyslav Mishchenko,-2,0,34,36,-2,70,2021-08-22 08:40:00,519017
V Selkin_128446,V Selkin,-1,0,48,52,-4,100,2021-08-22 08:45:00,519018
Volodymyr Tuchkevych_839195409,Volodymyr Tuchkevych,-2,0,38,38,0,76,2021-08-22 08:45:00,519019
Mykola Laba_176887,Mykola Laba,3,1,36,27,9,63,2021-08-22 08:45:00,519020
Yaroslav Tebenko_176838,Yaroslav Tebenko,-2,0,29,42,-13,71,2021-08-22 08:50:00,519021
Nazarii Kovalchuk_483651646,Nazarii Kovalchuk,1,1,42,47,-5,89,2021-08-22 08:50:00,519022
Roman Zholubak_177075,Roman Zholubak,-2,0,32,38,-6,70,2021-08-22 08:50:00,519023
S Homutov_128518,S Homutov,3,1,33,15,18,48,2021-08-22 08:54:00,519024
Oleksandr Mishchenko_176925,Oleksandr Mishchenko,1,1,50,49,1,99,2021-08-22 08:55:00,519025
Mykola Lytvynenko_440397633,Mykola Lytvynenko,2,1,44,36,8,80,2021-08-22 08:55:00,519026
Anastasia Holiak_176848,Anastasia Holiak,-2,0,26,42,-16,68,2021-08-22 09:00:00,519027
Lukas Hobl_177036,Lukas Hobl,2,1,43,31,12,74,2021-08-22 09:00:00,519028
Roman Derypaska_617452369,Roman Derypaska,3,1,33,21,12,54,2021-08-22 09:00:00,519029
M Sobisek_28855,M Sobisek,-3,0,18,33,-15,51,2021-08-22 09:01:00,519030
Oleksandr Lykhytskyi_176863,Oleksandr Lykhytskyi,2,1,38,26,12,64,2021-08-22 09:05:00,519031
Ivan Kozyr_395534863,Ivan Kozyr,2,1,46,41,5,87,2021-08-22 09:05:00,519032
Yevhen Hasan_176878,Yevhen Hasan,1,1,51,47,4,98,2021-08-22 09:10:00,519033
Dmytro Yaremchuk_327061295,Dmytro Yaremchuk,2,1,41,22,19,63,2021-08-22 09:10:00,519034
Olena Telezhynska_1598047048,Olena Telezhynska,3,1,33,20,13,53,2021-08-22 09:15:00,519035
Viktor Yevtodii_176888,Viktor Yevtodii,3,1,33,20,13,53,2021-08-22 09:15:00,519036
M Glushkov_128482,M Glushkov,1,1,50,48,2,98,2021-08-22 09:18:00,519037
Ihor Kvak_176839,Ihor Kvak,3,1,35,27,8,62,2021-08-22 09:20:00,519038
Oleksandr Kostiuk_1317061354,Oleksandr Kostiuk,-3,0,19,34,-15,53,2021-08-22 09:20:00,519039
Vadym Bochkovskyi_177076,Vadym Bochkovskyi,-3,0,15,33,-18,48,2021-08-22 09:20:00,519040
Serhii Chelpanov_176926,Serhii Chelpanov,3,1,33,18,15,51,2021-08-22 09:25:00,519041
Andrii Hordii_790108766,Andrii Hordii,3,1,34,20,14,54,2021-08-22 09:25:00,519042
Halyna Burtseva_176849,Halyna Burtseva,3,1,33,20,13,53,2021-08-22 09:30:00,519043
Frantisek Camr_177091,Frantisek Camr,1,1,47,42,5,89,2021-08-22 09:30:00,519044
F Kopecky_28856,F Kopecky,-3,0,16,33,-17,49,2021-08-22 09:30:00,519045
Oleksandr Zhukovskyi_637767749,Oleksandr Zhukovskyi,-2,0,32,38,-6,70,2021-08-22 09:30:00,519046
V Vologzhanin_128447,V Vologzhanin,-3,0,22,33,-11,55,2021-08-22 09:34:00,519047
Serhii Hohenko_591036196,Serhii Hohenko,3,1,39,26,13,65,2021-08-22 09:35:00,519048
Yurii Kolesnyk_176864,Yurii Kolesnyk,-1,0,53,55,-2,108,2021-08-22 09:35:00,519049
E Golovachev_128519,E Golovachev,2,1,42,27,15,69,2021-08-22 09:35:00,519050
Oleksandr Kolbasenko_176879,Oleksandr Kolbasenko,-3,0,16,33,-17,49,2021-08-22 09:40:00,519051
Dmytro Arzanov_1847179617,Dmytro Arzanov,-3,0,22,33,-11,55,2021-08-22 09:40:00,519052
Mykola Laba_176889,Mykola Laba,1,1,40,42,-2,82,2021-08-22 09:45:00,519053
Bohdan Kohut_940660162,Bohdan Kohut,3,1,33,18,15,51,2021-08-22 09:45:00,519054
Lilia Melnikova_1012987351,Lilia Melnikova,3,1,33,22,11,55,2021-08-22 09:50:00,519055
Roman Zholubak_177077,Roman Zholubak,2,1,39,35,4,74,2021-08-22 09:50:00,519056
M Chernyavskiy_128483,M Chernyavskiy,-3,0,17,33,-16,50,2021-08-22 09:50:00,519057
Mykola Belia_176840,Mykola Belia,2,1,40,30,10,70,2021-08-22 09:50:00,519058
V Selkin_128448,V Selkin,1,1,43,46,-3,89,2021-08-22 09:51:00,519059
Serhii Tkachev_176927,Serhii Tkachev,1,1,53,45,8,98,2021-08-22 09:55:00,519060
Volodymyr Tuchkevych_38455201,Volodymyr Tuchkevych,-1,0,50,54,-4,104,2021-08-22 09:55:00,519061
S Homutov_128520,S Homutov,2,1,42,29,13,71,2021-08-22 09:56:00,519062
Yuliia Khilinska_176850,Yuliia Khilinska,1,1,49,44,5,93,2021-08-22 10:00:00,519063
Frantisek Camr_177038,Frantisek Camr,-1,0,36,45,-9,81,2021-08-22 10:00:00,519064
L Jindrak_28857,L Jindrak,2,1,38,29,9,67,2021-08-22 10:00:00,519065
Nazarii Kovalchuk_342259868,Nazarii Kovalchuk,1,1,52,47,5,99,2021-08-22 10:00:00,519066
V Zhigalov_128484,V Zhigalov,-1,0,45,57,-12,102,2021-08-22 10:03:00,519067
Mykola Lytvynenko_1536951377,Mykola Lytvynenko,3,1,33,17,16,50,2021-08-22 10:05:00,519068
Ruslan Solomko_176865,Ruslan Solomko,1,1,46,44,2,90,2021-08-22 10:05:00,519069
Yevhen Pysmennyi_2127790829,Yevhen Pysmennyi,3,1,33,23,10,56,2021-08-22 10:10:00,519070
Vladyslav Mishchenko_176880,Vladyslav Mishchenko,-2,0,28,43,-15,71,2021-08-22 10:10:00,519071
Leonid Ivanov_176890,Leonid Ivanov,-2,0,30,42,-12,72,2021-08-22 10:15:00,519072
Vіtalіy Krokhmal_2015524986,Vіtalіy Krokhmal,-3,0,23,34,-11,57,2021-08-22 10:15:00,519073
A Sadkov_128449,A Sadkov,-2,0,26,42,-16,68,2021-08-22 10:17:00,519074
Serhii Smyrnov_177078,Serhii Smyrnov,3,1,40,29,11,69,2021-08-22 10:20:00,519075
Yaroslav Tebenko_176841,Yaroslav Tebenko,2,1,41,36,5,77,2021-08-22 10:20:00,519076
Dmytro Yaremchuk_1551969903,Dmytro Yaremchuk,-1,0,38,49,-11,87,2021-08-22 10:20:00,519077
A Arutiunyan_128521,A Arutiunyan,-3,0,15,33,-18,48,2021-08-22 10:21:00,519078
Tatiana Bairak_399294507,Tatiana Bairak,-2,0,37,45,-8,82,2021-08-22 10:25:00,519079
Serhii Chelpanov_176928,Serhii Chelpanov,3,1,33,14,19,47,2021-08-22 10:25:00,519080
Lukas Hobl_177092,Lukas Hobl,1,1,48,41,7,89,2021-08-22 10:30:00,519081
Dina Tishchenko_176851,Dina Tishchenko,2,1,41,27,14,68,2021-08-22 10:30:00,519082
Illia Semeniuk_1829127575,Illia Semeniuk,2,1,40,31,9,71,2021-08-22 10:30:00,519083
Ji Louda_28858,Ji Louda,-2,0,33,43,-10,76,2021-08-22 10:30:00,519084
Oleksii Haponov_524489333,Oleksii Haponov,-1,0,50,42,8,92,2021-08-22 10:35:00,519085
Dmytro Rehotun_176866,Dmytro Rehotun,1,1,54,47,7,101,2021-08-22 10:35:00,519086
Yevhen Hasan_176881,Yevhen Hasan,2,1,36,35,1,71,2021-08-22 10:40:00,519087
Sergey Filatov_1866703695,Sergey Filatov,-1,0,47,51,-4,98,2021-08-22 10:40:00,519088
V Zhigalov_128574,V Zhigalov,-1,0,40,50,-10,90,2021-08-22 10:40:00,519089
Yevhen Masko_29891140,Yevhen Masko,-1,0,54,54,0,108,2021-08-22 10:45:00,519090
Egor Kovpak_176891,Egor Kovpak,-2,0,27,42,-15,69,2021-08-22 10:45:00,519091
V Vologzhanin_128569,V Vologzhanin,-3,0,24,33,-9,57,2021-08-22 10:45:00,519092
A Arutiunyan_128572,A Arutiunyan,-2,0,31,39,-8,70,2021-08-22 10:47:00,519093
Ivan Kozyr_597287966,Ivan Kozyr,2,1,44,35,9,79,2021-08-22 10:50:00,519094
Vadym Bochkovskyi_177079,Vadym Bochkovskyi,-3,0,17,33,-16,50,2021-08-22 10:50:00,519095
Mykola Belia_176842,Mykola Belia,-2,0,28,40,-12,68,2021-08-22 10:50:00,519096
Bohdan Kohut_111364782,Bohdan Kohut,1,1,57,54,3,111,2021-08-22 10:55:00,519097
Oleksandr Mishchenko_176929,Oleksandr Mishchenko,-3,0,16,33,-17,49,2021-08-22 10:55:00,519098
Jan Jr Krames_177093,Jan Jr Krames,-2,0,39,41,-2,80,2021-08-22 11:00:00,519099
Anastasia Holiak_176852,Anastasia Holiak,-2,0,35,37,-2,72,2021-08-22 11:00:00,519100
Olena Telezhynska_2108686192,Olena Telezhynska,3,1,33,17,16,50,2021-08-22 11:00:00,519101
L Jindrak_28859,L Jindrak,-1,0,47,45,2,92,2021-08-22 11:01:00,519102
Oleksandr Kostiuk_2051158788,Oleksandr Kostiuk,-1,0,49,55,-6,104,2021-08-22 11:05:00,519103
M Glushkov_128575,M Glushkov,1,1,49,40,9,89,2021-08-22 11:05:00,519104
Oleksandr Lykhytskyi_176867,Oleksandr Lykhytskyi,1,1,50,55,-5,105,2021-08-22 11:05:00,519105
Andrii Hordii_526504516,Andrii Hordii,2,1,41,35,6,76,2021-08-22 11:10:00,519106
Vladyslav Mishchenko_176882,Vladyslav Mishchenko,1,1,52,39,13,91,2021-08-22 11:10:00,519107
V Bazilevskiy_128573,V Bazilevskiy,-2,0,34,40,-6,74,2021-08-22 11:15:00,519108
Mykola Lytvynenko_261440148,Mykola Lytvynenko,3,1,33,24,9,57,2021-08-22 11:15:00,519109
Viktor Yevtodii_176892,Viktor Yevtodii,3,1,34,22,12,56,2021-08-22 11:15:00,519110
V Selkin_128571,V Selkin,-1,0,48,50,-2,98,2021-08-22 11:15:00,519111
Roman Derypaska_1309480564,Roman Derypaska,-2,0,37,40,-3,77,2021-08-22 11:20:00,519112
Roman Zholubak_177080,Roman Zholubak,1,1,48,45,3,93,2021-08-22 11:20:00,519113
Ihor Kvak_176843,Ihor Kvak,-1,0,45,44,1,89,2021-08-22 11:20:00,519114
Andrii Matiushenko_176930,Andrii Matiushenko,1,1,45,49,-4,94,2021-08-22 11:25:00,519115
Dmytro Arzanov_1197830395,Dmytro Arzanov,-2,0,27,40,-13,67,2021-08-22 11:25:00,519116
Lukas Hobl_177041,Lukas Hobl,1,1,52,45,7,97,2021-08-22 11:30:00,519117
Vitalii Lievshin_1949241531,Vitalii Lievshin,3,1,33,22,11,55,2021-08-22 11:30:00,519118
Halyna Burtseva_176853,Halyna Burtseva,-1,0,34,45,-11,79,2021-08-22 11:30:00,519119
F Kopecky_28860,F Kopecky,1,1,51,47,4,98,2021-08-22 11:30:00,519120
Lilia Melnikova_1936129750,Lilia Melnikova,2,1,41,33,8,74,2021-08-22 11:35:00,519121
Yurii Kolesnyk_176868,Yurii Kolesnyk,-1,0,47,54,-7,101,2021-08-22 11:35:00,519122
E Tyurin_128486,E Tyurin,2,1,43,31,12,74,2021-08-22 11:40:00,519123
Oleksandr Kolbasenko_176883,Oleksandr Kolbasenko,-3,0,21,33,-12,54,2021-08-22 11:40:00,519124
Volodymyr Tuchkevych_1027547430,Volodymyr Tuchkevych,-2,0,32,42,-10,74,2021-08-22 11:40:00,519125
Nazarii Kovalchuk_832078685,Nazarii Kovalchuk,-2,0,39,43,-4,82,2021-08-22 11:45:00,519126
Mykola Laba_176893,Mykola Laba,3,1,38,23,15,61,2021-08-22 11:45:00,519127
A Lobanov_128450,A Lobanov,-1,0,44,49,-5,93,2021-08-22 11:46:00,519128
I Poletaev_128522,I Poletaev,1,1,49,44,5,93,2021-08-22 11:47:00,519129
Yaroslav Tebenko_176844,Yaroslav Tebenko,3,1,35,19,16,54,2021-08-22 11:50:00,519130
Vadym Bochkovskyi_177081,Vadym Bochkovskyi,2,1,39,26,13,65,2021-08-22 11:50:00,519131
Oleksandr Zhukovskyi_1921116425,Oleksandr Zhukovskyi,-2,0,35,37,-2,72,2021-08-22 11:50:00,519132
Serhii Tkachev_176931,Serhii Tkachev,-1,0,49,51,-2,100,2021-08-22 11:55:00,519133
Serhii Hohenko_600275307,Serhii Hohenko,3,1,33,14,19,47,2021-08-22 11:55:00,519134
Yuliia Khilinska_176854,Yuliia Khilinska,2,1,42,33,9,75,2021-08-22 12:00:00,519135
Vіtalіy Krokhmal_368430364,Vіtalіy Krokhmal,2,1,41,30,11,71,2021-08-22 12:00:00,519136
D Molodtsov_128487,D Molodtsov,-2,0,32,41,-9,73,2021-08-22 12:03:00,519137
M Sobisek_28885,M Sobisek,-3,0,25,35,-10,60,2021-08-22 12:04:00,519138
Dmytro Yaremchuk_48356551,Dmytro Yaremchuk,1,1,47,44,3,91,2021-08-22 12:05:00,519139
Ruslan Solomko_176869,Ruslan Solomko,2,1,40,31,9,71,2021-08-22 12:05:00,519140
Tatiana Bairak_1448734350,Tatiana Bairak,2,1,41,26,15,67,2021-08-22 12:10:00,519141
Yevhen Hasan_176884,Yevhen Hasan,-1,0,43,51,-8,94,2021-08-22 12:10:00,519142
Leonid Ivanov_176894,Leonid Ivanov,-3,0,22,33,-11,55,2021-08-22 12:15:00,519143
Illia Semeniuk_968939864,Illia Semeniuk,2,1,42,38,4,80,2021-08-22 12:15:00,519144
O Nikiforov_128523,O Nikiforov,-3,0,27,36,-9,63,2021-08-22 12:16:00,519145
I Minchenkov_128451,I Minchenkov,1,1,52,51,1,103,2021-08-22 12:18:00,519146
Serhii Smyrnov_177082,Serhii Smyrnov,1,1,48,46,2,94,2021-08-22 12:20:00,519147
Oleksii Haponov_2085092135,Oleksii Haponov,-2,0,34,43,-9,77,2021-08-22 12:20:00,519148
Andrei Huchok_176845,Andrei Huchok,-2,0,26,44,-18,70,2021-08-22 12:20:00,519149
Jan Jr Krames_177110,Jan Jr Krames,1,1,52,46,6,98,2021-08-22 12:25:00,519150
Mykola Lytvynenko_719031306,Mykola Lytvynenko,-1,0,46,46,0,92,2021-08-22 12:25:00,519151
Serhii Chelpanov_176932,Serhii Chelpanov,-2,0,32,38,-6,70,2021-08-22 12:25:00,519152
Dina Tishchenko_176855,Dina Tishchenko,1,1,45,36,9,81,2021-08-22 12:30:00,519153
Yevhen Pysmennyi_1280661239,Yevhen Pysmennyi,2,1,44,37,7,81,2021-08-22 12:30:00,519154
Ji Louda_28886,Ji Louda,-2,0,35,45,-10,80,2021-08-22 12:30:00,519155
S Bilyuga_128488,S Bilyuga,3,1,33,17,16,50,2021-08-22 12:31:00,519156
Dmytro Rehotun_176870,Dmytro Rehotun,-1,0,53,53,0,106,2021-08-22 12:35:00,519157
Dmytro Baistriuchenko_1251197942,Dmytro Baistriuchenko,-3,0,31,41,-10,72,2021-08-22 12:35:00,519158
Bohdan Kohut_1025373702,Bohdan Kohut,-2,0,26,41,-15,67,2021-08-22 12:40:00,519159
Valerii Merzlikin_176885,Valerii Merzlikin,-3,0,25,35,-10,60,2021-08-22 12:40:00,519160
Egor Kovpak_176895,Egor Kovpak,3,1,34,22,12,56,2021-08-22 12:45:00,519161
Olena Telezhynska_2020161479,Olena Telezhynska,2,1,37,27,10,64,2021-08-22 12:45:00,519162
I Lednev_128524,I Lednev,2,1,41,40,1,81,2021-08-22 12:48:00,519163
P Medvedev_128452,P Medvedev,1,1,49,44,5,93,2021-08-22 12:50:00,519164
Roman Zholubak_177083,Roman Zholubak,3,1,33,17,16,50,2021-08-22 12:50:00,519165
Oleksandr Kostiuk_1713022789,Oleksandr Kostiuk,-2,0,33,43,-10,76,2021-08-22 12:50:00,519166
Oleksandr Mishchenko_176933,Oleksandr Mishchenko,1,1,52,34,18,86,2021-08-22 12:55:00,519167
Andrei Huchok_177112,Andrei Huchok,2,1,35,29,6,64,2021-08-22 12:55:00,519168
Andrii Hordii_656538354,Andrii Hordii,2,1,45,38,7,83,2021-08-22 12:55:00,519169
Daniel Barta_177111,Daniel Barta,2,1,41,31,10,72,2021-08-22 12:55:00,519170
Petr Vanecek_177042,Petr Vanecek,3,1,33,20,13,53,2021-08-22 13:00:00,519171
Anastasia Holiak_176856,Anastasia Holiak,3,1,33,23,10,56,2021-08-22 13:00:00,519172
K Bystrushkin_128489,K Bystrushkin,2,1,42,36,6,78,2021-08-22 13:00:00,519173
F Kopecky_28861,F Kopecky,1,1,50,44,6,94,2021-08-22 13:01:00,519174
Yevhen Masko_831378482,Yevhen Masko,1,1,48,42,6,90,2021-08-22 13:05:00,519175
Valerii Merzlikin_177114,Valerii Merzlikin,-2,0,36,43,-7,79,2021-08-22 13:10:00,519176
Ivan Kozyr_451430338,Ivan Kozyr,-3,0,16,33,-17,49,2021-08-22 13:10:00,519177
Dmytro Yaremchuk_25106610,Dmytro Yaremchuk,3,1,34,21,13,55,2021-08-22 13:15:00,519178
Viktor Yevtodii_176896,Viktor Yevtodii,3,1,33,15,18,48,2021-08-22 13:15:00,519179
I Matveyev_128525,I Matveyev,2,1,42,34,8,76,2021-08-22 13:17:00,519180
Alina Shkarban_1889305502,Alina Shkarban,2,1,36,33,3,69,2021-08-22 13:20:00,519181
Valentin Korovichenko_177084,Valentin Korovichenko,3,1,34,25,9,59,2021-08-22 13:20:00,519182
E Kharchenko_128453,E Kharchenko,1,1,45,46,-1,91,2021-08-22 13:20:00,519183
Oleh Hudyma_177113,Oleh Hudyma,1,1,49,45,4,94,2021-08-22 13:25:00,519184
Andrii Matiushenko_176934,Andrii Matiushenko,-2,0,38,46,-8,84,2021-08-22 13:25:00,519185
Andrii Tsikhotskyi_2036268078,Andrii Tsikhotskyi,1,1,58,56,2,114,2021-08-22 13:25:00,519186
Yuliia Khilinska_176857,Yuliia Khilinska,2,1,42,28,14,70,2021-08-22 13:30:00,519187
Vasyl Verbianyi_1555195884,Vasyl Verbianyi,3,1,34,27,7,61,2021-08-22 13:30:00,519188
Martin Prusa_177043,Martin Prusa,-1,0,39,50,-11,89,2021-08-22 13:30:00,519189
S Bilyuga_128490,S Bilyuga,-2,0,34,40,-6,74,2021-08-22 13:30:00,519190
L Jindrak_28862,L Jindrak,2,1,37,30,7,67,2021-08-22 13:30:00,519191
Ruslan Solomko_176872,Ruslan Solomko,-2,0,42,45,-3,87,2021-08-22 13:35:00,519192
Oleksandr Zhukovskyi_1523017609,Oleksandr Zhukovskyi,2,1,38,31,7,69,2021-08-22 13:35:00,519193
Roman Derypaska_1693191625,Roman Derypaska,-3,0,23,33,-10,56,2021-08-22 13:40:00,519194
Oleksandr Borysiuk_177115,Oleksandr Borysiuk,-2,0,29,44,-15,73,2021-08-22 13:40:00,519195
Leonid Ivanov_176897,Leonid Ivanov,-3,0,21,33,-12,54,2021-08-22 13:45:00,519196
Dmytro Baistriuchenko_489692364,Dmytro Baistriuchenko,1,1,49,46,3,95,2021-08-22 13:45:00,519197
I Lednev_128526,I Lednev,-2,0,39,44,-5,83,2021-08-22 13:49:00,519198
Bohdan Kohut_231085257,Bohdan Kohut,2,1,38,31,7,69,2021-08-22 13:50:00,519199
Serhii Smyrnov_177116,Serhii Smyrnov,-2,0,38,42,-4,80,2021-08-22 13:50:00,519200
P Medvedev_128454,P Medvedev,1,1,47,46,1,93,2021-08-22 13:55:00,519201
Lilia Melnikova_144257386,Lilia Melnikova,-1,0,43,47,-4,90,2021-08-22 13:55:00,519202
Serhii Tkachev_176935,Serhii Tkachev,-2,0,34,41,-7,75,2021-08-22 13:55:00,519203
L Adamec_28863,L Adamec,-1,0,52,54,-2,106,2021-08-22 14:00:00,519204
Martin Prusa_177044,Martin Prusa,-1,0,39,50,-11,89,2021-08-22 14:00:00,519205
Polina Nerush_176858,Polina Nerush,1,1,52,49,3,101,2021-08-22 14:00:00,519206
Volodymyr Tuchkevych_1494551065,Volodymyr Tuchkevych,-3,0,28,35,-7,63,2021-08-22 14:00:00,519207
D Molodtsov_128491,D Molodtsov,-1,0,36,43,-7,79,2021-08-22 14:01:00,519208
Nazarii Kovalchuk_2109237427,Nazarii Kovalchuk,3,1,38,23,15,61,2021-08-22 14:05:00,519209
Yurii Teteria_430481347,Yurii Teteria,2,1,44,39,5,83,2021-08-22 14:10:00,519210
Oleksandr Budnikov_176898,Oleksandr Budnikov,1,1,48,45,3,93,2021-08-22 14:15:00,519211
Yevhen Pysmennyi_21653231,Yevhen Pysmennyi,1,1,58,48,10,106,2021-08-22 14:15:00,519212
Vіtalіy Krokhmal_1539987806,Vіtalіy Krokhmal,-2,0,40,44,-4,84,2021-08-22 14:20:00,519213
Kyrylo Yurchenko_177117,Kyrylo Yurchenko,1,1,47,52,-5,99,2021-08-22 14:20:00,519214
I Minchenkov_128455,I Minchenkov,1,1,44,37,7,81,2021-08-22 14:23:00,519215
O Nikiforov_128527,O Nikiforov,3,1,36,24,12,60,2021-08-22 14:24:00,519216
Dmytro Yaremchuk_1793096061,Dmytro Yaremchuk,-1,0,47,52,-5,99,2021-08-22 14:25:00,519217
Oleksandr Mishchenko_176936,Oleksandr Mishchenko,1,1,48,38,10,86,2021-08-22 14:25:00,519218
Yuliia Khilinska_176859,Yuliia Khilinska,1,1,52,48,4,100,2021-08-22 14:30:00,519219
Tatiana Bairak_1698804992,Tatiana Bairak,1,1,51,46,5,97,2021-08-22 14:30:00,519220
Petr Vanecek_177045,Petr Vanecek,2,1,36,36,0,72,2021-08-22 14:30:00,519221
D Molodtsov_128576,D Molodtsov,-3,0,23,33,-10,56,2021-08-22 14:31:00,519222
V Waldhauser_28864,V Waldhauser,-3,0,16,33,-17,49,2021-08-22 14:32:00,519223
Ruslan Solomko_176874,Ruslan Solomko,-3,0,22,33,-11,55,2021-08-22 14:35:00,519224
Oleksandr Kostiuk_926026042,Oleksandr Kostiuk,2,1,43,40,3,83,2021-08-22 14:35:00,519225
Vasyl Kushnir_2108976172,Vasyl Kushnir,-2,0,38,37,1,75,2021-08-22 14:40:00,519226
Leonid Ivanov_176899,Leonid Ivanov,1,1,51,51,0,102,2021-08-22 14:45:00,519227
I Poletaev_128578,I Poletaev,-3,0,22,33,-11,55,2021-08-22 14:47:00,519228
Nikita Trofimov_1493253420,Nikita Trofimov,-2,0,31,40,-9,71,2021-08-22 14:50:00,519229
Igor Shyndel_176937,Igor Shyndel,1,1,46,37,9,83,2021-08-22 14:55:00,519230
A Lobanov_128580,A Lobanov,2,1,38,34,4,72,2021-08-22 14:57:00,519231
L Adamec_28865,L Adamec,3,1,35,18,17,53,2021-08-22 15:00:00,519232
Halyna Burtseva_176860,Halyna Burtseva,-3,0,14,33,-19,47,2021-08-22 15:00:00,519233
Vojtech Koutnik_177046,Vojtech Koutnik,2,1,42,34,8,76,2021-08-22 15:00:00,519234
Vitalii Lievshin_579990264,Vitalii Lievshin,3,1,33,24,9,57,2021-08-22 15:00:00,519235
K Bystrushkin_128577,K Bystrushkin,-3,0,23,33,-10,56,2021-08-22 15:00:00,519236
Yurii Kolesnyk_176875,Yurii Kolesnyk,-2,0,33,43,-10,76,2021-08-22 15:05:00,519237
Alina Shkarban_1010279606,Alina Shkarban,-2,0,30,38,-8,68,2021-08-22 15:05:00,519238
Andrii Tsikhotskyi_1207033294,Andrii Tsikhotskyi,-3,0,26,35,-9,61,2021-08-22 15:10:00,519239
Andrii Hordii_228370667,Andrii Hordii,-1,0,49,53,-4,102,2021-08-22 15:15:00,519240
I Lednev_128579,I Lednev,2,1,42,32,10,74,2021-08-22 15:15:00,519241
Mykola Laba_176900,Mykola Laba,-3,0,20,33,-13,53,2021-08-22 15:15:00,519242
Mariana Hryhoruk_177094,Mariana Hryhoruk,-3,0,21,34,-13,55,2021-08-22 15:20:00,519243
P Medvedev_128581,P Medvedev,-2,0,29,39,-10,68,2021-08-22 15:20:00,519244
Yevhen Pysmennyi_193470435,Yevhen Pysmennyi,-3,0,30,36,-6,66,2021-08-22 15:25:00,519245
Oleksandr Mishchenko_176938,Oleksandr Mishchenko,-2,0,35,43,-8,78,2021-08-22 15:25:00,519246
L Jindrak_28866,L Jindrak,3,1,33,18,15,51,2021-08-22 15:30:00,519247
Petr Vanecek_177047,Petr Vanecek,-2,0,37,42,-5,79,2021-08-22 15:30:00,519248
Anzhela Sydorko_176966,Anzhela Sydorko,2,1,37,31,6,68,2021-08-22 15:30:00,519249
Oleksandr Gomilko_177021,Oleksandr Gomilko,-2,0,30,43,-13,73,2021-08-22 15:35:00,519250
Anatolii Lievshin_1524384935,Anatolii Lievshin,-3,0,20,33,-13,53,2021-08-22 15:35:00,519251
I Meteleshko_128492,I Meteleshko,2,1,42,31,11,73,2021-08-22 15:35:00,519252
Volodymyr Melnykov_176981,Volodymyr Melnykov,-1,0,42,54,-12,96,2021-08-22 15:40:00,519253
Halyna Telna_1143352383,Halyna Telna,2,1,46,37,9,83,2021-08-22 15:40:00,519254
Anatolii Kostenko_176991,Anatolii Kostenko,-1,0,47,48,-1,95,2021-08-22 15:45:00,519255
A Golyshev_128456,A Golyshev,-3,0,16,33,-17,49,2021-08-22 15:47:00,519256
Natalia Zoreva_177095,Natalia Zoreva,2,1,39,29,10,68,2021-08-22 15:50:00,519257
E Kupryakov_128528,E Kupryakov,-1,0,42,52,-10,94,2021-08-22 15:50:00,519258
Vasyl Aksenin_1780931081,Vasyl Aksenin,-3,0,18,33,-15,51,2021-08-22 15:50:00,519259
Serhii Chelpanov_176939,Serhii Chelpanov,1,1,44,37,7,81,2021-08-22 15:55:00,519260
Serhii Hohenko_2021403943,Serhii Hohenko,3,1,33,9,24,42,2021-08-22 16:00:00,519261
Svitlana Tsoma_176967,Svitlana Tsoma,2,1,43,34,9,77,2021-08-22 16:00:00,519262
I Pandur_128493,I Pandur,2,1,38,33,5,71,2021-08-22 16:01:00,519263
V Waldhauser_28911,V Waldhauser,2,1,41,28,13,69,2021-08-22 16:01:00,519264
Frantisek Korenek_177118,Frantisek Korenek,3,1,34,25,9,59,2021-08-22 16:05:00,519265
Oleksandr Kovalchuk_177022,Oleksandr Kovalchuk,3,1,39,30,9,69,2021-08-22 16:05:00,519266
Andrii Baklykov_268995886,Andrii Baklykov,-2,0,35,43,-8,78,2021-08-22 16:10:00,519267
Serhii Dovzhenko_176982,Serhii Dovzhenko,-1,0,46,53,-7,99,2021-08-22 16:10:00,519268
Vitalii Marushchak_176992,Vitalii Marushchak,-1,0,55,51,4,106,2021-08-22 16:15:00,519269
Anna Miklukha_1148894799,Anna Miklukha,-3,0,21,33,-12,54,2021-08-22 16:15:00,519270
V Bazilevskiy_128457,V Bazilevskiy,-1,0,47,53,-6,100,2021-08-22 16:16:00,519271
Maxim Naumchuk_412873770,Maxim Naumchuk,3,1,33,20,13,53,2021-08-22 16:20:00,519272
Mariana Hryhoruk_177096,Mariana Hryhoruk,-1,0,41,49,-8,90,2021-08-22 16:20:00,519273
M Cheklin_128529,M Cheklin,2,1,43,37,6,80,2021-08-22 16:22:00,519274
Andrii Peretiatko_177001,Andrii Peretiatko,1,1,52,48,4,100,2021-08-22 16:25:00,519275
Petro Tsolik_122037228,Petro Tsolik,2,1,39,35,4,74,2021-08-22 16:25:00,519276
Rehyna Rudzei_176968,Rehyna Rudzei,3,1,34,27,7,61,2021-08-22 16:30:00,519277
F Kopecky_28912,F Kopecky,3,1,35,28,7,63,2021-08-22 16:30:00,519278
V Selkin_128494,V Selkin,3,1,34,22,12,56,2021-08-22 16:31:00,519279
Vojtech Koutnik_177119,Vojtech Koutnik,-3,0,21,33,-12,54,2021-08-22 16:35:00,519280
Oleksandr Liushnia_177023,Oleksandr Liushnia,-3,0,23,33,-10,56,2021-08-22 16:35:00,519281
Roman Derypaska_561836113,Roman Derypaska,-3,0,15,33,-18,48,2021-08-22 16:35:00,519282
Volodymyr Melnykov_176983,Volodymyr Melnykov,-3,0,12,33,-21,45,2021-08-22 16:40:00,519283
Anatolii Kostenko_176993,Anatolii Kostenko,3,1,34,25,9,59,2021-08-22 16:45:00,519284
Anatolii Lievshin_1783116509,Anatolii Lievshin,-2,0,36,43,-7,79,2021-08-22 16:45:00,519285
D Andreev_128458,D Andreev,3,1,33,19,14,52,2021-08-22 16:50:00,519286
V Fedorov_128530,V Fedorov,1,1,47,47,0,94,2021-08-22 16:50:00,519287
Halyna Telna_1872444265,Halyna Telna,-1,0,43,52,-9,95,2021-08-22 16:50:00,519288
Liliya Andrieieva_177097,Liliya Andrieieva,-3,0,13,33,-20,46,2021-08-22 16:50:00,519289
Ihor Oranskyi_177002,Ihor Oranskyi,3,1,37,29,8,66,2021-08-22 16:55:00,519290
Vasil Salivonchyk_1345657317,Vasil Salivonchyk,-2,0,36,44,-8,80,2021-08-22 16:55:00,519291
Vasyl Aksenin_327347299,Vasyl Aksenin,-3,0,21,36,-15,57,2021-08-22 17:00:00,519292
Martin Sulc_177048,Martin Sulc,-3,0,28,34,-6,62,2021-08-22 17:00:00,519293
V Nemashkalo_128495,V Nemashkalo,-2,0,35,44,-9,79,2021-08-22 17:00:00,519294
Svitlana Tsoma_176969,Svitlana Tsoma,1,1,47,39,8,86,2021-08-22 17:00:00,519295
L Adamec_28867,L Adamec,-2,0,38,45,-7,83,2021-08-22 17:00:00,519296
Oleksandr Kovalchuk_177024,Oleksandr Kovalchuk,-2,0,37,38,-1,75,2021-08-22 17:05:00,519297
Yevhen Masko_55668038,Yevhen Masko,-2,0,29,46,-17,75,2021-08-22 17:10:00,519298
Oleksandr Mytsyk_176984,Oleksandr Mytsyk,-1,0,45,50,-5,95,2021-08-22 17:10:00,519299
Stepan Grygorenko_176994,Stepan Grygorenko,-2,0,40,47,-7,87,2021-08-22 17:15:00,519300
E Golovachev_128459,E Golovachev,3,1,33,14,19,47,2021-08-22 17:17:00,519301
F Ambrosimov_128531,F Ambrosimov,-2,0,35,43,-8,78,2021-08-22 17:19:00,519302
Uryi Schepanskyi_55465007,Uryi Schepanskyi,-1,0,48,52,-4,100,2021-08-22 17:20:00,519303
Natalia Zoreva_177098,Natalia Zoreva,-1,0,42,44,-2,86,2021-08-22 17:20:00,519304
Andrii Peretiatko_177003,Andrii Peretiatko,2,1,41,22,19,63,2021-08-22 17:25:00,519305
Anna Miklukha_973990856,Anna Miklukha,1,1,53,48,5,101,2021-08-22 17:25:00,519306
M Urban_28868,M Urban,-1,0,42,48,-6,90,2021-08-22 17:30:00,519307
V Selkin_128496,V Selkin,2,1,43,41,2,84,2021-08-22 17:30:00,519308
Anzhela Sydorko_176970,Anzhela Sydorko,-2,0,31,39,-8,70,2021-08-22 17:30:00,519309
Milan Obertik_177049,Milan Obertik,2,1,39,27,12,66,2021-08-22 17:30:00,519310
Maxim Naumchuk_1340664784,Maxim Naumchuk,-2,0,32,37,-5,69,2021-08-22 17:30:00,519311
Oleksandr Gomilko_177025,Oleksandr Gomilko,1,1,44,43,1,87,2021-08-22 17:35:00,519312
Yevhenii Faflei_1125615959,Yevhenii Faflei,3,1,33,20,13,53,2021-08-22 17:35:00,519313
Serhii Dovzhenko_176985,Serhii Dovzhenko,-1,0,50,56,-6,106,2021-08-22 17:40:00,519314
Nikita Trofimov_1434558546,Nikita Trofimov,2,1,41,25,16,66,2021-08-22 17:45:00,519315
Vitalii Marushchak_176995,Vitalii Marushchak,-3,0,18,33,-15,51,2021-08-22 17:45:00,519316
D Andreev_128460,D Andreev,1,1,49,44,5,93,2021-08-22 17:46:00,519317
V Fedorov_128532,V Fedorov,-2,0,36,41,-5,77,2021-08-22 17:49:00,519318
Mariana Hryhoruk_177099,Mariana Hryhoruk,-1,0,43,51,-8,94,2021-08-22 17:50:00,519319
Andrii Baklykov_94799010,Andrii Baklykov,3,1,33,11,22,44,2021-08-22 17:55:00,519320
Mykhailo Diachenko_177004,Mykhailo Diachenko,-2,0,32,38,-6,70,2021-08-22 17:55:00,519321
Halyna Telna_1990373103,Halyna Telna,-1,0,50,48,2,98,2021-08-22 18:00:00,519322
Yaroslava Pachich_176971,Yaroslava Pachich,1,1,46,41,5,87,2021-08-22 18:00:00,519323
I Pandur_128497,I Pandur,2,1,38,34,4,72,2021-08-22 18:00:00,519324
Milan Obertik_177050,Milan Obertik,2,1,43,35,8,78,2021-08-22 18:00:00,519325
V Waldhauser_28869,V Waldhauser,-1,0,50,46,4,96,2021-08-22 18:03:00,519326
Vadim Gerashenko_1784387190,Vadim Gerashenko,-3,0,23,33,-10,56,2021-08-22 18:05:00,519327
Oleksandr Lysenko_177026,Oleksandr Lysenko,-3,0,20,33,-13,53,2021-08-22 18:05:00,519328
Petro Tsolik_1511253027,Petro Tsolik,-1,0,44,52,-8,96,2021-08-22 18:10:00,519329
Volodymyr Melnykov_176986,Volodymyr Melnykov,-2,0,32,47,-15,79,2021-08-22 18:10:00,519330
Anatolii Kostenko_176996,Anatolii Kostenko,-2,0,33,41,-8,74,2021-08-22 18:15:00,519331
V Bazilevskiy_128461,V Bazilevskiy,-2,0,35,44,-9,79,2021-08-22 18:16:00,519332
M Cheklin_128533,M Cheklin,1,1,47,49,-2,96,2021-08-22 18:18:00,519333
Illia Yanishevskiy_1818958334,Illia Yanishevskiy,-2,0,35,38,-3,73,2021-08-22 18:20:00,519334
Natalia Zoreva_177100,Natalia Zoreva,-2,0,35,38,-3,73,2021-08-22 18:20:00,519335
Dmytro Mischenko_155345176,Dmytro Mischenko,1,1,50,51,-1,101,2021-08-22 18:25:00,519336
Ihor Oranskyi_177005,Ihor Oranskyi,1,1,52,44,8,96,2021-08-22 18:25:00,519337
Rehyna Rudzei_176972,Rehyna Rudzei,-1,0,40,46,-6,86,2021-08-22 18:30:00,519338
Anatolii Lievshin_467262279,Anatolii Lievshin,2,1,48,41,7,89,2021-08-22 18:30:00,519339
Martin Sulc_177051,Martin Sulc,1,1,48,44,4,92,2021-08-22 18:30:00,519340
V Nemashkalo_128684,V Nemashkalo,-1,0,41,46,-5,87,2021-08-22 18:31:00,519341
Oleksandr Liushnia_177027,Oleksandr Liushnia,2,1,40,32,8,72,2021-08-22 18:35:00,519342
Viktoria Kurtenko_2083238069,Viktoria Kurtenko,2,1,41,28,13,69,2021-08-22 18:35:00,519343
M Sobisek_28870,M Sobisek,-3,0,22,33,-11,55,2021-08-22 18:39:00,519344
Serhii Dovzhenko_176987,Serhii Dovzhenko,-2,0,33,41,-8,74,2021-08-22 18:40:00,519345
Vasil Salivonchyk_1572528876,Vasil Salivonchyk,1,1,44,33,11,77,2021-08-22 18:40:00,519346
Vasyl Aksenin_1093837526,Vasyl Aksenin,-2,0,31,42,-11,73,2021-08-22 18:45:00,519347
Vitalii Marushchak_176997,Vitalii Marushchak,1,1,47,44,3,91,2021-08-22 18:45:00,519348
V Bazilevskiy_128686,V Bazilevskiy,-3,0,23,33,-10,56,2021-08-22 18:46:00,519349
Liliya Andrieieva_177101,Liliya Andrieieva,-2,0,40,43,-3,83,2021-08-22 18:50:00,519350
E Kupryakov_128688,E Kupryakov,3,1,33,24,9,57,2021-08-22 18:52:00,519351
Andrii Peretiatko_177006,Andrii Peretiatko,-2,0,22,39,-17,61,2021-08-22 18:55:00,519352
Serhii Kiilo_143985961,Serhii Kiilo,3,1,33,16,17,49,2021-08-22 18:55:00,519353
V Waldhauser_28871,V Waldhauser,-1,0,45,44,1,89,2021-08-22 19:00:00,519354
Dmytro Mischenko_2079135149,Dmytro Mischenko,2,1,45,40,5,85,2021-08-22 19:00:00,519355
V Selkin_128685,V Selkin,-3,0,29,35,-6,64,2021-08-22 19:00:00,519356
Tomas Cerveny_177052,Tomas Cerveny,-2,0,26,37,-11,63,2021-08-22 19:00:00,519357
Svitlana Tsoma_176973,Svitlana Tsoma,1,1,48,45,3,93,2021-08-22 19:00:00,519358
Uryi Schepanskyi_1930554590,Uryi Schepanskyi,1,1,52,44,8,96,2021-08-22 19:05:00,519359
Oleksandr Kovalchuk_177028,Oleksandr Kovalchuk,2,1,45,40,5,85,2021-08-22 19:05:00,519360
Oleksandr Mytsyk_176988,Oleksandr Mytsyk,-3,0,33,40,-7,73,2021-08-22 19:10:00,519361
Anna Miklukha_495395154,Anna Miklukha,1,1,51,46,5,97,2021-08-22 19:10:00,519362
Stepan Grygorenko_176998,Stepan Grygorenko,2,1,35,31,4,66,2021-08-22 19:15:00,519363
Maxim Naumchuk_988643072,Maxim Naumchuk,3,1,34,26,8,60,2021-08-22 19:15:00,519364
E Golovachev_128687,E Golovachev,-2,0,30,41,-11,71,2021-08-22 19:16:00,519365
F Ambrosimov_128689,F Ambrosimov,2,1,38,32,6,70,2021-08-22 19:16:00,519366
Dmytro Lazuryk_177011,Dmytro Lazuryk,1,1,45,40,5,85,2021-08-22 19:20:00,519367
Yevhenii Faflei_2093540710,Yevhenii Faflei,-2,0,33,44,-11,77,2021-08-22 19:20:00,519368
Mariana Hryhoruk_177102,Mariana Hryhoruk,3,1,35,24,11,59,2021-08-22 19:20:00,519369
Ihor Oranskyi_177007,Ihor Oranskyi,1,1,42,38,4,80,2021-08-22 19:25:00,519370
Anzhela Sydorko_176974,Anzhela Sydorko,2,1,43,38,5,81,2021-08-22 19:30:00,519371
Martin Sulc_177053,Martin Sulc,-2,0,35,40,-5,75,2021-08-22 19:30:00,519372
D Tikhnenko_128498,D Tikhnenko,1,1,47,43,4,90,2021-08-22 19:30:00,519373
Illia Yanishevskiy_304531247,Illia Yanishevskiy,-3,0,19,33,-14,52,2021-08-22 19:30:00,519374
M Urban_28872,M Urban,3,1,33,22,11,55,2021-08-22 19:32:00,519375
Oleksandr Gomilko_177029,Oleksandr Gomilko,3,1,35,21,14,56,2021-08-22 19:35:00,519376
Mykola Zakladnyi_1476117186,Mykola Zakladnyi,3,1,33,20,13,53,2021-08-22 19:35:00,519377
Volodymyr Melnykov_176989,Volodymyr Melnykov,-3,0,23,33,-10,56,2021-08-22 19:40:00,519378
Andrii Baklykov_1281615752,Andrii Baklykov,2,1,37,34,3,71,2021-08-22 19:40:00,519379
Anatolii Kostenko_176999,Anatolii Kostenko,2,1,40,36,4,76,2021-08-22 19:45:00,519380
Halyna Telna_968706723,Halyna Telna,-2,0,44,50,-6,94,2021-08-22 19:45:00,519381
I Soldatov_128462,I Soldatov,-2,0,42,46,-4,88,2021-08-22 19:45:00,519382
K Malahov_128534,K Malahov,-2,0,37,42,-5,79,2021-08-22 19:48:00,519383
Yurii Kurishchenko_177012,Yurii Kurishchenko,1,1,50,38,12,88,2021-08-22 19:50:00,519384
Vadim Gerashenko_996733713,Vadim Gerashenko,-2,0,30,40,-10,70,2021-08-22 19:50:00,519385
Olena Kutkova_177103,Olena Kutkova,2,1,42,37,5,79,2021-08-22 19:50:00,519386
Mykhailo Diachenko_177008,Mykhailo Diachenko,-3,0,26,34,-8,60,2021-08-22 19:55:00,519387
Petro Tsolik_476396024,Petro Tsolik,-2,0,38,48,-10,86,2021-08-22 19:55:00,519388
Yaroslava Pachich_176975,Yaroslava Pachich,2,1,39,39,0,78,2021-08-22 20:00:00,519389
A Alekseyev_128499,A Alekseyev,-3,0,24,34,-10,58,2021-08-22 20:00:00,519390
L Adamec_28913,L Adamec,-2,0,33,39,-6,72,2021-08-22 20:01:00,519391
Serhii Kiilo_1676750511,Serhii Kiilo,1,1,55,47,8,102,2021-08-22 20:05:00,519392
Oleksandr Lysenko_177030,Oleksandr Lysenko,-2,0,30,44,-14,74,2021-08-22 20:05:00,519393
Dmytro Mischenko_2018712288,Dmytro Mischenko,-3,0,21,33,-12,54,2021-08-22 20:10:00,519394
Serhii Yatsenko_176990,Serhii Yatsenko,-3,0,27,37,-10,64,2021-08-22 20:10:00,519395
Tomas Cerveny_177354,Tomas Cerveny,-3,0,20,33,-13,53,2021-08-22 20:10:00,519396
Denys Shcherbak_815651581,Denys Shcherbak,-2,0,38,41,-3,79,2021-08-22 20:15:00,519397
Valerii Shepil_177000,Valerii Shepil,2,1,41,30,11,71,2021-08-22 20:15:00,519398
V Beliakov_128535,V Beliakov,2,1,38,29,9,67,2021-08-22 20:15:00,519399
E Mishutin_128463,E Mishutin,3,1,33,22,11,55,2021-08-22 20:15:00,519400
Anna Miklukha_2037480783,Anna Miklukha,-1,0,43,51,-8,94,2021-08-22 20:20:00,519401
Dmytro Lazuryk_177013,Dmytro Lazuryk,-1,0,48,54,-6,102,2021-08-22 20:20:00,519402
Vasil Salivonchyk_587710866,Vasil Salivonchyk,3,1,33,15,18,48,2021-08-22 20:25:00,519403
Andrii Peretiatko_177009,Andrii Peretiatko,-3,0,18,34,-16,52,2021-08-22 20:25:00,519404
Liliya Andrieieva_177356,Liliya Andrieieva,-2,0,36,45,-9,81,2021-08-22 20:30:00,519405
V Chernov_128500,V Chernov,1,1,48,45,3,93,2021-08-22 20:30:00,519406
Yaroslav Vorsuliak_404207157,Yaroslav Vorsuliak,3,1,36,24,12,60,2021-08-22 20:30:00,519407
Rehyna Rudzei_176976,Rehyna Rudzei,2,1,40,28,12,68,2021-08-22 20:30:00,519408
M Sobisek_28914,M Sobisek,-3,0,24,33,-9,57,2021-08-22 20:30:00,519409
Oleksandr Liushnia_177031,Oleksandr Liushnia,1,1,49,35,14,84,2021-08-22 20:35:00,519410
Vaclav Sr Hejda_177355,Vaclav Sr Hejda,2,1,37,33,4,70,2021-08-22 20:40:00,519411
Illia Yanishevskiy_6352106,Illia Yanishevskiy,-3,0,13,33,-20,46,2021-08-22 20:40:00,519412
Oleksandr Mytsyk_177358,Oleksandr Mytsyk,-2,0,33,37,-4,70,2021-08-22 20:40:00,519413
Mykola Zakladnyi_329018118,Mykola Zakladnyi,2,1,54,41,13,95,2021-08-22 20:45:00,519414
D Kolesnikov_128464,D Kolesnikov,-2,0,39,43,-4,82,2021-08-22 20:45:00,519415
D Balakin_128536,D Balakin,-3,0,17,33,-16,50,2021-08-22 20:46:00,519416
Andrii Semeniuk_177360,Andrii Semeniuk,2,1,42,30,12,72,2021-08-22 20:50:00,519417
Ivan Fedoryshyn_177014,Ivan Fedoryshyn,2,1,44,39,5,83,2021-08-22 20:50:00,519418
Anatolii Lievshin_2111933257,Anatolii Lievshin,-1,0,49,53,-4,102,2021-08-22 20:50:00,519419
Halyna Telna_2129656397,Halyna Telna,-3,0,14,33,-19,47,2021-08-22 20:55:00,519420
Vitalii Kyilo_177010,Vitalii Kyilo,3,1,33,19,14,52,2021-08-22 20:55:00,519421
Petr Fiser_177054,Petr Fiser,3,1,34,27,7,61,2021-08-22 21:00:00,519422
Iryna Konkulovska_177357,Iryna Konkulovska,1,1,49,43,6,92,2021-08-22 21:00:00,519423
Anzhela Sydorko_176977,Anzhela Sydorko,-2,0,36,44,-8,80,2021-08-22 21:00:00,519424
Valerii Baklykov_1016954096,Valerii Baklykov,-3,0,19,33,-14,52,2021-08-22 21:00:00,519425
I Mihaylov_128501,I Mihaylov,3,1,36,22,14,58,2021-08-22 21:00:00,519426
T Batthyany_28873,T Batthyany,1,1,53,44,9,97,2021-08-22 21:05:00,519427
Oleksandr Gomilko_177032,Oleksandr Gomilko,-1,0,50,54,-4,104,2021-08-22 21:05:00,519428
Vasyl Aksenin_8680185,Vasyl Aksenin,-1,0,39,52,-13,91,2021-08-22 21:05:00,519429
Oleksandr Strutinskiy_177359,Oleksandr Strutinskiy,3,1,34,17,17,51,2021-08-22 21:10:00,519430
M Andrusenko_128465,M Andrusenko,-1,0,45,44,1,89,2021-08-22 21:15:00,519431
S Burov_128537,S Burov,1,1,47,50,-3,97,2021-08-22 21:15:00,519432
Serhii Kiilo_113256842,Serhii Kiilo,-3,0,26,33,-7,59,2021-08-22 21:15:00,519433
Illia Yanishevskiy_444375256,Illia Yanishevskiy,-3,0,25,34,-9,59,2021-08-22 21:20:00,519434
Yurii Kurishchenko_177015,Yurii Kurishchenko,-3,0,21,33,-12,54,2021-08-22 21:20:00,519435
Valerii Shepil_177361,Valerii Shepil,3,1,33,16,17,49,2021-08-22 21:20:00,519436
Ihor Oranskyi_177362,Ihor Oranskyi,-2,0,38,42,-4,80,2021-08-22 21:25:00,519437
Denys Shcherbak_727614297,Denys Shcherbak,-2,0,29,42,-13,71,2021-08-22 21:25:00,519438
Anzhela Hassan_176978,Anzhela Hassan,3,1,35,25,10,60,2021-08-22 21:30:00,519439
Vaclav Jr Hejda_177055,Vaclav Jr Hejda,3,1,34,19,15,53,2021-08-22 21:30:00,519440
Anna Miklukha_250800432,Anna Miklukha,-2,0,34,42,-8,76,2021-08-22 21:30:00,519441
V Chernov_128502,V Chernov,2,1,35,35,0,70,2021-08-22 21:31:00,519442
Jr. Mecl_28874,Jr. Mecl,-1,0,42,43,-1,85,2021-08-22 21:32:00,519443
Serhii Bondarenko_177033,Serhii Bondarenko,3,1,33,18,15,51,2021-08-22 21:35:00,519444
Maxim Naumchuk_200747778,Maxim Naumchuk,-1,0,42,47,-5,89,2021-08-22 21:35:00,519445
Yevhenii Faflei_1359188765,Yevhenii Faflei,-3,0,17,33,-16,50,2021-08-22 21:40:00,519446
D Kolesnikov_128466,D Kolesnikov,3,1,34,26,8,60,2021-08-22 21:46:00,519447
Dmytro Lazuryk_177016,Dmytro Lazuryk,2,1,42,31,11,73,2021-08-22 21:50:00,519448
Oleksii Tiutiunnyk_1434978230,Oleksii Tiutiunnyk,2,1,41,32,9,73,2021-08-22 21:50:00,519449
D Balakin_128538,D Balakin,-1,0,41,53,-12,94,2021-08-22 21:51:00,519450
Illia Yanishevskiy_443552534,Illia Yanishevskiy,-3,0,23,37,-14,60,2021-08-22 21:55:00,519451
Artem Lisechko_177363,Artem Lisechko,2,1,37,34,3,71,2021-08-22 21:55:00,519452
Vaclav Jr Hejda_177056,Vaclav Jr Hejda,1,1,48,39,9,87,2021-08-22 22:00:00,519453
A Alekseyev_128503,A Alekseyev,1,1,47,47,0,94,2021-08-22 22:00:00,519454
Anzhela Sydorko_176979,Anzhela Sydorko,-1,0,44,42,2,86,2021-08-22 22:00:00,519455
Vladyslav Kaluhin_957605290,Vladyslav Kaluhin,1,1,47,50,-3,97,2021-08-22 22:00:00,519456
K Brozik_28875,K Brozik,-1,0,46,49,-3,95,2021-08-22 22:01:00,519457
Oleksandr Gomilko_177034,Oleksandr Gomilko,2,1,45,32,13,77,2021-08-22 22:05:00,519458
Viktoria Kurtenko_317857753,Viktoria Kurtenko,1,1,51,42,9,93,2021-08-22 22:05:00,519459
Valerii Baklykov_1193940560,Valerii Baklykov,-1,0,39,47,-8,86,2021-08-22 22:10:00,519460
E Mishutin_128467,E Mishutin,1,1,46,47,-1,93,2021-08-22 22:15:00,519461
Igor Piskorskyu_39927390,Igor Piskorskyu,-3,0,27,35,-8,62,2021-08-22 22:15:00,519462
V Beliakov_128539,V Beliakov,1,1,44,44,0,88,2021-08-22 22:19:00,519463
Yurii Kurishchenko_177017,Yurii Kurishchenko,-1,0,50,53,-3,103,2021-08-22 22:20:00,519464
Dmytro Mischenko_732708667,Dmytro Mischenko,-2,0,30,44,-14,74,2021-08-22 22:25:00,519465
Petr Fiser_177057,Petr Fiser,-2,0,31,41,-10,72,2021-08-22 22:30:00,519466
Svitlana Tsoma_176980,Svitlana Tsoma,2,1,37,29,8,66,2021-08-22 22:30:00,519467
A Alekseyev_128690,A Alekseyev,3,1,36,27,9,63,2021-08-22 22:32:00,519468
F Pusch_28876,F Pusch,-3,0,17,33,-16,50,2021-08-22 22:33:00,519469
Oleksandr Kovalchuk_177035,Oleksandr Kovalchuk,3,1,33,26,7,59,2021-08-22 22:35:00,519470
Mykola Treshchetka_470122580,Mykola Treshchetka,-1,0,44,48,-4,92,2021-08-22 22:45:00,519471
D Kolesnikov_128692,D Kolesnikov,1,1,46,45,1,91,2021-08-22 22:48:00,519472
Ivan Fedoryshyn_177018,Ivan Fedoryshyn,-3,0,20,33,-13,53,2021-08-22 22:50:00,519473
D Balakin_128694,D Balakin,-1,0,46,50,-4,96,2021-08-22 22:58:00,519474
Milan Liptak_177058,Milan Liptak,2,1,41,29,12,70,2021-08-22 23:00:00,519475
Dmytro Kalyniuk_304557447,Dmytro Kalyniuk,1,1,52,48,4,100,2021-08-22 23:00:00,519476
K Brozik_28877,K Brozik,2,1,42,31,11,73,2021-08-22 23:00:00,519477
D Tikhnenko_128691,D Tikhnenko,-2,0,38,44,-6,82,2021-08-22 23:01:00,519478
I Soldatov_128693,I Soldatov,3,1,38,31,7,69,2021-08-22 23:17:00,519479
Dmytro Lazuryk_177019,Dmytro Lazuryk,-1,0,52,54,-2,106,2021-08-22 23:20:00,519480
Jr. Mecl_28878,Jr. Mecl,-2,0,39,45,-6,84,2021-08-22 23:30:00,519481
Oleksandr Hainovskyi_584603462,Oleksandr Hainovskyi,2,1,40,34,6,74,2021-08-22 23:30:00,519482
N Zhurba_128504,N Zhurba,-2,0,29,38,-9,67,2021-08-22 23:30:00,519483
Petr Fiser_177059,Petr Fiser,1,1,46,39,7,85,2021-08-22 23:30:00,519484
V Beliakov_128695,V Beliakov,-1,0,49,46,3,95,2021-08-22 23:34:00,519485
Dmytro Lohosha_945493902,Dmytro Lohosha,-2,0,33,41,-8,74,2021-08-22 23:45:00,519486
D Molodtsov_128468,D Molodtsov,-2,0,37,42,-5,79,2021-08-22 23:48:00,519487
Valeriy Vlasenko_177020,Valeriy Vlasenko,-2,0,34,42,-8,76,2021-08-22 23:50:00,519488
Dmytro Kalyniuk_1044248015,Dmytro Kalyniuk,1,1,46,40,6,86,2021-08-23 00:00:00,519489
D Sayanov_128505,D Sayanov,1,1,55,50,5,105,2021-08-23 00:01:00,519490
F Pusch_28915,F Pusch,-3,0,21,33,-12,54,2021-08-23 00:02:00,519491
Tomas Lukes_177373,Tomas Lukes,-2,0,28,39,-11,67,2021-08-23 00:05:00,519492
A Serebrennikov_128540,A Serebrennikov,-3,0,29,43,-14,72,2021-08-23 00:10:00,519493
V Chahur_128469,V Chahur,2,1,44,35,9,79,2021-08-23 00:15:00,519494
Pavlo Chyzh_1298371696,Pavlo Chyzh,2,1,41,27,14,68,2021-08-23 00:15:00,519495
Ivan Fedoryshyn_177375,Ivan Fedoryshyn,-2,0,40,44,-4,84,2021-08-23 00:20:00,519496
Andrii Novikov_177060,Andrii Novikov,3,1,34,23,11,57,2021-08-23 00:25:00,519497
K Brozik_28916,K Brozik,3,1,37,25,12,62,2021-08-23 00:30:00,519498
Oleksandr Hainovskyi_1918704083,Oleksandr Hainovskyi,-3,0,20,33,-13,53,2021-08-23 00:30:00,519499
V Safonov_128541,V Safonov,-1,0,36,47,-11,83,2021-08-23 00:34:00,519500
Vaclav Jr Hejda_177374,Vaclav Jr Hejda,-1,0,40,50,-10,90,2021-08-23 00:35:00,519501
V Sidorin_128506,V Sidorin,-2,0,35,45,-10,80,2021-08-23 00:37:00,519502
Dmytro Lohosha_1971310176,Dmytro Lohosha,-3,0,15,33,-18,48,2021-08-23 00:45:00,519503
N Sadovskiy_128470,N Sadovskiy,3,1,38,29,9,67,2021-08-23 00:48:00,519504
Dmytro Gudimenko_177376,Dmytro Gudimenko,1,1,47,40,7,87,2021-08-23 00:50:00,519505
Yevhen Bielokon_177061,Yevhen Bielokon,1,1,49,43,6,92,2021-08-23 00:55:00,519506
Dmytro Kalyniuk_253029731,Dmytro Kalyniuk,-3,0,20,33,-13,53,2021-08-23 01:00:00,519507
S Ogai_128507,S Ogai,2,1,40,32,8,72,2021-08-23 01:01:00,519508
P Semeshin_128542,P Semeshin,1,1,49,42,7,91,2021-08-23 01:06:00,519509
O Kutuzov_128471,O Kutuzov,-2,0,35,43,-8,78,2021-08-23 01:15:00,519510
Maksym Skhabovskyi_1546081335,Maksym Skhabovskyi,-3,0,21,33,-12,54,2021-08-23 01:15:00,519511
Kostiantyn Kovalchuk_177062,Kostiantyn Kovalchuk,1,1,50,48,2,98,2021-08-23 01:25:00,519512
Oleksii Romaniv_683034917,Oleksii Romaniv,2,1,37,32,5,69,2021-08-23 01:30:00,519513
D Sayanov_128508,D Sayanov,2,1,42,34,8,76,2021-08-23 01:31:00,519514
E Kalashnikov_128543,E Kalashnikov,-1,0,49,50,-1,99,2021-08-23 01:38:00,519515
Pavlo Chyzh_526881022,Pavlo Chyzh,-1,0,45,47,-2,92,2021-08-23 01:45:00,519516
V Chahur_128472,V Chahur,-1,0,47,44,3,91,2021-08-23 01:47:00,519517
Yevhen Bielokon_177063,Yevhen Bielokon,2,1,45,38,7,83,2021-08-23 01:55:00,519518
Oleg Savenkov_846283891,Oleg Savenkov,1,1,56,51,5,107,2021-08-23 02:00:00,519519
S Ogai_128509,S Ogai,2,1,39,29,10,68,2021-08-23 02:01:00,519520
O Kutuzov_128473,O Kutuzov,2,1,39,28,11,67,2021-08-23 02:14:00,519521
Dmytro Lohosha_1243840407,Dmytro Lohosha,-2,0,35,42,-7,77,2021-08-23 02:15:00,519522
V Safonov_128544,V Safonov,-2,0,30,39,-9,69,2021-08-23 02:17:00,519523
Andrii Novikov_177064,Andrii Novikov,2,1,42,33,9,75,2021-08-23 02:25:00,519524
Dmytro Kalyniuk_2105955468,Dmytro Kalyniuk,2,1,42,29,13,71,2021-08-23 02:30:00,519525
R Pavlenko_128510,R Pavlenko,-3,0,19,33,-14,52,2021-08-23 02:33:00,519526
E Kalashnikov_128545,E Kalashnikov,3,1,33,22,11,55,2021-08-23 02:39:00,519527
Maksym Skhabovskyi_1014633833,Maksym Skhabovskyi,-2,0,38,46,-8,84,2021-08-23 02:45:00,519528
S Myagkov_128474,S Myagkov,-3,0,28,38,-10,66,2021-08-23 02:47:00,519529
Oleksandr Melashenko_177065,Oleksandr Melashenko,-3,0,17,33,-16,50,2021-08-23 02:55:00,519530
Yu Merkushin_128546,Yu Merkushin,1,1,50,41,9,91,2021-08-23 02:58:00,519531
Oleg Savenkov_1278066298,Oleg Savenkov,3,1,33,20,13,53,2021-08-23 03:00:00,519532
V Sidorin_128511,V Sidorin,-1,0,43,50,-7,93,2021-08-23 03:02:00,519533
Pavlo Chyzh_1226558067,Pavlo Chyzh,-2,0,31,36,-5,67,2021-08-23 03:15:00,519534
N Sadovskiy_128475,N Sadovskiy,2,1,44,35,9,79,2021-08-23 03:16:00,519535
Kostiantyn Kovalchuk_177066,Kostiantyn Kovalchuk,1,1,51,48,3,99,2021-08-23 03:25:00,519536
P Semeshin_128547,P Semeshin,3,1,34,27,7,61,2021-08-23 03:27:00,519537
Dmytro Kalyniuk_252956834,Dmytro Kalyniuk,1,1,46,44,2,90,2021-08-23 03:30:00,519538
N Zhurba_128512,N Zhurba,2,1,42,31,11,73,2021-08-23 03:33:00,519539
D Molodtsov_128476,D Molodtsov,-3,0,19,33,-14,52,2021-08-23 03:45:00,519540
Oleh Formaziuk_1042804540,Oleh Formaziuk,-1,0,47,53,-6,100,2021-08-23 03:45:00,519541
A Serebrennikov_128548,A Serebrennikov,-2,0,30,40,-10,70,2021-08-23 03:47:00,519542
Yevhen Bielokon_177067,Yevhen Bielokon,-2,0,38,40,-2,78,2021-08-23 03:55:00,519543
Oleg Savenkov_372943276,Oleg Savenkov,1,1,49,46,3,95,2021-08-23 04:00:00,519544
R Pavlenko_128513,R Pavlenko,-3,0,13,33,-20,46,2021-08-23 04:02:00,519545
Dmytro Lohosha_1183485387,Dmytro Lohosha,-2,0,30,45,-15,75,2021-08-23 04:15:00,519546
S Myagkov_128477,S Myagkov,-2,0,35,41,-6,76,2021-08-23 04:16:00,519547
Yu Merkushin_128549,Yu Merkushin,3,1,33,26,7,59,2021-08-23 04:16:00,519548
Andrii Novikov_177068,Andrii Novikov,1,1,46,47,-1,93,2021-08-23 04:25:00,519549
V Sidorin_128696,V Sidorin,-1,0,43,50,-7,93,2021-08-23 04:30:00,519550
Oleksandr Hainovskyi_766453178,Oleksandr Hainovskyi,-2,0,34,36,-2,70,2021-08-23 04:30:00,519551
Maksym Skhabovskyi_1109255811,Maksym Skhabovskyi,-3,0,13,33,-20,46,2021-08-23 04:45:00,519552
V Safonov_128698,V Safonov,1,1,53,41,12,94,2021-08-23 04:46:00,519553
O Kutuzov_128700,O Kutuzov,-3,0,24,34,-10,58,2021-08-23 04:48:00,519554
Oleksandr Melashenko_177069,Oleksandr Melashenko,3,1,33,20,13,53,2021-08-23 04:55:00,519555
D Sayanov_128697,D Sayanov,3,1,33,23,10,56,2021-08-23 05:00:00,519556
Oleh Formaziuk_1449493069,Oleh Formaziuk,1,1,47,37,10,84,2021-08-23 05:15:00,519557
V Chahur_128701,V Chahur,2,1,45,45,0,90,2021-08-23 05:15:00,519558
P Semeshin_128699,P Semeshin,-1,0,39,50,-11,89,2021-08-23 05:20:00,519559
Kostiantyn Kovalchuk_177070,Kostiantyn Kovalchuk,-2,0,29,42,-13,71,2021-08-23 05:25:00,519560
Andrii Novikov_177071,Andrii Novikov,3,1,36,30,6,66,2021-08-23 05:55:00,519561
Vitalii Kobets_177072,Vitalii Kobets,3,1,33,20,13,53,2021-08-23 06:25:00,519562
Andrii Novikov_177073,Andrii Novikov,2,1,46,40,6,86,2021-08-23 06:55:00,519563
Yevhen Bielokon_177074,Yevhen Bielokon,2,1,42,38,4,80,2021-08-23 07:25:00,519564
I Sergeevich_128616,I Sergeevich,2,1,38,31,7,69,2021-08-23 07:30:00,519565
A Lisov_128650,A Lisov,-2,0,30,41,-11,71,2021-08-23 07:46:00,519566
S Lanovenko_128582,S Lanovenko,1,1,46,46,0,92,2021-08-23 07:46:00,519567
Mariana Hryhoruk_177120,Mariana Hryhoruk,-1,0,47,50,-3,97,2021-08-23 07:50:00,519568
Igor Sukovatyi_1767915629,Igor Sukovatyi,3,1,34,17,17,51,2021-08-23 07:50:00,519569
Spartak Abalmaz_932161775,Spartak Abalmaz,3,1,33,20,13,53,2021-08-23 07:55:00,519570
Anastasia Holiak_177130,Anastasia Holiak,-3,0,34,41,-7,75,2021-08-23 08:00:00,519571
A Vorozheykin_128617,A Vorozheykin,2,1,46,42,4,88,2021-08-23 08:01:00,519572
Andrii Peretiatko_177145,Andrii Peretiatko,-2,0,33,36,-3,69,2021-08-23 08:05:00,519573
Oleh Yurenev_177155,Oleh Yurenev,2,1,40,35,5,75,2021-08-23 08:10:00,519574
Vitalii Marushchak_177170,Vitalii Marushchak,2,1,38,22,16,60,2021-08-23 08:15:00,519575
E Tsvetkov_128583,E Tsvetkov,1,1,54,42,12,96,2021-08-23 08:15:00,519576
V Bazilevskiy_128651,V Bazilevskiy,3,1,33,23,10,56,2021-08-23 08:17:00,519577
Iryna Konkulovska_177121,Iryna Konkulovska,-2,0,35,43,-8,78,2021-08-23 08:20:00,519578
Dmytro Alekseenko_365827102,Dmytro Alekseenko,1,1,46,47,-1,93,2021-08-23 08:25:00,519579
A Kolmin_128618,A Kolmin,2,1,41,35,6,76,2021-08-23 08:30:00,519580
Anzhela Sydorko_177131,Anzhela Sydorko,-3,0,13,33,-20,46,2021-08-23 08:30:00,519581
Kyrylo Yehorov_1717388397,Kyrylo Yehorov,2,1,43,37,6,80,2021-08-23 08:30:00,519582
Artem Tkachenko_1124801672,Artem Tkachenko,-2,0,32,43,-11,75,2021-08-23 08:35:00,519583
Serhii Pitsyk_177146,Serhii Pitsyk,2,1,43,39,4,82,2021-08-23 08:35:00,519584
Andrii Sydorenko_364102082,Andrii Sydorenko,2,1,37,35,2,72,2021-08-23 08:40:00,519585
Dmytro Kunchurov_177156,Dmytro Kunchurov,-3,0,21,33,-12,54,2021-08-23 08:40:00,519586
Nazarii Hrytsyienko_1412635251,Nazarii Hrytsyienko,3,1,33,21,12,54,2021-08-23 08:45:00,519587
Anatolii Kostenko_177171,Anatolii Kostenko,-2,0,35,40,-5,75,2021-08-23 08:45:00,519588
D Andreev_128652,D Andreev,3,1,33,22,11,55,2021-08-23 08:46:00,519589
V Sinkovskiy_128584,V Sinkovskiy,-1,0,48,53,-5,101,2021-08-23 08:48:00,519590
Dmytro Lazuryk_177364,Dmytro Lazuryk,1,1,53,58,-5,111,2021-08-23 08:50:00,519591
Vasyl Verbianyi_1876133422,Vasyl Verbianyi,-2,0,32,40,-8,72,2021-08-23 08:50:00,519592
Mariana Hryhoruk_177122,Mariana Hryhoruk,-1,0,41,46,-5,87,2021-08-23 08:50:00,519593
Oleh Stasevskyi_226626586,Oleh Stasevskyi,3,1,34,26,8,60,2021-08-23 08:55:00,519594
Ruslan Solomko_177200,Ruslan Solomko,-3,0,19,33,-14,52,2021-08-23 08:55:00,519595
Oleksandr Levadnyi_217892635,Oleksandr Levadnyi,-2,0,30,42,-12,72,2021-08-23 08:55:00,519596
Igor Sukovatyi_55598655,Igor Sukovatyi,-1,0,44,47,-3,91,2021-08-23 09:00:00,519597
Jo Kutifel_28887,Jo Kutifel,-3,0,20,34,-14,54,2021-08-23 09:00:00,519598
Mykola Shyshkin_177210,Mykola Shyshkin,-3,0,24,33,-9,57,2021-08-23 09:00:00,519599
Tung  Pham Duong_177330,Tung  Pham Duong,-2,0,39,47,-8,86,2021-08-23 09:00:00,519600
Yaroslava Pachich_177132,Yaroslava Pachich,-1,0,34,50,-16,84,2021-08-23 09:00:00,519601
P Vshivkov_128619,P Vshivkov,2,1,44,35,9,79,2021-08-23 09:03:00,519602
Dmytro Shukin_545552725,Dmytro Shukin,-2,0,37,41,-4,78,2021-08-23 09:05:00,519603
Andrii Peretiatko_177147,Andrii Peretiatko,3,1,33,22,11,55,2021-08-23 09:05:00,519604
Volodymyr Kononikhin_177157,Volodymyr Kononikhin,1,1,43,41,2,84,2021-08-23 09:10:00,519605
Anton Myrza_2030804688,Anton Myrza,3,1,34,19,15,53,2021-08-23 09:10:00,519606
Serhii Semenets_177172,Serhii Semenets,-2,0,35,39,-4,74,2021-08-23 09:15:00,519607
Yevhenii Sazonov_1108625270,Yevhenii Sazonov,1,1,49,43,6,92,2021-08-23 09:15:00,519608
S Simonov_128653,S Simonov,-2,0,35,42,-7,77,2021-08-23 09:16:00,519609
O Kharlakin_128585,O Kharlakin,1,1,45,43,2,88,2021-08-23 09:19:00,519610
Liliya Andrieieva_177123,Liliya Andrieieva,-1,0,47,47,0,94,2021-08-23 09:20:00,519611
Illia Udod_177186,Illia Udod,-1,0,53,53,0,106,2021-08-23 09:20:00,519612
Vadym Nechyporuk_1999201046,Vadym Nechyporuk,-2,0,32,41,-9,73,2021-08-23 09:20:00,519613
Volodymyr Plishylo_1142494177,Volodymyr Plishylo,1,1,60,56,4,116,2021-08-23 09:25:00,519614
Oleksandr Kovalchuk_177201,Oleksandr Kovalchuk,2,1,39,30,9,69,2021-08-23 09:25:00,519615
E Mares_28888,E Mares,1,1,45,41,4,86,2021-08-23 09:29:00,519616
Valentyn Yunchyk_1754724046,Valentyn Yunchyk,3,1,36,25,11,61,2021-08-23 09:30:00,519617
Vladyslav-Ivan Sheremeta_177211,Vladyslav-Ivan Sheremeta,-1,0,36,52,-16,88,2021-08-23 09:30:00,519618
Anzhela Sydorko_177133,Anzhela Sydorko,-1,0,54,57,-3,111,2021-08-23 09:30:00,519619
Igor Bectas_177331,Igor Bectas,1,1,50,44,6,94,2021-08-23 09:30:00,519620
Yuriy Abroskin_640681501,Yuriy Abroskin,2,1,43,37,6,80,2021-08-23 09:30:00,519621
A Kolmin_128620,A Kolmin,2,1,42,36,6,78,2021-08-23 09:31:00,519622
Taras Yemelianov_177148,Taras Yemelianov,-2,0,33,44,-11,77,2021-08-23 09:35:00,519623
Serhii Skachenko_1867295474,Serhii Skachenko,-3,0,18,33,-15,51,2021-08-23 09:35:00,519624
Dmytro Kunchurov_177158,Dmytro Kunchurov,-1,0,43,46,-3,89,2021-08-23 09:40:00,519625
Kyrylo Yehorov_497095826,Kyrylo Yehorov,-1,0,49,54,-5,103,2021-08-23 09:40:00,519626
Anatolii Kostenko_177173,Anatolii Kostenko,-3,0,22,33,-11,55,2021-08-23 09:45:00,519627
Artem Tkachenko_883638138,Artem Tkachenko,-3,0,23,33,-10,56,2021-08-23 09:45:00,519628
V Sinkovskiy_128586,V Sinkovskiy,-2,0,34,42,-8,76,2021-08-23 09:47:00,519629
Andrii Dombrovskyi_177365,Andrii Dombrovskyi,-3,0,22,34,-12,56,2021-08-23 09:50:00,519630
Iryna Konkulovska_177124,Iryna Konkulovska,-2,0,33,38,-5,71,2021-08-23 09:50:00,519631
Andrii Sydorenko_1409762278,Andrii Sydorenko,2,1,43,26,17,69,2021-08-23 09:50:00,519632
D Andreev_128654,D Andreev,1,1,47,46,1,93,2021-08-23 09:53:00,519633
Nazarii Hrytsyienko_1259922096,Nazarii Hrytsyienko,1,1,48,43,5,91,2021-08-23 09:55:00,519634
Ruslan Solomko_177202,Ruslan Solomko,-3,0,26,36,-10,62,2021-08-23 09:55:00,519635
T Postelt_28889,T Postelt,3,1,33,16,17,49,2021-08-23 09:59:00,519636
Anastasia Holiak_177134,Anastasia Holiak,3,1,36,25,11,61,2021-08-23 10:00:00,519637
Mykola Shyshkin_177212,Mykola Shyshkin,2,1,47,32,15,79,2021-08-23 10:00:00,519638
Vasyl Verbianyi_2118426014,Vasyl Verbianyi,-1,0,43,44,-1,87,2021-08-23 10:00:00,519639
Igor Bectas_177332,Igor Bectas,2,1,41,33,8,74,2021-08-23 10:00:00,519640
A Vorozheykin_128621,A Vorozheykin,1,1,46,47,-1,93,2021-08-23 10:04:00,519641
Oleh Stasevskyi_1147736758,Oleh Stasevskyi,2,1,44,34,10,78,2021-08-23 10:05:00,519642
Serhii Pitsyk_177149,Serhii Pitsyk,3,1,33,25,8,58,2021-08-23 10:05:00,519643
Oleksandr Levadnyi_631262842,Oleksandr Levadnyi,-3,0,18,33,-15,51,2021-08-23 10:05:00,519644
Oleh Yurenev_177159,Oleh Yurenev,-2,0,30,40,-10,70,2021-08-23 10:10:00,519645
Dmytro Alekseenko_2145462333,Dmytro Alekseenko,2,1,43,34,9,77,2021-08-23 10:10:00,519646
Spartak Abalmaz_1272290232,Spartak Abalmaz,1,1,44,46,-2,90,2021-08-23 10:15:00,519647
E Tsvetkov_128587,E Tsvetkov,-1,0,36,44,-8,80,2021-08-23 10:15:00,519648
Vitalii Marushchak_177174,Vitalii Marushchak,-2,0,31,42,-11,73,2021-08-23 10:15:00,519649
Mariana Hryhoruk_177125,Mariana Hryhoruk,-2,0,25,42,-17,67,2021-08-23 10:20:00,519650
Illia Udod_177188,Illia Udod,-2,0,30,41,-11,71,2021-08-23 10:20:00,519651
Andriy Kurtenko_185596759,Andriy Kurtenko,-1,0,47,51,-4,98,2021-08-23 10:20:00,519652
V Bazilevskiy_128655,V Bazilevskiy,-1,0,47,47,0,94,2021-08-23 10:25:00,519653
Aleksandr Melnikov_454406072,Aleksandr Melnikov,1,1,50,46,4,96,2021-08-23 10:25:00,519654
Oleksandr Lykhytskyi_177203,Oleksandr Lykhytskyi,1,1,47,46,1,93,2021-08-23 10:25:00,519655
Ihor Kundeus_177213,Ihor Kundeus,-2,0,31,37,-6,68,2021-08-23 10:30:00,519656
P Macela_28890,P Macela,2,1,50,44,6,94,2021-08-23 10:30:00,519657
Vadym Nechyporuk_1435118805,Vadym Nechyporuk,3,1,33,13,20,46,2021-08-23 10:30:00,519658
Nadiia Kovtun_177135,Nadiia Kovtun,3,1,33,18,15,51,2021-08-23 10:30:00,519659
Tung  Pham Duong_177333,Tung  Pham Duong,-3,0,17,33,-16,50,2021-08-23 10:30:00,519660
Andrii Peretiatko_177150,Andrii Peretiatko,1,1,48,49,-1,97,2021-08-23 10:35:00,519661
Nazarii Kovalchuk_1475479762,Nazarii Kovalchuk,2,1,43,33,10,76,2021-08-23 10:35:00,519662
Valerii Melnyk_591044295,Valerii Melnyk,2,1,38,27,11,65,2021-08-23 10:40:00,519663
Igor Maksymchuk_238322773,Igor Maksymchuk,-2,0,44,45,-1,89,2021-08-23 10:40:00,519664
Oleksandr Kochetkov_177160,Oleksandr Kochetkov,3,1,33,22,11,55,2021-08-23 10:40:00,519665
Igor Sukovatyi_1602689148,Igor Sukovatyi,1,1,56,48,8,104,2021-08-23 10:45:00,519666
P Vshivkov_128702,P Vshivkov,-1,0,42,47,-5,89,2021-08-23 10:45:00,519667
Stefan Yakimenko_177175,Stefan Yakimenko,2,1,36,27,9,63,2021-08-23 10:45:00,519668
V Sinkovskiy_128704,V Sinkovskiy,-3,0,23,33,-10,56,2021-08-23 10:46:00,519669
Iryna Konkulovska_177126,Iryna Konkulovska,-2,0,29,40,-11,69,2021-08-23 10:50:00,519670
Dmytro Kryshtal_1794131665,Dmytro Kryshtal,1,1,49,38,11,87,2021-08-23 10:50:00,519671
Dmytro Lazuryk_177366,Dmytro Lazuryk,1,1,45,43,2,88,2021-08-23 10:50:00,519672
Oleksandr Kovalchuk_177204,Oleksandr Kovalchuk,1,1,50,49,1,99,2021-08-23 10:55:00,519673
Anton Myrza_961672337,Anton Myrza,-3,0,22,35,-13,57,2021-08-23 10:55:00,519674
A Lisov_128706,A Lisov,-3,0,17,33,-16,50,2021-08-23 10:58:00,519675
Yaroslava Pachich_177136,Yaroslava Pachich,1,1,49,40,9,89,2021-08-23 11:00:00,519676
Yevhenii Sazonov_2058900019,Yevhenii Sazonov,-2,0,36,40,-4,76,2021-08-23 11:00:00,519677
Jonas Kulveit_177334,Jonas Kulveit,-3,0,22,34,-12,56,2021-08-23 11:00:00,519678
T Postelt_28891,T Postelt,-1,0,50,55,-5,105,2021-08-23 11:00:00,519679
Vladyslav-Ivan Sheremeta_177214,Vladyslav-Ivan Sheremeta,3,1,33,14,19,47,2021-08-23 11:00:00,519680
Serhii Pitsyk_177151,Serhii Pitsyk,3,1,33,26,7,59,2021-08-23 11:05:00,519681
Nazarii Hrytsyienko_400317826,Nazarii Hrytsyienko,2,1,37,34,3,71,2021-08-23 11:05:00,519682
Volodymyr Plishylo_254479999,Volodymyr Plishylo,-3,0,22,36,-14,58,2021-08-23 11:10:00,519683
Volodymyr Kononikhin_177161,Volodymyr Kononikhin,-2,0,30,42,-12,72,2021-08-23 11:10:00,519684
Serhii Semenets_177176,Serhii Semenets,-1,0,51,46,5,97,2021-08-23 11:15:00,519685
Yuriy Abroskin_1347026163,Yuriy Abroskin,-2,0,28,39,-11,67,2021-08-23 11:15:00,519686
Valentyn Yunchyk_322960727,Valentyn Yunchyk,-1,0,45,54,-9,99,2021-08-23 11:15:00,519687
O Kharlakin_128705,O Kharlakin,-2,0,33,44,-11,77,2021-08-23 11:18:00,519688
D Andreev_128707,D Andreev,1,1,48,43,5,91,2021-08-23 11:20:00,519689
Ivan Fedoryshyn_177190,Ivan Fedoryshyn,2,1,40,30,10,70,2021-08-23 11:20:00,519690
Serhii Skachenko_2136387314,Serhii Skachenko,-2,0,32,43,-11,75,2021-08-23 11:20:00,519691
Liliya Andrieieva_177127,Liliya Andrieieva,-2,0,32,37,-5,69,2021-08-23 11:20:00,519692
A Vorozheykin_128703,A Vorozheykin,-3,0,26,36,-10,62,2021-08-23 11:24:00,519693
Ruslan Solomko_177205,Ruslan Solomko,1,1,42,36,6,78,2021-08-23 11:25:00,519694
Dmytro Shukin_377924086,Dmytro Shukin,1,1,54,48,6,102,2021-08-23 11:25:00,519695
Artem Tkachenko_1979394339,Artem Tkachenko,2,1,39,25,14,64,2021-08-23 11:30:00,519696
Anzhela Sydorko_177137,Anzhela Sydorko,-3,0,16,34,-18,50,2021-08-23 11:30:00,519697
Tung  Pham Duong_177335,Tung  Pham Duong,-2,0,32,44,-12,76,2021-08-23 11:30:00,519698
Mykola Shyshkin_177215,Mykola Shyshkin,-1,0,48,50,-2,98,2021-08-23 11:30:00,519699
E Mares_28892,E Mares,2,1,39,31,8,70,2021-08-23 11:31:00,519700
Andrii Sydorenko_1806916832,Andrii Sydorenko,1,1,49,43,6,92,2021-08-23 11:35:00,519701
Taras Yemelianov_177152,Taras Yemelianov,1,1,49,44,5,93,2021-08-23 11:35:00,519702
Dmytro Vakhta_1971855934,Dmytro Vakhta,-3,0,19,33,-14,52,2021-08-23 11:40:00,519703
Dmytro Kunchurov_177162,Dmytro Kunchurov,-1,0,50,51,-1,101,2021-08-23 11:40:00,519704
V Chernov_128622,V Chernov,-1,0,52,54,-2,106,2021-08-23 11:43:00,519705
Vasyl Verbianyi_99429727,Vasyl Verbianyi,-2,0,30,41,-11,71,2021-08-23 11:45:00,519706
Anatolii Kostenko_177177,Anatolii Kostenko,-2,0,37,43,-6,80,2021-08-23 11:45:00,519707
I Minchenkov_128588,I Minchenkov,-2,0,31,42,-11,73,2021-08-23 11:45:00,519708
Andrii Dombrovskyi_177367,Andrii Dombrovskyi,1,1,54,46,8,100,2021-08-23 11:50:00,519709
Oleksandr Levadnyi_961187068,Oleksandr Levadnyi,-1,0,38,48,-10,86,2021-08-23 11:50:00,519710
Oleh Stasevskyi_2114933589,Oleh Stasevskyi,-2,0,36,43,-7,79,2021-08-23 11:50:00,519711
Mariana Hryhoruk_177128,Mariana Hryhoruk,-2,0,31,42,-11,73,2021-08-23 11:50:00,519712
S Nikulin_128656,S Nikulin,-3,0,25,33,-8,58,2021-08-23 11:52:00,519713
Oleksandr Kovalchuk_177206,Oleksandr Kovalchuk,-2,0,27,42,-15,69,2021-08-23 11:55:00,519714
Dmytro Alekseenko_621729162,Dmytro Alekseenko,-1,0,44,47,-3,91,2021-08-23 11:55:00,519715
Jonas Kulveit_177398,Jonas Kulveit,-3,0,17,33,-16,50,2021-08-23 12:00:00,519716
Vladyslav-Ivan Sheremeta_177216,Vladyslav-Ivan Sheremeta,-1,0,45,44,1,89,2021-08-23 12:00:00,519717
Anastasia Holiak_177138,Anastasia Holiak,3,1,35,25,10,60,2021-08-23 12:00:00,519718
Kyrylo Yehorov_254429530,Kyrylo Yehorov,1,1,41,49,-8,90,2021-08-23 12:00:00,519719
Jo Kutifel_28917,Jo Kutifel,-1,0,46,52,-6,98,2021-08-23 12:01:00,519720
Andriy Kurtenko_1052598678,Andriy Kurtenko,-2,0,31,42,-11,73,2021-08-23 12:05:00,519721
Andrii Peretiatko_177153,Andrii Peretiatko,-2,0,34,43,-9,77,2021-08-23 12:05:00,519722
Oleh Yurenev_177163,Oleh Yurenev,-2,0,32,39,-7,71,2021-08-23 12:10:00,519723
Aleksandr Melnikov_1269147298,Aleksandr Melnikov,1,1,49,36,13,85,2021-08-23 12:10:00,519724
Vadym Nechyporuk_1769177017,Vadym Nechyporuk,2,1,39,31,8,70,2021-08-23 12:15:00,519725
Vitalii Marushchak_177178,Vitalii Marushchak,-2,0,31,39,-8,70,2021-08-23 12:15:00,519726
D Kolesnikov_128657,D Kolesnikov,-2,0,31,39,-8,70,2021-08-23 12:15:00,519727
I Novikov_128589,I Novikov,-3,0,22,34,-12,56,2021-08-23 12:16:00,519728
Natalia Zoreva_177129,Natalia Zoreva,-3,0,23,36,-13,59,2021-08-23 12:20:00,519729
Nazarii Kovalchuk_1343417466,Nazarii Kovalchuk,-2,0,35,40,-5,75,2021-08-23 12:20:00,519730
Illia Udod_177192,Illia Udod,-1,0,37,47,-10,84,2021-08-23 12:20:00,519731
R Astreev_128623,R Astreev,1,1,42,45,-3,87,2021-08-23 12:21:00,519732
Valerii Melnyk_937568067,Valerii Melnyk,-1,0,44,48,-4,92,2021-08-23 12:25:00,519733
Igor Maksymchuk_369969516,Igor Maksymchuk,2,1,39,32,7,71,2021-08-23 12:25:00,519734
Oleksandr Lykhytskyi_177207,Oleksandr Lykhytskyi,-2,0,33,40,-7,73,2021-08-23 12:25:00,519735
E Mares_28918,E Mares,-2,0,38,45,-7,83,2021-08-23 12:30:00,519736
Nadiia Kovtun_177139,Nadiia Kovtun,2,1,36,33,3,69,2021-08-23 12:30:00,519737
Stepan Rejent_177399,Stepan Rejent,-1,0,45,53,-8,98,2021-08-23 12:30:00,519738
Ihor Kundeus_177217,Ihor Kundeus,-3,0,21,33,-12,54,2021-08-23 12:30:00,519739
Andriy Chermenskyi_849838905,Andriy Chermenskyi,2,1,43,33,10,76,2021-08-23 12:30:00,519740
Spartak Abalmaz_770056962,Spartak Abalmaz,2,1,43,36,7,79,2021-08-23 12:35:00,519741
Mykhailo Diachenko_177154,Mykhailo Diachenko,1,1,52,45,7,97,2021-08-23 12:35:00,519742
Oleksandr Kochetkov_177164,Oleksandr Kochetkov,2,1,42,34,8,76,2021-08-23 12:40:00,519743
Anton Myrza_947297957,Anton Myrza,2,1,41,35,6,76,2021-08-23 12:40:00,519744
Yevhenii Sazonov_84125955,Yevhenii Sazonov,-3,0,20,33,-13,53,2021-08-23 12:45:00,519745
Stefan Yakimenko_177179,Stefan Yakimenko,1,1,51,50,1,101,2021-08-23 12:45:00,519746
P Medvedev_128590,P Medvedev,3,1,33,20,13,53,2021-08-23 12:45:00,519747
D Razinkov_128658,D Razinkov,-2,0,37,41,-4,78,2021-08-23 12:48:00,519748
A Shmakov_128624,A Shmakov,3,1,33,16,17,49,2021-08-23 12:49:00,519749
Dmytro Lazuryk_177368,Dmytro Lazuryk,-2,0,32,41,-9,73,2021-08-23 12:50:00,519750
Nazarii Hrytsyienko_181951507,Nazarii Hrytsyienko,2,1,43,24,19,67,2021-08-23 12:50:00,519751
Volodymyr Plishylo_899132677,Volodymyr Plishylo,-1,0,47,49,-2,96,2021-08-23 12:55:00,519752
Liliya Andrieieva_177400,Liliya Andrieieva,-3,0,18,33,-15,51,2021-08-23 12:55:00,519753
Ruslan Solomko_177208,Ruslan Solomko,1,1,44,46,-2,90,2021-08-23 12:55:00,519754
Mykola Shyshkin_177218,Mykola Shyshkin,-3,0,24,33,-9,57,2021-08-23 13:00:00,519755
Quang Trung Le_177336,Quang Trung Le,-3,0,12,33,-21,45,2021-08-23 13:00:00,519756
Yuriy Abroskin_36382499,Yuriy Abroskin,-3,0,18,33,-15,51,2021-08-23 13:00:00,519757
Valentyn Yunchyk_1322756380,Valentyn Yunchyk,1,1,46,41,5,87,2021-08-23 13:00:00,519758
Yaroslava Pachich_177140,Yaroslava Pachich,2,1,46,39,7,85,2021-08-23 13:00:00,519759
Ja Prokupek_28893,Ja Prokupek,-1,0,48,48,0,96,2021-08-23 13:04:00,519760
Igor Sukovatyi_1989169696,Igor Sukovatyi,-2,0,28,37,-9,65,2021-08-23 13:05:00,519761
V Kutin_128625,V Kutin,-2,0,32,39,-7,71,2021-08-23 13:08:00,519762
Volodymyr Kononikhin_177165,Volodymyr Kononikhin,-2,0,33,39,-6,72,2021-08-23 13:10:00,519763
Dmytro Kryshtal_1798456609,Dmytro Kryshtal,1,1,56,50,6,106,2021-08-23 13:10:00,519764
Anatolii Zapletniuk_1769269858,Anatolii Zapletniuk,-3,0,19,34,-15,53,2021-08-23 13:15:00,519765
Taras Yemelianov_177402,Taras Yemelianov,-2,0,39,40,-1,79,2021-08-23 13:15:00,519766
Serhii Semenets_177180,Serhii Semenets,3,1,36,27,9,63,2021-08-23 13:15:00,519767
V Putilovsky_128591,V Putilovsky,1,1,49,48,1,97,2021-08-23 13:15:00,519768
E Mishutin_128659,E Mishutin,-1,0,43,50,-7,93,2021-08-23 13:17:00,519769
Ivan Fedoryshyn_177194,Ivan Fedoryshyn,-2,0,33,41,-8,74,2021-08-23 13:20:00,519770
Oleh Furman_1273430370,Oleh Furman,-1,0,43,56,-13,99,2021-08-23 13:20:00,519771
Serhii Chelpanov_177209,Serhii Chelpanov,2,1,43,34,9,77,2021-08-23 13:25:00,519772
Vadym Nechyporuk_1251609110,Vadym Nechyporuk,2,1,37,36,1,73,2021-08-23 13:25:00,519773
Olena Kutkova_177401,Olena Kutkova,-2,0,27,42,-15,69,2021-08-23 13:25:00,519774
Viktor Kodola_177219,Viktor Kodola,1,1,53,45,8,98,2021-08-23 13:30:00,519775
Oleksii Haponov_96055577,Oleksii Haponov,1,1,51,49,2,100,2021-08-23 13:30:00,519776
Anastasia Holiak_177141,Anastasia Holiak,-2,0,31,40,-9,71,2021-08-23 13:30:00,519777
Martin Melisek_177337,Martin Melisek,3,1,33,16,17,49,2021-08-23 13:30:00,519778
A Shmakov_128626,A Shmakov,3,1,33,21,12,54,2021-08-23 13:33:00,519779
Yevhen Pysmennyi_1711317789,Yevhen Pysmennyi,2,1,45,42,3,87,2021-08-23 13:35:00,519780
Oleksandr Zhuravlov_771845954,Oleksandr Zhuravlov,2,1,37,34,3,71,2021-08-23 13:35:00,519781
Ja Jablonovsky_28894,Ja Jablonovsky,1,1,49,51,-2,100,2021-08-23 13:39:00,519782
Oleh Yurenev_177166,Oleh Yurenev,-2,0,37,46,-9,83,2021-08-23 13:40:00,519783
Igor Sukovatyi_1802757852,Igor Sukovatyi,3,1,34,24,10,58,2021-08-23 13:40:00,519784
Vitalii Marushchak_177181,Vitalii Marushchak,-3,0,16,33,-17,49,2021-08-23 13:45:00,519785
Dmytro Shukin_57299141,Dmytro Shukin,2,1,37,28,9,65,2021-08-23 13:45:00,519786
Mykhailo Diachenko_177403,Mykhailo Diachenko,2,1,42,30,12,72,2021-08-23 13:45:00,519787
P Medvedev_128592,P Medvedev,-1,0,48,49,-1,97,2021-08-23 13:49:00,519788
Artem Tkachenko_1019229367,Artem Tkachenko,-1,0,48,51,-3,99,2021-08-23 13:50:00,519789
Andrii Dombrovskyi_177369,Andrii Dombrovskyi,1,1,47,46,1,93,2021-08-23 13:50:00,519790
D Razinkov_128660,D Razinkov,-2,0,28,40,-12,68,2021-08-23 13:51:00,519791
Oleksandr Kovalchuk_177622,Oleksandr Kovalchuk,2,1,41,23,18,64,2021-08-23 13:55:00,519792
Andrii Sydorenko_1159099161,Andrii Sydorenko,2,1,41,31,10,72,2021-08-23 13:55:00,519793
Svitlana Tsoma_177142,Svitlana Tsoma,3,1,34,19,15,53,2021-08-23 14:00:00,519794
R Astreev_128627,R Astreev,-3,0,23,33,-10,56,2021-08-23 14:00:00,519795
Martin Melisek_177338,Martin Melisek,-2,0,36,42,-6,78,2021-08-23 14:00:00,519796
Nazarii Hrytsyienko_621568532,Nazarii Hrytsyienko,-1,0,42,52,-10,94,2021-08-23 14:00:00,519797
Vasyl Verbianyi_1625692185,Vasyl Verbianyi,-1,0,49,49,0,98,2021-08-23 14:05:00,519798
Oleh Stasevskyi_2062889811,Oleh Stasevskyi,3,1,33,18,15,51,2021-08-23 14:10:00,519799
Bohdan Yurka_177167,Bohdan Yurka,3,1,35,27,8,62,2021-08-23 14:10:00,519800
Vladyslav-Ivan Sheremeta_177631,Vladyslav-Ivan Sheremeta,-2,0,33,42,-9,75,2021-08-23 14:10:00,519801
Oleksandr Levadnyi_1991819963,Oleksandr Levadnyi,-2,0,35,37,-2,72,2021-08-23 14:10:00,519802
R Pavelka_28895,R Pavelka,-3,0,25,34,-9,59,2021-08-23 14:14:00,519803
Dmytro Alekseenko_621904555,Dmytro Alekseenko,-2,0,37,38,-1,75,2021-08-23 14:15:00,519804
Oleksandr Goncharuk_177182,Oleksandr Goncharuk,-2,0,34,43,-9,77,2021-08-23 14:15:00,519805
I Novikov_128593,I Novikov,1,1,50,40,10,90,2021-08-23 14:19:00,519806
D Kolesnikov_128661,D Kolesnikov,2,1,42,36,6,78,2021-08-23 14:19:00,519807
Spartak Abalmaz_826996242,Spartak Abalmaz,1,1,48,43,5,91,2021-08-23 14:20:00,519808
Dmytro Lazuryk_177370,Dmytro Lazuryk,2,1,44,34,10,78,2021-08-23 14:20:00,519809
Yurii Kolesnyk_177624,Yurii Kolesnyk,-2,0,30,40,-10,70,2021-08-23 14:25:00,519810
Artem Tkachenko_635562814,Artem Tkachenko,-1,0,46,51,-5,97,2021-08-23 14:25:00,519811
Quang Trung Le_177339,Quang Trung Le,-1,0,47,48,-1,95,2021-08-23 14:30:00,519812
Anastasia Holiak_177143,Anastasia Holiak,-3,0,24,33,-9,57,2021-08-23 14:30:00,519813
Oleh Furman_1273317248,Oleh Furman,-1,0,50,55,-5,105,2021-08-23 14:30:00,519814
V Kutin_128708,V Kutin,1,1,48,49,-1,97,2021-08-23 14:31:00,519815
Vadym Nechyporuk_695663146,Vadym Nechyporuk,2,1,42,28,14,70,2021-08-23 14:35:00,519816
Ja Berger_28896,Ja Berger,1,1,41,45,-4,86,2021-08-23 14:35:00,519817
Oleh Yurenev_177168,Oleh Yurenev,2,1,41,27,14,68,2021-08-23 14:40:00,519818
Nazarii Kovalchuk_2065228498,Nazarii Kovalchuk,-1,0,48,52,-4,100,2021-08-23 14:40:00,519819
Viktor Kodola_177632,Viktor Kodola,1,1,55,45,10,100,2021-08-23 14:40:00,519820
Vitalii Marushchak_177183,Vitalii Marushchak,-2,0,27,39,-12,66,2021-08-23 14:45:00,519821
Yevhen Pysmennyi_1025162540,Yevhen Pysmennyi,1,1,55,54,1,109,2021-08-23 14:45:00,519822
Sergiy Akhlamov_1171303572,Sergiy Akhlamov,-1,0,42,52,-10,94,2021-08-23 14:45:00,519823
I Minchenkov_128712,I Minchenkov,1,1,50,39,11,89,2021-08-23 14:49:00,519824
Valeriy Vlasenko_177197,Valeriy Vlasenko,-1,0,41,48,-7,89,2021-08-23 14:50:00,519825
S Nikulin_128710,S Nikulin,1,1,45,49,-4,94,2021-08-23 14:52:00,519826
Oleksandr Dziabura_590183314,Oleksandr Dziabura,3,1,33,20,13,53,2021-08-23 14:55:00,519827
Anzhela Sydorko_177144,Anzhela Sydorko,2,1,45,32,13,77,2021-08-23 15:00:00,519828
Tomas Lukes_177340,Tomas Lukes,-2,0,39,45,-6,84,2021-08-23 15:00:00,519829
Anton Myrza_222323530,Anton Myrza,-1,0,56,60,-4,116,2021-08-23 15:00:00,519830
R Pavelka_28897,R Pavelka,3,1,33,18,15,51,2021-08-23 15:04:00,519831
Aleksandr Melnikov_1509756097,Aleksandr Melnikov,2,1,47,40,7,87,2021-08-23 15:05:00,519832
R Astreev_128709,R Astreev,-2,0,40,43,-3,83,2021-08-23 15:08:00,519833
Dmytro Kunchurov_177169,Dmytro Kunchurov,-2,0,36,40,-4,76,2021-08-23 15:10:00,519834
Andrii Kotik_901439069,Andrii Kotik,1,1,57,44,13,101,2021-08-23 15:10:00,519835
Anatolii Kostenko_177184,Anatolii Kostenko,-3,0,21,33,-12,54,2021-08-23 15:15:00,519836
Nazarii Danyliuk_404181606,Nazarii Danyliuk,3,1,35,29,6,64,2021-08-23 15:15:00,519837
Valerii Tatarynov_177220,Valerii Tatarynov,-1,0,53,54,-1,107,2021-08-23 15:20:00,519838
Valentyn Yunchyk_643781107,Valentyn Yunchyk,-1,0,39,48,-9,87,2021-08-23 15:20:00,519839
Dmytro Lazuryk_177371,Dmytro Lazuryk,-3,0,27,33,-6,60,2021-08-23 15:20:00,519840
Oleksandr Zhuravlov_1660447120,Oleksandr Zhuravlov,-2,0,32,41,-9,73,2021-08-23 15:20:00,519841
P Medvedev_128713,P Medvedev,-2,0,42,46,-4,88,2021-08-23 15:22:00,519842
D Kolesnikov_128711,D Kolesnikov,2,1,41,31,10,72,2021-08-23 15:25:00,519843
Spartak Abalmaz_1698581337,Spartak Abalmaz,1,1,54,49,5,103,2021-08-23 15:30:00,519844
Oleksandr Hryhoriev_177235,Oleksandr Hryhoriev,2,1,42,32,10,74,2021-08-23 15:30:00,519845
Quang Trung Le_177341,Quang Trung Le,-1,0,43,40,3,83,2021-08-23 15:30:00,519846
Ja Jablonovsky_28898,Ja Jablonovsky,-1,0,46,51,-5,97,2021-08-23 15:32:00,519847
Serhii Matviienko_883900022,Serhii Matviienko,-2,0,36,41,-5,77,2021-08-23 15:35:00,519848
Ihor Sobko_177245,Ihor Sobko,3,1,34,25,9,59,2021-08-23 15:35:00,519849
Denys Valenda_177391,Denys Valenda,2,1,41,34,7,75,2021-08-23 15:40:00,519850
Andrii Isaiev_648886929,Andrii Isaiev,-3,0,17,36,-19,53,2021-08-23 15:40:00,519851
S Muslikov_128628,S Muslikov,-3,0,16,33,-17,49,2021-08-23 15:40:00,519852
Dmytro Patalakha_177270,Dmytro Patalakha,-2,0,25,40,-15,65,2021-08-23 15:45:00,519853
Serhii Rak_177221,Serhii Rak,-3,0,17,33,-16,50,2021-08-23 15:50:00,519854
Ihor Petryshyn_786567001,Ihor Petryshyn,2,1,38,29,9,67,2021-08-23 15:50:00,519855
Illia Udod_177372,Illia Udod,-1,0,60,57,3,117,2021-08-23 15:50:00,519856
Dmytro Derevinskyi_1984644469,Dmytro Derevinskyi,-3,0,22,33,-11,55,2021-08-23 15:55:00,519857
A KHanevskii_128594,A KHanevskii,1,1,47,36,11,83,2021-08-23 15:56:00,519858
K Bystrushkin_128663,K Bystrushkin,1,1,55,55,0,110,2021-08-23 15:58:00,519859
George Poturidis_177236,George Poturidis,-2,0,31,42,-11,73,2021-08-23 16:00:00,519860
V Nemashkalo_128629,V Nemashkalo,1,1,48,46,2,94,2021-08-23 16:01:00,519861
R Pavelka_28943,R Pavelka,1,1,48,47,1,95,2021-08-23 16:03:00,519862
Oleksii Korobov_177246,Oleksii Korobov,1,1,48,46,2,94,2021-08-23 16:05:00,519863
Kyrylo Yehorov_1539990374,Kyrylo Yehorov,-1,0,43,45,-2,88,2021-08-23 16:05:00,519864
Oleksandr Mytsyk_177392,Oleksandr Mytsyk,-2,0,33,39,-6,72,2021-08-23 16:10:00,519865
Oleksiy Sapronov_1922028746,Oleksiy Sapronov,1,1,52,51,1,103,2021-08-23 16:10:00,519866
Tomas Lukes_177633,Tomas Lukes,-3,0,25,33,-8,58,2021-08-23 16:10:00,519867
Artem Nesterenko_190206490,Artem Nesterenko,-3,0,23,33,-10,56,2021-08-23 16:15:00,519868
Vitalii Mukhin_177271,Vitalii Mukhin,-2,0,29,44,-15,73,2021-08-23 16:15:00,519869
S Ovechkin_128595,S Ovechkin,-1,0,50,52,-2,102,2021-08-23 16:16:00,519870
Vladimir Malashevsky_1886884800,Vladimir Malashevsky,2,1,44,45,-1,89,2021-08-23 16:20:00,519871
Oleh Bindas_177222,Oleh Bindas,2,1,47,43,4,90,2021-08-23 16:20:00,519872
Kostiantyn Kovalchuk_177285,Kostiantyn Kovalchuk,2,1,40,35,5,75,2021-08-23 16:25:00,519873
Serhij Maksymiv_168742775,Serhij Maksymiv,-3,0,23,33,-10,56,2021-08-23 16:25:00,519874
V Beliakov_128662,V Beliakov,1,1,62,59,3,121,2021-08-23 16:29:00,519875
Oleksandr Hryhoriev_177237,Oleksandr Hryhoriev,3,1,33,16,17,49,2021-08-23 16:30:00,519876
Pavlo Plushch_1477888331,Pavlo Plushch,2,1,45,38,7,83,2021-08-23 16:30:00,519877
I Meteleshko_128630,I Meteleshko,-3,0,15,33,-18,48,2021-08-23 16:32:00,519878
Ja Berger_28944,Ja Berger,3,1,38,26,12,64,2021-08-23 16:34:00,519879
Kostiantyn Nesterenko_177247,Kostiantyn Nesterenko,-2,0,35,41,-6,76,2021-08-23 16:35:00,519880
Anatolii Yakovenko_1961190738,Anatolii Yakovenko,2,1,42,32,10,74,2021-08-23 16:35:00,519881
Illia Hubariev_1715417878,Illia Hubariev,2,1,45,41,4,86,2021-08-23 16:40:00,519882
Denys Valenda_177393,Denys Valenda,-2,0,37,41,-4,78,2021-08-23 16:40:00,519883
Filip Vesely_177634,Filip Vesely,2,1,37,35,2,72,2021-08-23 16:40:00,519884
Serhii Solomko_177272,Serhii Solomko,-2,0,32,39,-7,71,2021-08-23 16:45:00,519885
Serhii Matviienko_1802039000,Serhii Matviienko,-2,0,31,40,-9,71,2021-08-23 16:45:00,519886
Andrii Isaiev_210609706,Andrii Isaiev,-3,0,22,33,-11,55,2021-08-23 16:50:00,519887
Serhii Rak_177223,Serhii Rak,1,1,53,43,10,96,2021-08-23 16:50:00,519888
Viktor Trachuk_1078800743,Viktor Trachuk,3,1,33,18,15,51,2021-08-23 16:55:00,519889
Roman Yushko_177286,Roman Yushko,-2,0,30,41,-11,71,2021-08-23 16:55:00,519890
N Pashkov_128596,N Pashkov,3,1,33,22,11,55,2021-08-23 16:56:00,519891
Ihor Petryshyn_1803360173,Ihor Petryshyn,-3,0,23,34,-11,57,2021-08-23 17:00:00,519892
M Gusev_128631,M Gusev,-3,0,26,33,-7,59,2021-08-23 17:00:00,519893
Oleksii Babenko_177238,Oleksii Babenko,-1,0,47,52,-5,99,2021-08-23 17:00:00,519894
Jan Duspiva_177342,Jan Duspiva,-1,0,41,43,-2,84,2021-08-23 17:00:00,519895
R Rose_28899,R Rose,-2,0,42,50,-8,92,2021-08-23 17:03:00,519896
Dmytro Derevinskyi_64411045,Dmytro Derevinskyi,1,1,46,45,1,91,2021-08-23 17:05:00,519897
Oleksii Korobov_177248,Oleksii Korobov,1,1,51,39,12,90,2021-08-23 17:05:00,519898
Viacheslav Kovalenko_1640456125,Viacheslav Kovalenko,-2,0,32,42,-10,74,2021-08-23 17:10:00,519899
Vasyl Kondratenko_177263,Vasyl Kondratenko,-2,0,40,42,-2,82,2021-08-23 17:10:00,519900
S Burov_128664,S Burov,1,1,51,39,12,90,2021-08-23 17:14:00,519901
Anatolii Yakovenko_918311836,Anatolii Yakovenko,2,1,46,36,10,82,2021-08-23 17:15:00,519902
Vitalii Mukhin_177273,Vitalii Mukhin,-1,0,50,51,-1,101,2021-08-23 17:15:00,519903
S Lanin_128597,S Lanin,-2,0,32,38,-6,70,2021-08-23 17:19:00,519904
Valerii Tatarynov_177224,Valerii Tatarynov,-2,0,31,41,-10,72,2021-08-23 17:20:00,519905
Oleksiy Sapronov_1772320670,Oleksiy Sapronov,-3,0,21,35,-14,56,2021-08-23 17:20:00,519906
Oleksandr Melashenko_177287,Oleksandr Melashenko,-2,0,28,35,-7,63,2021-08-23 17:25:00,519907
Serhii Illiushchenko_1744636012,Serhii Illiushchenko,2,1,40,33,7,73,2021-08-23 17:25:00,519908
George Poturidis_177239,George Poturidis,3,1,33,25,8,58,2021-08-23 17:30:00,519909
Vlastimil Kolar_177343,Vlastimil Kolar,2,1,45,36,9,81,2021-08-23 17:30:00,519910
Vladimir Malashevsky_729419178,Vladimir Malashevsky,2,1,40,34,6,74,2021-08-23 17:30:00,519911
I Meteleshko_128632,I Meteleshko,-3,0,19,33,-14,52,2021-08-23 17:30:00,519912
Ihor Sobko_177249,Ihor Sobko,1,1,59,56,3,115,2021-08-23 17:35:00,519913
Ivan Tymchyshyn_1444778549,Ivan Tymchyshyn,1,1,47,43,4,90,2021-08-23 17:35:00,519914
T Zahradnik_28900,T Zahradnik,-3,0,17,33,-16,50,2021-08-23 17:36:00,519915
Pavlo Plushch_862715685,Pavlo Plushch,3,1,34,22,12,56,2021-08-23 17:40:00,519916
Oleksandr Mytsyk_177394,Oleksandr Mytsyk,-1,0,41,51,-10,92,2021-08-23 17:40:00,519917
N Pashkov_128598,N Pashkov,-1,0,40,43,-3,83,2021-08-23 17:45:00,519918
Viacheslav Kovalenko_841853084,Viacheslav Kovalenko,-2,0,33,40,-7,73,2021-08-23 17:45:00,519919
Dmytro Patalakha_177274,Dmytro Patalakha,-3,0,23,33,-10,56,2021-08-23 17:45:00,519920
M Davydov_128665,M Davydov,1,1,53,50,3,103,2021-08-23 17:46:00,519921
Nazar Mosiuk_177225,Nazar Mosiuk,3,1,35,29,6,64,2021-08-23 17:50:00,519922
Anatolii Yakovenko_4727710,Anatolii Yakovenko,2,1,40,38,2,78,2021-08-23 17:50:00,519923
Serhii Matviienko_1231105682,Serhii Matviienko,-3,0,15,33,-18,48,2021-08-23 17:55:00,519924
Roman Yushko_177288,Roman Yushko,3,1,34,18,16,52,2021-08-23 17:55:00,519925
Artem Nesterenko_263827864,Artem Nesterenko,-2,0,43,48,-5,91,2021-08-23 18:00:00,519926
Oleksandr Hryhoriev_177240,Oleksandr Hryhoriev,3,1,33,22,11,55,2021-08-23 18:00:00,519927
V Nemashkalo_128633,V Nemashkalo,2,1,42,29,13,71,2021-08-23 18:00:00,519928
Vlastimil Kolar_177344,Vlastimil Kolar,2,1,37,30,7,67,2021-08-23 18:00:00,519929
Jo Silhan_28901,Jo Silhan,3,1,33,19,14,52,2021-08-23 18:03:00,519930
Ihor Chernetskyi_177250,Ihor Chernetskyi,2,1,36,34,2,70,2021-08-23 18:05:00,519931
Mykola Treshchetka_407471122,Mykola Treshchetka,1,1,39,44,-5,83,2021-08-23 18:05:00,519932
Denys Valenda_177395,Denys Valenda,2,1,46,38,8,84,2021-08-23 18:10:00,519933
Serhij Maksymiv_411840165,Serhij Maksymiv,-1,0,40,46,-6,86,2021-08-23 18:10:00,519934
Oleg Hubanishchev_177275,Oleg Hubanishchev,3,1,33,22,11,55,2021-08-23 18:15:00,519935
Dmytro Derevinskyi_164079249,Dmytro Derevinskyi,1,1,44,37,7,81,2021-08-23 18:15:00,519936
S Ovechkin_128599,S Ovechkin,3,1,37,24,13,61,2021-08-23 18:18:00,519937
Anatolii Yakovenko_183203726,Anatolii Yakovenko,2,1,41,29,12,70,2021-08-23 18:20:00,519938
S Burov_128666,S Burov,2,1,45,30,15,75,2021-08-23 18:20:00,519939
Oleh Bindas_177226,Oleh Bindas,-1,0,44,49,-5,93,2021-08-23 18:20:00,519940
Kostiantyn Kovalchuk_177289,Kostiantyn Kovalchuk,1,1,52,50,2,102,2021-08-23 18:25:00,519941
Illia Hubariev_435162379,Illia Hubariev,2,1,39,34,5,73,2021-08-23 18:25:00,519942
Jan Duspiva_177345,Jan Duspiva,3,1,35,25,10,60,2021-08-23 18:30:00,519943
Serhii Zazymko_1368234104,Serhii Zazymko,2,1,44,36,8,80,2021-08-23 18:30:00,519944
George Poturidis_177241,George Poturidis,-3,0,25,33,-8,58,2021-08-23 18:30:00,519945
L Jindrak_28902,L Jindrak,-1,0,40,45,-5,85,2021-08-23 18:31:00,519946
I Meteleshko_128760,I Meteleshko,1,1,44,46,-2,90,2021-08-23 18:32:00,519947
Kostiantyn Nesterenko_177251,Kostiantyn Nesterenko,2,1,47,41,6,88,2021-08-23 18:35:00,519948
Andrii Isaiev_634293631,Andrii Isaiev,1,1,47,44,3,91,2021-08-23 18:35:00,519949
Viktor Trachuk_852200665,Viktor Trachuk,3,1,35,21,14,56,2021-08-23 18:40:00,519950
Oleksandr Mytsyk_177396,Oleksandr Mytsyk,-3,0,28,34,-6,62,2021-08-23 18:40:00,519951
K Bystrushkin_128667,K Bystrushkin,1,1,52,38,14,90,2021-08-23 18:42:00,519952
Ihor Petryshyn_1789129997,Ihor Petryshyn,1,1,44,47,-3,91,2021-08-23 18:45:00,519953
A KHanevskii_128768,A KHanevskii,1,1,49,50,-1,99,2021-08-23 18:45:00,519954
Serhii Solomko_177276,Serhii Solomko,3,1,33,22,11,55,2021-08-23 18:45:00,519955
Serhii Rak_177227,Serhii Rak,-2,0,30,43,-13,73,2021-08-23 18:50:00,519956
Vitalii Solovei_2018922848,Vitalii Solovei,2,1,40,36,4,76,2021-08-23 18:50:00,519957
Viacheslav Kovalenko_785508633,Viacheslav Kovalenko,3,1,37,27,10,64,2021-08-23 18:55:00,519958
Yevhen Samofal_177290,Yevhen Samofal,-2,0,37,42,-5,79,2021-08-23 18:55:00,519959
Jan Sr Krames_177346,Jan Sr Krames,-1,0,36,47,-11,83,2021-08-23 19:00:00,519960
Anatolii Yakovenko_950655856,Anatolii Yakovenko,-2,0,47,50,-3,97,2021-08-23 19:00:00,519961
Oleksii Babenko_177242,Oleksii Babenko,-3,0,19,33,-14,52,2021-08-23 19:00:00,519962
M Gusev_128761,M Gusev,-1,0,37,48,-11,85,2021-08-23 19:01:00,519963
Jo Silhan_28903,Jo Silhan,3,1,33,22,11,55,2021-08-23 19:02:00,519964
Oleksiy Sapronov_2135190853,Oleksiy Sapronov,1,1,46,49,-3,95,2021-08-23 19:05:00,519965
Oleksii Korobov_177252,Oleksii Korobov,2,1,42,32,10,74,2021-08-23 19:05:00,519966
Serhii Illiushchenko_888937557,Serhii Illiushchenko,-2,0,35,39,-4,74,2021-08-23 19:10:00,519967
Vasyl Kondratenko_177267,Vasyl Kondratenko,3,1,34,22,12,56,2021-08-23 19:10:00,519968
Vladimir Malashevsky_216981817,Vladimir Malashevsky,2,1,42,33,9,75,2021-08-23 19:15:00,519969
Vitalii Mukhin_177277,Vitalii Mukhin,2,1,43,31,12,74,2021-08-23 19:15:00,519970
N Pashkov_128769,N Pashkov,2,1,36,30,6,66,2021-08-23 19:16:00,519971
Oleksandr Strutinskiy_177381,Oleksandr Strutinskiy,3,1,33,12,21,45,2021-08-23 19:20:00,519972
Valerii Tatarynov_177228,Valerii Tatarynov,1,1,53,49,4,102,2021-08-23 19:20:00,519973
Ivan Tymchyshyn_644956710,Ivan Tymchyshyn,-3,0,16,33,-17,49,2021-08-23 19:20:00,519974
M Davydov_128826,M Davydov,-2,0,32,40,-8,72,2021-08-23 19:22:00,519975
Dmytro Derevinskyi_1746090628,Dmytro Derevinskyi,1,1,50,40,10,90,2021-08-23 19:25:00,519976
Oleksandr Melashenko_177291,Oleksandr Melashenko,1,1,44,49,-5,93,2021-08-23 19:25:00,519977
Oleksandr Hryhoriev_177243,Oleksandr Hryhoriev,3,1,37,19,18,56,2021-08-23 19:30:00,519978
Jan Duspiva_177347,Jan Duspiva,3,1,33,15,18,48,2021-08-23 19:30:00,519979
Viacheslav Kovalenko_1026833514,Viacheslav Kovalenko,-2,0,36,43,-7,79,2021-08-23 19:30:00,519980
T Zahradnik_28904,T Zahradnik,1,1,51,43,8,94,2021-08-23 19:31:00,519981
A Alekseyev_128634,A Alekseyev,-3,0,26,33,-7,59,2021-08-23 19:35:00,519982
Anatolii Yakovenko_1873417509,Anatolii Yakovenko,3,1,34,23,11,57,2021-08-23 19:35:00,519983
Ihor Sobko_177253,Ihor Sobko,-2,0,44,50,-6,94,2021-08-23 19:35:00,519984
Serhii Matviienko_209246118,Serhii Matviienko,-2,0,37,44,-7,81,2021-08-23 19:40:00,519985
Denys Valenda_177397,Denys Valenda,3,1,37,28,9,65,2021-08-23 19:40:00,519986
K Bystrushkin_128827,K Bystrushkin,3,1,35,23,12,58,2021-08-23 19:44:00,519987
Artem Nesterenko_2106917091,Artem Nesterenko,-1,0,42,47,-5,89,2021-08-23 19:45:00,519988
Dmytro Patalakha_177278,Dmytro Patalakha,2,1,37,36,1,73,2021-08-23 19:45:00,519989
I Soldatov_128600,I Soldatov,2,1,47,34,13,81,2021-08-23 19:49:00,519990
Andrii Dekhtiarenko_177382,Andrii Dekhtiarenko,3,1,33,17,16,50,2021-08-23 19:50:00,519991
Nazar Mosiuk_177229,Nazar Mosiuk,-2,0,32,42,-10,74,2021-08-23 19:50:00,519992
Mykola Treshchetka_1511463247,Mykola Treshchetka,1,1,41,48,-7,89,2021-08-23 19:50:00,519993
Roman Yushko_177292,Roman Yushko,-3,0,24,34,-10,58,2021-08-23 19:55:00,519994
Serhij Maksymiv_467916278,Serhij Maksymiv,2,1,41,27,14,68,2021-08-23 19:55:00,519995
D Tikhnenko_128635,D Tikhnenko,2,1,43,23,20,66,2021-08-23 19:59:00,519996
Pavlo Plushch_1226648165,Pavlo Plushch,3,1,38,30,8,68,2021-08-23 20:00:00,519997
Vladimir Andrievskiy_177244,Vladimir Andrievskiy,-2,0,40,43,-3,83,2021-08-23 20:00:00,519998
Jan Sr Krames_177641,Jan Sr Krames,-2,0,33,44,-11,77,2021-08-23 20:00:00,519999
A Girevenkov_128668,A Girevenkov,-3,0,22,37,-15,59,2021-08-23 20:01:00,520000
Ihor Chernetskyi_177254,Ihor Chernetskyi,1,1,54,46,8,100,2021-08-23 20:05:00,520001
Prokhor Puhach_1299032907,Prokhor Puhach,1,1,40,49,-9,89,2021-08-23 20:05:00,520002
Dmytro Chernyshov_177269,Dmytro Chernyshov,3,1,33,20,13,53,2021-08-23 20:10:00,520003
Serhii Kiilo_355344945,Serhii Kiilo,1,1,44,45,-1,89,2021-08-23 20:10:00,520004
Oleksiy Sapronov_80091020,Oleksiy Sapronov,-2,0,36,42,-6,78,2021-08-23 20:15:00,520005
Oleg Hubanishchev_177279,Oleg Hubanishchev,-1,0,44,50,-6,94,2021-08-23 20:15:00,520006
E Masokin_128669,E Masokin,-1,0,39,51,-12,90,2021-08-23 20:17:00,520007
R Rose_28945,R Rose,2,1,39,33,6,72,2021-08-23 20:18:00,520008
E Markelov_128601,E Markelov,-3,0,20,33,-13,53,2021-08-23 20:19:00,520009
Oleh Bindas_177230,Oleh Bindas,-2,0,40,44,-4,84,2021-08-23 20:20:00,520010
Oleksandr Strutinskiy_177383,Oleksandr Strutinskiy,2,1,45,32,13,77,2021-08-23 20:20:00,520011
Ihor Syniavskyi_173305929,Ihor Syniavskyi,-3,0,10,33,-23,43,2021-08-23 20:20:00,520012
Viktor Trachuk_1577755161,Viktor Trachuk,-1,0,50,51,-1,101,2021-08-23 20:25:00,520013
Kostiantyn Kovalchuk_177293,Kostiantyn Kovalchuk,-1,0,43,50,-7,93,2021-08-23 20:25:00,520014
E Makarenkov_128636,E Makarenkov,-3,0,22,33,-11,55,2021-08-23 20:29:00,520015
Martin Sulc_177642,Martin Sulc,-3,0,27,34,-7,61,2021-08-23 20:30:00,520016
Vasyl Aksenin_1015591552,Vasyl Aksenin,2,1,35,34,1,69,2021-08-23 20:30:00,520017
Vladimir Andrievskiy_177643,Vladimir Andrievskiy,-2,0,40,38,2,78,2021-08-23 20:30:00,520018
Kostiantyn Nesterenko_177255,Kostiantyn Nesterenko,-1,0,49,55,-6,104,2021-08-23 20:35:00,520019
Dmytro Derevinskyi_1379107086,Dmytro Derevinskyi,-2,0,35,46,-11,81,2021-08-23 20:35:00,520020
Oleg Kolivay_177645,Oleg Kolivay,-1,0,46,54,-8,100,2021-08-23 20:40:00,520021
Prokhor Puhach_815468657,Prokhor Puhach,1,1,49,51,-2,100,2021-08-23 20:40:00,520022
Serhii Solomko_177280,Serhii Solomko,-1,0,50,52,-2,102,2021-08-23 20:45:00,520023
Serhii Kubrak_1517046590,Serhii Kubrak,-1,0,46,49,-3,95,2021-08-23 20:45:00,520024
D Kolesnikov_128602,D Kolesnikov,-3,0,25,33,-8,58,2021-08-23 20:46:00,520025
T Zahradnik_28946,T Zahradnik,1,1,45,42,3,87,2021-08-23 20:46:00,520026
I Afanasev_128670,I Afanasev,-1,0,43,51,-8,94,2021-08-23 20:46:00,520027
Yevhen Churpita_177384,Yevhen Churpita,-1,0,45,48,-3,93,2021-08-23 20:50:00,520028
Valerii Tatarynov_177231,Valerii Tatarynov,-3,0,21,33,-12,54,2021-08-23 20:50:00,520029
Serhii Matviienko_1160953775,Serhii Matviienko,-2,0,31,39,-8,70,2021-08-23 20:50:00,520030
Andrii Isaiev_86421365,Andrii Isaiev,1,1,50,39,11,89,2021-08-23 20:55:00,520031
Yevhen Samofal_177294,Yevhen Samofal,2,1,46,35,11,81,2021-08-23 20:55:00,520032
Jan Hendrych_177348,Jan Hendrych,3,1,34,19,15,53,2021-08-23 21:00:00,520033
Arsenii Lobanov_177644,Arsenii Lobanov,1,1,47,46,1,93,2021-08-23 21:00:00,520034
Iurii Prokhoruk_1827457989,Iurii Prokhoruk,-1,0,47,53,-6,100,2021-08-23 21:00:00,520035
V Chernov_128637,V Chernov,2,1,44,37,7,81,2021-08-23 21:00:00,520036
Ihor Petryshyn_1284237534,Ihor Petryshyn,-3,0,12,33,-21,45,2021-08-23 21:05:00,520037
Ihor Sobko_177256,Ihor Sobko,-2,0,26,42,-16,68,2021-08-23 21:05:00,520038
Dmytro Chernyshov_177646,Dmytro Chernyshov,-1,0,47,52,-5,99,2021-08-23 21:10:00,520039
Pavlo Plushch_1743646617,Pavlo Plushch,-1,0,55,49,6,104,2021-08-23 21:10:00,520040
Serhii Kiilo_1583844911,Serhii Kiilo,-3,0,20,33,-13,53,2021-08-23 21:15:00,520041
P Semeshin_128671,P Semeshin,3,1,37,30,7,67,2021-08-23 21:15:00,520042
Dmytro Patalakha_177281,Dmytro Patalakha,2,1,40,33,7,73,2021-08-23 21:15:00,520043
I Moshkov_128603,I Moshkov,-1,0,49,46,3,95,2021-08-23 21:16:00,520044
Prokhor Puhach_129280516,Prokhor Puhach,-2,0,34,45,-11,79,2021-08-23 21:20:00,520045
Yaroslav Kravets_177232,Yaroslav Kravets,-2,0,35,44,-9,79,2021-08-23 21:20:00,520046
Andrii Dekhtiarenko_177385,Andrii Dekhtiarenko,1,1,51,50,1,101,2021-08-23 21:20:00,520047
M-n Regner_28905,M-n Regner,2,1,40,35,5,75,2021-08-23 21:24:00,520048
Oleksiy Sapronov_47448060,Oleksiy Sapronov,-2,0,31,40,-9,71,2021-08-23 21:25:00,520049
Oleksandr Melashenko_177295,Oleksandr Melashenko,-2,0,36,49,-13,85,2021-08-23 21:25:00,520050
Petr Vanek_177349,Petr Vanek,1,1,51,45,6,96,2021-08-23 21:30:00,520051
Andrii Isaiev_1241375128,Andrii Isaiev,2,1,43,26,17,69,2021-08-23 21:30:00,520052
E Makarenkov_128638,E Makarenkov,-1,0,44,51,-7,95,2021-08-23 21:30:00,520053
Ruslan Tolstykh_177257,Ruslan Tolstykh,2,1,45,28,17,73,2021-08-23 21:35:00,520054
Vladimir Malashevsky_1855077560,Vladimir Malashevsky,-3,0,21,33,-12,54,2021-08-23 21:35:00,520055
Ihor Petryshyn_1557148779,Ihor Petryshyn,-2,0,24,39,-15,63,2021-08-23 21:40:00,520056
Oleksandr Bryzhevatyi_177282,Oleksandr Bryzhevatyi,-3,0,25,34,-9,59,2021-08-23 21:45:00,520057
Dmytro Derevinskyi_620601028,Dmytro Derevinskyi,2,1,45,32,13,77,2021-08-23 21:45:00,520058
I Afanasev_128672,I Afanasev,-3,0,22,33,-11,55,2021-08-23 21:45:00,520059
D Kolesnikov_128604,D Kolesnikov,-1,0,49,53,-4,102,2021-08-23 21:46:00,520060
Serhii Kubrak_245416422,Serhii Kubrak,-1,0,43,48,-5,91,2021-08-23 21:50:00,520061
Oleksandr Strutinskiy_177386,Oleksandr Strutinskiy,2,1,41,30,11,71,2021-08-23 21:50:00,520062
J Veselka_28906,J Veselka,3,1,34,27,7,61,2021-08-23 21:50:00,520063
Kostiantyn Kovalchuk_177296,Kostiantyn Kovalchuk,2,1,41,34,7,75,2021-08-23 21:55:00,520064
Serhii Kiilo_216921868,Serhii Kiilo,3,1,33,22,11,55,2021-08-23 21:55:00,520065
D Tikhnenko_128639,D Tikhnenko,-2,0,31,41,-10,72,2021-08-23 22:00:00,520066
Petr Vanek_177350,Petr Vanek,2,1,39,35,4,74,2021-08-23 22:00:00,520067
Serhii Zazymko_475297380,Serhii Zazymko,3,1,33,16,17,49,2021-08-23 22:00:00,520068
Ihor Syniavskyi_1609152530,Ihor Syniavskyi,-3,0,15,33,-18,48,2021-08-23 22:05:00,520069
Ihor Sobko_177258,Ihor Sobko,3,1,37,27,10,64,2021-08-23 22:05:00,520070
Roman Oliynyk_911429989,Roman Oliynyk,1,1,46,38,8,84,2021-08-23 22:10:00,520071
M Cmunt_28907,M Cmunt,-2,0,26,34,-8,60,2021-08-23 22:12:00,520072
Dmytro Patalakha_177283,Dmytro Patalakha,2,1,41,31,10,72,2021-08-23 22:15:00,520073
Ivan Tymchyshyn_1724257788,Ivan Tymchyshyn,-1,0,40,47,-7,87,2021-08-23 22:15:00,520074
E Masokin_128673,E Masokin,-1,0,34,50,-16,84,2021-08-23 22:15:00,520075
E Markelov_128605,E Markelov,-1,0,47,54,-7,101,2021-08-23 22:17:00,520076
Andrii Dekhtiarenko_177387,Andrii Dekhtiarenko,2,1,40,34,6,74,2021-08-23 22:20:00,520077
Vitalii Solovei_1458553180,Vitalii Solovei,-1,0,38,47,-9,85,2021-08-23 22:20:00,520078
Serhii Rak_177234,Serhii Rak,-2,0,43,48,-5,91,2021-08-23 22:20:00,520079
Mykola Zakladnyi_23746206,Mykola Zakladnyi,-1,0,49,52,-3,101,2021-08-23 22:25:00,520080
Andrii Novikov_177297,Andrii Novikov,3,1,33,20,13,53,2021-08-23 22:25:00,520081
E Makarenkov_128828,E Makarenkov,-1,0,40,54,-14,94,2021-08-23 22:29:00,520082
Prokhor Puhach_1347315330,Prokhor Puhach,1,1,46,39,7,85,2021-08-23 22:30:00,520083
Jan Hendrych_177351,Jan Hendrych,-2,0,35,43,-8,78,2021-08-23 22:30:00,520084
R Hasmanda_28908,R Hasmanda,-1,0,43,44,-1,87,2021-08-23 22:33:00,520085
Oleksii Korobov_177259,Oleksii Korobov,-1,0,44,51,-7,95,2021-08-23 22:35:00,520086
E Masokin_128830,E Masokin,-3,0,17,33,-16,50,2021-08-23 22:45:00,520087
Vitalii Mukhin_177284,Vitalii Mukhin,2,1,39,20,19,59,2021-08-23 22:45:00,520088
Vladimir Malashevsky_1855049244,Vladimir Malashevsky,2,1,43,34,9,77,2021-08-23 22:45:00,520089
Yevhen Churpita_177388,Yevhen Churpita,2,1,38,35,3,73,2021-08-23 22:50:00,520090
E Markelov_128832,E Markelov,1,1,48,50,-2,98,2021-08-23 22:54:00,520091
Kostiantyn Kovalchuk_177298,Kostiantyn Kovalchuk,-1,0,39,43,-4,82,2021-08-23 22:55:00,520092
A Alekseyev_128829,A Alekseyev,2,1,37,27,10,64,2021-08-23 22:59:00,520093
Petr Kubat_177352,Petr Kubat,2,1,41,25,16,66,2021-08-23 23:00:00,520094
Mykola Zakladnyi_1165071296,Mykola Zakladnyi,-3,0,19,34,-15,53,2021-08-23 23:00:00,520095
M Cmunt_28909,M Cmunt,1,1,58,52,6,110,2021-08-23 23:04:00,520096
Oleksii Tiutiunnyk_873052095,Oleksii Tiutiunnyk,2,1,43,33,10,76,2021-08-23 23:05:00,520097
A Girevenkov_128831,A Girevenkov,-2,0,32,44,-12,76,2021-08-23 23:15:00,520098
Oleksandr Strutinskiy_177389,Oleksandr Strutinskiy,-1,0,46,45,1,91,2021-08-23 23:20:00,520099
I Moshkov_128833,I Moshkov,-1,0,49,52,-3,101,2021-08-23 23:23:00,520100
Roman Yushko_177299,Roman Yushko,-3,0,25,33,-8,58,2021-08-23 23:25:00,520101
E Ilyukhin_128640,E Ilyukhin,1,1,51,42,9,93,2021-08-23 23:29:00,520102
Jan Hendrych_177353,Jan Hendrych,3,1,33,21,12,54,2021-08-23 23:30:00,520103
Nodar Kukava_704635699,Nodar Kukava,-2,0,38,37,1,75,2021-08-23 23:35:00,520104
Sergii Lugovskyi_1723396563,Sergii Lugovskyi,-1,0,50,49,1,99,2021-08-23 23:45:00,520105
D Sayanov_128674,D Sayanov,-3,0,23,34,-11,57,2021-08-23 23:45:00,520106
J Veselka_28910,J Veselka,2,1,41,27,14,68,2021-08-23 23:49:00,520107
Oleksandr Maselskyi_177390,Oleksandr Maselskyi,-3,0,18,33,-15,51,2021-08-23 23:50:00,520108
A Ilin_128606,A Ilin,-1,0,49,50,-1,99,2021-08-23 23:57:00,520109
Martin Juhasz_177647,Martin Juhasz,-3,0,23,33,-10,56,2021-08-24 00:00:00,520110
D Evlahin_128641,D Evlahin,-1,0,51,51,0,102,2021-08-24 00:02:00,520111
Andrey Movin_950982636,Andrey Movin,-2,0,38,41,-3,79,2021-08-24 00:05:00,520112
V Safonov_128675,V Safonov,3,1,33,16,17,49,2021-08-24 00:15:00,520113
R Hasmanda_28947,R Hasmanda,1,1,53,43,10,96,2021-08-24 00:15:00,520114
Mykola Tovkach_1834547473,Mykola Tovkach,1,1,45,44,1,89,2021-08-24 00:15:00,520115
Andrii Dekhtiarenko_177649,Andrii Dekhtiarenko,-3,0,14,33,-19,47,2021-08-24 00:20:00,520116
Borys Kostiuk_177315,Borys Kostiuk,-3,0,26,36,-10,62,2021-08-24 00:25:00,520117
Petr Kubat_177648,Petr Kubat,1,1,48,41,7,89,2021-08-24 00:30:00,520118
K Churin_128642,K Churin,-3,0,16,33,-17,49,2021-08-24 00:31:00,520119
Nodar Kukava_364433944,Nodar Kukava,-1,0,45,49,-4,94,2021-08-24 00:35:00,520120
S Myagkov_128607,S Myagkov,-3,0,21,35,-14,56,2021-08-24 00:38:00,520121
Sergii Lugovskyi_1266202027,Sergii Lugovskyi,-3,0,26,36,-10,62,2021-08-24 00:45:00,520122
A Volkov_128676,A Volkov,-1,0,44,50,-6,94,2021-08-24 00:46:00,520123
Eduard Populovskyi_177650,Eduard Populovskyi,2,1,42,31,11,73,2021-08-24 00:50:00,520124
Serhii Levin_177316,Serhii Levin,2,1,47,34,13,81,2021-08-24 00:55:00,520125
M-n Regner_28948,M-n Regner,3,1,37,29,8,66,2021-08-24 00:55:00,520126
K Malahov_128608,K Malahov,1,1,46,49,-3,95,2021-08-24 00:58:00,520127
Oleksii Tkachuk_1657396292,Oleksii Tkachuk,-3,0,25,34,-9,59,2021-08-24 01:00:00,520128
D Korneev_128643,D Korneev,2,1,40,35,5,75,2021-08-24 01:00:00,520129
Andrey Movin_829753488,Andrey Movin,2,1,43,33,10,76,2021-08-24 01:05:00,520130
Mykola Tovkach_1650112038,Mykola Tovkach,-2,0,36,41,-5,77,2021-08-24 01:15:00,520131
S Martyukhin_128677,S Martyukhin,1,1,52,48,4,100,2021-08-24 01:19:00,520132
Hryhorii Kulishov_177317,Hryhorii Kulishov,-1,0,53,60,-7,113,2021-08-24 01:25:00,520133
Yaroslav Vorsuliak_703500395,Yaroslav Vorsuliak,1,1,55,44,11,99,2021-08-24 01:30:00,520134
D Evlahin_128644,D Evlahin,2,1,40,32,8,72,2021-08-24 01:30:00,520135
V Sidorin_128609,V Sidorin,-1,0,43,49,-6,92,2021-08-24 01:32:00,520136
Nodar Kukava_57252244,Nodar Kukava,-1,0,48,55,-7,103,2021-08-24 01:35:00,520137
Sergii Lugovskyi_1796047294,Sergii Lugovskyi,3,1,34,22,12,56,2021-08-24 01:45:00,520138
Serhii Levin_177318,Serhii Levin,2,1,43,35,8,78,2021-08-24 01:55:00,520139
V Safonov_128678,V Safonov,1,1,45,44,1,89,2021-08-24 01:56:00,520140
S Myagkov_128610,S Myagkov,-3,0,21,33,-12,54,2021-08-24 01:59:00,520141
D Korneev_128645,D Korneev,-2,0,34,40,-6,74,2021-08-24 01:59:00,520142
Oleksii Tkachuk_1616759915,Oleksii Tkachuk,2,1,37,33,4,70,2021-08-24 02:00:00,520143
Viacheslav Yarovoi_1511465789,Viacheslav Yarovoi,1,1,50,46,4,96,2021-08-24 02:05:00,520144
Andrii Tsikhotskyi_616601653,Andrii Tsikhotskyi,-2,0,32,39,-7,71,2021-08-24 02:15:00,520145
V Sidorin_128611,V Sidorin,1,1,50,41,9,91,2021-08-24 02:20:00,520146
Borys Kostiuk_177319,Borys Kostiuk,-2,0,27,44,-17,71,2021-08-24 02:25:00,520147
V Kalachev_128646,V Kalachev,-3,0,23,33,-10,56,2021-08-24 02:30:00,520148
Yaroslav Vorsuliak_1138003872,Yaroslav Vorsuliak,-3,0,14,33,-19,47,2021-08-24 02:30:00,520149
S Martyukhin_128679,S Martyukhin,3,1,36,29,7,65,2021-08-24 02:32:00,520150
Nodar Kukava_324068259,Nodar Kukava,3,1,33,11,22,44,2021-08-24 02:35:00,520151
Mykola Tovkach_1361196829,Mykola Tovkach,-2,0,35,44,-9,79,2021-08-24 02:45:00,520152
O Kutuzov_128612,O Kutuzov,3,1,33,20,13,53,2021-08-24 02:48:00,520153
Pavlo Khakhamidi_177320,Pavlo Khakhamidi,3,1,33,22,11,55,2021-08-24 02:55:00,520154
Yu Merkushin_128680,Yu Merkushin,-2,0,33,40,-7,73,2021-08-24 02:59:00,520155
Oleksii Tkachuk_2049040494,Oleksii Tkachuk,3,1,33,21,12,54,2021-08-24 03:00:00,520156
K Churin_128647,K Churin,2,1,42,33,9,75,2021-08-24 03:00:00,520157
Andrey Movin_819091397,Andrey Movin,-3,0,18,33,-15,51,2021-08-24 03:05:00,520158
Sergii Lugovskyi_1266236613,Sergii Lugovskyi,3,1,33,18,15,51,2021-08-24 03:15:00,520159
K Malahov_128613,K Malahov,-2,0,28,38,-10,66,2021-08-24 03:15:00,520160
A Volkov_128681,A Volkov,1,1,44,47,-3,91,2021-08-24 03:21:00,520161
Hryhorii Kulishov_177321,Hryhorii Kulishov,3,1,36,26,10,62,2021-08-24 03:25:00,520162
Dmytro Zeniuk_73753839,Dmytro Zeniuk,-1,0,52,57,-5,109,2021-08-24 03:30:00,520163
E Ilyukhin_128648,E Ilyukhin,3,1,33,19,14,52,2021-08-24 03:30:00,520164
Nodar Kukava_364537595,Nodar Kukava,-1,0,39,44,-5,83,2021-08-24 03:35:00,520165
A Ilin_128614,A Ilin,2,1,42,32,10,74,2021-08-24 03:45:00,520166
Mykola Tovkach_1834573871,Mykola Tovkach,-2,0,36,46,-10,82,2021-08-24 03:45:00,520167
Serhii Levin_177322,Serhii Levin,3,1,35,27,8,62,2021-08-24 03:55:00,520168
Yevhenii Faflei_874931667,Yevhenii Faflei,1,1,51,47,4,98,2021-08-24 04:00:00,520169
V Kalachev_128649,V Kalachev,-3,0,27,34,-7,61,2021-08-24 04:00:00,520170
D Sayanov_128682,D Sayanov,-3,0,14,33,-19,47,2021-08-24 04:03:00,520171
Andrey Movin_829715437,Andrey Movin,-3,0,23,37,-14,60,2021-08-24 04:05:00,520172
O Kutuzov_128615,O Kutuzov,-3,0,21,33,-12,54,2021-08-24 04:15:00,520173
Sergii Lugovskyi_1795870878,Sergii Lugovskyi,2,1,42,36,6,78,2021-08-24 04:15:00,520174
Yu Merkushin_128683,Yu Merkushin,2,1,43,32,11,75,2021-08-24 04:19:00,520175
Borys Kostiuk_177323,Borys Kostiuk,-3,0,20,34,-14,54,2021-08-24 04:25:00,520176
K Churin_128834,K Churin,3,1,33,13,20,46,2021-08-24 04:30:00,520177
Oleksii Tkachuk_1657644582,Oleksii Tkachuk,3,1,33,9,24,42,2021-08-24 04:30:00,520178
Nodar Kukava_827150291,Nodar Kukava,-2,0,31,44,-13,75,2021-08-24 04:35:00,520179
Mykola Tovkach_1650358150,Mykola Tovkach,-1,0,46,47,-1,93,2021-08-24 04:45:00,520180
A Volkov_128838,A Volkov,-2,0,32,42,-10,74,2021-08-24 04:46:00,520181
A Ilin_128836,A Ilin,-2,0,24,40,-16,64,2021-08-24 04:47:00,520182
Pavlo Khakhamidi_177324,Pavlo Khakhamidi,1,1,47,38,9,85,2021-08-24 04:55:00,520183
D Evlahin_128835,D Evlahin,2,1,42,28,14,70,2021-08-24 05:00:00,520184
Yevhenii Faflei_1812418060,Yevhenii Faflei,1,1,55,52,3,107,2021-08-24 05:00:00,520185
Viacheslav Yarovoi_1511427606,Viacheslav Yarovoi,-2,0,31,41,-10,72,2021-08-24 05:05:00,520186
K Malahov_128837,K Malahov,-3,0,25,36,-11,61,2021-08-24 05:15:00,520187
Roman Rybachuk_1964839964,Roman Rybachuk,-3,0,26,34,-8,60,2021-08-24 05:15:00,520188
Yu Merkushin_128839,Yu Merkushin,1,1,53,51,2,104,2021-08-24 05:16:00,520189
Hryhorii Kulishov_177325,Hryhorii Kulishov,-2,0,32,36,-4,68,2021-08-24 05:25:00,520190
Oleksii Tkachuk_2048823849,Oleksii Tkachuk,3,1,34,27,7,61,2021-08-24 05:30:00,520191
Borys Kostiuk_177326,Borys Kostiuk,3,1,35,26,9,61,2021-08-24 05:55:00,520192
Yevhenii Faflei_94437431,Yevhenii Faflei,1,1,50,47,3,97,2021-08-24 06:00:00,520193
Serhii Sokolov_177327,Serhii Sokolov,3,1,33,21,12,54,2021-08-24 06:25:00,520194
Yaroslav Vorsuliak_745552144,Yaroslav Vorsuliak,-2,0,32,41,-9,73,2021-08-24 06:30:00,520195
Borys Kostiuk_177328,Borys Kostiuk,-1,0,32,50,-18,82,2021-08-24 06:55:00,520196
Serhii Levin_177329,Serhii Levin,2,1,38,33,5,71,2021-08-24 07:25:00,520197
G Karpovkin_128748,G Karpovkin,-1,0,50,56,-6,106,2021-08-24 07:34:00,520198
A Fedorov_128714,A Fedorov,2,1,39,29,10,68,2021-08-24 07:47:00,520199
A Lobanov_128786,A Lobanov,2,1,39,32,7,71,2021-08-24 07:48:00,520200
Dmytro Alekseenko_968195246,Dmytro Alekseenko,3,1,33,15,18,48,2021-08-24 07:50:00,520201
Serhii Rak_177404,Serhii Rak,-3,0,19,34,-15,53,2021-08-24 07:50:00,520202
Kyrylo Yehorov_1452399846,Kyrylo Yehorov,1,1,55,46,9,101,2021-08-24 07:55:00,520203
Ivan Efimenko_177419,Ivan Efimenko,1,1,44,42,2,86,2021-08-24 08:00:00,520204
O Belugin_128749,O Belugin,-3,0,21,33,-12,54,2021-08-24 08:02:00,520205
Vitalii Kyilo_177429,Vitalii Kyilo,3,1,33,17,16,50,2021-08-24 08:05:00,520206
Andrii Obishchenko_177439,Andrii Obishchenko,3,1,35,22,13,57,2021-08-24 08:10:00,520207
Serhii Solomko_177449,Serhii Solomko,2,1,38,30,8,68,2021-08-24 08:15:00,520208
S Lanovenko_128715,S Lanovenko,-1,0,47,51,-4,98,2021-08-24 08:15:00,520209
I Novikov_128787,I Novikov,-3,0,22,34,-12,56,2021-08-24 08:16:00,520210
Denys Pesternikov_177405,Denys Pesternikov,3,1,33,17,16,50,2021-08-24 08:20:00,520211
Igor Sukovatyi_1988023578,Igor Sukovatyi,2,1,43,37,6,80,2021-08-24 08:25:00,520212
Dmytro Kryshtal_400198460,Dmytro Kryshtal,-2,0,29,41,-12,70,2021-08-24 08:30:00,520213
Andrii Matiushenko_177420,Andrii Matiushenko,3,1,35,21,14,56,2021-08-24 08:30:00,520214
I Sergeevich_128750,I Sergeevich,-1,0,55,46,9,101,2021-08-24 08:31:00,520215
Anatolii Zapletniuk_1089353180,Anatolii Zapletniuk,-1,0,41,51,-10,92,2021-08-24 08:35:00,520216
Mykhailo Diachenko_177430,Mykhailo Diachenko,-1,0,46,48,-2,94,2021-08-24 08:35:00,520217
Oleh Furman_1264082605,Oleh Furman,-1,0,45,48,-3,93,2021-08-24 08:40:00,520218
Sergii Skhabitskiy_177440,Sergii Skhabitskiy,-1,0,44,46,-2,90,2021-08-24 08:40:00,520219
Dmytro Patalakha_177450,Dmytro Patalakha,2,1,41,35,6,76,2021-08-24 08:45:00,520220
Andrii Kotik_1666855022,Andrii Kotik,3,1,33,12,21,45,2021-08-24 08:45:00,520221
V Kalachev_128788,V Kalachev,2,1,43,27,16,70,2021-08-24 08:46:00,520222
Andrii Dekhtiarenko_177464,Andrii Dekhtiarenko,-2,0,34,41,-7,75,2021-08-24 08:50:00,520223
Andrii Hordii_610020183,Andrii Hordii,-2,0,29,40,-11,69,2021-08-24 08:50:00,520224
Oleh Bindas_177406,Oleh Bindas,3,1,37,28,9,65,2021-08-24 08:50:00,520225
S Muslikov_128716,S Muslikov,1,1,49,46,3,95,2021-08-24 08:54:00,520226
Maksym Tytskyi_177474,Maksym Tytskyi,1,1,48,40,8,88,2021-08-24 08:55:00,520227
Valentyn Yunchyk_933539113,Valentyn Yunchyk,-2,0,40,40,0,80,2021-08-24 08:55:00,520228
Oleksandr Zhuravlov_731311825,Oleksandr Zhuravlov,-1,0,52,54,-2,106,2021-08-24 08:55:00,520229
Ivan Efimenko_177421,Ivan Efimenko,3,1,34,25,9,59,2021-08-24 09:00:00,520230
F Just_28919,F Just,2,1,43,35,8,78,2021-08-24 09:00:00,520231
Vladyslav-Ivan Sheremeta_177489,Vladyslav-Ivan Sheremeta,-3,0,16,33,-17,49,2021-08-24 09:00:00,520232
Artur Akopyan_177610,Artur Akopyan,3,1,33,20,13,53,2021-08-24 09:00:00,520233
Dmytro Alekseenko_1732587096,Dmytro Alekseenko,-3,0,16,33,-17,49,2021-08-24 09:00:00,520234
V Zhigalov_128751,V Zhigalov,-1,0,40,44,-4,84,2021-08-24 09:03:00,520235
Vitalii Kyilo_177431,Vitalii Kyilo,2,1,37,31,6,68,2021-08-24 09:05:00,520236
Serhii Kinash_1904835180,Serhii Kinash,2,1,43,36,7,79,2021-08-24 09:05:00,520237
Serhii Illiushchenko_181166818,Serhii Illiushchenko,3,1,33,19,14,52,2021-08-24 09:10:00,520238
Andrii Obishchenko_177441,Andrii Obishchenko,-2,0,25,39,-14,64,2021-08-24 09:10:00,520239
Dmytro Khairov_177451,Dmytro Khairov,-1,0,47,48,-1,95,2021-08-24 09:15:00,520240
Anatolii Hritchenko_1336159927,Anatolii Hritchenko,1,1,45,40,5,85,2021-08-24 09:15:00,520241
V Putilovsky_128789,V Putilovsky,-3,0,15,33,-18,48,2021-08-24 09:16:00,520242
Serhii Berezynskyi_1899945184,Serhii Berezynskyi,-2,0,27,39,-12,66,2021-08-24 09:20:00,520243
Yevhen Churpita_177465,Yevhen Churpita,-3,0,26,35,-9,61,2021-08-24 09:20:00,520244
Denys Pesternikov_177407,Denys Pesternikov,1,1,54,46,8,100,2021-08-24 09:20:00,520245
A Savinskiy_128717,A Savinskiy,-3,0,18,33,-15,51,2021-08-24 09:23:00,520246
Serhii Bondarenko_177475,Serhii Bondarenko,3,1,34,27,7,61,2021-08-24 09:25:00,520247
Nazarii Danyliuk_1810174724,Nazarii Danyliuk,-1,0,34,46,-12,80,2021-08-24 09:25:00,520248
Serhii Prus_177490,Serhii Prus,3,1,33,11,22,44,2021-08-24 09:30:00,520249
Roman Cherevko_317273806,Roman Cherevko,3,1,35,25,10,60,2021-08-24 09:30:00,520250
Vaclav Coubal_177611,Vaclav Coubal,-3,0,25,34,-9,59,2021-08-24 09:30:00,520251
Ivan Fedoryshyn_177422,Ivan Fedoryshyn,1,1,48,46,2,94,2021-08-24 09:30:00,520252
J Pozarsky_28920,J Pozarsky,-3,0,15,33,-18,48,2021-08-24 09:30:00,520253
Serhii Poliakov_43744543,Serhii Poliakov,3,1,33,20,13,53,2021-08-24 09:30:00,520254
I Sergeevich_128752,I Sergeevich,1,1,57,52,5,109,2021-08-24 09:31:00,520255
Andrii Shcherbak_177432,Andrii Shcherbak,3,1,35,23,12,58,2021-08-24 09:35:00,520256
Anton Veliiev_399730849,Anton Veliiev,-1,0,48,47,1,95,2021-08-24 09:35:00,520257
Dmytro Kryshtal_649069023,Dmytro Kryshtal,-1,0,53,47,6,100,2021-08-24 09:40:00,520258
Dmytro Chernyshov_177442,Dmytro Chernyshov,2,1,41,34,7,75,2021-08-24 09:40:00,520259
Anatolii Zapletniuk_300622327,Anatolii Zapletniuk,-2,0,35,44,-9,79,2021-08-24 09:45:00,520260
S Muslikov_128718,S Muslikov,1,1,49,37,12,86,2021-08-24 09:45:00,520261
Dmytro Patalakha_177452,Dmytro Patalakha,2,1,44,30,14,74,2021-08-24 09:45:00,520262
V Kalachev_128790,V Kalachev,2,1,41,31,10,72,2021-08-24 09:46:00,520263
Serhii Rak_177408,Serhii Rak,-3,0,20,37,-17,57,2021-08-24 09:50:00,520264
Oleh Furman_1815634799,Oleh Furman,3,1,35,22,13,57,2021-08-24 09:50:00,520265
Andrii Dekhtiarenko_177466,Andrii Dekhtiarenko,-3,0,12,33,-21,45,2021-08-24 09:50:00,520266
Andrii Kotik_793540639,Andrii Kotik,-2,0,31,41,-10,72,2021-08-24 09:55:00,520267
Oleksandr Liushnia_177476,Oleksandr Liushnia,1,1,51,43,8,94,2021-08-24 09:55:00,520268
Andrii Hordii_217381268,Andrii Hordii,-2,0,36,46,-10,82,2021-08-24 10:00:00,520269
Vladyslav-Ivan Sheremeta_177491,Vladyslav-Ivan Sheremeta,3,1,33,16,17,49,2021-08-24 10:00:00,520270
Vaclav Coubal_177612,Vaclav Coubal,-1,0,43,53,-10,96,2021-08-24 10:00:00,520271
Andrii Matiushenko_177423,Andrii Matiushenko,2,1,38,32,6,70,2021-08-24 10:00:00,520272
Jo Belovsky_28921,Jo Belovsky,-1,0,54,54,0,108,2021-08-24 10:01:00,520273
Valentyn Yunchyk_400056716,Valentyn Yunchyk,3,1,33,21,12,54,2021-08-24 10:05:00,520274
Oleksandr Zhuravlov_228053443,Oleksandr Zhuravlov,3,1,35,29,6,64,2021-08-24 10:05:00,520275
Mykhailo Diachenko_177433,Mykhailo Diachenko,3,1,36,26,10,62,2021-08-24 10:05:00,520276
O Belugin_128753,O Belugin,-2,0,39,45,-6,84,2021-08-24 10:07:00,520277
Sergii Skhabitskiy_177443,Sergii Skhabitskiy,3,1,33,19,14,52,2021-08-24 10:10:00,520278
Igor Sukovatyi_1310063080,Igor Sukovatyi,-3,0,27,36,-9,63,2021-08-24 10:10:00,520279
Serhii Solomko_177453,Serhii Solomko,-2,0,36,45,-9,81,2021-08-24 10:15:00,520280
Kyrylo Yehorov_311477729,Kyrylo Yehorov,-1,0,41,52,-11,93,2021-08-24 10:15:00,520281
I Novikov_128791,I Novikov,1,1,49,45,4,94,2021-08-24 10:16:00,520282
S Lanovenko_128719,S Lanovenko,-1,0,46,55,-9,101,2021-08-24 10:16:00,520283
Serhii Illiushchenko_1731306631,Serhii Illiushchenko,-3,0,22,33,-11,55,2021-08-24 10:20:00,520284
Nazar Mosiuk_177409,Nazar Mosiuk,-2,0,26,38,-12,64,2021-08-24 10:20:00,520285
Oleksandr Maselskyi_177467,Oleksandr Maselskyi,2,1,43,29,14,72,2021-08-24 10:20:00,520286
Serhii Bondarenko_177477,Serhii Bondarenko,-1,0,40,51,-11,91,2021-08-24 10:25:00,520287
Oleg Mikluha_1872104708,Oleg Mikluha,2,1,43,31,12,74,2021-08-24 10:25:00,520288
Artur Akopyan_177613,Artur Akopyan,1,1,56,45,11,101,2021-08-24 10:30:00,520289
Serhii Berezynskyi_35372996,Serhii Berezynskyi,-2,0,32,44,-12,76,2021-08-24 10:30:00,520290
Oleh Holiak_177492,Oleh Holiak,3,1,33,19,14,52,2021-08-24 10:30:00,520291
Ivan Efimenko_177424,Ivan Efimenko,3,1,34,26,8,60,2021-08-24 10:30:00,520292
Vitalii Kyilo_177434,Vitalii Kyilo,2,1,43,34,9,77,2021-08-24 10:35:00,520293
Vasyl Kushnir_895806981,Vasyl Kushnir,-2,0,39,40,-1,79,2021-08-24 10:35:00,520294
V Havlicek_28922,V Havlicek,3,1,33,18,15,51,2021-08-24 10:36:00,520295
O Belugin_128840,O Belugin,1,1,43,44,-1,87,2021-08-24 10:38:00,520296
Oleg Moshynskyy_157641588,Oleg Moshynskyy,3,1,34,25,9,59,2021-08-24 10:40:00,520297
Andrii Obishchenko_177444,Andrii Obishchenko,-2,0,32,44,-12,76,2021-08-24 10:40:00,520298
Roman Cherevko_1727783943,Roman Cherevko,-2,0,30,41,-11,71,2021-08-24 10:40:00,520299
Dmytro Alekseenko_28031675,Dmytro Alekseenko,-2,0,36,44,-8,80,2021-08-24 10:45:00,520300
Serhii Burdelnyi_177454,Serhii Burdelnyi,2,1,36,29,7,65,2021-08-24 10:45:00,520301
Oleksandr Dziabura_1631996972,Oleksandr Dziabura,-1,0,45,51,-6,96,2021-08-24 10:50:00,520302
Oleh Bindas_177410,Oleh Bindas,2,1,46,36,10,82,2021-08-24 10:50:00,520303
Yevhen Churpita_177468,Yevhen Churpita,-3,0,21,34,-13,55,2021-08-24 10:50:00,520304
Anatolii Zapletniuk_1921574028,Anatolii Zapletniuk,-1,0,46,51,-5,97,2021-08-24 10:55:00,520305
Maksym Tytskyi_177478,Maksym Tytskyi,3,1,33,21,12,54,2021-08-24 10:55:00,520306
V Putilovsky_128842,V Putilovsky,-2,0,27,36,-9,63,2021-08-24 10:55:00,520307
Andrii Matiushenko_177425,Andrii Matiushenko,2,1,43,36,7,79,2021-08-24 11:00:00,520308
Jo Belovsky_28923,Jo Belovsky,-2,0,33,39,-6,72,2021-08-24 11:00:00,520309
Serhii Prus_177493,Serhii Prus,3,1,34,20,14,54,2021-08-24 11:00:00,520310
A Savinskiy_128844,A Savinskiy,-2,0,34,43,-9,77,2021-08-24 11:00:00,520311
David Picha_177614,David Picha,2,1,35,29,6,64,2021-08-24 11:00:00,520312
Anatolii Hritchenko_1321335157,Anatolii Hritchenko,2,1,44,36,8,80,2021-08-24 11:00:00,520313
G Karpovkin_128841,G Karpovkin,3,1,34,25,9,59,2021-08-24 11:01:00,520314
Andrii Kotik_1521753136,Andrii Kotik,3,1,35,26,9,61,2021-08-24 11:05:00,520315
Mykhailo Diachenko_177435,Mykhailo Diachenko,-3,0,20,34,-14,54,2021-08-24 11:05:00,520316
Nazarii Danyliuk_61609275,Nazarii Danyliuk,1,1,55,53,2,108,2021-08-24 11:10:00,520317
Sergii Skhabitskiy_177445,Sergii Skhabitskiy,-3,0,20,33,-13,53,2021-08-24 11:10:00,520318
Dmytro Khairov_177455,Dmytro Khairov,2,1,42,29,13,71,2021-08-24 11:15:00,520319
Valentyn Yunchyk_1109297944,Valentyn Yunchyk,-3,0,23,33,-10,56,2021-08-24 11:15:00,520320
Serhii Poliakov_256813891,Serhii Poliakov,-3,0,21,33,-12,54,2021-08-24 11:15:00,520321
I Novikov_128843,I Novikov,-1,0,46,48,-2,94,2021-08-24 11:17:00,520322
A Fedorov_128845,A Fedorov,-1,0,50,49,1,99,2021-08-24 11:19:00,520323
Andrii Dekhtiarenko_177469,Andrii Dekhtiarenko,-2,0,41,44,-3,85,2021-08-24 11:20:00,520324
Anton Veliiev_1049417005,Anton Veliiev,-2,0,34,41,-7,75,2021-08-24 11:20:00,520325
Denys Pesternikov_177411,Denys Pesternikov,1,1,46,39,7,85,2021-08-24 11:20:00,520326
Oleksandr Gomilko_177479,Oleksandr Gomilko,1,1,52,47,5,99,2021-08-24 11:25:00,520327
Serhii Kinash_87205197,Serhii Kinash,-2,0,44,42,2,86,2021-08-24 11:25:00,520328
Vladyslav-Ivan Sheremeta_177494,Vladyslav-Ivan Sheremeta,2,1,42,28,14,70,2021-08-24 11:30:00,520329
Anton Myrza_1570263884,Anton Myrza,-2,0,32,43,-11,75,2021-08-24 11:30:00,520330
Artur Akopyan_177615,Artur Akopyan,3,1,34,22,12,56,2021-08-24 11:30:00,520331
J Pozarsky_28924,J Pozarsky,-2,0,33,37,-4,70,2021-08-24 11:30:00,520332
Ivan Fedoryshyn_177426,Ivan Fedoryshyn,2,1,44,33,11,77,2021-08-24 11:30:00,520333
A Kozlov_128754,A Kozlov,2,1,42,33,9,75,2021-08-24 11:33:00,520334
Andrii Shcherbak_177436,Andrii Shcherbak,-2,0,25,42,-17,67,2021-08-24 11:35:00,520335
Oleh Furman_1796714942,Oleh Furman,1,1,49,40,9,89,2021-08-24 11:35:00,520336
Dmytro Vakhta_1713307492,Dmytro Vakhta,1,1,55,53,2,108,2021-08-24 11:40:00,520337
Dmytro Chernyshov_177446,Dmytro Chernyshov,-1,0,46,47,-1,93,2021-08-24 11:40:00,520338
Dmytro Patalakha_177456,Dmytro Patalakha,-1,0,39,44,-5,83,2021-08-24 11:45:00,520339
Andrii Hordii_537529788,Andrii Hordii,-3,0,22,33,-11,55,2021-08-24 11:45:00,520340
A Kazakov_128792,A Kazakov,-1,0,43,46,-3,89,2021-08-24 11:49:00,520341
Serhii Boiko_1002970268,Serhii Boiko,-1,0,37,44,-7,81,2021-08-24 11:50:00,520342
Serhii Rak_177412,Serhii Rak,1,1,49,43,6,92,2021-08-24 11:50:00,520343
Yevhen Churpita_177470,Yevhen Churpita,-3,0,24,34,-10,58,2021-08-24 11:50:00,520344
Oleksandr Zhuravlov_149340284,Oleksandr Zhuravlov,-2,0,30,40,-10,70,2021-08-24 11:50:00,520345
P Vshivkov_128720,P Vshivkov,2,1,41,31,10,72,2021-08-24 11:54:00,520346
Igor Sukovatyi_1572610519,Igor Sukovatyi,-1,0,37,47,-10,84,2021-08-24 11:55:00,520347
Oleksandr Liushnia_177480,Oleksandr Liushnia,-1,0,44,50,-6,94,2021-08-24 11:55:00,520348
Ivan Efimenko_177427,Ivan Efimenko,-1,0,43,51,-8,94,2021-08-24 12:00:00,520349
Serhii Prus_177495,Serhii Prus,3,1,33,21,12,54,2021-08-24 12:00:00,520350
Dmytro Kryshtal_1641171273,Dmytro Kryshtal,3,1,33,17,16,50,2021-08-24 12:00:00,520351
S Martyukhin_128755,S Martyukhin,-2,0,33,37,-4,70,2021-08-24 12:01:00,520352
J Pozarsky_28949,J Pozarsky,-2,0,30,39,-9,69,2021-08-24 12:01:00,520353
Serhii Illiushchenko_1748805060,Serhii Illiushchenko,1,1,53,42,11,95,2021-08-24 12:05:00,520354
Vitalii Kyilo_177437,Vitalii Kyilo,3,1,33,17,16,50,2021-08-24 12:05:00,520355
Jan Tomanec_177661,Jan Tomanec,-3,0,17,33,-16,50,2021-08-24 12:05:00,520356
Oleg Mikluha_1916270834,Oleg Mikluha,-2,0,33,40,-7,73,2021-08-24 12:10:00,520357
Andrii Obishchenko_177447,Andrii Obishchenko,3,1,33,22,11,55,2021-08-24 12:10:00,520358
Serhii Solomko_177457,Serhii Solomko,-1,0,43,41,2,84,2021-08-24 12:15:00,520359
Serhii Berezynskyi_611191244,Serhii Berezynskyi,1,1,49,45,4,94,2021-08-24 12:15:00,520360
E Makarenkov_128793,E Makarenkov,1,1,41,34,7,75,2021-08-24 12:16:00,520361
A Kolmin_128721,A Kolmin,2,1,41,34,7,75,2021-08-24 12:19:00,520362
Oleksandr Maselskyi_177471,Oleksandr Maselskyi,-3,0,22,33,-11,55,2021-08-24 12:20:00,520363
Vasyl Kushnir_329724834,Vasyl Kushnir,3,1,33,14,19,47,2021-08-24 12:20:00,520364
Nazar Mosiuk_177413,Nazar Mosiuk,3,1,33,24,9,57,2021-08-24 12:20:00,520365
Serhii Bondarenko_177481,Serhii Bondarenko,3,1,33,16,17,49,2021-08-24 12:25:00,520366
Oleg Moshynskyy_187364037,Oleg Moshynskyy,-3,0,21,33,-12,54,2021-08-24 12:25:00,520367
Valentyn Yunchyk_1416033399,Valentyn Yunchyk,-2,0,45,48,-3,93,2021-08-24 12:25:00,520368
Denys Nemchenko_934170602,Denys Nemchenko,3,1,34,24,10,58,2021-08-24 12:30:00,520369
M Ilichev_128756,M Ilichev,3,1,33,19,14,52,2021-08-24 12:30:00,520370
Andrii Dombrovskyi_177428,Andrii Dombrovskyi,-1,0,43,44,-1,87,2021-08-24 12:30:00,520371
V Havlicek_28950,V Havlicek,1,1,59,52,7,111,2021-08-24 12:30:00,520372
Oleh Holiak_177496,Oleh Holiak,-2,0,32,41,-9,73,2021-08-24 12:30:00,520373
Kyrylo Yehorov_1311118693,Kyrylo Yehorov,1,1,50,50,0,100,2021-08-24 12:35:00,520374
Artur Akopyan_177662,Artur Akopyan,3,1,35,27,8,62,2021-08-24 12:35:00,520375
Andrii Peretiatko_177438,Andrii Peretiatko,1,1,42,38,4,80,2021-08-24 12:35:00,520376
Oleksandr Mytsyk_177448,Oleksandr Mytsyk,3,1,35,23,12,58,2021-08-24 12:40:00,520377
Anatolii Zapletniuk_1351681412,Anatolii Zapletniuk,2,1,40,36,4,76,2021-08-24 12:40:00,520378
Serhii Burdelnyi_177458,Serhii Burdelnyi,3,1,33,17,16,50,2021-08-24 12:45:00,520379
Anatolii Hritchenko_1536715305,Anatolii Hritchenko,3,1,33,19,14,52,2021-08-24 12:45:00,520380
A Zirin_128794,A Zirin,1,1,51,50,1,101,2021-08-24 12:49:00,520381
Andrii Dekhtiarenko_177472,Andrii Dekhtiarenko,3,1,33,24,9,57,2021-08-24 12:50:00,520382
Andrii Kotik_2043638368,Andrii Kotik,1,1,46,43,3,89,2021-08-24 12:50:00,520383
Oleh Bindas_177414,Oleh Bindas,-1,0,47,46,1,93,2021-08-24 12:50:00,520384
A Poprocky_128722,A Poprocky,-1,0,41,49,-8,90,2021-08-24 12:50:00,520385
Nazarii Danyliuk_1695942212,Nazarii Danyliuk,3,1,33,23,10,56,2021-08-24 12:55:00,520386
Maksym Tytskyi_177482,Maksym Tytskyi,1,1,43,40,3,83,2021-08-24 12:55:00,520387
Vladyslav-Ivan Sheremeta_177497,Vladyslav-Ivan Sheremeta,-1,0,55,63,-8,118,2021-08-24 13:00:00,520388
Roman Cherevko_1220578712,Roman Cherevko,-2,0,28,42,-14,70,2021-08-24 13:00:00,520389
D Mikheev_128757,D Mikheev,-2,0,31,37,-6,68,2021-08-24 13:00:00,520390
Serhii Poliakov_2047188639,Serhii Poliakov,-2,0,34,45,-11,79,2021-08-24 13:00:00,520391
Lukas Adamec_177616,Lukas Adamec,-3,0,19,33,-14,52,2021-08-24 13:00:00,520392
Dmytro Alekseenko_370409565,Dmytro Alekseenko,2,1,42,29,13,71,2021-08-24 13:05:00,520393
M Kolar_28925,M Kolar,3,1,36,27,9,63,2021-08-24 13:09:00,520394
Oleksandr Dziabura_1413070348,Oleksandr Dziabura,-2,0,37,46,-9,83,2021-08-24 13:10:00,520395
Dmytro Chernyshov_177665,Dmytro Chernyshov,2,1,42,35,7,77,2021-08-24 13:10:00,520396
Serhii Illiushchenko_137338088,Serhii Illiushchenko,2,1,42,37,5,79,2021-08-24 13:15:00,520397
Andrii Peretiatko_177667,Andrii Peretiatko,1,1,47,42,5,89,2021-08-24 13:15:00,520398
Dmytro Khairov_177459,Dmytro Khairov,-2,0,37,43,-6,80,2021-08-24 13:15:00,520399
Andrii Matiushenko_177663,Andrii Matiushenko,-2,0,32,38,-6,70,2021-08-24 13:15:00,520400
I Mihaylov_128795,I Mihaylov,2,1,43,32,11,75,2021-08-24 13:20:00,520401
Eduard Populovskyi_177473,Eduard Populovskyi,-1,0,44,47,-3,91,2021-08-24 13:20:00,520402
Serhii Rak_177415,Serhii Rak,-3,0,17,33,-16,50,2021-08-24 13:20:00,520403
Andrii Sydorenko_1619234419,Andrii Sydorenko,1,1,53,52,1,105,2021-08-24 13:20:00,520404
O Manuylov_128723,O Manuylov,-1,0,52,54,-2,106,2021-08-24 13:21:00,520405
Oleksandr Gomilko_177483,Oleksandr Gomilko,2,1,41,37,4,78,2021-08-24 13:25:00,520406
Serhii Berezynskyi_492712596,Serhii Berezynskyi,-3,0,22,34,-12,56,2021-08-24 13:25:00,520407
Volodymyr Plishylo_871275051,Volodymyr Plishylo,-1,0,46,47,-1,93,2021-08-24 13:30:00,520408
Ondrej Konvalinka_177617,Ondrej Konvalinka,-3,0,21,33,-12,54,2021-08-24 13:30:00,520409
Ihor Kundeus_177498,Ihor Kundeus,-1,0,46,51,-5,97,2021-08-24 13:30:00,520410
M Ilichev_128758,M Ilichev,1,1,47,45,2,92,2021-08-24 13:32:00,520411
Valentyn Yunchyk_233278868,Valentyn Yunchyk,-1,0,40,46,-6,86,2021-08-24 13:35:00,520412
Oleh Stasevskyi_1899249649,Oleh Stasevskyi,3,1,33,20,13,53,2021-08-24 13:35:00,520413
V Dolezal_28926,V Dolezal,-2,0,29,42,-13,71,2021-08-24 13:36:00,520414
Oleksandr Strutinskiy_177666,Oleksandr Strutinskiy,3,1,33,22,11,55,2021-08-24 13:40:00,520415
Igor Sukovatyi_234643534,Igor Sukovatyi,2,1,41,37,4,78,2021-08-24 13:40:00,520416
Serhii Kinash_460572354,Serhii Kinash,2,1,38,32,6,70,2021-08-24 13:45:00,520417
Rodion Kapinus_177664,Rodion Kapinus,-2,0,32,42,-10,74,2021-08-24 13:45:00,520418
Serhii Solomko_177460,Serhii Solomko,3,1,33,23,10,56,2021-08-24 13:45:00,520419
Andrii Shcherbak_177668,Andrii Shcherbak,-2,0,27,42,-15,69,2021-08-24 13:45:00,520420
A Zirin_128796,A Zirin,-1,0,44,45,-1,89,2021-08-24 13:49:00,520421
Yaroslav Kravets_177416,Yaroslav Kravets,-2,0,31,38,-7,69,2021-08-24 13:50:00,520422
Anatolii Zapletniuk_1102825544,Anatolii Zapletniuk,1,1,46,42,4,88,2021-08-24 13:50:00,520423
Oleh Furman_664937227,Oleh Furman,-1,0,55,59,-4,114,2021-08-24 13:55:00,520424
Oleksandr Liushnia_177484,Oleksandr Liushnia,-2,0,42,47,-5,89,2021-08-24 13:55:00,520425
A Poprocky_128724,A Poprocky,2,1,45,39,6,84,2021-08-24 13:57:00,520426
Andrii Kotik_500154274,Andrii Kotik,1,1,46,46,0,92,2021-08-24 14:00:00,520427
Ondrej Konvalinka_177618,Ondrej Konvalinka,-3,0,26,35,-9,61,2021-08-24 14:00:00,520428
Ja Prokupek_28927,Ja Prokupek,2,1,45,31,14,76,2021-08-24 14:02:00,520429
Andrii Hordii_1394471008,Andrii Hordii,1,1,53,46,7,99,2021-08-24 14:05:00,520430
Eduard Populovskyi_177669,Eduard Populovskyi,-3,0,31,37,-6,68,2021-08-24 14:05:00,520431
S Martyukhin_128759,S Martyukhin,1,1,53,42,11,95,2021-08-24 14:06:00,520432
Roman Cherevko_189873314,Roman Cherevko,-1,0,43,42,1,85,2021-08-24 14:10:00,520433
Oleksandr Zhuravlov_2136519735,Oleksandr Zhuravlov,1,1,58,52,6,110,2021-08-24 14:10:00,520434
Andriy Chermenskyi_1568445817,Andriy Chermenskyi,-2,0,29,41,-12,70,2021-08-24 14:15:00,520435
Vitalii Mukhin_177461,Vitalii Mukhin,-1,0,44,43,1,87,2021-08-24 14:15:00,520436
E Makarenkov_128797,E Makarenkov,3,1,33,16,17,49,2021-08-24 14:17:00,520437
Kyrylo Yehorov_1231310609,Kyrylo Yehorov,1,1,52,51,1,103,2021-08-24 14:20:00,520438
Serhii Rak_177417,Serhii Rak,-1,0,39,55,-16,94,2021-08-24 14:20:00,520439
A Kolmin_128725,A Kolmin,1,1,52,39,13,91,2021-08-24 14:24:00,520440
Maksym Tytskyi_177485,Maksym Tytskyi,1,1,46,48,-2,94,2021-08-24 14:25:00,520441
Serhii Illiushchenko_1104530944,Serhii Illiushchenko,1,1,52,56,-4,108,2021-08-24 14:25:00,520442
Serhii Prus_177671,Serhii Prus,-3,0,25,34,-9,59,2021-08-24 14:25:00,520443
Aleksandr Melnikov_1537753699,Aleksandr Melnikov,-1,0,46,48,-2,94,2021-08-24 14:30:00,520444
Lukas Adamec_177619,Lukas Adamec,-2,0,28,40,-12,68,2021-08-24 14:30:00,520445
R Pavelka_28928,R Pavelka,2,1,44,30,14,74,2021-08-24 14:32:00,520446
Serhii Berezynskyi_774828655,Serhii Berezynskyi,-3,0,25,34,-9,59,2021-08-24 14:35:00,520447
Kostiantyn Seliuk_177670,Kostiantyn Seliuk,3,1,33,20,13,53,2021-08-24 14:35:00,520448
Volodymyr Plishylo_871242251,Volodymyr Plishylo,-2,0,27,40,-13,67,2021-08-24 14:40:00,520449
A Kazakov_128914,A Kazakov,-2,0,35,41,-6,76,2021-08-24 14:45:00,520450
Valentyn Yunchyk_1109265272,Valentyn Yunchyk,-1,0,43,49,-6,92,2021-08-24 14:45:00,520451
Serhii Solomko_177462,Serhii Solomko,1,1,47,44,3,91,2021-08-24 14:45:00,520452
Oleg Moshynskyy_187154949,Oleg Moshynskyy,-3,0,31,37,-6,68,2021-08-24 14:45:00,520453
D Mikheev_128916,D Mikheev,-2,0,35,44,-9,79,2021-08-24 14:49:00,520454
Denys Pesternikov_177418,Denys Pesternikov,-3,0,20,33,-13,53,2021-08-24 14:50:00,520455
Spartak Abalmaz_1914634929,Spartak Abalmaz,1,1,51,44,7,95,2021-08-24 14:55:00,520456
Viktor Kodola_177672,Viktor Kodola,2,1,41,35,6,76,2021-08-24 14:55:00,520457
Yurii Kolesnyk_177486,Yurii Kolesnyk,-1,0,47,48,-1,95,2021-08-24 14:55:00,520458
Anton Myrza_1570121159,Anton Myrza,2,1,38,31,7,69,2021-08-24 15:00:00,520459
Petr Kubat_177620,Petr Kubat,-2,0,31,36,-5,67,2021-08-24 15:00:00,520460
Ja Prokupek_28929,Ja Prokupek,3,1,41,32,9,73,2021-08-24 15:02:00,520461
Andrii Sydorenko_88377266,Andrii Sydorenko,3,1,33,21,12,54,2021-08-24 15:05:00,520462
O Manuylov_128918,O Manuylov,-3,0,23,35,-12,58,2021-08-24 15:05:00,520463
Vadym Nechyporuk_1998397315,Vadym Nechyporuk,3,1,33,19,14,52,2021-08-24 15:10:00,520464
Dmytro Patalakha_177463,Dmytro Patalakha,-2,0,31,39,-8,70,2021-08-24 15:15:00,520465
Nazarii Danyliuk_209362840,Nazarii Danyliuk,2,1,43,37,6,80,2021-08-24 15:15:00,520466
E Makarenkov_128915,E Makarenkov,-2,0,33,40,-7,73,2021-08-24 15:16:00,520467
S Martyukhin_128917,S Martyukhin,2,1,44,25,19,69,2021-08-24 15:17:00,520468
Oleksandr Shpak_177499,Oleksandr Shpak,-2,0,32,39,-7,71,2021-08-24 15:20:00,520469
Oleksandr Zhuravlov_1507559625,Oleksandr Zhuravlov,1,1,43,41,2,84,2021-08-24 15:20:00,520470
Serhii Boiko_1976230893,Serhii Boiko,2,1,38,34,4,72,2021-08-24 15:20:00,520471
Maksym Tytskyi_177487,Maksym Tytskyi,-3,0,24,36,-12,60,2021-08-24 15:25:00,520472
P Vshivkov_128919,P Vshivkov,1,1,46,43,3,89,2021-08-24 15:27:00,520473
Lukas Adamec_177621,Lukas Adamec,2,1,42,28,14,70,2021-08-24 15:30:00,520474
Anatolii Nazarov_177509,Anatolii Nazarov,-2,0,35,42,-7,77,2021-08-24 15:30:00,520475
Kyrylo Yehorov_1654779422,Kyrylo Yehorov,2,1,42,36,6,78,2021-08-24 15:30:00,520476
V Dolezal_28930,V Dolezal,1,1,50,42,8,92,2021-08-24 15:32:00,520477
Serhii Matviienko_1875522617,Serhii Matviienko,1,1,57,58,-1,115,2021-08-24 15:35:00,520478
Serhii Dolyna_177524,Serhii Dolyna,-1,0,46,46,0,92,2021-08-24 15:35:00,520479
Artem Nesterenko_876459508,Artem Nesterenko,-3,0,24,33,-9,57,2021-08-24 15:40:00,520480
Anastasiia Kozak_177539,Anastasiia Kozak,2,1,38,34,4,72,2021-08-24 15:40:00,520481
Nazar Kasianyk_177554,Nazar Kasianyk,3,1,33,22,11,55,2021-08-24 15:45:00,520482
A Golyshev_128798,A Golyshev,2,1,46,35,11,81,2021-08-24 15:46:00,520483
Volodymyr Ivasiv_1209642776,Volodymyr Ivasiv,2,1,40,35,5,75,2021-08-24 15:50:00,520484
Mykola Shyshkin_177500,Mykola Shyshkin,2,1,42,38,4,80,2021-08-24 15:50:00,520485
M Chernyavskiy_128762,M Chernyavskiy,-2,0,33,43,-10,76,2021-08-24 15:53:00,520486
Serhii Bondarenko_177488,Serhii Bondarenko,1,1,52,43,9,95,2021-08-24 15:55:00,520487
Pavlo Plushch_1288649282,Pavlo Plushch,1,1,46,46,0,92,2021-08-24 15:55:00,520488
Illia Valchuk_177510,Illia Valchuk,1,1,49,36,13,85,2021-08-24 16:00:00,520489
I Abelmasov_128726,I Abelmasov,1,1,55,54,1,109,2021-08-24 16:03:00,520490
Volodymyr Butko_177525,Volodymyr Butko,2,1,40,32,8,72,2021-08-24 16:05:00,520491
Jiri Plachy_177906,Jiri Plachy,3,1,35,28,7,63,2021-08-24 16:05:00,520492
Dmytro Kryshtal_1242815819,Dmytro Kryshtal,-2,0,32,41,-9,73,2021-08-24 16:05:00,520493
Nikita Korbut_525972073,Nikita Korbut,-2,0,27,39,-12,66,2021-08-24 16:10:00,520494
Tetiana Zghurska_177540,Tetiana Zghurska,2,1,41,29,12,70,2021-08-24 16:10:00,520495
R Pavelka_28975,R Pavelka,1,1,52,47,5,99,2021-08-24 16:11:00,520496
S Homutov_128799,S Homutov,-1,0,40,44,-4,84,2021-08-24 16:14:00,520497
V Nemashkalo_128763,V Nemashkalo,-1,0,41,48,-7,89,2021-08-24 16:14:00,520498
Andrii Isaiev_841018213,Andrii Isaiev,3,1,33,26,7,59,2021-08-24 16:15:00,520499
Yehor Derun_177555,Yehor Derun,1,1,49,42,7,91,2021-08-24 16:15:00,520500
Igor Vatsyn_744222652,Igor Vatsyn,-3,0,17,33,-16,50,2021-08-24 16:20:00,520501
Oleksandr Shpak_177501,Oleksandr Shpak,-1,0,43,51,-8,94,2021-08-24 16:20:00,520502
Pavlo Khakhamidi_177651,Pavlo Khakhamidi,3,1,33,19,14,52,2021-08-24 16:25:00,520503
Serhij Maksymiv_501683777,Serhij Maksymiv,3,1,33,21,12,54,2021-08-24 16:25:00,520504
Serhii Pokidko_1972665031,Serhii Pokidko,1,1,55,38,17,93,2021-08-24 16:30:00,520505
Valerii Merzlikin_177511,Valerii Merzlikin,-1,0,52,58,-6,110,2021-08-24 16:30:00,520506
Viacheslav Kovalenko_986019018,Viacheslav Kovalenko,3,1,37,28,9,65,2021-08-24 16:35:00,520507
Volodymyr Tymchenko_177526,Volodymyr Tymchenko,-1,0,45,50,-5,95,2021-08-24 16:35:00,520508
Ondrej Konvalinka_177907,Ondrej Konvalinka,2,1,38,33,5,71,2021-08-24 16:35:00,520509
Illia Hubariev_2101477586,Illia Hubariev,2,1,39,33,6,72,2021-08-24 16:40:00,520510
Anastasiia Moskaliuk_177541,Anastasiia Moskaliuk,-2,0,31,42,-11,73,2021-08-24 16:40:00,520511
M Kolar_28976,M Kolar,-2,0,36,43,-7,79,2021-08-24 16:42:00,520512
M Davydov_128727,M Davydov,-3,0,28,36,-8,64,2021-08-24 16:43:00,520513
I Pandur_128764,I Pandur,1,1,50,49,1,99,2021-08-24 16:45:00,520514
Serhii Matviienko_1815597589,Serhii Matviienko,1,1,44,45,-1,89,2021-08-24 16:45:00,520515
Oleh Kuzyshyn_177556,Oleh Kuzyshyn,-3,0,17,33,-16,50,2021-08-24 16:45:00,520516
V Tsvetkov_128800,V Tsvetkov,1,1,54,44,10,98,2021-08-24 16:50:00,520517
Vasyl Moshovskyi_177502,Vasyl Moshovskyi,-2,0,33,39,-6,72,2021-08-24 16:50:00,520518
Artem Nesterenko_78039061,Artem Nesterenko,3,1,34,25,9,59,2021-08-24 16:50:00,520519
Igor Demchuk_1577750400,Igor Demchuk,-2,0,26,41,-15,67,2021-08-24 16:55:00,520520
Serhii Levin_177652,Serhii Levin,-3,0,21,37,-16,58,2021-08-24 16:55:00,520521
Illia Valchuk_177512,Illia Valchuk,-2,0,34,37,-3,71,2021-08-24 17:00:00,520522
Volodymyr Ivasiv_1201289339,Volodymyr Ivasiv,-1,0,40,49,-9,89,2021-08-24 17:00:00,520523
Dominik Marasek_177635,Dominik Marasek,-2,0,32,42,-10,74,2021-08-24 17:00:00,520524
K Bystrushkin_128728,K Bystrushkin,2,1,37,27,10,64,2021-08-24 17:04:00,520525
Volodymyr Butko_177527,Volodymyr Butko,3,1,33,16,17,49,2021-08-24 17:05:00,520526
Pavlo Plushch_2098082493,Pavlo Plushch,-1,0,48,48,0,96,2021-08-24 17:05:00,520527
Anton Veliiev_791384507,Anton Veliiev,-2,0,34,46,-12,80,2021-08-24 17:10:00,520528
Tetiana Zghurska_177542,Tetiana Zghurska,-1,0,38,45,-7,83,2021-08-24 17:10:00,520529
A Yakovlev_128765,A Yakovlev,-2,0,32,42,-10,74,2021-08-24 17:15:00,520530
Viacheslav Kovalenko_406305376,Viacheslav Kovalenko,-2,0,24,43,-19,67,2021-08-24 17:15:00,520531
Yehor Derun_177557,Yehor Derun,1,1,48,38,10,86,2021-08-24 17:15:00,520532
K Brozik_28931,K Brozik,-3,0,13,33,-20,46,2021-08-24 17:17:00,520533
Mykola Shyshkin_177503,Mykola Shyshkin,3,1,33,15,18,48,2021-08-24 17:20:00,520534
Roman Sukhomlyn_2143038129,Roman Sukhomlyn,3,1,33,18,15,51,2021-08-24 17:20:00,520535
D Andreev_128801,D Andreev,-2,0,34,45,-11,79,2021-08-24 17:20:00,520536
A Agapov_128729,A Agapov,3,1,33,12,21,45,2021-08-24 17:24:00,520537
Andrii Isaiev_19008091,Andrii Isaiev,3,1,35,28,7,63,2021-08-24 17:25:00,520538
Pavlo Khakhamidi_177653,Pavlo Khakhamidi,-1,0,52,47,5,99,2021-08-24 17:25:00,520539
Ondrej Havazik_177636,Ondrej Havazik,2,1,42,32,10,74,2021-08-24 17:30:00,520540
Anatolii Nazarov_177513,Anatolii Nazarov,-1,0,41,47,-6,88,2021-08-24 17:30:00,520541
Igor Vatsyn_1294188624,Igor Vatsyn,-1,0,45,49,-4,94,2021-08-24 17:30:00,520542
L Jindrak_28932,L Jindrak,3,1,37,30,7,67,2021-08-24 17:32:00,520543
Serhii Dolyna_177528,Serhii Dolyna,-3,0,18,33,-15,51,2021-08-24 17:35:00,520544
Ihor Petryshyn_1343172846,Ihor Petryshyn,-1,0,40,46,-6,86,2021-08-24 17:35:00,520545
Anastasiia Kozak_177543,Anastasiia Kozak,3,1,33,12,21,45,2021-08-24 17:40:00,520546
Serhii Pokidko_1977766151,Serhii Pokidko,-3,0,18,33,-15,51,2021-08-24 17:40:00,520547
K Bystrushkin_128730,K Bystrushkin,2,1,38,31,7,69,2021-08-24 17:45:00,520548
Anton Veliiev_1079990635,Anton Veliiev,-3,0,23,33,-10,56,2021-08-24 17:45:00,520549
Nazar Kasianyk_177558,Nazar Kasianyk,3,1,33,23,10,56,2021-08-24 17:45:00,520550
Oleksandr Shpak_177504,Oleksandr Shpak,-3,0,27,38,-11,65,2021-08-24 17:50:00,520551
Viacheslav Kovalenko_1357192571,Viacheslav Kovalenko,-1,0,44,52,-8,96,2021-08-24 17:50:00,520552
V Tsvetkov_128802,V Tsvetkov,2,1,43,34,9,77,2021-08-24 17:51:00,520553
Hryhorii Kulishov_177654,Hryhorii Kulishov,3,1,38,30,8,68,2021-08-24 17:55:00,520554
Nikita Korbut_382146455,Nikita Korbut,3,1,33,13,20,46,2021-08-24 17:55:00,520555
I Pandur_128766,I Pandur,1,1,51,42,9,93,2021-08-24 17:57:00,520556
Ondrej Havazik_177637,Ondrej Havazik,-3,0,20,33,-13,53,2021-08-24 18:00:00,520557
Oleksandr Budnikov_177514,Oleksandr Budnikov,2,1,39,29,10,68,2021-08-24 18:00:00,520558
T Batthyany_28933,T Batthyany,-1,0,44,44,0,88,2021-08-24 18:00:00,520559
Artem Nesterenko_431818686,Artem Nesterenko,1,1,50,53,-3,103,2021-08-24 18:00:00,520560
Samvel Melkumian_262870170,Samvel Melkumian,1,1,60,58,2,118,2021-08-24 18:05:00,520561
Serhii Paksiutov_177529,Serhii Paksiutov,-1,0,45,46,-1,91,2021-08-24 18:05:00,520562
Anastasiia Ostapenko_177544,Anastasiia Ostapenko,-2,0,30,37,-7,67,2021-08-24 18:10:00,520563
Serhij Maksymiv_1902919260,Serhij Maksymiv,2,1,38,34,4,72,2021-08-24 18:10:00,520564
Pavlo Plushch_1640433673,Pavlo Plushch,2,1,36,37,-1,73,2021-08-24 18:15:00,520565
Iurii Bondarenko_177559,Iurii Bondarenko,1,1,50,43,7,93,2021-08-24 18:15:00,520566
M Davydov_128731,M Davydov,-2,0,40,44,-4,84,2021-08-24 18:18:00,520567
S Homutov_128803,S Homutov,3,1,33,19,14,52,2021-08-24 18:18:00,520568
Mykola Shyshkin_177505,Mykola Shyshkin,-3,0,17,34,-17,51,2021-08-24 18:20:00,520569
Viacheslav Kovalenko_35258030,Viacheslav Kovalenko,3,1,33,24,9,57,2021-08-24 18:20:00,520570
Serhii Levin_177655,Serhii Levin,3,1,33,10,23,43,2021-08-24 18:25:00,520571
Illia Hubariev_1080197337,Illia Hubariev,2,1,40,31,9,71,2021-08-24 18:25:00,520572
V Nemashkalo_128767,V Nemashkalo,-1,0,51,55,-4,106,2021-08-24 18:28:00,520573
Serhii Matviienko_1010029763,Serhii Matviienko,-3,0,21,33,-12,54,2021-08-24 18:30:00,520574
Dominik Marasek_177638,Dominik Marasek,1,1,49,42,7,91,2021-08-24 18:30:00,520575
Valerii Merzlikin_177515,Valerii Merzlikin,-2,0,31,40,-9,71,2021-08-24 18:30:00,520576
P Bradac_28934,P Bradac,1,1,49,47,2,96,2021-08-24 18:31:00,520577
Dmytro Belanchyk_1679100134,Dmytro Belanchyk,3,1,36,24,12,60,2021-08-24 18:35:00,520578
Volodymyr Tymchenko_177530,Volodymyr Tymchenko,-2,0,38,40,-2,78,2021-08-24 18:35:00,520579
Igor Demchuk_311786143,Igor Demchuk,2,1,44,38,6,82,2021-08-24 18:40:00,520580
Anastasiia Moskaliuk_177545,Anastasiia Moskaliuk,-2,0,30,37,-7,67,2021-08-24 18:40:00,520581
Oleh Kuzyshyn_177560,Oleh Kuzyshyn,3,1,34,22,12,56,2021-08-24 18:45:00,520582
Volodymyr Ivasiv_893332044,Volodymyr Ivasiv,3,1,33,18,15,51,2021-08-24 18:45:00,520583
M Davydov_128956,M Davydov,-3,0,18,33,-15,51,2021-08-24 18:49:00,520584
D Andreev_128954,D Andreev,-2,0,40,47,-7,87,2021-08-24 18:49:00,520585
Vasyl Moshovskyi_177506,Vasyl Moshovskyi,2,1,44,39,5,83,2021-08-24 18:50:00,520586
Dmytro Derevinskyi_914322295,Dmytro Derevinskyi,2,1,43,33,10,76,2021-08-24 18:50:00,520587
Pavlo Khakhamidi_177656,Pavlo Khakhamidi,-1,0,41,47,-6,88,2021-08-24 18:55:00,520588
Anton Veliiev_1813200773,Anton Veliiev,2,1,44,38,6,82,2021-08-24 18:55:00,520589
Illia Valchuk_177516,Illia Valchuk,2,1,43,34,9,77,2021-08-24 19:00:00,520590
Viacheslav Kovalenko_1428016968,Viacheslav Kovalenko,-3,0,16,33,-17,49,2021-08-24 19:00:00,520591
Jan Blazek_177639,Jan Blazek,-3,0,32,38,-6,70,2021-08-24 19:00:00,520592
T Batthyany_28935,T Batthyany,1,1,43,48,-5,91,2021-08-24 19:02:00,520593
M Chernyavskiy_128958,M Chernyavskiy,2,1,37,39,-2,76,2021-08-24 19:04:00,520594
Roman Sukhomlyn_246285640,Roman Sukhomlyn,1,1,45,49,-4,94,2021-08-24 19:05:00,520595
Volodymyr Butko_177531,Volodymyr Butko,1,1,53,45,8,98,2021-08-24 19:05:00,520596
Tetiana Zghurska_177546,Tetiana Zghurska,-2,0,37,46,-9,83,2021-08-24 19:10:00,520597
Andrii Isaiev_1902644277,Andrii Isaiev,2,1,40,31,9,71,2021-08-24 19:10:00,520598
S Homutov_128955,S Homutov,-2,0,33,46,-13,79,2021-08-24 19:15:00,520599
Igor Vatsyn_1613481956,Igor Vatsyn,-3,0,19,34,-15,53,2021-08-24 19:15:00,520600
I Abelmasov_128957,I Abelmasov,-1,0,48,61,-13,109,2021-08-24 19:15:00,520601
Yehor Derun_177561,Yehor Derun,3,1,33,21,12,54,2021-08-24 19:15:00,520602
Pavlo Babenko_177584,Pavlo Babenko,3,1,33,16,17,49,2021-08-24 19:20:00,520603
Ihor Petryshyn_1482714578,Ihor Petryshyn,1,1,40,39,1,79,2021-08-24 19:20:00,520604
Oleksandr Shpak_177507,Oleksandr Shpak,-2,0,35,42,-7,77,2021-08-24 19:20:00,520605
Pavlo Plushch_1288498637,Pavlo Plushch,2,1,45,42,3,87,2021-08-24 19:25:00,520606
Serhii Levin_177657,Serhii Levin,2,1,42,29,13,71,2021-08-24 19:25:00,520607
V Nemashkalo_128959,V Nemashkalo,-1,0,46,50,-4,96,2021-08-24 19:28:00,520608
L Jindrak_28936,L Jindrak,-2,0,34,42,-8,76,2021-08-24 19:30:00,520609
Dominik Marasek_177640,Dominik Marasek,-1,0,49,51,-2,100,2021-08-24 19:30:00,520610
Anatolii Nazarov_177517,Anatolii Nazarov,-2,0,34,42,-8,76,2021-08-24 19:30:00,520611
Anton Veliiev_1819662411,Anton Veliiev,1,1,56,53,3,109,2021-08-24 19:30:00,520612
Viacheslav Kovalenko_617523996,Viacheslav Kovalenko,-3,0,18,33,-15,51,2021-08-24 19:35:00,520613
Serhii Dolyna_177532,Serhii Dolyna,-2,0,37,41,-4,78,2021-08-24 19:35:00,520614
Nikita Korbut_216111039,Nikita Korbut,-3,0,23,33,-10,56,2021-08-24 19:40:00,520615
Anastasiia Kozak_177547,Anastasiia Kozak,3,1,33,17,16,50,2021-08-24 19:40:00,520616
Artem Nesterenko_938480768,Artem Nesterenko,-3,0,25,33,-8,58,2021-08-24 19:45:00,520617
Nazar Kasianyk_177562,Nazar Kasianyk,1,1,47,46,1,93,2021-08-24 19:45:00,520618
I Buyanin_128820,I Buyanin,-2,0,35,37,-2,72,2021-08-24 19:47:00,520619
Samvel Melkumian_39925221,Samvel Melkumian,1,1,51,49,2,100,2021-08-24 19:50:00,520620
Oleksandr Zaporozhets_177585,Oleksandr Zaporozhets,2,1,42,30,12,72,2021-08-24 19:50:00,520621
Denys Kvyk_177508,Denys Kvyk,2,1,42,28,14,70,2021-08-24 19:50:00,520622
Hryhorii Kulishov_177658,Hryhorii Kulishov,2,1,40,37,3,77,2021-08-24 19:55:00,520623
Serhij Maksymiv_1710962034,Serhij Maksymiv,2,1,43,32,11,75,2021-08-24 19:55:00,520624
Oleksandr Budnikov_177518,Oleksandr Budnikov,2,1,41,35,6,76,2021-08-24 20:00:00,520625
Serhii Pokidko_106049877,Serhii Pokidko,2,1,40,31,9,71,2021-08-24 20:00:00,520626
T Batthyany_28977,T Batthyany,-2,0,33,42,-9,75,2021-08-24 20:02:00,520627
B Grebenyuk_128733,B Grebenyuk,1,1,52,44,8,96,2021-08-24 20:03:00,520628
Maksym Kolos_712890880,Maksym Kolos,-1,0,47,54,-7,101,2021-08-24 20:05:00,520629
Serhii Paksiutov_177533,Serhii Paksiutov,2,1,43,38,5,81,2021-08-24 20:05:00,520630
Anastasiia Ostapenko_177548,Anastasiia Ostapenko,-3,0,18,33,-15,51,2021-08-24 20:10:00,520631
Andrii Selin_2086546084,Andrii Selin,1,1,49,45,4,94,2021-08-24 20:10:00,520632
A Alekseyev_128770,A Alekseyev,-2,0,39,50,-11,89,2021-08-24 20:12:00,520633
Oleksiy Sapronov_1286442721,Oleksiy Sapronov,-2,0,34,40,-6,74,2021-08-24 20:15:00,520634
Jan Blazek_177947,Jan Blazek,-2,0,25,38,-13,63,2021-08-24 20:15:00,520635
Iurii Bondarenko_177563,Iurii Bondarenko,2,1,43,31,12,74,2021-08-24 20:15:00,520636
S Kaplan_128821,S Kaplan,2,1,40,27,13,67,2021-08-24 20:17:00,520637
Pavlo Babenko_177586,Pavlo Babenko,-1,0,37,50,-13,87,2021-08-24 20:20:00,520638
Andrii Isaiev_703215760,Andrii Isaiev,-1,0,38,48,-10,86,2021-08-24 20:20:00,520639
Igor Demchuk_481073153,Igor Demchuk,2,1,43,32,11,75,2021-08-24 20:25:00,520640
Pavlo Khakhamidi_177659,Pavlo Khakhamidi,-3,0,18,33,-15,51,2021-08-24 20:25:00,520641
S Vardanyan_128732,S Vardanyan,1,1,50,39,11,89,2021-08-24 20:28:00,520642
Valerii Merzlikin_177519,Valerii Merzlikin,-1,0,45,44,1,89,2021-08-24 20:30:00,520643
Ivan Synytskyi_139772594,Ivan Synytskyi,3,1,35,26,9,61,2021-08-24 20:30:00,520644
Mykhailo Urban_177949,Mykhailo Urban,-2,0,32,42,-10,74,2021-08-24 20:30:00,520645
K Brozik_28978,K Brozik,2,1,39,30,9,69,2021-08-24 20:30:00,520646
Volodymyr Tymchenko_177534,Volodymyr Tymchenko,-3,0,19,33,-14,52,2021-08-24 20:35:00,520647
Pavlo Plushch_1630113068,Pavlo Plushch,1,1,50,46,4,96,2021-08-24 20:35:00,520648
V Chernov_128771,V Chernov,-2,0,31,43,-12,74,2021-08-24 20:38:00,520649
Anastasiia Moskaliuk_177549,Anastasiia Moskaliuk,-1,0,44,47,-3,91,2021-08-24 20:40:00,520650
Maksym Kolos_1230743049,Maksym Kolos,-3,0,11,33,-22,44,2021-08-24 20:40:00,520651
Jan Srnka _177948,Jan Srnka ,-2,0,24,43,-19,67,2021-08-24 20:45:00,520652
Oleh Kuzyshyn_177564,Oleh Kuzyshyn,-3,0,23,33,-10,56,2021-08-24 20:45:00,520653
Oleksandr Semenets_495260825,Oleksandr Semenets,-1,0,42,51,-9,93,2021-08-24 20:45:00,520654
E Kupryakov_128822,E Kupryakov,1,1,52,42,10,94,2021-08-24 20:46:00,520655
S Nikulin_128734,S Nikulin,1,1,46,41,5,87,2021-08-24 20:49:00,520656
Oleksii Hrymovskyi_177587,Oleksii Hrymovskyi,3,1,35,28,7,63,2021-08-24 20:50:00,520657
Serhii Matviienko_188523824,Serhii Matviienko,-1,0,40,50,-10,90,2021-08-24 20:50:00,520658
Artem Nesterenko_317108985,Artem Nesterenko,2,1,45,31,14,76,2021-08-24 20:55:00,520659
Serhii Sokolov_177660,Serhii Sokolov,-3,0,23,34,-11,57,2021-08-24 20:55:00,520660
Z Bilek_28937,Z Bilek,1,1,51,39,12,90,2021-08-24 21:00:00,520661
Volodymyr Tuchkevych_1017606602,Volodymyr Tuchkevych,2,1,42,31,11,73,2021-08-24 21:00:00,520662
Tomas Vorisek_177625,Tomas Vorisek,-2,0,33,40,-7,73,2021-08-24 21:00:00,520663
Denys Kvyk_177950,Denys Kvyk,3,1,33,19,14,52,2021-08-24 21:00:00,520664
Anatolii Nazarov_177520,Anatolii Nazarov,1,1,53,45,8,98,2021-08-24 21:00:00,520665
Volodymyr Ivasiv_1627640100,Volodymyr Ivasiv,-1,0,46,52,-6,98,2021-08-24 21:05:00,520666
D Tikhnenko_128772,D Tikhnenko,1,1,51,46,5,97,2021-08-24 21:05:00,520667
Serhii Dolyna_177535,Serhii Dolyna,2,1,40,33,7,73,2021-08-24 21:05:00,520668
Anastasiia Kozak_177550,Anastasiia Kozak,-1,0,36,51,-15,87,2021-08-24 21:10:00,520669
Serhii Pokidko_450514117,Serhii Pokidko,-2,0,29,37,-8,66,2021-08-24 21:10:00,520670
Nazar Kasianyk_177565,Nazar Kasianyk,1,1,40,45,-5,85,2021-08-24 21:15:00,520671
Andrii Selin_1627356799,Andrii Selin,-2,0,32,41,-9,73,2021-08-24 21:15:00,520672
V Fedorov_128823,V Fedorov,-2,0,32,41,-9,73,2021-08-24 21:17:00,520673
E Markelov_128735,E Markelov,-1,0,47,53,-6,100,2021-08-24 21:17:00,520674
Maksym Kolos_1479591623,Maksym Kolos,-3,0,18,33,-15,51,2021-08-24 21:20:00,520675
Oleksandr Zaporozhets_177588,Oleksandr Zaporozhets,3,1,37,28,9,65,2021-08-24 21:20:00,520676
Hryhorii Kulishov_177966,Hryhorii Kulishov,-2,0,41,46,-5,87,2021-08-24 21:25:00,520677
Serhii Zazymko_1274187013,Serhii Zazymko,-2,0,30,38,-8,68,2021-08-24 21:25:00,520678
Vladyslav Mishchenko_177521,Vladyslav Mishchenko,3,1,35,20,15,55,2021-08-24 21:30:00,520679
Andrii Isaiev_1739247616,Andrii Isaiev,1,1,48,48,0,96,2021-08-24 21:30:00,520680
Jan Holan_177626,Jan Holan,-3,0,22,33,-11,55,2021-08-24 21:30:00,520681
Jr. Obeslo_28938,Jr. Obeslo,2,1,37,29,8,66,2021-08-24 21:32:00,520682
A Shmakov_128773,A Shmakov,2,1,45,36,9,81,2021-08-24 21:33:00,520683
Igor Vatsyn_46623949,Igor Vatsyn,-2,0,43,48,-5,91,2021-08-24 21:35:00,520684
Yevhen Khurtak_177536,Yevhen Khurtak,3,1,35,24,11,59,2021-08-24 21:35:00,520685
Oleksandra Tsiupko_177551,Oleksandra Tsiupko,-2,0,26,45,-19,71,2021-08-24 21:40:00,520686
Ihor Petryshyn_982362097,Ihor Petryshyn,-3,0,12,33,-21,45,2021-08-24 21:40:00,520687
Pavlo Plushch_880820324,Pavlo Plushch,-3,0,16,33,-17,49,2021-08-24 21:45:00,520688
Ivan Udovenko_177566,Ivan Udovenko,-1,0,46,46,0,92,2021-08-24 21:45:00,520689
S Nikulin_128736,S Nikulin,1,1,46,40,6,86,2021-08-24 21:47:00,520690
E Kupryakov_128824,E Kupryakov,1,1,40,37,3,77,2021-08-24 21:48:00,520691
Oleksandr Semenets_92445466,Oleksandr Semenets,-1,0,54,58,-4,112,2021-08-24 21:50:00,520692
Pavlo Babenko_177589,Pavlo Babenko,-2,0,37,41,-4,78,2021-08-24 21:50:00,520693
Andrii Selin_963394519,Andrii Selin,-1,0,56,54,2,110,2021-08-24 21:55:00,520694
Maksym Marchuk_177967,Maksym Marchuk,-3,0,15,33,-18,48,2021-08-24 21:55:00,520695
Anatolii Nazarov_177522,Anatolii Nazarov,3,1,33,9,24,42,2021-08-24 22:00:00,520696
Nikita Korbut_752936801,Nikita Korbut,-1,0,42,51,-9,93,2021-08-24 22:00:00,520697
T Zahradnik_28939,T Zahradnik,-3,0,30,36,-6,66,2021-08-24 22:00:00,520698
Jan Holan_177627,Jan Holan,3,1,33,20,13,53,2021-08-24 22:00:00,520699
D Tikhnenko_128774,D Tikhnenko,3,1,33,15,18,48,2021-08-24 22:01:00,520700
Serhii Dolyna_177537,Serhii Dolyna,1,1,48,49,-1,97,2021-08-24 22:05:00,520701
Dmytro Belanchyk_214060190,Dmytro Belanchyk,2,1,40,27,13,67,2021-08-24 22:05:00,520702
Anastasiia Kozak_177552,Anastasiia Kozak,-1,0,50,54,-4,104,2021-08-24 22:10:00,520703
Viktor Bosak_1732934654,Viktor Bosak,-1,0,52,58,-6,110,2021-08-24 22:10:00,520704
V Chernov_128775,V Chernov,-1,0,47,41,6,88,2021-08-24 22:14:00,520705
Volodymyr Ivasiv_1627531334,Volodymyr Ivasiv,-1,0,46,51,-5,97,2021-08-24 22:15:00,520706
Nazar Kasianyk_177567,Nazar Kasianyk,-3,0,21,34,-13,55,2021-08-24 22:15:00,520707
B Grebenyuk_128737,B Grebenyuk,-1,0,49,45,4,94,2021-08-24 22:16:00,520708
S Kaplan_128825,S Kaplan,2,1,40,33,7,73,2021-08-24 22:17:00,520709
Oleksandr Zaporozhets_177590,Oleksandr Zaporozhets,1,1,49,46,3,95,2021-08-24 22:20:00,520710
Dmytro Derevinskyi_9391741,Dmytro Derevinskyi,2,1,41,30,11,71,2021-08-24 22:20:00,520711
Anatolii Chaplianka_276690268,Anatolii Chaplianka,1,1,50,46,4,96,2021-08-24 22:25:00,520712
Illia Valchuk_177523,Illia Valchuk,3,1,33,17,16,50,2021-08-24 22:30:00,520713
Maksym Kolos_217658243,Maksym Kolos,3,1,33,18,15,51,2021-08-24 22:30:00,520714
Jo Kutifel_28940,Jo Kutifel,2,1,40,33,7,73,2021-08-24 22:30:00,520715
Tomas Vorisek_177628,Tomas Vorisek,-2,0,31,41,-10,72,2021-08-24 22:30:00,520716
Volodymyr Butko_177538,Volodymyr Butko,-2,0,37,43,-6,80,2021-08-24 22:35:00,520717
Tetiana Zghurska_177553,Tetiana Zghurska,-1,0,47,55,-8,102,2021-08-24 22:40:00,520718
Igor Demchuk_686849424,Igor Demchuk,-1,0,48,50,-2,98,2021-08-24 22:45:00,520719
I Buyanin_128962,I Buyanin,-2,0,41,44,-3,85,2021-08-24 22:45:00,520720
Yehor Derun_177568,Yehor Derun,2,1,43,34,9,77,2021-08-24 22:45:00,520721
E Markelov_128960,E Markelov,3,1,33,23,10,56,2021-08-24 22:45:00,520722
V Chernov_128964,V Chernov,-3,0,19,33,-14,52,2021-08-24 22:48:00,520723
Oleksii Hrymovskyi_177591,Oleksii Hrymovskyi,-2,0,36,41,-5,77,2021-08-24 22:50:00,520724
Jaromir Zlamal_177629,Jaromir Zlamal,2,1,38,31,7,69,2021-08-24 23:00:00,520725
Maksym Kolos_1479521927,Maksym Kolos,-3,0,21,33,-12,54,2021-08-24 23:00:00,520726
T Zahradnik_28941,T Zahradnik,-1,0,44,54,-10,98,2021-08-24 23:01:00,520727
Ivan Kozyr_2101520593,Ivan Kozyr,-1,0,56,50,6,106,2021-08-24 23:05:00,520728
A Shmakov_128965,A Shmakov,1,1,51,42,9,93,2021-08-24 23:07:00,520729
S Nikulin_128961,S Nikulin,2,1,44,42,2,86,2021-08-24 23:16:00,520730
E Kupryakov_128963,E Kupryakov,1,1,57,54,3,111,2021-08-24 23:17:00,520731
Pavlo Babenko_177592,Pavlo Babenko,-1,0,47,45,2,92,2021-08-24 23:20:00,520732
Tomas Vorisek_177630,Tomas Vorisek,-1,0,41,47,-6,88,2021-08-24 23:30:00,520733
Jr. Obeslo_28942,Jr. Obeslo,-2,0,34,39,-5,73,2021-08-24 23:34:00,520734
Oleksandr Lysak_1116273983,Oleksandr Lysak,1,1,49,40,9,89,2021-08-24 23:35:00,520735
N Zhurba_128776,N Zhurba,-3,0,21,33,-12,54,2021-08-24 23:36:00,520736
Viktor Trachuk_1086565253,Viktor Trachuk,3,1,34,15,19,49,2021-08-24 23:45:00,520737
V Sidorin_128738,V Sidorin,-1,0,41,48,-7,89,2021-08-24 23:47:00,520738
Oleksandr Mishchenko_177593,Oleksandr Mishchenko,-2,0,38,40,-2,78,2021-08-24 23:50:00,520739
V Safonov_128810,V Safonov,1,1,52,43,9,95,2021-08-24 23:57:00,520740
T Zahradnik_28979,T Zahradnik,-1,0,41,49,-8,90,2021-08-25 00:03:00,520741
D Sayanov_128777,D Sayanov,-2,0,33,42,-9,75,2021-08-25 00:04:00,520742
Viacheslav Yarovoi_1932112869,Viacheslav Yarovoi,2,1,43,32,11,75,2021-08-25 00:05:00,520743
Andrej Grossu_177968,Andrej Grossu,-2,0,33,38,-5,71,2021-08-25 00:10:00,520744
Vladimir Malashevsky_2141796083,Vladimir Malashevsky,-2,0,35,45,-10,80,2021-08-25 00:15:00,520745
A Vlasov_128739,A Vlasov,-2,0,40,50,-10,90,2021-08-25 00:16:00,520746
S Martyukhin_128811,S Martyukhin,3,1,35,24,11,59,2021-08-25 00:26:00,520747
Jo Kutifel_28980,Jo Kutifel,-1,0,47,48,-1,95,2021-08-25 00:30:00,520748
Oleksii Hrymovskyi_177970,Oleksii Hrymovskyi,3,1,33,12,21,45,2021-08-25 00:30:00,520749
E Ilyukhin_128778,E Ilyukhin,2,1,36,30,6,66,2021-08-25 00:31:00,520750
Oleksandr Lysak_1212538503,Oleksandr Lysak,1,1,47,45,2,92,2021-08-25 00:35:00,520751
Jaromir Zlamal_177969,Jaromir Zlamal,-1,0,38,47,-9,85,2021-08-25 00:40:00,520752
Viktor Trachuk_1074831921,Viktor Trachuk,1,1,48,50,-2,98,2021-08-25 00:45:00,520753
A Suntsov_128740,A Suntsov,-1,0,44,52,-8,96,2021-08-25 00:51:00,520754
P Semeshin_128812,P Semeshin,1,1,50,47,3,97,2021-08-25 00:52:00,520755
Yurii Shmyndra_177971,Yurii Shmyndra,1,1,50,46,4,96,2021-08-25 01:00:00,520756
S Ogai_128779,S Ogai,1,1,58,50,8,108,2021-08-25 01:01:00,520757
Viacheslav Yarovoi_398045986,Viacheslav Yarovoi,3,1,35,28,7,63,2021-08-25 01:05:00,520758
Iurii Prokhoruk_754135461,Iurii Prokhoruk,2,1,40,38,2,78,2021-08-25 01:15:00,520759
D Balakin_128741,D Balakin,2,1,44,39,5,83,2021-08-25 01:16:00,520760
A Volkov_128813,A Volkov,2,1,42,32,10,74,2021-08-25 01:22:00,520761
Oleksandr Lysak_126321154,Oleksandr Lysak,-3,0,25,33,-8,58,2021-08-25 01:35:00,520762
D Sayanov_128780,D Sayanov,1,1,47,39,8,86,2021-08-25 01:37:00,520763
Vladimir Malashevsky_2074553815,Vladimir Malashevsky,2,1,43,36,7,79,2021-08-25 01:45:00,520764
S Martyukhin_128814,S Martyukhin,1,1,52,43,9,95,2021-08-25 01:46:00,520765
A Vlasov_128742,A Vlasov,-1,0,39,50,-11,89,2021-08-25 01:48:00,520766
Yevhen Kyi_177594,Yevhen Kyi,2,1,43,28,15,71,2021-08-25 01:55:00,520767
Anton Maslov_446971189,Anton Maslov,-1,0,42,47,-5,89,2021-08-25 02:05:00,520768
S Ogai_128781,S Ogai,2,1,36,35,1,71,2021-08-25 02:06:00,520769
Viktor Trachuk_1275536452,Viktor Trachuk,-1,0,37,49,-12,86,2021-08-25 02:15:00,520770
D Balakin_128743,D Balakin,-2,0,34,43,-9,77,2021-08-25 02:18:00,520771
Serhii Tkachev_177595,Serhii Tkachev,-3,0,24,33,-9,57,2021-08-25 02:25:00,520772
A Volkov_128815,A Volkov,2,1,42,32,10,74,2021-08-25 02:27:00,520773
R Pavlenko_128782,R Pavlenko,3,1,33,16,17,49,2021-08-25 02:32:00,520774
Oleksandr Lysak_936353627,Oleksandr Lysak,3,1,35,28,7,63,2021-08-25 02:35:00,520775
Iurii Prokhoruk_39604015,Iurii Prokhoruk,-2,0,36,41,-5,77,2021-08-25 02:45:00,520776
N Sadovskiy_128744,N Sadovskiy,2,1,37,27,10,64,2021-08-25 02:50:00,520777
I Afanasev_128816,I Afanasev,1,1,54,47,7,101,2021-08-25 02:55:00,520778
Yevhen Kyi_177596,Yevhen Kyi,-2,0,27,42,-15,69,2021-08-25 02:55:00,520779
E Ilyukhin_128783,E Ilyukhin,-1,0,52,48,4,100,2021-08-25 03:01:00,520780
Viacheslav Yarovoi_592780394,Viacheslav Yarovoi,-2,0,36,43,-7,79,2021-08-25 03:05:00,520781
A Suntsov_128745,A Suntsov,3,1,33,19,14,52,2021-08-25 03:15:00,520782
Vladimir Malashevsky_1789778814,Vladimir Malashevsky,-3,0,25,34,-9,59,2021-08-25 03:15:00,520783
Volodymyr Chornobab_177597,Volodymyr Chornobab,3,1,34,25,9,59,2021-08-25 03:25:00,520784
Oleksandr Lysak_1212367334,Oleksandr Lysak,1,1,41,41,0,82,2021-08-25 03:35:00,520785
N Zhurba_128784,N Zhurba,-1,0,45,51,-6,96,2021-08-25 03:38:00,520786
P Semeshin_128817,P Semeshin,2,1,38,34,4,72,2021-08-25 03:43:00,520787
Oleh Mulyk_1745876878,Oleh Mulyk,-1,0,33,45,-12,78,2021-08-25 03:45:00,520788
V Sidorin_128746,V Sidorin,1,1,48,42,6,90,2021-08-25 03:46:00,520789
Serhii Tkachev_177598,Serhii Tkachev,-3,0,21,33,-12,54,2021-08-25 03:55:00,520790
Viacheslav Yarovoi_1634758217,Viacheslav Yarovoi,1,1,50,46,4,96,2021-08-25 04:05:00,520791
V Safonov_128818,V Safonov,-1,0,39,51,-12,90,2021-08-25 04:06:00,520792
R Pavlenko_128785,R Pavlenko,2,1,42,33,9,75,2021-08-25 04:09:00,520793
N Sadovskiy_128747,N Sadovskiy,1,1,45,40,5,85,2021-08-25 04:15:00,520794
Viktor Trachuk_1363104089,Viktor Trachuk,-2,0,36,39,-3,75,2021-08-25 04:15:00,520795
Yevhen Kyi_177599,Yevhen Kyi,2,1,41,37,4,78,2021-08-25 04:25:00,520796
Oleksandr Lysak_126280925,Oleksandr Lysak,-1,0,43,47,-4,90,2021-08-25 04:35:00,520797
I Afanasev_128819,I Afanasev,-3,0,27,35,-8,62,2021-08-25 04:42:00,520798
E Ilyukhin_128966,E Ilyukhin,-2,0,30,38,-8,68,2021-08-25 04:42:00,520799
Aleksandr Tulenin_131958487,Aleksandr Tulenin,2,1,40,32,8,72,2021-08-25 04:45:00,520800
D Balakin_128968,D Balakin,2,1,39,36,3,75,2021-08-25 04:47:00,520801
Serhii Tkachev_177600,Serhii Tkachev,3,1,33,16,17,49,2021-08-25 04:55:00,520802
Anton Maslov_2046633872,Anton Maslov,2,1,46,42,4,88,2021-08-25 05:05:00,520803
V Safonov_128970,V Safonov,-1,0,35,51,-16,86,2021-08-25 05:07:00,520804
R Pavlenko_128967,R Pavlenko,2,1,43,36,7,79,2021-08-25 05:10:00,520805
N Sadovskiy_128969,N Sadovskiy,2,1,42,25,17,67,2021-08-25 05:15:00,520806
Vladimir Malashevsky_2141975832,Vladimir Malashevsky,-1,0,51,56,-5,107,2021-08-25 05:15:00,520807
Volodymyr Chornobab_177601,Volodymyr Chornobab,-2,0,31,41,-10,72,2021-08-25 05:25:00,520808
S Martyukhin_128971,S Martyukhin,3,1,33,22,11,55,2021-08-25 05:36:00,520809
Yevhen Kyi_177602,Yevhen Kyi,3,1,33,20,13,53,2021-08-25 05:55:00,520810
Oleksandr Dukhovenko_177603,Oleksandr Dukhovenko,-3,0,14,33,-19,47,2021-08-25 06:25:00,520811
Volodymyr Chornobab_177972,Volodymyr Chornobab,1,1,50,42,8,92,2021-08-25 06:55:00,520812
Timur Voitekhov_177973,Timur Voitekhov,3,1,33,21,12,54,2021-08-25 07:25:00,520813
A Kolmin_128880,A Kolmin,2,1,43,34,9,77,2021-08-25 07:30:00,520814
A Fedorov_128846,A Fedorov,-3,0,25,33,-8,58,2021-08-25 07:46:00,520815
Yu Gavrilov_128920,Yu Gavrilov,3,1,33,9,24,42,2021-08-25 07:46:00,520816
Oleksii Krutko_1736025500,Oleksii Krutko,1,1,47,43,4,90,2021-08-25 07:50:00,520817
Serhii Rak_177683,Serhii Rak,-1,0,41,46,-5,87,2021-08-25 07:50:00,520818
Bohdan Zaika_1728272348,Bohdan Zaika,2,1,41,32,9,73,2021-08-25 07:55:00,520819
Artem Yurkov_177693,Artem Yurkov,3,1,41,33,8,74,2021-08-25 08:00:00,520820
Roman Bilykivskyi_177708,Roman Bilykivskyi,3,1,35,24,11,59,2021-08-25 08:05:00,520821
Anastasiia Kozak_177723,Anastasiia Kozak,-2,0,35,41,-6,76,2021-08-25 08:10:00,520822
A Vorozheykin_128881,A Vorozheykin,-2,0,31,41,-10,72,2021-08-25 08:13:00,520823
A Lisov_128921,A Lisov,-3,0,19,33,-14,52,2021-08-25 08:15:00,520824
Yevheniia Sozoniuk_177738,Yevheniia Sozoniuk,-2,0,31,42,-11,73,2021-08-25 08:15:00,520825
A Savinskiy_128847,A Savinskiy,1,1,47,38,9,85,2021-08-25 08:15:00,520826
Stanislav Nikolenko_177684,Stanislav Nikolenko,1,1,47,41,6,88,2021-08-25 08:20:00,520827
Denys Shcherbak_708216988,Denys Shcherbak,3,1,33,20,13,53,2021-08-25 08:25:00,520828
Sergiy Balabey_831106822,Sergiy Balabey,-1,0,40,51,-11,91,2021-08-25 08:30:00,520829
Valerii Merzlikin_177908,Valerii Merzlikin,-2,0,41,45,-4,86,2021-08-25 08:30:00,520830
Valerii Lukianevych_177709,Valerii Lukianevych,2,1,37,37,0,74,2021-08-25 08:35:00,520831
G Karpovkin_128882,G Karpovkin,-1,0,42,43,-1,85,2021-08-25 08:35:00,520832
Oleksandr Tkachenko_1919462827,Oleksandr Tkachenko,-2,0,28,44,-16,72,2021-08-25 08:35:00,520833
Anastasiia Moskaliuk_177724,Anastasiia Moskaliuk,2,1,38,26,12,64,2021-08-25 08:40:00,520834
Oleksiy Sapronov_1373528622,Oleksiy Sapronov,-2,0,34,42,-8,76,2021-08-25 08:40:00,520835
Alina Novosad_177739,Alina Novosad,3,1,33,24,9,57,2021-08-25 08:45:00,520836
Illia Semeniuk_1434019736,Illia Semeniuk,1,1,51,44,7,95,2021-08-25 08:45:00,520837
S Simonov_128922,S Simonov,-1,0,48,47,1,95,2021-08-25 08:46:00,520838
I Meteleshko_128848,I Meteleshko,-1,0,47,41,6,88,2021-08-25 08:46:00,520839
Serhii Rak_177685,Serhii Rak,2,1,38,30,8,68,2021-08-25 08:50:00,520840
Volodymyr Voronenkov_177951,Volodymyr Voronenkov,3,1,33,18,15,51,2021-08-25 08:50:00,520841
Ivan Syniavskyi_2098144312,Ivan Syniavskyi,-3,0,22,35,-13,57,2021-08-25 08:50:00,520842
Nazarii Haievyi_241396095,Nazarii Haievyi,2,1,42,36,6,78,2021-08-25 08:55:00,520843
Serhii Boiko_1149897147,Serhii Boiko,3,1,37,27,10,64,2021-08-25 08:55:00,520844
Illia Marynkevych_177760,Illia Marynkevych,-3,0,27,34,-7,61,2021-08-25 08:55:00,520845
Vladyslav Mishchenko_177909,Vladyslav Mishchenko,-2,0,31,42,-11,73,2021-08-25 09:00:00,520846
Jakub Jenicek_177882,Jakub Jenicek,-2,0,31,39,-8,70,2021-08-25 09:00:00,520847
Sr. Obeslo_28951,Sr. Obeslo,-1,0,43,48,-5,91,2021-08-25 09:00:00,520848
Vasyl Moshovskyi_177673,Vasyl Moshovskyi,1,1,48,41,7,89,2021-08-25 09:00:00,520849
Nikita Trofimov_1443762000,Nikita Trofimov,-2,0,41,45,-4,86,2021-08-25 09:00:00,520850
A Zabrodin_128883,A Zabrodin,-1,0,40,51,-11,91,2021-08-25 09:01:00,520851
Bohdan Zaika_824643659,Bohdan Zaika,-3,0,19,33,-14,52,2021-08-25 09:05:00,520852
Mykhailo Hostiev_177710,Mykhailo Hostiev,-2,0,32,41,-9,73,2021-08-25 09:05:00,520853
Anastasiia Ostapenko_177725,Anastasiia Ostapenko,-1,0,39,45,-6,84,2021-08-25 09:10:00,520854
Vladyslav Sliuzenko_2100792650,Vladyslav Sliuzenko,-3,0,16,33,-17,49,2021-08-25 09:10:00,520855
Serhii Matviienko_1509160313,Serhii Matviienko,-3,0,15,33,-18,48,2021-08-25 09:15:00,520856
Alina Novosad_177740,Alina Novosad,-2,0,27,38,-11,65,2021-08-25 09:15:00,520857
E Tsvetkov_128849,E Tsvetkov,1,1,51,51,0,102,2021-08-25 09:17:00,520858
Andrii Kaptanovskyi_71923148,Andrii Kaptanovskyi,2,1,41,31,10,72,2021-08-25 09:20:00,520859
Nazar Mosiuk_177686,Nazar Mosiuk,-3,0,22,34,-12,56,2021-08-25 09:20:00,520860
D Andreev_128923,D Andreev,1,1,48,41,7,89,2021-08-25 09:20:00,520861
Oleksandr Mishchenko_177952,Oleksandr Mishchenko,-1,0,44,46,-2,90,2021-08-25 09:20:00,520862
Artur Moriak_548280481,Artur Moriak,2,1,40,20,20,60,2021-08-25 09:25:00,520863
Ihor Sobko_177761,Ihor Sobko,3,1,37,29,8,66,2021-08-25 09:25:00,520864
Denys Kvyk_177674,Denys Kvyk,3,1,33,22,11,55,2021-08-25 09:30:00,520865
Uryi Schepanskyi_1668914854,Uryi Schepanskyi,2,1,47,32,15,79,2021-08-25 09:30:00,520866
Robert Jamrich_177883,Robert Jamrich,-3,0,22,33,-11,55,2021-08-25 09:30:00,520867
Valerii Merzlikin_177910,Valerii Merzlikin,2,1,41,30,11,71,2021-08-25 09:30:00,520868
Michael Rikun_1851209441,Michael Rikun,-2,0,37,37,0,74,2021-08-25 09:30:00,520869
G Karpovkin_128884,G Karpovkin,-1,0,40,46,-6,86,2021-08-25 09:30:00,520870
Valerii Lukianevych_177711,Valerii Lukianevych,2,1,42,31,11,73,2021-08-25 09:35:00,520871
Denys Shcherbak_811878503,Denys Shcherbak,-3,0,17,33,-16,50,2021-08-25 09:35:00,520872
Stanislav Harenko_973011253,Stanislav Harenko,-2,0,40,46,-6,86,2021-08-25 09:40:00,520873
Anastasiia Moskaliuk_177726,Anastasiia Moskaliuk,3,1,38,26,12,64,2021-08-25 09:40:00,520874
Ji Louda_28952,Ji Louda,-1,0,43,48,-5,91,2021-08-25 09:43:00,520875
Yevheniia Sozoniuk_177741,Yevheniia Sozoniuk,3,1,33,10,23,43,2021-08-25 09:45:00,520876
Oleksandr Tkachenko_1406261824,Oleksandr Tkachenko,2,1,39,32,7,71,2021-08-25 09:45:00,520877
I Meteleshko_128850,I Meteleshko,-3,0,22,35,-13,57,2021-08-25 09:47:00,520878
S Simonov_128924,S Simonov,1,1,44,46,-2,90,2021-08-25 09:47:00,520879
Pavlo Babenko_177953,Pavlo Babenko,-1,0,41,47,-6,88,2021-08-25 09:50:00,520880
Oleksiy Sapronov_171088026,Oleksiy Sapronov,2,1,38,33,5,71,2021-08-25 09:50:00,520881
Stanislav Nikolenko_177687,Stanislav Nikolenko,-1,0,50,51,-1,101,2021-08-25 09:50:00,520882
Illia Semeniuk_1286810243,Illia Semeniuk,1,1,52,46,6,98,2021-08-25 09:55:00,520883
Serhii Chuliukov_177762,Serhii Chuliukov,2,1,49,30,19,79,2021-08-25 09:55:00,520884
Ivan Syniavskyi_1889265729,Ivan Syniavskyi,-3,0,17,33,-16,50,2021-08-25 10:00:00,520885
Vasyl Moshovskyi_177675,Vasyl Moshovskyi,-1,0,41,48,-7,89,2021-08-25 10:00:00,520886
Artem Yurkov_177911,Artem Yurkov,-1,0,50,52,-2,102,2021-08-25 10:00:00,520887
Robert Jamrich_177884,Robert Jamrich,-3,0,22,33,-11,55,2021-08-25 10:00:00,520888
A Vorozheykin_128885,A Vorozheykin,-3,0,19,33,-14,52,2021-08-25 10:00:00,520889
Nazarii Haievyi_1908237364,Nazarii Haievyi,-3,0,23,33,-10,56,2021-08-25 10:05:00,520890
Roman Bilykivskyi_177712,Roman Bilykivskyi,-3,0,21,34,-13,55,2021-08-25 10:05:00,520891
Serhii Boiko_1944349396,Serhii Boiko,2,1,41,36,5,77,2021-08-25 10:05:00,520892
Anastasiia Kozak_177727,Anastasiia Kozak,1,1,46,50,-4,96,2021-08-25 10:10:00,520893
Oleksii Krutko_416825332,Oleksii Krutko,3,1,33,23,10,56,2021-08-25 10:10:00,520894
F Kopecky_28953,F Kopecky,-2,0,36,39,-3,75,2021-08-25 10:13:00,520895
A Savinskiy_128851,A Savinskiy,-2,0,41,43,-2,84,2021-08-25 10:15:00,520896
Sergiy Balabey_2112898916,Sergiy Balabey,-3,0,25,35,-10,60,2021-08-25 10:15:00,520897
Mariia Kurishchenko_177742,Mariia Kurishchenko,-2,0,35,43,-8,78,2021-08-25 10:15:00,520898
Oleksandr Mishchenko_177954,Oleksandr Mishchenko,2,1,43,41,2,84,2021-08-25 10:20:00,520899
Vladyslav Sliuzenko_70221504,Vladyslav Sliuzenko,1,1,49,46,3,95,2021-08-25 10:20:00,520900
Serhii Rak_177688,Serhii Rak,1,1,50,43,7,93,2021-08-25 10:20:00,520901
A Lisov_128925,A Lisov,-2,0,29,39,-10,68,2021-08-25 10:20:00,520902
Serhii Matviienko_1107591402,Serhii Matviienko,2,1,43,33,10,76,2021-08-25 10:25:00,520903
Ihor Sobko_177763,Ihor Sobko,1,1,46,42,4,88,2021-08-25 10:25:00,520904
Oleksandr Kostiuk_947352601,Oleksandr Kostiuk,3,1,36,27,9,63,2021-08-25 10:30:00,520905
Jakub Jenicek_177885,Jakub Jenicek,-2,0,31,42,-11,73,2021-08-25 10:30:00,520906
A Vorozheykin_128972,A Vorozheykin,-3,0,17,33,-16,50,2021-08-25 10:30:00,520907
Mykhailo Urban_177676,Mykhailo Urban,-3,0,23,34,-11,57,2021-08-25 10:30:00,520908
Oleksandr Zhyrnov_177912,Oleksandr Zhyrnov,2,1,42,36,6,78,2021-08-25 10:30:00,520909
Artur Moriak_1942248978,Artur Moriak,1,1,50,45,5,95,2021-08-25 10:35:00,520910
Viktor Syvych_177713,Viktor Syvych,3,1,33,22,11,55,2021-08-25 10:35:00,520911
Oliver Korp_28954,Oliver Korp,-2,0,40,41,-1,81,2021-08-25 10:37:00,520912
Roman Cherevko_2058936169,Roman Cherevko,1,1,52,51,1,103,2021-08-25 10:40:00,520913
Petro Tsolik_1848545955,Petro Tsolik,2,1,43,35,8,78,2021-08-25 10:40:00,520914
Yana Mykhailyk_177728,Yana Mykhailyk,-2,0,37,44,-7,81,2021-08-25 10:40:00,520915
I Meteleshko_128976,I Meteleshko,-1,0,47,44,3,91,2021-08-25 10:45:00,520916
Serhii Tsybulin_557019276,Serhii Tsybulin,-3,0,19,33,-14,52,2021-08-25 10:45:00,520917
Yevheniia Sozoniuk_177743,Yevheniia Sozoniuk,3,1,33,20,13,53,2021-08-25 10:45:00,520918
A Lisov_128974,A Lisov,-2,0,29,40,-11,69,2021-08-25 10:46:00,520919
Bohdan Zaika_216139101,Bohdan Zaika,3,1,33,23,10,56,2021-08-25 10:50:00,520920
Volodymyr Voronenkov_177955,Volodymyr Voronenkov,1,1,55,54,1,109,2021-08-25 10:50:00,520921
Stanislav Nikolenko_177689,Stanislav Nikolenko,-1,0,40,43,-3,83,2021-08-25 10:50:00,520922
Oleksandr Tkachenko_1135485428,Oleksandr Tkachenko,2,1,37,33,4,70,2021-08-25 10:55:00,520923
Illia Marynkevych_177764,Illia Marynkevych,-2,0,28,40,-12,68,2021-08-25 10:55:00,520924
G Karpovkin_128973,G Karpovkin,-2,0,36,42,-6,78,2021-08-25 11:00:00,520925
Jiri Cerny_177886,Jiri Cerny,2,1,38,36,2,74,2021-08-25 11:00:00,520926
Vladyslav Mishchenko_177913,Vladyslav Mishchenko,1,1,52,45,7,97,2021-08-25 11:00:00,520927
F Kopecky_28955,F Kopecky,-3,0,26,35,-9,61,2021-08-25 11:00:00,520928
Oleksiy Sapronov_1410017308,Oleksiy Sapronov,-2,0,35,40,-5,75,2021-08-25 11:00:00,520929
Denys Kvyk_177677,Denys Kvyk,1,1,47,47,0,94,2021-08-25 11:00:00,520930
Andrii Kaptanovskyi_302777698,Andrii Kaptanovskyi,1,1,51,48,3,99,2021-08-25 11:05:00,520931
Mykhailo Hostiev_177714,Mykhailo Hostiev,2,1,45,36,9,81,2021-08-25 11:05:00,520932
Anastasiia Ostapenko_177729,Anastasiia Ostapenko,1,1,50,44,6,94,2021-08-25 11:10:00,520933
Ivan Syniavskyi_1859986423,Ivan Syniavskyi,-2,0,28,42,-14,70,2021-08-25 11:10:00,520934
Uryi Schepanskyi_654573727,Uryi Schepanskyi,1,1,51,40,11,91,2021-08-25 11:15:00,520935
Michael Rikun_304416912,Michael Rikun,-2,0,32,46,-14,78,2021-08-25 11:15:00,520936
A Fedorov_128977,A Fedorov,3,1,33,22,11,55,2021-08-25 11:15:00,520937
Olena Nalisnikovska_177744,Olena Nalisnikovska,2,1,36,33,3,69,2021-08-25 11:15:00,520938
S Simonov_128975,S Simonov,-2,0,40,43,-3,83,2021-08-25 11:16:00,520939
Nazar Mosiuk_177690,Nazar Mosiuk,2,1,45,28,17,73,2021-08-25 11:20:00,520940
Oleksii Hrymovskyi_177956,Oleksii Hrymovskyi,-1,0,49,56,-7,105,2021-08-25 11:20:00,520941
Nikita Trofimov_877428378,Nikita Trofimov,-3,0,28,37,-9,65,2021-08-25 11:20:00,520942
Stanislav Harenko_1628046677,Stanislav Harenko,-2,0,42,44,-2,86,2021-08-25 11:25:00,520943
Oleksandr Sharanyuk_177765,Oleksandr Sharanyuk,2,1,41,35,6,76,2021-08-25 11:25:00,520944
Valerii Merzlikin_177914,Valerii Merzlikin,2,1,41,31,10,72,2021-08-25 11:30:00,520945
Oleksandr Bondarchuk_1394002512,Oleksandr Bondarchuk,-3,0,19,33,-14,52,2021-08-25 11:30:00,520946
Jakub Jenicek_177887,Jakub Jenicek,3,1,33,20,13,53,2021-08-25 11:30:00,520947
Vasyl Moshovskyi_177678,Vasyl Moshovskyi,1,1,49,43,6,92,2021-08-25 11:30:00,520948
Ji Louda_28956,Ji Louda,3,1,38,27,11,65,2021-08-25 11:31:00,520949
V Chernov_128886,V Chernov,1,1,49,44,5,93,2021-08-25 11:32:00,520950
Valerii Lukianevych_177715,Valerii Lukianevych,1,1,49,44,5,93,2021-08-25 11:35:00,520951
Vitalii Krivenko_1710472630,Vitalii Krivenko,-2,0,37,38,-1,75,2021-08-25 11:35:00,520952
Anastasiia Moskaliuk_177730,Anastasiia Moskaliuk,-1,0,46,50,-4,96,2021-08-25 11:40:00,520953
Illia Semeniuk_1338854024,Illia Semeniuk,1,1,51,45,6,96,2021-08-25 11:40:00,520954
Alina Novosad_177745,Alina Novosad,-3,0,24,35,-11,59,2021-08-25 11:45:00,520955
Vasyl Ludchak_887537891,Vasyl Ludchak,-1,0,47,46,1,93,2021-08-25 11:45:00,520956
I Lednev_128926,I Lednev,-1,0,49,55,-6,104,2021-08-25 11:46:00,520957
Nazarii Haievyi_1383184818,Nazarii Haievyi,-3,0,18,33,-15,51,2021-08-25 11:50:00,520958
Serhii Rak_177691,Serhii Rak,-3,0,19,33,-14,52,2021-08-25 11:50:00,520959
Pavlo Babenko_177957,Pavlo Babenko,3,1,33,19,14,52,2021-08-25 11:50:00,520960
A Kozlov_128852,A Kozlov,3,1,33,19,14,52,2021-08-25 11:50:00,520961
Serhii Boiko_1835213908,Serhii Boiko,-2,0,35,36,-1,71,2021-08-25 11:50:00,520962
Serhii Chuliukov_177766,Serhii Chuliukov,2,1,42,27,15,69,2021-08-25 11:55:00,520963
Denys Shcherbak_1979362715,Denys Shcherbak,3,1,33,19,14,52,2021-08-25 11:55:00,520964
Artem Yurkov_177915,Artem Yurkov,-2,0,22,42,-20,64,2021-08-25 12:00:00,520965
Jonas Kulveit_177974,Jonas Kulveit,-3,0,28,36,-8,64,2021-08-25 12:00:00,520966
Sergiy Balabey_986644062,Sergiy Balabey,-2,0,36,41,-5,77,2021-08-25 12:00:00,520967
F Kopecky_28981,F Kopecky,-3,0,22,33,-11,55,2021-08-25 12:00:00,520968
Denys Kvyk_177679,Denys Kvyk,1,1,45,50,-5,95,2021-08-25 12:00:00,520969
A Kazakov_128887,A Kazakov,1,1,47,40,7,87,2021-08-25 12:04:00,520970
Roman Bilykivskyi_177716,Roman Bilykivskyi,-3,0,15,33,-18,48,2021-08-25 12:05:00,520971
Vladyslav Sliuzenko_521641851,Vladyslav Sliuzenko,2,1,42,29,13,71,2021-08-25 12:05:00,520972
Anastasiia Kozak_177731,Anastasiia Kozak,-2,0,33,43,-10,76,2021-08-25 12:10:00,520973
Serhii Matviienko_872898838,Serhii Matviienko,-1,0,54,54,0,108,2021-08-25 12:10:00,520974
Oleksandr Kostiuk_1491954597,Oleksandr Kostiuk,1,1,51,43,8,94,2021-08-25 12:15:00,520975
Mariia Kurishchenko_177746,Mariia Kurishchenko,-2,0,28,42,-14,70,2021-08-25 12:15:00,520976
I Poletaev_128927,I Poletaev,-2,0,34,44,-10,78,2021-08-25 12:16:00,520977
Ya Troyanov_128853,Ya Troyanov,-2,0,31,42,-11,73,2021-08-25 12:17:00,520978
Oleksandr Mishchenko_177958,Oleksandr Mishchenko,-3,0,25,33,-8,58,2021-08-25 12:20:00,520979
Mykhailo Vivatenko_67504893,Mykhailo Vivatenko,3,1,34,26,8,60,2021-08-25 12:20:00,520980
Mykhailo Kistechko_177692,Mykhailo Kistechko,1,1,48,40,8,88,2021-08-25 12:20:00,520981
Roman Cherevko_1580930225,Roman Cherevko,-2,0,35,42,-7,77,2021-08-25 12:25:00,520982
Ihor Sobko_177767,Ihor Sobko,2,1,42,31,11,73,2021-08-25 12:25:00,520983
Petro Tsolik_1477012039,Petro Tsolik,1,1,50,48,2,98,2021-08-25 12:25:00,520984
Oleksandr Zhyrnov_177916,Oleksandr Zhyrnov,2,1,39,29,10,68,2021-08-25 12:30:00,520985
Robert Jamrich_177975,Robert Jamrich,3,1,33,13,20,46,2021-08-25 12:30:00,520986
Mykhailo Urban_177680,Mykhailo Urban,-2,0,32,43,-11,75,2021-08-25 12:30:00,520987
Oleksii Krutko_171350847,Oleksii Krutko,3,1,33,17,16,50,2021-08-25 12:30:00,520988
Oliver Korp_28982,Oliver Korp,-1,0,44,43,1,87,2021-08-25 12:30:00,520989
Viktor Syvych_177717,Viktor Syvych,1,1,53,45,8,98,2021-08-25 12:35:00,520990
Illia Yanishevskiy_577363021,Illia Yanishevskiy,-3,0,17,33,-16,50,2021-08-25 12:35:00,520991
V Kutin_128888,V Kutin,2,1,42,36,6,78,2021-08-25 12:37:00,520992
Yana Mykhailyk_177732,Yana Mykhailyk,2,1,44,40,4,84,2021-08-25 12:40:00,520993
Oleksandr Tkachenko_1133812440,Oleksandr Tkachenko,-3,0,16,35,-19,51,2021-08-25 12:40:00,520994
Olena Nalisnikovska_177747,Olena Nalisnikovska,-2,0,38,38,0,76,2021-08-25 12:45:00,520995
Oleksiy Sapronov_458412816,Oleksiy Sapronov,-2,0,30,39,-9,69,2021-08-25 12:45:00,520996
V Evlampiev_128928,V Evlampiev,2,1,44,29,15,73,2021-08-25 12:46:00,520997
I Afanasev_128854,I Afanasev,-1,0,41,47,-6,88,2021-08-25 12:48:00,520998
Andrii Kaptanovskyi_381317098,Andrii Kaptanovskyi,1,1,51,45,6,96,2021-08-25 12:50:00,520999
Volodymyr Voronenkov_177959,Volodymyr Voronenkov,-2,0,34,35,-1,69,2021-08-25 12:50:00,521000
Ivan Syniavskyi_695905124,Ivan Syniavskyi,-1,0,42,50,-8,92,2021-08-25 12:55:00,521001
Illia Marynkevych_177768,Illia Marynkevych,1,1,51,46,5,97,2021-08-25 12:55:00,521002
Vladyslav Mishchenko_177917,Vladyslav Mishchenko,1,1,49,48,1,97,2021-08-25 13:00:00,521003
Michael Rikun_1175908953,Michael Rikun,-2,0,30,42,-12,72,2021-08-25 13:00:00,521004
Petr Fiser_177888,Petr Fiser,-3,0,19,33,-14,52,2021-08-25 13:00:00,521005
Vasyl Moshovskyi_177681,Vasyl Moshovskyi,-1,0,43,50,-7,93,2021-08-25 13:00:00,521006
Nazar Mosiuk_177976,Nazar Mosiuk,3,1,34,19,15,53,2021-08-25 13:00:00,521007
Uryi Schepanskyi_593331230,Uryi Schepanskyi,-1,0,46,46,0,92,2021-08-25 13:00:00,521008
A Barton_28957,A Barton,2,1,40,35,5,75,2021-08-25 13:01:00,521009
Serhii Tsybulin_22890622,Serhii Tsybulin,-2,0,31,38,-7,69,2021-08-25 13:05:00,521010
Mykhailo Hostiev_177718,Mykhailo Hostiev,-1,0,46,44,2,90,2021-08-25 13:05:00,521011
A Zirin_128889,A Zirin,-1,0,44,50,-6,94,2021-08-25 13:07:00,521012
Bohdan Zaika_1993164549,Bohdan Zaika,2,1,43,33,10,76,2021-08-25 13:10:00,521013
Anastasiia Ostapenko_177733,Anastasiia Ostapenko,-2,0,29,42,-13,71,2021-08-25 13:10:00,521014
D Andreev_128929,D Andreev,-3,0,24,33,-9,57,2021-08-25 13:15:00,521015
O Butorin_128855,O Butorin,1,1,50,52,-2,102,2021-08-25 13:15:00,521016
Vladyslav Sliuzenko_563114045,Vladyslav Sliuzenko,2,1,41,27,14,68,2021-08-25 13:15:00,521017
Olena Nalisnikovska_177748,Olena Nalisnikovska,2,1,38,35,3,73,2021-08-25 13:15:00,521018
Oleksii Hrymovskyi_177960,Oleksii Hrymovskyi,2,1,42,28,14,70,2021-08-25 13:20:00,521019
Serhii Matviienko_338201854,Serhii Matviienko,-2,0,36,39,-3,75,2021-08-25 13:20:00,521020
Roman Pinchuk_788365842,Roman Pinchuk,2,1,39,33,6,72,2021-08-25 13:25:00,521021
Oleksandr Sharanyuk_177769,Oleksandr Sharanyuk,2,1,38,33,5,71,2021-08-25 13:25:00,521022
Mykhailo Vivatenko_1111228593,Mykhailo Vivatenko,3,1,37,25,12,62,2021-08-25 13:30:00,521023
Artem Yurkov_177918,Artem Yurkov,-2,0,35,43,-8,78,2021-08-25 13:30:00,521024
Vaclav Jr Hejda_177889,Vaclav Jr Hejda,2,1,39,26,13,65,2021-08-25 13:30:00,521025
Oleksandr Shpak_177682,Oleksandr Shpak,-3,0,24,33,-9,57,2021-08-25 13:30:00,521026
Mykhailo Kistechko_177977,Mykhailo Kistechko,3,1,33,19,14,52,2021-08-25 13:30:00,521027
M Flanderka_28958,M Flanderka,2,1,46,35,11,81,2021-08-25 13:31:00,521028
Roman Bilykivskyi_177719,Roman Bilykivskyi,-3,0,19,33,-14,52,2021-08-25 13:35:00,521029
Roman Derypaska_851465921,Roman Derypaska,3,1,33,13,20,46,2021-08-25 13:35:00,521030
Vitalii Zharskiy_694874287,Vitalii Zharskiy,1,1,50,47,3,97,2021-08-25 13:35:00,521031
Anastasiia Kozak_177734,Anastasiia Kozak,-2,0,29,42,-13,71,2021-08-25 13:40:00,521032
Nikita Trofimov_551060527,Nikita Trofimov,2,1,42,30,12,72,2021-08-25 13:40:00,521033
V Kutin_128890,V Kutin,-2,0,38,39,-1,77,2021-08-25 13:44:00,521034
Stanislav Harenko_1230728565,Stanislav Harenko,1,1,44,39,5,83,2021-08-25 13:45:00,521035
Mariia Kurishchenko_177749,Mariia Kurishchenko,-3,0,23,33,-10,56,2021-08-25 13:45:00,521036
V Evlampiev_128930,V Evlampiev,-1,0,44,50,-6,94,2021-08-25 13:45:00,521037
Pavlo Babenko_177961,Pavlo Babenko,-1,0,47,48,-1,95,2021-08-25 13:50:00,521038
Oleksandr Tkachenko_1642715803,Oleksandr Tkachenko,-2,0,38,47,-9,85,2021-08-25 13:50:00,521039
I Afanasev_128856,I Afanasev,2,1,45,40,5,85,2021-08-25 13:52:00,521040
Serhii Chuliukov_177770,Serhii Chuliukov,3,1,34,25,9,59,2021-08-25 13:55:00,521041
Oleksiy Sapronov_84357672,Oleksiy Sapronov,-3,0,23,33,-10,56,2021-08-25 13:55:00,521042
Illia Semeniuk_914210398,Illia Semeniuk,1,1,45,46,-1,91,2021-08-25 14:00:00,521043
Illia Valchuk_177919,Illia Valchuk,3,1,34,25,9,59,2021-08-25 14:00:00,521044
Oleksandr Shpak_177978,Oleksandr Shpak,-2,0,34,42,-8,76,2021-08-25 14:00:00,521045
Vaclav Jr Hejda_177890,Vaclav Jr Hejda,-2,0,40,45,-5,85,2021-08-25 14:00:00,521046
F Kopecky_28959,F Kopecky,-2,0,35,42,-7,77,2021-08-25 14:01:00,521047
Oleksandr Khoroshun_177720,Oleksandr Khoroshun,2,1,39,31,8,70,2021-08-25 14:05:00,521048
Ivan Syniavskyi_8666748,Ivan Syniavskyi,-2,0,27,42,-15,69,2021-08-25 14:05:00,521049
A Kazakov_128891,A Kazakov,3,1,33,21,12,54,2021-08-25 14:09:00,521050
Olha Yureneva_177735,Olha Yureneva,-2,0,30,38,-8,68,2021-08-25 14:10:00,521051
Serhii Boiko_448725187,Serhii Boiko,-1,0,51,55,-4,106,2021-08-25 14:10:00,521052
Nazarii Haievyi_211644554,Nazarii Haievyi,3,1,33,22,11,55,2021-08-25 14:10:00,521053
Oleksii Krutko_1753086907,Oleksii Krutko,3,1,33,21,12,54,2021-08-25 14:15:00,521054
Bohdan Zaika_2048309348,Bohdan Zaika,2,1,42,33,9,75,2021-08-25 14:20:00,521055
Volodymyr Voronenkov_177962,Volodymyr Voronenkov,3,1,35,27,8,62,2021-08-25 14:20:00,521056
I Poletaev_128931,I Poletaev,-1,0,49,51,-2,100,2021-08-25 14:20:00,521057
Ya Troyanov_128857,Ya Troyanov,1,1,49,41,8,90,2021-08-25 14:24:00,521058
Illia Marynkevych_177771,Illia Marynkevych,3,1,33,19,14,52,2021-08-25 14:25:00,521059
Vladyslav Sliuzenko_983840412,Vladyslav Sliuzenko,-1,0,44,53,-9,97,2021-08-25 14:25:00,521060
Serhii Matviienko_864731048,Serhii Matviienko,-2,0,38,44,-6,82,2021-08-25 14:30:00,521061
Mykhailo Potapov_177979,Mykhailo Potapov,-2,0,34,44,-10,78,2021-08-25 14:30:00,521062
V Havlicek_28960,V Havlicek,-1,0,51,50,1,101,2021-08-25 14:30:00,521063
Petr Fiser_177891,Petr Fiser,-1,0,39,45,-6,84,2021-08-25 14:30:00,521064
V Chernov_129018,V Chernov,1,1,50,44,6,94,2021-08-25 14:30:00,521065
Artem Yurkov_177920,Artem Yurkov,2,1,42,31,11,73,2021-08-25 14:30:00,521066
Roman Bilykivskyi_177721,Roman Bilykivskyi,2,1,37,35,2,72,2021-08-25 14:35:00,521067
Roman Pinchuk_54656430,Roman Pinchuk,-3,0,19,35,-16,54,2021-08-25 14:35:00,521068
Mykhailo Vivatenko_1194995932,Mykhailo Vivatenko,1,1,53,48,5,101,2021-08-25 14:40:00,521069
Anastasiia Kozak_177736,Anastasiia Kozak,-3,0,22,36,-14,58,2021-08-25 14:40:00,521070
Nazarii Haievyi_1001202513,Nazarii Haievyi,-2,0,32,43,-11,75,2021-08-25 14:45:00,521071
Roman Derypaska_2045152035,Roman Derypaska,3,1,33,15,18,48,2021-08-25 14:45:00,521072
Oleksandr Levadnyi_421740129,Oleksandr Levadnyi,-2,0,37,41,-4,78,2021-08-25 14:50:00,521073
Yurii Shmyndra_177963,Yurii Shmyndra,-1,0,38,45,-7,83,2021-08-25 14:50:00,521074
Hennadii Portnov_177772,Hennadii Portnov,-3,0,21,33,-12,54,2021-08-25 14:55:00,521075
I Lednev_129022,I Lednev,-1,0,45,46,-1,91,2021-08-25 14:56:00,521076
O Butorin_129020,O Butorin,2,1,44,43,1,87,2021-08-25 14:59:00,521077
Jaroslav Puk_177892,Jaroslav Puk,-2,0,37,41,-4,78,2021-08-25 15:00:00,521078
Oleksandr Bondarchuk_1394145105,Oleksandr Bondarchuk,-2,0,32,40,-8,72,2021-08-25 15:00:00,521079
Valerii Merzlikin_177921,Valerii Merzlikin,-3,0,20,33,-13,53,2021-08-25 15:00:00,521080
Valerii Lukianevych_177722,Valerii Lukianevych,-1,0,41,51,-10,92,2021-08-25 15:05:00,521081
F Kopecky_28961,F Kopecky,2,1,38,32,6,70,2021-08-25 15:05:00,521082
Vitalii Krivenko_1942033873,Vitalii Krivenko,2,1,39,31,8,70,2021-08-25 15:05:00,521083
A Zirin_129019,A Zirin,-2,0,37,45,-8,82,2021-08-25 15:06:00,521084
Andrii Kaptanovskyi_574590268,Andrii Kaptanovskyi,2,1,40,30,10,70,2021-08-25 15:10:00,521085
Anastasiia Moskaliuk_177737,Anastasiia Moskaliuk,-3,0,16,33,-17,49,2021-08-25 15:10:00,521086
Artur Moriak_973388421,Artur Moriak,3,1,33,17,16,50,2021-08-25 15:15:00,521087
Taras Gil_177775,Taras Gil,-3,0,23,34,-11,57,2021-08-25 15:20:00,521088
Volodymyr Voronenkov_177964,Volodymyr Voronenkov,2,1,40,33,7,73,2021-08-25 15:20:00,521089
Roman Cherevko_1632729336,Roman Cherevko,2,1,49,40,9,89,2021-08-25 15:20:00,521090
Pavlo Zaderei_1128226129,Pavlo Zaderei,-2,0,27,41,-14,68,2021-08-25 15:20:00,521091
D Andreev_129023,D Andreev,-3,0,27,35,-8,62,2021-08-25 15:22:00,521092
Illia Marynkevych_177773,Illia Marynkevych,3,1,33,21,12,54,2021-08-25 15:25:00,521093
Oleksii Krutko_31012002,Oleksii Krutko,2,1,37,36,1,73,2021-08-25 15:25:00,521094
Petr Fiser_177893,Petr Fiser,-1,0,43,47,-4,90,2021-08-25 15:30:00,521095
Bohdan Yurka_177790,Bohdan Yurka,2,1,42,32,10,74,2021-08-25 15:30:00,521096
M Flanderka_28962,M Flanderka,-2,0,37,46,-9,83,2021-08-25 15:31:00,521097
I Afanasev_129021,I Afanasev,-3,0,16,33,-17,49,2021-08-25 15:33:00,521098
Artem Tkachenko_909832386,Artem Tkachenko,-1,0,45,53,-8,98,2021-08-25 15:35:00,521099
Alina Stefaniuk_177805,Alina Stefaniuk,-1,0,43,48,-5,91,2021-08-25 15:35:00,521100
M Sverdlov_128892,M Sverdlov,2,1,43,33,10,76,2021-08-25 15:36:00,521101
Viktor Bereza_177817,Viktor Bereza,-2,0,33,40,-7,73,2021-08-25 15:40:00,521102
Artem Nesterenko_2064369856,Artem Nesterenko,-1,0,41,52,-11,93,2021-08-25 15:40:00,521103
Maksym Mrykh_177832,Maksym Mrykh,1,1,54,52,2,106,2021-08-25 15:45:00,521104
A Poprocky_128932,A Poprocky,1,1,46,42,4,88,2021-08-25 15:47:00,521105
Oleksandr Mishchenko_177965,Oleksandr Mishchenko,-2,0,32,41,-9,73,2021-08-25 15:50:00,521106
Oleksandr Kalynevych_177776,Oleksandr Kalynevych,2,1,39,32,7,71,2021-08-25 15:50:00,521107
Ihor Petryshyn_2027500950,Ihor Petryshyn,-1,0,51,51,0,102,2021-08-25 15:50:00,521108
A Lobanov_128858,A Lobanov,3,1,35,26,9,61,2021-08-25 15:53:00,521109
Ihor Sobko_177774,Ihor Sobko,-2,0,29,43,-14,72,2021-08-25 15:55:00,521110
Sergey Filatov_1546524521,Sergey Filatov,-1,0,48,47,1,95,2021-08-25 15:55:00,521111
Denys Shcherbak_91881747,Denys Shcherbak,-3,0,24,33,-9,57,2021-08-25 16:00:00,521112
Oleh Yurenev_177791,Oleh Yurenev,2,1,39,37,2,76,2021-08-25 16:00:00,521113
V Havlicek_29007,V Havlicek,-2,0,34,39,-5,73,2021-08-25 16:01:00,521114
Viktoriia Husieva_177806,Viktoriia Husieva,-3,0,25,33,-8,58,2021-08-25 16:05:00,521115
Jaroslav Puk_177980,Jaroslav Puk,-1,0,45,48,-3,93,2021-08-25 16:10:00,521116
Andrii Troyan_1626618649,Andrii Troyan,2,1,39,37,2,76,2021-08-25 16:10:00,521117
Yaroslav Tkachenko_177818,Yaroslav Tkachenko,1,1,53,45,8,98,2021-08-25 16:10:00,521118
V Nemashkalo_128893,V Nemashkalo,1,1,47,50,-3,97,2021-08-25 16:13:00,521119
Yehor Derun_177833,Yehor Derun,3,1,33,20,13,53,2021-08-25 16:15:00,521120
Ihor Syniavskyi_1119743483,Ihor Syniavskyi,-1,0,52,55,-3,107,2021-08-25 16:15:00,521121
V Zhigalov_128933,V Zhigalov,-2,0,37,40,-3,77,2021-08-25 16:16:00,521122
I Minchenkov_128859,I Minchenkov,-1,0,47,56,-9,103,2021-08-25 16:16:00,521123
Andrii Tsikhotskyi_264878911,Andrii Tsikhotskyi,-2,0,38,44,-6,82,2021-08-25 16:20:00,521124
Bohdan Chaikovskyi_177777,Bohdan Chaikovskyi,3,1,33,20,13,53,2021-08-25 16:20:00,521125
Yevhen Kyi_177842,Yevhen Kyi,-1,0,39,47,-8,86,2021-08-25 16:25:00,521126
Volodymyr Ivasiv_412712188,Volodymyr Ivasiv,3,1,33,23,10,56,2021-08-25 16:25:00,521127
Lev Kuzyo_820714809,Lev Kuzyo,-2,0,40,41,-1,81,2021-08-25 16:30:00,521128
Stefan Yakimenko_177792,Stefan Yakimenko,3,1,33,13,20,46,2021-08-25 16:30:00,521129
M Flanderka_29008,M Flanderka,-1,0,42,56,-14,98,2021-08-25 16:31:00,521130
Viktoriia Husieva_177807,Viktoriia Husieva,2,1,49,42,7,91,2021-08-25 16:35:00,521131
Valerii Melnyk_1768128791,Valerii Melnyk,-1,0,47,53,-6,100,2021-08-25 16:35:00,521132
Bohdan Havryliuk_177819,Bohdan Havryliuk,2,1,44,32,12,76,2021-08-25 16:40:00,521133
Vitalii Lievshin_739930027,Vitalii Lievshin,3,1,33,19,14,52,2021-08-25 16:40:00,521134
Adam Lustig_177981,Adam Lustig,-2,0,36,41,-5,77,2021-08-25 16:40:00,521135
Maksym Mrykh_177834,Maksym Mrykh,3,1,33,26,7,59,2021-08-25 16:45:00,521136
A KHanevskii_128934,A KHanevskii,-3,0,20,34,-14,54,2021-08-25 16:45:00,521137
E Anisimov_128894,E Anisimov,2,1,42,31,11,73,2021-08-25 16:45:00,521138
Artem Tkachenko_1783873812,Artem Tkachenko,1,1,51,32,19,83,2021-08-25 16:45:00,521139
Oleksandr Kalynevych_177778,Oleksandr Kalynevych,-2,0,30,37,-7,67,2021-08-25 16:50:00,521140
Artem Nesterenko_1237327613,Artem Nesterenko,2,1,42,30,12,72,2021-08-25 16:50:00,521141
P Medvedev_128860,P Medvedev,2,1,44,35,9,79,2021-08-25 16:51:00,521142
Volodymyr Chornobab_177843,Volodymyr Chornobab,3,1,33,18,15,51,2021-08-25 16:55:00,521143
Roman Rybachuk_22222659,Roman Rybachuk,2,1,41,29,12,70,2021-08-25 16:55:00,521144
Ihor Petryshyn_1194043716,Ihor Petryshyn,1,1,45,41,4,86,2021-08-25 17:00:00,521145
David Brichacek_177894,David Brichacek,-3,0,27,35,-8,62,2021-08-25 17:00:00,521146
Oleh Yurenev_177793,Oleh Yurenev,2,1,38,24,14,62,2021-08-25 17:00:00,521147
Sergey Filatov_651226264,Sergey Filatov,1,1,55,39,16,94,2021-08-25 17:05:00,521148
Alina Stefaniuk_177808,Alina Stefaniuk,3,1,33,16,17,49,2021-08-25 17:05:00,521149
Z Kasinski_28963,Z Kasinski,-2,0,28,37,-9,65,2021-08-25 17:07:00,521150
Valerii Melnyk_1734806585,Valerii Melnyk,-3,0,22,33,-11,55,2021-08-25 17:10:00,521151
Yaroslav Tkachenko_177820,Yaroslav Tkachenko,1,1,44,42,2,86,2021-08-25 17:10:00,521152
M Gusev_128895,M Gusev,-2,0,28,40,-12,68,2021-08-25 17:15:00,521153
O Belugin_128935,O Belugin,-1,0,47,42,5,89,2021-08-25 17:15:00,521154
Ivan Udovenko_177835,Ivan Udovenko,1,1,47,44,3,91,2021-08-25 17:15:00,521155
Bohdan Kohut_955228178,Bohdan Kohut,-3,0,22,33,-11,55,2021-08-25 17:15:00,521156
D Evlahin_128861,D Evlahin,-2,0,40,44,-4,84,2021-08-25 17:18:00,521157
Andrii Troyan_367362338,Andrii Troyan,-1,0,46,46,0,92,2021-08-25 17:20:00,521158
Taras Gil_177779,Taras Gil,-3,0,23,35,-12,58,2021-08-25 17:20:00,521159
Ihor Syniavskyi_1511653526,Ihor Syniavskyi,-1,0,44,51,-7,95,2021-08-25 17:25:00,521160
Yevhen Kyi_177844,Yevhen Kyi,3,1,33,20,13,53,2021-08-25 17:25:00,521161
D Pazout_28964,D Pazout,-2,0,32,40,-8,72,2021-08-25 17:30:00,521162
Lukas Adamec_177895,Lukas Adamec,3,1,33,21,12,54,2021-08-25 17:30:00,521163
Bohdan Yurka_177794,Bohdan Yurka,-1,0,48,48,0,96,2021-08-25 17:30:00,521164
Andrii Tsikhotskyi_801952276,Andrii Tsikhotskyi,-2,0,32,42,-10,74,2021-08-25 17:30:00,521165
Oleksii Tkachuk_2028188492,Oleksii Tkachuk,3,1,35,25,10,60,2021-08-25 17:35:00,521166
Anastasiia Gordinskaya-Sheiko_177809,Anastasiia Gordinskaya-Sheiko,1,1,47,49,-2,96,2021-08-25 17:35:00,521167
Viktor Bereza_177821,Viktor Bereza,-1,0,42,46,-4,88,2021-08-25 17:40:00,521168
Dmytro Dubrovin_1736049220,Dmytro Dubrovin,1,1,43,45,-2,88,2021-08-25 17:40:00,521169
E Anisimov_128896,E Anisimov,-2,0,34,44,-10,78,2021-08-25 17:41:00,521170
Yehor Derun_177836,Yehor Derun,-2,0,32,40,-8,72,2021-08-25 17:45:00,521171
A KHanevskii_128936,A KHanevskii,-3,0,26,40,-14,66,2021-08-25 17:45:00,521172
Vitalii Lievshin_1858065603,Vitalii Lievshin,3,1,33,19,14,52,2021-08-25 17:45:00,521173
P Medvedev_128862,P Medvedev,2,1,41,34,7,75,2021-08-25 17:48:00,521174
Valerii Melnyk_1437874121,Valerii Melnyk,-2,0,34,38,-4,72,2021-08-25 17:50:00,521175
Ivan Pytsko_177780,Ivan Pytsko,2,1,41,35,6,76,2021-08-25 17:50:00,521176
Andrii Dombrovskyi_177932,Andrii Dombrovskyi,2,1,35,31,4,66,2021-08-25 17:50:00,521177
Timur Voitekhov_177845,Timur Voitekhov,-3,0,22,33,-11,55,2021-08-25 17:55:00,521178
Artem Tkachenko_1044729733,Artem Tkachenko,-1,0,51,49,2,100,2021-08-25 17:55:00,521179
Jak Vrabec_28965,Jak Vrabec,1,1,50,45,5,95,2021-08-25 18:00:00,521180
Artem Nesterenko_3707139,Artem Nesterenko,-1,0,48,51,-3,99,2021-08-25 18:00:00,521181
Lukas Adamec_177896,Lukas Adamec,-3,0,25,33,-8,58,2021-08-25 18:00:00,521182
Maksym Kozhevnikov_177795,Maksym Kozhevnikov,-2,0,31,38,-7,69,2021-08-25 18:00:00,521183
Roman Rybachuk_590959259,Roman Rybachuk,1,1,48,39,9,87,2021-08-25 18:05:00,521184
Alina Stefaniuk_177810,Alina Stefaniuk,3,1,33,18,15,51,2021-08-25 18:05:00,521185
V Nemashkalo_128897,V Nemashkalo,2,1,38,33,5,71,2021-08-25 18:08:00,521186
Igor Koshkodan_177822,Igor Koshkodan,-3,0,26,34,-8,60,2021-08-25 18:10:00,521187
Volodymyr Ivasiv_773016067,Volodymyr Ivasiv,-2,0,29,49,-20,78,2021-08-25 18:10:00,521188
I Minchenkov_128863,I Minchenkov,-2,0,33,44,-11,77,2021-08-25 18:15:00,521189
Maksym Mrykh_177837,Maksym Mrykh,-1,0,47,50,-3,97,2021-08-25 18:15:00,521190
V Zhigalov_128937,V Zhigalov,-2,0,34,36,-2,70,2021-08-25 18:15:00,521191
Lev Kuzyo_1051324014,Lev Kuzyo,-3,0,20,33,-13,53,2021-08-25 18:15:00,521192
Dmytro Lazuryk_177933,Dmytro Lazuryk,-3,0,12,33,-21,45,2021-08-25 18:20:00,521193
Bohdan Chaikovskyi_177781,Bohdan Chaikovskyi,1,1,52,38,14,90,2021-08-25 18:20:00,521194
Bohdan Kohut_1139703753,Bohdan Kohut,-3,0,16,33,-17,49,2021-08-25 18:20:00,521195
Volodymyr Chornobab_177846,Volodymyr Chornobab,3,1,33,18,15,51,2021-08-25 18:25:00,521196
Vitalii Lievshin_195630414,Vitalii Lievshin,-2,0,37,42,-5,79,2021-08-25 18:25:00,521197
Stefan Yakimenko_177796,Stefan Yakimenko,2,1,42,33,9,75,2021-08-25 18:30:00,521198
Yurii Parahailo_1237101877,Yurii Parahailo,-1,0,54,57,-3,111,2021-08-25 18:30:00,521199
O Kucirek_28966,O Kucirek,-1,0,43,41,2,84,2021-08-25 18:30:00,521200
David Brichacek_177897,David Brichacek,-3,0,26,34,-8,60,2021-08-25 18:30:00,521201
Alina Man_177811,Alina Man,-3,0,19,33,-14,52,2021-08-25 18:35:00,521202
Dmytro Belanchyk_325329660,Dmytro Belanchyk,3,1,33,17,16,50,2021-08-25 18:35:00,521203
M Gusev_129086,M Gusev,-1,0,41,50,-9,91,2021-08-25 18:38:00,521204
Bohdan Havryliuk_177823,Bohdan Havryliuk,-2,0,33,42,-9,75,2021-08-25 18:40:00,521205
Andrii Tsikhotskyi_861922317,Andrii Tsikhotskyi,2,1,44,40,4,84,2021-08-25 18:40:00,521206
A KHanevskii_129088,A KHanevskii,-2,0,35,41,-6,76,2021-08-25 18:45:00,521207
Yehor Derun_177838,Yehor Derun,1,1,52,54,-2,106,2021-08-25 18:45:00,521208
Ihor Petryshyn_1914912803,Ihor Petryshyn,3,1,33,16,17,49,2021-08-25 18:45:00,521209
D Evlahin_129090,D Evlahin,-2,0,34,39,-5,73,2021-08-25 18:48:00,521210
Yurii Kurishchenko_177934,Yurii Kurishchenko,1,1,47,46,1,93,2021-08-25 18:50:00,521211
Oleksandr Kalynevych_177782,Oleksandr Kalynevych,-3,0,16,33,-17,49,2021-08-25 18:50:00,521212
Sergey Filatov_1562279639,Sergey Filatov,-3,0,32,39,-7,71,2021-08-25 18:50:00,521213
Yevhen Kyi_177847,Yevhen Kyi,-3,0,26,34,-8,60,2021-08-25 18:55:00,521214
Gennadii Zakladnyi_1044514377,Gennadii Zakladnyi,-2,0,33,40,-7,73,2021-08-25 18:55:00,521215
Valerii Melnyk_400683508,Valerii Melnyk,-3,0,24,33,-9,57,2021-08-25 19:00:00,521216
Oleh Yurenev_177797,Oleh Yurenev,1,1,54,53,1,107,2021-08-25 19:00:00,521217
Martin Juhasz_177898,Martin Juhasz,3,1,33,18,15,51,2021-08-25 19:00:00,521218
Jak Vrabec_28967,Jak Vrabec,3,1,36,27,9,63,2021-08-25 19:02:00,521219
Andrii Troyan_703849897,Andrii Troyan,2,1,43,40,3,83,2021-08-25 19:05:00,521220
Viktoriia Husieva_177812,Viktoriia Husieva,-1,0,38,49,-11,87,2021-08-25 19:05:00,521221
Yaroslav Tkachenko_177824,Yaroslav Tkachenko,-2,0,26,40,-14,66,2021-08-25 19:10:00,521222
Ihor Syniavskyi_580418689,Ihor Syniavskyi,1,1,47,44,3,91,2021-08-25 19:10:00,521223
E Anisimov_129087,E Anisimov,-1,0,52,56,-4,108,2021-08-25 19:14:00,521224
Ivan Udovenko_177839,Ivan Udovenko,1,1,51,47,4,98,2021-08-25 19:15:00,521225
A Lobanov_129091,A Lobanov,1,1,49,39,10,88,2021-08-25 19:15:00,521226
O Belugin_129089,O Belugin,-3,0,25,35,-10,60,2021-08-25 19:15:00,521227
Mykola Tovkach_844400619,Mykola Tovkach,-1,0,36,51,-15,87,2021-08-25 19:15:00,521228
Dmytro Lazuryk_177935,Dmytro Lazuryk,-2,0,36,43,-7,79,2021-08-25 19:20:00,521229
Taras Gil_177783,Taras Gil,-3,0,24,35,-11,59,2021-08-25 19:20:00,521230
Oleksii Tkachuk_1328660023,Oleksii Tkachuk,-2,0,32,41,-9,73,2021-08-25 19:20:00,521231
Volodymyr Chornobab_177848,Volodymyr Chornobab,2,1,41,30,11,71,2021-08-25 19:25:00,521232
Dmytro Dubrovin_1877262241,Dmytro Dubrovin,1,1,50,41,9,91,2021-08-25 19:25:00,521233
David Brichacek_177899,David Brichacek,2,1,44,35,9,79,2021-08-25 19:30:00,521234
Bohdan Kohut_1139670953,Bohdan Kohut,-3,0,16,34,-18,50,2021-08-25 19:30:00,521235
Bohdan Yurka_177798,Bohdan Yurka,-1,0,42,47,-5,89,2021-08-25 19:30:00,521236
D Pazout_28968,D Pazout,-3,0,25,35,-10,60,2021-08-25 19:30:00,521237
Anastasiia Gordinskaya-Sheiko_177813,Anastasiia Gordinskaya-Sheiko,-3,0,23,33,-10,56,2021-08-25 19:35:00,521238
Gennadii Zakladnyi_373552144,Gennadii Zakladnyi,1,1,46,49,-3,95,2021-08-25 19:35:00,521239
Artem Tkachenko_1099527517,Artem Tkachenko,2,1,36,30,6,66,2021-08-25 19:40:00,521240
Viktor Bereza_177825,Viktor Bereza,-1,0,45,44,1,89,2021-08-25 19:40:00,521241
V Chernov_128898,V Chernov,3,1,33,16,17,49,2021-08-25 19:42:00,521242
Artem Nesterenko_502955009,Artem Nesterenko,-3,0,19,33,-14,52,2021-08-25 19:45:00,521243
S Korolev_128938,S Korolev,2,1,42,36,6,78,2021-08-25 19:45:00,521244
Maksym Mrykh_177840,Maksym Mrykh,1,1,54,46,8,100,2021-08-25 19:45:00,521245
E Markelov_128864,E Markelov,1,1,48,49,-1,97,2021-08-25 19:49:00,521246
Ivan Pytsko_177784,Ivan Pytsko,-3,0,26,33,-7,59,2021-08-25 19:50:00,521247
Andrii Dombrovskyi_177936,Andrii Dombrovskyi,-1,0,45,46,-1,91,2021-08-25 19:50:00,521248
Volodymyr Ivasiv_1756913528,Volodymyr Ivasiv,-1,0,47,42,5,89,2021-08-25 19:55:00,521249
Timur Voitekhov_177849,Timur Voitekhov,3,1,33,16,17,49,2021-08-25 19:55:00,521250
Maksym Kozhevnikov_177799,Maksym Kozhevnikov,-1,0,44,46,-2,90,2021-08-25 20:00:00,521251
Lev Kuzyo_493764801,Lev Kuzyo,1,1,54,52,2,106,2021-08-25 20:00:00,521252
D Pazout_29009,D Pazout,3,1,33,23,10,56,2021-08-25 20:00:00,521253
I Mihaylov_128899,I Mihaylov,-2,0,27,42,-15,69,2021-08-25 20:01:00,521254
Serhii Kinash_810182716,Serhii Kinash,2,1,42,31,11,73,2021-08-25 20:05:00,521255
Alina Man_177814,Alina Man,-2,0,31,40,-9,71,2021-08-25 20:05:00,521256
Igor Koshkodan_177826,Igor Koshkodan,-2,0,33,44,-11,77,2021-08-25 20:10:00,521257
Frantisek Korenek_178237,Frantisek Korenek,-1,0,43,42,1,85,2021-08-25 20:10:00,521258
Ivan Kozyr_1378162468,Ivan Kozyr,2,1,37,31,6,68,2021-08-25 20:10:00,521259
Nazar Kasianyk_177841,Nazar Kasianyk,3,1,38,22,16,60,2021-08-25 20:15:00,521260
Andrii Troyan_1354863836,Andrii Troyan,-2,0,37,40,-3,77,2021-08-25 20:15:00,521261
I Soldatov_128865,I Soldatov,-2,0,36,42,-6,78,2021-08-25 20:16:00,521262
P Pinkovskii_128939,P Pinkovskii,-1,0,46,52,-6,98,2021-08-25 20:17:00,521263
Andrii Matiushenko_177937,Andrii Matiushenko,-2,0,30,39,-9,69,2021-08-25 20:20:00,521264
Bohdan Chaikovskyi_177785,Bohdan Chaikovskyi,2,1,43,38,5,81,2021-08-25 20:20:00,521265
Ihor Syniavskyi_613951435,Ihor Syniavskyi,2,1,43,37,6,80,2021-08-25 20:20:00,521266
Yevhen Kyi_177850,Yevhen Kyi,-3,0,19,33,-14,52,2021-08-25 20:25:00,521267
Yaroslav Vorsuliak_539059500,Yaroslav Vorsuliak,-2,0,36,41,-5,77,2021-08-25 20:30:00,521268
Stefan Yakimenko_177800,Stefan Yakimenko,-1,0,48,44,4,92,2021-08-25 20:30:00,521269
Z Kasinski_29010,Z Kasinski,-1,0,39,42,-3,81,2021-08-25 20:30:00,521270
Mykola Lytvynenko_1406930380,Mykola Lytvynenko,-1,0,44,46,-2,90,2021-08-25 20:35:00,521271
Alina Man_177815,Alina Man,3,1,33,21,12,54,2021-08-25 20:35:00,521272
V Kasatkin_128900,V Kasatkin,1,1,49,41,8,90,2021-08-25 20:36:00,521273
Serhii Kinash_1383028623,Serhii Kinash,2,1,37,24,13,61,2021-08-25 20:40:00,521274
Lukas Adamec_178238,Lukas Adamec,3,1,33,21,12,54,2021-08-25 20:40:00,521275
Bohdan Havryliuk_177827,Bohdan Havryliuk,-2,0,35,42,-7,77,2021-08-25 20:40:00,521276
Oleksandr Semenets_1345302402,Oleksandr Semenets,-2,0,35,38,-3,73,2021-08-25 20:45:00,521277
Ivan Udovenko_178239,Ivan Udovenko,1,1,47,43,4,90,2021-08-25 20:45:00,521278
A Innazarov_128940,A Innazarov,3,1,33,17,16,50,2021-08-25 20:49:00,521279
D Razinkov_128866,D Razinkov,2,1,45,36,9,81,2021-08-25 20:49:00,521280
Taras Gil_177786,Taras Gil,1,1,50,47,3,97,2021-08-25 20:50:00,521281
Yurii Kurishchenko_177938,Yurii Kurishchenko,2,1,45,39,6,84,2021-08-25 20:50:00,521282
Artem Tkachenko_1315135023,Artem Tkachenko,2,1,37,20,17,57,2021-08-25 20:50:00,521283
Oleksandr Dukhovenko_177851,Oleksandr Dukhovenko,1,1,46,44,2,90,2021-08-25 20:55:00,521284
Artem Nesterenko_1818391131,Artem Nesterenko,-3,0,23,34,-11,57,2021-08-25 20:55:00,521285
P Sudek_28969,P Sudek,-3,0,25,36,-11,61,2021-08-25 21:00:00,521286
Bohdan Yurka_177801,Bohdan Yurka,-2,0,36,43,-7,79,2021-08-25 21:00:00,521287
Jan Vasek_177900,Jan Vasek,-2,0,31,41,-10,72,2021-08-25 21:00:00,521288
Ihor Petryshyn_674992885,Ihor Petryshyn,-1,0,42,51,-9,93,2021-08-25 21:05:00,521289
Anastasiia Gordinskaya-Sheiko_177816,Anastasiia Gordinskaya-Sheiko,-2,0,36,42,-6,78,2021-08-25 21:05:00,521290
Viktor Bereza_177828,Viktor Bereza,-3,0,20,33,-13,53,2021-08-25 21:10:00,521291
Sergey Filatov_326129238,Sergey Filatov,-2,0,45,50,-5,95,2021-08-25 21:10:00,521292
V Fedorov_128941,V Fedorov,-2,0,34,43,-9,77,2021-08-25 21:15:00,521293
Nazar Kasianyk_178240,Nazar Kasianyk,3,1,33,15,18,48,2021-08-25 21:15:00,521294
Ivan Kozyr_123559147,Ivan Kozyr,-2,0,30,43,-13,73,2021-08-25 21:15:00,521295
I Moshkov_128867,I Moshkov,-2,0,33,42,-9,75,2021-08-25 21:19:00,521296
E Makarenkov_128901,E Makarenkov,-1,0,46,53,-7,99,2021-08-25 21:19:00,521297
Yurii Kolos_177787,Yurii Kolos,2,1,36,30,6,66,2021-08-25 21:20:00,521298
Dmytro Lazuryk_177939,Dmytro Lazuryk,3,1,33,21,12,54,2021-08-25 21:20:00,521299
Serhii Kinash_1677771909,Serhii Kinash,2,1,50,45,5,95,2021-08-25 21:20:00,521300
Andrii Troyan_698666977,Andrii Troyan,2,1,34,34,0,68,2021-08-25 21:25:00,521301
J Svec_28970,J Svec,-1,0,46,47,-1,93,2021-08-25 21:30:00,521302
Timur Voitekhov_178241,Timur Voitekhov,-1,0,45,47,-2,92,2021-08-25 21:30:00,521303
Vladyslav Stukalov_177802,Vladyslav Stukalov,-3,0,20,33,-13,53,2021-08-25 21:30:00,521304
Lukas Mayer_177901,Lukas Mayer,1,1,48,43,5,91,2021-08-25 21:30:00,521305
Ihor Syniavskyi_806646046,Ihor Syniavskyi,-3,0,14,33,-19,47,2021-08-25 21:30:00,521306
Oleh Volynets_177829,Oleh Volynets,2,1,40,29,11,69,2021-08-25 21:40:00,521307
Ihor Petryshyn_2128573934,Ihor Petryshyn,2,1,43,36,7,79,2021-08-25 21:40:00,521308
Mykola Lytvynenko_1192354163,Mykola Lytvynenko,-1,0,41,47,-6,88,2021-08-25 21:45:00,521309
A Innazarov_128942,A Innazarov,1,1,49,43,6,92,2021-08-25 21:45:00,521310
D Razinkov_128868,D Razinkov,1,1,48,42,6,90,2021-08-25 21:48:00,521311
Taras Gil_177788,Taras Gil,1,1,51,47,4,98,2021-08-25 21:50:00,521312
Oleksandr Semenets_1819366379,Oleksandr Semenets,-2,0,31,42,-11,73,2021-08-25 21:50:00,521313
Andrii Dombrovskyi_177940,Andrii Dombrovskyi,-3,0,26,34,-8,60,2021-08-25 21:50:00,521314
Ivan Kozyr_2024085259,Ivan Kozyr,3,1,35,26,9,61,2021-08-25 21:55:00,521315
Lukas Mayer_177902,Lukas Mayer,-2,0,32,43,-11,75,2021-08-25 22:00:00,521316
Yurii Parahailo_332306359,Yurii Parahailo,-1,0,54,54,0,108,2021-08-25 22:00:00,521317
Oleksandr Dukhovenko_178242,Oleksandr Dukhovenko,-1,0,47,46,1,93,2021-08-25 22:00:00,521318
V Kasatkin_128902,V Kasatkin,3,1,33,13,20,46,2021-08-25 22:00:00,521319
Bohdan Yurka_177803,Bohdan Yurka,3,1,33,16,17,49,2021-08-25 22:00:00,521320
O Pastorek_28971,O Pastorek,-2,0,25,42,-17,67,2021-08-25 22:05:00,521321
Dmytro Belanchyk_2111499356,Dmytro Belanchyk,3,1,33,22,11,55,2021-08-25 22:05:00,521322
Viktor Bereza_177830,Viktor Bereza,3,1,35,28,7,63,2021-08-25 22:10:00,521323
Yaroslav Vorsuliak_1243399153,Yaroslav Vorsuliak,1,1,46,41,5,87,2021-08-25 22:15:00,521324
P Pinkovskii_128943,P Pinkovskii,-2,0,36,43,-7,79,2021-08-25 22:16:00,521325
I Mihaylov_128903,I Mihaylov,-2,0,26,40,-14,66,2021-08-25 22:18:00,521326
I Soldatov_128869,I Soldatov,1,1,43,44,-1,87,2021-08-25 22:19:00,521327
Andrii Matiushenko_177941,Andrii Matiushenko,2,1,42,30,12,72,2021-08-25 22:20:00,521328
Oleksandr Kalynevych_177789,Oleksandr Kalynevych,1,1,51,47,4,98,2021-08-25 22:20:00,521329
Yevhenii Kryvorotko_916485816,Yevhenii Kryvorotko,-1,0,41,53,-12,94,2021-08-25 22:20:00,521330
Maksym Kolos_243027841,Maksym Kolos,-3,0,23,33,-10,56,2021-08-25 22:25:00,521331
Oleh Yurenev_177804,Oleh Yurenev,1,1,53,46,7,99,2021-08-25 22:30:00,521332
Serhii Kinash_1991925374,Serhii Kinash,1,1,50,49,1,99,2021-08-25 22:30:00,521333
T Andrle_28972,T Andrle,-2,0,22,41,-19,63,2021-08-25 22:30:00,521334
Jan Vasek_177903,Jan Vasek,-2,0,31,41,-10,72,2021-08-25 22:30:00,521335
Yaroslav Tkachenko_177831,Yaroslav Tkachenko,1,1,51,43,8,94,2021-08-25 22:40:00,521336
E Makarenkov_129092,E Makarenkov,-2,0,38,45,-7,83,2021-08-25 22:46:00,521337
V Fedorov_129094,V Fedorov,-2,0,37,44,-7,81,2021-08-25 22:49:00,521338
Yurii Kurishchenko_177942,Yurii Kurishchenko,-2,0,31,38,-7,69,2021-08-25 22:50:00,521339
I Moshkov_129096,I Moshkov,-1,0,50,55,-5,105,2021-08-25 22:54:00,521340
Milan Liptak_177904,Milan Liptak,-2,0,40,48,-8,88,2021-08-25 23:00:00,521341
O Pastorek_28973,O Pastorek,3,1,35,28,7,63,2021-08-25 23:00:00,521342
Maksym Kolos_1480770097,Maksym Kolos,1,1,43,48,-5,91,2021-08-25 23:00:00,521343
Anatolii Chaplianka_1845366065,Anatolii Chaplianka,1,1,45,48,-3,93,2021-08-25 23:05:00,521344
S Korolev_129095,S Korolev,3,1,35,25,10,60,2021-08-25 23:15:00,521345
Andrii Dombrovskyi_177943,Andrii Dombrovskyi,1,1,49,46,3,95,2021-08-25 23:20:00,521346
V Chernov_129093,V Chernov,-2,0,29,43,-14,72,2021-08-25 23:21:00,521347
I Soldatov_129097,I Soldatov,1,1,59,58,1,117,2021-08-25 23:24:00,521348
J Svec_28974,J Svec,2,1,41,31,10,72,2021-08-25 23:29:00,521349
Jan Vasek_177905,Jan Vasek,2,1,42,32,10,74,2021-08-25 23:30:00,521350
Sergey Demidov_1311025966,Sergey Demidov,-1,0,43,51,-8,94,2021-08-25 23:35:00,521351
N Zhurba_128944,N Zhurba,-2,0,25,39,-14,64,2021-08-25 23:45:00,521352
Igor Demchuk_742919273,Igor Demchuk,3,1,33,15,18,48,2021-08-25 23:45:00,521353
Dmytro Gudimenko_177944,Dmytro Gudimenko,3,1,39,23,16,62,2021-08-25 23:50:00,521354
S Ogai_128904,S Ogai,2,1,41,28,13,69,2021-08-25 23:56:00,521355
Ludek Stoces_178243,Ludek Stoces,-1,0,44,46,-2,90,2021-08-26 00:00:00,521356
P Sudek_29011,P Sudek,2,1,41,29,12,70,2021-08-26 00:00:00,521357
Oleksandr Soloviov_1088038961,Oleksandr Soloviov,-3,0,26,33,-7,59,2021-08-26 00:05:00,521358
V Chahur_128870,V Chahur,-1,0,54,54,0,108,2021-08-26 00:10:00,521359
Roman Vashchuk_165161793,Roman Vashchuk,1,1,51,46,5,97,2021-08-26 00:15:00,521360
S Martyukhin_128945,S Martyukhin,2,1,46,28,18,74,2021-08-26 00:15:00,521361
R Pavlenko_128905,R Pavlenko,1,1,46,45,1,91,2021-08-26 00:19:00,521362
Andrii Dombrovskyi_177945,Andrii Dombrovskyi,3,1,34,18,16,52,2021-08-26 00:20:00,521363
Oleksandr Melashenko_177867,Oleksandr Melashenko,-1,0,43,49,-6,92,2021-08-26 00:25:00,521364
Lukas Mayer_178244,Lukas Mayer,-2,0,36,42,-6,78,2021-08-26 00:30:00,521365
O Pastorek_29012,O Pastorek,-2,0,28,43,-15,71,2021-08-26 00:30:00,521366
Sergey Demidov_812817031,Sergey Demidov,2,1,43,35,8,78,2021-08-26 00:35:00,521367
K Churin_128906,K Churin,-2,0,30,38,-8,68,2021-08-26 00:44:00,521368
O Kutuzov_128871,O Kutuzov,-2,0,33,44,-11,77,2021-08-26 00:44:00,521369
Igor Demchuk_332904889,Igor Demchuk,-1,0,44,51,-7,95,2021-08-26 00:45:00,521370
A Volkov_128946,A Volkov,2,1,44,30,14,74,2021-08-26 00:45:00,521371
Dmytro Lazuryk_177946,Dmytro Lazuryk,2,1,40,32,8,72,2021-08-26 00:50:00,521372
Volodymyr Hainiuk_177868,Volodymyr Hainiuk,2,1,43,36,7,79,2021-08-26 00:55:00,521373
Oleksandr Soloviov_1598435950,Oleksandr Soloviov,-3,0,25,36,-11,61,2021-08-26 01:05:00,521374
D Evlahin_128907,D Evlahin,-2,0,28,44,-16,72,2021-08-26 01:06:00,521375
K Malahov_128872,K Malahov,1,1,54,48,6,102,2021-08-26 01:10:00,521376
Viktor Bosak_396239946,Viktor Bosak,2,1,44,40,4,84,2021-08-26 01:15:00,521377
A Girevenkov_128947,A Girevenkov,2,1,45,33,12,78,2021-08-26 01:15:00,521378
Oleh Skoryk_177869,Oleh Skoryk,3,1,36,26,10,62,2021-08-26 01:25:00,521379
R Pavlenko_128908,R Pavlenko,3,1,33,18,15,51,2021-08-26 01:31:00,521380
Sergey Demidov_1127971152,Sergey Demidov,2,1,42,37,5,79,2021-08-26 01:35:00,521381
Roman Vashchuk_1028298315,Roman Vashchuk,1,1,53,47,6,100,2021-08-26 01:45:00,521382
S Martyukhin_128948,S Martyukhin,-1,0,44,51,-7,95,2021-08-26 01:45:00,521383
Yu Lbov_128873,Yu Lbov,3,1,33,21,12,54,2021-08-26 01:49:00,521384
Volodymyr Hainiuk_177870,Volodymyr Hainiuk,-1,0,51,53,-2,104,2021-08-26 01:55:00,521385
D Evlahin_128909,D Evlahin,-1,0,49,53,-4,102,2021-08-26 02:02:00,521386
Andrey Movin_1596888434,Andrey Movin,1,1,50,52,-2,102,2021-08-26 02:05:00,521387
O Kutuzov_128874,O Kutuzov,-3,0,14,33,-19,47,2021-08-26 02:08:00,521388
Igor Demchuk_544811106,Igor Demchuk,2,1,39,40,-1,79,2021-08-26 02:15:00,521389
Yu Lbov_128875,Yu Lbov,3,1,33,24,9,57,2021-08-26 02:25:00,521390
Oleksandr Melashenko_177871,Oleksandr Melashenko,1,1,53,43,10,96,2021-08-26 02:25:00,521391
A Girevenkov_128949,A Girevenkov,-3,0,21,33,-12,54,2021-08-26 02:25:00,521392
D Korneev_128910,D Korneev,1,1,46,41,5,87,2021-08-26 02:33:00,521393
Sergey Demidov_1175494152,Sergey Demidov,-2,0,36,38,-2,74,2021-08-26 02:35:00,521394
Viktor Bosak_1212759218,Viktor Bosak,-3,0,21,34,-13,55,2021-08-26 02:45:00,521395
Yu Merkushin_128950,Yu Merkushin,-1,0,43,48,-5,91,2021-08-26 02:45:00,521396
S Myagkov_128876,S Myagkov,-1,0,47,40,7,87,2021-08-26 02:47:00,521397
Kostiantyn Kovalchuk_177872,Kostiantyn Kovalchuk,-3,0,22,33,-11,55,2021-08-26 02:55:00,521398
K Churin_128911,K Churin,-3,0,19,33,-14,52,2021-08-26 03:02:00,521399
Oleksandr Soloviov_1087933396,Oleksandr Soloviov,1,1,49,43,6,92,2021-08-26 03:05:00,521400
Roman Vashchuk_606149698,Roman Vashchuk,-2,0,33,41,-8,74,2021-08-26 03:15:00,521401
A Volkov_128951,A Volkov,2,1,42,24,18,66,2021-08-26 03:17:00,521402
K Malahov_128877,K Malahov,3,1,36,24,12,60,2021-08-26 03:20:00,521403
Oleh Skoryk_177873,Oleh Skoryk,-3,0,23,34,-11,57,2021-08-26 03:25:00,521404
S Ogai_128912,S Ogai,2,1,39,36,3,75,2021-08-26 03:30:00,521405
Sergey Demidov_825201686,Sergey Demidov,-2,0,41,45,-4,86,2021-08-26 03:35:00,521406
Igor Vatsyn_1075165689,Igor Vatsyn,-1,0,48,46,2,94,2021-08-26 03:45:00,521407
N Zhurba_128952,N Zhurba,-3,0,23,34,-11,57,2021-08-26 03:45:00,521408
V Chahur_128878,V Chahur,-3,0,22,34,-12,56,2021-08-26 03:46:00,521409
Volodymyr Hainiuk_177874,Volodymyr Hainiuk,-1,0,48,54,-6,102,2021-08-26 03:55:00,521410
D Korneev_128913,D Korneev,1,1,49,45,4,94,2021-08-26 04:01:00,521411
Oleksandr Soloviov_1598258379,Oleksandr Soloviov,-3,0,27,34,-7,61,2021-08-26 04:05:00,521412
Igor Demchuk_1850454990,Igor Demchuk,-2,0,33,38,-5,71,2021-08-26 04:15:00,521413
Yu Merkushin_128953,Yu Merkushin,-3,0,26,35,-9,61,2021-08-26 04:15:00,521414
S Myagkov_128879,S Myagkov,-2,0,38,38,0,76,2021-08-26 04:17:00,521415
Oleksandr Melashenko_177875,Oleksandr Melashenko,3,1,33,17,16,50,2021-08-26 04:25:00,521416
Sergey Demidov_2012373687,Sergey Demidov,1,1,58,56,2,114,2021-08-26 04:35:00,521417
D Evlahin_129098,D Evlahin,-2,0,25,40,-15,65,2021-08-26 04:39:00,521418
Viktor Bosak_775512445,Viktor Bosak,-3,0,25,33,-8,58,2021-08-26 04:45:00,521419
N Zhurba_129100,N Zhurba,1,1,51,43,8,94,2021-08-26 04:45:00,521420
S Myagkov_129102,S Myagkov,3,1,33,15,18,48,2021-08-26 04:51:00,521421
Kostiantyn Kovalchuk_177876,Kostiantyn Kovalchuk,2,1,36,34,2,70,2021-08-26 04:55:00,521422
D Korneev_129099,D Korneev,-1,0,48,48,0,96,2021-08-26 05:02:00,521423
Andrey Movin_1958903733,Andrey Movin,2,1,44,26,18,70,2021-08-26 05:05:00,521424
Yu Lbov_129103,Yu Lbov,-3,0,23,33,-10,56,2021-08-26 05:15:00,521425
Volodymyr Tuchkevych_1802099888,Volodymyr Tuchkevych,1,1,48,46,2,94,2021-08-26 05:15:00,521426
S Martyukhin_129101,S Martyukhin,-2,0,41,53,-12,94,2021-08-26 05:15:00,521427
Oleh Skoryk_177877,Oleh Skoryk,-1,0,42,50,-8,92,2021-08-26 05:25:00,521428
Oleksandr Melashenko_177878,Oleksandr Melashenko,-3,0,17,33,-16,50,2021-08-26 05:55:00,521429
Roman Yushko_177879,Roman Yushko,-3,0,20,33,-13,53,2021-08-26 06:25:00,521430
Oleksandr Melashenko_177880,Oleksandr Melashenko,-1,0,45,45,0,90,2021-08-26 06:55:00,521431
Volodymyr Hainiuk_177881,Volodymyr Hainiuk,-3,0,19,33,-14,52,2021-08-26 07:25:00,521432
A Bogomolov_129012,A Bogomolov,-1,0,56,63,-7,119,2021-08-26 07:33:00,521433
D Tikhnenko_128978,D Tikhnenko,1,1,48,48,0,96,2021-08-26 07:46:00,521434
Nikita Trofimov_1682774680,Nikita Trofimov,-1,0,41,48,-7,89,2021-08-26 07:50:00,521435
Oleksandr Kalynevych_177982,Oleksandr Kalynevych,2,1,45,35,10,80,2021-08-26 07:50:00,521436
Oleksandr Hubarev_1053017545,Oleksandr Hubarev,-2,0,27,42,-15,69,2021-08-26 07:55:00,521437
S Homutov_129052,S Homutov,2,1,40,30,10,70,2021-08-26 07:59:00,521438
Alina Novosad_177992,Alina Novosad,-1,0,52,48,4,100,2021-08-26 08:00:00,521439
Vadym Reva_178004,Vadym Reva,2,1,42,32,10,74,2021-08-26 08:05:00,521440
Yaroslav Tkachenko_178019,Yaroslav Tkachenko,1,1,50,43,7,93,2021-08-26 08:10:00,521441
S Ovechkin_129013,S Ovechkin,-3,0,15,33,-18,48,2021-08-26 08:12:00,521442
Nazar Kasianyk_178034,Nazar Kasianyk,-2,0,32,36,-4,68,2021-08-26 08:15:00,521443
Bohdan Chaikovskyi_177983,Bohdan Chaikovskyi,3,1,33,20,13,53,2021-08-26 08:20:00,521444
V Bazilevskiy_129053,V Bazilevskiy,-2,0,34,42,-8,76,2021-08-26 08:20:00,521445
V Kutin_128979,V Kutin,1,1,49,40,9,89,2021-08-26 08:24:00,521446
Anton Molochko_548781641,Anton Molochko,-2,0,35,43,-8,78,2021-08-26 08:25:00,521447
Olena Nalisnikovska_177993,Olena Nalisnikovska,2,1,42,41,1,83,2021-08-26 08:30:00,521448
Sergiy Balabey_2123966482,Sergiy Balabey,-3,0,20,33,-13,53,2021-08-26 08:30:00,521449
V Zhigalov_129014,V Zhigalov,2,1,42,31,11,73,2021-08-26 08:33:00,521450
Serhii Bohach_178005,Serhii Bohach,2,1,40,33,7,73,2021-08-26 08:35:00,521451
Oleksandr Tkachenko_1196032987,Oleksandr Tkachenko,-1,0,33,48,-15,81,2021-08-26 08:35:00,521452
Alina Kurtenko_1210691850,Alina Kurtenko,-1,0,50,50,0,100,2021-08-26 08:40:00,521453
Bohdan Havryliuk_178020,Bohdan Havryliuk,1,1,40,44,-4,84,2021-08-26 08:40:00,521454
Roman Pinchuk_334990168,Roman Pinchuk,2,1,47,43,4,90,2021-08-26 08:45:00,521455
Yevhen Korol_178035,Yevhen Korol,-3,0,19,33,-14,52,2021-08-26 08:45:00,521456
Ivan Efimenko_178044,Ivan Efimenko,3,1,33,19,14,52,2021-08-26 08:50:00,521457
Oleksandr Kalynevych_177984,Oleksandr Kalynevych,-2,0,29,40,-11,69,2021-08-26 08:50:00,521458
Volodymyr Plishylo_1311994423,Volodymyr Plishylo,-2,0,24,42,-18,66,2021-08-26 08:50:00,521459
V Tsvetkov_129054,V Tsvetkov,3,1,33,21,12,54,2021-08-26 08:53:00,521460
E Makarenkov_128980,E Makarenkov,-3,0,19,33,-14,52,2021-08-26 08:54:00,521461
Nazarii Haievyi_1317235356,Nazarii Haievyi,-1,0,45,44,1,89,2021-08-26 08:55:00,521462
Alina Man_178059,Alina Man,-3,0,13,33,-20,46,2021-08-26 08:55:00,521463
Uryi Schepanskyi_1811850536,Uryi Schepanskyi,1,1,48,41,7,89,2021-08-26 08:55:00,521464
Nikita Trofimov_276827846,Nikita Trofimov,-1,0,43,52,-9,95,2021-08-26 09:00:00,521465
Ruslan Nyzhnyk_178227,Ruslan Nyzhnyk,-2,0,41,40,1,81,2021-08-26 09:00:00,521466
Olena Nalisnikovska_177994,Olena Nalisnikovska,-1,0,51,49,2,100,2021-08-26 09:00:00,521467
Tomas Stejskal_178203,Tomas Stejskal,-1,0,41,45,-4,86,2021-08-26 09:00:00,521468
P Vshivkov_129015,P Vshivkov,-1,0,45,49,-4,94,2021-08-26 09:00:00,521469
J Pozarsky_28983,J Pozarsky,-1,0,48,50,-2,98,2021-08-26 09:02:00,521470
Andrii Sydorenko_178006,Andrii Sydorenko,2,1,34,29,5,63,2021-08-26 09:05:00,521471
Bohdan Zaika_874419356,Bohdan Zaika,-2,0,24,40,-16,64,2021-08-26 09:05:00,521472
Vladyslav Sliuzenko_1670020365,Vladyslav Sliuzenko,3,1,33,22,11,55,2021-08-26 09:10:00,521473
Sergii Skhabitskiy_178021,Sergii Skhabitskiy,3,1,35,22,13,57,2021-08-26 09:10:00,521474
Anna Miklukha_744327956,Anna Miklukha,-1,0,46,48,-2,94,2021-08-26 09:15:00,521475
A Zirin_128981,A Zirin,-1,0,44,46,-2,90,2021-08-26 09:15:00,521476
Nazar Kasianyk_178036,Nazar Kasianyk,3,1,34,22,12,56,2021-08-26 09:15:00,521477
A Golyshev_129055,A Golyshev,3,1,33,23,10,56,2021-08-26 09:16:00,521478
Ivan Pytsko_177985,Ivan Pytsko,2,1,41,26,15,67,2021-08-26 09:20:00,521479
Rodion Kapinus_178045,Rodion Kapinus,-1,0,47,50,-3,97,2021-08-26 09:20:00,521480
Serhii Hilitukha_314060373,Serhii Hilitukha,3,1,33,21,12,54,2021-08-26 09:20:00,521481
Andrii Hordii_1266654506,Andrii Hordii,-3,0,22,33,-11,55,2021-08-26 09:25:00,521482
Alina Stefaniuk_178060,Alina Stefaniuk,2,1,42,30,12,72,2021-08-26 09:25:00,521483
Pavlo Zaderei_804883480,Pavlo Zaderei,3,1,42,30,12,72,2021-08-26 09:30:00,521484
Vaclav Coubal_178204,Vaclav Coubal,-3,0,26,33,-7,59,2021-08-26 09:30:00,521485
Roman Cherevko_1519386648,Roman Cherevko,1,1,47,41,6,88,2021-08-26 09:30:00,521486
Mykola Kulynych_178228,Mykola Kulynych,2,1,42,35,7,77,2021-08-26 09:30:00,521487
Alina Novosad_177995,Alina Novosad,2,1,41,32,9,73,2021-08-26 09:30:00,521488
Jo Belovsky_28984,Jo Belovsky,1,1,46,37,9,83,2021-08-26 09:35:00,521489
Serhii Bohach_178007,Serhii Bohach,-3,0,24,35,-11,59,2021-08-26 09:35:00,521490
Serhii Tsybulin_141961914,Serhii Tsybulin,-2,0,39,49,-10,88,2021-08-26 09:35:00,521491
V Zhigalov_129016,V Zhigalov,-1,0,45,48,-3,93,2021-08-26 09:36:00,521492
Bohdan Havryliuk_178022,Bohdan Havryliuk,3,1,33,17,16,50,2021-08-26 09:40:00,521493
Sergiy Balabey_1100546877,Sergiy Balabey,-3,0,23,33,-10,56,2021-08-26 09:40:00,521494
Oleksandr Tkachenko_1550405875,Oleksandr Tkachenko,-1,0,46,48,-2,94,2021-08-26 09:45:00,521495
Maksym Mrykh_178037,Maksym Mrykh,1,1,45,44,1,89,2021-08-26 09:45:00,521496
V Tsvetkov_129056,V Tsvetkov,-3,0,15,33,-18,48,2021-08-26 09:45:00,521497
Alina Kurtenko_1140995545,Alina Kurtenko,3,1,34,25,9,59,2021-08-26 09:50:00,521498
Illia Valchuk_178046,Illia Valchuk,-3,0,13,33,-20,46,2021-08-26 09:50:00,521499
Bohdan Chaikovskyi_177986,Bohdan Chaikovskyi,3,1,33,21,12,54,2021-08-26 09:50:00,521500
E Makarenkov_128982,E Makarenkov,-3,0,21,34,-13,55,2021-08-26 09:52:00,521501
Alina Man_178061,Alina Man,-3,0,19,33,-14,52,2021-08-26 09:55:00,521502
Roman Pinchuk_585404462,Roman Pinchuk,-2,0,29,40,-11,69,2021-08-26 09:55:00,521503
Volodymyr Plishylo_157903175,Volodymyr Plishylo,-2,0,36,45,-9,81,2021-08-26 10:00:00,521504
Ruslan Nyzhnyk_178229,Ruslan Nyzhnyk,-1,0,45,45,0,90,2021-08-26 10:00:00,521505
Svitlana Yureneva_177996,Svitlana Yureneva,-1,0,34,47,-13,81,2021-08-26 10:00:00,521506
Vaclav Coubal_178205,Vaclav Coubal,-2,0,30,45,-15,75,2021-08-26 10:00:00,521507
S Ovechkin_129017,S Ovechkin,-2,0,28,38,-10,66,2021-08-26 10:03:00,521508
L Adamec_28985,L Adamec,2,1,45,39,6,84,2021-08-26 10:05:00,521509
Uryi Schepanskyi_1489561995,Uryi Schepanskyi,2,1,42,27,15,69,2021-08-26 10:05:00,521510
Nazarii Haievyi_1606181784,Nazarii Haievyi,2,1,49,42,7,91,2021-08-26 10:05:00,521511
Vadym Reva_178008,Vadym Reva,-1,0,38,46,-8,84,2021-08-26 10:05:00,521512
Yaroslav Tkachenko_178023,Yaroslav Tkachenko,-3,0,22,33,-11,55,2021-08-26 10:10:00,521513
Anton Molochko_1066205675,Anton Molochko,-3,0,25,33,-8,58,2021-08-26 10:10:00,521514
Yevhen Korol_178038,Yevhen Korol,-3,0,17,33,-16,50,2021-08-26 10:15:00,521515
Oleksandr Hubarev_1433773684,Oleksandr Hubarev,-3,0,25,37,-12,62,2021-08-26 10:15:00,521516
V Bazilevskiy_129057,V Bazilevskiy,-3,0,30,37,-7,67,2021-08-26 10:16:00,521517
V Kutin_128983,V Kutin,-3,0,21,34,-13,55,2021-08-26 10:17:00,521518
Rodion Kapinus_178047,Rodion Kapinus,2,1,41,33,8,74,2021-08-26 10:20:00,521519
Oleksandr Bondarchuk_1105802433,Oleksandr Bondarchuk,-2,0,31,39,-8,70,2021-08-26 10:20:00,521520
Oleksandr Kalynevych_177987,Oleksandr Kalynevych,-3,0,27,36,-9,63,2021-08-26 10:20:00,521521
Anastasiia Gordinskaya-Sheiko_178062,Anastasiia Gordinskaya-Sheiko,-3,0,22,33,-11,55,2021-08-26 10:25:00,521522
Karina Zavinovskaya_1190005826,Karina Zavinovskaya,-2,0,32,40,-8,72,2021-08-26 10:25:00,521523
Alina Novosad_177997,Alina Novosad,-3,0,23,33,-10,56,2021-08-26 10:30:00,521524
Serhii Hilitukha_1458220997,Serhii Hilitukha,3,1,33,18,15,51,2021-08-26 10:30:00,521525
Tomas Stejskal_178206,Tomas Stejskal,2,1,37,32,5,69,2021-08-26 10:30:00,521526
Roman Bihun_178230,Roman Bihun,2,1,41,34,7,75,2021-08-26 10:30:00,521527
S Ovechkin_129104,S Ovechkin,-3,0,23,33,-10,56,2021-08-26 10:30:00,521528
J Vojtech_28986,J Vojtech,1,1,50,41,9,91,2021-08-26 10:32:00,521529
Nazarii Danyliuk_1329259951,Nazarii Danyliuk,-3,0,21,33,-12,54,2021-08-26 10:35:00,521530
Hennadii Buianover_178009,Hennadii Buianover,-3,0,28,35,-7,63,2021-08-26 10:35:00,521531
Valeriy Kolesnykov_178024,Valeriy Kolesnykov,3,1,33,16,17,49,2021-08-26 10:40:00,521532
Petro Tsolik_235164826,Petro Tsolik,1,1,47,43,4,90,2021-08-26 10:40:00,521533
Serhii Boiko_1327811450,Serhii Boiko,-2,0,26,43,-17,69,2021-08-26 10:40:00,521534
Nikita Trofimov_92803270,Nikita Trofimov,2,1,43,32,11,75,2021-08-26 10:45:00,521535
Nazar Kasianyk_178039,Nazar Kasianyk,1,1,42,47,-5,89,2021-08-26 10:45:00,521536
E Makarenkov_129106,E Makarenkov,2,1,43,26,17,69,2021-08-26 10:45:00,521537
V Bazilevskiy_129108,V Bazilevskiy,1,1,46,41,5,87,2021-08-26 10:49:00,521538
Illia Yanishevskiy_1783517178,Illia Yanishevskiy,-2,0,37,42,-5,79,2021-08-26 10:50:00,521539
Ivan Efimenko_178048,Ivan Efimenko,2,1,43,29,14,72,2021-08-26 10:50:00,521540
Bohdan Chaikovskyi_177988,Bohdan Chaikovskyi,1,1,50,46,4,96,2021-08-26 10:50:00,521541
Vladyslav Sliuzenko_1432192743,Vladyslav Sliuzenko,3,1,33,23,10,56,2021-08-26 10:55:00,521542
Alina Stefaniuk_178063,Alina Stefaniuk,-3,0,15,33,-18,48,2021-08-26 10:55:00,521543
Mariia Kurishchenko_177998,Mariia Kurishchenko,3,1,33,18,15,51,2021-08-26 11:00:00,521544
Jaroslav Puk_178207,Jaroslav Puk,1,1,44,44,0,88,2021-08-26 11:00:00,521545
Mykola Kulynych_178231,Mykola Kulynych,2,1,46,38,8,84,2021-08-26 11:00:00,521546
Anna Miklukha_516229799,Anna Miklukha,-2,0,29,41,-12,70,2021-08-26 11:00:00,521547
P Vshivkov_129105,P Vshivkov,3,1,33,23,10,56,2021-08-26 11:01:00,521548
Roman Pinchuk_487113683,Roman Pinchuk,1,1,47,34,13,81,2021-08-26 11:05:00,521549
Andrii Sydorenko_178010,Andrii Sydorenko,-3,0,21,33,-12,54,2021-08-26 11:05:00,521550
L Adamec_28987,L Adamec,-1,0,39,54,-15,93,2021-08-26 11:07:00,521551
Sergii Skhabitskiy_178025,Sergii Skhabitskiy,-1,0,50,47,3,97,2021-08-26 11:10:00,521552
Andrii Hordii_639384240,Andrii Hordii,-1,0,45,49,-4,94,2021-08-26 11:10:00,521553
V Kutin_129107,V Kutin,2,1,39,35,4,74,2021-08-26 11:15:00,521554
Roman Cherevko_98057093,Roman Cherevko,-2,0,34,40,-6,74,2021-08-26 11:15:00,521555
Pavlo Zaderei_551827102,Pavlo Zaderei,2,1,42,36,6,78,2021-08-26 11:15:00,521556
Yevhen Korol_178040,Yevhen Korol,-2,0,27,40,-13,67,2021-08-26 11:15:00,521557
S Homutov_129109,S Homutov,-3,0,23,34,-11,57,2021-08-26 11:19:00,521558
Ivan Pytsko_177989,Ivan Pytsko,2,1,38,28,10,66,2021-08-26 11:20:00,521559
Yurii Kurishchenko_178049,Yurii Kurishchenko,1,1,49,48,1,97,2021-08-26 11:20:00,521560
Serhii Tsybulin_2140764314,Serhii Tsybulin,3,1,38,26,12,64,2021-08-26 11:20:00,521561
Bohdan Zaika_1185292147,Bohdan Zaika,1,1,42,49,-7,91,2021-08-26 11:25:00,521562
Alina Man_178064,Alina Man,1,1,47,44,3,91,2021-08-26 11:25:00,521563
Olena Nalisnikovska_177999,Olena Nalisnikovska,1,1,54,53,1,107,2021-08-26 11:30:00,521564
Ruslan Nyzhnyk_178232,Ruslan Nyzhnyk,1,1,48,47,1,95,2021-08-26 11:30:00,521565
Tomas Stejskal_178208,Tomas Stejskal,3,1,36,25,11,61,2021-08-26 11:30:00,521566
Oleksandr Tkachenko_630261751,Oleksandr Tkachenko,-2,0,35,42,-7,77,2021-08-26 11:30:00,521567
D Mikheev_129024,D Mikheev,3,1,33,20,13,53,2021-08-26 11:34:00,521568
Alina Kurtenko_1360700681,Alina Kurtenko,2,1,39,34,5,73,2021-08-26 11:35:00,521569
Serhii Bohach_178011,Serhii Bohach,-1,0,40,48,-8,88,2021-08-26 11:35:00,521570
Samvel Melkumian_1267316488,Samvel Melkumian,3,1,33,18,15,51,2021-08-26 11:40:00,521571
Bohdan Havryliuk_178026,Bohdan Havryliuk,1,1,45,45,0,90,2021-08-26 11:40:00,521572
Jo Belovsky_28988,Jo Belovsky,-3,0,15,33,-18,48,2021-08-26 11:42:00,521573
Volodymyr Plishylo_817810546,Volodymyr Plishylo,-2,0,29,41,-12,70,2021-08-26 11:45:00,521574
Maksym Mrykh_178041,Maksym Mrykh,2,1,42,31,11,73,2021-08-26 11:45:00,521575
V Sarkisov_129058,V Sarkisov,-3,0,25,35,-10,60,2021-08-26 11:47:00,521576
A Lobanov_128984,A Lobanov,-1,0,44,48,-4,92,2021-08-26 11:48:00,521577
Uryi Schepanskyi_970896107,Uryi Schepanskyi,-2,0,41,42,-1,83,2021-08-26 11:50:00,521578
Illia Valchuk_178050,Illia Valchuk,3,1,33,21,12,54,2021-08-26 11:50:00,521579
Oleksandr Kalynevych_177990,Oleksandr Kalynevych,-2,0,36,42,-6,78,2021-08-26 11:50:00,521580
Nazarii Haievyi_561468021,Nazarii Haievyi,-2,0,33,40,-7,73,2021-08-26 11:50:00,521581
Alina Stefaniuk_178065,Alina Stefaniuk,2,1,41,33,8,74,2021-08-26 11:55:00,521582
Anton Molochko_362662138,Anton Molochko,-2,0,30,46,-16,76,2021-08-26 11:55:00,521583
Mykola Kulynych_178233,Mykola Kulynych,-1,0,40,48,-8,88,2021-08-26 12:00:00,521584
Jaroslav Puk_178245,Jaroslav Puk,-1,0,43,46,-3,89,2021-08-26 12:00:00,521585
Sergiy Balabey_1097066719,Sergiy Balabey,-3,0,17,33,-16,50,2021-08-26 12:00:00,521586
Svitlana Yureneva_178000,Svitlana Yureneva,-3,0,19,33,-14,52,2021-08-26 12:00:00,521587
Ya Troyanov_129025,Ya Troyanov,3,1,33,19,14,52,2021-08-26 12:02:00,521588
Oleksandr Bondarchuk_1412089446,Oleksandr Bondarchuk,-1,0,50,49,1,99,2021-08-26 12:05:00,521589
Vadym Reva_178012,Vadym Reva,1,1,48,44,4,92,2021-08-26 12:05:00,521590
Jo Belovsky_29013,Jo Belovsky,2,1,45,40,5,85,2021-08-26 12:08:00,521591
Karina Zavinovskaya_1125353513,Karina Zavinovskaya,-3,0,17,33,-16,50,2021-08-26 12:10:00,521592
Yaroslav Tkachenko_178027,Yaroslav Tkachenko,1,1,47,48,-1,95,2021-08-26 12:10:00,521593
D Andreev_129059,D Andreev,-1,0,37,50,-13,87,2021-08-26 12:15:00,521594
Serhii Hilitukha_1961706336,Serhii Hilitukha,2,1,39,34,5,73,2021-08-26 12:15:00,521595
Nazar Kasianyk_178042,Nazar Kasianyk,-3,0,24,33,-9,57,2021-08-26 12:15:00,521596
I Minchenkov_128985,I Minchenkov,1,1,51,49,2,100,2021-08-26 12:16:00,521597
Yurii Kolos_177991,Yurii Kolos,1,1,46,42,4,88,2021-08-26 12:20:00,521598
Nazarii Danyliuk_1890220739,Nazarii Danyliuk,-1,0,42,54,-12,96,2021-08-26 12:20:00,521599
Rodion Kapinus_178051,Rodion Kapinus,-1,0,42,47,-5,89,2021-08-26 12:20:00,521600
Anastasiia Gordinskaya-Sheiko_178066,Anastasiia Gordinskaya-Sheiko,-1,0,39,44,-5,83,2021-08-26 12:25:00,521601
Serhii Boiko_1771438704,Serhii Boiko,-1,0,37,48,-11,85,2021-08-26 12:25:00,521602
Petro Tsolik_2004427047,Petro Tsolik,-1,0,37,49,-12,86,2021-08-26 12:25:00,521603
Vaclav Jr Hejda_178246,Vaclav Jr Hejda,2,1,47,42,5,89,2021-08-26 12:30:00,521604
Oleksandr Levadnyi_1942541466,Oleksandr Levadnyi,-1,0,45,53,-8,98,2021-08-26 12:30:00,521605
Roman Bihun_178234,Roman Bihun,2,1,41,31,10,72,2021-08-26 12:30:00,521606
Mariia Kurishchenko_178001,Mariia Kurishchenko,-3,0,22,33,-11,55,2021-08-26 12:30:00,521607
T Razinkov_129026,T Razinkov,-1,0,43,50,-7,93,2021-08-26 12:30:00,521608
Oleksandr Hubarev_2113322586,Oleksandr Hubarev,1,1,47,43,4,90,2021-08-26 12:35:00,521609
Hennadii Buianover_178013,Hennadii Buianover,-2,0,27,42,-15,69,2021-08-26 12:35:00,521610
L Adamec_29014,L Adamec,-3,0,22,33,-11,55,2021-08-26 12:38:00,521611
Valeriy Kolesnykov_178028,Valeriy Kolesnykov,1,1,50,49,1,99,2021-08-26 12:40:00,521612
Vladyslav Sliuzenko_1095004625,Vladyslav Sliuzenko,3,1,35,25,10,60,2021-08-26 12:40:00,521613
Anna Miklukha_179541350,Anna Miklukha,-1,0,41,50,-9,91,2021-08-26 12:45:00,521614
Yehor Derun_178043,Yehor Derun,1,1,46,45,1,91,2021-08-26 12:45:00,521615
E Grishaev_129060,E Grishaev,1,1,46,45,1,91,2021-08-26 12:48:00,521616
P Medvedev_128986,P Medvedev,2,1,42,36,6,78,2021-08-26 12:49:00,521617
Roman Pinchuk_392205351,Roman Pinchuk,-1,0,41,44,-3,85,2021-08-26 12:50:00,521618
Ivan Efimenko_178052,Ivan Efimenko,3,1,33,17,16,50,2021-08-26 12:50:00,521619
Andrii Hordii_1013701450,Andrii Hordii,1,1,47,34,13,81,2021-08-26 12:55:00,521620
Alina Man_178067,Alina Man,3,1,33,20,13,53,2021-08-26 12:55:00,521621
Roman Cherevko_771597854,Roman Cherevko,-1,0,52,53,-1,105,2021-08-26 13:00:00,521622
Ruslan Nyzhnyk_178235,Ruslan Nyzhnyk,3,1,36,26,10,62,2021-08-26 13:00:00,521623
Artur Akopyan_178221,Artur Akopyan,3,1,33,15,18,48,2021-08-26 13:00:00,521624
Pavlo Zaderei_1151589104,Pavlo Zaderei,3,1,33,20,13,53,2021-08-26 13:00:00,521625
Mariia Kurishchenko_178002,Mariia Kurishchenko,2,1,40,32,8,72,2021-08-26 13:00:00,521626
P Semeshin_129027,P Semeshin,-3,0,25,33,-8,58,2021-08-26 13:03:00,521627
Ja Jablonovsky_28989,Ja Jablonovsky,-2,0,28,38,-10,66,2021-08-26 13:04:00,521628
Andrii Sydorenko_178014,Andrii Sydorenko,-1,0,43,48,-5,91,2021-08-26 13:05:00,521629
Nikita Trofimov_57688380,Nikita Trofimov,-3,0,20,33,-13,53,2021-08-26 13:05:00,521630
Sergii Skhabitskiy_178029,Sergii Skhabitskiy,-2,0,48,52,-4,100,2021-08-26 13:10:00,521631
Illia Yanishevskiy_1505530340,Illia Yanishevskiy,2,1,48,36,12,84,2021-08-26 13:10:00,521632
Ivan Pytsko_178247,Ivan Pytsko,2,1,40,30,10,70,2021-08-26 13:10:00,521633
Anatolii Lievshin_799456313,Anatolii Lievshin,-3,0,30,40,-10,70,2021-08-26 13:15:00,521634
V Putilovsky_128987,V Putilovsky,2,1,40,34,6,74,2021-08-26 13:17:00,521635
Viktoria Kurtenko_28612124,Viktoria Kurtenko,-2,0,31,36,-5,67,2021-08-26 13:20:00,521636
Yurii Kurishchenko_178053,Yurii Kurishchenko,-2,0,35,39,-4,74,2021-08-26 13:20:00,521637
V Evlampiev_129061,V Evlampiev,-1,0,53,50,3,103,2021-08-26 13:24:00,521638
Serhii Hilitukha_1687283195,Serhii Hilitukha,-2,0,39,44,-5,83,2021-08-26 13:25:00,521639
Oleh Volynets_178253,Oleh Volynets,-3,0,16,33,-17,49,2021-08-26 13:25:00,521640
Viktoriia Husieva_178068,Viktoriia Husieva,-2,0,30,37,-7,67,2021-08-26 13:25:00,521641
Volodymyr Salo_178236,Volodymyr Salo,1,1,43,49,-6,92,2021-08-26 13:30:00,521642
Nazarii Kovalchuk_455106920,Nazarii Kovalchuk,-1,0,45,49,-4,94,2021-08-26 13:30:00,521643
Svitlana Yureneva_178003,Svitlana Yureneva,-3,0,20,36,-16,56,2021-08-26 13:30:00,521644
P Pycha_28990,P Pycha,2,1,39,32,7,71,2021-08-26 13:30:00,521645
Petr Fiser_178222,Petr Fiser,-3,0,23,34,-11,57,2021-08-26 13:30:00,521646
T Razinkov_129028,T Razinkov,1,1,49,47,2,96,2021-08-26 13:31:00,521647
Vitalii Zharskiy_626632519,Vitalii Zharskiy,2,1,44,37,7,81,2021-08-26 13:35:00,521648
Yevhen Masko_39470014,Yevhen Masko,-3,0,25,33,-8,58,2021-08-26 13:35:00,521649
Vadym Reva_178015,Vadym Reva,3,1,33,17,16,50,2021-08-26 13:35:00,521650
Anton Molochko_259298282,Anton Molochko,3,1,34,23,11,57,2021-08-26 13:40:00,521651
Yaroslav Tkachenko_178030,Yaroslav Tkachenko,3,1,36,23,13,59,2021-08-26 13:40:00,521652
Volodymyr Okopnyi_178248,Volodymyr Okopnyi,2,1,43,39,4,82,2021-08-26 13:40:00,521653
Bohdan Zaika_1193782784,Bohdan Zaika,1,1,52,42,10,94,2021-08-26 13:45:00,521654
Oleksandr Tkachenko_1848810837,Oleksandr Tkachenko,-2,0,33,45,-12,78,2021-08-26 13:50:00,521655
Illia Valchuk_178054,Illia Valchuk,-1,0,41,48,-7,89,2021-08-26 13:50:00,521656
P Medvedev_128988,P Medvedev,-2,0,36,41,-5,77,2021-08-26 13:51:00,521657
Alina Kurtenko_320890651,Alina Kurtenko,-2,0,37,43,-6,80,2021-08-26 13:55:00,521658
Yehor Derun_178254,Yehor Derun,-2,0,34,41,-7,75,2021-08-26 13:55:00,521659
T Varnuska_28991,T Varnuska,3,1,33,16,17,49,2021-08-26 14:00:00,521660
Roman Pinchuk_1036119551,Roman Pinchuk,-2,0,32,40,-8,72,2021-08-26 14:00:00,521661
Petr Fiser_178223,Petr Fiser,-1,0,47,50,-3,97,2021-08-26 14:00:00,521662
Ya Troyanov_129029,Ya Troyanov,-3,0,27,35,-8,62,2021-08-26 14:03:00,521663
Ihor Kovalenko_178016,Ihor Kovalenko,-1,0,50,54,-4,104,2021-08-26 14:05:00,521664
Roman Bihun_178255,Roman Bihun,-1,0,49,51,-2,100,2021-08-26 14:05:00,521665
Volodymyr Plishylo_468090600,Volodymyr Plishylo,2,1,41,34,7,75,2021-08-26 14:05:00,521666
E Grishaev_129062,E Grishaev,2,1,39,30,9,69,2021-08-26 14:09:00,521667
Uryi Schepanskyi_1832227835,Uryi Schepanskyi,-1,0,37,51,-14,88,2021-08-26 14:10:00,521668
Oleg Kolivay_178031,Oleg Kolivay,2,1,41,29,12,70,2021-08-26 14:10:00,521669
Nazarii Haievyi_857929547,Nazarii Haievyi,-1,0,47,47,0,94,2021-08-26 14:10:00,521670
Alina Stefaniuk_178257,Alina Stefaniuk,1,1,59,50,9,109,2021-08-26 14:15:00,521671
Oleksandr Levadnyi_920691109,Oleksandr Levadnyi,-1,0,38,42,-4,80,2021-08-26 14:15:00,521672
I Minchenkov_128989,I Minchenkov,-1,0,47,55,-8,102,2021-08-26 14:17:00,521673
Ivan Efimenko_178055,Ivan Efimenko,-2,0,32,39,-7,71,2021-08-26 14:20:00,521674
Oleksandr Hubarev_1815068688,Oleksandr Hubarev,-3,0,23,34,-11,57,2021-08-26 14:20:00,521675
Oleksandr Bondarchuk_366634270,Oleksandr Bondarchuk,-2,0,28,42,-14,70,2021-08-26 14:25:00,521676
Artur Akopyan_178224,Artur Akopyan,3,1,33,16,17,49,2021-08-26 14:30:00,521677
Ja Prokupek_28992,Ja Prokupek,-3,0,25,38,-13,63,2021-08-26 14:30:00,521678
Karina Zavinovskaya_1439650513,Karina Zavinovskaya,-3,0,26,33,-7,59,2021-08-26 14:30:00,521679
P Semeshin_129156,P Semeshin,-1,0,57,58,-1,115,2021-08-26 14:34:00,521680
Serhii Hilitukha_2113215108,Serhii Hilitukha,-2,0,36,38,-2,74,2021-08-26 14:35:00,521681
Volodymyr Salo_178256,Volodymyr Salo,-3,0,25,35,-10,60,2021-08-26 14:35:00,521682
Vadym Reva_178017,Vadym Reva,1,1,51,46,5,97,2021-08-26 14:35:00,521683
D Andreev_129063,D Andreev,2,1,42,35,7,77,2021-08-26 14:37:00,521684
Volodymyr Plishylo_666717148,Volodymyr Plishylo,3,1,33,22,11,55,2021-08-26 14:40:00,521685
Yaroslav Tkachenko_178032,Yaroslav Tkachenko,-1,0,51,49,2,100,2021-08-26 14:40:00,521686
Uryi Schepanskyi_1139586174,Uryi Schepanskyi,-3,0,23,33,-10,56,2021-08-26 14:45:00,521687
Nazarii Haievyi_2012861534,Nazarii Haievyi,3,1,33,20,13,53,2021-08-26 14:45:00,521688
Mariia Voitekhova_178258,Mariia Voitekhova,-2,0,37,41,-4,78,2021-08-26 14:45:00,521689
Dmytro Lazuryk_178056,Dmytro Lazuryk,-1,0,39,46,-7,85,2021-08-26 14:50:00,521690
Oleksandr Brezytskyi_1289439491,Oleksandr Brezytskyi,-2,0,39,48,-9,87,2021-08-26 14:55:00,521691
Christian Kratochvil_178225,Christian Kratochvil,-2,0,31,39,-8,70,2021-08-26 15:00:00,521692
Vladyslav Kaluhin_1829334284,Vladyslav Kaluhin,-2,0,40,45,-5,85,2021-08-26 15:00:00,521693
V Sarkisov_129216,V Sarkisov,-3,0,18,33,-15,51,2021-08-26 15:01:00,521694
T Varnuska_28993,T Varnuska,-3,0,26,35,-9,61,2021-08-26 15:02:00,521695
I Minchenkov_129214,I Minchenkov,-1,0,48,51,-3,99,2021-08-26 15:03:00,521696
Serhii Bohach_178018,Serhii Bohach,2,1,36,32,4,68,2021-08-26 15:05:00,521697
Viktoria Kurtenko_1087539683,Viktoria Kurtenko,-1,0,43,57,-14,100,2021-08-26 15:05:00,521698
Bohdan Havryliuk_178033,Bohdan Havryliuk,2,1,44,38,6,82,2021-08-26 15:10:00,521699
Andrii Kaptanovskyi_2100375121,Andrii Kaptanovskyi,3,1,33,16,17,49,2021-08-26 15:10:00,521700
Ya Troyanov_129157,Ya Troyanov,-3,0,28,35,-7,63,2021-08-26 15:13:00,521701
Nazarii Kovalchuk_566316549,Nazarii Kovalchuk,2,1,45,41,4,86,2021-08-26 15:15:00,521702
Ivan Efimenko_178057,Ivan Efimenko,-2,0,26,41,-15,67,2021-08-26 15:20:00,521703
Roman Cherevko_1467308259,Roman Cherevko,-1,0,37,48,-11,85,2021-08-26 15:20:00,521704
Petro Tsolik_661150684,Petro Tsolik,3,1,33,15,18,48,2021-08-26 15:20:00,521705
D Andreev_129217,D Andreev,1,1,53,47,6,100,2021-08-26 15:20:00,521706
Artur Akopyan_178226,Artur Akopyan,3,1,35,18,17,53,2021-08-26 15:30:00,521707
P Pycha_28994,P Pycha,-1,0,46,45,1,91,2021-08-26 15:30:00,521708
Oleksandr Zaporozhets_178094,Oleksandr Zaporozhets,-1,0,39,52,-13,91,2021-08-26 15:30:00,521709
Oleksandr Hubarev_1520766059,Oleksandr Hubarev,-3,0,14,33,-19,47,2021-08-26 15:30:00,521710
Kostiantyn Kovalchuk_178104,Kostiantyn Kovalchuk,1,1,57,53,4,110,2021-08-26 15:35:00,521711
Viktor Bedriichuk_2117086609,Viktor Bedriichuk,3,1,33,20,13,53,2021-08-26 15:35:00,521712
Oleksandr Kolbasenko_178139,Oleksandr Kolbasenko,-2,0,32,40,-8,72,2021-08-26 15:40:00,521713
Andrii Troyan_1666665494,Andrii Troyan,2,1,43,33,10,76,2021-08-26 15:40:00,521714
P Medvedev_129215,P Medvedev,-3,0,21,34,-13,55,2021-08-26 15:42:00,521715
E Anisimov_129030,E Anisimov,-2,0,35,43,-8,78,2021-08-26 15:42:00,521716
Oleksandr Hryshchenko_178129,Oleksandr Hryshchenko,-3,0,21,33,-12,54,2021-08-26 15:45:00,521717
Vasyl Pleshkan_2089845279,Vasyl Pleshkan,-2,0,37,39,-2,76,2021-08-26 15:50:00,521718
Yaroslav Tebenko_178085,Yaroslav Tebenko,1,1,54,48,6,102,2021-08-26 15:50:00,521719
Rodion Kapinus_178058,Rodion Kapinus,2,1,42,38,4,80,2021-08-26 15:50:00,521720
Mykola Lytvynenko_1515803515,Mykola Lytvynenko,3,1,33,22,11,55,2021-08-26 15:55:00,521721
S Maksakov_129064,S Maksakov,-1,0,55,57,-2,112,2021-08-26 15:56:00,521722
Christian Kratochvil_178259,Christian Kratochvil,-1,0,51,49,2,100,2021-08-26 16:00:00,521723
Roman Zholubak_178095,Roman Zholubak,1,1,49,38,11,87,2021-08-26 16:00:00,521724
O Manuylov_128990,O Manuylov,3,1,37,23,14,60,2021-08-26 16:02:00,521725
I Pandur_129031,I Pandur,-2,0,37,40,-3,77,2021-08-26 16:02:00,521726
Ja Jablonovsky_29039,Ja Jablonovsky,-3,0,25,33,-8,58,2021-08-26 16:03:00,521727
Sergiy Balabey_702191907,Sergiy Balabey,-3,0,15,33,-18,48,2021-08-26 16:05:00,521728
Andrii Hrytsai_178105,Andrii Hrytsai,3,1,36,29,7,65,2021-08-26 16:05:00,521729
Uryi Leymanovskyi_1636259573,Uryi Leymanovskyi,3,1,33,17,16,50,2021-08-26 16:10:00,521730
Vadym Ishchuk_178140,Vadym Ishchuk,2,1,43,36,7,79,2021-08-26 16:10:00,521731
Ilya Parnyvoda_178130,Ilya Parnyvoda,2,1,39,28,11,67,2021-08-26 16:15:00,521732
Yurii Parahailo_1986435823,Yurii Parahailo,2,1,42,26,16,68,2021-08-26 16:15:00,521733
N Pashkov_128991,N Pashkov,-2,0,36,45,-9,81,2021-08-26 16:19:00,521734
Serhii Berezynskyi_1068016471,Serhii Berezynskyi,3,1,33,21,12,54,2021-08-26 16:20:00,521735
Andrii Novikov_178086,Andrii Novikov,2,1,38,39,-1,77,2021-08-26 16:20:00,521736
Mykhailo Diachenko_178146,Mykhailo Diachenko,1,1,46,44,2,90,2021-08-26 16:25:00,521737
Artur Moriak_571023456,Artur Moriak,-1,0,47,46,1,93,2021-08-26 16:25:00,521738
Oleksandr Zaporozhets_178096,Oleksandr Zaporozhets,3,1,33,21,12,54,2021-08-26 16:30:00,521739
Huyviet Nguyen_178260,Huyviet Nguyen,-3,0,26,33,-7,59,2021-08-26 16:30:00,521740
Ja Prokupek_29040,Ja Prokupek,-1,0,45,50,-5,95,2021-08-26 16:30:00,521741
Sergey Filatov_27328615,Sergey Filatov,-2,0,30,40,-10,70,2021-08-26 16:30:00,521742
A Yakovlev_129032,A Yakovlev,-3,0,25,33,-8,58,2021-08-26 16:32:00,521743
Yu Lbov_129065,Yu Lbov,3,1,34,23,11,57,2021-08-26 16:34:00,521744
Roman Yushko_178106,Roman Yushko,-3,0,18,34,-16,52,2021-08-26 16:35:00,521745
Vitalii Lievshin_16952136,Vitalii Lievshin,3,1,33,21,12,54,2021-08-26 16:35:00,521746
Gennadii Zakladnyi_314747888,Gennadii Zakladnyi,-3,0,12,33,-21,45,2021-08-26 16:40:00,521747
Oleksandr Kolbasenko_178141,Oleksandr Kolbasenko,2,1,42,33,9,75,2021-08-26 16:40:00,521748
Viktor Bedriichuk_1124162246,Viktor Bedriichuk,-2,0,35,40,-5,75,2021-08-26 16:45:00,521749
Oleksandr Hryshchenko_178131,Oleksandr Hryshchenko,-3,0,24,34,-10,58,2021-08-26 16:45:00,521750
Andrii Troyan_655765231,Andrii Troyan,2,1,42,37,5,79,2021-08-26 16:50:00,521751
I Abelmasov_129066,I Abelmasov,1,1,43,45,-2,88,2021-08-26 16:51:00,521752
A Merezhko_128992,A Merezhko,-1,0,41,47,-6,88,2021-08-26 16:51:00,521753
Illia Semeniuk_1733804682,Illia Semeniuk,3,1,33,23,10,56,2021-08-26 16:55:00,521754
Serhii Pitsyk_178147,Serhii Pitsyk,-2,0,42,46,-4,88,2021-08-26 16:55:00,521755
I Meteleshko_129033,I Meteleshko,-3,0,23,33,-10,56,2021-08-26 17:00:00,521756
Nikita Vilenchyts_178097,Nikita Vilenchyts,-2,0,36,38,-2,74,2021-08-26 17:00:00,521757
Vasyl Pleshkan_1999389332,Vasyl Pleshkan,-2,0,35,44,-9,79,2021-08-26 17:00:00,521758
Josef Hondlik_178209,Josef Hondlik,-1,0,43,42,1,85,2021-08-26 17:00:00,521759
Ja Kanera_28995,Ja Kanera,-3,0,23,33,-10,56,2021-08-26 17:02:00,521760
Andrii Hrytsai_178107,Andrii Hrytsai,-1,0,49,56,-7,105,2021-08-26 17:05:00,521761
Mykola Lytvynenko_1167052976,Mykola Lytvynenko,-2,0,31,43,-12,74,2021-08-26 17:05:00,521762
Yaroslav Strilnyk_178122,Yaroslav Strilnyk,2,1,43,24,19,67,2021-08-26 17:10:00,521763
Vitalii Lievshin_1517308446,Vitalii Lievshin,2,1,43,39,4,82,2021-08-26 17:10:00,521764
Bohdan Kohut_1610551535,Bohdan Kohut,1,1,49,44,5,93,2021-08-26 17:15:00,521765
Egor Kovpak_178132,Egor Kovpak,-1,0,48,45,3,93,2021-08-26 17:15:00,521766
A Vorozheykin_128993,A Vorozheykin,-1,0,47,47,0,94,2021-08-26 17:17:00,521767
D Molodtsov_129067,D Molodtsov,-3,0,20,33,-13,53,2021-08-26 17:19:00,521768
Dmytro Halai_1254435941,Dmytro Halai,2,1,44,32,12,76,2021-08-26 17:20:00,521769
Yaroslav Tebenko_178088,Yaroslav Tebenko,2,1,37,29,8,66,2021-08-26 17:20:00,521770
Serhii Pitsyk_178148,Serhii Pitsyk,1,1,49,44,5,93,2021-08-26 17:25:00,521771
Yurii Parahailo_1149506299,Yurii Parahailo,3,1,33,19,14,52,2021-08-26 17:25:00,521772
A Yakovlev_129034,A Yakovlev,2,1,45,38,7,83,2021-08-26 17:30:00,521773
Serhii Berezynskyi_1075510595,Serhii Berezynskyi,-1,0,45,50,-5,95,2021-08-26 17:30:00,521774
Roman Zholubak_178098,Roman Zholubak,-1,0,40,46,-6,86,2021-08-26 17:30:00,521775
Petr Provaznik_178210,Petr Provaznik,1,1,51,41,10,92,2021-08-26 17:30:00,521776
T Zahradnik_28996,T Zahradnik,2,1,44,35,9,79,2021-08-26 17:32:00,521777
Mykhailo Vivatenko_902700519,Mykhailo Vivatenko,3,1,33,19,14,52,2021-08-26 17:35:00,521778
Kostiantyn Kovalchuk_178108,Kostiantyn Kovalchuk,-2,0,32,40,-8,72,2021-08-26 17:35:00,521779
Lev Kuzyo_2055663336,Lev Kuzyo,3,1,33,26,7,59,2021-08-26 17:40:00,521780
Vadym Ishchuk_178142,Vadym Ishchuk,2,1,41,38,3,79,2021-08-26 17:40:00,521781
Gennadii Zakladnyi_1050878976,Gennadii Zakladnyi,-1,0,43,49,-6,92,2021-08-26 17:45:00,521782
Ilya Parnyvoda_178133,Ilya Parnyvoda,-2,0,28,43,-15,71,2021-08-26 17:45:00,521783
I Abelmasov_129068,I Abelmasov,-3,0,11,33,-22,44,2021-08-26 17:46:00,521784
A Merezhko_128994,A Merezhko,-3,0,26,36,-10,62,2021-08-26 17:46:00,521785
Vitalii Lievshin_1836018892,Vitalii Lievshin,2,1,40,32,8,72,2021-08-26 17:50:00,521786
Andrii Novikov_178089,Andrii Novikov,-3,0,30,36,-6,66,2021-08-26 17:50:00,521787
Serhii Dovzhenko_178158,Serhii Dovzhenko,3,1,39,31,8,70,2021-08-26 17:50:00,521788
Mykhailo Diachenko_178149,Mykhailo Diachenko,-1,0,45,53,-8,98,2021-08-26 17:55:00,521789
Uryi Leymanovskyi_904256086,Uryi Leymanovskyi,2,1,46,35,11,81,2021-08-26 17:55:00,521790
Oleksandr Zaporozhets_178099,Oleksandr Zaporozhets,-1,0,50,48,2,98,2021-08-26 18:00:00,521791
Andrii Troyan_313113210,Andrii Troyan,2,1,44,40,4,84,2021-08-26 18:00:00,521792
I Pandur_129035,I Pandur,-1,0,52,56,-4,108,2021-08-26 18:00:00,521793
Petr Provaznik_178211,Petr Provaznik,-2,0,37,42,-5,79,2021-08-26 18:00:00,521794
Jr. Mecl_28997,Jr. Mecl,3,1,33,21,12,54,2021-08-26 18:01:00,521795
Oleksandr Melashenko_178109,Oleksandr Melashenko,2,1,40,33,7,73,2021-08-26 18:05:00,521796
Illia Semeniuk_688213401,Illia Semeniuk,-1,0,43,45,-2,88,2021-08-26 18:05:00,521797
Oleksandr Kolbasenko_178143,Oleksandr Kolbasenko,-2,0,29,43,-14,72,2021-08-26 18:10:00,521798
Artur Moriak_767139438,Artur Moriak,1,1,43,39,4,82,2021-08-26 18:10:00,521799
Oleksandr Hryshchenko_178134,Oleksandr Hryshchenko,-2,0,38,41,-3,79,2021-08-26 18:15:00,521800
N Pashkov_128995,N Pashkov,3,1,33,16,17,49,2021-08-26 18:15:00,521801
Yu Lbov_129069,Yu Lbov,-1,0,43,44,-1,87,2021-08-26 18:15:00,521802
Sergey Filatov_893295733,Sergey Filatov,-2,0,34,36,-2,70,2021-08-26 18:15:00,521803
Viktor Pakhniuk_178159,Viktor Pakhniuk,2,1,39,39,0,78,2021-08-26 18:20:00,521804
Bohdan Kohut_1920345638,Bohdan Kohut,-3,0,20,34,-14,54,2021-08-26 18:20:00,521805
Serhii Khandetskyi_178150,Serhii Khandetskyi,1,1,43,45,-2,88,2021-08-26 18:25:00,521806
Gennadii Zakladnyi_1448294903,Gennadii Zakladnyi,2,1,41,28,13,69,2021-08-26 18:25:00,521807
Josef Hondlik_178212,Josef Hondlik,-3,0,29,39,-10,68,2021-08-26 18:30:00,521808
Viktor Bedriichuk_59607101,Viktor Bedriichuk,2,1,42,31,11,73,2021-08-26 18:30:00,521809
E Mares_28998,E Mares,3,1,33,17,16,50,2021-08-26 18:30:00,521810
Roman Zholubak_178100,Roman Zholubak,3,1,37,29,8,66,2021-08-26 18:30:00,521811
Roman Yushko_178110,Roman Yushko,1,1,54,51,3,105,2021-08-26 18:35:00,521812
Anatolii Zapletniuk_111437820,Anatolii Zapletniuk,3,1,38,32,6,70,2021-08-26 18:35:00,521813
Vadym Ishchuk_178144,Vadym Ishchuk,-1,0,47,52,-5,99,2021-08-26 18:40:00,521814
I Meteleshko_129220,I Meteleshko,3,1,36,25,11,61,2021-08-26 18:40:00,521815
Serhii Berezynskyi_478225887,Serhii Berezynskyi,1,1,49,41,8,90,2021-08-26 18:40:00,521816
Vasyl Pleshkan_1899794496,Vasyl Pleshkan,-3,0,22,33,-11,55,2021-08-26 18:45:00,521817
Ilya Parnyvoda_178135,Ilya Parnyvoda,2,1,41,27,14,68,2021-08-26 18:45:00,521818
A Merezhko_129218,A Merezhko,2,1,41,32,9,73,2021-08-26 18:45:00,521819
I Abelmasov_129222,I Abelmasov,-3,0,28,34,-6,62,2021-08-26 18:47:00,521820
Serhii Burdelnyi_178160,Serhii Burdelnyi,-3,0,27,36,-9,63,2021-08-26 18:50:00,521821
Mykola Lytvynenko_1998131194,Mykola Lytvynenko,1,1,49,45,4,94,2021-08-26 18:50:00,521822
Roman Mazur_178091,Roman Mazur,1,1,40,42,-2,82,2021-08-26 18:50:00,521823
Valerii Melnyk_1972914142,Valerii Melnyk,-3,0,24,33,-9,57,2021-08-26 18:55:00,521824
Mykhailo Diachenko_178151,Mykhailo Diachenko,-1,0,48,46,2,94,2021-08-26 18:55:00,521825
Vitalii Lievshin_608465483,Vitalii Lievshin,3,1,33,22,11,55,2021-08-26 19:00:00,521826
David Brichacek_178213,David Brichacek,-3,0,22,34,-12,56,2021-08-26 19:00:00,521827
Jr. Mecl_28999,Jr. Mecl,-1,0,44,48,-4,92,2021-08-26 19:00:00,521828
Nikita Vilenchyts_178101,Nikita Vilenchyts,2,1,42,28,14,70,2021-08-26 19:00:00,521829
Dmytro Halai_883652083,Dmytro Halai,-2,0,36,39,-3,75,2021-08-26 19:05:00,521830
Andrii Hrytsai_178111,Andrii Hrytsai,-2,0,40,46,-6,86,2021-08-26 19:05:00,521831
A Yakovlev_129221,A Yakovlev,-3,0,16,33,-17,49,2021-08-26 19:06:00,521832
Yaroslav Strilnyk_178126,Yaroslav Strilnyk,-3,0,25,33,-8,58,2021-08-26 19:10:00,521833
Yurii Parahailo_623404385,Yurii Parahailo,1,1,53,46,7,99,2021-08-26 19:10:00,521834
Egor Kovpak_178136,Egor Kovpak,2,1,39,35,4,74,2021-08-26 19:15:00,521835
Andrii Tsikhotskyi_1246397505,Andrii Tsikhotskyi,-3,0,15,33,-18,48,2021-08-26 19:15:00,521836
O Manuylov_129219,O Manuylov,1,1,47,46,1,93,2021-08-26 19:15:00,521837
D Molodtsov_129223,D Molodtsov,-1,0,42,49,-7,91,2021-08-26 19:16:00,521838
Viktor Pakhniuk_178161,Viktor Pakhniuk,-3,0,29,36,-7,65,2021-08-26 19:20:00,521839
Andrii Novikov_178092,Andrii Novikov,-1,0,45,45,0,90,2021-08-26 19:20:00,521840
Mykhailo Vivatenko_2054794835,Mykhailo Vivatenko,-1,0,39,47,-8,86,2021-08-26 19:20:00,521841
Lev Kuzyo_229679685,Lev Kuzyo,1,1,51,44,7,95,2021-08-26 19:25:00,521842
Andrii Peretiatko_178152,Andrii Peretiatko,3,1,33,17,16,50,2021-08-26 19:25:00,521843
V Kasatkin_129036,V Kasatkin,-1,0,47,61,-14,108,2021-08-26 19:30:00,521844
Gennadii Zakladnyi_314423896,Gennadii Zakladnyi,-3,0,28,35,-7,63,2021-08-26 19:30:00,521845
T Zahradnik_29000,T Zahradnik,1,1,48,48,0,96,2021-08-26 19:30:00,521846
Oleksandr Zaporozhets_178102,Oleksandr Zaporozhets,-2,0,31,44,-13,75,2021-08-26 19:30:00,521847
Josef Hondlik_178214,Josef Hondlik,-2,0,27,41,-14,68,2021-08-26 19:30:00,521848
Kostiantyn Kovalchuk_178112,Kostiantyn Kovalchuk,-1,0,51,52,-1,103,2021-08-26 19:35:00,521849
Oleksandr Tuzhylin_5785007,Oleksandr Tuzhylin,2,1,44,34,10,78,2021-08-26 19:35:00,521850
Oleksandr Kolbasenko_178145,Oleksandr Kolbasenko,-3,0,25,35,-10,60,2021-08-26 19:40:00,521851
Uryi Leymanovskyi_934048671,Uryi Leymanovskyi,2,1,42,29,13,71,2021-08-26 19:40:00,521852
Oleksandr Hryshchenko_178137,Oleksandr Hryshchenko,2,1,54,51,3,105,2021-08-26 19:45:00,521853
Andrii Troyan_1830807112,Andrii Troyan,-1,0,53,52,1,105,2021-08-26 19:45:00,521854
Serhii Dovzhenko_178162,Serhii Dovzhenko,2,1,39,25,14,64,2021-08-26 19:50:00,521855
M Andrusenko_128996,M Andrusenko,1,1,55,45,10,100,2021-08-26 19:50:00,521856
Illia Semeniuk_1647680715,Illia Semeniuk,-2,0,41,42,-1,83,2021-08-26 19:50:00,521857
D Komarov_129070,D Komarov,-1,0,52,57,-5,109,2021-08-26 19:53:00,521858
Artur Moriak_2104186578,Artur Moriak,2,1,40,33,7,73,2021-08-26 19:55:00,521859
Serhii Pitsyk_178153,Serhii Pitsyk,3,1,35,24,11,59,2021-08-26 19:55:00,521860
David Brichacek_178547,David Brichacek,2,1,43,33,10,76,2021-08-26 20:00:00,521861
Yevhenii Honchar_178103,Yevhenii Honchar,1,1,46,50,-4,96,2021-08-26 20:00:00,521862
Sergey Filatov_951405966,Sergey Filatov,-2,0,29,41,-12,70,2021-08-26 20:00:00,521863
Denys Shcherbak_888120956,Denys Shcherbak,1,1,49,54,-5,103,2021-08-26 20:05:00,521864
Oleksandr Melashenko_178113,Oleksandr Melashenko,3,1,35,22,13,57,2021-08-26 20:05:00,521865
Ja Kanera_29041,Ja Kanera,-1,0,45,48,-3,93,2021-08-26 20:08:00,521866
Yevhen Hasan_178128,Yevhen Hasan,-3,0,22,33,-11,55,2021-08-26 20:10:00,521867
Denys Vakulenko_1248985559,Denys Vakulenko,-3,0,25,33,-8,58,2021-08-26 20:10:00,521868
A Alekseyev_129037,A Alekseyev,-3,0,22,34,-12,56,2021-08-26 20:10:00,521869
Oleksiy Molochko_1645229006,Oleksiy Molochko,-2,0,36,49,-13,85,2021-08-26 20:15:00,521870
Sviatoslav Sachuk_178138,Sviatoslav Sachuk,1,1,58,52,6,110,2021-08-26 20:15:00,521871
I Soldatov_128997,I Soldatov,-2,0,39,43,-4,82,2021-08-26 20:19:00,521872
Kyrylo Mykhailovsky_178163,Kyrylo Mykhailovsky,-2,0,33,41,-8,74,2021-08-26 20:20:00,521873
Yurii Parahailo_46626140,Yurii Parahailo,2,1,46,32,14,78,2021-08-26 20:20:00,521874
Serhii Hot_178545,Serhii Hot,-3,0,20,33,-13,53,2021-08-26 20:20:00,521875
Serhii Berezynskyi_2063005823,Serhii Berezynskyi,1,1,46,35,11,81,2021-08-26 20:25:00,521876
Serhii Khandetskyi_178154,Serhii Khandetskyi,-1,0,48,50,-2,98,2021-08-26 20:25:00,521877
Ruslan Kovalchuk_1324774846,Ruslan Kovalchuk,2,1,43,32,11,75,2021-08-26 20:30:00,521878
Ondrej Konvalinka_178548,Ondrej Konvalinka,1,1,51,47,4,98,2021-08-26 20:30:00,521879
V Chernov_129038,V Chernov,1,1,52,48,4,100,2021-08-26 20:30:00,521880
T Zahradnik_29042,T Zahradnik,-2,0,34,42,-8,76,2021-08-26 20:33:00,521881
Roman Yushko_178114,Roman Yushko,2,1,44,36,8,80,2021-08-26 20:35:00,521882
Dmytro Dubrovin_813927465,Dmytro Dubrovin,-2,0,25,44,-19,69,2021-08-26 20:35:00,521883
A Golovinskii_129071,A Golovinskii,1,1,52,42,10,94,2021-08-26 20:36:00,521884
Serhii Ponomarenko_207454828,Serhii Ponomarenko,2,1,37,27,10,64,2021-08-26 20:40:00,521885
Oleksandr Zaporozhets_178549,Oleksandr Zaporozhets,-2,0,31,39,-8,70,2021-08-26 20:40:00,521886
Denys Shcherbak_1802384780,Denys Shcherbak,3,1,33,24,9,57,2021-08-26 20:45:00,521887
B Grebenyuk_128998,B Grebenyuk,1,1,54,53,1,107,2021-08-26 20:47:00,521888
Serhii Burdelnyi_178164,Serhii Burdelnyi,-1,0,43,48,-5,91,2021-08-26 20:50:00,521889
Viktor Bedriichuk_313555792,Viktor Bedriichuk,-3,0,17,33,-16,50,2021-08-26 20:50:00,521890
Yevhen Hasan_178551,Yevhen Hasan,3,1,33,22,11,55,2021-08-26 20:50:00,521891
Roman Mazur_178546,Roman Mazur,-3,0,26,36,-10,62,2021-08-26 20:50:00,521892
Andrii Troyan_1527583035,Andrii Troyan,-2,0,34,42,-8,76,2021-08-26 20:55:00,521893
Andrii Peretiatko_178155,Andrii Peretiatko,-1,0,36,46,-10,82,2021-08-26 20:55:00,521894
Illia Semeniuk_369119774,Illia Semeniuk,-1,0,46,48,-2,94,2021-08-26 21:00:00,521895
Tomas Vorisek_178215,Tomas Vorisek,2,1,40,33,7,73,2021-08-26 21:00:00,521896
Kostiantyn Kovalchuk_178115,Kostiantyn Kovalchuk,-2,0,31,45,-14,76,2021-08-26 21:05:00,521897
Vasyl Pleshkan_388165991,Vasyl Pleshkan,-3,0,19,33,-14,52,2021-08-26 21:05:00,521898
D Tikhnenko_129039,D Tikhnenko,1,1,51,46,5,97,2021-08-26 21:07:00,521899
D Merzlikin_129072,D Merzlikin,-1,0,35,49,-14,84,2021-08-26 21:07:00,521900
Yevhenii Honchar_178550,Yevhenii Honchar,1,1,46,49,-3,95,2021-08-26 21:10:00,521901
Mykola Lytvynenko_1595185378,Mykola Lytvynenko,1,1,48,45,3,93,2021-08-26 21:10:00,521902
Egor Kovpak_178553,Egor Kovpak,1,1,44,37,7,81,2021-08-26 21:10:00,521903
Jo Silhan_29001,Jo Silhan,2,1,44,36,8,80,2021-08-26 21:10:00,521904
Serhii Ponomarenko_2055737108,Serhii Ponomarenko,1,1,49,43,6,92,2021-08-26 21:15:00,521905
S Nikulin_128999,S Nikulin,-1,0,42,49,-7,91,2021-08-26 21:18:00,521906
Denys Shcherbak_132985339,Denys Shcherbak,1,1,50,44,6,94,2021-08-26 21:20:00,521907
Anatolii Nazarov_178552,Anatolii Nazarov,1,1,41,46,-5,87,2021-08-26 21:20:00,521908
Viktor Pakhniuk_178165,Viktor Pakhniuk,2,1,38,32,6,70,2021-08-26 21:20:00,521909
Andrii Peretiatko_178156,Andrii Peretiatko,-2,0,40,48,-8,88,2021-08-26 21:25:00,521910
Dmytro Halai_61519465,Dmytro Halai,-2,0,37,42,-5,79,2021-08-26 21:25:00,521911
Jakub Plachta_178216,Jakub Plachta,-1,0,48,51,-3,99,2021-08-26 21:30:00,521912
Yurii Parahailo_1436899820,Yurii Parahailo,2,1,40,34,6,74,2021-08-26 21:30:00,521913
Volodymyr Hainiuk_178116,Volodymyr Hainiuk,2,1,42,34,8,76,2021-08-26 21:35:00,521914
Serhii Berezynskyi_1491457433,Serhii Berezynskyi,3,1,34,22,12,56,2021-08-26 21:35:00,521915
Al-i Zhelubenkov_129073,Al-i Zhelubenkov,-1,0,54,49,5,103,2021-08-26 21:38:00,521916
K Brozik_29002,K Brozik,-2,0,29,42,-13,71,2021-08-26 21:39:00,521917
Andrii Isaiev_1338994276,Andrii Isaiev,1,1,45,43,2,88,2021-08-26 21:40:00,521918
Oleksandr Ivchuk_178554,Oleksandr Ivchuk,-1,0,46,41,5,87,2021-08-26 21:40:00,521919
V Chernov_129040,V Chernov,-3,0,19,35,-16,54,2021-08-26 21:43:00,521920
Dmytro Dubrovin_2142389513,Dmytro Dubrovin,-1,0,34,48,-14,82,2021-08-26 21:45:00,521921
B Grebenyuk_129000,B Grebenyuk,-2,0,34,38,-4,72,2021-08-26 21:50:00,521922
Denys Shcherbak_821055453,Denys Shcherbak,-2,0,23,44,-21,67,2021-08-26 21:50:00,521923
Serhii Dovzhenko_178166,Serhii Dovzhenko,-2,0,37,36,1,73,2021-08-26 21:50:00,521924
Denys Vakulenko_1812529053,Denys Vakulenko,-2,0,27,42,-15,69,2021-08-26 21:55:00,521925
Serhii Khandetskyi_178157,Serhii Khandetskyi,-1,0,33,51,-18,84,2021-08-26 21:55:00,521926
Maksym Samaray_1720266196,Maksym Samaray,2,1,39,33,6,72,2021-08-26 22:00:00,521927
Jakub Plachta_178217,Jakub Plachta,-2,0,32,44,-12,76,2021-08-26 22:00:00,521928
Jr. Obeslo_29003,Jr. Obeslo,-3,0,25,33,-8,58,2021-08-26 22:02:00,521929
A Alekseyev_129041,A Alekseyev,3,1,37,27,10,64,2021-08-26 22:04:00,521930
Anatolii Zapletniuk_1782300664,Anatolii Zapletniuk,3,1,33,25,8,58,2021-08-26 22:05:00,521931
Kostiantyn Kovalchuk_178117,Kostiantyn Kovalchuk,-3,0,18,34,-16,52,2021-08-26 22:05:00,521932
Illia Semeniuk_1740242314,Illia Semeniuk,2,1,42,31,11,73,2021-08-26 22:10:00,521933
Artur Moriak_1122335730,Artur Moriak,1,1,50,42,8,92,2021-08-26 22:15:00,521934
D Merzlikin_129074,D Merzlikin,-2,0,39,41,-2,80,2021-08-26 22:16:00,521935
I Soldatov_129001,I Soldatov,1,1,55,48,7,103,2021-08-26 22:18:00,521936
Lev Kuzyo_2138962032,Lev Kuzyo,1,1,49,46,3,95,2021-08-26 22:20:00,521937
Kyrylo Mykhailovsky_178167,Kyrylo Mykhailovsky,3,1,38,31,7,69,2021-08-26 22:20:00,521938
Serhii Ponomarenko_2076001407,Serhii Ponomarenko,1,1,45,41,4,86,2021-08-26 22:25:00,521939
Tomas Vorisek_178218,Tomas Vorisek,2,1,42,38,4,80,2021-08-26 22:30:00,521940
Denys Shcherbak_780683550,Denys Shcherbak,1,1,42,41,1,83,2021-08-26 22:30:00,521941
Jo Kutifel_29004,Jo Kutifel,-1,0,50,52,-2,102,2021-08-26 22:30:00,521942
V Kasatkin_129224,V Kasatkin,2,1,42,29,13,71,2021-08-26 22:31:00,521943
Andrii Hrytsai_178118,Andrii Hrytsai,3,1,33,20,13,53,2021-08-26 22:35:00,521944
A Golovinskii_129075,A Golovinskii,-2,0,31,42,-11,73,2021-08-26 22:43:00,521945
Roman Rybachuk_278357704,Roman Rybachuk,3,1,33,14,19,47,2021-08-26 22:45:00,521946
Serhii Burdelnyi_178168,Serhii Burdelnyi,2,1,41,36,5,77,2021-08-26 22:50:00,521947
M Andrusenko_129226,M Andrusenko,-3,0,19,33,-14,52,2021-08-26 22:59:00,521948
Jan Jr Krames_178219,Jan Jr Krames,3,1,33,20,13,53,2021-08-26 23:00:00,521949
V Chernov_129225,V Chernov,-2,0,34,38,-4,72,2021-08-26 23:00:00,521950
Serhii Ponomarenko_213560632,Serhii Ponomarenko,3,1,33,20,13,53,2021-08-26 23:00:00,521951
Jr. Obeslo_29005,Jr. Obeslo,-3,0,23,33,-10,56,2021-08-26 23:01:00,521952
Denys Shcherbak_1915444190,Denys Shcherbak,-2,0,29,39,-10,68,2021-08-26 23:05:00,521953
D Merzlikin_129228,D Merzlikin,2,1,47,40,7,87,2021-08-26 23:17:00,521954
I Soldatov_129227,I Soldatov,-1,0,47,49,-2,96,2021-08-26 23:17:00,521955
Serhii Dovzhenko_178169,Serhii Dovzhenko,-1,0,46,54,-8,100,2021-08-26 23:20:00,521956
Tomas Vorisek_178220,Tomas Vorisek,2,1,38,27,11,65,2021-08-26 23:30:00,521957
N Zhurba_129042,N Zhurba,1,1,50,52,-2,102,2021-08-26 23:30:00,521958
K Brozik_29006,K Brozik,3,1,35,28,7,63,2021-08-26 23:31:00,521959
Oleksandr Soloviov_70528555,Oleksandr Soloviov,1,1,44,42,2,86,2021-08-26 23:35:00,521960
Maksym Skhabovskyi_992409898,Maksym Skhabovskyi,2,1,41,26,15,67,2021-08-26 23:45:00,521961
Al-i Zhelubenkov_129229,Al-i Zhelubenkov,-2,0,29,35,-6,64,2021-08-26 23:48:00,521962
O Kutuzov_129002,O Kutuzov,-1,0,44,49,-5,93,2021-08-26 23:49:00,521963
Pavlo Kovalchuk_178170,Pavlo Kovalchuk,-1,0,52,52,0,104,2021-08-26 23:50:00,521964
Petr Silhan_178555,Petr Silhan,-2,0,29,41,-12,70,2021-08-27 00:00:00,521965
Jr. Obeslo_29043,Jr. Obeslo,-2,0,39,42,-3,81,2021-08-27 00:00:00,521966
V Sidorin_129043,V Sidorin,3,1,33,12,21,45,2021-08-27 00:03:00,521967
Sergey Demidov_124946479,Sergey Demidov,-3,0,18,33,-15,51,2021-08-27 00:05:00,521968
Andrii Romanenko_178173,Andrii Romanenko,-1,0,42,49,-7,91,2021-08-27 00:05:00,521969
Oleksandr Medvedyev_1024550887,Oleksandr Medvedyev,2,1,41,25,16,66,2021-08-27 00:15:00,521970
D Sayanov_129076,D Sayanov,2,1,41,34,7,75,2021-08-27 00:15:00,521971
S Myagkov_129003,S Myagkov,1,1,55,49,6,104,2021-08-27 00:19:00,521972
Serhii Dovzhenko_178171,Serhii Dovzhenko,-2,0,29,39,-10,68,2021-08-27 00:20:00,521973
Jo Silhan_29044,Jo Silhan,-1,0,48,51,-3,99,2021-08-27 00:30:00,521974
Jan Jr Krames_178556,Jan Jr Krames,-3,0,22,33,-11,55,2021-08-27 00:30:00,521975
E Ilyukhin_129044,E Ilyukhin,-2,0,36,43,-7,79,2021-08-27 00:31:00,521976
Oleksandr Soloviov_272446347,Oleksandr Soloviov,-2,0,34,46,-12,80,2021-08-27 00:35:00,521977
S Martyukhin_129077,S Martyukhin,-1,0,52,53,-1,105,2021-08-27 00:42:00,521978
Maksym Skhabovskyi_968371241,Maksym Skhabovskyi,-3,0,37,43,-6,80,2021-08-27 00:45:00,521979
Viktor Pakhniuk_178172,Viktor Pakhniuk,1,1,44,40,4,84,2021-08-27 00:50:00,521980
Oleksandr Gomilko_178189,Oleksandr Gomilko,1,1,53,39,14,92,2021-08-27 00:55:00,521981
A Suntsov_129004,A Suntsov,2,1,42,32,10,74,2021-08-27 00:58:00,521982
S Ogai_129045,S Ogai,-2,0,31,38,-7,69,2021-08-27 01:02:00,521983
Sergey Demidov_943855570,Sergey Demidov,-1,0,43,51,-8,94,2021-08-27 01:05:00,521984
Vitalii Kyilo_178175,Vitalii Kyilo,-2,0,36,43,-7,79,2021-08-27 01:05:00,521985
Oleksandr Medvedyev_668911117,Oleksandr Medvedyev,2,1,45,36,9,81,2021-08-27 01:15:00,521986
K Malahov_129005,K Malahov,-2,0,31,43,-12,74,2021-08-27 01:20:00,521987
Dmytro Rehotun_178190,Dmytro Rehotun,1,1,53,48,5,101,2021-08-27 01:25:00,521988
P Semeshin_129078,P Semeshin,3,1,33,22,11,55,2021-08-27 01:27:00,521989
V Sidorin_129046,V Sidorin,-2,0,32,42,-10,74,2021-08-27 01:32:00,521990
Oleksandr Soloviov_2033960752,Oleksandr Soloviov,1,1,49,43,6,92,2021-08-27 01:35:00,521991
S Myagkov_129006,S Myagkov,2,1,46,40,6,86,2021-08-27 01:45:00,521992
Maksym Skhabovskyi_2019935633,Maksym Skhabovskyi,-1,0,45,48,-3,93,2021-08-27 01:45:00,521993
A Volkov_129079,A Volkov,2,1,46,36,10,82,2021-08-27 01:51:00,521994
Oleksandr Gomilko_178191,Oleksandr Gomilko,-1,0,47,46,1,93,2021-08-27 01:55:00,521995
S Ogai_129047,S Ogai,-3,0,14,33,-19,47,2021-08-27 02:02:00,521996
Andrii Romanenko_178177,Andrii Romanenko,-1,0,52,56,-4,108,2021-08-27 02:05:00,521997
Anton Maslov_1195418809,Anton Maslov,-1,0,45,51,-6,96,2021-08-27 02:05:00,521998
Dmytro Lohosha_101890195,Dmytro Lohosha,1,1,55,54,1,109,2021-08-27 02:15:00,521999
K Malahov_129007,K Malahov,1,1,43,43,0,86,2021-08-27 02:17:00,522000
S Martyukhin_129080,S Martyukhin,-3,0,17,34,-17,51,2021-08-27 02:18:00,522001
R Pavlenko_129048,R Pavlenko,3,1,33,21,12,54,2021-08-27 02:32:00,522002
A Volkov_129081,A Volkov,3,1,33,15,18,48,2021-08-27 02:34:00,522003
Hryhorii Kulishov_178178,Hryhorii Kulishov,3,1,33,11,22,44,2021-08-27 02:35:00,522004
Oleksandr Soloviov_265856169,Oleksandr Soloviov,-1,0,47,48,-1,95,2021-08-27 02:35:00,522005
Maksym Skhabovskyi_765848219,Maksym Skhabovskyi,-2,0,34,42,-8,76,2021-08-27 02:45:00,522006
N Sadovskiy_129008,N Sadovskiy,3,1,33,17,16,50,2021-08-27 02:48:00,522007
Oleksandr Kovalchuk_178193,Oleksandr Kovalchuk,3,1,33,18,15,51,2021-08-27 02:55:00,522008
E Kalashnikov_129082,E Kalashnikov,-3,0,25,35,-10,60,2021-08-27 02:57:00,522009
E Ilyukhin_129049,E Ilyukhin,-1,0,43,47,-4,90,2021-08-27 03:01:00,522010
Vitalii Kyilo_178179,Vitalii Kyilo,-2,0,22,42,-20,64,2021-08-27 03:05:00,522011
Sergey Demidov_1994177804,Sergey Demidov,-2,0,30,44,-14,74,2021-08-27 03:05:00,522012
Oleksandr Medvedyev_1275688041,Oleksandr Medvedyev,-1,0,41,47,-6,88,2021-08-27 03:15:00,522013
A Suntsov_129009,A Suntsov,1,1,53,54,-1,107,2021-08-27 03:17:00,522014
P Semeshin_129083,P Semeshin,-1,0,53,51,2,104,2021-08-27 03:19:00,522015
Dmytro Rehotun_178194,Dmytro Rehotun,1,1,46,43,3,89,2021-08-27 03:25:00,522016
N Zhurba_129050,N Zhurba,2,1,45,39,6,84,2021-08-27 03:32:00,522017
Oleksandr Soloviov_272549998,Oleksandr Soloviov,-3,0,17,33,-16,50,2021-08-27 03:35:00,522018
Oleh Formaziuk_1212843854,Oleh Formaziuk,-1,0,49,49,0,98,2021-08-27 03:45:00,522019
O Kutuzov_129010,O Kutuzov,-3,0,30,39,-9,69,2021-08-27 03:54:00,522020
Oleksandr Gomilko_178195,Oleksandr Gomilko,-2,0,30,42,-12,72,2021-08-27 03:55:00,522021
R Pavlenko_129051,R Pavlenko,2,1,43,36,7,79,2021-08-27 04:01:00,522022
D Sayanov_129084,D Sayanov,-2,0,29,41,-12,70,2021-08-27 04:01:00,522023
Andrii Romanenko_178181,Andrii Romanenko,-3,0,19,33,-14,52,2021-08-27 04:05:00,522024
Sergey Demidov_45799417,Sergey Demidov,-3,0,30,36,-6,66,2021-08-27 04:05:00,522025
Oleksandr Medvedyev_1024694635,Oleksandr Medvedyev,2,1,36,32,4,68,2021-08-27 04:15:00,522026
N Sadovskiy_129011,N Sadovskiy,-1,0,45,51,-6,96,2021-08-27 04:20:00,522027
E Kalashnikov_129085,E Kalashnikov,-2,0,39,42,-3,81,2021-08-27 04:24:00,522028
V Sidorin_129230,V Sidorin,-3,0,27,38,-11,65,2021-08-27 04:34:00,522029
Hryhorii Kulishov_178182,Hryhorii Kulishov,1,1,52,48,4,100,2021-08-27 04:35:00,522030
Oleksandr Soloviov_2033713485,Oleksandr Soloviov,2,1,41,38,3,79,2021-08-27 04:35:00,522031
Oleh Formaziuk_920965026,Oleh Formaziuk,3,1,33,17,16,50,2021-08-27 04:45:00,522032
D Sayanov_129234,D Sayanov,-2,0,38,41,-3,79,2021-08-27 04:51:00,522033
K Malahov_129232,K Malahov,2,1,40,30,10,70,2021-08-27 04:52:00,522034
Oleksandr Kovalchuk_178197,Oleksandr Kovalchuk,-2,0,32,40,-8,72,2021-08-27 04:55:00,522035
R Pavlenko_129231,R Pavlenko,2,1,37,28,9,65,2021-08-27 05:02:00,522036
Anton Maslov_1985892580,Anton Maslov,-1,0,42,52,-10,94,2021-08-27 05:05:00,522037
Vitalii Kyilo_178183,Vitalii Kyilo,-1,0,44,51,-7,95,2021-08-27 05:05:00,522038
Oleksandr Medvedyev_611668119,Oleksandr Medvedyev,-3,0,20,33,-13,53,2021-08-27 05:15:00,522039
P Semeshin_129235,P Semeshin,2,1,46,41,5,87,2021-08-27 05:20:00,522040
A Suntsov_129233,A Suntsov,1,1,50,49,1,99,2021-08-27 05:23:00,522041
Dmytro Rehotun_178198,Dmytro Rehotun,-3,0,15,33,-18,48,2021-08-27 05:25:00,522042
Maksym Skhabovskyi_163695235,Maksym Skhabovskyi,3,1,33,17,16,50,2021-08-27 05:45:00,522043
Borys Kostiuk_178185,Borys Kostiuk,1,1,45,51,-6,96,2021-08-27 06:05:00,522044
Maksym Tytskyi_178200,Maksym Tytskyi,3,1,37,28,9,65,2021-08-27 06:25:00,522045
Andrii Romanenko_178186,Andrii Romanenko,3,1,34,25,9,59,2021-08-27 06:35:00,522046
Oleksandr Gomilko_178202,Oleksandr Gomilko,-1,0,45,50,-5,95,2021-08-27 07:25:00,522047
I Sergeevich_129144,I Sergeevich,2,1,39,34,5,73,2021-08-27 07:31:00,522048
R Alov_129180,R Alov,-1,0,43,48,-5,91,2021-08-27 07:50:00,522049
A Klavdenkov_129110,A Klavdenkov,-2,0,33,38,-5,71,2021-08-27 07:50:00,522050
Yaroslav Tebenko_178261,Yaroslav Tebenko,-3,0,25,34,-9,59,2021-08-27 07:50:00,522051
Petro Kolesnik_1654256594,Petro Kolesnik,-3,0,22,33,-11,55,2021-08-27 07:50:00,522052
Valeriy Medvedenko_1958635637,Valeriy Medvedenko,-3,0,24,36,-12,60,2021-08-27 07:55:00,522053
A Kolmin_129145,A Kolmin,2,1,39,34,5,73,2021-08-27 07:59:00,522054
Yevhenii Honchar_178271,Yevhenii Honchar,-1,0,43,50,-7,93,2021-08-27 08:00:00,522055
Vadym Reva_178281,Vadym Reva,-2,0,29,41,-12,70,2021-08-27 08:05:00,522056
Artem Yurkov_178296,Artem Yurkov,2,1,41,36,5,77,2021-08-27 08:10:00,522057
Sviatoslav Sachuk_178326,Sviatoslav Sachuk,1,1,47,45,2,92,2021-08-27 08:15:00,522058
D Kolesnikov_129111,D Kolesnikov,2,1,41,35,6,76,2021-08-27 08:18:00,522059
Andrii Novikov_178262,Andrii Novikov,-3,0,23,33,-10,56,2021-08-27 08:20:00,522060
D Bogdanov_129181,D Bogdanov,-2,0,33,38,-5,71,2021-08-27 08:24:00,522061
Vadym Komar_120524633,Vadym Komar,-1,0,44,50,-6,94,2021-08-27 08:25:00,522062
Anatolii Reva_1917208252,Anatolii Reva,2,1,40,33,7,73,2021-08-27 08:30:00,522063
Nikita Vilenchyts_178272,Nikita Vilenchyts,-3,0,21,33,-12,54,2021-08-27 08:30:00,522064
A Zabrodin_129146,A Zabrodin,1,1,47,40,7,87,2021-08-27 08:31:00,522065
Artem Tkachenko_1237681396,Artem Tkachenko,3,1,34,20,14,54,2021-08-27 08:35:00,522066
Ihor Kovalenko_178282,Ihor Kovalenko,3,1,33,16,17,49,2021-08-27 08:35:00,522067
Anna Miklukha_1110040319,Anna Miklukha,-1,0,47,47,0,94,2021-08-27 08:40:00,522068
Oleksandr Zhyrnov_178297,Oleksandr Zhyrnov,1,1,47,49,-2,96,2021-08-27 08:40:00,522069
Oleksandr Ivchuk_178327,Oleksandr Ivchuk,3,1,35,26,9,61,2021-08-27 08:45:00,522070
Vasil Salivonchyk_1516363516,Vasil Salivonchyk,2,1,41,29,12,70,2021-08-27 08:45:00,522071
Yaroslav Tebenko_178263,Yaroslav Tebenko,-2,0,29,38,-9,67,2021-08-27 08:50:00,522072
Nazarii Kovalchuk_1388792031,Nazarii Kovalchuk,-3,0,18,33,-15,51,2021-08-27 08:50:00,522073
O Kharlakin_129182,O Kharlakin,3,1,33,24,9,57,2021-08-27 08:50:00,522074
Kyrylo Mykhailovsky_178341,Kyrylo Mykhailovsky,2,1,37,28,9,65,2021-08-27 08:50:00,522075
D Razinkov_129112,D Razinkov,-1,0,50,53,-3,103,2021-08-27 08:51:00,522076
Oleksii Korobov_178356,Oleksii Korobov,-2,0,38,46,-8,84,2021-08-27 08:55:00,522077
Dmitriy Lebed_266808990,Dmitriy Lebed,-1,0,43,48,-5,91,2021-08-27 08:55:00,522078
Petro Tsolik_81230436,Petro Tsolik,-2,0,38,44,-6,82,2021-08-27 08:55:00,522079
Oleksandr Dziabura_177259583,Oleksandr Dziabura,2,1,42,36,6,78,2021-08-27 09:00:00,522080
Vojtech Koutnik_178510,Vojtech Koutnik,-2,0,36,42,-6,78,2021-08-27 09:00:00,522081
Anatolii Nikolenko_178371,Anatolii Nikolenko,1,1,56,51,5,107,2021-08-27 09:00:00,522082
Yevhenii Honchar_178273,Yevhenii Honchar,2,1,43,25,18,68,2021-08-27 09:00:00,522083
M Flanderka_29015,M Flanderka,-3,0,22,33,-11,55,2021-08-27 09:01:00,522084
V Zhigalov_129147,V Zhigalov,1,1,43,52,-9,95,2021-08-27 09:03:00,522085
Hennadii Buianover_178283,Hennadii Buianover,2,1,43,40,3,83,2021-08-27 09:05:00,522086
Valeriy Medvedenko_518181857,Valeriy Medvedenko,-3,0,30,40,-10,70,2021-08-27 09:05:00,522087
Oleksandr Kolbasenko_178298,Oleksandr Kolbasenko,-1,0,47,56,-9,103,2021-08-27 09:10:00,522088
Anatolii Zapletniuk_923956550,Anatolii Zapletniuk,3,1,33,16,17,49,2021-08-27 09:10:00,522089
I Pandur_129183,I Pandur,1,1,50,41,9,91,2021-08-27 09:15:00,522090
Viktoria Kurtenko_54828640,Viktoria Kurtenko,2,1,43,31,12,74,2021-08-27 09:15:00,522091
Maksym Mrykh_178328,Maksym Mrykh,-2,0,38,47,-9,85,2021-08-27 09:15:00,522092
Ihor Kvak_178264,Ihor Kvak,3,1,38,27,11,65,2021-08-27 09:20:00,522093
Maksym Kukharuk_1418436424,Maksym Kukharuk,-1,0,46,52,-6,98,2021-08-27 09:20:00,522094
Oleksandr Osadchyi_178342,Oleksandr Osadchyi,-1,0,50,48,2,98,2021-08-27 09:20:00,522095
Vasyl Kushnir_893846672,Vasyl Kushnir,-1,0,49,49,0,98,2021-08-27 09:25:00,522096
Volodymyr Konishchuk_178357,Volodymyr Konishchuk,-1,0,37,52,-15,89,2021-08-27 09:25:00,522097
E Mishutin_129113,E Mishutin,-1,0,40,46,-6,86,2021-08-27 09:27:00,522098
Volodymyr Voronenkov_178274,Volodymyr Voronenkov,2,1,39,33,6,72,2021-08-27 09:30:00,522099
Nazarii Haievyi_1263688657,Nazarii Haievyi,-2,0,33,43,-10,76,2021-08-27 09:30:00,522100
Vadym Grushko_1824256782,Vadym Grushko,1,1,55,51,4,106,2021-08-27 09:30:00,522101
Dominik Horak_178511,Dominik Horak,-2,0,36,40,-4,76,2021-08-27 09:30:00,522102
Oleksandr Maslovskyi_178372,Oleksandr Maslovskyi,2,1,42,34,8,76,2021-08-27 09:30:00,522103
F Just_29016,F Just,-3,0,22,33,-11,55,2021-08-27 09:30:00,522104
A Zabrodin_129148,A Zabrodin,2,1,44,34,10,78,2021-08-27 09:35:00,522105
Ihor Kovalenko_178284,Ihor Kovalenko,-1,0,45,52,-7,97,2021-08-27 09:35:00,522106
Petro Kolesnik_347049203,Petro Kolesnik,1,1,50,38,12,88,2021-08-27 09:35:00,522107
Alexey Lukianov_633963419,Alexey Lukianov,-1,0,41,50,-9,91,2021-08-27 09:40:00,522108
Oleksandr Zhyrnov_178299,Oleksandr Zhyrnov,3,1,36,24,12,60,2021-08-27 09:40:00,522109
Oleksandr Ivchuk_178329,Oleksandr Ivchuk,3,1,33,15,18,48,2021-08-27 09:45:00,522110
Artem Tkachenko_830026654,Artem Tkachenko,1,1,48,41,7,89,2021-08-27 09:45:00,522111
Andrii Novikov_178265,Andrii Novikov,-3,0,16,33,-17,49,2021-08-27 09:50:00,522112
Volodymyr Melnykov_178343,Volodymyr Melnykov,-1,0,43,48,-5,91,2021-08-27 09:50:00,522113
Anna Miklukha_1503923722,Anna Miklukha,1,1,49,52,-3,101,2021-08-27 09:50:00,522114
D Razinkov_129114,D Razinkov,2,1,44,35,9,79,2021-08-27 09:54:00,522115
O Kharlakin_129184,O Kharlakin,-2,0,42,46,-4,88,2021-08-27 09:55:00,522116
Vasil Salivonchyk_1712205799,Vasil Salivonchyk,-2,0,40,41,-1,81,2021-08-27 09:55:00,522117
Oleksandr Sharanyuk_178358,Oleksandr Sharanyuk,1,1,46,51,-5,97,2021-08-27 09:55:00,522118
Nikita Vilenchyts_178275,Nikita Vilenchyts,-2,0,39,43,-4,82,2021-08-27 10:00:00,522119
Anatolii Nikolenko_178373,Anatolii Nikolenko,1,1,50,45,5,95,2021-08-27 10:00:00,522120
Dominik Horak_178512,Dominik Horak,-3,0,29,35,-6,64,2021-08-27 10:00:00,522121
Sr. Obeslo_29017,Sr. Obeslo,1,1,47,48,-1,95,2021-08-27 10:00:00,522122
Nazarii Kovalchuk_2075452734,Nazarii Kovalchuk,-2,0,32,39,-7,71,2021-08-27 10:00:00,522123
A Kolmin_129149,A Kolmin,-1,0,49,51,-2,100,2021-08-27 10:01:00,522124
Petro Tsolik_839618897,Petro Tsolik,-2,0,24,39,-15,63,2021-08-27 10:05:00,522125
Vadym Reva_178285,Vadym Reva,3,1,36,28,8,64,2021-08-27 10:05:00,522126
Dmitriy Lebed_1944019688,Dmitriy Lebed,-1,0,42,44,-2,86,2021-08-27 10:05:00,522127
Oleksandr Dziabura_1499246762,Oleksandr Dziabura,-1,0,36,51,-15,87,2021-08-27 10:10:00,522128
Artem Yurkov_178300,Artem Yurkov,-2,0,35,42,-7,77,2021-08-27 10:10:00,522129
Sviatoslav Sachuk_178330,Sviatoslav Sachuk,-3,0,25,33,-8,58,2021-08-27 10:15:00,522130
Anatolii Reva_1337311379,Anatolii Reva,-2,0,28,43,-15,71,2021-08-27 10:15:00,522131
Yaroslav Tebenko_178266,Yaroslav Tebenko,2,1,43,35,8,78,2021-08-27 10:20:00,522132
Oleksandr Osadchyi_178344,Oleksandr Osadchyi,2,1,39,25,14,64,2021-08-27 10:20:00,522133
Anatolii Zapletniuk_1379992293,Anatolii Zapletniuk,-1,0,47,51,-4,98,2021-08-27 10:20:00,522134
D Bogdanov_129185,D Bogdanov,3,1,37,27,10,64,2021-08-27 10:21:00,522135
Veronika Andriushchenko_1168740527,Veronika Andriushchenko,3,1,33,23,10,56,2021-08-27 10:25:00,522136
Volodymyr Konishchuk_178359,Volodymyr Konishchuk,-2,0,31,39,-8,70,2021-08-27 10:25:00,522137
D Kolesnikov_129115,D Kolesnikov,-1,0,43,45,-2,88,2021-08-27 10:28:00,522138
Yevhenii Honchar_178276,Yevhenii Honchar,2,1,38,35,3,73,2021-08-27 10:30:00,522139
Mykola Kulynych_178374,Mykola Kulynych,2,1,41,35,6,76,2021-08-27 10:30:00,522140
Vojtech Koutnik_178513,Vojtech Koutnik,-2,0,37,43,-6,80,2021-08-27 10:30:00,522141
Maxim Naumchuk_1196885575,Maxim Naumchuk,2,1,41,34,7,75,2021-08-27 10:30:00,522142
Ji Louda_29018,Ji Louda,3,1,33,15,18,48,2021-08-27 10:32:00,522143
Valerii Danchenko_178286,Valerii Danchenko,-1,0,43,50,-7,93,2021-08-27 10:35:00,522144
Vasyl Kushnir_1470638076,Vasyl Kushnir,2,1,47,38,9,85,2021-08-27 10:35:00,522145
Uriy Sandulenko_490668535,Uriy Sandulenko,-1,0,44,45,-1,89,2021-08-27 10:40:00,522146
Vadym Grushko_992090431,Vadym Grushko,1,1,51,44,7,95,2021-08-27 10:40:00,522147
Vladyslav Mishchenko_178301,Vladyslav Mishchenko,2,1,45,36,9,81,2021-08-27 10:40:00,522148
Artem Borysov_53774613,Artem Borysov,-2,0,29,41,-12,70,2021-08-27 10:45:00,522149
Denys Valenda_178331,Denys Valenda,2,1,39,31,8,70,2021-08-27 10:45:00,522150
R Alov_129248,R Alov,2,1,37,30,7,67,2021-08-27 10:47:00,522151
Andrii Novikov_178267,Andrii Novikov,-3,0,21,34,-13,55,2021-08-27 10:50:00,522152
Kyrylo Mykhailovsky_178345,Kyrylo Mykhailovsky,-1,0,51,46,5,97,2021-08-27 10:50:00,522153
Valeriy Medvedenko_349740538,Valeriy Medvedenko,-3,0,23,33,-10,56,2021-08-27 10:50:00,522154
Oleksii Korobov_178360,Oleksii Korobov,2,1,42,24,18,66,2021-08-27 10:55:00,522155
Artem Tkachenko_106490239,Artem Tkachenko,1,1,52,48,4,100,2021-08-27 10:55:00,522156
Oleksandr Maslovskyi_178375,Oleksandr Maslovskyi,-3,0,23,34,-11,57,2021-08-27 11:00:00,522157
Petr Vanek_178514,Petr Vanek,3,1,34,19,15,53,2021-08-27 11:00:00,522158
Nikita Vilenchyts_178277,Nikita Vilenchyts,3,1,33,20,13,53,2021-08-27 11:00:00,522159
Viktoria Kurtenko_1069333311,Viktoria Kurtenko,1,1,53,48,5,101,2021-08-27 11:00:00,522160
Sr. Obeslo_29019,Sr. Obeslo,-2,0,36,37,-1,73,2021-08-27 11:00:00,522161
V Zhigalov_129272,V Zhigalov,-3,0,15,33,-18,48,2021-08-27 11:02:00,522162
E Mishutin_129274,E Mishutin,-2,0,46,49,-3,95,2021-08-27 11:04:00,522163
Hennadii Buianover_178287,Hennadii Buianover,2,1,46,39,7,85,2021-08-27 11:05:00,522164
Maksym Kukharuk_252360570,Maksym Kukharuk,-2,0,30,40,-10,70,2021-08-27 11:05:00,522165
Oleksandr Kolbasenko_178302,Oleksandr Kolbasenko,-2,0,34,42,-8,76,2021-08-27 11:10:00,522166
Nazarii Kovalchuk_801869841,Nazarii Kovalchuk,1,1,49,37,12,86,2021-08-27 11:10:00,522167
Dmitriy Lebed_1442602140,Dmitriy Lebed,-3,0,30,40,-10,70,2021-08-27 11:15:00,522168
Maksym Mrykh_178332,Maksym Mrykh,-2,0,38,40,-2,78,2021-08-27 11:15:00,522169
Nazarii Haievyi_2117109226,Nazarii Haievyi,-3,0,29,36,-7,65,2021-08-27 11:15:00,522170
O Kharlakin_129249,O Kharlakin,-3,0,21,36,-15,57,2021-08-27 11:15:00,522171
A Zabrodin_129273,A Zabrodin,-2,0,26,40,-14,66,2021-08-27 11:16:00,522172
Vadym Kucheriavyi_178346,Vadym Kucheriavyi,2,1,45,37,8,82,2021-08-27 11:20:00,522173
Vadym Komar_857098587,Vadym Komar,-3,0,16,33,-17,49,2021-08-27 11:20:00,522174
Ihor Kvak_178268,Ihor Kvak,3,1,36,27,9,63,2021-08-27 11:20:00,522175
Alexey Lukianov_53917994,Alexey Lukianov,-1,0,47,51,-4,98,2021-08-27 11:25:00,522176
Hennadii Portnov_178361,Hennadii Portnov,-1,0,39,51,-12,90,2021-08-27 11:25:00,522177
Volodymyr Voronenkov_178278,Volodymyr Voronenkov,2,1,37,27,10,64,2021-08-27 11:30:00,522178
Anatolii Nikolenko_178376,Anatolii Nikolenko,2,1,43,35,8,78,2021-08-27 11:30:00,522179
Roman Shtukovanyi_2021719485,Roman Shtukovanyi,2,1,40,28,12,68,2021-08-27 11:30:00,522180
Vojtech Koutnik_178515,Vojtech Koutnik,1,1,54,49,5,103,2021-08-27 11:30:00,522181
F Just_29020,F Just,-1,0,52,49,3,101,2021-08-27 11:33:00,522182
Anna Miklukha_1787381404,Anna Miklukha,-1,0,45,45,0,90,2021-08-27 11:35:00,522183
Ihor Kovalenko_178288,Ihor Kovalenko,-2,0,32,37,-5,69,2021-08-27 11:35:00,522184
A Klavdenkov_129275,A Klavdenkov,2,1,42,36,6,78,2021-08-27 11:38:00,522185
Oleksandr Zhyrnov_178303,Oleksandr Zhyrnov,3,1,37,26,11,63,2021-08-27 11:40:00,522186
Vasil Salivonchyk_1589361164,Vasil Salivonchyk,-2,0,41,49,-8,90,2021-08-27 11:40:00,522187
A Kazakov_129150,A Kazakov,3,1,33,23,10,56,2021-08-27 11:42:00,522188
Andrii Hordii_1528490712,Andrii Hordii,3,1,34,28,6,62,2021-08-27 11:45:00,522189
Oleksandr Ivchuk_178333,Oleksandr Ivchuk,3,1,33,24,9,57,2021-08-27 11:45:00,522190
D Andreev_129186,D Andreev,-3,0,23,33,-10,56,2021-08-27 11:45:00,522191
Volodymyr Melnykov_178347,Volodymyr Melnykov,-2,0,24,40,-16,64,2021-08-27 11:50:00,522192
Spartak Abalmaz_1072370551,Spartak Abalmaz,-2,0,40,43,-3,83,2021-08-27 11:50:00,522193
Petro Tsolik_914978367,Petro Tsolik,-2,0,42,49,-7,91,2021-08-27 11:50:00,522194
Yaroslav Tebenko_178269,Yaroslav Tebenko,2,1,40,27,13,67,2021-08-27 11:50:00,522195
Petro Kolesnik_100745690,Petro Kolesnik,-2,0,37,38,-1,75,2021-08-27 11:55:00,522196
Oleksandr Sharanyuk_178362,Oleksandr Sharanyuk,3,1,34,18,16,52,2021-08-27 11:55:00,522197
Oleksandr Maslovskyi_178377,Oleksandr Maslovskyi,-1,0,42,45,-3,87,2021-08-27 12:00:00,522198
Yevhenii Honchar_178279,Yevhenii Honchar,-3,0,21,33,-12,54,2021-08-27 12:00:00,522199
Anatolii Reva_900729570,Anatolii Reva,3,1,33,22,11,55,2021-08-27 12:00:00,522200
V Mishakin_129151,V Mishakin,2,1,40,30,10,70,2021-08-27 12:01:00,522201
D Molodtsov_129116,D Molodtsov,-1,0,48,50,-2,98,2021-08-27 12:03:00,522202
Anatolii Zapletniuk_1237989586,Anatolii Zapletniuk,-2,0,29,39,-10,68,2021-08-27 12:05:00,522203
Vadym Reva_178289,Vadym Reva,1,1,55,50,5,105,2021-08-27 12:05:00,522204
Artem Yurkov_178304,Artem Yurkov,1,1,42,46,-4,88,2021-08-27 12:10:00,522205
Veronika Andriushchenko_1785020450,Veronika Andriushchenko,3,1,33,21,12,54,2021-08-27 12:10:00,522206
Jiri Plachy_178557,Jiri Plachy,-2,0,28,43,-15,71,2021-08-27 12:10:00,522207
A Libatskii_129187,A Libatskii,-3,0,25,35,-10,60,2021-08-27 12:15:00,522208
Maxim Naumchuk_1343265645,Maxim Naumchuk,-3,0,21,33,-12,54,2021-08-27 12:15:00,522209
Sviatoslav Sachuk_178334,Sviatoslav Sachuk,1,1,46,46,0,92,2021-08-27 12:15:00,522210
F Just_29045,F Just,-3,0,22,33,-11,55,2021-08-27 12:16:00,522211
Roman Mazur_178270,Roman Mazur,3,1,33,20,13,53,2021-08-27 12:20:00,522212
Nazarii Danyliuk_1578278398,Nazarii Danyliuk,2,1,43,37,6,80,2021-08-27 12:20:00,522213
Oleksandr Osadchyi_178348,Oleksandr Osadchyi,1,1,48,48,0,96,2021-08-27 12:20:00,522214
Dmitriy Lebed_2005212496,Dmitriy Lebed,-2,0,32,45,-13,77,2021-08-27 12:25:00,522215
Volodymyr Konishchuk_178363,Volodymyr Konishchuk,-3,0,17,33,-16,50,2021-08-27 12:25:00,522216
Uriy Sandulenko_1817641857,Uriy Sandulenko,3,1,33,18,15,51,2021-08-27 12:25:00,522217
Andrii Kovrikov_178280,Andrii Kovrikov,-2,0,35,46,-11,81,2021-08-27 12:30:00,522218
R Astreev_129152,R Astreev,-2,0,43,46,-3,89,2021-08-27 12:30:00,522219
Mykola Kulynych_178378,Mykola Kulynych,-2,0,29,41,-12,70,2021-08-27 12:30:00,522220
Andrii Selin_1148477001,Andrii Selin,-1,0,44,43,1,87,2021-08-27 12:30:00,522221
Sr. Obeslo_29046,Sr. Obeslo,2,1,41,33,8,74,2021-08-27 12:34:00,522222
Oleksandr Hubarev_861562348,Oleksandr Hubarev,1,1,48,46,2,94,2021-08-27 12:35:00,522223
Valerii Danchenko_178290,Valerii Danchenko,1,1,50,39,11,89,2021-08-27 12:35:00,522224
Dominik Horak_178558,Dominik Horak,-2,0,34,39,-5,73,2021-08-27 12:40:00,522225
Artem Tkachenko_632748907,Artem Tkachenko,-1,0,50,46,4,96,2021-08-27 12:40:00,522226
Vladyslav Mishchenko_178305,Vladyslav Mishchenko,-3,0,20,33,-13,53,2021-08-27 12:40:00,522227
Denys Valenda_178335,Denys Valenda,2,1,45,36,9,81,2021-08-27 12:45:00,522228
Viktoria Kurtenko_1574946498,Viktoria Kurtenko,-3,0,18,33,-15,51,2021-08-27 12:45:00,522229
E Grishaev_129188,E Grishaev,2,1,44,37,7,81,2021-08-27 12:46:00,522230
V Demchenko_129117,V Demchenko,-2,0,36,40,-4,76,2021-08-27 12:49:00,522231
Maksym Kukharuk_986858166,Maksym Kukharuk,-2,0,27,40,-13,67,2021-08-27 12:50:00,522232
Serhii Hot_178559,Serhii Hot,-2,0,24,43,-19,67,2021-08-27 12:50:00,522233
Kyrylo Mykhailovsky_178349,Kyrylo Mykhailovsky,1,1,48,43,5,91,2021-08-27 12:50:00,522234
Vasyl Kushnir_111286255,Vasyl Kushnir,1,1,50,45,5,95,2021-08-27 12:55:00,522235
Oleksii Korobov_178364,Oleksii Korobov,-3,0,24,34,-10,58,2021-08-27 12:55:00,522236
V Kutin_129153,V Kutin,2,1,39,32,7,71,2021-08-27 12:59:00,522237
Anatolii Nikolenko_178379,Anatolii Nikolenko,2,1,43,29,14,72,2021-08-27 13:00:00,522238
Jaromir Janda_178537,Jaromir Janda,2,1,42,22,20,64,2021-08-27 13:00:00,522239
Vadym Grushko_1636478468,Vadym Grushko,3,1,34,23,11,57,2021-08-27 13:00:00,522240
Nazarii Haievyi_787656199,Nazarii Haievyi,-2,0,43,41,2,84,2021-08-27 13:00:00,522241
J Veselka_29021,J Veselka,1,1,51,47,4,98,2021-08-27 13:03:00,522242
Hennadii Buianover_178291,Hennadii Buianover,-2,0,37,44,-7,81,2021-08-27 13:05:00,522243
Oleksandr Dziabura_1672493415,Oleksandr Dziabura,-2,0,31,42,-11,73,2021-08-27 13:05:00,522244
Volodymyr Voronenkov_178561,Volodymyr Voronenkov,-1,0,41,43,-2,84,2021-08-27 13:05:00,522245
Valeriy Medvedenko_1883893750,Valeriy Medvedenko,-1,0,39,49,-10,88,2021-08-27 13:10:00,522246
Oleksandr Kolbasenko_178306,Oleksandr Kolbasenko,2,1,38,36,2,74,2021-08-27 13:10:00,522247
S Burov_129118,S Burov,2,1,38,32,6,70,2021-08-27 13:13:00,522248
Anatolii Zapletniuk_640782878,Anatolii Zapletniuk,2,1,38,37,1,75,2021-08-27 13:15:00,522249
Maksym Mrykh_178336,Maksym Mrykh,-2,0,34,39,-5,73,2021-08-27 13:15:00,522250
V Evlampiev_129189,V Evlampiev,2,1,41,31,10,72,2021-08-27 13:17:00,522251
Vadym Kucheriavyi_178350,Vadym Kucheriavyi,3,1,39,30,9,69,2021-08-27 13:20:00,522252
Yulia Hodko_1566363987,Yulia Hodko,-3,0,29,37,-8,66,2021-08-27 13:20:00,522253
Roman Mazur_178560,Roman Mazur,-2,0,31,44,-13,75,2021-08-27 13:20:00,522254
Vadim Gerashenko_1846684550,Vadim Gerashenko,-1,0,46,47,-1,93,2021-08-27 13:25:00,522255
Hennadii Portnov_178365,Hennadii Portnov,-2,0,39,44,-5,83,2021-08-27 13:25:00,522256
Nazarii Danyliuk_881349436,Nazarii Danyliuk,-2,0,31,40,-9,71,2021-08-27 13:30:00,522257
Jan Blazek_178538,Jan Blazek,-2,0,30,42,-12,72,2021-08-27 13:30:00,522258
Ruslan Nyzhnyk_178380,Ruslan Nyzhnyk,1,1,44,44,0,88,2021-08-27 13:30:00,522259
R Astreev_129154,R Astreev,-1,0,44,53,-9,97,2021-08-27 13:30:00,522260
V Chahur_129119,V Chahur,3,1,33,18,15,51,2021-08-27 13:34:00,522261
Vitalii Zharskiy_1952116909,Vitalii Zharskiy,-1,0,47,52,-5,99,2021-08-27 13:35:00,522262
Dmitriy Lebed_794896584,Dmitriy Lebed,-1,0,48,54,-6,102,2021-08-27 13:35:00,522263
Vadym Bochkovskyi_178562,Vadym Bochkovskyi,2,1,41,36,5,77,2021-08-27 13:35:00,522264
Vadym Reva_178292,Vadym Reva,-3,0,24,35,-11,59,2021-08-27 13:35:00,522265
Ja Jablonovsky_29022,Ja Jablonovsky,-1,0,42,45,-3,87,2021-08-27 13:37:00,522266
Artem Yurkov_178307,Artem Yurkov,2,1,39,31,8,70,2021-08-27 13:40:00,522267
Vadym Komar_1183179031,Vadym Komar,-3,0,26,34,-8,60,2021-08-27 13:40:00,522268
Sviatoslav Sachuk_178337,Sviatoslav Sachuk,-2,0,25,40,-15,65,2021-08-27 13:45:00,522269
Valeriy Medvedenko_1021498945,Valeriy Medvedenko,-1,0,46,55,-9,101,2021-08-27 13:45:00,522270
S Burov_129120,S Burov,-1,0,47,55,-8,102,2021-08-27 13:49:00,522271
Artem Tkachenko_906349643,Artem Tkachenko,3,1,33,19,14,52,2021-08-27 13:50:00,522272
Volodymyr Melnykov_178351,Volodymyr Melnykov,2,1,43,33,10,76,2021-08-27 13:50:00,522273
Anna Miklukha_1762094393,Anna Miklukha,-2,0,40,43,-3,83,2021-08-27 13:55:00,522274
Oleksandr Sharanyuk_178366,Oleksandr Sharanyuk,-3,0,18,33,-15,51,2021-08-27 13:55:00,522275
E Grishaev_129190,E Grishaev,1,1,44,43,1,87,2021-08-27 13:56:00,522276
V Mishakin_129155,V Mishakin,2,1,43,36,7,79,2021-08-27 14:00:00,522277
Jan Blazek_178539,Jan Blazek,2,1,42,25,17,67,2021-08-27 14:00:00,522278
Vasil Salivonchyk_1559776390,Vasil Salivonchyk,-2,0,34,41,-7,75,2021-08-27 14:00:00,522279
V Dolezal_29023,V Dolezal,2,1,43,22,21,65,2021-08-27 14:00:00,522280
Vasyl Kushnir_1062845728,Vasyl Kushnir,-2,0,34,44,-10,78,2021-08-27 14:05:00,522281
Serhii Bohach_178293,Serhii Bohach,-1,0,57,55,2,112,2021-08-27 14:05:00,522282
Petro Tsolik_571180273,Petro Tsolik,-2,0,35,43,-8,78,2021-08-27 14:10:00,522283
Vadym Ishchuk_178308,Vadym Ishchuk,2,1,38,30,8,68,2021-08-27 14:10:00,522284
Vadym Grushko_545820198,Vadym Grushko,1,1,43,39,4,82,2021-08-27 14:10:00,522285
Oleksii Bahrii_178563,Oleksii Bahrii,-2,0,35,40,-5,75,2021-08-27 14:10:00,522286
Ilya Parnyvoda_178338,Ilya Parnyvoda,-3,0,22,33,-11,55,2021-08-27 14:15:00,522287
Petro Kolesnik_1003711666,Petro Kolesnik,-3,0,28,36,-8,64,2021-08-27 14:15:00,522288
V Demchenko_129121,V Demchenko,1,1,47,45,2,92,2021-08-27 14:16:00,522289
Kyrylo Mykhailovsky_178352,Kyrylo Mykhailovsky,3,1,33,20,13,53,2021-08-27 14:20:00,522290
Anatolii Reva_476985400,Anatolii Reva,3,1,33,25,8,58,2021-08-27 14:20:00,522291
Oleksii Korobov_178367,Oleksii Korobov,-2,0,35,41,-6,76,2021-08-27 14:25:00,522292
Anatolii Zapletniuk_782372808,Anatolii Zapletniuk,-1,0,48,50,-2,98,2021-08-27 14:25:00,522293
Anna Miklukha_1919214653,Anna Miklukha,2,1,47,36,11,83,2021-08-27 14:30:00,522294
R Astreev_129282,R Astreev,1,1,50,48,2,98,2021-08-27 14:30:00,522295
Jaromir Janda_178540,Jaromir Janda,-1,0,46,50,-4,96,2021-08-27 14:30:00,522296
M Kolar_29024,M Kolar,2,1,42,37,5,79,2021-08-27 14:31:00,522297
A Libatskii_129191,A Libatskii,2,1,43,33,10,76,2021-08-27 14:32:00,522298
Vadim Gerashenko_1241663674,Vadim Gerashenko,-3,0,18,33,-15,51,2021-08-27 14:35:00,522299
Vadym Reva_178294,Vadym Reva,-2,0,33,43,-10,76,2021-08-27 14:35:00,522300
Artem Yurkov_178309,Artem Yurkov,1,1,49,47,2,96,2021-08-27 14:40:00,522301
Nazarii Danyliuk_722269584,Nazarii Danyliuk,2,1,38,35,3,73,2021-08-27 14:40:00,522302
Ruslan Nyzhnyk_178564,Ruslan Nyzhnyk,-2,0,31,42,-11,73,2021-08-27 14:40:00,522303
Nazarii Haievyi_79055178,Nazarii Haievyi,-2,0,35,44,-9,79,2021-08-27 14:45:00,522304
Dmitriy Lebed_1442569468,Dmitriy Lebed,3,1,35,20,15,55,2021-08-27 14:45:00,522305
Sviatoslav Sachuk_178339,Sviatoslav Sachuk,1,1,46,45,1,91,2021-08-27 14:45:00,522306
Artem Borysov_915506462,Artem Borysov,2,1,37,31,6,68,2021-08-27 14:50:00,522307
Oleh Karpenko_178353,Oleh Karpenko,-2,0,36,49,-13,85,2021-08-27 14:50:00,522308
Valeriy Medvedenko_750993254,Valeriy Medvedenko,-3,0,23,33,-10,56,2021-08-27 14:55:00,522309
Serhii Chuliukov_178368,Serhii Chuliukov,2,1,41,30,11,71,2021-08-27 14:55:00,522310
D Molodtsov_129284,D Molodtsov,2,1,48,39,9,87,2021-08-27 14:57:00,522311
Roman Shtukovanyi_2021868480,Roman Shtukovanyi,2,1,41,36,5,77,2021-08-27 15:00:00,522312
Lukas Adamec_178541,Lukas Adamec,-1,0,46,49,-3,95,2021-08-27 15:00:00,522313
D Andreev_129286,D Andreev,-2,0,40,48,-8,88,2021-08-27 15:02:00,522314
V Mishakin_129283,V Mishakin,3,1,33,20,13,53,2021-08-27 15:02:00,522315
V Dolezal_29025,V Dolezal,-3,0,21,33,-12,54,2021-08-27 15:03:00,522316
Ihor Kovalenko_178295,Ihor Kovalenko,2,1,37,27,10,64,2021-08-27 15:05:00,522317
Veronika Andriushchenko_613341302,Veronika Andriushchenko,2,1,43,37,6,80,2021-08-27 15:05:00,522318
Maxim Naumchuk_1485736277,Maxim Naumchuk,-1,0,43,40,3,83,2021-08-27 15:10:00,522319
Oleksandr Zhyrnov_178310,Oleksandr Zhyrnov,-1,0,46,52,-6,98,2021-08-27 15:10:00,522320
Andrii Hordii_1893589134,Andrii Hordii,2,1,44,34,10,78,2021-08-27 15:15:00,522321
Oleksandr Ivchuk_178340,Oleksandr Ivchuk,-3,0,23,34,-11,57,2021-08-27 15:15:00,522322
Kyrylo Mykhailovsky_178354,Kyrylo Mykhailovsky,2,1,42,36,6,78,2021-08-27 15:20:00,522323
Vitalii Zharskiy_2031027224,Vitalii Zharskiy,-3,0,19,33,-14,52,2021-08-27 15:20:00,522324
Spartak Abalmaz_1721350236,Spartak Abalmaz,-1,0,36,52,-16,88,2021-08-27 15:20:00,522325
Nazarii Sydorak_178381,Nazarii Sydorak,-1,0,44,49,-5,93,2021-08-27 15:20:00,522326
Oleksandr Dziabura_493715442,Oleksandr Dziabura,-2,0,28,38,-10,66,2021-08-27 15:25:00,522327
Oleksii Korobov_178369,Oleksii Korobov,-1,0,39,47,-8,86,2021-08-27 15:25:00,522328
V Evlampiev_129287,V Evlampiev,-2,0,34,42,-8,76,2021-08-27 15:29:00,522329
Jaromir Janda_178542,Jaromir Janda,3,1,33,23,10,56,2021-08-27 15:30:00,522330
Roman Zholubak_178516,Roman Zholubak,2,1,44,25,19,69,2021-08-27 15:30:00,522331
Alexey Lukianov_1244952635,Alexey Lukianov,3,1,33,12,21,45,2021-08-27 15:30:00,522332
Ja Jablonovsky_29026,Ja Jablonovsky,-2,0,33,37,-4,70,2021-08-27 15:31:00,522333
M Sverdlov_129158,M Sverdlov,-2,0,24,42,-18,66,2021-08-27 15:31:00,522334
S Burov_129285,S Burov,-3,0,20,35,-15,55,2021-08-27 15:32:00,522335
Viktor Bedriichuk_1559662830,Viktor Bedriichuk,3,1,33,13,20,46,2021-08-27 15:35:00,522336
Borys Kostiuk_178406,Borys Kostiuk,-2,0,33,40,-7,73,2021-08-27 15:35:00,522337
Alisa Dubrova_178416,Alisa Dubrova,-1,0,40,48,-8,88,2021-08-27 15:40:00,522338
Serhii Matviienko_602226647,Serhii Matviienko,3,1,33,18,15,51,2021-08-27 15:40:00,522339
Yana Mykhailyk_178431,Yana Mykhailyk,1,1,47,42,5,89,2021-08-27 15:45:00,522340
S Morozov_129122,S Morozov,1,1,45,48,-3,93,2021-08-27 15:47:00,522341
Ivan Pytsko_178382,Ivan Pytsko,2,1,36,30,6,66,2021-08-27 15:50:00,522342
Artur Moriak_1364706080,Artur Moriak,1,1,50,41,9,91,2021-08-27 15:50:00,522343
Oleksandr Osadchyi_178355,Oleksandr Osadchyi,1,1,47,40,7,87,2021-08-27 15:50:00,522344
Volodymyr Konishchuk_178370,Volodymyr Konishchuk,1,1,48,43,5,91,2021-08-27 15:55:00,522345
Serhii Skachenko_187213105,Serhii Skachenko,2,1,39,29,10,68,2021-08-27 15:55:00,522346
Volodymyr Chornobab_178392,Volodymyr Chornobab,1,1,57,54,3,111,2021-08-27 16:00:00,522347
Jan Botka_178565,Jan Botka,1,1,46,44,2,90,2021-08-27 16:00:00,522348
Vadym Komar_219158080,Vadym Komar,-1,0,44,47,-3,91,2021-08-27 16:00:00,522349
Ja Jablonovsky_29047,Ja Jablonovsky,1,1,49,40,9,89,2021-08-27 16:01:00,522350
M Chernyavskiy_129159,M Chernyavskiy,2,1,47,39,8,86,2021-08-27 16:01:00,522351
A Poprocky_129192,A Poprocky,3,1,33,16,17,49,2021-08-27 16:05:00,522352
Hryhorii Kulishov_178407,Hryhorii Kulishov,1,1,44,40,4,84,2021-08-27 16:05:00,522353
Anatolii Reva_1337099090,Anatolii Reva,-2,0,32,38,-6,70,2021-08-27 16:05:00,522354
Yuliia Yemelianenko_178417,Yuliia Yemelianenko,2,1,38,38,0,76,2021-08-27 16:10:00,522355
Dmytro Halai_1787053382,Dmytro Halai,1,1,52,47,5,99,2021-08-27 16:10:00,522356
Oleksandra Tsiupko_178432,Oleksandra Tsiupko,1,1,49,47,2,96,2021-08-27 16:15:00,522357
Yevhenii Omitsynskyi_1225454494,Yevhenii Omitsynskyi,-2,0,31,42,-11,73,2021-08-27 16:15:00,522358
A Arutiunyan_129123,A Arutiunyan,-3,0,23,33,-10,56,2021-08-27 16:15:00,522359
Nazarii Sydorak_178383,Nazarii Sydorak,3,1,34,22,12,56,2021-08-27 16:20:00,522360
Vadym Nechyporuk_1061688972,Vadym Nechyporuk,-2,0,30,42,-12,72,2021-08-27 16:20:00,522361
A Zabrodin_129193,A Zabrodin,3,1,33,22,11,55,2021-08-27 16:21:00,522362
Andrii Peretiatko_178486,Andrii Peretiatko,-2,0,26,41,-15,67,2021-08-27 16:25:00,522363
Mykhailo Vivatenko_722770120,Mykhailo Vivatenko,2,1,38,40,-2,78,2021-08-27 16:25:00,522364
Andrii Herasymenko_1132250132,Andrii Herasymenko,-1,0,48,48,0,96,2021-08-27 16:30:00,522365
Lukas Adamec_178566,Lukas Adamec,3,1,37,27,10,64,2021-08-27 16:30:00,522366
J Veselka_29048,J Veselka,-1,0,45,43,2,88,2021-08-27 16:30:00,522367
Kyrylo Yurchenko_178517,Kyrylo Yurchenko,2,1,48,35,13,83,2021-08-27 16:30:00,522368
Borys Kostiuk_178496,Borys Kostiuk,-2,0,29,40,-11,69,2021-08-27 16:35:00,522369
Andrii Selin_1393430800,Andrii Selin,2,1,39,33,6,72,2021-08-27 16:35:00,522370
M Gusev_129160,M Gusev,2,1,34,31,3,65,2021-08-27 16:36:00,522371
Alena Petlenko_178418,Alena Petlenko,-2,0,43,47,-4,90,2021-08-27 16:40:00,522372
Valeriy Medvedenko_349676221,Valeriy Medvedenko,-1,0,41,48,-7,89,2021-08-27 16:40:00,522373
S Lanin_129194,S Lanin,-1,0,40,48,-8,88,2021-08-27 16:45:00,522374
Yana Mykhailyk_178433,Yana Mykhailyk,1,1,52,52,0,104,2021-08-27 16:45:00,522375
Viktor Bedriichuk_688636487,Viktor Bedriichuk,3,1,36,22,14,58,2021-08-27 16:45:00,522376
S Skotnikov_129124,S Skotnikov,-3,0,15,33,-18,48,2021-08-27 16:45:00,522377
Serhii Matviienko_1374708636,Serhii Matviienko,1,1,53,47,6,100,2021-08-27 16:50:00,522378
Valerii Merzlikin_178384,Valerii Merzlikin,-3,0,21,33,-12,54,2021-08-27 16:50:00,522379
Serhii Pitsyk_178487,Serhii Pitsyk,1,1,63,60,3,123,2021-08-27 16:55:00,522380
Dmytro Vakhta_291860653,Dmytro Vakhta,-1,0,41,48,-7,89,2021-08-27 16:55:00,522381
Volodymyr Chornobab_178518,Volodymyr Chornobab,-3,0,24,35,-11,59,2021-08-27 17:00:00,522382
Jan Duspiva_178525,Jan Duspiva,-2,0,32,47,-15,79,2021-08-27 17:00:00,522383
Artur Moriak_1857845758,Artur Moriak,-1,0,51,53,-2,104,2021-08-27 17:00:00,522384
Serhii Skachenko_1800669547,Serhii Skachenko,-3,0,18,33,-15,51,2021-08-27 17:05:00,522385
Andrii Romanenko_178409,Andrii Romanenko,2,1,41,33,8,74,2021-08-27 17:05:00,522386
A Barton_29027,A Barton,2,1,47,42,5,89,2021-08-27 17:05:00,522387
V Staroverov_129161,V Staroverov,-2,0,39,42,-3,81,2021-08-27 17:08:00,522388
Artem Borysov_203995789,Artem Borysov,-2,0,32,42,-10,74,2021-08-27 17:10:00,522389
Yuliia Yemelianenko_178419,Yuliia Yemelianenko,-3,0,22,33,-11,55,2021-08-27 17:10:00,522390
K Olshakov_129125,K Olshakov,3,1,33,19,14,52,2021-08-27 17:15:00,522391
Svitlana Yureneva_178434,Svitlana Yureneva,2,1,38,36,2,74,2021-08-27 17:15:00,522392
Alexey Lukianov_1653989351,Alexey Lukianov,-1,0,41,50,-9,91,2021-08-27 17:15:00,522393
O Soldusov_129195,O Soldusov,1,1,50,51,-1,101,2021-08-27 17:16:00,522394
Ivan Pytsko_178385,Ivan Pytsko,-2,0,32,43,-11,75,2021-08-27 17:20:00,522395
Dmytro Halai_1751635715,Dmytro Halai,3,1,34,23,11,57,2021-08-27 17:20:00,522396
Andrii Peretiatko_178488,Andrii Peretiatko,1,1,45,35,10,80,2021-08-27 17:25:00,522397
Yevhenii Omitsynskyi_1951260340,Yevhenii Omitsynskyi,3,1,33,21,12,54,2021-08-27 17:25:00,522398
Vadym Nechyporuk_1142854623,Vadym Nechyporuk,1,1,55,51,4,106,2021-08-27 17:30:00,522399
Roman Zholubak_178519,Roman Zholubak,-2,0,23,36,-13,59,2021-08-27 17:30:00,522400
Jan Hrncir_178526,Jan Hrncir,-3,0,26,34,-8,60,2021-08-27 17:30:00,522401
M Gusev_129162,M Gusev,-1,0,50,47,3,97,2021-08-27 17:34:00,522402
Hryhorii Kulishov_178497,Hryhorii Kulishov,-1,0,46,45,1,91,2021-08-27 17:35:00,522403
Ruslan Kovalchuk_1643880212,Ruslan Kovalchuk,3,1,33,15,18,48,2021-08-27 17:35:00,522404
M Cinibulk_29028,M Cinibulk,-2,0,29,41,-12,70,2021-08-27 17:36:00,522405
Andrii Herasymenko_1248592977,Andrii Herasymenko,3,1,42,35,7,77,2021-08-27 17:40:00,522406
Alisa Dubrova_178420,Alisa Dubrova,3,1,33,13,20,46,2021-08-27 17:40:00,522407
Oleksandra Tsiupko_178435,Oleksandra Tsiupko,-2,0,28,42,-14,70,2021-08-27 17:45:00,522408
S Skotnikov_129126,S Skotnikov,-2,0,30,43,-13,73,2021-08-27 17:45:00,522409
Petro Kolesnik_1690083298,Petro Kolesnik,2,1,45,29,16,74,2021-08-27 17:45:00,522410
Anatolii Reva_900487682,Anatolii Reva,-2,0,29,39,-10,68,2021-08-27 17:50:00,522411
Stefan Yakimenko_178456,Stefan Yakimenko,-3,0,26,36,-10,62,2021-08-27 17:50:00,522412
Nazarii Sydorak_178386,Nazarii Sydorak,-3,0,26,34,-8,60,2021-08-27 17:50:00,522413
S Lanin_129196,S Lanin,-3,0,21,33,-12,54,2021-08-27 17:51:00,522414
Viktor Bedriichuk_1945421252,Viktor Bedriichuk,1,1,47,44,3,91,2021-08-27 17:55:00,522415
Serhii Khandetskyi_178489,Serhii Khandetskyi,2,1,43,30,13,73,2021-08-27 17:55:00,522416
Jan Hrncir_178527,Jan Hrncir,2,1,44,40,4,84,2021-08-27 18:00:00,522417
Serhii Matviienko_1315830691,Serhii Matviienko,-2,0,34,44,-10,78,2021-08-27 18:00:00,522418
Serhii Smyrnov_178396,Serhii Smyrnov,3,1,33,12,21,45,2021-08-27 18:00:00,522419
R Rose_29029,R Rose,-2,0,32,41,-9,73,2021-08-27 18:04:00,522420
Dmytro Vakhta_1497724749,Dmytro Vakhta,1,1,54,51,3,105,2021-08-27 18:05:00,522421
Borys Kostiuk_178411,Borys Kostiuk,2,1,42,22,20,64,2021-08-27 18:05:00,522422
M Chernyavskiy_129163,M Chernyavskiy,-1,0,42,47,-5,89,2021-08-27 18:10:00,522423
Nataliia Svydnytska_178421,Nataliia Svydnytska,3,1,33,12,21,45,2021-08-27 18:10:00,522424
Mykhailo Vivatenko_213303959,Mykhailo Vivatenko,2,1,39,34,5,73,2021-08-27 18:10:00,522425
A Arutiunyan_129127,A Arutiunyan,-3,0,18,33,-15,51,2021-08-27 18:15:00,522426
Yana Mykhailyk_178436,Yana Mykhailyk,1,1,46,44,2,90,2021-08-27 18:15:00,522427
A Zabrodin_129197,A Zabrodin,1,1,50,47,3,97,2021-08-27 18:15:00,522428
Serhii Skachenko_1244450148,Serhii Skachenko,1,1,47,47,0,94,2021-08-27 18:15:00,522429
Dmytro Derevinskyi_1398580559,Dmytro Derevinskyi,-2,0,36,43,-7,79,2021-08-27 18:20:00,522430
Ivan Pytsko_178387,Ivan Pytsko,-2,0,32,38,-6,70,2021-08-27 18:20:00,522431
Serhii Solomko_178457,Serhii Solomko,-1,0,46,54,-8,100,2021-08-27 18:20:00,522432
Oleksandr Hubarev_861339829,Oleksandr Hubarev,-1,0,57,55,2,112,2021-08-27 18:25:00,522433
Serhii Pitsyk_178490,Serhii Pitsyk,1,1,45,43,2,88,2021-08-27 18:25:00,522434
Jan Duspiva_178528,Jan Duspiva,-2,0,28,36,-8,64,2021-08-27 18:30:00,522435
Oleksiy Molochko_2101141909,Oleksiy Molochko,2,1,39,34,5,73,2021-08-27 18:30:00,522436
Kyrylo Yurchenko_178520,Kyrylo Yurchenko,-3,0,26,35,-9,61,2021-08-27 18:30:00,522437
F Kopecky_29030,F Kopecky,-2,0,37,37,0,74,2021-08-27 18:33:00,522438
Ivan Synytskyi_181980505,Ivan Synytskyi,-1,0,47,46,1,93,2021-08-27 18:35:00,522439
Hryhorii Kulishov_178412,Hryhorii Kulishov,-1,0,44,50,-6,94,2021-08-27 18:35:00,522440
Vadym Nechyporuk_1321946734,Vadym Nechyporuk,-1,0,50,47,3,97,2021-08-27 18:40:00,522441
Alena Petlenko_178422,Alena Petlenko,3,1,33,15,18,48,2021-08-27 18:40:00,522442
M Sverdlov_129336,M Sverdlov,3,1,33,18,15,51,2021-08-27 18:44:00,522443
A Arutiunyan_129328,A Arutiunyan,-2,0,32,43,-11,75,2021-08-27 18:45:00,522444
Oleksandra Tsiupko_178437,Oleksandra Tsiupko,-1,0,39,55,-16,94,2021-08-27 18:45:00,522445
Artur Moriak_1460778967,Artur Moriak,1,1,53,48,5,101,2021-08-27 18:45:00,522446
Dmytro Alekseenko_361128873,Dmytro Alekseenko,-1,0,50,48,2,98,2021-08-27 18:50:00,522447
Kostiantyn Tsoi_178458,Kostiantyn Tsoi,-2,0,35,37,-2,72,2021-08-27 18:50:00,522448
Valerii Merzlikin_178388,Valerii Merzlikin,2,1,39,31,8,70,2021-08-27 18:50:00,522449
Petro Kolesnik_1748725021,Petro Kolesnik,-3,0,25,34,-9,59,2021-08-27 18:55:00,522450
Andrii Peretiatko_178491,Andrii Peretiatko,-1,0,50,49,1,99,2021-08-27 18:55:00,522451
R Rose_29031,R Rose,3,1,33,15,18,48,2021-08-27 19:00:00,522452
Jan Jr Krames_178529,Jan Jr Krames,2,1,45,33,12,78,2021-08-27 19:00:00,522453
Valeriy Medvedenko_470151639,Valeriy Medvedenko,2,1,41,28,13,69,2021-08-27 19:00:00,522454
Volodymyr Chornobab_178398,Volodymyr Chornobab,2,1,39,31,8,70,2021-08-27 19:00:00,522455
S Lanin_129354,S Lanin,1,1,48,42,6,90,2021-08-27 19:01:00,522456
Andrii Romanenko_178498,Andrii Romanenko,3,1,34,24,10,58,2021-08-27 19:05:00,522457
Dmytro Halai_1696774331,Dmytro Halai,-3,0,20,33,-13,53,2021-08-27 19:05:00,522458
V Staroverov_129343,V Staroverov,-2,0,28,43,-15,71,2021-08-27 19:07:00,522459
Yevhenii Omitsynskyi_845374412,Yevhenii Omitsynskyi,2,1,45,39,6,84,2021-08-27 19:10:00,522460
Yuliia Yemelianenko_178423,Yuliia Yemelianenko,1,1,49,53,-4,102,2021-08-27 19:10:00,522461
Andrii Kotik_1364914167,Andrii Kotik,3,1,35,28,7,63,2021-08-27 19:15:00,522462
K Olshakov_129329,K Olshakov,-1,0,42,51,-9,93,2021-08-27 19:15:00,522463
Svitlana Yureneva_178438,Svitlana Yureneva,2,1,43,32,11,75,2021-08-27 19:15:00,522464
Serhii Solomko_178459,Serhii Solomko,-2,0,36,40,-4,76,2021-08-27 19:20:00,522465
Nazarii Sydorak_178389,Nazarii Sydorak,2,1,43,29,14,72,2021-08-27 19:20:00,522466
Ruslan Kovalchuk_1739456811,Ruslan Kovalchuk,2,1,40,33,7,73,2021-08-27 19:20:00,522467
Serhii Pitsyk_178492,Serhii Pitsyk,3,1,42,36,6,78,2021-08-27 19:25:00,522468
A Zabrodin_129355,A Zabrodin,3,1,33,20,13,53,2021-08-27 19:25:00,522469
Serhii Skachenko_186785590,Serhii Skachenko,-1,0,50,58,-8,108,2021-08-27 19:25:00,522470
Jan Duspiva_178530,Jan Duspiva,-2,0,33,41,-8,74,2021-08-27 19:30:00,522471
I Mihaylov_129164,I Mihaylov,-1,0,35,44,-9,79,2021-08-27 19:30:00,522472
M Cinibulk_29032,M Cinibulk,2,1,41,31,10,72,2021-08-27 19:30:00,522473
Roman Zholubak_178399,Roman Zholubak,2,1,40,28,12,68,2021-08-27 19:30:00,522474
Vadym Komar_340889010,Vadym Komar,-1,0,43,49,-6,92,2021-08-27 19:30:00,522475
Borys Kostiuk_178414,Borys Kostiuk,-3,0,15,33,-18,48,2021-08-27 19:35:00,522476
Alisa Dubrova_178424,Alisa Dubrova,3,1,36,27,9,63,2021-08-27 19:40:00,522477
Viktor Bedriichuk_2115835936,Viktor Bedriichuk,2,1,45,36,9,81,2021-08-27 19:40:00,522478
Serhii Matviienko_552891281,Serhii Matviienko,-2,0,37,39,-2,76,2021-08-27 19:45:00,522479
Yana Mykhailyk_178439,Yana Mykhailyk,3,1,33,22,11,55,2021-08-27 19:45:00,522480
D Petrochenko_129128,D Petrochenko,-2,0,27,39,-12,66,2021-08-27 19:49:00,522481
Volodymyr Korobko_178390,Volodymyr Korobko,-1,0,50,57,-7,107,2021-08-27 19:50:00,522482
Stefan Yakimenko_178460,Stefan Yakimenko,3,1,36,26,10,62,2021-08-27 19:50:00,522483
Dmytro Vakhta_1425292908,Dmytro Vakhta,2,1,42,22,20,64,2021-08-27 19:50:00,522484
V Melnikov_129198,V Melnikov,-1,0,49,50,-1,99,2021-08-27 19:51:00,522485
Serhii Khandetskyi_178493,Serhii Khandetskyi,-2,0,33,42,-9,75,2021-08-27 19:55:00,522486
Mykhailo Vivatenko_576397262,Mykhailo Vivatenko,-1,0,47,55,-8,102,2021-08-27 19:55:00,522487
Serhii Smyrnov_178521,Serhii Smyrnov,-3,0,25,33,-8,58,2021-08-27 20:00:00,522488
Jakub Plachta_178803,Jakub Plachta,-3,0,25,36,-11,61,2021-08-27 20:00:00,522489
Andrii Herasymenko_2013464072,Andrii Herasymenko,2,1,44,35,9,79,2021-08-27 20:00:00,522490
F Kopecky_29073,F Kopecky,-3,0,22,33,-11,55,2021-08-27 20:01:00,522491
D Tikhnenko_129165,D Tikhnenko,3,1,37,25,12,62,2021-08-27 20:04:00,522492
Pavlo Khakhamidi_178499,Pavlo Khakhamidi,-1,0,49,45,4,94,2021-08-27 20:05:00,522493
Petro Kolesnik_1608464375,Petro Kolesnik,1,1,54,48,6,102,2021-08-27 20:05:00,522494
Nataliia Svydnytska_178425,Nataliia Svydnytska,3,1,33,17,16,50,2021-08-27 20:10:00,522495
I Soldatov_129129,I Soldatov,-2,0,33,45,-12,78,2021-08-27 20:15:00,522496
Tetiana Zghurska_178440,Tetiana Zghurska,-2,0,36,40,-4,76,2021-08-27 20:15:00,522497
Dmytro Halai_1387588407,Dmytro Halai,-1,0,39,44,-5,83,2021-08-27 20:15:00,522498
Serhii Semenets_178461,Serhii Semenets,-2,0,29,40,-11,69,2021-08-27 20:20:00,522499
Yevhenii Omitsynskyi_417452723,Yevhenii Omitsynskyi,-2,0,33,38,-5,71,2021-08-27 20:20:00,522500
Vadym Nechyporuk_826689701,Vadym Nechyporuk,3,1,33,25,8,58,2021-08-27 20:25:00,522501
Andrii Peretiatko_178494,Andrii Peretiatko,-1,0,37,49,-12,86,2021-08-27 20:25:00,522502
K Puzankov_129199,K Puzankov,1,1,53,50,3,103,2021-08-27 20:27:00,522503
Volodymyr Kuzmych_178805,Volodymyr Kuzmych,3,1,33,18,15,51,2021-08-27 20:30:00,522504
A Barton_29074,A Barton,2,1,42,33,9,75,2021-08-27 20:30:00,522505
Jan Jr Krames_178804,Jan Jr Krames,3,1,36,29,7,65,2021-08-27 20:30:00,522506
Andrii Isaiev_1716007258,Andrii Isaiev,-1,0,55,60,-5,115,2021-08-27 20:30:00,522507
Kyrylo Yurchenko_178522,Kyrylo Yurchenko,-1,0,43,49,-6,92,2021-08-27 20:30:00,522508
V Mishakin_129166,V Mishakin,-3,0,23,33,-10,56,2021-08-27 20:31:00,522509
Serhii Skachenko_1375039486,Serhii Skachenko,2,1,47,38,9,85,2021-08-27 20:35:00,522510
Artem Borysov_314820890,Artem Borysov,2,1,45,41,4,86,2021-08-27 20:40:00,522511
Alena Petlenko_178426,Alena Petlenko,3,1,34,24,10,58,2021-08-27 20:40:00,522512
Pavlo Khakhamidi_178807,Pavlo Khakhamidi,1,1,55,54,1,109,2021-08-27 20:45:00,522513
A Klavdenkov_129130,A Klavdenkov,-2,0,36,44,-8,80,2021-08-27 20:47:00,522514
Viktor Bedriichuk_368572756,Viktor Bedriichuk,3,1,41,35,6,76,2021-08-27 20:50:00,522515
Kostiantyn Tsoi_178462,Kostiantyn Tsoi,-3,0,25,36,-11,61,2021-08-27 20:50:00,522516
Rustam Halimbaiev_178495,Rustam Halimbaiev,-1,0,46,47,-1,93,2021-08-27 20:55:00,522517
Serhii Matviienko_1613702132,Serhii Matviienko,3,1,34,20,14,54,2021-08-27 20:55:00,522518
Svitlana Yureneva_178809,Svitlana Yureneva,3,1,33,15,18,48,2021-08-27 20:55:00,522519
Lukas Hobl_178531,Lukas Hobl,1,1,46,42,4,88,2021-08-27 21:00:00,522520
Roman Zholubak_178402,Roman Zholubak,1,1,53,42,11,95,2021-08-27 21:00:00,522521
Dmytro Vakhta_579916031,Dmytro Vakhta,3,1,36,27,9,63,2021-08-27 21:00:00,522522
V Kasatkin_129167,V Kasatkin,2,1,40,32,8,72,2021-08-27 21:00:00,522523
Volodymyr Korobko_178806,Volodymyr Korobko,-1,0,41,49,-8,90,2021-08-27 21:00:00,522524
Jo Medek_29033,Jo Medek,-3,0,20,33,-13,53,2021-08-27 21:01:00,522525
Artur Moriak_269145883,Artur Moriak,1,1,49,48,1,97,2021-08-27 21:05:00,522526
A Golovinskii_129200,A Golovinskii,-3,0,24,33,-9,57,2021-08-27 21:06:00,522527
Alisa Dubrova_178427,Alisa Dubrova,-2,0,32,40,-8,72,2021-08-27 21:10:00,522528
Andrii Herasymenko_452694135,Andrii Herasymenko,2,1,45,34,11,79,2021-08-27 21:10:00,522529
Andrii Selin_973850698,Andrii Selin,1,1,48,40,8,88,2021-08-27 21:15:00,522530
Vitalii Kyilo_178808,Vitalii Kyilo,1,1,46,41,5,87,2021-08-27 21:15:00,522531
E Markelov_129131,E Markelov,-2,0,37,41,-4,78,2021-08-27 21:17:00,522532
Serhii Solomko_178463,Serhii Solomko,1,1,44,51,-7,95,2021-08-27 21:20:00,522533
Anastasiia Mydvetska_178810,Anastasiia Mydvetska,3,1,33,21,12,54,2021-08-27 21:25:00,522534
Dmytro Halai_77703824,Dmytro Halai,2,1,41,33,8,74,2021-08-27 21:25:00,522535
A Silantev_129201,A Silantev,-2,0,38,46,-8,84,2021-08-27 21:29:00,522536
Yevhenii Omitsynskyi_1044309299,Yevhenii Omitsynskyi,-1,0,36,49,-13,85,2021-08-27 21:30:00,522537
Rustam Halimbaiev_178811,Rustam Halimbaiev,2,1,43,32,11,75,2021-08-27 21:30:00,522538
David Prusa_178532,David Prusa,2,1,41,32,9,73,2021-08-27 21:30:00,522539
Andrii Lukatskyi_178523,Andrii Lukatskyi,-1,0,50,49,1,99,2021-08-27 21:30:00,522540
Z Bilek_29034,Z Bilek,-3,0,20,33,-13,53,2021-08-27 21:30:00,522541
V Mishakin_129168,V Mishakin,-2,0,43,49,-6,92,2021-08-27 21:31:00,522542
Vadym Nechyporuk_1003258966,Vadym Nechyporuk,1,1,48,52,-4,100,2021-08-27 21:35:00,522543
Vasyl Pleshkan_259638834,Vasyl Pleshkan,-2,0,27,41,-14,68,2021-08-27 21:40:00,522544
Liliya Andrieieva_178428,Liliya Andrieieva,-2,0,28,41,-13,69,2021-08-27 21:40:00,522545
Serhii Skachenko_482576181,Serhii Skachenko,-1,0,38,50,-12,88,2021-08-27 21:45:00,522546
A Klavdenkov_129132,A Klavdenkov,2,1,42,34,8,76,2021-08-27 21:47:00,522547
Serhii Ponomarenko_166702372,Serhii Ponomarenko,2,1,43,36,7,79,2021-08-27 21:50:00,522548
Stefan Yakimenko_178464,Stefan Yakimenko,-1,0,43,49,-6,92,2021-08-27 21:50:00,522549
Denys Shcherbak_239421190,Denys Shcherbak,2,1,42,31,11,73,2021-08-27 21:55:00,522550
A Golovinskii_129202,A Golovinskii,-3,0,15,33,-18,48,2021-08-27 21:59:00,522551
Ja Zajicek_29035,Ja Zajicek,3,1,33,25,8,58,2021-08-27 22:00:00,522552
Oleksiy Molochko_1196346391,Oleksiy Molochko,-3,0,21,35,-14,56,2021-08-27 22:00:00,522553
Roman Zholubak_178404,Roman Zholubak,3,1,33,15,18,48,2021-08-27 22:00:00,522554
Andrii Shcherbak_178812,Andrii Shcherbak,1,1,49,45,4,94,2021-08-27 22:00:00,522555
David Prusa_178533,David Prusa,1,1,49,39,10,88,2021-08-27 22:00:00,522556
D Tikhnenko_129169,D Tikhnenko,2,1,42,32,10,74,2021-08-27 22:02:00,522557
Ivan Synytskyi_1233937711,Ivan Synytskyi,1,1,50,44,6,94,2021-08-27 22:05:00,522558
Alisa Dubrova_178429,Alisa Dubrova,1,1,47,49,-2,96,2021-08-27 22:10:00,522559
Dmytro Vakhta_1355533838,Dmytro Vakhta,3,1,35,21,14,56,2021-08-27 22:10:00,522560
Mykhailo Vivatenko_1195763643,Mykhailo Vivatenko,1,1,54,46,8,100,2021-08-27 22:15:00,522561
I Soldatov_129133,I Soldatov,2,1,42,33,9,75,2021-08-27 22:17:00,522562
K Puzankov_129203,K Puzankov,2,1,36,33,3,69,2021-08-27 22:18:00,522563
Dmytro Alekseenko_924893023,Dmytro Alekseenko,2,1,42,26,16,68,2021-08-27 22:20:00,522564
Serhii Semenets_178465,Serhii Semenets,-3,0,29,36,-7,65,2021-08-27 22:20:00,522565
Serhii Ponomarenko_1742304565,Serhii Ponomarenko,1,1,45,46,-1,91,2021-08-27 22:25:00,522566
L Boruvka_29036,L Boruvka,3,1,33,15,18,48,2021-08-27 22:30:00,522567
V Mishakin_129356,V Mishakin,-3,0,15,33,-18,48,2021-08-27 22:30:00,522568
Volodymyr Chornobab_178524,Volodymyr Chornobab,2,1,40,32,8,72,2021-08-27 22:30:00,522569
Denys Vakulenko_98019178,Denys Vakulenko,-2,0,30,44,-14,74,2021-08-27 22:30:00,522570
Lukas Hobl_178534,Lukas Hobl,1,1,53,51,2,104,2021-08-27 22:30:00,522571
Yuliia Yemelianenko_178430,Yuliia Yemelianenko,3,1,33,18,15,51,2021-08-27 22:40:00,522572
Nazarii Hrytsyienko_944620898,Nazarii Hrytsyienko,3,1,37,30,7,67,2021-08-27 22:45:00,522573
D Petrochenko_129358,D Petrochenko,2,1,40,25,15,65,2021-08-27 22:47:00,522574
A Golovinskii_129360,A Golovinskii,-1,0,54,56,-2,110,2021-08-27 22:47:00,522575
Kostiantyn Tsoi_178466,Kostiantyn Tsoi,-2,0,29,35,-6,64,2021-08-27 22:50:00,522576
Ja Zajicek_29037,Ja Zajicek,1,1,52,41,11,93,2021-08-27 23:00:00,522577
Serhii Ponomarenko_1376062484,Serhii Ponomarenko,3,1,33,15,18,48,2021-08-27 23:00:00,522578
Jan Holan_178535,Jan Holan,2,1,43,29,14,72,2021-08-27 23:00:00,522579
D Tikhnenko_129357,D Tikhnenko,2,1,46,37,9,83,2021-08-27 23:00:00,522580
Denys Vakulenko_1046966868,Denys Vakulenko,-3,0,16,33,-17,49,2021-08-27 23:05:00,522581
I Soldatov_129359,I Soldatov,-2,0,31,41,-10,72,2021-08-27 23:16:00,522582
A Silantev_129361,A Silantev,-2,0,34,46,-12,80,2021-08-27 23:19:00,522583
Stefan Yakimenko_178467,Stefan Yakimenko,-3,0,20,33,-13,53,2021-08-27 23:20:00,522584
Lukas Hobl_178536,Lukas Hobl,-2,0,39,45,-6,84,2021-08-27 23:30:00,522585
R Pavlenko_129170,R Pavlenko,1,1,48,45,3,93,2021-08-27 23:33:00,522586
Z Bilek_29038,Z Bilek,-3,0,19,33,-14,52,2021-08-27 23:38:00,522587
Igor Demchuk_442347607,Igor Demchuk,-2,0,40,41,-1,81,2021-08-27 23:45:00,522588
V Chahur_129134,V Chahur,-2,0,40,44,-4,84,2021-08-27 23:47:00,522589
V Safonov_129204,V Safonov,-2,0,37,42,-5,79,2021-08-27 23:49:00,522590
Vladyslav Pavliuk_178468,Vladyslav Pavliuk,2,1,43,39,4,82,2021-08-27 23:50:00,522591
Z Bilek_29075,Z Bilek,-2,0,31,42,-11,73,2021-08-28 00:00:00,522592
Serhii Ponomarenko_823773493,Serhii Ponomarenko,3,1,34,25,9,59,2021-08-28 00:00:00,522593
E Ilyukhin_129171,E Ilyukhin,-3,0,22,33,-11,55,2021-08-28 00:03:00,522594
Denys Shcherbak_487993181,Denys Shcherbak,2,1,42,25,17,67,2021-08-28 00:05:00,522595
Artem Lisechko_178471,Artem Lisechko,2,1,49,44,5,93,2021-08-28 00:05:00,522596
A Girevenkov_129205,A Girevenkov,-2,0,24,40,-16,64,2021-08-28 00:15:00,522597
Roman Vashchuk_1304684394,Roman Vashchuk,-2,0,38,48,-10,86,2021-08-28 00:15:00,522598
Yu Lbov_129135,Yu Lbov,-2,0,30,40,-10,70,2021-08-28 00:16:00,522599
Jan Zaloudik_178818,Jan Zaloudik,1,1,48,44,4,92,2021-08-28 00:20:00,522600
Stefan Yakimenko_178469,Stefan Yakimenko,-3,0,22,33,-11,55,2021-08-28 00:20:00,522601
L Boruvka_29076,L Boruvka,2,1,43,32,11,75,2021-08-28 00:30:00,522602
V Kalachev_129172,V Kalachev,2,1,41,30,11,71,2021-08-28 00:32:00,522603
Andrii Novikov_178472,Andrii Novikov,-1,0,53,56,-3,109,2021-08-28 00:35:00,522604
Denys Vakulenko_2127339992,Denys Vakulenko,-3,0,19,33,-14,52,2021-08-28 00:35:00,522605
Serhii Ponomarenko_592537145,Serhii Ponomarenko,-2,0,38,35,3,73,2021-08-28 00:40:00,522606
Igor Demchuk_649864883,Igor Demchuk,2,1,42,28,14,70,2021-08-28 00:45:00,522607
A Tsitselskii_129206,A Tsitselskii,-2,0,39,46,-7,85,2021-08-28 00:47:00,522608
A Vlasov_129136,A Vlasov,-3,0,17,33,-16,50,2021-08-28 00:49:00,522609
Serhii Solomko_178470,Serhii Solomko,2,1,40,32,8,72,2021-08-28 00:50:00,522610
David Prusa_178819,David Prusa,1,1,56,48,8,104,2021-08-28 00:50:00,522611
V Putilovsky_129173,V Putilovsky,2,1,37,25,12,62,2021-08-28 01:00:00,522612
Oleksandr Shapoval_178473,Oleksandr Shapoval,3,1,33,14,19,47,2021-08-28 01:05:00,522613
Denys Vakulenko_2130075521,Denys Vakulenko,1,1,47,41,6,88,2021-08-28 01:10:00,522614
Serhii Ponomarenko_1820782537,Serhii Ponomarenko,3,1,33,21,12,54,2021-08-28 01:15:00,522615
Roman Vashchuk_505076672,Roman Vashchuk,-2,0,43,48,-5,91,2021-08-28 01:15:00,522616
A Petrov_129207,A Petrov,-2,0,31,43,-12,74,2021-08-28 01:16:00,522617
Artem Slashchev_129137,Artem Slashchev,2,1,40,36,4,76,2021-08-28 01:16:00,522618
Iryna Aseieva_1128106768,Iryna Aseieva,-3,0,19,33,-14,52,2021-08-28 01:20:00,522619
E Ilyukhin_129174,E Ilyukhin,-3,0,29,36,-7,65,2021-08-28 01:33:00,522620
Andrii Novikov_178474,Andrii Novikov,-2,0,36,40,-4,76,2021-08-28 01:35:00,522621
Igor Demchuk_326581905,Igor Demchuk,-3,0,20,34,-14,54,2021-08-28 01:45:00,522622
Yu Lbov_129138,Yu Lbov,2,1,40,35,5,75,2021-08-28 01:46:00,522623
A Girevenkov_129208,A Girevenkov,1,1,45,49,-4,94,2021-08-28 01:47:00,522624
Halyna Telna_835397087,Halyna Telna,2,1,40,24,16,64,2021-08-28 01:50:00,522625
Serhii Tkachev_178500,Serhii Tkachev,-3,0,19,33,-14,52,2021-08-28 01:55:00,522626
V Putilovsky_129175,V Putilovsky,-1,0,52,53,-1,105,2021-08-28 02:01:00,522627
Artem Lisechko_178475,Artem Lisechko,-3,0,23,33,-10,56,2021-08-28 02:05:00,522628
Samvel Melkumian_708137366,Samvel Melkumian,-2,0,25,42,-17,67,2021-08-28 02:15:00,522629
A Petrov_129209,A Petrov,-3,0,26,34,-8,60,2021-08-28 02:17:00,522630
Artem Slashchev_129139,Artem Slashchev,-2,0,33,43,-10,76,2021-08-28 02:18:00,522631
Iryna Aseieva_1430467481,Iryna Aseieva,2,1,46,42,4,88,2021-08-28 02:20:00,522632
Pavlo Babenko_178501,Pavlo Babenko,-2,0,31,43,-12,74,2021-08-28 02:25:00,522633
K Churin_129176,K Churin,-2,0,30,40,-10,70,2021-08-28 02:34:00,522634
Vitalii Husiev_178476,Vitalii Husiev,2,1,36,30,6,66,2021-08-28 02:35:00,522635
Roman Vashchuk_1393400095,Roman Vashchuk,-3,0,21,33,-12,54,2021-08-28 02:45:00,522636
D Balakin_129140,D Balakin,2,1,39,29,10,68,2021-08-28 02:47:00,522637
I Afanasev_129210,I Afanasev,-2,0,29,39,-10,68,2021-08-28 02:48:00,522638
Halyna Telna_1325828020,Halyna Telna,-1,0,49,51,-2,100,2021-08-28 02:50:00,522639
Serhii Tkachev_178502,Serhii Tkachev,1,1,53,40,13,93,2021-08-28 02:55:00,522640
V Kalachev_129177,V Kalachev,3,1,37,30,7,67,2021-08-28 03:00:00,522641
Oleksandr Shapoval_178477,Oleksandr Shapoval,3,1,34,26,8,60,2021-08-28 03:05:00,522642
Igor Demchuk_792182257,Igor Demchuk,2,1,47,35,12,82,2021-08-28 03:15:00,522643
A Tsitselskii_129211,A Tsitselskii,-2,0,31,42,-11,73,2021-08-28 03:18:00,522644
A Vlasov_129141,A Vlasov,-2,0,32,36,-4,68,2021-08-28 03:19:00,522645
Iryna Aseieva_1333950490,Iryna Aseieva,-3,0,27,35,-8,62,2021-08-28 03:20:00,522646
Oleksandr Mishchenko_178503,Oleksandr Mishchenko,3,1,33,8,25,41,2021-08-28 03:25:00,522647
R Pavlenko_129178,R Pavlenko,-3,0,13,33,-20,46,2021-08-28 03:31:00,522648
Andrii Novikov_178478,Andrii Novikov,1,1,53,49,4,102,2021-08-28 03:35:00,522649
Roman Vashchuk_1162367020,Roman Vashchuk,-3,0,22,33,-11,55,2021-08-28 03:45:00,522650
V Chahur_129142,V Chahur,1,1,49,40,9,89,2021-08-28 03:46:00,522651
V Safonov_129212,V Safonov,2,1,40,28,12,68,2021-08-28 03:48:00,522652
Veronika Andriushchenko_2005571737,Veronika Andriushchenko,-2,0,39,42,-3,81,2021-08-28 03:50:00,522653
Pavlo Babenko_178504,Pavlo Babenko,-1,0,44,46,-2,90,2021-08-28 03:55:00,522654
K Churin_129179,K Churin,-1,0,46,46,0,92,2021-08-28 04:02:00,522655
Artem Lisechko_178479,Artem Lisechko,-3,0,19,33,-14,52,2021-08-28 04:05:00,522656
Igor Demchuk_326405489,Igor Demchuk,-2,0,30,43,-13,73,2021-08-28 04:15:00,522657
I Afanasev_129213,I Afanasev,-2,0,39,44,-5,83,2021-08-28 04:16:00,522658
D Balakin_129143,D Balakin,2,1,41,31,10,72,2021-08-28 04:17:00,522659
Halyna Telna_934329527,Halyna Telna,2,1,44,41,3,85,2021-08-28 04:20:00,522660
Serhii Tkachev_178505,Serhii Tkachev,-1,0,45,45,0,90,2021-08-28 04:25:00,522661
Vitalii Husiev_178480,Vitalii Husiev,2,1,40,32,8,72,2021-08-28 04:35:00,522662
E Ilyukhin_129362,E Ilyukhin,3,1,33,20,13,53,2021-08-28 04:35:00,522663
Roman Vashchuk_505248864,Roman Vashchuk,-1,0,40,49,-9,89,2021-08-28 04:45:00,522664
A Petrov_129364,A Petrov,-3,0,21,33,-12,54,2021-08-28 04:47:00,522665
Iryna Aseieva_1333913594,Iryna Aseieva,-2,0,32,42,-10,74,2021-08-28 04:50:00,522666
Yu Lbov_129366,Yu Lbov,2,1,39,38,1,77,2021-08-28 04:51:00,522667
Pavlo Babenko_178506,Pavlo Babenko,-2,0,34,36,-2,70,2021-08-28 04:55:00,522668
V Putilovsky_129363,V Putilovsky,3,1,38,31,7,69,2021-08-28 04:59:00,522669
Oleksandr Shapoval_178481,Oleksandr Shapoval,-1,0,42,50,-8,92,2021-08-28 05:05:00,522670
Volodymyr Tuchkevych_222960569,Volodymyr Tuchkevych,-2,0,40,46,-6,86,2021-08-28 05:15:00,522671
D Balakin_129367,D Balakin,-3,0,20,34,-14,54,2021-08-28 05:17:00,522672
I Afanasev_129365,I Afanasev,-2,0,53,57,-4,110,2021-08-28 05:17:00,522673
Halyna Telna_1325586132,Halyna Telna,3,1,35,28,7,63,2021-08-28 05:20:00,522674
Oleksandr Mishchenko_178507,Oleksandr Mishchenko,2,1,44,37,7,81,2021-08-28 05:25:00,522675
Artem Lisechko_178482,Artem Lisechko,-3,0,20,35,-15,55,2021-08-28 05:35:00,522676
Iryna Aseieva_1430295417,Iryna Aseieva,-1,0,60,63,-3,123,2021-08-28 05:50:00,522677
Serhii Tkachev_178508,Serhii Tkachev,-2,0,32,44,-12,76,2021-08-28 05:55:00,522678
Yevhenii Sokoltsov_178483,Yevhenii Sokoltsov,3,1,33,22,11,55,2021-08-28 06:05:00,522679
Halyna Telna_835643199,Halyna Telna,-2,0,44,47,-3,91,2021-08-28 06:20:00,522680
Yevhen Kyi_178509,Yevhen Kyi,1,1,42,42,0,84,2021-08-28 06:25:00,522681
Artem Lisechko_178484,Artem Lisechko,1,1,50,43,7,93,2021-08-28 06:35:00,522682
Veronika Andriushchenko_1502168872,Veronika Andriushchenko,-3,0,23,34,-11,57,2021-08-28 06:50:00,522683
Andrii Matiushenko_178820,Andrii Matiushenko,-1,0,44,45,-1,89,2021-08-28 06:55:00,522684
Andrii Novikov_178485,Andrii Novikov,-3,0,22,33,-11,55,2021-08-28 07:05:00,522685
Yevhen Kyi_178821,Yevhen Kyi,3,1,36,27,9,63,2021-08-28 07:25:00,522686
G Karpovkin_129276,G Karpovkin,2,1,39,27,12,66,2021-08-28 07:35:00,522687
V Vologzhanin_129236,V Vologzhanin,3,1,33,26,7,59,2021-08-28 07:47:00,522688
Yu Gavrilov_129316,Yu Gavrilov,-2,0,40,45,-5,85,2021-08-28 07:48:00,522689
Valentyn Yunchyk_433794119,Valentyn Yunchyk,-1,0,46,43,3,89,2021-08-28 07:50:00,522690
Bohdan Chaikovskyi_178567,Bohdan Chaikovskyi,2,1,43,30,13,73,2021-08-28 07:50:00,522691
Maksym Kolos_213534761,Maksym Kolos,-1,0,44,47,-3,91,2021-08-28 07:55:00,522692
Mykhailo Mosiuk_178582,Mykhailo Mosiuk,-3,0,17,33,-16,50,2021-08-28 08:00:00,522693
S Ovechkin_129277,S Ovechkin,2,1,42,36,6,78,2021-08-28 08:01:00,522694
Ihor Sobko_178597,Ihor Sobko,-3,0,16,33,-17,49,2021-08-28 08:05:00,522695
Yuliia Yemelianenko_178612,Yuliia Yemelianenko,3,1,33,21,12,54,2021-08-28 08:10:00,522696
Tetiana Zghurska_178767,Tetiana Zghurska,-3,0,20,33,-13,53,2021-08-28 08:15:00,522697
S Morozov_129317,S Morozov,3,1,33,20,13,53,2021-08-28 08:17:00,522698
A Sadkov_129237,A Sadkov,-3,0,24,33,-9,57,2021-08-28 08:17:00,522699
Volodymyr Korobko_178568,Volodymyr Korobko,3,1,35,18,17,53,2021-08-28 08:20:00,522700
Serhii Tsybulin_1579634087,Serhii Tsybulin,1,1,57,55,2,112,2021-08-28 08:25:00,522701
Volodymyr Chornobab_178583,Volodymyr Chornobab,2,1,46,32,14,78,2021-08-28 08:30:00,522702
M Glushkov_129278,M Glushkov,-1,0,39,46,-7,85,2021-08-28 08:30:00,522703
Dmytro Kryshtal_751748906,Dmytro Kryshtal,-2,0,32,44,-12,76,2021-08-28 08:30:00,522704
Bohdan Sinkevych_1953153568,Bohdan Sinkevych,3,1,33,25,8,58,2021-08-28 08:35:00,522705
Volodymyr Konishchuk_178598,Volodymyr Konishchuk,-2,0,30,40,-10,70,2021-08-28 08:35:00,522706
Anastasiia Gordinskaya-Sheiko_178613,Anastasiia Gordinskaya-Sheiko,1,1,48,43,5,91,2021-08-28 08:40:00,522707
Kyrylo Yehorov_520054411,Kyrylo Yehorov,1,1,49,42,7,91,2021-08-28 08:40:00,522708
Mariia Kurishchenko_178768,Mariia Kurishchenko,2,1,42,30,12,72,2021-08-28 08:45:00,522709
Nazarii Hrytsyienko_2120314537,Nazarii Hrytsyienko,1,1,54,49,5,103,2021-08-28 08:45:00,522710
V Staroverov_129238,V Staroverov,3,1,35,24,11,59,2021-08-28 08:46:00,522711
K Olshakov_129318,K Olshakov,-1,0,48,53,-5,101,2021-08-28 08:46:00,522712
Taras Gil_178569,Taras Gil,-2,0,29,42,-13,71,2021-08-28 08:50:00,522713
Oleh Yurenev_178637,Oleh Yurenev,-3,0,24,36,-12,60,2021-08-28 08:50:00,522714
Yurii Parahailo_375175206,Yurii Parahailo,1,1,44,45,-1,89,2021-08-28 08:50:00,522715
Serhii Pitsyk_178652,Serhii Pitsyk,3,1,34,26,8,60,2021-08-28 08:55:00,522716
Dmitriy Lebed_367219141,Dmitriy Lebed,-1,0,56,62,-6,118,2021-08-28 08:55:00,522717
Sergey Filatov_750355652,Sergey Filatov,2,1,39,22,17,61,2021-08-28 08:55:00,522718
Oleksii Krutko_1120046126,Oleksii Krutko,-1,0,47,49,-2,96,2021-08-28 09:00:00,522719
F Kopecky_29049,F Kopecky,1,1,46,43,3,89,2021-08-28 09:00:00,522720
Jan Hrncir_178779,Jan Hrncir,-2,0,31,42,-11,73,2021-08-28 09:00:00,522721
Yevhenii Honchar_178584,Yevhenii Honchar,-1,0,48,53,-5,101,2021-08-28 09:00:00,522722
A Merezhko_129279,A Merezhko,2,1,40,38,2,78,2021-08-28 09:02:00,522723
Hennadii Portnov_178813,Hennadii Portnov,-1,0,51,54,-3,105,2021-08-28 09:05:00,522724
Dmytro Baistriuchenko_1485110016,Dmytro Baistriuchenko,3,1,37,24,13,61,2021-08-28 09:05:00,522725
Yuliia Yemelianenko_178614,Yuliia Yemelianenko,1,1,48,38,10,86,2021-08-28 09:10:00,522726
Oleksandr Tuzhylin_1327153557,Oleksandr Tuzhylin,-2,0,27,42,-15,69,2021-08-28 09:10:00,522727
Oleksandra Tsiupko_178624,Oleksandra Tsiupko,-2,0,33,40,-7,73,2021-08-28 09:15:00,522728
Oleksiy Sapronov_1021956450,Oleksiy Sapronov,-2,0,31,42,-11,73,2021-08-28 09:15:00,522729
Ir Kim_129239,Ir Kim,2,1,43,40,3,83,2021-08-28 09:16:00,522730
S Skotnikov_129319,S Skotnikov,-2,0,29,40,-11,69,2021-08-28 09:18:00,522731
Andrii Kotik_48094716,Andrii Kotik,3,1,33,23,10,56,2021-08-28 09:20:00,522732
Dmytro Kunchurov_178638,Dmytro Kunchurov,3,1,33,10,23,43,2021-08-28 09:20:00,522733
Volodymyr Korobko_178570,Volodymyr Korobko,-1,0,46,47,-1,93,2021-08-28 09:20:00,522734
Oleksandr Hainovskyi_1191398514,Oleksandr Hainovskyi,2,1,36,38,-2,74,2021-08-28 09:25:00,522735
Serhii Khandetskyi_178653,Serhii Khandetskyi,2,1,39,35,4,74,2021-08-28 09:25:00,522736
Volodymyr Chornobab_178585,Volodymyr Chornobab,-2,0,34,40,-6,74,2021-08-28 09:30:00,522737
Dmytro Dubrovin_1893182517,Dmytro Dubrovin,-1,0,49,48,1,97,2021-08-28 09:30:00,522738
Martin Sulc_178780,Martin Sulc,1,1,47,47,0,94,2021-08-28 09:30:00,522739
Ji Louda_29050,Ji Louda,-2,0,24,42,-18,66,2021-08-28 09:30:00,522740
Spartak Abalmaz_460632737,Spartak Abalmaz,1,1,53,45,8,98,2021-08-28 09:30:00,522741
M Glushkov_129280,M Glushkov,-1,0,48,54,-6,102,2021-08-28 09:31:00,522742
Serhii Tsybulin_1629477729,Serhii Tsybulin,-1,0,43,54,-11,97,2021-08-28 09:35:00,522743
Volodymyr Konishchuk_178600,Volodymyr Konishchuk,1,1,48,48,0,96,2021-08-28 09:35:00,522744
Dmytro Kryshtal_2036641918,Dmytro Kryshtal,2,1,41,37,4,78,2021-08-28 09:40:00,522745
Nataliia Svydnytska_178615,Nataliia Svydnytska,3,1,33,11,22,44,2021-08-28 09:40:00,522746
Bohdan Sinkevych_111415635,Bohdan Sinkevych,-2,0,38,40,-2,78,2021-08-28 09:45:00,522747
V Staroverov_129240,V Staroverov,1,1,51,51,0,102,2021-08-28 09:45:00,522748
Mariia Kurishchenko_178769,Mariia Kurishchenko,1,1,39,43,-4,82,2021-08-28 09:45:00,522749
K Olshakov_129320,K Olshakov,-2,0,34,45,-11,79,2021-08-28 09:47:00,522750
Bohdan Chaikovskyi_178571,Bohdan Chaikovskyi,-1,0,44,42,2,86,2021-08-28 09:50:00,522751
Kyrylo Yehorov_2140304895,Kyrylo Yehorov,1,1,45,40,5,85,2021-08-28 09:50:00,522752
Oleksandr Durduka_178639,Oleksandr Durduka,-1,0,51,48,3,99,2021-08-28 09:50:00,522753
Serhii Pitsyk_178654,Serhii Pitsyk,-1,0,43,49,-6,92,2021-08-28 09:55:00,522754
Nazarii Hrytsyienko_1967601382,Nazarii Hrytsyienko,3,1,36,30,6,66,2021-08-28 09:55:00,522755
Mykhailo Mosiuk_178586,Mykhailo Mosiuk,3,1,33,22,11,55,2021-08-28 10:00:00,522756
Yurii Parahailo_637424603,Yurii Parahailo,3,1,34,25,9,59,2021-08-28 10:00:00,522757
Martin Sulc_178781,Martin Sulc,-2,0,36,41,-5,77,2021-08-28 10:00:00,522758
jr. Havlik_29051,jr. Havlik,3,1,33,16,17,49,2021-08-28 10:01:00,522759
S Ovechkin_129281,S Ovechkin,-3,0,27,34,-7,61,2021-08-28 10:02:00,522760
Dmitriy Lebed_594303585,Dmitriy Lebed,3,1,35,28,7,63,2021-08-28 10:05:00,522761
Sergey Filatov_1663714530,Sergey Filatov,1,1,52,51,1,103,2021-08-28 10:05:00,522762
Ihor Sobko_178601,Ihor Sobko,1,1,47,41,6,88,2021-08-28 10:05:00,522763
Anastasiia Gordinskaya-Sheiko_178616,Anastasiia Gordinskaya-Sheiko,-3,0,19,34,-15,53,2021-08-28 10:10:00,522764
Valentyn Yunchyk_1246214975,Valentyn Yunchyk,3,1,33,20,13,53,2021-08-28 10:10:00,522765
A Sadkov_129241,A Sadkov,1,1,49,44,5,93,2021-08-28 10:15:00,522766
Tetiana Zghurska_178770,Tetiana Zghurska,-3,0,19,33,-14,52,2021-08-28 10:15:00,522767
S Morozov_129321,S Morozov,1,1,49,42,7,91,2021-08-28 10:15:00,522768
Maksym Kolos_785164200,Maksym Kolos,2,1,40,37,3,77,2021-08-28 10:15:00,522769
Vitalii Lievshin_809451150,Vitalii Lievshin,3,1,36,21,15,57,2021-08-28 10:20:00,522770
Volodymyr Kuzmych_178572,Volodymyr Kuzmych,2,1,41,34,7,75,2021-08-28 10:20:00,522771
Dmytro Kunchurov_178640,Dmytro Kunchurov,-1,0,48,51,-3,99,2021-08-28 10:20:00,522772
Oleksiy Sapronov_1102187697,Oleksiy Sapronov,-2,0,36,37,-1,73,2021-08-28 10:25:00,522773
Taras Yemelianov_178655,Taras Yemelianov,2,1,43,33,10,76,2021-08-28 10:25:00,522774
Jan Hrncir_178782,Jan Hrncir,-3,0,15,33,-18,48,2021-08-28 10:30:00,522775
K Brozik_29052,K Brozik,2,1,43,36,7,79,2021-08-28 10:30:00,522776
Vadym Bochkovskyi_178587,Vadym Bochkovskyi,-1,0,43,44,-1,87,2021-08-28 10:30:00,522777
Andrii Kotik_393398600,Andrii Kotik,2,1,38,31,7,69,2021-08-28 10:30:00,522778
M Glushkov_129368,M Glushkov,1,1,46,48,-2,94,2021-08-28 10:31:00,522779
Yevhen Samofal_178814,Yevhen Samofal,2,1,43,37,6,80,2021-08-28 10:35:00,522780
Oleksii Romaniv_1460608988,Oleksii Romaniv,-1,0,40,49,-9,89,2021-08-28 10:35:00,522781
Spartak Abalmaz_1758731662,Spartak Abalmaz,-3,0,15,33,-18,48,2021-08-28 10:40:00,522782
Yuliia Yemelianenko_178617,Yuliia Yemelianenko,2,1,37,33,4,70,2021-08-28 10:40:00,522783
Dmytro Dubrovin_1665093520,Dmytro Dubrovin,-3,0,22,33,-11,55,2021-08-28 10:40:00,522784
Yurii Teteria_1425136665,Yurii Teteria,3,1,33,20,13,53,2021-08-28 10:45:00,522785
Svitlana Yureneva_178627,Svitlana Yureneva,2,1,38,25,13,63,2021-08-28 10:45:00,522786
A Sadkov_129372,A Sadkov,1,1,47,34,13,81,2021-08-28 10:48:00,522787
K Olshakov_129370,K Olshakov,-3,0,27,37,-10,64,2021-08-28 10:48:00,522788
Oleksandr Semenets_1153242301,Oleksandr Semenets,-2,0,33,43,-10,76,2021-08-28 10:50:00,522789
Taras Gil_178573,Taras Gil,-3,0,13,33,-20,46,2021-08-28 10:50:00,522790
Oleh Yurenev_178641,Oleh Yurenev,3,1,33,18,15,51,2021-08-28 10:50:00,522791
Oleksandr Tuzhylin_92121053,Oleksandr Tuzhylin,3,1,34,20,14,54,2021-08-28 10:55:00,522792
Serhii Khandetskyi_178656,Serhii Khandetskyi,-1,0,48,47,1,95,2021-08-28 10:55:00,522793
Tomas Cerveny_178783,Tomas Cerveny,1,1,51,42,9,93,2021-08-28 11:00:00,522794
A Merezhko_129369,A Merezhko,-3,0,17,33,-16,50,2021-08-28 11:00:00,522795
Kyrylo Yehorov_864900473,Kyrylo Yehorov,-1,0,47,48,-1,95,2021-08-28 11:00:00,522796
Yevhenii Honchar_178588,Yevhenii Honchar,-2,0,26,43,-17,69,2021-08-28 11:00:00,522797
jr. Havlik_29053,jr. Havlik,2,1,39,34,5,73,2021-08-28 11:00:00,522798
Hennadii Portnov_178603,Hennadii Portnov,2,1,51,47,4,98,2021-08-28 11:05:00,522799
Nazarii Hrytsyienko_2143555953,Nazarii Hrytsyienko,-3,0,22,34,-12,56,2021-08-28 11:05:00,522800
Oleksandr Hainovskyi_499241660,Oleksandr Hainovskyi,3,1,33,22,11,55,2021-08-28 11:10:00,522801
Anastasiia Gordinskaya-Sheiko_178618,Anastasiia Gordinskaya-Sheiko,3,1,33,14,19,47,2021-08-28 11:10:00,522802
Dmitriy Lebed_506087531,Dmitriy Lebed,-1,0,33,52,-19,85,2021-08-28 11:15:00,522803
Oleksandra Tsiupko_178771,Oleksandra Tsiupko,2,1,37,21,16,58,2021-08-28 11:15:00,522804
Sergey Filatov_404726902,Sergey Filatov,1,1,51,36,15,87,2021-08-28 11:15:00,522805
S Skotnikov_129371,S Skotnikov,-2,0,32,42,-10,74,2021-08-28 11:16:00,522806
V Vologzhanin_129373,V Vologzhanin,1,1,54,48,6,102,2021-08-28 11:16:00,522807
Volodymyr Korobko_178574,Volodymyr Korobko,-3,0,19,33,-14,52,2021-08-28 11:20:00,522808
Oleksii Krutko_604333177,Oleksii Krutko,1,1,53,49,4,102,2021-08-28 11:20:00,522809
Vladyslav Stukalov_178642,Vladyslav Stukalov,3,1,33,16,17,49,2021-08-28 11:20:00,522810
Serhii Pitsyk_178657,Serhii Pitsyk,2,1,43,33,10,76,2021-08-28 11:25:00,522811
Dmytro Baistriuchenko_1095889457,Dmytro Baistriuchenko,-1,0,46,49,-3,95,2021-08-28 11:25:00,522812
Ji Louda_29054,Ji Louda,2,1,39,33,6,72,2021-08-28 11:30:00,522813
Volodymyr Chornobab_178589,Volodymyr Chornobab,-2,0,38,42,-4,80,2021-08-28 11:30:00,522814
A Tregub_129288,A Tregub,-2,0,33,45,-12,78,2021-08-28 11:30:00,522815
Bohdan Sinkevych_193459459,Bohdan Sinkevych,-2,0,38,46,-8,84,2021-08-28 11:30:00,522816
Jan Hrncir_178784,Jan Hrncir,1,1,46,49,-3,95,2021-08-28 11:30:00,522817
Ivan Synytskyi_193276491,Ivan Synytskyi,3,1,33,19,14,52,2021-08-28 11:35:00,522818
Volodymyr Konishchuk_178815,Volodymyr Konishchuk,-1,0,42,50,-8,92,2021-08-28 11:35:00,522819
Nataliia Svydnytska_178619,Nataliia Svydnytska,2,1,42,26,16,68,2021-08-28 11:40:00,522820
Dmytro Vakhta_144688176,Dmytro Vakhta,-2,0,37,38,-1,75,2021-08-28 11:40:00,522821
M Cheklin_129322,M Cheklin,-1,0,51,52,-1,103,2021-08-28 11:45:00,522822
Mariia Kurishchenko_178772,Mariia Kurishchenko,3,1,33,26,7,59,2021-08-28 11:45:00,522823
Yurii Parahailo_1129741476,Yurii Parahailo,2,1,38,28,10,66,2021-08-28 11:45:00,522824
Vadym Grushko_269055894,Vadym Grushko,1,1,50,44,6,94,2021-08-28 11:50:00,522825
Oleksandr Durduka_178643,Oleksandr Durduka,2,1,45,39,6,84,2021-08-28 11:50:00,522826
Mykola Lytvynenko_311971192,Mykola Lytvynenko,-3,0,17,33,-16,50,2021-08-28 11:50:00,522827
Bohdan Chaikovskyi_178575,Bohdan Chaikovskyi,-3,0,22,33,-11,55,2021-08-28 11:50:00,522828
E Masokin_129242,E Masokin,1,1,47,44,3,91,2021-08-28 11:51:00,522829
Serhii Khandetskyi_178658,Serhii Khandetskyi,1,1,49,45,4,94,2021-08-28 11:55:00,522830
Serhii Tsybulin_1243508750,Serhii Tsybulin,3,1,33,19,14,52,2021-08-28 11:55:00,522831
Mykhailo Mosiuk_178590,Mykhailo Mosiuk,-3,0,18,33,-15,51,2021-08-28 12:00:00,522832
Dmytro Kryshtal_470404226,Dmytro Kryshtal,-2,0,32,40,-8,72,2021-08-28 12:00:00,522833
D Tikhnenko_129289,D Tikhnenko,2,1,43,38,5,81,2021-08-28 12:00:00,522834
F Kopecky_29077,F Kopecky,2,1,44,37,7,81,2021-08-28 12:01:00,522835
Vitalii Lievshin_883997140,Vitalii Lievshin,3,1,33,17,16,50,2021-08-28 12:05:00,522836
Ihor Sobko_178605,Ihor Sobko,2,1,41,30,11,71,2021-08-28 12:05:00,522837
Yuliia Yemelianenko_178620,Yuliia Yemelianenko,2,1,38,31,7,69,2021-08-28 12:10:00,522838
Oleksiy Sapronov_599732079,Oleksiy Sapronov,3,1,37,29,8,66,2021-08-28 12:10:00,522839
Denis Benes_178822,Denis Benes,3,1,33,22,11,55,2021-08-28 12:10:00,522840
Tetiana Zghurska_178773,Tetiana Zghurska,-1,0,45,50,-5,95,2021-08-28 12:15:00,522841
Andrii Kotik_2143136395,Andrii Kotik,-3,0,16,33,-17,49,2021-08-28 12:15:00,522842
F Ambrosimov_129323,F Ambrosimov,-1,0,48,51,-3,99,2021-08-28 12:17:00,522843
Oleksii Romaniv_1663934925,Oleksii Romaniv,-3,0,22,33,-11,55,2021-08-28 12:20:00,522844
Volodymyr Kuzmych_178576,Volodymyr Kuzmych,2,1,47,41,6,88,2021-08-28 12:20:00,522845
Dmytro Kunchurov_178644,Dmytro Kunchurov,-3,0,23,34,-11,57,2021-08-28 12:20:00,522846
A Chumikov_129243,A Chumikov,-3,0,21,33,-12,54,2021-08-28 12:24:00,522847
Dmitriy Lebed_141084509,Dmitriy Lebed,-2,0,33,42,-9,75,2021-08-28 12:25:00,522848
Sergey Filatov_1688690742,Sergey Filatov,2,1,36,34,2,70,2021-08-28 12:25:00,522849
Taras Yemelianov_178659,Taras Yemelianov,3,1,33,20,13,53,2021-08-28 12:25:00,522850
Valentyn Yunchyk_937298235,Valentyn Yunchyk,-2,0,27,38,-11,65,2021-08-28 12:30:00,522851
Vadym Bochkovskyi_178591,Vadym Bochkovskyi,-2,0,24,39,-15,63,2021-08-28 12:30:00,522852
O Pronin_129290,O Pronin,2,1,42,30,12,72,2021-08-28 12:30:00,522853
K Brozik_29078,K Brozik,-1,0,42,53,-11,95,2021-08-28 12:30:00,522854
Maksym Kolos_268557195,Maksym Kolos,-3,0,28,35,-7,63,2021-08-28 12:35:00,522855
Yevhen Samofal_178816,Yevhen Samofal,-2,0,30,39,-9,69,2021-08-28 12:35:00,522856
Alena Petlenko_178621,Alena Petlenko,2,1,44,39,5,83,2021-08-28 12:40:00,522857
Martin Sulc_178823,Martin Sulc,-1,0,34,44,-10,78,2021-08-28 12:40:00,522858
Oleksandr Tuzhylin_1385108556,Oleksandr Tuzhylin,1,1,51,45,6,96,2021-08-28 12:40:00,522859
Kyrylo Yehorov_199357103,Kyrylo Yehorov,-1,0,51,56,-5,107,2021-08-28 12:45:00,522860
Svitlana Yureneva_178774,Svitlana Yureneva,-2,0,34,47,-13,81,2021-08-28 12:45:00,522861
E Glazun_129244,E Glazun,2,1,45,34,11,79,2021-08-28 12:46:00,522862
Taras Gil_178577,Taras Gil,-3,0,19,33,-14,52,2021-08-28 12:50:00,522863
Oleh Yurenev_178645,Oleh Yurenev,3,1,35,20,15,55,2021-08-28 12:50:00,522864
Nazarii Hrytsyienko_144951651,Nazarii Hrytsyienko,2,1,41,39,2,80,2021-08-28 12:50:00,522865
Serhii Pitsyk_178660,Serhii Pitsyk,-3,0,18,33,-15,51,2021-08-28 12:55:00,522866
Oleksandr Hainovskyi_1103027433,Oleksandr Hainovskyi,3,1,34,25,9,59,2021-08-28 12:55:00,522867
S Kaplan_129324,S Kaplan,-1,0,41,50,-9,91,2021-08-28 12:58:00,522868
Yevhenii Honchar_178592,Yevhenii Honchar,-1,0,55,55,0,110,2021-08-28 13:00:00,522869
M Marchenko_129291,M Marchenko,-2,0,39,44,-5,83,2021-08-28 13:00:00,522870
Spartak Abalmaz_1578026883,Spartak Abalmaz,2,1,40,28,12,68,2021-08-28 13:00:00,522871
David Zaruba_178785,David Zaruba,1,1,49,49,0,98,2021-08-28 13:00:00,522872
Dmytro Dubrovin_821813021,Dmytro Dubrovin,2,1,42,37,5,79,2021-08-28 13:00:00,522873
Ja Botka_29055,Ja Botka,3,1,33,18,15,51,2021-08-28 13:00:00,522874
Hennadii Portnov_178607,Hennadii Portnov,1,1,50,38,12,88,2021-08-28 13:05:00,522875
Yurii Teteria_497436542,Yurii Teteria,-2,0,39,41,-2,80,2021-08-28 13:05:00,522876
Oleksandr Semenets_841325644,Oleksandr Semenets,1,1,52,49,3,101,2021-08-28 13:10:00,522877
Anastasiia Gordinskaya-Sheiko_178824,Anastasiia Gordinskaya-Sheiko,-3,0,26,36,-10,62,2021-08-28 13:10:00,522878
Dmytro Yaremchuk_108808646,Dmytro Yaremchuk,-2,0,27,38,-11,65,2021-08-28 13:15:00,522879
Oleksandra Tsiupko_178632,Oleksandra Tsiupko,3,1,33,14,19,47,2021-08-28 13:15:00,522880
E Shishko_129245,E Shishko,3,1,36,30,6,66,2021-08-28 13:16:00,522881
Bohdan Chaikovskyi_178578,Bohdan Chaikovskyi,3,1,39,25,14,64,2021-08-28 13:20:00,522882
Vladyslav Stukalov_178646,Vladyslav Stukalov,-3,0,26,35,-9,61,2021-08-28 13:20:00,522883
Oleksiy Sapronov_80588831,Oleksiy Sapronov,-3,0,24,34,-10,58,2021-08-28 13:20:00,522884
Rustam Halimbaiev_178661,Rustam Halimbaiev,-2,0,42,47,-5,89,2021-08-28 13:25:00,522885
Andrii Kotik_214151212,Andrii Kotik,2,1,39,33,6,72,2021-08-28 13:25:00,522886
S Korolev_129325,S Korolev,2,1,42,22,20,64,2021-08-28 13:26:00,522887
M Cmunt_29056,M Cmunt,-3,0,21,33,-12,54,2021-08-28 13:30:00,522888
Dmytro Kalyniuk_454944231,Dmytro Kalyniuk,3,1,33,14,19,47,2021-08-28 13:30:00,522889
Mykhailo Mosiuk_178593,Mykhailo Mosiuk,-2,0,30,40,-10,70,2021-08-28 13:30:00,522890
Jan Herink_178786,Jan Herink,1,1,44,44,0,88,2021-08-28 13:30:00,522891
O Pronin_129292,O Pronin,1,1,54,49,5,103,2021-08-28 13:31:00,522892
Sergey Filatov_1663677506,Sergey Filatov,1,1,46,44,2,90,2021-08-28 13:35:00,522893
Ihor Sobko_178608,Ihor Sobko,3,1,33,14,19,47,2021-08-28 13:35:00,522894
Dmitriy Lebed_554819519,Dmitriy Lebed,2,1,41,37,4,78,2021-08-28 13:35:00,522895
Oleksii Krutko_1891681929,Oleksii Krutko,1,1,51,38,13,89,2021-08-28 13:40:00,522896
Alena Petlenko_178825,Alena Petlenko,-3,0,22,33,-11,55,2021-08-28 13:40:00,522897
Tetiana Zghurska_178775,Tetiana Zghurska,-2,0,33,42,-9,75,2021-08-28 13:45:00,522898
Dmytro Baistriuchenko_1724660677,Dmytro Baistriuchenko,2,1,38,31,7,69,2021-08-28 13:45:00,522899
E Glazun_129246,E Glazun,-2,0,35,45,-10,80,2021-08-28 13:45:00,522900
Oleksandr Durduka_178647,Oleksandr Durduka,2,1,44,35,9,79,2021-08-28 13:50:00,522901
Nazarii Sydorak_178579,Nazarii Sydorak,-2,0,30,37,-7,67,2021-08-28 13:50:00,522902
Bohdan Sinkevych_670038359,Bohdan Sinkevych,1,1,48,51,-3,99,2021-08-28 13:50:00,522903
S Kaplan_129326,S Kaplan,-1,0,49,51,-2,100,2021-08-28 13:53:00,522904
Kyrylo Yehorov_829552303,Kyrylo Yehorov,-3,0,13,33,-20,46,2021-08-28 13:55:00,522905
Kyrylo Yurchenko_178594,Kyrylo Yurchenko,-2,0,29,38,-9,67,2021-08-28 14:00:00,522906
P Pycha_29057,P Pycha,-2,0,36,39,-3,75,2021-08-28 14:00:00,522907
Jan Herink_178787,Jan Herink,3,1,35,26,9,61,2021-08-28 14:00:00,522908
Nazarii Hrytsyienko_1411849987,Nazarii Hrytsyienko,2,1,44,34,10,78,2021-08-28 14:00:00,522909
Taras Yemelianov_178826,Taras Yemelianov,1,1,45,45,0,90,2021-08-28 14:00:00,522910
D Tikhnenko_129293,D Tikhnenko,2,1,42,29,13,71,2021-08-28 14:00:00,522911
Yurii Parahailo_1136077850,Yurii Parahailo,1,1,49,49,0,98,2021-08-28 14:05:00,522912
Oleksii Korobov_178609,Oleksii Korobov,1,1,48,47,1,95,2021-08-28 14:05:00,522913
Dmytro Dubrovin_1664953105,Dmytro Dubrovin,-1,0,48,55,-7,103,2021-08-28 14:10:00,522914
Spartak Abalmaz_1680920873,Spartak Abalmaz,3,1,33,20,13,53,2021-08-28 14:10:00,522915
Olha Yureneva_178776,Olha Yureneva,-2,0,38,41,-3,79,2021-08-28 14:15:00,522916
Valentyn Yunchyk_987805879,Valentyn Yunchyk,2,1,45,37,8,82,2021-08-28 14:15:00,522917
A Chumikov_129247,A Chumikov,3,1,33,24,9,57,2021-08-28 14:15:00,522918
Bohdan Chaikovskyi_178580,Bohdan Chaikovskyi,-2,0,31,47,-16,78,2021-08-28 14:20:00,522919
Maksym Kolos_1933077487,Maksym Kolos,-2,0,29,41,-12,70,2021-08-28 14:20:00,522920
Oleh Yurenev_178648,Oleh Yurenev,3,1,33,25,8,58,2021-08-28 14:20:00,522921
F Ambrosimov_129327,F Ambrosimov,-1,0,38,49,-11,87,2021-08-28 14:24:00,522922
Andrii Hrebeniuk_1583557271,Andrii Hrebeniuk,-3,0,24,33,-9,57,2021-08-28 14:25:00,522923
David Zaruba_178788,David Zaruba,2,1,43,26,17,69,2021-08-28 14:30:00,522924
Vitalii Kyilo_178827,Vitalii Kyilo,-1,0,51,52,-1,103,2021-08-28 14:30:00,522925
Oleksiy Sapronov_1688919549,Oleksiy Sapronov,-1,0,47,50,-3,97,2021-08-28 14:30:00,522926
Mykhailo Mosiuk_178595,Mykhailo Mosiuk,-2,0,34,41,-7,75,2021-08-28 14:30:00,522927
A Tregub_129386,A Tregub,-2,0,24,42,-18,66,2021-08-28 14:30:00,522928
Ja Sucharda_29058,Ja Sucharda,3,1,34,24,10,58,2021-08-28 14:31:00,522929
Ihor Sobko_178817,Ihor Sobko,-2,0,28,42,-14,70,2021-08-28 14:35:00,522930
Andrii Kotik_1475069571,Andrii Kotik,1,1,51,47,4,98,2021-08-28 14:35:00,522931
Oleg Savenkov_602397477,Oleg Savenkov,2,1,44,39,5,83,2021-08-28 14:40:00,522932
Sergey Filatov_404485014,Sergey Filatov,1,1,47,43,4,90,2021-08-28 14:45:00,522933
Dmitriy Lebed_506124427,Dmitriy Lebed,-2,0,30,43,-13,73,2021-08-28 14:45:00,522934
Tetiana Zghurska_178777,Tetiana Zghurska,-3,0,15,33,-18,48,2021-08-28 14:45:00,522935
A Chumikov_129388,A Chumikov,3,1,33,18,15,51,2021-08-28 14:46:00,522936
Iulii Khomutovskyi_178649,Iulii Khomutovskyi,-3,0,19,35,-16,54,2021-08-28 14:50:00,522937
Volodymyr Korobko_178581,Volodymyr Korobko,-3,0,25,33,-8,58,2021-08-28 14:50:00,522938
Yevhen Pysmennyi_1142892795,Yevhen Pysmennyi,-3,0,16,34,-18,50,2021-08-28 14:50:00,522939
Andriy Zaitsev_791634328,Andriy Zaitsev,-3,0,27,34,-7,61,2021-08-28 14:55:00,522940
F Ambrosimov_129412,F Ambrosimov,-2,0,37,37,0,74,2021-08-28 14:58:00,522941
P Pycha_29059,P Pycha,-1,0,38,47,-9,85,2021-08-28 15:00:00,522942
O Pronin_129387,O Pronin,1,1,49,49,0,98,2021-08-28 15:00:00,522943
Tomas Lukes_178789,Tomas Lukes,2,1,38,32,6,70,2021-08-28 15:00:00,522944
Oleksandr Tuzhylin_1830265517,Oleksandr Tuzhylin,-2,0,42,42,0,84,2021-08-28 15:00:00,522945
Volodymyr Chornobab_178596,Volodymyr Chornobab,1,1,55,42,13,97,2021-08-28 15:00:00,522946
Volodymyr Konishchuk_178611,Volodymyr Konishchuk,-3,0,20,33,-13,53,2021-08-28 15:05:00,522947
Ivan Synytskyi_193127496,Ivan Synytskyi,2,1,39,31,8,70,2021-08-28 15:05:00,522948
Vadym Nechyporuk_140401647,Vadym Nechyporuk,3,1,33,23,10,56,2021-08-28 15:10:00,522949
Oleksandr Hainovskyi_495658612,Oleksandr Hainovskyi,-1,0,48,43,5,91,2021-08-28 15:15:00,522950
Mariia Kurishchenko_178778,Mariia Kurishchenko,-2,0,39,38,1,77,2021-08-28 15:15:00,522951
E Glazun_129389,E Glazun,3,1,33,20,13,53,2021-08-28 15:16:00,522952
Vadym Grushko_217783321,Vadym Grushko,1,1,52,53,-1,105,2021-08-28 15:20:00,522953
Serhii Rak_178662,Serhii Rak,2,1,41,32,9,73,2021-08-28 15:20:00,522954
Mykola Lytvynenko_311828731,Mykola Lytvynenko,-1,0,42,45,-3,87,2021-08-28 15:20:00,522955
M Cheklin_129413,M Cheklin,1,1,46,44,2,90,2021-08-28 15:20:00,522956
Oleh Yurenev_178650,Oleh Yurenev,3,1,33,12,21,45,2021-08-28 15:20:00,522957
Valentyn Yunchyk_617791412,Valentyn Yunchyk,-3,0,26,36,-10,62,2021-08-28 15:25:00,522958
M Cmunt_29060,M Cmunt,-3,0,20,33,-13,53,2021-08-28 15:29:00,522959
Yaroslava Pachich_178677,Yaroslava Pachich,-1,0,47,49,-2,96,2021-08-28 15:30:00,522960
Maksym Kolos_1608450435,Maksym Kolos,3,1,34,25,9,59,2021-08-28 15:30:00,522961
David Zaruba_178790,David Zaruba,-3,0,11,33,-22,44,2021-08-28 15:30:00,522962
Denys Vakulenko_110217899,Denys Vakulenko,-2,0,32,42,-10,74,2021-08-28 15:35:00,522963
Ruslan Solomko_178687,Ruslan Solomko,3,1,37,27,10,64,2021-08-28 15:35:00,522964
S Muslikov_129294,S Muslikov,2,1,44,36,8,80,2021-08-28 15:36:00,522965
Roman Sukhomlyn_992432745,Roman Sukhomlyn,-1,0,42,48,-6,90,2021-08-28 15:40:00,522966
Serhii Solomko_178697,Serhii Solomko,-2,0,35,39,-4,74,2021-08-28 15:40:00,522967
Anastasia Holiak_178712,Anastasia Holiak,1,1,41,48,-7,89,2021-08-28 15:45:00,522968
I Novikov_129250,I Novikov,-3,0,14,33,-19,47,2021-08-28 15:48:00,522969
Dmytro Kunchurov_178651,Dmytro Kunchurov,1,1,46,45,1,91,2021-08-28 15:50:00,522970
Yurii Kurishchenko_178663,Yurii Kurishchenko,1,1,50,44,6,94,2021-08-28 15:50:00,522971
Yevhenii Faflei_1387504208,Yevhenii Faflei,-1,0,40,49,-9,89,2021-08-28 15:50:00,522972
V Sarkisov_129330,V Sarkisov,-3,0,19,33,-14,52,2021-08-28 15:51:00,522973
Dmytro Alekseenko_1639806460,Dmytro Alekseenko,1,1,46,42,4,88,2021-08-28 15:55:00,522974
Viktor Kucala_179037,Viktor Kucala,-3,0,15,33,-18,48,2021-08-28 16:00:00,522975
Serhii Tsybulin_725703393,Serhii Tsybulin,-3,0,32,42,-10,74,2021-08-28 16:00:00,522976
Karina Zharkova_178678,Karina Zharkova,2,1,40,31,9,71,2021-08-28 16:00:00,522977
M Cmunt_29103,M Cmunt,-1,0,60,58,2,118,2021-08-28 16:00:00,522978
Dmytro Kryshtal_1849208544,Dmytro Kryshtal,-2,0,35,44,-9,79,2021-08-28 16:05:00,522979
Valeriy Vlasenko_178688,Valeriy Vlasenko,-1,0,41,50,-9,91,2021-08-28 16:05:00,522980
M Sverdlov_129295,M Sverdlov,2,1,41,38,3,79,2021-08-28 16:07:00,522981
Oleksandr Bryzhevatyi_178698,Oleksandr Bryzhevatyi,-2,0,35,41,-6,76,2021-08-28 16:10:00,522982
Anatolii Lievshin_2116067310,Anatolii Lievshin,2,1,39,30,9,69,2021-08-28 16:10:00,522983
D Andreev_129331,D Andreev,2,1,45,32,13,77,2021-08-28 16:15:00,522984
Iryna Tiutiunyk_178713,Iryna Tiutiunyk,1,1,47,40,7,87,2021-08-28 16:15:00,522985
Vadym Shvydkyi_81798742,Vadym Shvydkyi,-1,0,44,48,-4,92,2021-08-28 16:15:00,522986
R Pavlenko_129251,R Pavlenko,-3,0,22,35,-13,57,2021-08-28 16:15:00,522987
Pavlo Chyzh_632928172,Pavlo Chyzh,-1,0,48,48,0,96,2021-08-28 16:20:00,522988
Stanislav Nikolenko_178664,Stanislav Nikolenko,3,1,33,19,14,52,2021-08-28 16:20:00,522989
Volodymyr Ivasiv_2114294032,Volodymyr Ivasiv,1,1,55,53,2,108,2021-08-28 16:25:00,522990
Pavlo Babenko_178722,Pavlo Babenko,2,1,38,32,6,70,2021-08-28 16:25:00,522991
Serhii Skachenko_308066576,Serhii Skachenko,-3,0,20,33,-13,53,2021-08-28 16:30:00,522992
Jan Herink_179038,Jan Herink,3,1,33,22,11,55,2021-08-28 16:30:00,522993
Yaroslava Pachich_178679,Yaroslava Pachich,3,1,41,31,10,72,2021-08-28 16:30:00,522994
Yevhen Pysmennyi_2005270713,Yevhen Pysmennyi,-2,0,34,42,-8,76,2021-08-28 16:35:00,522995
Ruslan Solomko_178689,Ruslan Solomko,-1,0,50,45,5,95,2021-08-28 16:35:00,522996
V Staroverov_129296,V Staroverov,1,1,45,35,10,80,2021-08-28 16:40:00,522997
Oleksandr Osadchyi_178699,Oleksandr Osadchyi,1,1,47,43,4,90,2021-08-28 16:40:00,522998
Oleksandr Semenets_599490206,Oleksandr Semenets,-3,0,17,33,-16,50,2021-08-28 16:40:00,522999
Ja Sucharda_29104,Ja Sucharda,-2,0,27,39,-12,66,2021-08-28 16:41:00,523000
V Kalachev_129252,V Kalachev,-1,0,39,49,-10,88,2021-08-28 16:44:00,523001
Denys Vakulenko_2064700373,Denys Vakulenko,3,1,34,23,11,57,2021-08-28 16:45:00,523002
Anastasia Holiak_178714,Anastasia Holiak,1,1,45,47,-2,92,2021-08-28 16:45:00,523003
I Nirkov_129332,I Nirkov,1,1,47,43,4,90,2021-08-28 16:45:00,523004
Yurii Kurishchenko_178665,Yurii Kurishchenko,-2,0,40,47,-7,87,2021-08-28 16:50:00,523005
Roman Sukhomlyn_1574810668,Roman Sukhomlyn,-3,0,24,35,-11,59,2021-08-28 16:50:00,523006
Dmytro Lohosha_1534362523,Dmytro Lohosha,-1,0,45,51,-6,96,2021-08-28 16:55:00,523007
Andrii Matiushenko_178723,Andrii Matiushenko,1,1,40,37,3,77,2021-08-28 16:55:00,523008
Polina Nerush_178680,Polina Nerush,-3,0,15,33,-18,48,2021-08-28 17:00:00,523009
Yevhenii Faflei_243278560,Yevhenii Faflei,-3,0,19,35,-16,54,2021-08-28 17:00:00,523010
Igor Bectas_178791,Igor Bectas,2,1,43,36,7,79,2021-08-28 17:00:00,523011
Dmytro Alekseenko_125990673,Dmytro Alekseenko,-1,0,42,49,-7,91,2021-08-28 17:05:00,523012
Illia Udod_178690,Illia Udod,3,1,34,24,10,58,2021-08-28 17:05:00,523013
A Yakovlev_129297,A Yakovlev,-3,0,21,33,-12,54,2021-08-28 17:06:00,523014
Jo Silhan_29061,Jo Silhan,-2,0,27,37,-10,64,2021-08-28 17:06:00,523015
Valentyn Yunchyk_1246246488,Valentyn Yunchyk,-1,0,48,47,1,95,2021-08-28 17:10:00,523016
Oleksandr Bryzhevatyi_178700,Oleksandr Bryzhevatyi,3,1,34,23,11,57,2021-08-28 17:10:00,523017
Maksym Kolos_268734898,Maksym Kolos,-2,0,34,41,-7,75,2021-08-28 17:15:00,523018
Nataliia Konovalova_178715,Nataliia Konovalova,-2,0,31,43,-12,74,2021-08-28 17:15:00,523019
V Evlampiev_129333,V Evlampiev,3,1,33,18,15,51,2021-08-28 17:16:00,523020
P Bondarenko_129253,P Bondarenko,-1,0,53,52,1,105,2021-08-28 17:17:00,523021
Nazarii Kovalchuk_750263406,Nazarii Kovalchuk,1,1,50,44,6,94,2021-08-28 17:20:00,523022
Serhii Rak_178666,Serhii Rak,-2,0,33,41,-8,74,2021-08-28 17:20:00,523023
Vadym Shvydkyi_1125518851,Vadym Shvydkyi,-1,0,49,43,6,92,2021-08-28 17:25:00,523024
Pavlo Babenko_178724,Pavlo Babenko,1,1,47,41,6,88,2021-08-28 17:25:00,523025
Karina Zharkova_178681,Karina Zharkova,2,1,40,39,1,79,2021-08-28 17:30:00,523026
jr. Havlik_29062,jr. Havlik,3,1,33,27,6,60,2021-08-28 17:30:00,523027
Pavlo Chyzh_851447704,Pavlo Chyzh,3,1,33,16,17,49,2021-08-28 17:30:00,523028
Marek Kulisek_178792,Marek Kulisek,-2,0,33,41,-8,74,2021-08-28 17:30:00,523029
V Staroverov_129298,V Staroverov,-2,0,39,43,-4,82,2021-08-28 17:33:00,523030
Valeriy Vlasenko_178691,Valeriy Vlasenko,3,1,38,31,7,69,2021-08-28 17:35:00,523031
Ihor Petryshyn_411742806,Ihor Petryshyn,-2,0,35,47,-12,82,2021-08-28 17:35:00,523032
Serhii Solomko_178701,Serhii Solomko,2,1,43,37,6,80,2021-08-28 17:40:00,523033
Serhii Skachenko_3476203,Serhii Skachenko,-1,0,48,50,-2,98,2021-08-28 17:40:00,523034
Yurii Teteria_1227486462,Yurii Teteria,3,1,33,21,12,54,2021-08-28 17:45:00,523035
Iryna Tiutiunyk_178716,Iryna Tiutiunyk,-3,0,27,37,-10,64,2021-08-28 17:45:00,523036
I Nirkov_129334,I Nirkov,-3,0,19,33,-14,52,2021-08-28 17:47:00,523037
Dmytro Prokopenko_178732,Dmytro Prokopenko,-3,0,28,36,-8,64,2021-08-28 17:50:00,523038
Dmytro Baistriuchenko_1497689351,Dmytro Baistriuchenko,-1,0,49,51,-2,100,2021-08-28 17:50:00,523039
Vitaly Boyko_178667,Vitaly Boyko,-2,0,34,43,-9,77,2021-08-28 17:50:00,523040
V Kalachev_129254,V Kalachev,-3,0,16,33,-17,49,2021-08-28 17:52:00,523041
Anatolii Lievshin_1006258355,Anatolii Lievshin,-1,0,48,48,0,96,2021-08-28 17:55:00,523042
Serhii Tkachev_178725,Serhii Tkachev,-3,0,20,33,-13,53,2021-08-28 17:55:00,523043
Yaroslava Pachich_178682,Yaroslava Pachich,-1,0,44,46,-2,90,2021-08-28 18:00:00,523044
Ja Kanera_29063,Ja Kanera,-3,0,19,34,-15,53,2021-08-28 18:00:00,523045
Marek Kulisek_178793,Marek Kulisek,2,1,42,17,25,59,2021-08-28 18:00:00,523046
Roman Sukhomlyn_1042175364,Roman Sukhomlyn,-3,0,29,35,-6,64,2021-08-28 18:00:00,523047
M Sverdlov_129299,M Sverdlov,2,1,42,30,12,72,2021-08-28 18:02:00,523048
Ruslan Solomko_178692,Ruslan Solomko,1,1,47,39,8,86,2021-08-28 18:05:00,523049
Valentin Bondar_592769199,Valentin Bondar,1,1,49,43,6,92,2021-08-28 18:05:00,523050
Volodymyr Ivasiv_487524534,Volodymyr Ivasiv,-3,0,27,35,-8,62,2021-08-28 18:10:00,523051
Volodymyr Melnykov_178702,Volodymyr Melnykov,-2,0,35,43,-8,78,2021-08-28 18:10:00,523052
Dmytro Alekseenko_1672499244,Dmytro Alekseenko,-1,0,42,53,-11,95,2021-08-28 18:15:00,523053
Anastasia Holiak_178717,Anastasia Holiak,2,1,42,37,5,79,2021-08-28 18:15:00,523054
D Andreev_129335,D Andreev,3,1,33,21,12,54,2021-08-28 18:15:00,523055
R Pavlenko_129255,R Pavlenko,2,1,38,33,5,71,2021-08-28 18:16:00,523056
Artem Borysov_1951152236,Artem Borysov,-3,0,22,35,-13,57,2021-08-28 18:20:00,523057
Yaroslav Tkachenko_178733,Yaroslav Tkachenko,-2,0,37,37,0,74,2021-08-28 18:20:00,523058
Stanislav Nikolenko_178668,Stanislav Nikolenko,3,1,33,15,18,48,2021-08-28 18:20:00,523059
Andrii Matiushenko_178726,Andrii Matiushenko,-2,0,36,40,-4,76,2021-08-28 18:25:00,523060
Dmytro Derevinskyi_1624541011,Dmytro Derevinskyi,-1,0,40,48,-8,88,2021-08-28 18:25:00,523061
T Postelt_29064,T Postelt,2,1,41,37,4,78,2021-08-28 18:30:00,523062
Igor Bectas_178794,Igor Bectas,3,1,36,24,12,60,2021-08-28 18:30:00,523063
Karina Zharkova_178683,Karina Zharkova,-3,0,23,33,-10,56,2021-08-28 18:30:00,523064
A Yakovlev_129494,A Yakovlev,-3,0,22,34,-12,56,2021-08-28 18:30:00,523065
Denys Vakulenko_621384426,Denys Vakulenko,1,1,45,44,1,89,2021-08-28 18:30:00,523066
Dmytro Shukin_467368751,Dmytro Shukin,1,1,40,44,-4,84,2021-08-28 18:35:00,523067
Valeriy Vlasenko_178693,Valeriy Vlasenko,-1,0,47,48,-1,95,2021-08-28 18:35:00,523068
Oleksandr Osadchyi_178703,Oleksandr Osadchyi,1,1,48,42,6,90,2021-08-28 18:40:00,523069
Dmytro Lohosha_930565347,Dmytro Lohosha,-2,0,28,41,-13,69,2021-08-28 18:40:00,523070
Iryna Tiutiunyk_178718,Iryna Tiutiunyk,-3,0,22,34,-12,56,2021-08-28 18:45:00,523071
Yevhenii Faflei_1177181040,Yevhenii Faflei,-1,0,44,50,-6,94,2021-08-28 18:45:00,523072
I Novikov_129498,I Novikov,-1,0,53,56,-3,109,2021-08-28 18:46:00,523073
V Sarkisov_129496,V Sarkisov,-2,0,38,42,-4,80,2021-08-28 18:46:00,523074
Lev Kuzyo_1348925230,Lev Kuzyo,2,1,38,31,7,69,2021-08-28 18:50:00,523075
Valentyn Lutsenko_178734,Valentyn Lutsenko,2,1,54,36,18,90,2021-08-28 18:50:00,523076
Yurii Kurishchenko_178669,Yurii Kurishchenko,2,1,40,23,17,63,2021-08-28 18:50:00,523077
Serhii Kubrak_1671716399,Serhii Kubrak,-1,0,46,46,0,92,2021-08-28 18:55:00,523078
Pavlo Babenko_178727,Pavlo Babenko,1,1,50,41,9,91,2021-08-28 18:55:00,523079
Jan Sr Krames_178795,Jan Sr Krames,3,1,34,26,8,60,2021-08-28 19:00:00,523080
Polina Nerush_178684,Polina Nerush,-3,0,20,33,-13,53,2021-08-28 19:00:00,523081
S Muslikov_129495,S Muslikov,-3,0,24,35,-11,59,2021-08-28 19:00:00,523082
Ja Kanera_29065,Ja Kanera,-1,0,46,46,0,92,2021-08-28 19:00:00,523083
Dmytro Derevinskyi_535546409,Dmytro Derevinskyi,3,1,35,27,8,62,2021-08-28 19:00:00,523084
Illia Udod_178694,Illia Udod,-2,0,33,42,-9,75,2021-08-28 19:05:00,523085
Nazarii Kovalchuk_445447973,Nazarii Kovalchuk,-1,0,48,42,6,90,2021-08-28 19:05:00,523086
Vadym Shvydkyi_988640518,Vadym Shvydkyi,-2,0,36,43,-7,79,2021-08-28 19:10:00,523087
Oleksandr Bryzhevatyi_178704,Oleksandr Bryzhevatyi,-3,0,14,33,-19,47,2021-08-28 19:10:00,523088
Nataliia Konovalova_178719,Nataliia Konovalova,-2,0,30,43,-13,73,2021-08-28 19:15:00,523089
Pavlo Chyzh_313759657,Pavlo Chyzh,3,1,35,24,11,59,2021-08-28 19:15:00,523090
D Andreev_129497,D Andreev,-1,0,43,47,-4,90,2021-08-28 19:15:00,523091
Yaroslav Tkachenko_178735,Yaroslav Tkachenko,2,1,43,33,10,76,2021-08-28 19:20:00,523092
Ihor Petryshyn_1660304907,Ihor Petryshyn,-2,0,22,40,-18,62,2021-08-28 19:20:00,523093
Serhii Rak_178670,Serhii Rak,3,1,33,15,18,48,2021-08-28 19:20:00,523094
Dmytro Alekseenko_1639948789,Dmytro Alekseenko,-1,0,47,50,-3,97,2021-08-28 19:25:00,523095
R Pavlenko_129499,R Pavlenko,-3,0,21,34,-13,55,2021-08-28 19:25:00,523096
Andrii Matiushenko_178728,Andrii Matiushenko,-3,0,25,37,-12,62,2021-08-28 19:25:00,523097
Artem Borysov_1788924952,Artem Borysov,-2,0,36,42,-6,78,2021-08-28 19:30:00,523098
jr. Havlik_29066,jr. Havlik,3,1,33,24,9,57,2021-08-28 19:30:00,523099
Igor Bectas_178796,Igor Bectas,1,1,51,45,6,96,2021-08-28 19:30:00,523100
Yaroslava Pachich_178685,Yaroslava Pachich,-2,0,36,42,-6,78,2021-08-28 19:30:00,523101
V Chernov_129300,V Chernov,-2,0,30,44,-14,74,2021-08-28 19:33:00,523102
Ruslan Solomko_178695,Ruslan Solomko,2,1,39,35,4,74,2021-08-28 19:35:00,523103
Mykola Zakladnyi_533517208,Mykola Zakladnyi,1,1,48,41,7,89,2021-08-28 19:35:00,523104
Anatolii Lievshin_2026922695,Anatolii Lievshin,-3,0,23,33,-10,56,2021-08-28 19:40:00,523105
Serhii Solomko_178705,Serhii Solomko,-2,0,36,42,-6,78,2021-08-28 19:40:00,523106
Roman Sukhomlyn_161032310,Roman Sukhomlyn,2,1,42,29,13,71,2021-08-28 19:45:00,523107
Anastasia Holiak_178720,Anastasia Holiak,3,1,36,27,9,63,2021-08-28 19:45:00,523108
M Andrusenko_129256,M Andrusenko,1,1,45,37,8,82,2021-08-28 19:45:00,523109
Vitaly Boyko_178671,Vitaly Boyko,3,1,34,21,13,55,2021-08-28 19:50:00,523110
Valentin Bondar_1158932294,Valentin Bondar,3,1,40,31,9,71,2021-08-28 19:50:00,523111
Dmytro Prokopenko_178736,Dmytro Prokopenko,-3,0,26,36,-10,62,2021-08-28 19:50:00,523112
D Merzlikin_129337,D Merzlikin,1,1,54,50,4,104,2021-08-28 19:51:00,523113
Volodymyr Ivasiv_804669379,Volodymyr Ivasiv,-2,0,37,37,0,74,2021-08-28 19:55:00,523114
Serhii Tkachev_178729,Serhii Tkachev,2,1,41,37,4,78,2021-08-28 19:55:00,523115
Serhii Skachenko_971201668,Serhii Skachenko,-2,0,40,41,-1,81,2021-08-28 20:00:00,523116
Liliya Andrieieva_178686,Liliya Andrieieva,1,1,46,43,3,89,2021-08-28 20:00:00,523117
A Alekseyev_129301,A Alekseyev,3,1,34,24,10,58,2021-08-28 20:02:00,523118
Ja Kanera_29105,Ja Kanera,-2,0,38,47,-9,85,2021-08-28 20:04:00,523119
Serhii Kubrak_665267606,Serhii Kubrak,2,1,38,35,3,73,2021-08-28 20:05:00,523120
Oleksandr Lykhytskyi_178696,Oleksandr Lykhytskyi,1,1,47,47,0,94,2021-08-28 20:05:00,523121
Volodymyr Melnykov_178706,Volodymyr Melnykov,-3,0,18,33,-15,51,2021-08-28 20:10:00,523122
Dmytro Derevinskyi_1849936065,Dmytro Derevinskyi,-1,0,46,56,-10,102,2021-08-28 20:10:00,523123
Vojtech Koutnik_179065,Vojtech Koutnik,-1,0,43,50,-7,93,2021-08-28 20:10:00,523124
Dina Tishchenko_178721,Dina Tishchenko,-3,0,22,35,-13,57,2021-08-28 20:15:00,523125
D Kolesnikov_129257,D Kolesnikov,-2,0,25,39,-14,64,2021-08-28 20:15:00,523126
Volodymyr Plishylo_957516295,Volodymyr Plishylo,3,1,33,20,13,53,2021-08-28 20:15:00,523127
Bohdan Havryliuk_178737,Bohdan Havryliuk,-1,0,44,44,0,88,2021-08-28 20:20:00,523128
Stanislav Nikolenko_178672,Stanislav Nikolenko,3,1,33,20,13,53,2021-08-28 20:20:00,523129
Vadym Shvydkyi_1116566628,Vadym Shvydkyi,-1,0,41,52,-11,93,2021-08-28 20:20:00,523130
Dmytro Lohosha_2015897635,Dmytro Lohosha,-1,0,40,44,-4,84,2021-08-28 20:25:00,523131
Pavlo Babenko_178730,Pavlo Babenko,3,1,33,24,9,57,2021-08-28 20:25:00,523132
D Fedorov_129338,D Fedorov,-1,0,48,53,-5,101,2021-08-28 20:28:00,523133
Maksym Mykytiuk_577520227,Maksym Mykytiuk,-2,0,29,38,-9,67,2021-08-28 20:30:00,523134
jr. Havlik_29106,jr. Havlik,-1,0,35,47,-12,82,2021-08-28 20:31:00,523135
V Mishakin_129302,V Mishakin,-1,0,48,44,4,92,2021-08-28 20:32:00,523136
Dmytro Alekseenko_1918755288,Dmytro Alekseenko,-2,0,30,37,-7,67,2021-08-28 20:35:00,523137
Artem Borysov_1720330821,Artem Borysov,-2,0,38,41,-3,79,2021-08-28 20:40:00,523138
Jan Sr Krames_179066,Jan Sr Krames,-2,0,33,41,-8,74,2021-08-28 20:40:00,523139
Diana Dushyna_179067,Diana Dushyna,3,1,33,20,13,53,2021-08-28 20:40:00,523140
Oleksandr Osadchyi_178707,Oleksandr Osadchyi,3,1,33,24,9,57,2021-08-28 20:40:00,523141
Dina Tishchenko_179071,Dina Tishchenko,1,1,50,47,3,97,2021-08-28 20:45:00,523142
Illia Udod_179069,Illia Udod,-1,0,51,49,2,100,2021-08-28 20:45:00,523143
Mykola Zakladnyi_883352135,Mykola Zakladnyi,-2,0,39,48,-9,87,2021-08-28 20:45:00,523144
E Markelov_129258,E Markelov,2,1,46,31,15,77,2021-08-28 20:47:00,523145
Serhii Rak_178673,Serhii Rak,-2,0,37,42,-5,79,2021-08-28 20:50:00,523146
Valentyn Lutsenko_178738,Valentyn Lutsenko,3,1,33,19,14,52,2021-08-28 20:50:00,523147
Denys Vakulenko_2059097946,Denys Vakulenko,2,1,39,33,6,72,2021-08-28 20:50:00,523148
Roman Sukhomlyn_394901360,Roman Sukhomlyn,-2,0,31,43,-12,74,2021-08-28 20:55:00,523149
Oleksandr Mishchenko_178731,Oleksandr Mishchenko,-2,0,39,46,-7,85,2021-08-28 20:55:00,523150
Oleh Formaziuk_1847637696,Oleh Formaziuk,2,1,45,36,9,81,2021-08-28 21:00:00,523151
Petr Vanecek_178797,Petr Vanecek,-2,0,32,42,-10,74,2021-08-28 21:00:00,523152
M Urban_29067,M Urban,-2,0,34,37,-3,71,2021-08-28 21:02:00,523153
A Shmakov_129303,A Shmakov,-1,0,38,45,-7,83,2021-08-28 21:03:00,523154
A Golovinskii_129339,A Golovinskii,1,1,51,47,4,98,2021-08-28 21:04:00,523155
Yevhenii Faflei_401347617,Yevhenii Faflei,2,1,41,36,5,77,2021-08-28 21:05:00,523156
Liliya Andrieieva_179068,Liliya Andrieieva,-3,0,20,33,-13,53,2021-08-28 21:10:00,523157
Serhii Solomko_178708,Serhii Solomko,3,1,33,26,7,59,2021-08-28 21:10:00,523158
Serhii Skachenko_1697810909,Serhii Skachenko,-3,0,25,34,-9,59,2021-08-28 21:10:00,523159
Viacheslav Isakov_179070,Viacheslav Isakov,-1,0,45,49,-4,94,2021-08-28 21:15:00,523160
Serhii Kubrak_1068517172,Serhii Kubrak,1,1,46,39,7,85,2021-08-28 21:15:00,523161
Nadiia Kovtun_179072,Nadiia Kovtun,-1,0,39,43,-4,82,2021-08-28 21:15:00,523162
E Mishutin_129259,E Mishutin,2,1,37,40,-3,77,2021-08-28 21:17:00,523163
Yaroslav Tkachenko_178739,Yaroslav Tkachenko,-2,0,32,45,-13,77,2021-08-28 21:20:00,523164
Mykhailo Teteruk_178674,Mykhailo Teteruk,2,1,41,31,10,72,2021-08-28 21:20:00,523165
Artem Borysov_1074253194,Artem Borysov,-3,0,22,33,-11,55,2021-08-28 21:20:00,523166
Anatolii Lievshin_1428401479,Anatolii Lievshin,-1,0,49,45,4,94,2021-08-28 21:25:00,523167
Vadym Shvydkyi_2007833257,Vadym Shvydkyi,-2,0,34,42,-8,76,2021-08-28 21:30:00,523168
P Pycha_29068,P Pycha,-3,0,19,33,-14,52,2021-08-28 21:30:00,523169
Josef Ruzicka_178798,Josef Ruzicka,2,1,43,39,4,82,2021-08-28 21:30:00,523170
Oleksandr Mishchenko_179073,Oleksandr Mishchenko,2,1,40,30,10,70,2021-08-28 21:30:00,523171
V Mishakin_129304,V Mishakin,2,1,45,37,8,82,2021-08-28 21:33:00,523172
Pavlo Chyzh_1713938965,Pavlo Chyzh,1,1,45,42,3,87,2021-08-28 21:35:00,523173
Al-i Zhelubenkov_129340,Al-i Zhelubenkov,2,1,41,26,15,67,2021-08-28 21:36:00,523174
Ihor Petryshyn_424514935,Ihor Petryshyn,-3,0,22,33,-11,55,2021-08-28 21:40:00,523175
Serhii Khushvakhtov_178709,Serhii Khushvakhtov,-1,0,53,56,-3,109,2021-08-28 21:40:00,523176
Dmytro Alekseenko_1216047161,Dmytro Alekseenko,-3,0,24,33,-9,57,2021-08-28 21:45:00,523177
E Markelov_129260,E Markelov,-1,0,47,51,-4,98,2021-08-28 21:46:00,523178
Dmytro Prokopenko_178740,Dmytro Prokopenko,2,1,46,42,4,88,2021-08-28 21:50:00,523179
Serhii Rak_178675,Serhii Rak,1,1,45,42,3,87,2021-08-28 21:50:00,523180
Oleksandr Yarovoi_886425355,Oleksandr Yarovoi,-1,0,40,45,-5,85,2021-08-28 21:50:00,523181
Artem Borysov_1996275299,Artem Borysov,1,1,44,45,-1,89,2021-08-28 21:55:00,523182
A Golovinskii_129341,A Golovinskii,-3,0,14,33,-19,47,2021-08-28 21:57:00,523183
Ja Prokupek_29069,Ja Prokupek,-3,0,22,33,-11,55,2021-08-28 22:00:00,523184
A Alekseyev_129305,A Alekseyev,-2,0,35,38,-3,73,2021-08-28 22:00:00,523185
Oleksii Hrymovskyi_179074,Oleksii Hrymovskyi,2,1,41,35,6,76,2021-08-28 22:00:00,523186
Denys Vakulenko_147447255,Denys Vakulenko,3,1,34,22,12,56,2021-08-28 22:00:00,523187
Josef Ruzicka_178799,Josef Ruzicka,-3,0,21,33,-12,54,2021-08-28 22:00:00,523188
Dmytro Shukin_2048644087,Dmytro Shukin,1,1,44,43,1,87,2021-08-28 22:05:00,523189
Oleg Gavryluk_415119864,Oleg Gavryluk,3,1,35,27,8,62,2021-08-28 22:10:00,523190
Serhii Solomko_178710,Serhii Solomko,-1,0,49,55,-6,104,2021-08-28 22:10:00,523191
D Fedorov_129342,D Fedorov,-1,0,45,51,-6,96,2021-08-28 22:15:00,523192
Maksym Mykytiuk_1573486390,Maksym Mykytiuk,-1,0,43,44,-1,87,2021-08-28 22:15:00,523193
D Kolesnikov_129261,D Kolesnikov,-2,0,34,37,-3,71,2021-08-28 22:17:00,523194
Bohdan Havryliuk_178741,Bohdan Havryliuk,2,1,39,32,7,71,2021-08-28 22:20:00,523195
Yurii Kurishchenko_178676,Yurii Kurishchenko,-3,0,18,33,-15,51,2021-08-28 22:20:00,523196
Lev Kuzyo_1883470850,Lev Kuzyo,2,1,42,36,6,78,2021-08-28 22:20:00,523197
Dmytro Derevinskyi_496966620,Dmytro Derevinskyi,3,1,33,23,10,56,2021-08-28 22:25:00,523198
Petr Vanecek_178800,Petr Vanecek,3,1,34,23,11,57,2021-08-28 22:30:00,523199
L Adamec_29070,L Adamec,1,1,48,45,3,93,2021-08-28 22:31:00,523200
V Mishakin_129500,V Mishakin,1,1,51,41,10,92,2021-08-28 22:32:00,523201
Oleksandr Bryzhevatyi_178711,Oleksandr Bryzhevatyi,-1,0,42,52,-10,94,2021-08-28 22:40:00,523202
Oleh Formaziuk_1999130952,Oleh Formaziuk,-2,0,28,39,-11,67,2021-08-28 22:45:00,523203
D Kolesnikov_129502,D Kolesnikov,2,1,41,39,2,80,2021-08-28 22:46:00,523204
Valentyn Lutsenko_178742,Valentyn Lutsenko,-3,0,16,33,-17,49,2021-08-28 22:50:00,523205
D Fedorov_129504,D Fedorov,-2,0,31,41,-10,72,2021-08-28 22:51:00,523206
Ja Prokupek_29071,Ja Prokupek,-2,0,41,43,-2,84,2021-08-28 23:00:00,523207
Tatiana Tatianina_2103581016,Tatiana Tatianina,-2,0,40,49,-9,89,2021-08-28 23:00:00,523208
Jonas Kulveit_178801,Jonas Kulveit,-3,0,21,33,-12,54,2021-08-28 23:00:00,523209
V Chernov_129501,V Chernov,-3,0,22,33,-11,55,2021-08-28 23:02:00,523210
D Merzlikin_129505,D Merzlikin,-1,0,39,42,-3,81,2021-08-28 23:16:00,523211
E Mishutin_129503,E Mishutin,-3,0,19,33,-14,52,2021-08-28 23:17:00,523212
Dmytro Prokopenko_178743,Dmytro Prokopenko,1,1,51,46,5,97,2021-08-28 23:20:00,523213
Petr Vanecek_178802,Petr Vanecek,2,1,41,34,7,75,2021-08-28 23:30:00,523214
P Pycha_29072,P Pycha,-3,0,26,33,-7,59,2021-08-28 23:30:00,523215
Veronika Andriushchenko_81433545,Veronika Andriushchenko,1,1,48,52,-4,100,2021-08-28 23:30:00,523216
V Sidorin_129306,V Sidorin,-1,0,43,52,-9,95,2021-08-28 23:31:00,523217
Andrii Kaptanovskyi_381382021,Andrii Kaptanovskyi,2,1,40,34,6,74,2021-08-28 23:45:00,523218
A Uvarov_129262,A Uvarov,3,1,36,19,17,55,2021-08-28 23:47:00,523219
D Sayanov_129344,D Sayanov,3,1,34,19,15,53,2021-08-28 23:48:00,523220
Fedir Balbas_178744,Fedir Balbas,2,1,45,34,11,79,2021-08-28 23:50:00,523221
P Pycha_29107,P Pycha,-3,0,25,33,-8,58,2021-08-28 23:59:00,523222
Tatiana Tatianina_361932564,Tatiana Tatianina,-3,0,18,33,-15,51,2021-08-29 00:00:00,523223
S Ogai_129307,S Ogai,-2,0,31,37,-6,68,2021-08-29 00:01:00,523224
Jonas Kulveit_179075,Jonas Kulveit,-3,0,13,33,-20,46,2021-08-29 00:05:00,523225
N Zhurba_129345,N Zhurba,-2,0,37,41,-4,78,2021-08-29 00:15:00,523226
Serhii Hilitukha_1588429857,Serhii Hilitukha,-2,0,40,43,-3,83,2021-08-29 00:15:00,523227
D Balakin_129263,D Balakin,-2,0,33,40,-7,73,2021-08-29 00:16:00,523228
Dmytro Prokopenko_178745,Dmytro Prokopenko,3,1,36,26,10,62,2021-08-29 00:20:00,523229
M Urban_29108,M Urban,3,1,33,20,13,53,2021-08-29 00:30:00,523230
Veronika Andriushchenko_636571951,Veronika Andriushchenko,-2,0,33,42,-9,75,2021-08-29 00:30:00,523231
D Evlahin_129308,D Evlahin,-1,0,42,47,-5,89,2021-08-29 00:31:00,523232
Martin Kocvara_179076,Martin Kocvara,-2,0,35,47,-12,82,2021-08-29 00:35:00,523233
Andrii Kaptanovskyi_208926690,Andrii Kaptanovskyi,1,1,47,40,7,87,2021-08-29 00:45:00,523234
A Vlasov_129264,A Vlasov,1,1,45,47,-2,92,2021-08-29 00:46:00,523235
A Serebrennikov_129346,A Serebrennikov,-1,0,42,47,-5,89,2021-08-29 00:47:00,523236
Yaroslav Tkachenko_178746,Yaroslav Tkachenko,3,1,33,25,8,58,2021-08-29 00:50:00,523237
Tatiana Tatianina_913230919,Tatiana Tatianina,-2,0,30,41,-11,71,2021-08-29 01:00:00,523238
R Pavlenko_129309,R Pavlenko,1,1,50,39,11,89,2021-08-29 01:01:00,523239
Serhii Hilitukha_532855004,Serhii Hilitukha,-3,0,24,35,-11,59,2021-08-29 01:15:00,523240
N Sadovskiy_129265,N Sadovskiy,2,1,49,41,8,90,2021-08-29 01:16:00,523241
A Girevenkov_129347,A Girevenkov,-2,0,33,39,-6,72,2021-08-29 01:18:00,523242
Halyna Telna_825550032,Halyna Telna,-3,0,24,35,-11,59,2021-08-29 01:30:00,523243
S Ogai_129310,S Ogai,2,1,40,32,8,72,2021-08-29 01:32:00,523244
Oleksandr Shapoval_178747,Oleksandr Shapoval,1,1,51,47,4,98,2021-08-29 01:35:00,523245
Andrii Kaptanovskyi_831040669,Andrii Kaptanovskyi,3,1,33,22,11,55,2021-08-29 01:45:00,523246
N Zhurba_129348,N Zhurba,2,1,40,35,5,75,2021-08-29 01:46:00,523247
D Balakin_129266,D Balakin,1,1,46,46,0,92,2021-08-29 01:47:00,523248
Serhii Bondarenko_178757,Serhii Bondarenko,3,1,33,18,15,51,2021-08-29 01:55:00,523249
Veronika Andriushchenko_1879311784,Veronika Andriushchenko,2,1,38,31,7,69,2021-08-29 02:00:00,523250
R Pavlenko_129311,R Pavlenko,3,1,33,20,13,53,2021-08-29 02:03:00,523251
Vitalii Husiev_178748,Vitalii Husiev,-2,0,37,41,-4,78,2021-08-29 02:05:00,523252
Oleksandr Kostiuk_1994158410,Oleksandr Kostiuk,-2,0,35,44,-9,79,2021-08-29 02:15:00,523253
N Sadovskiy_129267,N Sadovskiy,3,1,33,27,6,60,2021-08-29 02:19:00,523254
A Girevenkov_129349,A Girevenkov,-2,0,38,45,-7,83,2021-08-29 02:19:00,523255
Maksym Tytskyi_178758,Maksym Tytskyi,3,1,33,14,19,47,2021-08-29 02:25:00,523256
E Ilyukhin_129312,E Ilyukhin,-3,0,21,33,-12,54,2021-08-29 02:30:00,523257
Tatiana Tatianina_913054503,Tatiana Tatianina,2,1,40,31,9,71,2021-08-29 02:30:00,523258
Oleksandr Shapoval_178749,Oleksandr Shapoval,2,1,41,34,7,75,2021-08-29 02:35:00,523259
K Malahov_129268,K Malahov,1,1,50,51,-1,101,2021-08-29 02:45:00,523260
Serhii Hilitukha_351125431,Serhii Hilitukha,-2,0,34,40,-6,74,2021-08-29 02:45:00,523261
A Fedosov_129350,A Fedosov,-1,0,39,47,-8,86,2021-08-29 02:48:00,523262
Serhii Bondarenko_178759,Serhii Bondarenko,-3,0,28,37,-9,65,2021-08-29 02:55:00,523263
Veronika Andriushchenko_636534927,Veronika Andriushchenko,-1,0,50,53,-3,103,2021-08-29 03:00:00,523264
D Evlahin_129313,D Evlahin,-3,0,20,33,-13,53,2021-08-29 03:03:00,523265
Andrii Novikov_178750,Andrii Novikov,-3,0,20,33,-13,53,2021-08-29 03:05:00,523266
Andrii Kaptanovskyi_208966024,Andrii Kaptanovskyi,-1,0,48,49,-1,97,2021-08-29 03:15:00,523267
A Serebrennikov_129351,A Serebrennikov,-2,0,34,41,-7,75,2021-08-29 03:17:00,523268
A Vlasov_129269,A Vlasov,-3,0,20,33,-13,53,2021-08-29 03:23:00,523269
Oleksandr Gomilko_178760,Oleksandr Gomilko,3,1,33,23,10,56,2021-08-29 03:25:00,523270
Tatiana Tatianina_361899764,Tatiana Tatianina,-1,0,49,57,-8,106,2021-08-29 03:30:00,523271
V Sidorin_129314,V Sidorin,-3,0,22,34,-12,56,2021-08-29 03:32:00,523272
Vitalii Husiev_178751,Vitalii Husiev,-1,0,43,49,-6,92,2021-08-29 03:35:00,523273
Serhii Hilitukha_552584739,Serhii Hilitukha,2,1,50,45,5,95,2021-08-29 03:45:00,523274
A Uvarov_129270,A Uvarov,3,1,33,13,20,46,2021-08-29 03:47:00,523275
D Sayanov_129352,D Sayanov,1,1,50,55,-5,105,2021-08-29 03:48:00,523276
Maksym Tytskyi_178761,Maksym Tytskyi,-1,0,39,50,-11,89,2021-08-29 03:55:00,523277
E Ilyukhin_129315,E Ilyukhin,-3,0,22,33,-11,55,2021-08-29 04:00:00,523278
Veronika Andriushchenko_1734698560,Veronika Andriushchenko,2,1,46,41,5,87,2021-08-29 04:00:00,523279
Oleksandr Shapoval_178752,Oleksandr Shapoval,-2,0,22,41,-19,63,2021-08-29 04:05:00,523280
Andrii Kaptanovskyi_830798781,Andrii Kaptanovskyi,-2,0,30,39,-9,69,2021-08-29 04:15:00,523281
K Malahov_129271,K Malahov,2,1,39,33,6,72,2021-08-29 04:15:00,523282
A Fedosov_129353,A Fedosov,-2,0,26,39,-13,65,2021-08-29 04:18:00,523283
Serhii Bondarenko_178762,Serhii Bondarenko,-1,0,50,47,3,97,2021-08-29 04:25:00,523284
Halyna Telna_1709952567,Halyna Telna,-1,0,48,54,-6,102,2021-08-29 04:30:00,523285
E Ilyukhin_129506,E Ilyukhin,-2,0,39,44,-5,83,2021-08-29 04:31:00,523286
Vitalii Husiev_178753,Vitalii Husiev,-3,0,23,33,-10,56,2021-08-29 04:35:00,523287
Serhii Hilitukha_629569340,Serhii Hilitukha,-3,0,17,33,-16,50,2021-08-29 04:45:00,523288
A Vlasov_129508,A Vlasov,2,1,36,32,4,68,2021-08-29 04:50:00,523289
A Serebrennikov_129510,A Serebrennikov,3,1,37,28,9,65,2021-08-29 04:51:00,523290
Maksym Tytskyi_178763,Maksym Tytskyi,1,1,49,38,11,87,2021-08-29 04:55:00,523291
S Ogai_129507,S Ogai,-1,0,42,49,-7,91,2021-08-29 05:01:00,523292
Andrii Novikov_178754,Andrii Novikov,3,1,34,22,12,56,2021-08-29 05:05:00,523293
Andrii Tsikhotskyi_1073220987,Andrii Tsikhotskyi,-1,0,39,53,-14,92,2021-08-29 05:15:00,523294
A Uvarov_129509,A Uvarov,-2,0,32,40,-8,72,2021-08-29 05:15:00,523295
N Zhurba_129511,N Zhurba,3,1,33,18,15,51,2021-08-29 05:15:00,523296
Oleksandr Gomilko_178764,Oleksandr Gomilko,-1,0,53,55,-2,108,2021-08-29 05:25:00,523297
Oleksandr Shapoval_178755,Oleksandr Shapoval,3,1,43,35,8,78,2021-08-29 05:35:00,523298
Serhii Bondarenko_178765,Serhii Bondarenko,3,1,33,22,11,55,2021-08-29 05:55:00,523299
Vitalii Kobets_178756,Vitalii Kobets,-1,0,50,53,-3,103,2021-08-29 06:05:00,523300
Dmytro Rehotun_178766,Dmytro Rehotun,-2,0,37,39,-2,76,2021-08-29 06:25:00,523301
Andrii Novikov_179077,Andrii Novikov,-2,0,31,38,-7,69,2021-08-29 06:40:00,523302
Oleksandr Gomilko_179079,Oleksandr Gomilko,-2,0,34,38,-4,72,2021-08-29 06:55:00,523303
Artem Lisechko_179078,Artem Lisechko,1,1,55,52,3,107,2021-08-29 07:10:00,523304
Oleksandr Kovalchuk_179080,Oleksandr Kovalchuk,-1,0,48,51,-3,99,2021-08-29 07:25:00,523305
O Belugin_129414,O Belugin,1,1,51,40,11,91,2021-08-29 07:30:00,523306
R Agababyan_129374,R Agababyan,1,1,49,51,-2,100,2021-08-29 07:48:00,523307
S Morozov_129448,S Morozov,3,1,33,21,12,54,2021-08-29 07:49:00,523308
Oleksii Krutko_1555218356,Oleksii Krutko,-2,0,30,41,-11,71,2021-08-29 07:50:00,523309
Vitaly Boyko_179042,Vitaly Boyko,2,1,41,22,19,63,2021-08-29 07:50:00,523310
Andriy Zaitsev_437273030,Andriy Zaitsev,-1,0,45,55,-10,100,2021-08-29 07:55:00,523311
Anastasiia Gordinskaya-Sheiko_178843,Anastasiia Gordinskaya-Sheiko,2,1,44,33,11,77,2021-08-29 08:00:00,523312
A Vorozheykin_129415,A Vorozheykin,1,1,48,47,1,95,2021-08-29 08:01:00,523313
Oleksii Hrymovskyi_178853,Oleksii Hrymovskyi,-1,0,41,45,-4,86,2021-08-29 08:05:00,523314
Yevheniia Sozoniuk_178863,Yevheniia Sozoniuk,3,1,33,14,19,47,2021-08-29 08:10:00,523315
A Golyshev_129449,A Golyshev,-2,0,40,39,1,79,2021-08-29 08:15:00,523316
Anastasia Holiak_178878,Anastasia Holiak,-3,0,25,34,-9,59,2021-08-29 08:15:00,523317
M Chernyavskiy_129375,M Chernyavskiy,2,1,40,34,6,74,2021-08-29 08:19:00,523318
Andrii Dombrovskyi_179043,Andrii Dombrovskyi,-1,0,41,45,-4,86,2021-08-29 08:20:00,523319
Valentyn Yunchyk_2092826451,Valentyn Yunchyk,2,1,39,37,2,76,2021-08-29 08:25:00,523320
Serhii Kinash_2097253975,Serhii Kinash,2,1,43,40,3,83,2021-08-29 08:30:00,523321
Yaroslava Pachich_178844,Yaroslava Pachich,-1,0,42,48,-6,90,2021-08-29 08:30:00,523322
A Kolmin_129416,A Kolmin,3,1,39,30,9,69,2021-08-29 08:34:00,523323
Andrii Matiushenko_178854,Andrii Matiushenko,2,1,42,32,10,74,2021-08-29 08:35:00,523324
Andrii Hrebeniuk_511457985,Andrii Hrebeniuk,-3,0,20,33,-13,53,2021-08-29 08:35:00,523325
Kyrylo Yehorov_84600460,Kyrylo Yehorov,2,1,41,34,7,75,2021-08-29 08:40:00,523326
Mariia Kurishchenko_178864,Mariia Kurishchenko,-2,0,32,42,-10,74,2021-08-29 08:40:00,523327
Oleksandr Medvedyev_1198889159,Oleksandr Medvedyev,-3,0,13,33,-20,46,2021-08-29 08:45:00,523328
Iryna Tiutiunyk_178879,Iryna Tiutiunyk,2,1,38,26,12,64,2021-08-29 08:45:00,523329
K Olshakov_129450,K Olshakov,2,1,37,30,7,67,2021-08-29 08:46:00,523330
Oleg Savenkov_109396753,Oleg Savenkov,2,1,38,35,3,73,2021-08-29 08:50:00,523331
Serhii Rak_178830,Serhii Rak,-2,0,34,41,-7,75,2021-08-29 08:50:00,523332
Dmytro Prokopenko_178893,Dmytro Prokopenko,-2,0,25,40,-15,65,2021-08-29 08:50:00,523333
A Doncenko_129376,A Doncenko,-1,0,50,52,-2,102,2021-08-29 08:50:00,523334
Dmytro Dubrovin_797488942,Dmytro Dubrovin,-3,0,34,40,-6,74,2021-08-29 08:55:00,523335
Valeriy Vlasenko_178903,Valeriy Vlasenko,-1,0,49,49,0,98,2021-08-29 08:55:00,523336
Jan Zaloudik_179013,Jan Zaloudik,-1,0,45,48,-3,93,2021-08-29 09:00:00,523337
Anastasiia Gordinskaya-Sheiko_178845,Anastasiia Gordinskaya-Sheiko,1,1,50,44,6,94,2021-08-29 09:00:00,523338
Roman Cherevko_407981144,Roman Cherevko,1,1,57,52,5,109,2021-08-29 09:00:00,523339
A Merezhko_129417,A Merezhko,-1,0,50,52,-2,102,2021-08-29 09:02:00,523340
Z Kasinski_29079,Z Kasinski,1,1,47,42,5,89,2021-08-29 09:02:00,523341
Dmytro Kryshtal_1965557871,Dmytro Kryshtal,1,1,53,44,9,97,2021-08-29 09:05:00,523342
Oleksii Hrymovskyi_178855,Oleksii Hrymovskyi,-1,0,38,43,-5,81,2021-08-29 09:05:00,523343
Veronika Gud_178865,Veronika Gud,1,1,50,47,3,97,2021-08-29 09:10:00,523344
Oleksandr Tuzhylin_1736263488,Oleksandr Tuzhylin,-2,0,27,40,-13,67,2021-08-29 09:10:00,523345
Nikita Korbut_1298240897,Nikita Korbut,2,1,41,34,7,75,2021-08-29 09:15:00,523346
Polina Nerush_178880,Polina Nerush,-2,0,34,41,-7,75,2021-08-29 09:15:00,523347
K Nosov_129451,K Nosov,-1,0,50,49,1,99,2021-08-29 09:17:00,523348
Andrii Dombrovskyi_179044,Andrii Dombrovskyi,2,1,42,29,13,71,2021-08-29 09:20:00,523349
Yaroslav Tkachenko_178894,Yaroslav Tkachenko,3,1,33,20,13,53,2021-08-29 09:20:00,523350
Valentin Bondar_2048602419,Valentin Bondar,-3,0,20,33,-13,53,2021-08-29 09:20:00,523351
Yurii Kolesnyk_178904,Yurii Kolesnyk,3,1,33,17,16,50,2021-08-29 09:25:00,523352
Oleksandr Hainovskyi_2017866673,Oleksandr Hainovskyi,1,1,47,43,4,90,2021-08-29 09:25:00,523353
V Selkin_129377,V Selkin,-3,0,16,33,-17,49,2021-08-29 09:27:00,523354
Ales Hanl_179014,Ales Hanl,2,1,37,34,3,71,2021-08-29 09:30:00,523355
Uryi Schepanskyi_272041636,Uryi Schepanskyi,3,1,33,19,14,52,2021-08-29 09:30:00,523356
Karina Zharkova_178846,Karina Zharkova,3,1,33,15,18,48,2021-08-29 09:30:00,523357
A Kolmin_129418,A Kolmin,-2,0,38,44,-6,82,2021-08-29 09:31:00,523358
D Pazout_29080,D Pazout,2,1,43,37,6,80,2021-08-29 09:34:00,523359
Pavlo Babenko_178856,Pavlo Babenko,1,1,48,48,0,96,2021-08-29 09:35:00,523360
Valentyn Yunchyk_503035861,Valentyn Yunchyk,3,1,33,19,14,52,2021-08-29 09:35:00,523361
Serhii Kinash_1362452396,Serhii Kinash,-3,0,25,34,-9,59,2021-08-29 09:40:00,523362
Mariia Kurishchenko_178866,Mariia Kurishchenko,2,1,43,27,16,70,2021-08-29 09:40:00,523363
Andrii Hrebeniuk_375967249,Andrii Hrebeniuk,-1,0,56,58,-2,114,2021-08-29 09:45:00,523364
Iryna Tiutiunyk_178881,Iryna Tiutiunyk,2,1,42,34,8,76,2021-08-29 09:45:00,523365
A Doncenko_129378,A Doncenko,2,1,40,29,11,69,2021-08-29 09:48:00,523366
Vitaly Boyko_178832,Vitaly Boyko,2,1,40,26,14,66,2021-08-29 09:50:00,523367
Kyrylo Yehorov_197586475,Kyrylo Yehorov,-2,0,30,43,-13,73,2021-08-29 09:50:00,523368
Dmytro Prokopenko_178895,Dmytro Prokopenko,-3,0,20,33,-13,53,2021-08-29 09:50:00,523369
K Olshakov_129452,K Olshakov,-1,0,35,43,-8,78,2021-08-29 09:50:00,523370
Oleksandr Medvedyev_1374936531,Oleksandr Medvedyev,-3,0,21,33,-12,54,2021-08-29 09:55:00,523371
Ruslan Solomko_178905,Ruslan Solomko,1,1,56,47,9,103,2021-08-29 09:55:00,523372
Ales Hanl_179015,Ales Hanl,1,1,50,43,7,93,2021-08-29 10:00:00,523373
Yaroslava Pachich_178847,Yaroslava Pachich,-1,0,48,52,-4,100,2021-08-29 10:00:00,523374
Oleg Savenkov_794287244,Oleg Savenkov,-2,0,31,41,-10,72,2021-08-29 10:00:00,523375
A Vorozheykin_129419,A Vorozheykin,-1,0,45,46,-1,91,2021-08-29 10:00:00,523376
V Dolezal_29081,V Dolezal,2,1,43,36,7,79,2021-08-29 10:02:00,523377
Dmytro Dubrovin_1449780911,Dmytro Dubrovin,-2,0,36,44,-8,80,2021-08-29 10:05:00,523378
Andrii Matiushenko_178857,Andrii Matiushenko,-1,0,34,51,-17,85,2021-08-29 10:05:00,523379
Yevheniia Sozoniuk_178867,Yevheniia Sozoniuk,2,1,40,38,2,78,2021-08-29 10:10:00,523380
Oleksii Krutko_6913088,Oleksii Krutko,3,1,37,24,13,61,2021-08-29 10:10:00,523381
Anastasia Holiak_178882,Anastasia Holiak,2,1,44,35,9,79,2021-08-29 10:15:00,523382
Andriy Zaitsev_1212000057,Andriy Zaitsev,-2,0,26,39,-13,65,2021-08-29 10:15:00,523383
A Golyshev_129453,A Golyshev,-1,0,45,48,-3,93,2021-08-29 10:17:00,523384
M Chernyavskiy_129379,M Chernyavskiy,3,1,33,16,17,49,2021-08-29 10:18:00,523385
Anton Limonov_2094547621,Anton Limonov,2,1,41,31,10,72,2021-08-29 10:20:00,523386
Bohdan Havryliuk_178896,Bohdan Havryliuk,-3,0,24,34,-10,58,2021-08-29 10:20:00,523387
Stanislav Nikolenko_178833,Stanislav Nikolenko,2,1,40,34,6,74,2021-08-29 10:20:00,523388
Yurii Kolesnyk_178906,Yurii Kolesnyk,-2,0,35,38,-3,73,2021-08-29 10:25:00,523389
Serhii Matviienko_1498715788,Serhii Matviienko,2,1,45,38,7,83,2021-08-29 10:25:00,523390
Oleh Formaziuk_2094074168,Oleh Formaziuk,-1,0,46,40,6,86,2021-08-29 10:30:00,523391
Anastasiia Gordinskaya-Sheiko_178848,Anastasiia Gordinskaya-Sheiko,-2,0,37,38,-1,75,2021-08-29 10:30:00,523392
M Kolar_29082,M Kolar,2,1,42,28,14,70,2021-08-29 10:30:00,523393
Jan Zaloudik_179016,Jan Zaloudik,1,1,51,51,0,102,2021-08-29 10:30:00,523394
Oleksii Hrymovskyi_178858,Oleksii Hrymovskyi,-1,0,52,55,-3,107,2021-08-29 10:35:00,523395
Oleksii Romaniv_1380229384,Oleksii Romaniv,-1,0,46,52,-6,98,2021-08-29 10:35:00,523396
A Kolmin_129512,A Kolmin,2,1,40,33,7,73,2021-08-29 10:39:00,523397
Viktoriia Kondratenko_178868,Viktoriia Kondratenko,1,1,52,48,4,100,2021-08-29 10:40:00,523398
Uriy Sandulenko_1544643031,Uriy Sandulenko,3,1,33,21,12,54,2021-08-29 10:40:00,523399
Serhii Tsybulin_1754698675,Serhii Tsybulin,-3,0,27,35,-8,62,2021-08-29 10:45:00,523400
Nadiia Kovtun_178883,Nadiia Kovtun,-2,0,39,45,-6,84,2021-08-29 10:45:00,523401
V Selkin_129514,V Selkin,3,1,34,23,11,57,2021-08-29 10:46:00,523402
K Nosov_129516,K Nosov,1,1,50,40,10,90,2021-08-29 10:48:00,523403
Yaroslav Tkachenko_178897,Yaroslav Tkachenko,-2,0,32,42,-10,74,2021-08-29 10:50:00,523404
Serhii Rak_179045,Serhii Rak,-1,0,42,46,-4,88,2021-08-29 10:50:00,523405
Maksym Kolos_2088888447,Maksym Kolos,2,1,47,39,8,86,2021-08-29 10:50:00,523406
Valeriy Vlasenko_178907,Valeriy Vlasenko,-3,0,21,34,-13,55,2021-08-29 10:55:00,523407
Oleksandr Tuzhylin_1802877171,Oleksandr Tuzhylin,3,1,35,28,7,63,2021-08-29 10:55:00,523408
Nikita Korbut_55704433,Nikita Korbut,3,1,34,24,10,58,2021-08-29 11:00:00,523409
Jan Zajicek_179017,Jan Zajicek,-3,0,17,33,-16,50,2021-08-29 11:00:00,523410
V Dolezal_29083,V Dolezal,-3,0,19,33,-14,52,2021-08-29 11:00:00,523411
Yaroslava Pachich_178849,Yaroslava Pachich,-3,0,25,34,-9,59,2021-08-29 11:00:00,523412
Valentin Bondar_629599317,Valentin Bondar,-2,0,38,40,-2,78,2021-08-29 11:05:00,523413
Andrii Matiushenko_178859,Andrii Matiushenko,-2,0,34,42,-8,76,2021-08-29 11:05:00,523414
O Belugin_129513,O Belugin,2,1,43,36,7,79,2021-08-29 11:05:00,523415
Veronika Gud_178869,Veronika Gud,1,1,48,40,8,88,2021-08-29 11:10:00,523416
Oleksandr Hainovskyi_783663652,Oleksandr Hainovskyi,-2,0,29,41,-12,70,2021-08-29 11:10:00,523417
Uryi Schepanskyi_129795485,Uryi Schepanskyi,-2,0,45,51,-6,96,2021-08-29 11:15:00,523418
R Agababyan_129515,R Agababyan,-2,0,30,40,-10,70,2021-08-29 11:15:00,523419
Polina Nerush_178884,Polina Nerush,-2,0,27,40,-13,67,2021-08-29 11:15:00,523420
S Morozov_129517,S Morozov,3,1,33,10,23,43,2021-08-29 11:16:00,523421
Andrii Dombrovskyi_179046,Andrii Dombrovskyi,-3,0,15,33,-18,48,2021-08-29 11:20:00,523422
Dmytro Prokopenko_178898,Dmytro Prokopenko,-2,0,33,42,-9,75,2021-08-29 11:20:00,523423
Roman Cherevko_1793175984,Roman Cherevko,-3,0,15,33,-18,48,2021-08-29 11:20:00,523424
Dmytro Kryshtal_1802210594,Dmytro Kryshtal,1,1,45,47,-2,92,2021-08-29 11:25:00,523425
Oleksandr Lykhytskyi_178908,Oleksandr Lykhytskyi,3,1,34,25,9,59,2021-08-29 11:25:00,523426
Karina Zharkova_178850,Karina Zharkova,-3,0,21,33,-12,54,2021-08-29 11:30:00,523427
D Pazout_29084,D Pazout,2,1,42,34,8,76,2021-08-29 11:30:00,523428
Andrii Hrebeniuk_242586000,Andrii Hrebeniuk,-3,0,24,34,-10,58,2021-08-29 11:30:00,523429
Jan Zaloudik_179018,Jan Zaloudik,2,1,41,34,7,75,2021-08-29 11:30:00,523430
S Burov_129420,S Burov,1,1,48,47,1,95,2021-08-29 11:33:00,523431
Kyrylo Yehorov_664901116,Kyrylo Yehorov,1,1,55,48,7,103,2021-08-29 11:35:00,523432
Pavlo Babenko_178860,Pavlo Babenko,3,1,33,23,10,56,2021-08-29 11:35:00,523433
Mariia Kurishchenko_178870,Mariia Kurishchenko,-2,0,44,47,-3,91,2021-08-29 11:40:00,523434
Oleksandr Medvedyev_1930805872,Oleksandr Medvedyev,3,1,37,29,8,66,2021-08-29 11:40:00,523435
Oleg Savenkov_873633904,Oleg Savenkov,2,1,38,29,9,67,2021-08-29 11:45:00,523436
Iryna Tiutiunyk_178885,Iryna Tiutiunyk,-2,0,30,40,-10,70,2021-08-29 11:45:00,523437
I Lednev_129454,I Lednev,3,1,36,26,10,62,2021-08-29 11:46:00,523438
V Putilovsky_129380,V Putilovsky,-2,0,30,42,-12,72,2021-08-29 11:47:00,523439
Yaroslav Tkachenko_178899,Yaroslav Tkachenko,2,1,36,31,5,67,2021-08-29 11:50:00,523440
Vitaly Boyko_178836,Vitaly Boyko,-3,0,40,46,-6,86,2021-08-29 11:50:00,523441
Dmytro Dubrovin_1685778615,Dmytro Dubrovin,-1,0,44,48,-4,92,2021-08-29 11:50:00,523442
Valentyn Yunchyk_545447995,Valentyn Yunchyk,-3,0,22,33,-11,55,2021-08-29 11:55:00,523443
Ruslan Solomko_178909,Ruslan Solomko,3,1,37,31,6,68,2021-08-29 11:55:00,523444
Serhii Kinash_1708273512,Serhii Kinash,-2,0,34,39,-5,73,2021-08-29 12:00:00,523445
Anastasiia Gordinskaya-Sheiko_178851,Anastasiia Gordinskaya-Sheiko,-2,0,23,40,-17,63,2021-08-29 12:00:00,523446
V Demchenko_129421,V Demchenko,2,1,38,36,2,74,2021-08-29 12:03:00,523447
V Dolezal_29109,V Dolezal,2,1,43,28,15,71,2021-08-29 12:03:00,523448
Oleksii Hrymovskyi_178861,Oleksii Hrymovskyi,2,1,39,30,9,69,2021-08-29 12:05:00,523449
Anton Limonov_1752043882,Anton Limonov,2,1,45,28,17,73,2021-08-29 12:05:00,523450
Yevheniia Sozoniuk_178871,Yevheniia Sozoniuk,2,1,43,35,8,78,2021-08-29 12:10:00,523451
Serhii Matviienko_1749217597,Serhii Matviienko,-2,0,30,42,-12,72,2021-08-29 12:10:00,523452
Anastasia Holiak_178886,Anastasia Holiak,-1,0,44,48,-4,92,2021-08-29 12:15:00,523453
Oleh Formaziuk_1282090845,Oleh Formaziuk,3,1,36,26,10,62,2021-08-29 12:15:00,523454
A Lobanov_129381,A Lobanov,-2,0,33,38,-5,71,2021-08-29 12:17:00,523455
V Evlampiev_129455,V Evlampiev,3,1,33,18,15,51,2021-08-29 12:18:00,523456
Oleksii Romaniv_758723237,Oleksii Romaniv,-2,0,32,41,-9,73,2021-08-29 12:20:00,523457
Stanislav Nikolenko_179047,Stanislav Nikolenko,3,1,33,17,16,50,2021-08-29 12:20:00,523458
Bohdan Havryliuk_178900,Bohdan Havryliuk,-2,0,27,42,-15,69,2021-08-29 12:20:00,523459
Yurii Kolesnyk_178910,Yurii Kolesnyk,-2,0,35,41,-6,76,2021-08-29 12:25:00,523460
Uriy Sandulenko_1725752241,Uriy Sandulenko,1,1,45,43,2,88,2021-08-29 12:25:00,523461
D Pazout_29110,D Pazout,-2,0,26,39,-13,65,2021-08-29 12:30:00,523462
Jan Zajicek_179081,Jan Zajicek,1,1,61,55,6,116,2021-08-29 12:30:00,523463
Oleksii Krutko_1682304970,Oleksii Krutko,2,1,43,40,3,83,2021-08-29 12:30:00,523464
Diana Dushyna_178852,Diana Dushyna,3,1,33,20,13,53,2021-08-29 12:30:00,523465
Andriy Zaitsev_887874483,Andriy Zaitsev,-2,0,41,43,-2,84,2021-08-29 12:35:00,523466
Oleksandr Mishchenko_178862,Oleksandr Mishchenko,-1,0,46,58,-12,104,2021-08-29 12:35:00,523467
E Tyurin_129422,E Tyurin,2,1,40,37,3,77,2021-08-29 12:38:00,523468
Viktoriia Kondratenko_178872,Viktoriia Kondratenko,-1,0,48,51,-3,99,2021-08-29 12:40:00,523469
Oleksandr Tuzhylin_989151841,Oleksandr Tuzhylin,-2,0,37,41,-4,78,2021-08-29 12:40:00,523470
Nadiia Kovtun_178887,Nadiia Kovtun,3,1,34,20,14,54,2021-08-29 12:45:00,523471
Nikita Korbut_1591546496,Nikita Korbut,-1,0,42,42,0,84,2021-08-29 12:45:00,523472
P Medvedev_129382,P Medvedev,2,1,45,40,5,85,2021-08-29 12:46:00,523473
I Nirkov_129456,I Nirkov,3,1,33,19,14,52,2021-08-29 12:46:00,523474
Dmytro Prokopenko_178901,Dmytro Prokopenko,-2,0,32,41,-9,73,2021-08-29 12:50:00,523475
Valentin Bondar_830566066,Valentin Bondar,-2,0,27,40,-13,67,2021-08-29 12:50:00,523476
Serhii Rak_178838,Serhii Rak,3,1,33,19,14,52,2021-08-29 12:50:00,523477
Oleksandr Hainovskyi_509521531,Oleksandr Hainovskyi,-3,0,20,33,-13,53,2021-08-29 12:55:00,523478
Valeriy Vlasenko_178911,Valeriy Vlasenko,-2,0,35,39,-4,74,2021-08-29 12:55:00,523479
Karina Zharkova_179083,Karina Zharkova,2,1,44,36,8,80,2021-08-29 13:00:00,523480
Uryi Schepanskyi_1220524892,Uryi Schepanskyi,-2,0,35,37,-2,72,2021-08-29 13:00:00,523481
Stepan Rejent_179039,Stepan Rejent,-3,0,19,33,-14,52,2021-08-29 13:00:00,523482
Michal Vavra_179082,Michal Vavra,1,1,47,40,7,87,2021-08-29 13:00:00,523483
M Parizek_29085,M Parizek,3,1,33,20,13,53,2021-08-29 13:01:00,523484
K Bystrushkin_129423,K Bystrushkin,2,1,46,32,14,78,2021-08-29 13:04:00,523485
Serhii Tsybulin_2123359406,Serhii Tsybulin,-3,0,19,33,-14,52,2021-08-29 13:05:00,523486
Veronika Gud_178873,Veronika Gud,-1,0,44,43,1,87,2021-08-29 13:10:00,523487
Maksym Kolos_833752519,Maksym Kolos,2,1,39,36,3,75,2021-08-29 13:10:00,523488
Vitalii Lievshin_2080784418,Vitalii Lievshin,3,1,35,22,13,57,2021-08-29 13:15:00,523489
Polina Nerush_178888,Polina Nerush,2,1,39,27,12,66,2021-08-29 13:15:00,523490
D Sayanov_129383,D Sayanov,2,1,44,38,6,82,2021-08-29 13:17:00,523491
I Matveyev_129457,I Matveyev,-1,0,37,43,-6,80,2021-08-29 13:17:00,523492
Vitaly Boyko_179048,Vitaly Boyko,3,1,33,22,11,55,2021-08-29 13:20:00,523493
Oleksiy Sapronov_138370043,Oleksiy Sapronov,2,1,41,29,12,70,2021-08-29 13:20:00,523494
Oleksandr Mishchenko_179085,Oleksandr Mishchenko,-2,0,35,43,-8,78,2021-08-29 13:20:00,523495
Valentyn Lutsenko_178902,Valentyn Lutsenko,-1,0,51,49,2,100,2021-08-29 13:20:00,523496
Oleg Gavryluk_577604441,Oleg Gavryluk,1,1,53,50,3,103,2021-08-29 13:25:00,523497
Oleksandr Lykhytskyi_178912,Oleksandr Lykhytskyi,-1,0,32,50,-18,82,2021-08-29 13:25:00,523498
Vladyslav Van_953045968,Vladyslav Van,3,1,33,20,13,53,2021-08-29 13:30:00,523499
Z Bilek_29086,Z Bilek,-2,0,33,40,-7,73,2021-08-29 13:30:00,523500
Liliya Andrieieva_179084,Liliya Andrieieva,-1,0,43,46,-3,89,2021-08-29 13:30:00,523501
Vojtech Koutnik_179020,Vojtech Koutnik,-2,0,37,41,-4,78,2021-08-29 13:30:00,523502
Mykola Lytvynenko_1530318555,Mykola Lytvynenko,2,1,40,36,4,76,2021-08-29 13:35:00,523503
E Tyurin_129424,E Tyurin,-2,0,33,44,-11,77,2021-08-29 13:35:00,523504
Roman Cherevko_1052132078,Roman Cherevko,3,1,33,21,12,54,2021-08-29 13:40:00,523505
Yevheniia Sozoniuk_178874,Yevheniia Sozoniuk,3,1,33,23,10,56,2021-08-29 13:40:00,523506
Anastasia Holiak_178889,Anastasia Holiak,3,1,35,20,15,55,2021-08-29 13:45:00,523507
Dmytro Kryshtal_1695613913,Dmytro Kryshtal,3,1,34,27,7,61,2021-08-29 13:45:00,523508
P Medvedev_129384,P Medvedev,1,1,47,43,4,90,2021-08-29 13:45:00,523509
Andrii Hrebeniuk_1788967124,Andrii Hrebeniuk,-2,0,30,38,-8,68,2021-08-29 13:50:00,523510
Mykhailo Teteruk_179049,Mykhailo Teteruk,2,1,41,38,3,79,2021-08-29 13:50:00,523511
Serhii Tkachev_179086,Serhii Tkachev,-2,0,28,42,-14,70,2021-08-29 13:50:00,523512
I Nirkov_129458,I Nirkov,-3,0,23,33,-10,56,2021-08-29 13:51:00,523513
Ruslan Solomko_178913,Ruslan Solomko,-3,0,17,33,-16,50,2021-08-29 13:55:00,523514
Kyrylo Yehorov_543034008,Kyrylo Yehorov,3,1,35,29,6,64,2021-08-29 13:55:00,523515
Oleksandr Medvedyev_1902522619,Oleksandr Medvedyev,2,1,36,32,4,68,2021-08-29 14:00:00,523516
Vojtech Koutnik_179040,Vojtech Koutnik,-3,0,29,36,-7,65,2021-08-29 14:00:00,523517
T Postelt_29087,T Postelt,-3,0,20,33,-13,53,2021-08-29 14:01:00,523518
V Demchenko_129425,V Demchenko,2,1,43,37,6,80,2021-08-29 14:03:00,523519
Oleg Savenkov_951311294,Oleg Savenkov,-2,0,36,37,-1,73,2021-08-29 14:05:00,523520
Valentyn Lutsenko_179087,Valentyn Lutsenko,1,1,44,47,-3,91,2021-08-29 14:10:00,523521
Olena Nalisnikovska_178875,Olena Nalisnikovska,1,1,50,44,6,94,2021-08-29 14:10:00,523522
Dmytro Dubrovin_1704248778,Dmytro Dubrovin,1,1,59,47,12,106,2021-08-29 14:10:00,523523
Nataliia Konovalova_178890,Nataliia Konovalova,3,1,33,16,17,49,2021-08-29 14:15:00,523524
Oleksii Krutko_1167181903,Oleksii Krutko,2,1,44,40,4,84,2021-08-29 14:15:00,523525
A Lobanov_129385,A Lobanov,-3,0,23,34,-11,57,2021-08-29 14:16:00,523526
V Evlampiev_129459,V Evlampiev,1,1,53,44,9,97,2021-08-29 14:18:00,523527
Vitaly Boyko_178841,Vitaly Boyko,-2,0,34,47,-13,81,2021-08-29 14:20:00,523528
Andriy Zaitsev_1340683313,Andriy Zaitsev,2,1,39,33,6,72,2021-08-29 14:20:00,523529
Valeriy Vlasenko_178914,Valeriy Vlasenko,2,1,40,39,1,79,2021-08-29 14:25:00,523530
Dmytro Yaremchuk_1197391123,Dmytro Yaremchuk,-1,0,40,47,-7,87,2021-08-29 14:25:00,523531
Stepan Rejent_179022,Stepan Rejent,-3,0,25,36,-11,61,2021-08-29 14:30:00,523532
Jo Kutifel_29088,Jo Kutifel,-2,0,38,42,-4,80,2021-08-29 14:30:00,523533
Adam Krasutskyi_2079813219,Adam Krasutskyi,3,1,33,20,13,53,2021-08-29 14:30:00,523534
Oleksandr Medvedyev_908929117,Oleksandr Medvedyev,1,1,51,51,0,102,2021-08-29 14:35:00,523535
S Burov_129620,S Burov,-3,0,25,33,-8,58,2021-08-29 14:40:00,523536
Yevheniia Sozoniuk_178876,Yevheniia Sozoniuk,-2,0,33,41,-8,74,2021-08-29 14:40:00,523537
Oleh Volynets_179088,Oleh Volynets,3,1,33,25,8,58,2021-08-29 14:40:00,523538
Oleg Savenkov_1890074891,Oleg Savenkov,3,1,33,23,10,56,2021-08-29 14:40:00,523539
Anastasia Holiak_178891,Anastasia Holiak,-2,0,29,38,-9,67,2021-08-29 14:45:00,523540
Dmytro Dubrovin_1449641519,Dmytro Dubrovin,-3,0,15,33,-18,48,2021-08-29 14:45:00,523541
A Lobanov_129622,A Lobanov,3,1,37,25,12,62,2021-08-29 14:46:00,523542
Yevhen Pysmennyi_2005283450,Yevhen Pysmennyi,-3,0,18,33,-15,51,2021-08-29 14:50:00,523543
Andrii Dombrovskyi_179050,Andrii Dombrovskyi,-2,0,25,42,-17,67,2021-08-29 14:50:00,523544
Illia Udod_178915,Illia Udod,1,1,47,40,7,87,2021-08-29 14:55:00,523545
Oleksandr Semenets_1237939512,Oleksandr Semenets,-3,0,18,33,-15,51,2021-08-29 14:55:00,523546
I Nirkov_129624,I Nirkov,-3,0,26,36,-10,62,2021-08-29 15:00:00,523547
Vitalii Lievshin_447097980,Vitalii Lievshin,1,1,51,46,5,97,2021-08-29 15:00:00,523548
Josef Ruzicka_179041,Josef Ruzicka,3,1,33,24,9,57,2021-08-29 15:00:00,523549
V Demchenko_129621,V Demchenko,-3,0,18,33,-15,51,2021-08-29 15:01:00,523550
T Postelt_29089,T Postelt,3,1,36,28,8,64,2021-08-29 15:02:00,523551
Oleksiy Sapronov_2064983087,Oleksiy Sapronov,2,1,41,31,10,72,2021-08-29 15:05:00,523552
Pavlo Chyzh_1448972467,Pavlo Chyzh,2,1,43,40,3,83,2021-08-29 15:10:00,523553
Mariia Kurishchenko_178877,Mariia Kurishchenko,-3,0,20,33,-13,53,2021-08-29 15:10:00,523554
Yurii Parahailo_299148825,Yurii Parahailo,-2,0,33,39,-6,72,2021-08-29 15:15:00,523555
Iryna Tiutiunyk_178892,Iryna Tiutiunyk,2,1,42,33,9,75,2021-08-29 15:15:00,523556
D Sayanov_129623,D Sayanov,3,1,36,23,13,59,2021-08-29 15:17:00,523557
I Matveyev_129625,I Matveyev,-2,0,29,41,-12,70,2021-08-29 15:19:00,523558
Mykola Kulynych_178918,Mykola Kulynych,3,1,33,17,16,50,2021-08-29 15:20:00,523559
Mykola Lytvynenko_634631766,Mykola Lytvynenko,2,1,42,26,16,68,2021-08-29 15:20:00,523560
Valeriy Vlasenko_178916,Valeriy Vlasenko,-3,0,34,44,-10,78,2021-08-29 15:25:00,523561
Oleksii Krutko_1015458410,Oleksii Krutko,3,1,37,25,12,62,2021-08-29 15:25:00,523562
Oleksandr Strutinskiy_178928,Oleksandr Strutinskiy,-2,0,29,43,-14,72,2021-08-29 15:30:00,523563
Andriy Zaitsev_1818919930,Andriy Zaitsev,-2,0,39,44,-5,83,2021-08-29 15:30:00,523564
Z Bilek_29090,Z Bilek,1,1,50,49,1,99,2021-08-29 15:30:00,523565
Stepan Rejent_179024,Stepan Rejent,3,1,33,24,9,57,2021-08-29 15:30:00,523566
Ir Kim_129426,Ir Kim,-1,0,49,51,-2,100,2021-08-29 15:31:00,523567
Maksym Tytskyi_178938,Maksym Tytskyi,-1,0,36,42,-6,78,2021-08-29 15:35:00,523568
Volodymyr Plishylo_464286437,Volodymyr Plishylo,2,1,45,36,9,81,2021-08-29 15:35:00,523569
Halyna Burtseva_179058,Halyna Burtseva,-2,0,33,41,-8,74,2021-08-29 15:40:00,523570
Dmytro Shukin_364127616,Dmytro Shukin,2,1,47,38,9,85,2021-08-29 15:40:00,523571
V Bazilevskiy_129390,V Bazilevskiy,-2,0,43,50,-7,93,2021-08-29 15:48:00,523572
Oleksandr Maslovskyi_178919,Oleksandr Maslovskyi,-3,0,24,34,-10,58,2021-08-29 15:50:00,523573
Andrii Zeniuk_1739746909,Andrii Zeniuk,3,1,33,19,14,52,2021-08-29 15:50:00,523574
F Ambrosimov_129472,F Ambrosimov,-3,0,18,33,-15,51,2021-08-29 15:50:00,523575
Yurii Kolesnyk_178917,Yurii Kolesnyk,2,1,40,34,6,74,2021-08-29 15:55:00,523576
Valentyn Yunchyk_372540097,Valentyn Yunchyk,2,1,43,30,13,73,2021-08-29 16:00:00,523577
Andrii Martyniuk_178929,Andrii Martyniuk,-2,0,34,39,-5,73,2021-08-29 16:00:00,523578
Dmytro Rehotun_178939,Dmytro Rehotun,1,1,47,43,4,90,2021-08-29 16:05:00,523579
Serhii Kinash_140407710,Serhii Kinash,-2,0,29,38,-9,67,2021-08-29 16:05:00,523580
A Sadkov_129427,A Sadkov,3,1,33,22,11,55,2021-08-29 16:08:00,523581
Anastasia Degteva_179059,Anastasia Degteva,2,1,48,38,10,86,2021-08-29 16:10:00,523582
Anatolii Lievshin_552131136,Anatolii Lievshin,-3,0,20,33,-13,53,2021-08-29 16:10:00,523583
Oleksandr Bryzhevatyi_178959,Oleksandr Bryzhevatyi,-2,0,32,39,-7,71,2021-08-29 16:15:00,523584
Petr Vanecek_179089,Petr Vanecek,2,1,46,36,10,82,2021-08-29 16:15:00,523585
Vadym Shvydkyi_1751518315,Vadym Shvydkyi,-2,0,36,45,-9,81,2021-08-29 16:15:00,523586
Jo Kutifel_29135,Jo Kutifel,-2,0,38,44,-6,82,2021-08-29 16:18:00,523587
M Cheklin_129473,M Cheklin,1,1,51,44,7,95,2021-08-29 16:18:00,523588
S Homutov_129391,S Homutov,-2,0,36,43,-7,79,2021-08-29 16:18:00,523589
Maxim Naumchuk_1483492202,Maxim Naumchuk,1,1,50,44,6,94,2021-08-29 16:20:00,523590
Mykola Kulynych_178920,Mykola Kulynych,2,1,39,35,4,74,2021-08-29 16:20:00,523591
Serhij Maksymiv_15686123,Serhij Maksymiv,3,1,36,24,12,60,2021-08-29 16:25:00,523592
Andrii Novikov_178968,Andrii Novikov,3,1,36,29,7,65,2021-08-29 16:25:00,523593
Oleksandr Strutinskiy_178930,Oleksandr Strutinskiy,-1,0,46,53,-7,99,2021-08-29 16:30:00,523594
V Vologzhanin_129428,V Vologzhanin,1,1,48,47,1,95,2021-08-29 16:31:00,523595
Serhii Tsybulin_1754630002,Serhii Tsybulin,-2,0,36,45,-9,81,2021-08-29 16:35:00,523596
Maksym Tytskyi_178940,Maksym Tytskyi,-2,0,31,46,-15,77,2021-08-29 16:35:00,523597
Z Bilek_29136,Z Bilek,-2,0,33,37,-4,70,2021-08-29 16:40:00,523598
Serhii Kinash_767291939,Serhii Kinash,3,1,33,18,15,51,2021-08-29 16:40:00,523599
Halyna Burtseva_179052,Halyna Burtseva,2,1,41,40,1,81,2021-08-29 16:40:00,523600
Volodymyr Plishylo_2054906848,Volodymyr Plishylo,-2,0,35,42,-7,77,2021-08-29 16:45:00,523601
Vojtech Koutnik_179090,Vojtech Koutnik,1,1,55,51,4,106,2021-08-29 16:45:00,523602
A Innazarov_129474,A Innazarov,2,1,40,33,7,73,2021-08-29 16:48:00,523603
A Arutiunyan_129392,A Arutiunyan,1,1,48,44,4,92,2021-08-29 16:50:00,523604
Rostyslav Fylypiv_178921,Rostyslav Fylypiv,-2,0,31,41,-10,72,2021-08-29 16:50:00,523605
Dmytro Shukin_1143765155,Dmytro Shukin,2,1,38,36,2,74,2021-08-29 16:50:00,523606
Oleksandr Shapoval_178969,Oleksandr Shapoval,1,1,52,41,11,93,2021-08-29 16:55:00,523607
Valerii Baklykov_1280119145,Valerii Baklykov,2,1,42,34,8,76,2021-08-29 16:55:00,523608
Jan Zajicek_179025,Jan Zajicek,-2,0,34,43,-9,77,2021-08-29 17:00:00,523609
Andrii Zeniuk_603571317,Andrii Zeniuk,2,1,40,36,4,76,2021-08-29 17:00:00,523610
Oleksandr Mytsyk_178931,Oleksandr Mytsyk,-3,0,23,36,-13,59,2021-08-29 17:00:00,523611
I Meteleshko_129429,I Meteleshko,2,1,44,28,16,72,2021-08-29 17:03:00,523612
Serhii Bondarenko_178941,Serhii Bondarenko,-1,0,51,57,-6,108,2021-08-29 17:05:00,523613
T Batthyany_29091,T Batthyany,2,1,43,36,7,79,2021-08-29 17:09:00,523614
Aniuta Muliarchuk_179060,Aniuta Muliarchuk,-2,0,30,40,-10,70,2021-08-29 17:10:00,523615
Roman Cherevko_114365503,Roman Cherevko,3,1,33,24,9,57,2021-08-29 17:10:00,523616
Stefan Yakimenko_178961,Stefan Yakimenko,1,1,49,42,7,91,2021-08-29 17:15:00,523617
Andriy Zaitsev_62123671,Andriy Zaitsev,-3,0,20,35,-15,55,2021-08-29 17:15:00,523618
E Kupryakov_129475,E Kupryakov,3,1,33,17,16,50,2021-08-29 17:16:00,523619
S Skotnikov_129393,S Skotnikov,-3,0,14,33,-19,47,2021-08-29 17:17:00,523620
Oleksandr Maslovskyi_178922,Oleksandr Maslovskyi,1,1,45,43,2,88,2021-08-29 17:20:00,523621
Denys Vakulenko_304342441,Denys Vakulenko,-1,0,44,45,-1,89,2021-08-29 17:20:00,523622
Vitalii Kobets_178970,Vitalii Kobets,2,1,41,34,7,75,2021-08-29 17:25:00,523623
Vadym Shvydkyi_299050626,Vadym Shvydkyi,-2,0,34,39,-5,73,2021-08-29 17:25:00,523624
Andrii Martyniuk_178932,Andrii Martyniuk,-1,0,44,49,-5,93,2021-08-29 17:30:00,523625
jr. Havlik_29092,jr. Havlik,-2,0,33,40,-7,73,2021-08-29 17:30:00,523626
Maxim Naumchuk_1194990877,Maxim Naumchuk,2,1,41,31,10,72,2021-08-29 17:30:00,523627
V Vologzhanin_129430,V Vologzhanin,3,1,33,18,15,51,2021-08-29 17:30:00,523628
Jan Zaloudik_179026,Jan Zaloudik,-3,0,19,33,-14,52,2021-08-29 17:30:00,523629
Maksym Mykytiuk_515652321,Maksym Mykytiuk,2,1,42,24,18,66,2021-08-29 17:35:00,523630
Dmytro Rehotun_178942,Dmytro Rehotun,2,1,45,43,2,88,2021-08-29 17:35:00,523631
Anastasia Degteva_179054,Anastasia Degteva,1,1,57,49,8,106,2021-08-29 17:40:00,523632
Oleksii Krutko_111049423,Oleksii Krutko,-3,0,17,34,-17,51,2021-08-29 17:45:00,523633
A Arutiunyan_129394,A Arutiunyan,-3,0,28,37,-9,65,2021-08-29 17:45:00,523634
A Innazarov_129476,A Innazarov,1,1,52,49,3,101,2021-08-29 17:45:00,523635
Oleksandr Bryzhevatyi_178962,Oleksandr Bryzhevatyi,-2,0,31,40,-9,71,2021-08-29 17:45:00,523636
Maksym Kolos_1007353454,Maksym Kolos,-2,0,35,42,-7,77,2021-08-29 17:50:00,523637
Mykola Kulynych_178923,Mykola Kulynych,3,1,36,29,7,65,2021-08-29 17:50:00,523638
Ihor Vasylyshyn_178983,Ihor Vasylyshyn,2,1,42,31,11,73,2021-08-29 17:50:00,523639
Anatolii Lievshin_1441784114,Anatolii Lievshin,-1,0,47,50,-3,97,2021-08-29 17:55:00,523640
Oleksandr Shapoval_178971,Oleksandr Shapoval,3,1,38,30,8,68,2021-08-29 17:55:00,523641
Jan Zaloudik_179027,Jan Zaloudik,-3,0,22,34,-12,56,2021-08-29 18:00:00,523642
Oleksandr Strutinskiy_178933,Oleksandr Strutinskiy,-3,0,25,34,-9,59,2021-08-29 18:00:00,523643
M Huk_29093,M Huk,2,1,44,32,12,76,2021-08-29 18:00:00,523644
A Sadkov_129431,A Sadkov,2,1,42,26,16,68,2021-08-29 18:00:00,523645
Dmytro Shukin_533816963,Dmytro Shukin,2,1,36,33,3,69,2021-08-29 18:00:00,523646
Mykola Treshchetka_1185084451,Mykola Treshchetka,2,1,37,28,9,65,2021-08-29 18:05:00,523647
Maksym Tytskyi_178943,Maksym Tytskyi,3,1,34,26,8,60,2021-08-29 18:05:00,523648
Serhij Maksymiv_930273809,Serhij Maksymiv,1,1,45,37,8,82,2021-08-29 18:10:00,523649
Halyna Burtseva_179061,Halyna Burtseva,-3,0,24,33,-9,57,2021-08-29 18:10:00,523650
S Homutov_129395,S Homutov,3,1,33,20,13,53,2021-08-29 18:15:00,523651
M Cheklin_129477,M Cheklin,3,1,34,25,9,59,2021-08-29 18:16:00,523652
Oleksandr Brezytskyi_592006565,Oleksandr Brezytskyi,3,1,33,20,13,53,2021-08-29 18:20:00,523653
Oleksandr Maslovskyi_178924,Oleksandr Maslovskyi,3,1,34,22,12,56,2021-08-29 18:20:00,523654
Andrii Dekhtiarenko_178984,Andrii Dekhtiarenko,-1,0,50,46,4,96,2021-08-29 18:20:00,523655
Ivan Fashchevskyi_525967648,Ivan Fashchevskyi,2,1,42,42,0,84,2021-08-29 18:25:00,523656
Andrii Novikov_178972,Andrii Novikov,-3,0,17,33,-16,50,2021-08-29 18:25:00,523657
Volodymyr Plishylo_781397142,Volodymyr Plishylo,-3,0,25,34,-9,59,2021-08-29 18:30:00,523658
Ir Kim_129626,Ir Kim,-1,0,43,48,-5,91,2021-08-29 18:30:00,523659
Andrii Martyniuk_178934,Andrii Martyniuk,-1,0,40,50,-10,90,2021-08-29 18:30:00,523660
Jan Zajicek_179028,Jan Zajicek,1,1,53,49,4,102,2021-08-29 18:30:00,523661
Jr. Mecl_29094,Jr. Mecl,-1,0,44,50,-6,94,2021-08-29 18:30:00,523662
Dmytro Rehotun_178944,Dmytro Rehotun,-1,0,45,50,-5,95,2021-08-29 18:35:00,523663
Roman Sukhomlyn_28313240,Roman Sukhomlyn,-3,0,22,33,-11,55,2021-08-29 18:35:00,523664
Valerii Baklykov_1449136765,Valerii Baklykov,-3,0,15,33,-18,48,2021-08-29 18:40:00,523665
Anastasia Degteva_179062,Anastasia Degteva,1,1,47,43,4,90,2021-08-29 18:40:00,523666
Andrii Zeniuk_725818991,Andrii Zeniuk,-1,0,45,47,-2,92,2021-08-29 18:45:00,523667
Oleksandr Bryzhevatyi_178964,Oleksandr Bryzhevatyi,-2,0,29,41,-12,70,2021-08-29 18:45:00,523668
V Bazilevskiy_129630,V Bazilevskiy,3,1,36,30,6,66,2021-08-29 18:46:00,523669
F Ambrosimov_129628,F Ambrosimov,-3,0,17,33,-16,50,2021-08-29 18:47:00,523670
Rostyslav Fylypiv_178925,Rostyslav Fylypiv,-2,0,29,36,-7,65,2021-08-29 18:50:00,523671
Oleksandr Maselskyi_178985,Oleksandr Maselskyi,2,1,42,36,6,78,2021-08-29 18:50:00,523672
Oleksandr Yarovoi_1341951102,Oleksandr Yarovoi,3,1,35,27,8,62,2021-08-29 18:55:00,523673
Yevhenii Sokoltsov_178973,Yevhenii Sokoltsov,-3,0,30,37,-7,67,2021-08-29 18:55:00,523674
M Huk_29095,M Huk,-1,0,45,50,-5,95,2021-08-29 19:00:00,523675
Ivan Fashchevskyi_844430399,Ivan Fashchevskyi,-1,0,44,48,-4,92,2021-08-29 19:00:00,523676
Oleksandr Mytsyk_178935,Oleksandr Mytsyk,3,1,33,23,10,56,2021-08-29 19:00:00,523677
Tomas Vorisek_179029,Tomas Vorisek,-1,0,40,48,-8,88,2021-08-29 19:00:00,523678
V Vologzhanin_129627,V Vologzhanin,-2,0,33,43,-10,76,2021-08-29 19:03:00,523679
Denys Vakulenko_1184950167,Denys Vakulenko,3,1,33,24,9,57,2021-08-29 19:05:00,523680
Serhii Bondarenko_178945,Serhii Bondarenko,-2,0,29,41,-12,70,2021-08-29 19:05:00,523681
Vadym Shvydkyi_177777721,Vadym Shvydkyi,3,1,33,27,6,60,2021-08-29 19:10:00,523682
Aniuta Muliarchuk_179063,Aniuta Muliarchuk,-3,0,19,33,-14,52,2021-08-29 19:10:00,523683
S Skotnikov_129631,S Skotnikov,2,1,42,33,9,75,2021-08-29 19:15:00,523684
Stefan Yakimenko_178965,Stefan Yakimenko,-3,0,24,35,-11,59,2021-08-29 19:15:00,523685
Maxim Naumchuk_1918945382,Maxim Naumchuk,-1,0,37,47,-10,84,2021-08-29 19:15:00,523686
A Innazarov_129629,A Innazarov,-1,0,42,49,-7,91,2021-08-29 19:17:00,523687
Maksym Mykytiuk_2088885056,Maksym Mykytiuk,-2,0,30,40,-10,70,2021-08-29 19:20:00,523688
Mykola Kulynych_178926,Mykola Kulynych,-3,0,24,33,-9,57,2021-08-29 19:20:00,523689
Andrii Dekhtiarenko_178986,Andrii Dekhtiarenko,-1,0,48,47,1,95,2021-08-29 19:20:00,523690
Vitalii Kobets_178974,Vitalii Kobets,-2,0,38,42,-4,80,2021-08-29 19:25:00,523691
Oleksandr Brezytskyi_1964084631,Oleksandr Brezytskyi,2,1,40,28,12,68,2021-08-29 19:30:00,523692
jr. Havlik_29096,jr. Havlik,-2,0,36,44,-8,80,2021-08-29 19:30:00,523693
Jan Zajicek_179030,Jan Zajicek,-2,0,33,40,-7,73,2021-08-29 19:30:00,523694
Oleksandr Strutinskiy_178936,Oleksandr Strutinskiy,-3,0,25,35,-10,60,2021-08-29 19:30:00,523695
V Mishakin_129432,V Mishakin,2,1,44,39,5,83,2021-08-29 19:31:00,523696
Maksym Tytskyi_178946,Maksym Tytskyi,2,1,40,34,6,74,2021-08-29 19:35:00,523697
Mykola Zakladnyi_1715946752,Mykola Zakladnyi,3,1,33,22,11,55,2021-08-29 19:35:00,523698
Halyna Burtseva_178956,Halyna Burtseva,-1,0,50,54,-4,104,2021-08-29 19:40:00,523699
Anatolii Lievshin_1221674197,Anatolii Lievshin,-1,0,50,50,0,100,2021-08-29 19:40:00,523700
V Beliakov_129478,V Beliakov,-1,0,41,49,-8,90,2021-08-29 19:45:00,523701
Dmytro Shukin_347325897,Dmytro Shukin,2,1,47,39,8,86,2021-08-29 19:45:00,523702
A Klavdenkov_129396,A Klavdenkov,-3,0,23,33,-10,56,2021-08-29 19:47:00,523703
Ihor Dubyna_178927,Ihor Dubyna,-3,0,15,33,-18,48,2021-08-29 19:50:00,523704
Ihor Vasylyshyn_178987,Ihor Vasylyshyn,-3,0,12,33,-21,45,2021-08-29 19:50:00,523705
Mykola Treshchetka_1054728941,Mykola Treshchetka,1,1,53,42,11,95,2021-08-29 19:50:00,523706
Oleksandr Shapoval_178975,Oleksandr Shapoval,-1,0,46,46,0,92,2021-08-29 19:55:00,523707
Serhij Maksymiv_576424846,Serhij Maksymiv,2,1,40,28,12,68,2021-08-29 19:55:00,523708
A Alekseyev_129433,A Alekseyev,-1,0,39,49,-10,88,2021-08-29 20:00:00,523709
Viktor Bereza_178937,Viktor Bereza,-2,0,32,42,-10,74,2021-08-29 20:00:00,523710
jr. Havlik_29137,jr. Havlik,2,1,41,35,6,76,2021-08-29 20:02:00,523711
Oleksandr Yarovoi_894421889,Oleksandr Yarovoi,2,1,42,28,14,70,2021-08-29 20:05:00,523712
Oleksandr Gomilko_178947,Oleksandr Gomilko,-3,0,25,36,-11,61,2021-08-29 20:05:00,523713
Anastasiia Zabolotna_179064,Anastasiia Zabolotna,1,1,46,45,1,91,2021-08-29 20:10:00,523714
Ivan Fashchevskyi_447328069,Ivan Fashchevskyi,-2,0,28,41,-13,69,2021-08-29 20:10:00,523715
Serhii Semenets_178967,Serhii Semenets,1,1,48,41,7,89,2021-08-29 20:15:00,523716
Nazarii Kovalchuk_19576035,Nazarii Kovalchuk,2,1,40,36,4,76,2021-08-29 20:15:00,523717
D Kolesnikov_129397,D Kolesnikov,1,1,52,51,1,103,2021-08-29 20:17:00,523718
K Malahov_129479,K Malahov,-1,0,42,47,-5,89,2021-08-29 20:17:00,523719
Vadym Shvydkyi_290026595,Vadym Shvydkyi,-2,0,35,41,-6,76,2021-08-29 20:20:00,523720
Oleksandr Maslovskyi_179343,Oleksandr Maslovskyi,3,1,33,16,17,49,2021-08-29 20:20:00,523721
Serhii Dovzhenko_178988,Serhii Dovzhenko,1,1,51,41,10,92,2021-08-29 20:20:00,523722
Andrii Novikov_178976,Andrii Novikov,1,1,46,36,10,82,2021-08-29 20:25:00,523723
Valerii Baklykov_190226648,Valerii Baklykov,2,1,37,34,3,71,2021-08-29 20:25:00,523724
T Batthyany_29138,T Batthyany,-3,0,25,33,-8,58,2021-08-29 20:30:00,523725
D Tikhnenko_129434,D Tikhnenko,3,1,33,14,19,47,2021-08-29 20:30:00,523726
Petro Tsolik_1667522904,Petro Tsolik,1,1,44,47,-3,91,2021-08-29 20:30:00,523727
Michal Vavra_179345,Michal Vavra,3,1,34,21,13,55,2021-08-29 20:35:00,523728
Dmytro Rehotun_179347,Dmytro Rehotun,-2,0,29,42,-13,71,2021-08-29 20:35:00,523729
Oleksandr Brezytskyi_498865151,Oleksandr Brezytskyi,-2,0,34,39,-5,73,2021-08-29 20:40:00,523730
Oleg Kolivay_179349,Oleg Kolivay,-2,0,36,40,-4,76,2021-08-29 20:40:00,523731
Mykola Zakladnyi_239394968,Mykola Zakladnyi,2,1,38,28,10,66,2021-08-29 20:45:00,523732
S Vardanyan_129398,S Vardanyan,-2,0,31,43,-12,74,2021-08-29 20:47:00,523733
Oleksandr Maselskyi_178989,Oleksandr Maselskyi,3,1,33,25,8,58,2021-08-29 20:50:00,523734
Volodymyr Plishylo_534124329,Volodymyr Plishylo,3,1,33,24,9,57,2021-08-29 20:50:00,523735
Vasyl Lutskyi_179344,Vasyl Lutskyi,1,1,44,46,-2,90,2021-08-29 20:50:00,523736
Stefan Yakimenko_179351,Stefan Yakimenko,2,1,40,32,8,72,2021-08-29 20:50:00,523737
Yevhenii Sokoltsov_178977,Yevhenii Sokoltsov,2,1,41,23,18,64,2021-08-29 20:55:00,523738
Dmytro Shukin_1382898307,Dmytro Shukin,1,1,47,38,9,85,2021-08-29 20:55:00,523739
D Balakin_129480,D Balakin,-3,0,24,34,-10,58,2021-08-29 20:57:00,523740
Igor Bectas_179031,Igor Bectas,1,1,51,38,13,89,2021-08-29 21:00:00,523741
Vadim Gerashenko_1340537136,Vadim Gerashenko,-3,0,20,34,-14,54,2021-08-29 21:00:00,523742
I Mihaylov_129435,I Mihaylov,-2,0,28,41,-13,69,2021-08-29 21:00:00,523743
J Veselka_29097,J Veselka,1,1,45,42,3,87,2021-08-29 21:01:00,523744
Jan Zaloudik_179346,Jan Zaloudik,-1,0,51,47,4,98,2021-08-29 21:05:00,523745
Oleksandr Kovalchuk_179348,Oleksandr Kovalchuk,1,1,50,40,10,90,2021-08-29 21:05:00,523746
Maryna Slashchova_179353,Maryna Slashchova,-1,0,47,51,-4,98,2021-08-29 21:05:00,523747
Andrii Zeniuk_2071872496,Andrii Zeniuk,-3,0,19,33,-14,52,2021-08-29 21:05:00,523748
Viktor Bereza_179350,Viktor Bereza,-3,0,26,34,-8,60,2021-08-29 21:10:00,523749
Oleksandr Yarovoi_1468807294,Oleksandr Yarovoi,-2,0,33,41,-8,74,2021-08-29 21:15:00,523750
I Moshkov_129399,I Moshkov,-2,0,36,40,-4,76,2021-08-29 21:16:00,523751
S Burov_129481,S Burov,1,1,46,41,5,87,2021-08-29 21:19:00,523752
Andrii Semeniuk_179352,Andrii Semeniuk,-1,0,46,45,1,91,2021-08-29 21:20:00,523753
Andrii Dekhtiarenko_178990,Andrii Dekhtiarenko,2,1,39,38,1,77,2021-08-29 21:20:00,523754
Oleksandr Brezytskyi_1123233604,Oleksandr Brezytskyi,-1,0,39,52,-13,91,2021-08-29 21:20:00,523755
Vitalii Kobets_178978,Vitalii Kobets,-2,0,35,43,-8,78,2021-08-29 21:25:00,523756
Volodymyr Plishylo_513176316,Volodymyr Plishylo,-1,0,40,51,-11,91,2021-08-29 21:25:00,523757
D Tikhnenko_129436,D Tikhnenko,3,1,33,17,16,50,2021-08-29 21:30:00,523758
Martin Kocvara_179032,Martin Kocvara,3,1,40,32,8,72,2021-08-29 21:30:00,523759
Vadym Shvydkyi_1202550362,Vadym Shvydkyi,3,1,33,21,12,54,2021-08-29 21:30:00,523760
M-n Regner_29098,M-n Regner,3,1,33,22,11,55,2021-08-29 21:31:00,523761
Anastasiia Zabolotna_179354,Anastasiia Zabolotna,-1,0,43,49,-6,92,2021-08-29 21:35:00,523762
Maxim Naumchuk_567629229,Maxim Naumchuk,2,1,41,34,7,75,2021-08-29 21:35:00,523763
Petro Tsolik_1736100787,Petro Tsolik,2,1,44,28,16,72,2021-08-29 21:40:00,523764
S Vardanyan_129400,S Vardanyan,1,1,47,45,2,92,2021-08-29 21:46:00,523765
D Balakin_129482,D Balakin,-3,0,20,34,-14,54,2021-08-29 21:47:00,523766
Ihor Vasylyshyn_178991,Ihor Vasylyshyn,2,1,38,29,9,67,2021-08-29 21:50:00,523767
Prokhor Puhach_992664217,Prokhor Puhach,3,1,36,22,14,58,2021-08-29 21:50:00,523768
Andrii Novikov_178979,Andrii Novikov,3,1,36,26,10,62,2021-08-29 21:55:00,523769
Oleksandr Brezytskyi_2035812920,Oleksandr Brezytskyi,-1,0,49,46,3,95,2021-08-29 21:55:00,523770
Martin Kocvara_179033,Martin Kocvara,-1,0,37,52,-15,89,2021-08-29 22:00:00,523771
Denys Vakulenko_1208741961,Denys Vakulenko,-1,0,53,57,-4,110,2021-08-29 22:00:00,523772
T Andrle_29099,T Andrle,-3,0,25,34,-9,59,2021-08-29 22:00:00,523773
A Alekseyev_129437,A Alekseyev,2,1,41,35,6,76,2021-08-29 22:02:00,523774
Roman Sukhomlyn_1865421020,Roman Sukhomlyn,-2,0,32,41,-9,73,2021-08-29 22:05:00,523775
Valerii Baklykov_218592273,Valerii Baklykov,-2,0,30,41,-11,71,2021-08-29 22:10:00,523776
K Malahov_129483,K Malahov,2,1,44,34,10,78,2021-08-29 22:15:00,523777
Maksym Mykytiuk_1420322159,Maksym Mykytiuk,2,1,39,37,2,76,2021-08-29 22:15:00,523778
D Kolesnikov_129401,D Kolesnikov,1,1,43,40,3,83,2021-08-29 22:17:00,523779
Serhii Dovzhenko_178992,Serhii Dovzhenko,1,1,49,43,6,92,2021-08-29 22:20:00,523780
Ivan Fashchevskyi_876531060,Ivan Fashchevskyi,3,1,33,25,8,58,2021-08-29 22:25:00,523781
Vitalii Husiev_178980,Vitalii Husiev,-2,0,29,41,-12,70,2021-08-29 22:25:00,523782
Igor Bectas_179034,Igor Bectas,2,1,39,36,3,75,2021-08-29 22:30:00,523783
M Cmunt_29100,M Cmunt,-2,0,30,40,-10,70,2021-08-29 22:30:00,523784
I Mihaylov_129632,I Mihaylov,2,1,41,31,10,72,2021-08-29 22:32:00,523785
Maxim Naumchuk_1370897013,Maxim Naumchuk,-2,0,36,41,-5,77,2021-08-29 22:45:00,523786
Oleksandr Maselskyi_178993,Oleksandr Maselskyi,2,1,42,32,10,74,2021-08-29 22:50:00,523787
A Klavdenkov_129634,A Klavdenkov,2,1,48,39,9,87,2021-08-29 22:50:00,523788
D Balakin_129636,D Balakin,-2,0,29,39,-10,68,2021-08-29 22:53:00,523789
Andrii Novikov_178981,Andrii Novikov,1,1,45,43,2,88,2021-08-29 22:55:00,523790
T Andrle_29101,T Andrle,-3,0,22,33,-11,55,2021-08-29 23:00:00,523791
Jan Sr Krames_179035,Jan Sr Krames,-1,0,47,49,-2,96,2021-08-29 23:00:00,523792
A Alekseyev_129633,A Alekseyev,-1,0,39,48,-9,87,2021-08-29 23:00:00,523793
Viktor Bedriichuk_1416271648,Viktor Bedriichuk,-2,0,36,45,-9,81,2021-08-29 23:00:00,523794
I Moshkov_129635,I Moshkov,2,1,37,33,4,70,2021-08-29 23:17:00,523795
Ihor Vasylyshyn_178994,Ihor Vasylyshyn,-2,0,31,41,-10,72,2021-08-29 23:20:00,523796
K Malahov_129637,K Malahov,-2,0,36,39,-3,75,2021-08-29 23:21:00,523797
Oleksandr Shapoval_178982,Oleksandr Shapoval,2,1,36,32,4,68,2021-08-29 23:25:00,523798
Igor Bectas_179036,Igor Bectas,3,1,35,24,11,59,2021-08-29 23:30:00,523799
Serhii Rutskyi_465864262,Serhii Rutskyi,1,1,45,42,3,87,2021-08-29 23:30:00,523800
M-n Regner_29102,M-n Regner,3,1,36,29,7,65,2021-08-29 23:30:00,523801
E Kharchenko_129438,E Kharchenko,-2,0,41,50,-9,91,2021-08-29 23:33:00,523802
Aleksandr Tulenin_1765485668,Aleksandr Tulenin,-2,0,37,40,-3,77,2021-08-29 23:45:00,523803
V Safonov_129484,V Safonov,-3,0,20,33,-13,53,2021-08-29 23:45:00,523804
Yu Lbov_129402,Yu Lbov,-3,0,25,36,-11,61,2021-08-29 23:46:00,523805
Vadym Kucheriavyi_178995,Vadym Kucheriavyi,-1,0,41,50,-9,91,2021-08-29 23:50:00,523806
T Andrle_29139,T Andrle,-1,0,38,51,-13,89,2021-08-30 00:00:00,523807
Viktor Bedriichuk_1542660626,Viktor Bedriichuk,-1,0,49,49,0,98,2021-08-30 00:00:00,523808
D Sayanov_129439,D Sayanov,2,1,43,34,9,77,2021-08-30 00:03:00,523809
Viktor Trachuk_1995245821,Viktor Trachuk,-1,0,45,51,-6,96,2021-08-30 00:15:00,523810
V Sidorin_129403,V Sidorin,-3,0,29,35,-6,64,2021-08-30 00:16:00,523811
A Fedosov_129485,A Fedosov,-2,0,27,39,-12,66,2021-08-30 00:16:00,523812
Ihor Vasylyshyn_178996,Ihor Vasylyshyn,2,1,41,33,8,74,2021-08-30 00:20:00,523813
Oleh Skoryk_178998,Oleh Skoryk,3,1,38,30,8,68,2021-08-30 00:25:00,523814
Jan Sr Krames_179355,Jan Sr Krames,-2,0,35,42,-7,77,2021-08-30 00:30:00,523815
Vitalii Zharskiy_2052230810,Vitalii Zharskiy,-1,0,45,49,-4,94,2021-08-30 00:30:00,523816
J Veselka_29140,J Veselka,2,1,40,31,9,71,2021-08-30 00:30:00,523817
S Ogai_129440,S Ogai,3,1,36,29,7,65,2021-08-30 00:31:00,523818
Aleksandr Tulenin_804482789,Aleksandr Tulenin,3,1,33,16,17,49,2021-08-30 00:45:00,523819
A Serebrennikov_129486,A Serebrennikov,1,1,46,44,2,90,2021-08-30 00:46:00,523820
S Myagkov_129404,S Myagkov,-3,0,20,33,-13,53,2021-08-30 00:47:00,523821
Andrii Dekhtiarenko_178997,Andrii Dekhtiarenko,-3,0,26,35,-9,61,2021-08-30 00:50:00,523822
Kostiantyn Kovalchuk_178999,Kostiantyn Kovalchuk,-1,0,32,46,-14,78,2021-08-30 00:55:00,523823
D Ignatev_129441,D Ignatev,-2,0,32,43,-11,75,2021-08-30 01:00:00,523824
Serhii Rutskyi_587996501,Serhii Rutskyi,-2,0,26,40,-14,66,2021-08-30 01:00:00,523825
Robert Jamrich_179356,Robert Jamrich,1,1,44,48,-4,92,2021-08-30 01:00:00,523826
V Chahur_129405,V Chahur,-3,0,22,34,-12,56,2021-08-30 01:15:00,523827
Vladimir Malashevsky_1595958350,Vladimir Malashevsky,-1,0,40,50,-10,90,2021-08-30 01:15:00,523828
A Petrov_129487,A Petrov,-2,0,25,41,-16,66,2021-08-30 01:15:00,523829
Serhii Kuprykov_179000,Serhii Kuprykov,1,1,44,47,-3,91,2021-08-30 01:25:00,523830
Viktor Bedriichuk_1875832190,Viktor Bedriichuk,2,1,38,32,6,70,2021-08-30 01:30:00,523831
D Sayanov_129442,D Sayanov,3,1,33,13,20,46,2021-08-30 01:32:00,523832
V Sidorin_129406,V Sidorin,-2,0,28,42,-14,70,2021-08-30 01:45:00,523833
Viktor Trachuk_1424610370,Viktor Trachuk,-3,0,23,34,-11,57,2021-08-30 01:45:00,523834
A Fedosov_129488,A Fedosov,-3,0,18,34,-16,52,2021-08-30 01:46:00,523835
Kostiantyn Kovalchuk_179001,Kostiantyn Kovalchuk,-1,0,49,53,-4,102,2021-08-30 01:55:00,523836
D Ignatev_129443,D Ignatev,3,1,33,22,11,55,2021-08-30 02:00:00,523837
Vitalii Zharskiy_925082314,Vitalii Zharskiy,-2,0,33,41,-8,74,2021-08-30 02:00:00,523838
V Chahur_129407,V Chahur,2,1,42,28,14,70,2021-08-30 02:15:00,523839
A Petrov_129489,A Petrov,-3,0,23,34,-11,57,2021-08-30 02:15:00,523840
Aleksandr Tulenin_937634679,Aleksandr Tulenin,-1,0,41,51,-10,92,2021-08-30 02:15:00,523841
Oleh Skoryk_179002,Oleh Skoryk,1,1,45,48,-3,93,2021-08-30 02:25:00,523842
Serhii Rutskyi_780303108,Serhii Rutskyi,-3,0,25,33,-8,58,2021-08-30 02:30:00,523843
N Zhurba_129444,N Zhurba,2,1,37,34,3,71,2021-08-30 02:30:00,523844
Yu Merkushin_129490,Yu Merkushin,2,1,44,26,18,70,2021-08-30 02:45:00,523845
O Kutuzov_129408,O Kutuzov,1,1,45,44,1,89,2021-08-30 02:45:00,523846
Vladimir Malashevsky_1583075470,Vladimir Malashevsky,-3,0,22,34,-12,56,2021-08-30 02:45:00,523847
Oleksandr Melashenko_179003,Oleksandr Melashenko,-2,0,24,42,-18,66,2021-08-30 02:55:00,523848
Maksym Mykhailovych_720680246,Maksym Mykhailovych,-2,0,31,41,-10,72,2021-08-30 03:00:00,523849
S Ogai_129445,S Ogai,-3,0,22,33,-11,55,2021-08-30 03:02:00,523850
Viktor Trachuk_872824517,Viktor Trachuk,1,1,49,49,0,98,2021-08-30 03:15:00,523851
S Myagkov_129409,S Myagkov,1,1,44,43,1,87,2021-08-30 03:15:00,523852
A Serebrennikov_129491,A Serebrennikov,-2,0,30,39,-9,69,2021-08-30 03:15:00,523853
Serhii Kuprykov_179004,Serhii Kuprykov,3,1,33,19,14,52,2021-08-30 03:25:00,523854
Viktor Bedriichuk_729635636,Viktor Bedriichuk,2,1,44,30,14,74,2021-08-30 03:30:00,523855
E Kharchenko_129446,E Kharchenko,-3,0,20,33,-13,53,2021-08-30 03:30:00,523856
V Safonov_129492,V Safonov,1,1,51,30,21,81,2021-08-30 03:45:00,523857
Iurii Prokhoruk_746549484,Iurii Prokhoruk,-3,0,25,33,-8,58,2021-08-30 03:45:00,523858
Yu Lbov_129410,Yu Lbov,1,1,46,37,9,83,2021-08-30 03:46:00,523859
Kostiantyn Kovalchuk_179005,Kostiantyn Kovalchuk,2,1,43,40,3,83,2021-08-30 03:55:00,523860
Serhii Rutskyi_6031358,Serhii Rutskyi,1,1,44,44,0,88,2021-08-30 04:00:00,523861
N Zhurba_129447,N Zhurba,-2,0,39,47,-8,86,2021-08-30 04:00:00,523862
Aleksandr Tulenin_426443626,Aleksandr Tulenin,-1,0,44,45,-1,89,2021-08-30 04:15:00,523863
O Kutuzov_129411,O Kutuzov,2,1,37,32,5,69,2021-08-30 04:15:00,523864
Yu Merkushin_129493,Yu Merkushin,-1,0,48,50,-2,98,2021-08-30 04:17:00,523865
Oleh Skoryk_179006,Oleh Skoryk,-1,0,47,48,-1,95,2021-08-30 04:25:00,523866
Maksym Mykhailovych_258446142,Maksym Mykhailovych,-2,0,38,45,-7,83,2021-08-30 04:30:00,523867
S Ogai_129638,S Ogai,-3,0,20,33,-13,53,2021-08-30 04:30:00,523868
Viktor Trachuk_1488601320,Viktor Trachuk,2,1,40,30,10,70,2021-08-30 04:45:00,523869
S Myagkov_129640,S Myagkov,-3,0,27,37,-10,64,2021-08-30 04:47:00,523870
A Petrov_129642,A Petrov,-2,0,35,39,-4,74,2021-08-30 04:54:00,523871
Oleksandr Melashenko_179007,Oleksandr Melashenko,-2,0,32,44,-12,76,2021-08-30 04:55:00,523872
N Zhurba_129639,N Zhurba,3,1,33,19,14,52,2021-08-30 04:59:00,523873
V Chahur_129641,V Chahur,1,1,50,51,-1,101,2021-08-30 05:15:00,523874
Iurii Prokhoruk_746480811,Iurii Prokhoruk,-1,0,42,47,-5,89,2021-08-30 05:15:00,523875
A Serebrennikov_129643,A Serebrennikov,-2,0,42,45,-3,87,2021-08-30 05:20:00,523876
Serhii Kuprykov_179008,Serhii Kuprykov,-3,0,16,33,-17,49,2021-08-30 05:25:00,523877
Oleh Skoryk_179009,Oleh Skoryk,3,1,33,20,13,53,2021-08-30 05:55:00,523878
Roman Yushko_179010,Roman Yushko,-1,0,43,50,-7,93,2021-08-30 06:25:00,523879
Oleh Skoryk_179011,Oleh Skoryk,-2,0,23,38,-15,61,2021-08-30 06:55:00,523880
Kostiantyn Kovalchuk_179012,Kostiantyn Kovalchuk,1,1,55,49,6,104,2021-08-30 07:25:00,523881
A Vorozheykin_129552,A Vorozheykin,-1,0,42,46,-4,88,2021-08-30 07:34:00,523882
V Bazilevskiy_129586,V Bazilevskiy,-1,0,47,52,-5,99,2021-08-30 07:48:00,523883
Rostyslav Fylypiv_179091,Rostyslav Fylypiv,1,1,42,45,-3,87,2021-08-30 07:50:00,523884
Igor Sukovatyi_620037963,Igor Sukovatyi,-1,0,43,47,-4,90,2021-08-30 07:50:00,523885
V Rudenko_129518,V Rudenko,-2,0,30,45,-15,75,2021-08-30 07:51:00,523886
Valeriy Medvedenko_1220927414,Valeriy Medvedenko,1,1,45,39,6,84,2021-08-30 07:55:00,523887
Oleksandr Strutinskiy_179101,Oleksandr Strutinskiy,2,1,39,33,6,72,2021-08-30 08:00:00,523888
A Kolmin_129553,A Kolmin,2,1,40,36,4,76,2021-08-30 08:02:00,523889
Valeriy Vlasenko_179111,Valeriy Vlasenko,1,1,49,47,2,96,2021-08-30 08:05:00,523890
Anastasia Degteva_179126,Anastasia Degteva,1,1,47,40,7,87,2021-08-30 08:10:00,523891
V Sinkovskiy_129519,V Sinkovskiy,3,1,35,26,9,61,2021-08-30 08:15:00,523892
Serhii Burdelnyi_179136,Serhii Burdelnyi,-3,0,15,33,-18,48,2021-08-30 08:15:00,523893
Ihor Dubyna_179092,Ihor Dubyna,-3,0,26,37,-11,63,2021-08-30 08:20:00,523894
Ruslan Ivanov_669612172,Ruslan Ivanov,-3,0,22,33,-11,55,2021-08-30 08:25:00,523895
Oleg Kolivay_179102,Oleg Kolivay,-1,0,44,48,-4,92,2021-08-30 08:30:00,523896
Stanislav Harenko_2118546100,Stanislav Harenko,-3,0,16,33,-17,49,2021-08-30 08:30:00,523897
G Karpovkin_129554,G Karpovkin,-2,0,35,42,-7,77,2021-08-30 08:32:00,523898
Yevhenii Holoborodko_992267788,Yevhenii Holoborodko,-3,0,17,33,-16,50,2021-08-30 08:35:00,523899
Ruslan Solomko_179112,Ruslan Solomko,-2,0,33,42,-9,75,2021-08-30 08:35:00,523900
Oleg Mikluha_1291234445,Oleg Mikluha,-2,0,29,40,-11,69,2021-08-30 08:40:00,523901
Anastasiia Zabolotna_179127,Anastasiia Zabolotna,1,1,48,45,3,93,2021-08-30 08:40:00,523902
S Homutov_129587,S Homutov,-1,0,46,44,2,90,2021-08-30 08:42:00,523903
Oleksandr Kostiuk_395963137,Oleksandr Kostiuk,-3,0,23,33,-10,56,2021-08-30 08:45:00,523904
Oleksandr Osadchyi_179137,Oleksandr Osadchyi,3,1,36,26,10,62,2021-08-30 08:45:00,523905
I Meteleshko_129520,I Meteleshko,-1,0,36,48,-12,84,2021-08-30 08:45:00,523906
Nazarii Danyliuk_740744994,Nazarii Danyliuk,-2,0,31,41,-10,72,2021-08-30 08:50:00,523907
Andrii Dekhtiarenko_179146,Andrii Dekhtiarenko,-2,0,31,41,-10,72,2021-08-30 08:50:00,523908
Rostyslav Fylypiv_179093,Rostyslav Fylypiv,-2,0,33,42,-9,75,2021-08-30 08:50:00,523909
Mykola Lytvynenko_2098254114,Mykola Lytvynenko,2,1,39,31,8,70,2021-08-30 08:55:00,523910
Mykhailo Diachenko_179156,Mykhailo Diachenko,2,1,41,35,6,76,2021-08-30 08:55:00,523911
Serhii Zemiantsev_81400007,Serhii Zemiantsev,1,1,58,47,11,105,2021-08-30 08:55:00,523912
Anatolii Yakovenko_1875704215,Anatolii Yakovenko,-1,0,49,52,-3,101,2021-08-30 09:00:00,523913
Oleksandr Strutinskiy_179103,Oleksandr Strutinskiy,3,1,36,22,14,58,2021-08-30 09:00:00,523914
Josef Ruzicka_179300,Josef Ruzicka,-2,0,35,42,-7,77,2021-08-30 09:00:00,523915
Mykola Shyshkin_179166,Mykola Shyshkin,3,1,33,23,10,56,2021-08-30 09:00:00,523916
Ja Sich_29111,Ja Sich,3,1,33,15,18,48,2021-08-30 09:02:00,523917
I Sergeevich_129555,I Sergeevich,2,1,35,35,0,70,2021-08-30 09:02:00,523918
Dmytro Rehotun_179113,Dmytro Rehotun,1,1,48,35,13,83,2021-08-30 09:05:00,523919
Valeriy Medvedenko_460264020,Valeriy Medvedenko,1,1,50,47,3,97,2021-08-30 09:05:00,523920
Anastasia Degteva_179128,Anastasia Degteva,2,1,42,24,18,66,2021-08-30 09:10:00,523921
Anton Myrza_460629558,Anton Myrza,-2,0,31,42,-11,73,2021-08-30 09:10:00,523922
Oleh Furman_137523461,Oleh Furman,-2,0,27,40,-13,67,2021-08-30 09:15:00,523923
Serhii Burdelnyi_179138,Serhii Burdelnyi,-3,0,25,36,-11,61,2021-08-30 09:15:00,523924
O Kharlakin_129521,O Kharlakin,-1,0,46,55,-9,101,2021-08-30 09:16:00,523925
Andrii Tsikhotskyi_141871618,Andrii Tsikhotskyi,2,1,43,34,9,77,2021-08-30 09:20:00,523926
Oleksandr Maselskyi_179147,Oleksandr Maselskyi,-2,0,31,44,-13,75,2021-08-30 09:20:00,523927
Mykola Kulynych_179094,Mykola Kulynych,3,1,33,18,15,51,2021-08-30 09:20:00,523928
V Tsvetkov_129588,V Tsvetkov,-2,0,35,42,-7,77,2021-08-30 09:23:00,523929
Serhii Pitsyk_179157,Serhii Pitsyk,3,1,34,22,12,56,2021-08-30 09:25:00,523930
Anton Molochko_155122881,Anton Molochko,-1,0,38,41,-3,79,2021-08-30 09:25:00,523931
Jakub Jenicek_179301,Jakub Jenicek,1,1,53,47,6,100,2021-08-30 09:30:00,523932
Oleksandr Mytsyk_179104,Oleksandr Mytsyk,-3,0,19,33,-14,52,2021-08-30 09:30:00,523933
Mykyta Ruban_1480916023,Mykyta Ruban,-2,0,29,40,-11,69,2021-08-30 09:30:00,523934
Dmytro Dubrovin_1302944273,Dmytro Dubrovin,-3,0,20,33,-13,53,2021-08-30 09:30:00,523935
Ja Prokupek_29112,Ja Prokupek,2,1,41,26,15,67,2021-08-30 09:30:00,523936
Vasyl Moshovskyi_179167,Vasyl Moshovskyi,-1,0,43,48,-5,91,2021-08-30 09:30:00,523937
Ruslan Solomko_179114,Ruslan Solomko,2,1,44,39,5,83,2021-08-30 09:35:00,523938
G Karpovkin_129556,G Karpovkin,-1,0,41,50,-9,91,2021-08-30 09:35:00,523939
Ruslan Ivanov_1367743160,Ruslan Ivanov,1,1,43,49,-6,92,2021-08-30 09:35:00,523940
Oleh Obidnyi_617715258,Oleh Obidnyi,-3,0,15,33,-18,48,2021-08-30 09:40:00,523941
Liliia Nerush_179129,Liliia Nerush,1,1,54,45,9,99,2021-08-30 09:40:00,523942
Dmytro Khairov_179139,Dmytro Khairov,-1,0,47,45,2,92,2021-08-30 09:45:00,523943
Yevhenii Holoborodko_849487022,Yevhenii Holoborodko,3,1,33,22,11,55,2021-08-30 09:45:00,523944
S Simonov_129589,S Simonov,3,1,33,16,17,49,2021-08-30 09:49:00,523945
Andrii Dekhtiarenko_179148,Andrii Dekhtiarenko,-1,0,44,41,3,85,2021-08-30 09:50:00,523946
I Meteleshko_129522,I Meteleshko,2,1,44,39,5,83,2021-08-30 09:50:00,523947
Oleg Mikluha_129229801,Oleg Mikluha,1,1,51,40,11,91,2021-08-30 09:50:00,523948
Ihor Dubyna_179095,Ihor Dubyna,-2,0,27,39,-12,66,2021-08-30 09:50:00,523949
Oleksandr Kostiuk_1694216166,Oleksandr Kostiuk,3,1,34,26,8,60,2021-08-30 09:55:00,523950
Mykhailo Diachenko_179158,Mykhailo Diachenko,-3,0,27,34,-7,61,2021-08-30 09:55:00,523951
Nazarii Danyliuk_1306813632,Nazarii Danyliuk,2,1,40,31,9,71,2021-08-30 10:00:00,523952
Oleg Kolivay_179105,Oleg Kolivay,-2,0,33,37,-4,70,2021-08-30 10:00:00,523953
P Pycha_29113,P Pycha,-3,0,17,33,-16,50,2021-08-30 10:00:00,523954
Jakub Jenicek_179302,Jakub Jenicek,2,1,42,27,15,69,2021-08-30 10:00:00,523955
Mykhailo Potapov_179168,Mykhailo Potapov,-2,0,35,41,-6,76,2021-08-30 10:00:00,523956
A Kolmin_129557,A Kolmin,-3,0,24,34,-10,58,2021-08-30 10:02:00,523957
Valeriy Vlasenko_179115,Valeriy Vlasenko,-3,0,16,33,-17,49,2021-08-30 10:05:00,523958
Serhii Zemiantsev_2760921,Serhii Zemiantsev,-3,0,21,34,-13,55,2021-08-30 10:05:00,523959
Mykola Lytvynenko_462520414,Mykola Lytvynenko,-2,0,33,43,-10,76,2021-08-30 10:05:00,523960
Igor Sukovatyi_1518819920,Igor Sukovatyi,3,1,33,20,13,53,2021-08-30 10:10:00,523961
Anastasiia Zabolotna_179130,Anastasiia Zabolotna,1,1,49,46,3,95,2021-08-30 10:10:00,523962
Stanislav Harenko_1062873996,Stanislav Harenko,3,1,33,26,7,59,2021-08-30 10:15:00,523963
Oleksandr Osadchyi_179140,Oleksandr Osadchyi,-1,0,47,48,-1,95,2021-08-30 10:15:00,523964
V Sinkovskiy_129523,V Sinkovskiy,-1,0,46,51,-5,97,2021-08-30 10:17:00,523965
Rostyslav Fylypiv_179096,Rostyslav Fylypiv,-3,0,18,33,-15,51,2021-08-30 10:20:00,523966
Kostiantyn Seliuk_179149,Kostiantyn Seliuk,3,1,35,20,15,55,2021-08-30 10:20:00,523967
Serhii Gergeliuk_215887657,Serhii Gergeliuk,3,1,37,31,6,68,2021-08-30 10:20:00,523968
V Tsvetkov_129590,V Tsvetkov,2,1,40,35,5,75,2021-08-30 10:22:00,523969
Oleh Furman_808125214,Oleh Furman,-2,0,38,43,-5,81,2021-08-30 10:25:00,523970
Taras Yemelianov_179159,Taras Yemelianov,-3,0,25,39,-14,64,2021-08-30 10:25:00,523971
Josef Ruzicka_179303,Josef Ruzicka,1,1,49,38,11,87,2021-08-30 10:30:00,523972
Vasyl Moshovskyi_179169,Vasyl Moshovskyi,-3,0,22,33,-11,55,2021-08-30 10:30:00,523973
Oleksandr Strutinskiy_179106,Oleksandr Strutinskiy,-1,0,45,48,-3,93,2021-08-30 10:30:00,523974
Andrii Tsikhotskyi_1274853031,Andrii Tsikhotskyi,2,1,40,31,9,71,2021-08-30 10:30:00,523975
Ja Berger_29114,Ja Berger,-2,0,36,41,-5,77,2021-08-30 10:31:00,523976
G Karpovkin_129644,G Karpovkin,-3,0,19,33,-14,52,2021-08-30 10:32:00,523977
Yurii Kolesnyk_179116,Yurii Kolesnyk,-2,0,35,39,-4,74,2021-08-30 10:35:00,523978
Vasyl Kushnir_415743791,Vasyl Kushnir,3,1,34,23,11,57,2021-08-30 10:35:00,523979
Vadym Nechyporuk_1418657806,Vadym Nechyporuk,3,1,33,20,13,53,2021-08-30 10:40:00,523980
Anastasia Degteva_179131,Anastasia Degteva,-2,0,33,43,-10,76,2021-08-30 10:40:00,523981
Valerii Melnyk_908880441,Valerii Melnyk,-3,0,15,33,-18,48,2021-08-30 10:40:00,523982
Denys Nemchenko_981015657,Denys Nemchenko,-3,0,28,36,-8,64,2021-08-30 10:45:00,523983
Serhii Burdelnyi_179141,Serhii Burdelnyi,-2,0,40,45,-5,85,2021-08-30 10:45:00,523984
Ihor Dubyna_179097,Ihor Dubyna,-2,0,39,45,-6,84,2021-08-30 10:50:00,523985
Valeriy Medvedenko_1237507244,Valeriy Medvedenko,1,1,49,45,4,94,2021-08-30 10:50:00,523986
Oleksandr Maselskyi_179150,Oleksandr Maselskyi,3,1,34,27,7,61,2021-08-30 10:50:00,523987
Anton Myrza_11262473,Anton Myrza,-1,0,48,51,-3,99,2021-08-30 10:55:00,523988
Serhii Pitsyk_179160,Serhii Pitsyk,-1,0,48,50,-2,98,2021-08-30 10:55:00,523989
I Meteleshko_129646,I Meteleshko,1,1,52,46,6,98,2021-08-30 10:56:00,523990
S Homutov_129591,S Homutov,-2,0,36,46,-10,82,2021-08-30 10:57:00,523991
Jan Sr Krames_179304,Jan Sr Krames,-3,0,23,34,-11,57,2021-08-30 11:00:00,523992
Oleg Mikluha_2041210515,Oleg Mikluha,-1,0,45,50,-5,95,2021-08-30 11:00:00,523993
A Vorozheykin_129645,A Vorozheykin,-2,0,37,41,-4,78,2021-08-30 11:00:00,523994
Mykola Shyshkin_179170,Mykola Shyshkin,2,1,42,26,16,68,2021-08-30 11:00:00,523995
Oleg Kolivay_179107,Oleg Kolivay,1,1,47,48,-1,95,2021-08-30 11:00:00,523996
P Pycha_29115,P Pycha,-2,0,35,39,-4,74,2021-08-30 11:01:00,523997
Oleksandr Kostiuk_2060771512,Oleksandr Kostiuk,-2,0,30,39,-9,69,2021-08-30 11:05:00,523998
Dmytro Rehotun_179117,Dmytro Rehotun,-3,0,23,34,-11,57,2021-08-30 11:05:00,523999
Anton Molochko_2020406562,Anton Molochko,-1,0,44,50,-6,94,2021-08-30 11:10:00,524000
Anastasiia Zabolotna_179132,Anastasiia Zabolotna,-1,0,41,45,-4,86,2021-08-30 11:10:00,524001
Dmytro Dubrovin_1043294370,Dmytro Dubrovin,2,1,43,28,15,71,2021-08-30 11:15:00,524002
Mykyta Ruban_1377773387,Mykyta Ruban,3,1,33,18,15,51,2021-08-30 11:15:00,524003
Oleksandr Osadchyi_179142,Oleksandr Osadchyi,-2,0,24,42,-18,66,2021-08-30 11:15:00,524004
Mykola Kulynych_179098,Mykola Kulynych,-2,0,35,40,-5,75,2021-08-30 11:20:00,524005
Anatolii Yakovenko_1112349031,Anatolii Yakovenko,1,1,49,48,1,97,2021-08-30 11:20:00,524006
V Rudenko_129647,V Rudenko,2,1,41,32,9,73,2021-08-30 11:20:00,524007
Andrii Dekhtiarenko_179151,Andrii Dekhtiarenko,1,1,45,46,-1,91,2021-08-30 11:20:00,524008
Oleh Obidnyi_774145631,Oleh Obidnyi,-1,0,44,53,-9,97,2021-08-30 11:25:00,524009
Mykhailo Diachenko_179161,Mykhailo Diachenko,1,1,46,45,1,91,2021-08-30 11:25:00,524010
S Homutov_129648,S Homutov,-1,0,42,48,-6,90,2021-08-30 11:29:00,524011
Kyrylo Tkachenko_179171,Kyrylo Tkachenko,-2,0,30,43,-13,73,2021-08-30 11:30:00,524012
Oleksandr Mytsyk_179108,Oleksandr Mytsyk,1,1,47,47,0,94,2021-08-30 11:30:00,524013
Josef Ruzicka_179305,Josef Ruzicka,1,1,47,43,4,90,2021-08-30 11:30:00,524014
Yevhenii Holoborodko_2019578487,Yevhenii Holoborodko,-3,0,22,34,-12,56,2021-08-30 11:30:00,524015
Ja Prokupek_29116,Ja Prokupek,2,1,47,37,10,84,2021-08-30 11:32:00,524016
V Kutin_129558,V Kutin,-2,0,32,42,-10,74,2021-08-30 11:32:00,524017
Ruslan Solomko_179118,Ruslan Solomko,-1,0,41,42,-1,83,2021-08-30 11:35:00,524018
Aleksandr Melnikov_1734744508,Aleksandr Melnikov,-1,0,47,47,0,94,2021-08-30 11:35:00,524019
Volodymyr Tuchkevych_151863260,Volodymyr Tuchkevych,-1,0,47,50,-3,97,2021-08-30 11:40:00,524020
Liliia Nerush_179133,Liliia Nerush,-2,0,24,42,-18,66,2021-08-30 11:40:00,524021
Nazarii Danyliuk_779169484,Nazarii Danyliuk,1,1,51,33,18,84,2021-08-30 11:45:00,524022
Dmytro Khairov_179143,Dmytro Khairov,3,1,33,13,20,46,2021-08-30 11:45:00,524023
Oleksandr Maselskyi_179152,Oleksandr Maselskyi,1,1,46,38,8,84,2021-08-30 11:50:00,524024
Serhii Zemiantsev_1377802714,Serhii Zemiantsev,-2,0,35,43,-8,78,2021-08-30 11:50:00,524025
Rostyslav Fylypiv_179099,Rostyslav Fylypiv,-2,0,28,43,-15,71,2021-08-30 11:50:00,524026
Mykola Lytvynenko_1052368308,Mykola Lytvynenko,-2,0,36,41,-5,77,2021-08-30 11:50:00,524027
I Novikov_129524,I Novikov,-2,0,34,41,-7,75,2021-08-30 11:52:00,524028
Serhii Pitsyk_179162,Serhii Pitsyk,3,1,35,28,7,63,2021-08-30 11:55:00,524029
Ruslan Ivanov_1324485370,Ruslan Ivanov,2,1,40,31,9,71,2021-08-30 11:55:00,524030
Oleksandr Strutinskiy_179109,Oleksandr Strutinskiy,1,1,46,47,-1,93,2021-08-30 12:00:00,524031
Stanislav Harenko_491584791,Stanislav Harenko,-2,0,29,38,-9,67,2021-08-30 12:00:00,524032
Mykhailo Potapov_179172,Mykhailo Potapov,-1,0,47,44,3,91,2021-08-30 12:00:00,524033
V Mishakin_129559,V Mishakin,2,1,43,36,7,79,2021-08-30 12:01:00,524034
Serhii Gergeliuk_155835082,Serhii Gergeliuk,1,1,50,38,12,88,2021-08-30 12:05:00,524035
Valeriy Vlasenko_179119,Valeriy Vlasenko,-1,0,46,54,-8,100,2021-08-30 12:05:00,524036
S Simonov_129649,S Simonov,2,1,38,30,8,68,2021-08-30 12:07:00,524037
P Pycha_29141,P Pycha,1,1,50,39,11,89,2021-08-30 12:09:00,524038
Oleh Furman_1125752387,Oleh Furman,2,1,36,34,2,70,2021-08-30 12:10:00,524039
Anastasia Degteva_179134,Anastasia Degteva,3,1,35,22,13,57,2021-08-30 12:10:00,524040
Jan Sr Krames_179357,Jan Sr Krames,3,1,33,16,17,49,2021-08-30 12:15:00,524041
Serhii Burdelnyi_179144,Serhii Burdelnyi,-1,0,41,50,-9,91,2021-08-30 12:15:00,524042
Andrii Tsikhotskyi_2033427815,Andrii Tsikhotskyi,1,1,62,55,7,117,2021-08-30 12:15:00,524043
Kostiantyn Seliuk_179153,Kostiantyn Seliuk,1,1,46,42,4,88,2021-08-30 12:20:00,524044
Vasyl Kushnir_1107958249,Vasyl Kushnir,3,1,35,19,16,54,2021-08-30 12:20:00,524045
Oleksandr Maslovskyi_179100,Oleksandr Maslovskyi,-3,0,25,36,-11,61,2021-08-30 12:20:00,524046
P Medvedev_129525,P Medvedev,-1,0,55,57,-2,112,2021-08-30 12:24:00,524047
Taras Yemelianov_179163,Taras Yemelianov,-1,0,38,46,-8,84,2021-08-30 12:25:00,524048
Valerii Melnyk_1915777016,Valerii Melnyk,1,1,48,44,4,92,2021-08-30 12:25:00,524049
Vadym Nechyporuk_1845283845,Vadym Nechyporuk,-2,0,27,43,-16,70,2021-08-30 12:25:00,524050
Igor Sukovatyi_1518028195,Igor Sukovatyi,2,1,38,36,2,74,2021-08-30 12:30:00,524051
Vasyl Moshovskyi_179173,Vasyl Moshovskyi,3,1,33,21,12,54,2021-08-30 12:30:00,524052
Viktor Bereza_179110,Viktor Bereza,-3,0,22,33,-11,55,2021-08-30 12:30:00,524053
V Chernov_129560,V Chernov,-1,0,47,52,-5,99,2021-08-30 12:31:00,524054
Illia Yanishevskiy_312629688,Illia Yanishevskiy,2,1,37,36,1,73,2021-08-30 12:35:00,524055
Yurii Kolesnyk_179120,Yurii Kolesnyk,1,1,55,51,4,106,2021-08-30 12:35:00,524056
D Petrochenko_129592,D Petrochenko,1,1,45,45,0,90,2021-08-30 12:37:00,524057
Anton Myrza_1316563623,Anton Myrza,1,1,49,44,5,93,2021-08-30 12:40:00,524058
Halyna Burtseva_179135,Halyna Burtseva,1,1,51,52,-1,103,2021-08-30 12:40:00,524059
Ja Sich_29142,Ja Sich,-1,0,51,49,2,100,2021-08-30 12:41:00,524060
Oleg Mikluha_1318948485,Oleg Mikluha,-2,0,29,37,-8,66,2021-08-30 12:45:00,524061
Jiri Cerny_179358,Jiri Cerny,1,1,48,46,2,94,2021-08-30 12:45:00,524062
Serhii Solomko_179145,Serhii Solomko,-2,0,35,39,-4,74,2021-08-30 12:45:00,524063
Oleksandr Kostiuk_2014026037,Oleksandr Kostiuk,-1,0,44,51,-7,95,2021-08-30 12:50:00,524064
Andrii Dekhtiarenko_179154,Andrii Dekhtiarenko,-1,0,37,49,-12,86,2021-08-30 12:50:00,524065
Mykhailo Diachenko_179164,Mykhailo Diachenko,-2,0,34,43,-9,77,2021-08-30 12:55:00,524066
Anton Molochko_1922431892,Anton Molochko,1,1,48,44,4,92,2021-08-30 12:55:00,524067
Oleksandr Maslovskyi_179359,Oleksandr Maslovskyi,3,1,33,18,15,51,2021-08-30 12:55:00,524068
Mykyta Ruban_301063849,Mykyta Ruban,1,1,56,49,7,105,2021-08-30 13:00:00,524069
Dmytro Dubrovin_1541153260,Dmytro Dubrovin,-3,0,20,33,-13,53,2021-08-30 13:00:00,524070
Jachym Sebl_179306,Jachym Sebl,-2,0,20,41,-21,61,2021-08-30 13:00:00,524071
Mykola Shyshkin_179174,Mykola Shyshkin,3,1,33,21,12,54,2021-08-30 13:00:00,524072
V Putilovsky_129526,V Putilovsky,2,1,42,33,9,75,2021-08-30 13:01:00,524073
A Klavdenkov_129593,A Klavdenkov,-2,0,35,45,-10,80,2021-08-30 13:04:00,524074
Denys Nemchenko_664293174,Denys Nemchenko,-3,0,28,35,-7,63,2021-08-30 13:05:00,524075
Dmytro Rehotun_179121,Dmytro Rehotun,2,1,39,36,3,75,2021-08-30 13:05:00,524076
I Mihaylov_129561,I Mihaylov,2,1,39,31,8,70,2021-08-30 13:09:00,524077
Oleksandr Mytsyk_179361,Oleksandr Mytsyk,3,1,33,19,14,52,2021-08-30 13:10:00,524078
Valeriy Medvedenko_1419897428,Valeriy Medvedenko,-3,0,23,35,-12,58,2021-08-30 13:10:00,524079
M Flanderka_29117,M Flanderka,1,1,46,40,6,86,2021-08-30 13:12:00,524080
Artem Tkachenko_201068490,Artem Tkachenko,-1,0,46,50,-4,96,2021-08-30 13:15:00,524081
Serhii Yatsenko_179155,Serhii Yatsenko,3,1,33,20,13,53,2021-08-30 13:20:00,524082
Oleh Furman_1618128690,Oleh Furman,3,1,34,26,8,60,2021-08-30 13:20:00,524083
Dmytro Khairov_179363,Dmytro Khairov,-1,0,42,46,-4,88,2021-08-30 13:20:00,524084
Andrii Tsikhotskyi_1337879030,Andrii Tsikhotskyi,2,1,42,37,5,79,2021-08-30 13:25:00,524085
Andrii Peretiatko_179165,Andrii Peretiatko,-2,0,33,42,-9,75,2021-08-30 13:25:00,524086
Vasyl Lutskyi_179360,Vasyl Lutskyi,-2,0,32,43,-11,75,2021-08-30 13:25:00,524087
A Lobanov_129527,A Lobanov,-3,0,26,34,-8,60,2021-08-30 13:28:00,524088
Nazarii Hrytsyienko_1362983647,Nazarii Hrytsyienko,3,1,33,22,11,55,2021-08-30 13:30:00,524089
Tomas Kanka_179307,Tomas Kanka,-3,0,25,35,-10,60,2021-08-30 13:30:00,524090
Kyrylo Tkachenko_179175,Kyrylo Tkachenko,3,1,34,23,11,57,2021-08-30 13:30:00,524091
S Nikulin_129594,S Nikulin,1,1,48,40,8,88,2021-08-30 13:30:00,524092
Andrii Kotik_184109476,Andrii Kotik,1,1,48,38,10,86,2021-08-30 13:35:00,524093
Valeriy Vlasenko_179122,Valeriy Vlasenko,-1,0,47,48,-1,95,2021-08-30 13:35:00,524094
Valentyn Yunchyk_894250654,Valentyn Yunchyk,2,1,39,38,1,77,2021-08-30 13:35:00,524095
V Chernov_129562,V Chernov,3,1,36,29,7,65,2021-08-30 13:38:00,524096
Valeriy Kolesnykov_179362,Valeriy Kolesnykov,-1,0,44,51,-7,95,2021-08-30 13:40:00,524097
Anatolii Yakovenko_609241375,Anatolii Yakovenko,-2,0,35,49,-14,84,2021-08-30 13:40:00,524098
M Cinibulk_29118,M Cinibulk,3,1,34,21,13,55,2021-08-30 13:42:00,524099
Sergiy Balabey_131191146,Sergiy Balabey,2,1,41,35,6,76,2021-08-30 13:45:00,524100
Liliia Nerush_179365,Liliia Nerush,2,1,38,37,1,75,2021-08-30 13:45:00,524101
Yevhenii Holoborodko_887852781,Yevhenii Holoborodko,-2,0,30,42,-12,72,2021-08-30 13:50:00,524102
Volodymyr Melnykov_179364,Volodymyr Melnykov,1,1,49,33,16,82,2021-08-30 13:50:00,524103
Kostiantyn Seliuk_179367,Kostiantyn Seliuk,2,1,44,37,7,81,2021-08-30 13:50:00,524104
V Putilovsky_129528,V Putilovsky,-3,0,20,33,-13,53,2021-08-30 13:51:00,524105
Oleg Mikluha_104846153,Oleg Mikluha,-2,0,27,43,-16,70,2021-08-30 13:55:00,524106
E Mishutin_129595,E Mishutin,-1,0,50,54,-4,104,2021-08-30 13:58:00,524107
Andrii Peretiatko_179369,Andrii Peretiatko,-2,0,34,37,-3,71,2021-08-30 14:00:00,524108
Tomas Kanka_179308,Tomas Kanka,-1,0,49,48,1,97,2021-08-30 14:00:00,524109
Mykhailo Potapov_179176,Mykhailo Potapov,-2,0,30,35,-5,65,2021-08-30 14:00:00,524110
Oleksandr Kostiuk_1511765574,Oleksandr Kostiuk,-3,0,23,34,-11,57,2021-08-30 14:00:00,524111
V Mishakin_129563,V Mishakin,2,1,42,27,15,69,2021-08-30 14:01:00,524112
Oliver Korp_29119,Oliver Korp,1,1,46,51,-5,97,2021-08-30 14:02:00,524113
Oleksandr Kovalchuk_179123,Oleksandr Kovalchuk,2,1,44,36,8,80,2021-08-30 14:05:00,524114
Nazarii Danyliuk_910153524,Nazarii Danyliuk,2,1,48,43,5,91,2021-08-30 14:05:00,524115
Serhii Zemiantsev_631337948,Serhii Zemiantsev,-2,0,29,39,-10,68,2021-08-30 14:10:00,524116
Mykola Lytvynenko_1554967272,Mykola Lytvynenko,1,1,54,42,12,96,2021-08-30 14:10:00,524117
Halyna Burtseva_179366,Halyna Burtseva,-2,0,39,43,-4,82,2021-08-30 14:15:00,524118
Igor Sukovatyi_2146255197,Igor Sukovatyi,-3,0,24,34,-10,58,2021-08-30 14:15:00,524119
P Medvedev_129529,P Medvedev,2,1,40,32,8,72,2021-08-30 14:18:00,524120
Ihor Vasylyshyn_179368,Ihor Vasylyshyn,-3,0,26,34,-8,60,2021-08-30 14:20:00,524121
Illia Yanishevskiy_1631091432,Illia Yanishevskiy,3,1,39,32,7,71,2021-08-30 14:20:00,524122
Artem Tkachenko_1825227106,Artem Tkachenko,2,1,40,36,4,76,2021-08-30 14:25:00,524123
Oleh Furman_661428680,Oleh Furman,-2,0,30,42,-12,72,2021-08-30 14:30:00,524124
Mykola Shyshkin_179177,Mykola Shyshkin,-2,0,31,39,-8,70,2021-08-30 14:30:00,524125
Andrii Shcherbak_179370,Andrii Shcherbak,-1,0,41,51,-10,92,2021-08-30 14:30:00,524126
Jachym Sebl_179309,Jachym Sebl,-3,0,26,34,-8,60,2021-08-30 14:30:00,524127
S Nikulin_129596,S Nikulin,-1,0,51,45,6,96,2021-08-30 14:32:00,524128
V Kutin_129650,V Kutin,1,1,48,43,5,91,2021-08-30 14:32:00,524129
Andrii Tsikhotskyi_551322166,Andrii Tsikhotskyi,-3,0,28,36,-8,64,2021-08-30 14:35:00,524130
Valeriy Vlasenko_179124,Valeriy Vlasenko,-1,0,48,54,-6,102,2021-08-30 14:35:00,524131
L Zeman_29120,L Zeman,-1,0,50,54,-4,104,2021-08-30 14:36:00,524132
Vasyl Verbianyi_953250465,Vasyl Verbianyi,-2,0,34,45,-11,79,2021-08-30 14:40:00,524133
Vsevolod Broyakovskyi_1320954692,Vsevolod Broyakovskyi,-2,0,28,39,-11,67,2021-08-30 14:45:00,524134
Andrii Kotik_241552796,Andrii Kotik,2,1,39,26,13,65,2021-08-30 14:45:00,524135
Andriy Chermenskyi_469696708,Andriy Chermenskyi,2,1,43,30,13,73,2021-08-30 14:50:00,524136
I Novikov_129653,I Novikov,1,1,53,51,2,104,2021-08-30 14:50:00,524137
Frantisek Korenek_179310,Frantisek Korenek,1,1,47,42,5,89,2021-08-30 15:00:00,524138
Anatolii Zapletniuk_1833409388,Anatolii Zapletniuk,2,1,45,37,8,82,2021-08-30 15:00:00,524139
Denys Kvyk_179178,Denys Kvyk,2,1,37,34,3,71,2021-08-30 15:00:00,524140
A Klavdenkov_129597,A Klavdenkov,3,1,36,26,10,62,2021-08-30 15:04:00,524141
Aleksandr Melnikov_1656933719,Aleksandr Melnikov,2,1,43,25,18,68,2021-08-30 15:05:00,524142
Ruslan Solomko_179125,Ruslan Solomko,-3,0,22,33,-11,55,2021-08-30 15:05:00,524143
I Mihaylov_129651,I Mihaylov,3,1,33,20,13,53,2021-08-30 15:07:00,524144
Andrii Kaptanovskyi_766018157,Andrii Kaptanovskyi,-1,0,51,54,-3,105,2021-08-30 15:10:00,524145
Oliver Korp_29121,Oliver Korp,2,1,39,41,-2,80,2021-08-30 15:13:00,524146
Vasyl Kushnir_1238339669,Vasyl Kushnir,1,1,50,49,1,99,2021-08-30 15:15:00,524147
Mykyta Ruban_1178270809,Mykyta Ruban,-3,0,23,33,-10,56,2021-08-30 15:20:00,524148
Nazar Mosiuk_179181,Nazar Mosiuk,-1,0,45,49,-4,94,2021-08-30 15:20:00,524149
Dmytro Vakhta_20948889,Dmytro Vakhta,-2,0,24,39,-15,63,2021-08-30 15:20:00,524150
A Lobanov_129652,A Lobanov,2,1,42,37,5,79,2021-08-30 15:24:00,524151
Igor Sukovatyi_1201377213,Igor Sukovatyi,2,1,45,34,11,79,2021-08-30 15:25:00,524152
D Petrochenko_129654,D Petrochenko,3,1,34,23,11,57,2021-08-30 15:27:00,524153
Jachym Sebl_179311,Jachym Sebl,1,1,49,45,4,94,2021-08-30 15:30:00,524154
Mykola Shyshkin_179179,Mykola Shyshkin,2,1,43,35,8,78,2021-08-30 15:30:00,524155
Roman Zholubak_179196,Roman Zholubak,3,1,34,27,7,61,2021-08-30 15:30:00,524156
M Sverdlov_129564,M Sverdlov,-3,0,23,33,-10,56,2021-08-30 15:32:00,524157
Yevhenii Omitsynskyi_1311789849,Yevhenii Omitsynskyi,-3,0,23,34,-11,57,2021-08-30 15:35:00,524158
Serhii Kuprykov_179211,Serhii Kuprykov,-2,0,33,40,-7,73,2021-08-30 15:35:00,524159
M Cinibulk_29122,M Cinibulk,3,1,33,21,12,54,2021-08-30 15:39:00,524160
Oleksandr Hryhoriev_179226,Oleksandr Hryhoriev,-1,0,44,50,-6,94,2021-08-30 15:40:00,524161
Dmytro Belanchyk_5425968,Dmytro Belanchyk,3,1,37,26,11,63,2021-08-30 15:40:00,524162
Viktoriia Husieva_179333,Viktoriia Husieva,-3,0,23,33,-10,56,2021-08-30 15:45:00,524163
A Klavdenkov_129655,A Klavdenkov,-2,0,37,42,-5,79,2021-08-30 15:46:00,524164
Oleh Bindas_179182,Oleh Bindas,-2,0,23,43,-20,66,2021-08-30 15:50:00,524165
Ihor Petryshyn_254592964,Ihor Petryshyn,-1,0,39,45,-6,84,2021-08-30 15:50:00,524166
K Simonov_129530,K Simonov,3,1,37,27,10,64,2021-08-30 15:54:00,524167
Vitalii Solovei_426324423,Vitalii Solovei,2,1,37,31,6,68,2021-08-30 15:55:00,524168
I Pandur_129565,I Pandur,-2,0,34,40,-6,74,2021-08-30 15:59:00,524169
Ruslan Ivanov_515333713,Ruslan Ivanov,-3,0,21,35,-14,56,2021-08-30 16:00:00,524170
Kyrylo Yurchenko_179324,Kyrylo Yurchenko,3,1,36,27,9,63,2021-08-30 16:00:00,524171
Vasyl Moshovskyi_179180,Vasyl Moshovskyi,3,1,35,27,8,62,2021-08-30 16:00:00,524172
L Zeman_29167,L Zeman,2,1,38,28,10,66,2021-08-30 16:04:00,524173
Yevhen Samofal_179212,Yevhen Samofal,1,1,46,46,0,92,2021-08-30 16:05:00,524174
Oleksiy Sapronov_431571815,Oleksiy Sapronov,-1,0,43,46,-3,89,2021-08-30 16:10:00,524175
Stepan Rejent_179371,Stepan Rejent,-2,0,30,41,-11,71,2021-08-30 16:10:00,524176
Valerii Davydov_179227,Valerii Davydov,-3,0,20,33,-13,53,2021-08-30 16:10:00,524177
A Agapov_129598,A Agapov,2,1,39,32,7,71,2021-08-30 16:12:00,524178
Anastasiia Moskaliuk_179334,Anastasiia Moskaliuk,1,1,45,39,6,84,2021-08-30 16:15:00,524179
Artem Nesterenko_1273271705,Artem Nesterenko,-2,0,36,42,-6,78,2021-08-30 16:15:00,524180
S Ovechkin_129531,S Ovechkin,-2,0,33,39,-6,72,2021-08-30 16:16:00,524181
Serhii Berezynskyi_1390016096,Serhii Berezynskyi,-1,0,56,61,-5,117,2021-08-30 16:20:00,524182
Vitalii Rychkov_179183,Vitalii Rychkov,2,1,42,35,7,77,2021-08-30 16:20:00,524183
Marharyta Saltanovska_179256,Marharyta Saltanovska,2,1,41,37,4,78,2021-08-30 16:25:00,524184
Vasyl Aksenin_1861987383,Vasyl Aksenin,2,1,40,29,11,69,2021-08-30 16:25:00,524185
Volodymyr Chornobab_179325,Volodymyr Chornobab,-3,0,21,33,-12,54,2021-08-30 16:30:00,524186
Pavlo Plushch_1521077817,Pavlo Plushch,-2,0,36,44,-8,80,2021-08-30 16:30:00,524187
Oliver Korp_29168,Oliver Korp,3,1,35,29,6,64,2021-08-30 16:30:00,524188
E Anisimov_129566,E Anisimov,1,1,45,41,4,86,2021-08-30 16:31:00,524189
S Burov_129599,S Burov,-3,0,18,33,-15,51,2021-08-30 16:33:00,524190
Vitalii Vovk_1058802092,Vitalii Vovk,-1,0,44,52,-8,96,2021-08-30 16:35:00,524191
Volodymyr Hainiuk_179213,Volodymyr Hainiuk,-3,0,26,34,-8,60,2021-08-30 16:35:00,524192
Kostiantyn Semenin_179228,Kostiantyn Semenin,-1,0,51,55,-4,106,2021-08-30 16:40:00,524193
Tomas Kanka_179372,Tomas Kanka,-2,0,29,43,-14,72,2021-08-30 16:40:00,524194
Anton Riabukhin_1914183308,Anton Riabukhin,1,1,51,40,11,91,2021-08-30 16:40:00,524195
Viktoriia Husieva_179335,Viktoriia Husieva,1,1,50,46,4,96,2021-08-30 16:45:00,524196
Yevhenii Omitsynskyi_864137489,Yevhenii Omitsynskyi,-3,0,19,36,-17,55,2021-08-30 16:45:00,524197
O Belugin_129532,O Belugin,1,1,51,46,5,97,2021-08-30 16:46:00,524198
K Bystrushkin_129600,K Bystrushkin,-3,0,23,33,-10,56,2021-08-30 16:49:00,524199
Dmytro Belanchyk_853075135,Dmytro Belanchyk,-1,0,46,49,-3,95,2021-08-30 16:50:00,524200
Oleh Bindas_179184,Oleh Bindas,-3,0,15,33,-18,48,2021-08-30 16:50:00,524201
Roman Rybachuk_1875150909,Roman Rybachuk,3,1,33,15,18,48,2021-08-30 16:55:00,524202
Olena Nikitchenko_179257,Olena Nikitchenko,-3,0,29,36,-7,65,2021-08-30 16:55:00,524203
Vaclav Sr Hejda_179312,Vaclav Sr Hejda,-3,0,18,33,-15,51,2021-08-30 17:00:00,524204
Kyrylo Yurchenko_179199,Kyrylo Yurchenko,1,1,45,48,-3,93,2021-08-30 17:00:00,524205
Ihor Petryshyn_930240075,Ihor Petryshyn,-1,0,46,51,-5,97,2021-08-30 17:00:00,524206
P Gireth_29123,P Gireth,3,1,35,21,14,56,2021-08-30 17:01:00,524207
Vitalii Solovei_1616055765,Vitalii Solovei,-3,0,22,33,-11,55,2021-08-30 17:05:00,524208
Yevhen Samofal_179214,Yevhen Samofal,2,1,45,33,12,78,2021-08-30 17:05:00,524209
V Selkin_129567,V Selkin,-3,0,20,33,-13,53,2021-08-30 17:08:00,524210
Serhii Ponomarenko_24500950,Serhii Ponomarenko,1,1,50,42,8,92,2021-08-30 17:10:00,524211
Valerii Davydov_179229,Valerii Davydov,-3,0,18,33,-15,51,2021-08-30 17:10:00,524212
Vitalii Vovk_1401829493,Vitalii Vovk,-3,0,24,34,-10,58,2021-08-30 17:15:00,524213
Anastasiia Kozak_179336,Anastasiia Kozak,-1,0,48,45,3,93,2021-08-30 17:15:00,524214
I Ramensky_129601,I Ramensky,-3,0,12,33,-21,45,2021-08-30 17:17:00,524215
Oleksiy Sapronov_863873694,Oleksiy Sapronov,-3,0,23,34,-11,57,2021-08-30 17:20:00,524216
Nazar Mosiuk_179185,Nazar Mosiuk,3,1,33,16,17,49,2021-08-30 17:20:00,524217
S Lanin_129533,S Lanin,-1,0,47,51,-4,98,2021-08-30 17:23:00,524218
Artur Moriak_2001543819,Artur Moriak,-3,0,34,40,-6,74,2021-08-30 17:25:00,524219
Marharyta Saltanovska_179258,Marharyta Saltanovska,-3,0,20,33,-13,53,2021-08-30 17:25:00,524220
T Zahradnik_29124,T Zahradnik,-3,0,28,38,-10,66,2021-08-30 17:30:00,524221
Serhii Berezynskyi_426915906,Serhii Berezynskyi,3,1,36,26,10,62,2021-08-30 17:30:00,524222
Roman Zholubak_179200,Roman Zholubak,3,1,33,18,15,51,2021-08-30 17:30:00,524223
Tomas Cerveny_179313,Tomas Cerveny,-2,0,30,39,-9,69,2021-08-30 17:30:00,524224
E Anisimov_129568,E Anisimov,2,1,41,30,11,71,2021-08-30 17:31:00,524225
Yaroslav Vorsuliak_701848514,Yaroslav Vorsuliak,-2,0,23,42,-19,65,2021-08-30 17:35:00,524226
Serhii Kuprykov_179215,Serhii Kuprykov,3,1,40,27,13,67,2021-08-30 17:35:00,524227
Oleksandr Hryhoriev_179230,Oleksandr Hryhoriev,3,1,36,28,8,64,2021-08-30 17:40:00,524228
Pavlo Plushch_1871776179,Pavlo Plushch,-1,0,39,49,-10,88,2021-08-30 17:40:00,524229
Serhii Ponomarenko_1926666427,Serhii Ponomarenko,2,1,38,25,13,63,2021-08-30 17:45:00,524230
Anastasiia Moskaliuk_179337,Anastasiia Moskaliuk,-2,0,40,45,-5,85,2021-08-30 17:45:00,524231
K Bystrushkin_129602,K Bystrushkin,-1,0,44,48,-4,92,2021-08-30 17:45:00,524232
Vitalii Vovk_106479813,Vitalii Vovk,-2,0,31,40,-9,71,2021-08-30 17:50:00,524233
Artem Yurkov_179281,Artem Yurkov,3,1,34,20,14,54,2021-08-30 17:50:00,524234
Yaroslav Kravets_179186,Yaroslav Kravets,-2,0,29,43,-14,72,2021-08-30 17:50:00,524235
O Belugin_129534,O Belugin,3,1,33,16,17,49,2021-08-30 17:53:00,524236
Yevhenii Omitsynskyi_601864240,Yevhenii Omitsynskyi,1,1,47,51,-4,98,2021-08-30 17:55:00,524237
Anastasiia Gordinskaya-Sheiko_179259,Anastasiia Gordinskaya-Sheiko,2,1,42,22,20,64,2021-08-30 17:55:00,524238
I Pandur_129569,I Pandur,-3,0,24,35,-11,59,2021-08-30 17:59:00,524239
Artem Nesterenko_826854744,Artem Nesterenko,2,1,40,35,5,75,2021-08-30 18:00:00,524240
Yevhenii Honchar_179326,Yevhenii Honchar,-2,0,35,42,-7,77,2021-08-30 18:00:00,524241
Tomas Cerveny_179314,Tomas Cerveny,-2,0,37,42,-5,79,2021-08-30 18:00:00,524242
jr. Havlik_29125,jr. Havlik,1,1,49,47,2,96,2021-08-30 18:01:00,524243
Roman Rybachuk_1444165872,Roman Rybachuk,-1,0,44,52,-8,96,2021-08-30 18:05:00,524244
Yurii Reva_179216,Yurii Reva,-2,0,28,36,-8,64,2021-08-30 18:05:00,524245
Maksym Kozhevnikov_179231,Maksym Kozhevnikov,1,1,47,47,0,94,2021-08-30 18:10:00,524246
Vasyl Aksenin_714259085,Vasyl Aksenin,-3,0,24,33,-9,57,2021-08-30 18:10:00,524247
Vitalii Solovei_450225657,Vitalii Solovei,-1,0,51,56,-5,107,2021-08-30 18:15:00,524248
Viktoriia Husieva_179338,Viktoriia Husieva,2,1,41,31,10,72,2021-08-30 18:15:00,524249
S Ovechkin_129535,S Ovechkin,-3,0,26,36,-10,62,2021-08-30 18:16:00,524250
S Burov_129603,S Burov,2,1,40,33,7,73,2021-08-30 18:17:00,524251
Vadym Ishchuk_179282,Vadym Ishchuk,3,1,37,28,9,65,2021-08-30 18:20:00,524252
Vitalii Rychkov_179187,Vitalii Rychkov,-3,0,27,38,-11,65,2021-08-30 18:20:00,524253
Vitalii Vovk_37090632,Vitalii Vovk,-2,0,35,44,-9,79,2021-08-30 18:20:00,524254
Olena Nikitchenko_179260,Olena Nikitchenko,-3,0,14,33,-19,47,2021-08-30 18:25:00,524255
Anton Riabukhin_2139913343,Anton Riabukhin,-2,0,22,36,-14,58,2021-08-30 18:25:00,524256
Adam Krasutskyi_647934467,Adam Krasutskyi,-1,0,52,52,0,104,2021-08-30 18:30:00,524257
Vaclav Sr Hejda_179315,Vaclav Sr Hejda,3,1,33,18,15,51,2021-08-30 18:30:00,524258
Volodymyr Chornobab_179202,Volodymyr Chornobab,1,1,51,41,10,92,2021-08-30 18:30:00,524259
V Selkin_129690,V Selkin,-3,0,22,34,-12,56,2021-08-30 18:31:00,524260
L Jindrak_29126,L Jindrak,2,1,39,30,9,69,2021-08-30 18:32:00,524261
Volodymyr Hainiuk_179217,Volodymyr Hainiuk,1,1,45,44,1,89,2021-08-30 18:35:00,524262
Dmytro Belanchyk_527079979,Dmytro Belanchyk,3,1,35,26,9,61,2021-08-30 18:35:00,524263
Serhii Berezynskyi_488096516,Serhii Berezynskyi,3,1,33,14,19,47,2021-08-30 18:40:00,524264
Kostiantyn Semenin_179232,Kostiantyn Semenin,-2,0,31,40,-9,71,2021-08-30 18:40:00,524265
I Ramensky_129692,I Ramensky,3,1,37,29,8,66,2021-08-30 18:45:00,524266
Anastasiia Moskaliuk_179339,Anastasiia Moskaliuk,-2,0,29,41,-12,70,2021-08-30 18:45:00,524267
Ihor Petryshyn_1120956759,Ihor Petryshyn,3,1,33,18,15,51,2021-08-30 18:45:00,524268
S Lanin_129695,S Lanin,-2,0,33,44,-11,77,2021-08-30 18:47:00,524269
Dmytro Derevinskyi_1531624774,Dmytro Derevinskyi,2,1,39,32,7,71,2021-08-30 18:50:00,524270
Oleh Bindas_179188,Oleh Bindas,2,1,40,35,5,75,2021-08-30 18:50:00,524271
Oleksandr Ivchuk_179268,Oleksandr Ivchuk,-1,0,42,47,-5,89,2021-08-30 18:50:00,524272
Marharyta Saltanovska_179261,Marharyta Saltanovska,-1,0,36,50,-14,86,2021-08-30 18:55:00,524273
Serhii Ponomarenko_2119848042,Serhii Ponomarenko,2,1,42,34,8,76,2021-08-30 18:55:00,524274
M Sverdlov_129691,M Sverdlov,-2,0,36,40,-4,76,2021-08-30 18:59:00,524275
Martin Sulc_179316,Martin Sulc,-2,0,33,42,-9,75,2021-08-30 19:00:00,524276
Kyrylo Yurchenko_179327,Kyrylo Yurchenko,3,1,33,26,7,59,2021-08-30 19:00:00,524277
Vitalii Vovk_373692661,Vitalii Vovk,-3,0,18,33,-15,51,2021-08-30 19:00:00,524278
jr. Havlik_29127,jr. Havlik,1,1,50,41,9,91,2021-08-30 19:01:00,524279
Yevhen Samofal_179218,Yevhen Samofal,-3,0,23,33,-10,56,2021-08-30 19:05:00,524280
Oleksiy Sapronov_1753669724,Oleksiy Sapronov,3,1,34,18,16,52,2021-08-30 19:05:00,524281
Valerii Davydov_179233,Valerii Davydov,3,1,33,19,14,52,2021-08-30 19:10:00,524282
Artur Moriak_599326464,Artur Moriak,-3,0,32,39,-7,71,2021-08-30 19:10:00,524283
S Burov_129693,S Burov,2,1,42,36,6,78,2021-08-30 19:15:00,524284
Anastasiia Kozak_179340,Anastasiia Kozak,1,1,49,46,3,95,2021-08-30 19:15:00,524285
Mykola Tovkach_1897409088,Mykola Tovkach,1,1,41,47,-6,88,2021-08-30 19:15:00,524286
K Simonov_129694,K Simonov,-2,0,31,44,-13,75,2021-08-30 19:17:00,524287
Nazar Mosiuk_179189,Nazar Mosiuk,-3,0,24,34,-10,58,2021-08-30 19:20:00,524288
Vadym Ishchuk_179283,Vadym Ishchuk,-3,0,21,34,-13,55,2021-08-30 19:20:00,524289
Yaroslav Vorsuliak_67771106,Yaroslav Vorsuliak,-3,0,17,33,-16,50,2021-08-30 19:20:00,524290
Olena Nikitchenko_179262,Olena Nikitchenko,-1,0,48,53,-5,101,2021-08-30 19:25:00,524291
Vitalii Solovei_990556622,Vitalii Solovei,2,1,37,36,1,73,2021-08-30 19:25:00,524292
Serhii Ponomarenko_877934747,Serhii Ponomarenko,3,1,34,25,9,59,2021-08-30 19:30:00,524293
Roman Zholubak_179328,Roman Zholubak,3,1,33,18,15,51,2021-08-30 19:30:00,524294
Vaclav Sr Hejda_179317,Vaclav Sr Hejda,3,1,42,32,10,74,2021-08-30 19:30:00,524295
T Zahradnik_29128,T Zahradnik,-1,0,47,57,-10,104,2021-08-30 19:30:00,524296
D Tikhnenko_129570,D Tikhnenko,3,1,34,25,9,59,2021-08-30 19:33:00,524297
Vitalii Vovk_633188762,Vitalii Vovk,-2,0,33,43,-10,76,2021-08-30 19:35:00,524298
Serhii Kuprykov_179219,Serhii Kuprykov,-3,0,18,33,-15,51,2021-08-30 19:35:00,524299
Oleksandr Hryhoriev_179234,Oleksandr Hryhoriev,1,1,46,41,5,87,2021-08-30 19:40:00,524300
Yevhenii Omitsynskyi_1266394216,Yevhenii Omitsynskyi,-3,0,22,33,-11,55,2021-08-30 19:40:00,524301
Artem Nesterenko_2078783811,Artem Nesterenko,1,1,50,36,14,86,2021-08-30 19:45:00,524302
Viktoriia Husieva_179341,Viktoriia Husieva,-1,0,43,45,-2,88,2021-08-30 19:45:00,524303
D Razinkov_129536,D Razinkov,-3,0,25,33,-8,58,2021-08-30 19:47:00,524304
O Butorin_129604,O Butorin,2,1,43,39,4,82,2021-08-30 19:48:00,524305
Roman Rybachuk_1971824264,Roman Rybachuk,-1,0,48,55,-7,103,2021-08-30 19:50:00,524306
Yaroslav Kravets_179190,Yaroslav Kravets,-1,0,38,43,-5,81,2021-08-30 19:50:00,524307
Artem Yurkov_179284,Artem Yurkov,3,1,33,22,11,55,2021-08-30 19:50:00,524308
Vasyl Aksenin_1547753261,Vasyl Aksenin,3,1,34,27,7,61,2021-08-30 19:55:00,524309
Anastasiia Gordinskaya-Sheiko_179263,Anastasiia Gordinskaya-Sheiko,1,1,41,38,3,79,2021-08-30 19:55:00,524310
M Marchenko_129571,M Marchenko,-3,0,20,33,-13,53,2021-08-30 20:00:00,524311
Martin Sulc_179625,Martin Sulc,-3,0,22,33,-11,55,2021-08-30 20:00:00,524312
Yevhenii Honchar_179329,Yevhenii Honchar,-3,0,26,38,-12,64,2021-08-30 20:00:00,524313
Pavlo Plushch_1269972687,Pavlo Plushch,3,1,33,10,23,43,2021-08-30 20:00:00,524314
Prokhor Puhach_1190937751,Prokhor Puhach,-1,0,42,52,-10,94,2021-08-30 20:05:00,524315
Yurii Reva_179220,Yurii Reva,2,1,37,39,-2,76,2021-08-30 20:05:00,524316
T Zahradnik_29170,T Zahradnik,3,1,33,17,16,50,2021-08-30 20:07:00,524317
Serhii Kubrak_1204834315,Serhii Kubrak,-2,0,27,36,-9,63,2021-08-30 20:10:00,524318
Maksym Kozhevnikov_179235,Maksym Kozhevnikov,2,1,37,33,4,70,2021-08-30 20:10:00,524319
Anastasiia Ostapenko_179342,Anastasiia Ostapenko,3,1,38,25,13,63,2021-08-30 20:15:00,524320
Oleksiy Sapronov_669474932,Oleksiy Sapronov,-3,0,21,33,-12,54,2021-08-30 20:15:00,524321
A Afanasev_129605,A Afanasev,3,1,34,23,11,57,2021-08-30 20:16:00,524322
I Soldatov_129537,I Soldatov,-2,0,35,44,-9,79,2021-08-30 20:17:00,524323
Vitalii Rychkov_179191,Vitalii Rychkov,1,1,48,50,-2,98,2021-08-30 20:20:00,524324
Vladyslav Mishchenko_179271,Vladyslav Mishchenko,1,1,46,38,8,84,2021-08-30 20:20:00,524325
Vitalii Protopopov_2077795957,Vitalii Protopopov,1,1,55,52,3,107,2021-08-30 20:20:00,524326
Serhii Berezynskyi_498822718,Serhii Berezynskyi,-1,0,38,48,-10,86,2021-08-30 20:25:00,524327
Marharyta Saltanovska_179264,Marharyta Saltanovska,-3,0,22,33,-11,55,2021-08-30 20:25:00,524328
P Gireth_29169,P Gireth,2,1,40,20,20,60,2021-08-30 20:30:00,524329
Volodymyr Chornobab_179330,Volodymyr Chornobab,1,1,45,50,-5,95,2021-08-30 20:30:00,524330
Tomas Beran_179626,Tomas Beran,2,1,44,34,10,78,2021-08-30 20:30:00,524331
V Chernov_129572,V Chernov,1,1,46,30,16,76,2021-08-30 20:30:00,524332
Ivan Synytskyi_127389411,Ivan Synytskyi,3,1,33,20,13,53,2021-08-30 20:30:00,524333
Volodymyr Hainiuk_179221,Volodymyr Hainiuk,-1,0,46,52,-6,98,2021-08-30 20:35:00,524334
Vitalii Solovei_1878271296,Vitalii Solovei,3,1,33,23,10,56,2021-08-30 20:35:00,524335
Prokhor Puhach_1614204245,Prokhor Puhach,-3,0,18,33,-15,51,2021-08-30 20:40:00,524336
Kostiantyn Semenin_179236,Kostiantyn Semenin,2,1,40,30,10,70,2021-08-30 20:40:00,524337
Oleksandr Brezytskyi_1609661536,Oleksandr Brezytskyi,-2,0,29,41,-12,70,2021-08-30 20:45:00,524338
A Sirotkin_129606,A Sirotkin,2,1,44,31,13,75,2021-08-30 20:45:00,524339
Anastasiia Kozak_179627,Anastasiia Kozak,-2,0,31,41,-10,72,2021-08-30 20:45:00,524340
E Markelov_129538,E Markelov,2,1,42,35,7,77,2021-08-30 20:47:00,524341
Yevhenii Omitsynskyi_1736222164,Yevhenii Omitsynskyi,-1,0,42,49,-7,91,2021-08-30 20:50:00,524342
Nazar Mosiuk_179192,Nazar Mosiuk,-2,0,35,42,-7,77,2021-08-30 20:50:00,524343
Oleksandr Ivchuk_179272,Oleksandr Ivchuk,2,1,44,28,16,72,2021-08-30 20:50:00,524344
Dmytro Belanchyk_1664330242,Dmytro Belanchyk,3,1,40,32,8,72,2021-08-30 20:55:00,524345
Olena Bondareva_179265,Olena Bondareva,3,1,34,19,15,53,2021-08-30 20:55:00,524346
Roman Zholubak_179207,Roman Zholubak,-1,0,49,50,-1,99,2021-08-30 21:00:00,524347
Roman Rybachuk_2107400855,Roman Rybachuk,-1,0,43,44,-1,87,2021-08-30 21:00:00,524348
Josef Hondlik_179318,Josef Hondlik,-3,0,13,33,-20,46,2021-08-30 21:00:00,524349
V Mishakin_129573,V Mishakin,-2,0,33,44,-11,77,2021-08-30 21:00:00,524350
R Rose_29129,R Rose,-1,0,44,48,-4,92,2021-08-30 21:01:00,524351
Serhii Kuprykov_179222,Serhii Kuprykov,-1,0,38,44,-6,82,2021-08-30 21:05:00,524352
Ihor Petryshyn_1147907068,Ihor Petryshyn,2,1,42,36,6,78,2021-08-30 21:05:00,524353
Pavlo Plushch_990422979,Pavlo Plushch,1,1,47,45,2,92,2021-08-30 21:10:00,524354
Oleksandr Hryhoriev_179237,Oleksandr Hryhoriev,2,1,41,29,12,70,2021-08-30 21:10:00,524355
Serhii Kubrak_357429661,Serhii Kubrak,-3,0,17,33,-16,50,2021-08-30 21:15:00,524356
Anastasiia Ostapenko_179628,Anastasiia Ostapenko,1,1,49,45,4,94,2021-08-30 21:15:00,524357
D Kolesnikov_129539,D Kolesnikov,-3,0,18,33,-15,51,2021-08-30 21:16:00,524358
I Afanasev_129607,I Afanasev,-2,0,37,42,-5,79,2021-08-30 21:17:00,524359
Denys Pesternikov_179193,Denys Pesternikov,-2,0,36,42,-6,78,2021-08-30 21:20:00,524360
Vadym Ishchuk_179285,Vadym Ishchuk,-1,0,51,51,0,102,2021-08-30 21:20:00,524361
Prokhor Puhach_1106497430,Prokhor Puhach,1,1,50,42,8,92,2021-08-30 21:20:00,524362
Oleksiy Sapronov_169491421,Oleksiy Sapronov,2,1,38,34,4,72,2021-08-30 21:25:00,524363
Vasiliy Smyk_913533621,Vasiliy Smyk,1,1,49,38,11,87,2021-08-30 21:30:00,524364
Iryna Hrushko_179629,Iryna Hrushko,2,1,40,32,8,72,2021-08-30 21:30:00,524365
Martin Juhasz_179319,Martin Juhasz,-2,0,33,44,-11,77,2021-08-30 21:30:00,524366
Serhii Smyrnov_179331,Serhii Smyrnov,-1,0,45,49,-4,94,2021-08-30 21:30:00,524367
V Chernov_129574,V Chernov,2,1,42,30,12,72,2021-08-30 21:32:00,524368
Ji Louda_29130,Ji Louda,-1,0,42,54,-12,96,2021-08-30 21:32:00,524369
Serhii Berezynskyi_1036646400,Serhii Berezynskyi,1,1,48,39,9,87,2021-08-30 21:35:00,524370
Roman Yushko_179223,Roman Yushko,1,1,49,46,3,95,2021-08-30 21:35:00,524371
Mykola Odarenko_179238,Mykola Odarenko,-1,0,46,52,-6,98,2021-08-30 21:40:00,524372
Vasyl Aksenin_2020637783,Vasyl Aksenin,2,1,46,41,5,87,2021-08-30 21:40:00,524373
Vitalii Solovei_906751660,Vitalii Solovei,-2,0,33,43,-10,76,2021-08-30 21:45:00,524374
A Sirotkin_129608,A Sirotkin,2,1,38,33,5,71,2021-08-30 21:46:00,524375
E Markelov_129540,E Markelov,-3,0,26,34,-8,60,2021-08-30 21:47:00,524376
Oleksandr Brezytskyi_1136239304,Oleksandr Brezytskyi,-1,0,43,49,-6,92,2021-08-30 21:50:00,524377
Artem Yurkov_179286,Artem Yurkov,-2,0,39,48,-9,87,2021-08-30 21:50:00,524378
Nazar Mosiuk_179194,Nazar Mosiuk,2,1,43,32,11,75,2021-08-30 21:50:00,524379
Serhii Kubrak_1137667660,Serhii Kubrak,-1,0,38,42,-4,80,2021-08-30 21:55:00,524380
M Marchenko_129575,M Marchenko,-1,0,44,52,-8,96,2021-08-30 22:00:00,524381
Martin Juhasz_179320,Martin Juhasz,1,1,47,44,3,91,2021-08-30 22:00:00,524382
Olena Bondareva_179630,Olena Bondareva,-2,0,25,41,-16,66,2021-08-30 22:00:00,524383
Adam Krasutskyi_1528719869,Adam Krasutskyi,1,1,49,52,-3,101,2021-08-30 22:00:00,524384
T Batthyany_29131,T Batthyany,2,1,43,29,14,72,2021-08-30 22:03:00,524385
Artem Nesterenko_155846489,Artem Nesterenko,-2,0,36,39,-3,75,2021-08-30 22:05:00,524386
Serhii Kuprykov_179224,Serhii Kuprykov,2,1,39,39,0,78,2021-08-30 22:05:00,524387
Oleksandr Hryhoriev_179239,Oleksandr Hryhoriev,-2,0,24,40,-16,64,2021-08-30 22:10:00,524388
Roman Rybachuk_496857477,Roman Rybachuk,1,1,48,50,-2,98,2021-08-30 22:10:00,524389
Oleksii Tkachuk_391478916,Oleksii Tkachuk,2,1,44,40,4,84,2021-08-30 22:15:00,524390
A Afanasev_129609,A Afanasev,1,1,40,42,-2,82,2021-08-30 22:16:00,524391
I Soldatov_129541,I Soldatov,1,1,50,42,8,92,2021-08-30 22:16:00,524392
Oleh Bindas_179195,Oleh Bindas,3,1,37,26,11,63,2021-08-30 22:20:00,524393
Dmytro Derevinskyi_472106094,Dmytro Derevinskyi,-1,0,45,50,-5,95,2021-08-30 22:20:00,524394
Vladyslav Mishchenko_179275,Vladyslav Mishchenko,1,1,47,37,10,84,2021-08-30 22:20:00,524395
Vadym Komar_2106489344,Vadym Komar,-2,0,33,39,-6,72,2021-08-30 22:25:00,524396
Kyrylo Yurchenko_179210,Kyrylo Yurchenko,1,1,57,56,1,113,2021-08-30 22:30:00,524397
Josef Hondlik_179321,Josef Hondlik,-3,0,16,33,-17,49,2021-08-30 22:30:00,524398
Prokhor Puhach_246064530,Prokhor Puhach,-3,0,27,39,-12,66,2021-08-30 22:30:00,524399
V Mishakin_129764,V Mishakin,2,1,45,41,4,86,2021-08-30 22:30:00,524400
K Brozik_29132,K Brozik,1,1,47,35,12,82,2021-08-30 22:31:00,524401
Yevhen Samofal_179225,Yevhen Samofal,-2,0,36,42,-6,78,2021-08-30 22:35:00,524402
Valerii Davydov_179240,Valerii Davydov,-1,0,44,45,-1,89,2021-08-30 22:40:00,524403
Illia Semeniuk_2030379849,Illia Semeniuk,-1,0,46,50,-4,96,2021-08-30 22:45:00,524404
Oleksandr Ivchuk_179276,Oleksandr Ivchuk,-1,0,53,60,-7,113,2021-08-30 22:50:00,524405
I Afanasev_129766,I Afanasev,3,1,33,18,15,51,2021-08-30 22:53:00,524406
D Razinkov_129768,D Razinkov,3,1,33,16,17,49,2021-08-30 22:54:00,524407
D Tikhnenko_129765,D Tikhnenko,-3,0,20,33,-13,53,2021-08-30 22:59:00,524408
Ludek Stoces_179322,Ludek Stoces,-2,0,25,42,-17,67,2021-08-30 23:00:00,524409
Oleksandr Brezytskyi_233627261,Oleksandr Brezytskyi,-1,0,39,42,-3,81,2021-08-30 23:00:00,524410
T Batthyany_29133,T Batthyany,-1,0,44,50,-6,94,2021-08-30 23:01:00,524411
Vadym Komar_2118873999,Vadym Komar,1,1,59,57,2,116,2021-08-30 23:05:00,524412
A Sirotkin_129767,A Sirotkin,3,1,35,24,11,59,2021-08-30 23:15:00,524413
D Kolesnikov_129769,D Kolesnikov,2,1,43,33,10,76,2021-08-30 23:16:00,524414
Artem Yurkov_179287,Artem Yurkov,-3,0,16,33,-17,49,2021-08-30 23:20:00,524415
Josef Hondlik_179323,Josef Hondlik,2,1,42,36,6,78,2021-08-30 23:30:00,524416
S Ogai_129576,S Ogai,1,1,48,38,10,86,2021-08-30 23:31:00,524417
Ji Louda_29134,Ji Louda,-3,0,25,34,-9,59,2021-08-30 23:31:00,524418
Viacheslav Yarovoi_410611935,Viacheslav Yarovoi,2,1,40,29,11,69,2021-08-30 23:35:00,524419
O Kutuzov_129542,O Kutuzov,2,1,42,30,12,72,2021-08-30 23:44:00,524420
Stanislav Malchuk_1963058113,Stanislav Malchuk,1,1,49,43,6,92,2021-08-30 23:45:00,524421
A Petrov_129610,A Petrov,-1,0,40,46,-6,86,2021-08-30 23:47:00,524422
Anatolii Nazarov_179278,Anatolii Nazarov,-1,0,46,52,-6,98,2021-08-30 23:50:00,524423
Ji Louda_29171,Ji Louda,-1,0,47,47,0,94,2021-08-31 00:00:00,524424
N Zhurba_129577,N Zhurba,1,1,46,46,0,92,2021-08-31 00:02:00,524425
Michael Fruhauf_179641,Michael Fruhauf,2,1,37,27,10,64,2021-08-31 00:05:00,524426
Sergey Demidov_1484481255,Sergey Demidov,-2,0,33,42,-9,75,2021-08-31 00:05:00,524427
Vasil Salivonchyk_1993575504,Vasil Salivonchyk,3,1,34,22,12,56,2021-08-31 00:15:00,524428
N Sadovskiy_129543,N Sadovskiy,3,1,35,27,8,62,2021-08-31 00:18:00,524429
D Sayanov_129611,D Sayanov,3,1,34,18,16,52,2021-08-31 00:18:00,524430
Artem Yurkov_179288,Artem Yurkov,2,1,44,38,6,82,2021-08-31 00:20:00,524431
Andrii Romanenko_179290,Andrii Romanenko,1,1,51,51,0,102,2021-08-31 00:25:00,524432
T Batthyany_29172,T Batthyany,-3,0,14,33,-19,47,2021-08-31 00:32:00,524433
D Evlahin_129578,D Evlahin,-1,0,40,48,-8,88,2021-08-31 00:33:00,524434
Viacheslav Yarovoi_735648201,Viacheslav Yarovoi,3,1,33,12,21,45,2021-08-31 00:35:00,524435
Martin Juhasz_179642,Martin Juhasz,3,1,36,26,10,62,2021-08-31 00:35:00,524436
A Volkov_129612,A Volkov,3,1,33,21,12,54,2021-08-31 00:45:00,524437
Stanislav Malchuk_1345360392,Stanislav Malchuk,-2,0,34,37,-3,71,2021-08-31 00:45:00,524438
A Ilin_129544,A Ilin,2,1,43,33,10,76,2021-08-31 00:46:00,524439
Vadym Ishchuk_179289,Vadym Ishchuk,3,1,34,26,8,60,2021-08-31 00:50:00,524440
Hryhorii Kulishov_179291,Hryhorii Kulishov,3,1,33,18,15,51,2021-08-31 00:55:00,524441
Petro Tsolik_501721161,Petro Tsolik,-2,0,36,44,-8,80,2021-08-31 01:00:00,524442
A Serebrennikov_129579,A Serebrennikov,-1,0,48,51,-3,99,2021-08-31 01:02:00,524443
Sergey Demidov_1620313401,Sergey Demidov,-2,0,40,45,-5,85,2021-08-31 01:05:00,524444
Vadim Gerashenko_909826528,Vadim Gerashenko,-2,0,25,37,-12,62,2021-08-31 01:15:00,524445
Yu Merkushin_129613,Yu Merkushin,-1,0,47,48,-1,95,2021-08-31 01:17:00,524446
S Myagkov_129545,S Myagkov,-3,0,13,34,-21,47,2021-08-31 01:21:00,524447
Andrii Romanenko_179292,Andrii Romanenko,1,1,57,48,9,105,2021-08-31 01:25:00,524448
Yevhenii Faflei_1130797428,Yevhenii Faflei,-1,0,44,54,-10,98,2021-08-31 01:30:00,524449
Viacheslav Yarovoi_1631907029,Viacheslav Yarovoi,-1,0,51,54,-3,105,2021-08-31 01:35:00,524450
N Zhurba_129580,N Zhurba,1,1,47,49,-2,96,2021-08-31 01:38:00,524451
D Sayanov_129614,D Sayanov,3,1,39,33,6,72,2021-08-31 01:44:00,524452
Vasil Salivonchyk_2313055,Vasil Salivonchyk,-3,0,20,33,-13,53,2021-08-31 01:45:00,524453
N Sadovskiy_129546,N Sadovskiy,3,1,33,22,11,55,2021-08-31 01:51:00,524454
Borys Kostiuk_179293,Borys Kostiuk,-2,0,39,42,-3,81,2021-08-31 01:55:00,524455
Petro Tsolik_2102727642,Petro Tsolik,3,1,34,20,14,54,2021-08-31 02:00:00,524456
Oleksandr Soloviov_362800093,Oleksandr Soloviov,2,1,40,30,10,70,2021-08-31 02:05:00,524457
A Serebrennikov_129581,A Serebrennikov,-1,0,44,47,-3,91,2021-08-31 02:09:00,524458
Stanislav Malchuk_1209222714,Stanislav Malchuk,3,1,33,25,8,58,2021-08-31 02:15:00,524459
Yu Merkushin_129615,Yu Merkushin,-1,0,46,50,-4,96,2021-08-31 02:17:00,524460
S Myagkov_129547,S Myagkov,-1,0,44,44,0,88,2021-08-31 02:18:00,524461
Hryhorii Kulishov_179294,Hryhorii Kulishov,2,1,44,35,9,79,2021-08-31 02:25:00,524462
Serhij Maksymiv_160944959,Serhij Maksymiv,-3,0,20,34,-14,54,2021-08-31 02:30:00,524463
Viacheslav Yarovoi_1805027653,Viacheslav Yarovoi,1,1,47,45,2,92,2021-08-31 02:35:00,524464
D Korneev_129582,D Korneev,-2,0,36,42,-6,78,2021-08-31 02:45:00,524465
A Fedosov_129616,A Fedosov,1,1,53,51,2,104,2021-08-31 02:45:00,524466
Vadim Gerashenko_1807714893,Vadim Gerashenko,-3,0,23,33,-10,56,2021-08-31 02:45:00,524467
K Malahov_129548,K Malahov,-1,0,46,48,-2,94,2021-08-31 02:51:00,524468
Andrii Romanenko_179295,Andrii Romanenko,1,1,49,38,11,87,2021-08-31 02:55:00,524469
Yevhenii Faflei_1514172724,Yevhenii Faflei,-2,0,38,45,-7,83,2021-08-31 03:00:00,524470
Sergey Demidov_1484515210,Sergey Demidov,-1,0,45,47,-2,92,2021-08-31 03:05:00,524471
D Evlahin_129583,D Evlahin,-2,0,26,42,-16,68,2021-08-31 03:10:00,524472
Vasil Salivonchyk_1179498599,Vasil Salivonchyk,3,1,34,23,11,57,2021-08-31 03:15:00,524473
A Ilin_129549,A Ilin,-3,0,23,33,-10,56,2021-08-31 03:22:00,524474
A Volkov_129617,A Volkov,-2,0,39,44,-5,83,2021-08-31 03:23:00,524475
Hryhorii Kulishov_179296,Hryhorii Kulishov,-1,0,47,49,-2,96,2021-08-31 03:25:00,524476
Petro Tsolik_1444973733,Petro Tsolik,2,1,46,44,2,90,2021-08-31 03:30:00,524477
Viacheslav Yarovoi_748032856,Viacheslav Yarovoi,2,1,41,26,15,67,2021-08-31 03:35:00,524478
S Ogai_129584,S Ogai,3,1,34,27,7,61,2021-08-31 03:39:00,524479
Maksym Kukharuk_678407384,Maksym Kukharuk,-3,0,18,33,-15,51,2021-08-31 03:45:00,524480
A Petrov_129618,A Petrov,2,1,36,28,8,64,2021-08-31 03:47:00,524481
O Kutuzov_129550,O Kutuzov,-3,0,19,33,-14,52,2021-08-31 03:49:00,524482
Borys Kostiuk_179297,Borys Kostiuk,2,1,38,34,4,72,2021-08-31 03:55:00,524483
Serhij Maksymiv_621069500,Serhij Maksymiv,1,1,45,48,-3,93,2021-08-31 04:00:00,524484
D Korneev_129585,D Korneev,-1,0,41,47,-6,88,2021-08-31 04:00:00,524485
Sergey Demidov_1437941664,Sergey Demidov,-1,0,41,57,-16,98,2021-08-31 04:05:00,524486
Stanislav Malchuk_67214389,Stanislav Malchuk,-3,0,15,33,-18,48,2021-08-31 04:15:00,524487
A Fedosov_129619,A Fedosov,-2,0,38,45,-7,83,2021-08-31 04:16:00,524488
K Malahov_129551,K Malahov,-2,0,31,42,-11,73,2021-08-31 04:17:00,524489
Andrii Romanenko_179298,Andrii Romanenko,-3,0,21,35,-14,56,2021-08-31 04:25:00,524490
Yevhenii Faflei_289475596,Yevhenii Faflei,3,1,33,22,11,55,2021-08-31 04:30:00,524491
Viacheslav Yarovoi_1631659762,Viacheslav Yarovoi,2,1,39,33,6,72,2021-08-31 04:35:00,524492
D Evlahin_129770,D Evlahin,-2,0,29,41,-12,70,2021-08-31 04:35:00,524493
Maksym Kukharuk_1652209121,Maksym Kukharuk,1,1,43,38,5,81,2021-08-31 04:45:00,524494
A Volkov_129772,A Volkov,-1,0,48,47,1,95,2021-08-31 04:46:00,524495
K Malahov_129774,K Malahov,2,1,38,35,3,73,2021-08-31 04:54:00,524496
Serhii Levin_179299,Serhii Levin,1,1,50,41,9,91,2021-08-31 04:55:00,524497
Maksym Mykytiuk_2057266670,Maksym Mykytiuk,1,1,48,43,5,91,2021-08-31 05:00:00,524498
N Zhurba_129771,N Zhurba,-2,0,33,41,-8,74,2021-08-31 05:01:00,524499
Oleksandr Soloviov_362838276,Oleksandr Soloviov,-2,0,38,44,-6,82,2021-08-31 05:05:00,524500
Vasil Salivonchyk_75497734,Vasil Salivonchyk,-2,0,34,37,-3,71,2021-08-31 05:15:00,524501
O Kutuzov_129775,O Kutuzov,1,1,48,46,2,94,2021-08-31 05:18:00,524502
D Sayanov_129773,D Sayanov,2,1,37,27,10,64,2021-08-31 05:19:00,524503
Petro Tsolik_1809348166,Petro Tsolik,-3,0,16,33,-17,49,2021-08-31 05:30:00,524504
Borys Kostiuk_179643,Borys Kostiuk,-3,0,21,33,-12,54,2021-08-31 05:35:00,524505
Petro Tsolik_1708726705,Petro Tsolik,-1,0,44,47,-3,91,2021-08-31 06:00:00,524506
Serhii Levin_179644,Serhii Levin,2,1,41,28,13,69,2021-08-31 06:05:00,524507
Yevhenii Faflei_1909793814,Yevhenii Faflei,-2,0,41,45,-4,86,2021-08-31 06:30:00,524508
A Kolmin_129696,A Kolmin,3,1,33,24,9,57,2021-08-31 07:30:00,524509
A Fedorov_129656,A Fedorov,-1,0,42,45,-3,87,2021-08-31 07:48:00,524510
I Novikov_129730,I Novikov,-1,0,40,51,-11,91,2021-08-31 07:49:00,524511
Oleh Bindas_179373,Oleh Bindas,3,1,34,20,14,54,2021-08-31 07:50:00,524512
Dmytro Alekseenko_1461050868,Dmytro Alekseenko,3,1,33,20,13,53,2021-08-31 07:50:00,524513
Sergiy Balabey_1446594486,Sergiy Balabey,-3,0,20,34,-14,54,2021-08-31 07:55:00,524514
Kyrylo Yurchenko_179631,Kyrylo Yurchenko,1,1,42,41,1,83,2021-08-31 08:00:00,524515
O Belugin_129697,O Belugin,-3,0,21,33,-12,54,2021-08-31 08:00:00,524516
Vadym Reva_179403,Vadym Reva,2,1,44,33,11,77,2021-08-31 08:05:00,524517
Bohdan Yurka_179418,Bohdan Yurka,2,1,43,32,11,75,2021-08-31 08:10:00,524518
Anastasiia Moskaliuk_179433,Anastasiia Moskaliuk,-2,0,37,46,-9,83,2021-08-31 08:15:00,524519
S Muslikov_129657,S Muslikov,-1,0,47,42,5,89,2021-08-31 08:18:00,524520
Yaroslav Kravets_179374,Yaroslav Kravets,3,1,34,28,6,62,2021-08-31 08:20:00,524521
N Zhurba_129731,N Zhurba,2,1,39,34,5,73,2021-08-31 08:20:00,524522
Ruslan Ivanov_120897252,Ruslan Ivanov,-1,0,39,44,-5,83,2021-08-31 08:25:00,524523
A Zabrodin_129698,A Zabrodin,3,1,33,18,15,51,2021-08-31 08:30:00,524524
Valeriy Medvedenko_1335852741,Valeriy Medvedenko,2,1,42,33,9,75,2021-08-31 08:30:00,524525
Roman Zholubak_179632,Roman Zholubak,-1,0,52,55,-3,107,2021-08-31 08:30:00,524526
Anton Myrza_1085769005,Anton Myrza,1,1,48,43,5,91,2021-08-31 08:35:00,524527
Ihor Kovalenko_179404,Ihor Kovalenko,2,1,42,29,13,71,2021-08-31 08:35:00,524528
Anatolii Hritchenko_225174373,Anatolii Hritchenko,-3,0,25,33,-8,58,2021-08-31 08:40:00,524529
Dmytro Kunchurov_179419,Dmytro Kunchurov,2,1,48,41,7,89,2021-08-31 08:40:00,524530
Viktor Bosak_1647837044,Viktor Bosak,2,1,39,26,13,65,2021-08-31 08:45:00,524531
Anastasiia Kozak_179434,Anastasiia Kozak,-2,0,35,40,-5,75,2021-08-31 08:45:00,524532
A Lobanov_129732,A Lobanov,-2,0,33,43,-10,76,2021-08-31 08:47:00,524533
V Rudenko_129658,V Rudenko,3,1,33,23,10,56,2021-08-31 08:50:00,524534
Denys Pesternikov_179375,Denys Pesternikov,1,1,51,46,5,97,2021-08-31 08:50:00,524535
Nazarii Danyliuk_1934452016,Nazarii Danyliuk,1,1,47,48,-1,95,2021-08-31 08:50:00,524536
Oleh Yurenev_179443,Oleh Yurenev,1,1,46,41,5,87,2021-08-31 08:50:00,524537
Andrii Peretiatko_179453,Andrii Peretiatko,-2,0,37,43,-6,80,2021-08-31 08:55:00,524538
Andrii Kotik_923871316,Andrii Kotik,2,1,45,31,14,76,2021-08-31 08:55:00,524539
Serhii Baranovskyi_34739353,Serhii Baranovskyi,-3,0,28,34,-6,62,2021-08-31 08:55:00,524540
Vasyl Moshovskyi_179468,Vasyl Moshovskyi,2,1,42,35,7,77,2021-08-31 09:00:00,524541
Lukas Adamec_179583,Lukas Adamec,2,1,40,35,5,75,2021-08-31 09:00:00,524542
Ja Jablonovsky_29143,Ja Jablonovsky,-3,0,21,33,-12,54,2021-08-31 09:00:00,524543
Anatolii Yakovenko_662705045,Anatolii Yakovenko,-2,0,34,42,-8,76,2021-08-31 09:00:00,524544
Kyrylo Yurchenko_179633,Kyrylo Yurchenko,1,1,49,42,7,91,2021-08-31 09:00:00,524545
G Karpovkin_129699,G Karpovkin,3,1,33,17,16,50,2021-08-31 09:03:00,524546
Andrii Sydorenko_179405,Andrii Sydorenko,-2,0,34,40,-6,74,2021-08-31 09:05:00,524547
Sergiy Balabey_1253232984,Sergiy Balabey,-2,0,29,40,-11,69,2021-08-31 09:05:00,524548
Oleksandr Durduka_179420,Oleksandr Durduka,3,1,44,35,9,79,2021-08-31 09:10:00,524549
Artem Tkachenko_438691433,Artem Tkachenko,3,1,34,22,12,56,2021-08-31 09:10:00,524550
Oleh Furman_247661722,Oleh Furman,1,1,49,49,0,98,2021-08-31 09:15:00,524551
Anastasiia Moskaliuk_179435,Anastasiia Moskaliuk,-3,0,27,36,-9,63,2021-08-31 09:15:00,524552
E Tsvetkov_129659,E Tsvetkov,-3,0,25,34,-9,59,2021-08-31 09:16:00,524553
R Pavlenko_129733,R Pavlenko,1,1,52,42,10,94,2021-08-31 09:19:00,524554
Serhii Semenets_179444,Serhii Semenets,3,1,33,19,14,52,2021-08-31 09:20:00,524555
Igor Vatsyn_581782278,Igor Vatsyn,-2,0,25,43,-18,68,2021-08-31 09:20:00,524556
Yaroslav Kravets_179376,Yaroslav Kravets,3,1,33,25,8,58,2021-08-31 09:20:00,524557
Taras Yemelianov_179616,Taras Yemelianov,-3,0,16,33,-17,49,2021-08-31 09:25:00,524558
Nazarii Hrytsyienko_1695990949,Nazarii Hrytsyienko,-1,0,40,48,-8,88,2021-08-31 09:25:00,524559
Mykyta Ruban_1726145390,Mykyta Ruban,-1,0,46,46,0,92,2021-08-31 09:30:00,524560
V Pecka_29144,V Pecka,-2,0,34,40,-6,74,2021-08-31 09:30:00,524561
Jachym Sebl_179584,Jachym Sebl,-1,0,49,49,0,98,2021-08-31 09:30:00,524562
Mykola Shyshkin_179469,Mykola Shyshkin,-2,0,34,39,-5,73,2021-08-31 09:30:00,524563
Dmytro Vakhta_1167762254,Dmytro Vakhta,2,1,38,28,10,66,2021-08-31 09:30:00,524564
A Zabrodin_129700,A Zabrodin,2,1,43,33,10,76,2021-08-31 09:30:00,524565
Vadym Bochkovskyi_179634,Vadym Bochkovskyi,3,1,37,26,11,63,2021-08-31 09:30:00,524566
Ruslan Ivanov_681653890,Ruslan Ivanov,-1,0,44,48,-4,92,2021-08-31 09:35:00,524567
Ihor Kovalenko_179406,Ihor Kovalenko,3,1,33,17,16,50,2021-08-31 09:35:00,524568
Stanislav Harenko_731995375,Stanislav Harenko,2,1,42,38,4,80,2021-08-31 09:40:00,524569
Dmytro Kunchurov_179421,Dmytro Kunchurov,3,1,33,19,14,52,2021-08-31 09:40:00,524570
Anton Myrza_937378473,Anton Myrza,2,1,36,28,8,64,2021-08-31 09:45:00,524571
Yana Mykhailyk_179436,Yana Mykhailyk,2,1,35,32,3,67,2021-08-31 09:45:00,524572
V Rudenko_129660,V Rudenko,1,1,48,43,5,91,2021-08-31 09:46:00,524573
Anatolii Hritchenko_415175414,Anatolii Hritchenko,2,1,44,38,6,82,2021-08-31 09:50:00,524574
Oleh Bindas_179377,Oleh Bindas,3,1,35,26,9,61,2021-08-31 09:50:00,524575
Oleh Yurenev_179445,Oleh Yurenev,-2,0,34,42,-8,76,2021-08-31 09:50:00,524576
A Lobanov_129734,A Lobanov,-2,0,31,40,-9,71,2021-08-31 09:51:00,524577
Viktor Bosak_1896366973,Viktor Bosak,-3,0,26,36,-10,62,2021-08-31 09:55:00,524578
Serhii Pitsyk_179608,Serhii Pitsyk,-3,0,16,33,-17,49,2021-08-31 09:55:00,524579
Jachym Sebl_179585,Jachym Sebl,1,1,46,45,1,91,2021-08-31 10:00:00,524580
Oleh Holiak_179470,Oleh Holiak,2,1,42,25,17,67,2021-08-31 10:00:00,524581
A Barbora_29145,A Barbora,3,1,35,27,8,62,2021-08-31 10:00:00,524582
Roman Zholubak_179635,Roman Zholubak,2,1,36,36,0,72,2021-08-31 10:00:00,524583
Nazarii Danyliuk_1742339457,Nazarii Danyliuk,2,1,42,38,4,80,2021-08-31 10:00:00,524584
O Belugin_129701,O Belugin,-2,0,29,41,-12,70,2021-08-31 10:02:00,524585
Serhii Baranovskyi_1884583488,Serhii Baranovskyi,-2,0,31,42,-11,73,2021-08-31 10:05:00,524586
Vadym Reva_179407,Vadym Reva,-1,0,45,50,-5,95,2021-08-31 10:05:00,524587
Andrii Kotik_1596753151,Andrii Kotik,-2,0,42,48,-6,90,2021-08-31 10:05:00,524588
Dmytro Alekseenko_1162262614,Dmytro Alekseenko,-2,0,40,49,-9,89,2021-08-31 10:10:00,524589
Bohdan Yurka_179422,Bohdan Yurka,-3,0,22,34,-12,56,2021-08-31 10:10:00,524590
Valeriy Medvedenko_2009024561,Valeriy Medvedenko,2,1,42,27,15,69,2021-08-31 10:15:00,524591
Anastasiia Kozak_179437,Anastasiia Kozak,-1,0,56,57,-1,113,2021-08-31 10:15:00,524592
N Zhurba_129735,N Zhurba,-3,0,25,34,-9,59,2021-08-31 10:17:00,524593
S Muslikov_129661,S Muslikov,1,1,58,52,6,110,2021-08-31 10:17:00,524594
Kostiantyn Tsoi_179446,Kostiantyn Tsoi,-1,0,54,56,-2,110,2021-08-31 10:20:00,524595
Nazar Mosiuk_179378,Nazar Mosiuk,-2,0,38,43,-5,81,2021-08-31 10:20:00,524596
Artem Tkachenko_1225942656,Artem Tkachenko,-2,0,28,40,-12,68,2021-08-31 10:20:00,524597
Oleh Furman_1668552048,Oleh Furman,-1,0,45,47,-2,92,2021-08-31 10:25:00,524598
Taras Yemelianov_179617,Taras Yemelianov,1,1,48,49,-1,97,2021-08-31 10:25:00,524599
Ja Botka_29146,Ja Botka,-2,0,45,49,-4,94,2021-08-31 10:30:00,524600
Mykola Shyshkin_179471,Mykola Shyshkin,2,1,40,32,8,72,2021-08-31 10:30:00,524601
Lukas Adamec_179586,Lukas Adamec,-1,0,52,50,2,102,2021-08-31 10:30:00,524602
Kyrylo Yurchenko_179636,Kyrylo Yurchenko,-1,0,41,52,-11,93,2021-08-31 10:30:00,524603
Roman Vashchuk_928986267,Roman Vashchuk,-1,0,45,46,-1,91,2021-08-31 10:30:00,524604
Vasyl Kushnir_669687285,Vasyl Kushnir,2,1,37,27,10,64,2021-08-31 10:35:00,524605
Hennadii Buianover_179408,Hennadii Buianover,-1,0,38,48,-10,86,2021-08-31 10:35:00,524606
O Belugin_129776,O Belugin,-2,0,28,35,-7,63,2021-08-31 10:36:00,524607
Valerii Melnyk_1506335508,Valerii Melnyk,-2,0,33,41,-8,74,2021-08-31 10:40:00,524608
Serhii Fedorenko_179423,Serhii Fedorenko,3,1,33,13,20,46,2021-08-31 10:40:00,524609
Sergey Filatov_224691922,Sergey Filatov,2,1,41,38,3,79,2021-08-31 10:40:00,524610
Andriy Chermenskyi_1307056796,Andriy Chermenskyi,-3,0,20,33,-13,53,2021-08-31 10:45:00,524611
Anastasiia Moskaliuk_179438,Anastasiia Moskaliuk,-1,0,55,49,6,104,2021-08-31 10:45:00,524612
A Lobanov_129778,A Lobanov,1,1,45,42,3,87,2021-08-31 10:50:00,524613
Sergiy Balabey_1356397372,Sergiy Balabey,3,1,33,17,16,50,2021-08-31 10:50:00,524614
Denys Pesternikov_179379,Denys Pesternikov,-1,0,47,48,-1,95,2021-08-31 10:50:00,524615
Serhii Semenets_179447,Serhii Semenets,2,1,42,30,12,72,2021-08-31 10:50:00,524616
A Fedorov_129780,A Fedorov,1,1,50,34,16,84,2021-08-31 10:53:00,524617
Anton Myrza_891042542,Anton Myrza,3,1,33,22,11,55,2021-08-31 10:55:00,524618
Andrii Peretiatko_179610,Andrii Peretiatko,-1,0,45,53,-8,98,2021-08-31 10:55:00,524619
Anatolii Hritchenko_728726785,Anatolii Hritchenko,-3,0,14,33,-19,47,2021-08-31 11:00:00,524620
A Barbora_29147,A Barbora,-3,0,20,33,-13,53,2021-08-31 11:00:00,524621
Roman Zholubak_179637,Roman Zholubak,-1,0,40,46,-6,86,2021-08-31 11:00:00,524622
Martin Prusa_179587,Martin Prusa,3,1,34,24,10,58,2021-08-31 11:00:00,524623
Vasyl Moshovskyi_179472,Vasyl Moshovskyi,-3,0,19,34,-15,53,2021-08-31 11:00:00,524624
A Kolmin_129777,A Kolmin,-3,0,25,33,-8,58,2021-08-31 11:00:00,524625
Andrii Sydorenko_179409,Andrii Sydorenko,3,1,33,20,13,53,2021-08-31 11:05:00,524626
Igor Vatsyn_1017157887,Igor Vatsyn,-1,0,42,53,-11,95,2021-08-31 11:05:00,524627
Oleksandr Durduka_179424,Oleksandr Durduka,-2,0,36,37,-1,73,2021-08-31 11:10:00,524628
Nazarii Hrytsyienko_713999136,Nazarii Hrytsyienko,-1,0,50,50,0,100,2021-08-31 11:10:00,524629
Anastasiia Kozak_179439,Anastasiia Kozak,1,1,47,43,4,90,2021-08-31 11:15:00,524630
Mykyta Ruban_108399809,Mykyta Ruban,-3,0,20,34,-14,54,2021-08-31 11:15:00,524631
Dmytro Vakhta_2093366749,Dmytro Vakhta,-1,0,42,47,-5,89,2021-08-31 11:15:00,524632
S Muslikov_129781,S Muslikov,-3,0,27,33,-6,60,2021-08-31 11:17:00,524633
I Novikov_129779,I Novikov,-1,0,43,42,1,85,2021-08-31 11:19:00,524634
Oleh Yurenev_179448,Oleh Yurenev,-1,0,50,51,-1,101,2021-08-31 11:20:00,524635
Anatolii Yakovenko_1416386513,Anatolii Yakovenko,-2,0,38,41,-3,79,2021-08-31 11:20:00,524636
Yaroslav Kravets_179380,Yaroslav Kravets,1,1,52,48,4,100,2021-08-31 11:20:00,524637
Stanislav Harenko_1029873426,Stanislav Harenko,-2,0,32,43,-11,75,2021-08-31 11:25:00,524638
Ihor Oranskyi_179618,Ihor Oranskyi,3,1,33,14,19,47,2021-08-31 11:25:00,524639
V Pecka_29148,V Pecka,3,1,37,26,11,63,2021-08-31 11:29:00,524640
Oleh Rynskyi_179473,Oleh Rynskyi,-2,0,29,39,-10,68,2021-08-31 11:30:00,524641
Lukas Adamec_179588,Lukas Adamec,-2,0,37,43,-6,80,2021-08-31 11:30:00,524642
Anatolii Zapletniuk_687673728,Anatolii Zapletniuk,2,1,38,34,4,72,2021-08-31 11:30:00,524643
Vadym Bochkovskyi_179638,Vadym Bochkovskyi,3,1,33,17,16,50,2021-08-31 11:30:00,524644
Ihor Kovalenko_179410,Ihor Kovalenko,-1,0,46,46,0,92,2021-08-31 11:35:00,524645
Andrii Sydorenko_562707752,Andrii Sydorenko,3,1,35,29,6,64,2021-08-31 11:35:00,524646
O Butorin_129702,O Butorin,-2,0,36,44,-8,80,2021-08-31 11:39:00,524647
Viktor Bosak_12029515,Viktor Bosak,-2,0,34,50,-16,84,2021-08-31 11:40:00,524648
Dmytro Kunchurov_179425,Dmytro Kunchurov,-2,0,33,41,-8,74,2021-08-31 11:40:00,524649
Yana Mykhailyk_179440,Yana Mykhailyk,-1,0,43,51,-8,94,2021-08-31 11:45:00,524650
Nazarii Danyliuk_47298741,Nazarii Danyliuk,1,1,57,53,4,110,2021-08-31 11:45:00,524651
N Pashkov_129662,N Pashkov,3,1,33,24,9,57,2021-08-31 11:47:00,524652
V Mishakin_129736,V Mishakin,-1,0,46,43,3,89,2021-08-31 11:50:00,524653
Serhii Baranovskyi_2027122238,Serhii Baranovskyi,-1,0,45,51,-6,96,2021-08-31 11:50:00,524654
Serhii Semenets_179449,Serhii Semenets,3,1,33,24,9,57,2021-08-31 11:50:00,524655
Andrii Kotik_1466450993,Andrii Kotik,1,1,45,46,-1,91,2021-08-31 11:50:00,524656
Oleh Bindas_179381,Oleh Bindas,1,1,46,42,4,88,2021-08-31 11:50:00,524657
Ruslan Ivanov_310314880,Ruslan Ivanov,-2,0,28,42,-14,70,2021-08-31 11:55:00,524658
Serhii Pitsyk_179611,Serhii Pitsyk,1,1,49,40,9,89,2021-08-31 11:55:00,524659
Oleh Holiak_179474,Oleh Holiak,-2,0,26,38,-12,64,2021-08-31 12:00:00,524660
Valeriy Medvedenko_2131624052,Valeriy Medvedenko,-1,0,42,48,-6,90,2021-08-31 12:00:00,524661
Kyrylo Yurchenko_179639,Kyrylo Yurchenko,1,1,42,47,-5,89,2021-08-31 12:00:00,524662
Ja Jablonovsky_29173,Ja Jablonovsky,1,1,50,46,4,96,2021-08-31 12:01:00,524663
Vadym Reva_179411,Vadym Reva,2,1,42,28,14,70,2021-08-31 12:05:00,524664
Artem Tkachenko_945521089,Artem Tkachenko,2,1,37,27,10,64,2021-08-31 12:05:00,524665
T Razinkov_129703,T Razinkov,-1,0,52,55,-3,107,2021-08-31 12:07:00,524666
Oleh Furman_2079352785,Oleh Furman,2,1,44,38,6,82,2021-08-31 12:10:00,524667
Bohdan Yurka_179426,Bohdan Yurka,-2,0,30,40,-10,70,2021-08-31 12:10:00,524668
Roman Vashchuk_1745344103,Roman Vashchuk,-2,0,31,39,-8,70,2021-08-31 12:15:00,524669
Anastasiia Moskaliuk_179441,Anastasiia Moskaliuk,-1,0,46,49,-3,95,2021-08-31 12:15:00,524670
Michal Brozek_179653,Michal Brozek,-2,0,36,40,-4,76,2021-08-31 12:15:00,524671
K Simonov_129663,K Simonov,-2,0,33,42,-9,75,2021-08-31 12:17:00,524672
A Kazakov_129737,A Kazakov,-1,0,46,46,0,92,2021-08-31 12:18:00,524673
Vasyl Kushnir_1705413316,Vasyl Kushnir,-2,0,33,46,-13,79,2021-08-31 12:20:00,524674
Kostiantyn Tsoi_179450,Kostiantyn Tsoi,-3,0,24,33,-9,57,2021-08-31 12:20:00,524675
Nazar Mosiuk_179382,Nazar Mosiuk,2,1,41,26,15,67,2021-08-31 12:20:00,524676
Sergey Filatov_643478600,Sergey Filatov,-2,0,32,38,-6,70,2021-08-31 12:25:00,524677
Valerii Melnyk_837116928,Valerii Melnyk,3,1,33,24,9,57,2021-08-31 12:25:00,524678
Taras Yemelianov_179619,Taras Yemelianov,2,1,43,33,10,76,2021-08-31 12:25:00,524679
V Pecka_29174,V Pecka,-2,0,44,48,-4,92,2021-08-31 12:30:00,524680
Mykola Shyshkin_179475,Mykola Shyshkin,2,1,43,37,6,80,2021-08-31 12:30:00,524681
Volodymyr Chornobab_179640,Volodymyr Chornobab,-3,0,17,33,-16,50,2021-08-31 12:30:00,524682
Dmytro Alekseenko_1238218758,Dmytro Alekseenko,2,1,44,37,7,81,2021-08-31 12:30:00,524683
Oleh Obidnyi_1055416695,Oleh Obidnyi,3,1,35,26,9,61,2021-08-31 12:35:00,524684
Hennadii Buianover_179412,Hennadii Buianover,-1,0,45,42,3,87,2021-08-31 12:35:00,524685
Anton Myrza_130525830,Anton Myrza,1,1,50,47,3,97,2021-08-31 12:40:00,524686
Serhii Fedorenko_179427,Serhii Fedorenko,1,1,58,50,8,108,2021-08-31 12:40:00,524687
Anastasiia Ostapenko_179442,Anastasiia Ostapenko,-2,0,26,40,-14,66,2021-08-31 12:45:00,524688
Martin Prusa_179654,Martin Prusa,2,1,41,30,11,71,2021-08-31 12:45:00,524689
A Kozlov_129704,A Kozlov,-3,0,25,33,-8,58,2021-08-31 12:45:00,524690
Anatolii Hritchenko_709209833,Anatolii Hritchenko,-2,0,35,42,-7,77,2021-08-31 12:45:00,524691
O Manuylov_129664,O Manuylov,3,1,33,20,13,53,2021-08-31 12:46:00,524692
Igor Vatsyn_1975076395,Igor Vatsyn,-1,0,42,43,-1,85,2021-08-31 12:50:00,524693
Oleh Yurenev_179451,Oleh Yurenev,-2,0,36,38,-2,74,2021-08-31 12:50:00,524694
Denys Pesternikov_179383,Denys Pesternikov,-1,0,44,48,-4,92,2021-08-31 12:50:00,524695
Andrii Peretiatko_179620,Andrii Peretiatko,2,1,43,36,7,79,2021-08-31 12:55:00,524696
I Iskenderov_129738,I Iskenderov,1,1,43,44,-1,87,2021-08-31 12:55:00,524697
Nazarii Hrytsyienko_1586672935,Nazarii Hrytsyienko,-3,0,21,34,-13,55,2021-08-31 12:55:00,524698
Tomas Stejskal_179589,Tomas Stejskal,-1,0,43,50,-7,93,2021-08-31 13:00:00,524699
Dmytro Vakhta_905029968,Dmytro Vakhta,-3,0,28,37,-9,65,2021-08-31 13:00:00,524700
Mykyta Ruban_1226829262,Mykyta Ruban,3,1,38,28,10,66,2021-08-31 13:00:00,524701
Vasyl Moshovskyi_179476,Vasyl Moshovskyi,1,1,51,42,9,93,2021-08-31 13:00:00,524702
Vadym Bochkovskyi_179655,Vadym Bochkovskyi,-2,0,34,39,-5,73,2021-08-31 13:00:00,524703
M Svedik_29149,M Svedik,-2,0,35,44,-9,79,2021-08-31 13:01:00,524704
Andrii Sydorenko_179413,Andrii Sydorenko,1,1,54,45,9,99,2021-08-31 13:05:00,524705
Andriy Chermenskyi_534328975,Andriy Chermenskyi,-3,0,27,35,-8,62,2021-08-31 13:05:00,524706
D Mikheev_129705,D Mikheev,-3,0,27,36,-9,63,2021-08-31 13:07:00,524707
Oleksandr Durduka_179428,Oleksandr Durduka,-3,0,27,34,-7,61,2021-08-31 13:10:00,524708
Sergiy Balabey_720876124,Sergiy Balabey,1,1,46,41,5,87,2021-08-31 13:10:00,524709
Anastasiia Ostapenko_179657,Anastasiia Ostapenko,-2,0,24,41,-17,65,2021-08-31 13:15:00,524710
Artem Tkachenko_2047350703,Artem Tkachenko,-1,0,43,50,-7,93,2021-08-31 13:15:00,524711
I Sergeevich_129665,I Sergeevich,3,1,33,22,11,55,2021-08-31 13:16:00,524712
Stefan Yakimenko_179452,Stefan Yakimenko,2,1,41,29,12,70,2021-08-31 13:20:00,524713
Oleh Bindas_179384,Oleh Bindas,1,1,45,43,2,88,2021-08-31 13:20:00,524714
Oleh Furman_200026044,Oleh Furman,-2,0,37,42,-5,79,2021-08-31 13:20:00,524715
Ihor Oranskyi_179462,Ihor Oranskyi,-3,0,15,33,-18,48,2021-08-31 13:25:00,524716
Volodymyr Tuchkevych_738189361,Volodymyr Tuchkevych,-3,0,24,35,-11,59,2021-08-31 13:25:00,524717
Oleh Rynskyi_179477,Oleh Rynskyi,-3,0,16,33,-17,49,2021-08-31 13:30:00,524718
Anton Molochko_588520285,Anton Molochko,2,1,45,40,5,85,2021-08-31 13:30:00,524719
Mykhailo Mosiuk_179656,Mykhailo Mosiuk,1,1,47,46,1,93,2021-08-31 13:30:00,524720
Ja Vanek_29150,Ja Vanek,-1,0,45,54,-9,99,2021-08-31 13:30:00,524721
Vaclav Strejc_179590,Vaclav Strejc,1,1,43,49,-6,92,2021-08-31 13:30:00,524722
A Zirin_129739,A Zirin,-2,0,28,42,-14,70,2021-08-31 13:31:00,524723
Vadym Nechyporuk_1714021204,Vadym Nechyporuk,2,1,43,34,9,77,2021-08-31 13:35:00,524724
Valentyn Yunchyk_1846988514,Valentyn Yunchyk,2,1,45,31,14,76,2021-08-31 13:35:00,524725
Vadym Reva_179414,Vadym Reva,1,1,42,46,-4,88,2021-08-31 13:35:00,524726
A Kozlov_129706,A Kozlov,-2,0,28,41,-13,69,2021-08-31 13:37:00,524727
Anatolii Yakovenko_644864777,Anatolii Yakovenko,-2,0,32,44,-12,76,2021-08-31 13:40:00,524728
Bohdan Yurka_179429,Bohdan Yurka,2,1,42,31,11,73,2021-08-31 13:40:00,524729
Viktoriia Husieva_179658,Viktoriia Husieva,-2,0,31,43,-12,74,2021-08-31 13:45:00,524730
Sergiy Balabey_1756677843,Sergiy Balabey,-1,0,48,49,-1,97,2021-08-31 13:45:00,524731
O Manuylov_129666,O Manuylov,-2,0,36,39,-3,75,2021-08-31 13:45:00,524732
Mykhailo Kistechko_179385,Mykhailo Kistechko,-3,0,21,33,-12,54,2021-08-31 13:50:00,524733
Anton Myrza_1325031760,Anton Myrza,-3,0,23,33,-10,56,2021-08-31 13:50:00,524734
Serhii Pitsyk_179621,Serhii Pitsyk,1,1,53,51,2,104,2021-08-31 13:55:00,524735
Anatolii Hritchenko_1449457096,Anatolii Hritchenko,-2,0,36,46,-10,82,2021-08-31 13:55:00,524736
Andrii Semeniuk_179659,Andrii Semeniuk,3,1,34,21,13,55,2021-08-31 13:55:00,524737
I Iskenderov_129740,I Iskenderov,-2,0,30,41,-11,71,2021-08-31 13:58:00,524738
T Razinkov_129707,T Razinkov,-3,0,16,33,-17,49,2021-08-31 14:00:00,524739
Vaclav Strejc_179591,Vaclav Strejc,-1,0,43,44,-1,87,2021-08-31 14:00:00,524740
Oleh Holiak_179478,Oleh Holiak,1,1,45,45,0,90,2021-08-31 14:00:00,524741
Viktor Bosak_1865445916,Viktor Bosak,1,1,42,44,-2,86,2021-08-31 14:00:00,524742
Serhii Bohach_179415,Serhii Bohach,-2,0,37,44,-7,81,2021-08-31 14:05:00,524743
Nazarii Danyliuk_1486585694,Nazarii Danyliuk,-2,0,37,45,-8,82,2021-08-31 14:05:00,524744
F Just_29151,F Just,1,1,50,39,11,89,2021-08-31 14:08:00,524745
Andrii Kotik_1040884461,Andrii Kotik,2,1,41,30,11,71,2021-08-31 14:10:00,524746
Ihor Emets_179430,Ihor Emets,-2,0,43,47,-4,90,2021-08-31 14:10:00,524747
Serhii Baranovskyi_95200654,Serhii Baranovskyi,2,1,43,35,8,78,2021-08-31 14:10:00,524748
Dmytro Alekseenko_1430145687,Dmytro Alekseenko,3,1,33,15,18,48,2021-08-31 14:15:00,524749
K Simonov_129667,K Simonov,-1,0,52,48,4,100,2021-08-31 14:15:00,524750
Valeriy Medvedenko_2131550000,Valeriy Medvedenko,1,1,42,37,5,79,2021-08-31 14:20:00,524751
Oleh Bindas_179386,Oleh Bindas,-2,0,37,46,-9,83,2021-08-31 14:20:00,524752
Artem Tkachenko_442260973,Artem Tkachenko,2,1,43,28,15,71,2021-08-31 14:25:00,524753
Stefan Yakimenko_179660,Stefan Yakimenko,-3,0,27,35,-8,62,2021-08-31 14:25:00,524754
Andrii Peretiatko_179622,Andrii Peretiatko,2,1,42,26,16,68,2021-08-31 14:25:00,524755
Oleh Furman_857195765,Oleh Furman,-2,0,34,43,-9,77,2021-08-31 14:30:00,524756
A Kozlov_129782,A Kozlov,1,1,56,47,9,103,2021-08-31 14:30:00,524757
Tomas Stejskal_179592,Tomas Stejskal,2,1,40,32,8,72,2021-08-31 14:30:00,524758
Vasyl Moshovskyi_179479,Vasyl Moshovskyi,-2,0,31,38,-7,69,2021-08-31 14:30:00,524759
A Kazakov_129741,A Kazakov,-2,0,24,36,-12,60,2021-08-31 14:33:00,524760
Vadym Reva_179416,Vadym Reva,3,1,33,16,17,49,2021-08-31 14:35:00,524761
Volodymyr Tuchkevych_131511952,Volodymyr Tuchkevych,3,1,33,18,15,51,2021-08-31 14:35:00,524762
V Havlicek_29152,V Havlicek,-2,0,35,38,-3,73,2021-08-31 14:38:00,524763
Anton Molochko_1681540347,Anton Molochko,2,1,38,36,2,74,2021-08-31 14:40:00,524764
Bohdan Yurka_179431,Bohdan Yurka,1,1,53,49,4,102,2021-08-31 14:40:00,524765
Dmytro Vakhta_116784256,Dmytro Vakhta,-1,0,47,47,0,94,2021-08-31 14:45:00,524766
Serhii Baranovskyi_1154533568,Serhii Baranovskyi,-2,0,39,42,-3,81,2021-08-31 14:45:00,524767
Yaroslav Kravets_179387,Yaroslav Kravets,3,1,33,20,13,53,2021-08-31 14:50:00,524768
Igor Sukovatyi_2048741301,Igor Sukovatyi,-1,0,42,45,-3,87,2021-08-31 14:50:00,524769
K Simonov_129818,K Simonov,1,1,52,43,9,95,2021-08-31 14:54:00,524770
Serhii Khandetskyi_179623,Serhii Khandetskyi,2,1,37,34,3,71,2021-08-31 14:55:00,524771
Denys Kvyk_179480,Denys Kvyk,3,1,33,19,14,52,2021-08-31 15:00:00,524772
Jan Blazek_179593,Jan Blazek,-1,0,47,46,1,93,2021-08-31 15:00:00,524773
A Kazakov_129820,A Kazakov,2,1,35,30,5,65,2021-08-31 15:00:00,524774
Anatolii Zapletniuk_687528957,Anatolii Zapletniuk,1,1,52,45,7,97,2021-08-31 15:00:00,524775
F Just_29153,F Just,-1,0,52,57,-5,109,2021-08-31 15:02:00,524776
D Mikheev_129783,D Mikheev,-3,0,21,33,-12,54,2021-08-31 15:04:00,524777
Ihor Kovalenko_179417,Ihor Kovalenko,1,1,52,48,4,100,2021-08-31 15:05:00,524778
Andrii Sydorenko_1130824455,Andrii Sydorenko,2,1,42,27,15,69,2021-08-31 15:05:00,524779
Roman Vashchuk_1083657691,Roman Vashchuk,-2,0,37,46,-9,83,2021-08-31 15:10:00,524780
Dmytro Kunchurov_179432,Dmytro Kunchurov,-3,0,12,33,-21,45,2021-08-31 15:10:00,524781
Vasyl Verbianyi_811900814,Vasyl Verbianyi,3,1,35,27,8,62,2021-08-31 15:15:00,524782
Valerii Melnyk_1506582643,Valerii Melnyk,3,1,37,28,9,65,2021-08-31 15:20:00,524783
Andrii Novikov_179483,Andrii Novikov,-3,0,14,33,-19,47,2021-08-31 15:20:00,524784
Andrii Kotik_1676689203,Andrii Kotik,1,1,58,56,2,114,2021-08-31 15:20:00,524785
I Iskenderov_129821,I Iskenderov,1,1,43,40,3,83,2021-08-31 15:22:00,524786
Andrii Peretiatko_179466,Andrii Peretiatko,-1,0,42,48,-6,90,2021-08-31 15:25:00,524787
Dmytro Alekseenko_1595209354,Dmytro Alekseenko,1,1,43,42,1,85,2021-08-31 15:25:00,524788
I Sergeevich_129819,I Sergeevich,2,1,41,24,17,65,2021-08-31 15:29:00,524789
Tomas Stejskal_179594,Tomas Stejskal,-2,0,36,43,-7,79,2021-08-31 15:30:00,524790
Vasyl Moshovskyi_179481,Vasyl Moshovskyi,1,1,46,46,0,92,2021-08-31 15:30:00,524791
Valerii Hries_179493,Valerii Hries,3,1,34,22,12,56,2021-08-31 15:30:00,524792
M Gusev_129708,M Gusev,1,1,47,46,1,93,2021-08-31 15:33:00,524793
Andrii Romanenko_179503,Andrii Romanenko,3,1,36,28,8,64,2021-08-31 15:35:00,524794
Adam Krasutskyi_926855457,Adam Krasutskyi,1,1,49,39,10,88,2021-08-31 15:35:00,524795
Oleksandr Ivchuk_179518,Oleksandr Ivchuk,-1,0,43,45,-2,88,2021-08-31 15:40:00,524796
Artur Moriak_1575860227,Artur Moriak,3,1,34,23,11,57,2021-08-31 15:40:00,524797
Ja Vanek_29154,Ja Vanek,-2,0,35,39,-4,74,2021-08-31 15:41:00,524798
Serhii Yatsenko_179528,Serhii Yatsenko,-1,0,46,51,-5,97,2021-08-31 15:45:00,524799
Andrei Huchok_179484,Andrei Huchok,-3,0,22,35,-13,57,2021-08-31 15:50:00,524800
Maksym Mykhailovych_3945996,Maksym Mykhailovych,-1,0,47,51,-4,98,2021-08-31 15:50:00,524801
D Molodtsov_129668,D Molodtsov,3,1,33,15,18,48,2021-08-31 15:55:00,524802
Vitalii Solovei_400143802,Vitalii Solovei,1,1,49,45,4,94,2021-08-31 15:55:00,524803
Taras Yemelianov_179624,Taras Yemelianov,-3,0,26,33,-7,59,2021-08-31 15:55:00,524804
A Golyshev_129742,A Golyshev,2,1,45,39,6,84,2021-08-31 15:56:00,524805
Ruslan Ivanov_950859538,Ruslan Ivanov,2,1,47,41,6,88,2021-08-31 16:00:00,524806
Mykola Shyshkin_179482,Mykola Shyshkin,-1,0,47,51,-4,98,2021-08-31 16:00:00,524807
Oleksandr Osadchyi_179494,Oleksandr Osadchyi,1,1,52,41,11,93,2021-08-31 16:00:00,524808
M Svedik_29199,M Svedik,3,1,33,23,10,56,2021-08-31 16:01:00,524809
Jan Blazek_179661,Jan Blazek,-2,0,38,43,-5,81,2021-08-31 16:05:00,524810
Hryhorii Kulishov_179504,Hryhorii Kulishov,-1,0,49,42,7,91,2021-08-31 16:05:00,524811
M Chernyavskiy_129709,M Chernyavskiy,-1,0,46,47,-1,93,2021-08-31 16:07:00,524812
Artem Yurkov_179519,Artem Yurkov,3,1,33,23,10,56,2021-08-31 16:10:00,524813
Yevhenii Omitsynskyi_1998990874,Yevhenii Omitsynskyi,3,1,33,21,12,54,2021-08-31 16:10:00,524814
Serhii Khushvakhtov_179529,Serhii Khushvakhtov,-3,0,11,33,-22,44,2021-08-31 16:15:00,524815
Artem Nesterenko_1435739006,Artem Nesterenko,-3,0,26,34,-8,60,2021-08-31 16:15:00,524816
I Ramensky_129669,I Ramensky,-1,0,43,49,-6,92,2021-08-31 16:16:00,524817
A Arutiunyan_129743,A Arutiunyan,-1,0,38,49,-11,87,2021-08-31 16:16:00,524818
Mykola Tovkach_671700144,Mykola Tovkach,1,1,48,44,4,92,2021-08-31 16:20:00,524819
Andrii Novikov_179485,Andrii Novikov,-1,0,44,49,-5,93,2021-08-31 16:20:00,524820
Serhii Tkachev_179538,Serhii Tkachev,-2,0,34,41,-7,75,2021-08-31 16:25:00,524821
Viktor Bedriichuk_1670482085,Viktor Bedriichuk,3,1,33,19,14,52,2021-08-31 16:25:00,524822
Valerii Hries_179495,Valerii Hries,2,1,42,29,13,71,2021-08-31 16:30:00,524823
Pavlo Plushch_1497525890,Pavlo Plushch,-1,0,40,47,-7,87,2021-08-31 16:30:00,524824
V Havlicek_29200,V Havlicek,-3,0,18,34,-16,52,2021-08-31 16:31:00,524825
A Yakovlev_129710,A Yakovlev,-3,0,17,33,-16,50,2021-08-31 16:34:00,524826
Serhii Ponomarenko_143853145,Serhii Ponomarenko,-1,0,46,49,-3,95,2021-08-31 16:35:00,524827
Michal Raska_179662,Michal Raska,3,1,38,27,11,65,2021-08-31 16:35:00,524828
Vitalii Kyilo_179505,Vitalii Kyilo,3,1,40,28,12,68,2021-08-31 16:35:00,524829
Anton Riabukhin_1118197676,Anton Riabukhin,3,1,36,29,7,65,2021-08-31 16:40:00,524830
Oleksandr Ivchuk_179520,Oleksandr Ivchuk,-3,0,23,34,-11,57,2021-08-31 16:40:00,524831
Serhii Yatsenko_179530,Serhii Yatsenko,2,1,42,36,6,78,2021-08-31 16:45:00,524832
Adam Krasutskyi_1137020072,Adam Krasutskyi,-1,0,45,47,-2,92,2021-08-31 16:45:00,524833
V Pronin_129744,V Pronin,-1,0,41,44,-3,85,2021-08-31 16:46:00,524834
Yaroslav Tebenko_179486,Yaroslav Tebenko,-2,0,26,39,-13,65,2021-08-31 16:50:00,524835
Artur Moriak_732445273,Artur Moriak,-3,0,22,36,-14,58,2021-08-31 16:50:00,524836
V Beliakov_129670,V Beliakov,-1,0,46,52,-6,98,2021-08-31 16:50:00,524837
Illia Semeniuk_60565319,Illia Semeniuk,1,1,46,40,6,86,2021-08-31 16:55:00,524838
Pavlo Babenko_179539,Pavlo Babenko,2,1,46,42,4,88,2021-08-31 16:55:00,524839
Vadym Kucheriavyi_179496,Vadym Kucheriavyi,-1,0,44,46,-2,90,2021-08-31 17:00:00,524840
Maksym Mykhailovych_1020713592,Maksym Mykhailovych,-1,0,48,51,-3,99,2021-08-31 17:00:00,524841
Martin Kocvara_179648,Martin Kocvara,1,1,52,40,12,92,2021-08-31 17:00:00,524842
Jo Silhan_29155,Jo Silhan,3,1,33,23,10,56,2021-08-31 17:00:00,524843
V Vologzhanin_129711,V Vologzhanin,2,1,45,31,14,76,2021-08-31 17:00:00,524844
Hryhorii Kulishov_179506,Hryhorii Kulishov,-3,0,25,34,-9,59,2021-08-31 17:05:00,524845
Vitalii Solovei_1329613952,Vitalii Solovei,-3,0,23,34,-11,57,2021-08-31 17:05:00,524846
Oleksandr Kolbasenko_179521,Oleksandr Kolbasenko,2,1,42,31,11,73,2021-08-31 17:10:00,524847
Vitalii Vovk_1000253503,Vitalii Vovk,2,1,46,41,5,87,2021-08-31 17:10:00,524848
A Trushkin_129745,A Trushkin,1,1,47,44,3,91,2021-08-31 17:15:00,524849
Serhii Ponomarenko_2136860907,Serhii Ponomarenko,-2,0,31,38,-7,69,2021-08-31 17:15:00,524850
Serhii Solomko_179531,Serhii Solomko,-2,0,31,43,-12,74,2021-08-31 17:15:00,524851
Andrei Huchok_179487,Andrei Huchok,1,1,45,44,1,89,2021-08-31 17:20:00,524852
Yevhenii Omitsynskyi_1408385862,Yevhenii Omitsynskyi,-3,0,23,36,-13,59,2021-08-31 17:20:00,524853
Vitalii Protopopov_707093962,Vitalii Protopopov,-2,0,33,42,-9,75,2021-08-31 17:25:00,524854
Igor Talalai_179540,Igor Talalai,1,1,45,50,-5,95,2021-08-31 17:25:00,524855
K Bystrushkin_129671,K Bystrushkin,1,1,44,44,0,88,2021-08-31 17:26:00,524856
Oleksandr Osadchyi_179497,Oleksandr Osadchyi,-1,0,45,50,-5,95,2021-08-31 17:30:00,524857
Jiri Plachy_179649,Jiri Plachy,3,1,33,19,14,52,2021-08-31 17:30:00,524858
Mykola Tovkach_892152410,Mykola Tovkach,2,1,41,36,5,77,2021-08-31 17:30:00,524859
A Yakovlev_129712,A Yakovlev,-2,0,27,39,-12,66,2021-08-31 17:30:00,524860
T Zahradnik_29156,T Zahradnik,-3,0,24,33,-9,57,2021-08-31 17:31:00,524861
Serhii Rutskyi_552417818,Serhii Rutskyi,1,1,49,43,6,92,2021-08-31 17:35:00,524862
Andrii Romanenko_179507,Andrii Romanenko,-1,0,51,48,3,99,2021-08-31 17:35:00,524863
Pavlo Plushch_1858563230,Pavlo Plushch,-3,0,11,33,-22,44,2021-08-31 17:40:00,524864
Artem Yurkov_179522,Artem Yurkov,2,1,45,41,4,86,2021-08-31 17:40:00,524865
Vitalii Vovk_406206979,Vitalii Vovk,2,1,36,28,8,64,2021-08-31 17:45:00,524866
V Pronin_129746,V Pronin,2,1,45,38,7,83,2021-08-31 17:47:00,524867
Serhii Ponomarenko_2127211516,Serhii Ponomarenko,2,1,39,28,11,67,2021-08-31 17:50:00,524868
Andrii Novikov_179488,Andrii Novikov,-3,0,30,38,-8,68,2021-08-31 17:50:00,524869
Ivan Efimenko_179553,Ivan Efimenko,-3,0,23,33,-10,56,2021-08-31 17:50:00,524870
Adam Krasutskyi_1992103434,Adam Krasutskyi,1,1,46,45,1,91,2021-08-31 17:55:00,524871
Pavlo Babenko_179541,Pavlo Babenko,2,1,42,36,6,78,2021-08-31 17:55:00,524872
M Chernyavskiy_129713,M Chernyavskiy,3,1,33,18,15,51,2021-08-31 18:00:00,524873
Jiri Plachy_179650,Jiri Plachy,-2,0,32,43,-11,75,2021-08-31 18:00:00,524874
Valerii Hries_179498,Valerii Hries,1,1,48,36,12,84,2021-08-31 18:00:00,524875
Artem Nesterenko_1433637114,Artem Nesterenko,2,1,39,42,-3,81,2021-08-31 18:00:00,524876
V Beliakov_129672,V Beliakov,-2,0,32,42,-10,74,2021-08-31 18:00:00,524877
L Jindrak_29157,L Jindrak,3,1,34,28,6,62,2021-08-31 18:01:00,524878
Serhii Sokolov_179508,Serhii Sokolov,1,1,45,49,-4,94,2021-08-31 18:05:00,524879
Illia Semeniuk_1904519717,Illia Semeniuk,-2,0,31,40,-9,71,2021-08-31 18:05:00,524880
Viktor Bedriichuk_1697737893,Viktor Bedriichuk,2,1,42,32,10,74,2021-08-31 18:10:00,524881
Oleksandr Ivchuk_179523,Oleksandr Ivchuk,3,1,33,20,13,53,2021-08-31 18:10:00,524882
Serhii Yatsenko_179533,Serhii Yatsenko,3,1,36,28,8,64,2021-08-31 18:15:00,524883
A Arutiunyan_129747,A Arutiunyan,2,1,42,37,5,79,2021-08-31 18:15:00,524884
Vitalii Solovei_1730959812,Vitalii Solovei,2,1,40,32,8,72,2021-08-31 18:15:00,524885
Andrei Huchok_179489,Andrei Huchok,3,1,38,28,10,66,2021-08-31 18:20:00,524886
Serhii Ponomarenko_2007009229,Serhii Ponomarenko,3,1,33,19,14,52,2021-08-31 18:20:00,524887
Andrii Dombrovskyi_179554,Andrii Dombrovskyi,-2,0,38,43,-5,81,2021-08-31 18:20:00,524888
Serhii Tkachev_179542,Serhii Tkachev,-2,0,30,42,-12,72,2021-08-31 18:25:00,524889
Anton Riabukhin_750910299,Anton Riabukhin,3,1,33,24,9,57,2021-08-31 18:25:00,524890
I Ramensky_129673,I Ramensky,-1,0,48,50,-2,98,2021-08-31 18:29:00,524891
Serhii Zazymko_1828719757,Serhii Zazymko,2,1,41,26,15,67,2021-08-31 18:30:00,524892
Martin Kocvara_179651,Martin Kocvara,3,1,33,20,13,53,2021-08-31 18:30:00,524893
Jr. Mecl_29158,Jr. Mecl,-1,0,40,48,-8,88,2021-08-31 18:30:00,524894
Oleksandr Osadchyi_179499,Oleksandr Osadchyi,1,1,49,38,11,87,2021-08-31 18:30:00,524895
A Yakovlev_129890,A Yakovlev,-2,0,37,43,-6,80,2021-08-31 18:32:00,524896
Artur Moriak_1358211782,Artur Moriak,2,1,42,25,17,67,2021-08-31 18:35:00,524897
Vitalii Kyilo_179509,Vitalii Kyilo,-3,0,25,36,-11,61,2021-08-31 18:35:00,524898
Mykola Tovkach_889457491,Mykola Tovkach,2,1,41,32,9,73,2021-08-31 18:40:00,524899
Artem Yurkov_179524,Artem Yurkov,-2,0,36,39,-3,75,2021-08-31 18:40:00,524900
Maksym Mykhailovych_758047506,Maksym Mykhailovych,2,1,40,28,12,68,2021-08-31 18:45:00,524901
A Trushkin_129892,A Trushkin,-3,0,23,34,-11,57,2021-08-31 18:45:00,524902
Vitaliy Khamurda_661567661,Vitaliy Khamurda,-1,0,40,46,-6,86,2021-08-31 18:50:00,524903
Yaroslav Tebenko_179490,Yaroslav Tebenko,3,1,33,21,12,54,2021-08-31 18:50:00,524904
Yurii Kurishchenko_179555,Yurii Kurishchenko,-3,0,28,35,-7,63,2021-08-31 18:50:00,524905
Oleksandr Kovalchuk_179543,Oleksandr Kovalchuk,1,1,54,48,6,102,2021-08-31 18:55:00,524906
Vitalii Vovk_745076177,Vitalii Vovk,1,1,49,40,9,89,2021-08-31 18:55:00,524907
Marek Kulisek_179652,Marek Kulisek,-2,0,39,37,2,76,2021-08-31 19:00:00,524908
Vadym Kucheriavyi_179500,Vadym Kucheriavyi,-2,0,25,38,-13,63,2021-08-31 19:00:00,524909
Serhii Ponomarenko_1088129161,Serhii Ponomarenko,2,1,42,27,15,69,2021-08-31 19:00:00,524910
M Gusev_129891,M Gusev,2,1,43,36,7,79,2021-08-31 19:00:00,524911
L Jindrak_29159,L Jindrak,1,1,51,43,8,94,2021-08-31 19:02:00,524912
Hryhorii Kulishov_179510,Hryhorii Kulishov,1,1,48,43,5,91,2021-08-31 19:05:00,524913
Yevhenii Omitsynskyi_41218352,Yevhenii Omitsynskyi,1,1,45,50,-5,95,2021-08-31 19:05:00,524914
I Ramensky_129894,I Ramensky,-3,0,18,33,-15,51,2021-08-31 19:06:00,524915
Vitalii Protopopov_840172854,Vitalii Protopopov,1,1,45,47,-2,92,2021-08-31 19:10:00,524916
Oleksandr Kolbasenko_179525,Oleksandr Kolbasenko,3,1,33,21,12,54,2021-08-31 19:10:00,524917
Serhii Solomko_179535,Serhii Solomko,-3,0,28,37,-9,65,2021-08-31 19:15:00,524918
Serhii Berezynskyi_1679525392,Serhii Berezynskyi,2,1,40,30,10,70,2021-08-31 19:15:00,524919
A Golyshev_129893,A Golyshev,-1,0,35,49,-14,84,2021-08-31 19:15:00,524920
Andrii Dombrovskyi_179556,Andrii Dombrovskyi,2,1,47,39,8,86,2021-08-31 19:20:00,524921
Andrii Novikov_179491,Andrii Novikov,-3,0,22,33,-11,55,2021-08-31 19:20:00,524922
Serhii Rutskyi_482898533,Serhii Rutskyi,-2,0,29,38,-9,67,2021-08-31 19:20:00,524923
K Bystrushkin_129895,K Bystrushkin,-2,0,24,41,-17,65,2021-08-31 19:24:00,524924
Igor Talalai_179544,Igor Talalai,3,1,35,28,7,63,2021-08-31 19:25:00,524925
Vitalii Solovei_164088397,Vitalii Solovei,-3,0,20,33,-13,53,2021-08-31 19:25:00,524926
Vitalii Vovk_728148251,Vitalii Vovk,1,1,46,45,1,91,2021-08-31 19:30:00,524927
Valerii Hries_179501,Valerii Hries,-1,0,46,53,-7,99,2021-08-31 19:30:00,524928
T Zahradnik_29160,T Zahradnik,-1,0,37,51,-14,88,2021-08-31 19:30:00,524929
Martin Kocvara_179600,Martin Kocvara,1,1,46,47,-1,93,2021-08-31 19:30:00,524930
V Chernov_129714,V Chernov,-1,0,45,49,-4,94,2021-08-31 19:33:00,524931
Serhii Ponomarenko_466785361,Serhii Ponomarenko,-2,0,33,43,-10,76,2021-08-31 19:35:00,524932
Andrii Romanenko_179511,Andrii Romanenko,3,1,33,18,15,51,2021-08-31 19:35:00,524933
Oleksandr Ivchuk_179526,Oleksandr Ivchuk,-3,0,26,33,-7,59,2021-08-31 19:40:00,524934
Adam Krasutskyi_133672826,Adam Krasutskyi,1,1,45,39,6,84,2021-08-31 19:40:00,524935
Artem Nesterenko_2140467018,Artem Nesterenko,-3,0,24,35,-11,59,2021-08-31 19:45:00,524936
S Kaplan_129748,S Kaplan,-1,0,47,47,0,94,2021-08-31 19:46:00,524937
I Moshkov_129674,I Moshkov,1,1,48,40,8,88,2021-08-31 19:49:00,524938
Anatolii Dulich_179492,Anatolii Dulich,-2,0,43,48,-5,91,2021-08-31 19:50:00,524939
Ivan Efimenko_179557,Ivan Efimenko,-3,0,20,33,-13,53,2021-08-31 19:50:00,524940
Illia Semeniuk_1950575584,Illia Semeniuk,2,1,53,48,5,101,2021-08-31 19:50:00,524941
Pavlo Babenko_179545,Pavlo Babenko,-2,0,34,37,-3,71,2021-08-31 19:55:00,524942
Viktor Bedriichuk_1101193214,Viktor Bedriichuk,-1,0,47,44,3,91,2021-08-31 19:55:00,524943
Volodymyr Melnykov_179502,Volodymyr Melnykov,1,1,48,37,11,85,2021-08-31 20:00:00,524944
Pavlo Plushch_593167490,Pavlo Plushch,-1,0,37,47,-10,84,2021-08-31 20:00:00,524945
D Tikhnenko_129715,D Tikhnenko,3,1,34,23,11,57,2021-08-31 20:02:00,524946
Jr. Mecl_29201,Jr. Mecl,1,1,43,45,-2,88,2021-08-31 20:04:00,524947
Borys Buriak_79522096,Borys Buriak,-3,0,16,33,-17,49,2021-08-31 20:05:00,524948
Serhii Sokolov_179512,Serhii Sokolov,-1,0,40,51,-11,91,2021-08-31 20:05:00,524949
Marek Kulisek_179887,Marek Kulisek,-1,0,39,49,-10,88,2021-08-31 20:10:00,524950
Sviatoslav Sachuk_179527,Sviatoslav Sachuk,-3,0,27,34,-7,61,2021-08-31 20:10:00,524951
Oleksandr Kramarenko_1939047215,Oleksandr Kramarenko,2,1,42,29,13,71,2021-08-31 20:10:00,524952
Serhii Burdelnyi_179537,Serhii Burdelnyi,2,1,43,37,6,80,2021-08-31 20:15:00,524953
Yevhenii Omitsynskyi_283843788,Yevhenii Omitsynskyi,-3,0,20,33,-13,53,2021-08-31 20:15:00,524954
M Pronkin_129749,M Pronkin,-2,0,37,41,-4,78,2021-08-31 20:18:00,524955
Dmytro Belanchyk_1003415691,Dmytro Belanchyk,-1,0,43,43,0,86,2021-08-31 20:20:00,524956
Illia Valchuk_179558,Illia Valchuk,1,1,47,48,-1,95,2021-08-31 20:20:00,524957
A Klavdenkov_129675,A Klavdenkov,-2,0,31,40,-9,71,2021-08-31 20:20:00,524958
Serhii Tkachev_179546,Serhii Tkachev,1,1,52,40,12,92,2021-08-31 20:25:00,524959
Mykola Tovkach_964198614,Mykola Tovkach,1,1,52,49,3,101,2021-08-31 20:25:00,524960
Yaroslav Tebenko_179889,Yaroslav Tebenko,-1,0,37,48,-11,85,2021-08-31 20:30:00,524961
Andrii Hordii_955058927,Andrii Hordii,2,1,42,33,9,75,2021-08-31 20:30:00,524962
M Marchenko_129716,M Marchenko,-1,0,42,45,-3,87,2021-08-31 20:31:00,524963
Jo Silhan_29202,Jo Silhan,3,1,35,25,10,60,2021-08-31 20:33:00,524964
Vitalii Solovei_563797207,Vitalii Solovei,1,1,51,46,5,97,2021-08-31 20:35:00,524965
Vitalii Kyilo_179513,Vitalii Kyilo,3,1,34,26,8,60,2021-08-31 20:35:00,524966
Oleksandr Osadchyi_179891,Oleksandr Osadchyi,-1,0,41,49,-8,90,2021-08-31 20:35:00,524967
Borys Buriak_1830091901,Borys Buriak,-2,0,33,44,-11,77,2021-08-31 20:40:00,524968
Miloslav Kuba_179888,Miloslav Kuba,-3,0,22,36,-14,58,2021-08-31 20:40:00,524969
Oleksandr Kolbasenko_179893,Oleksandr Kolbasenko,-2,0,34,43,-9,77,2021-08-31 20:40:00,524970
Yuriy Tarasov_660335423,Yuriy Tarasov,-1,0,43,46,-3,89,2021-08-31 20:45:00,524971
I Buyanin_129750,I Buyanin,1,1,47,48,-1,95,2021-08-31 20:47:00,524972
E Markelov_129676,E Markelov,2,1,42,36,6,78,2021-08-31 20:48:00,524973
Adam Krasutskyi_816744877,Adam Krasutskyi,3,1,36,21,15,57,2021-08-31 20:50:00,524974
Yurii Kurishchenko_179559,Yurii Kurishchenko,-2,0,39,46,-7,85,2021-08-31 20:50:00,524975
Oleh Karpenko_179895,Oleh Karpenko,1,1,50,49,1,99,2021-08-31 20:55:00,524976
Artur Moriak_1720104685,Artur Moriak,3,1,33,22,11,55,2021-08-31 20:55:00,524977
Oleksandr Kovalchuk_179547,Oleksandr Kovalchuk,3,1,33,20,13,53,2021-08-31 20:55:00,524978
L Protiva_29161,L Protiva,-1,0,42,43,-1,85,2021-08-31 21:00:00,524979
Illia Semeniuk_856007779,Illia Semeniuk,3,1,38,30,8,68,2021-08-31 21:00:00,524980
I Mihaylov_129717,I Mihaylov,-3,0,18,33,-15,51,2021-08-31 21:00:00,524981
Serhii Ponomarov_179890,Serhii Ponomarov,3,1,33,20,13,53,2021-08-31 21:00:00,524982
Jan Zaloudik_179601,Jan Zaloudik,-2,0,28,37,-9,65,2021-08-31 21:00:00,524983
Viktor Volkovskyi_179892,Viktor Volkovskyi,2,1,41,26,15,67,2021-08-31 21:05:00,524984
Maksym Mykhailovych_2054395754,Maksym Mykhailovych,3,1,33,20,13,53,2021-08-31 21:05:00,524985
Andrii Romanenko_179514,Andrii Romanenko,-2,0,35,41,-6,76,2021-08-31 21:05:00,524986
Valerii Merzlikin_179894,Valerii Merzlikin,-1,0,40,47,-7,87,2021-08-31 21:10:00,524987
Pavlo Plushch_319281552,Pavlo Plushch,2,1,42,30,12,72,2021-08-31 21:10:00,524988
Oleksandr Kramarenko_97674306,Oleksandr Kramarenko,-3,0,21,33,-12,54,2021-08-31 21:15:00,524989
S Nikulin_129677,S Nikulin,2,1,44,38,6,82,2021-08-31 21:16:00,524990
S Korolev_129751,S Korolev,1,1,54,47,7,101,2021-08-31 21:18:00,524991
Andrii Dombrovskyi_179560,Andrii Dombrovskyi,-2,0,37,37,0,74,2021-08-31 21:20:00,524992
Borys Buriak_1781710541,Borys Buriak,2,1,41,21,20,62,2021-08-31 21:20:00,524993
Igor Talalai_179548,Igor Talalai,-2,0,35,39,-4,74,2021-08-31 21:25:00,524994
Serhii Burdelnyi_179896,Serhii Burdelnyi,3,1,42,33,9,75,2021-08-31 21:25:00,524995
Yevhenii Omitsynskyi_306693772,Yevhenii Omitsynskyi,2,1,46,37,9,83,2021-08-31 21:25:00,524996
M Marchenko_129718,M Marchenko,-3,0,20,33,-13,53,2021-08-31 21:30:00,524997
Vitalii Protopopov_133606917,Vitalii Protopopov,-3,0,26,34,-8,60,2021-08-31 21:30:00,524998
Andrej Grossu_179602,Andrej Grossu,2,1,41,32,9,73,2021-08-31 21:30:00,524999
P Bradac_29162,P Bradac,-2,0,40,44,-4,84,2021-08-31 21:30:00,525000
Borys Kostiuk_179515,Borys Kostiuk,-2,0,31,38,-7,69,2021-08-31 21:35:00,525001
Mykola Tovkach_1935900809,Mykola Tovkach,2,1,41,38,3,79,2021-08-31 21:35:00,525002
Viktor Bedriichuk_1715906198,Viktor Bedriichuk,-1,0,39,47,-8,86,2021-08-31 21:40:00,525003
Vitalii Solovei_1228147773,Vitalii Solovei,-1,0,47,52,-5,99,2021-08-31 21:45:00,525004
E Markelov_129678,E Markelov,-1,0,37,48,-11,85,2021-08-31 21:47:00,525005
Ivan Efimenko_179561,Ivan Efimenko,-2,0,35,39,-4,74,2021-08-31 21:50:00,525006
Yuriy Tarasov_1859112548,Yuriy Tarasov,1,1,51,41,10,92,2021-08-31 21:50:00,525007
I Buyanin_129752,I Buyanin,-1,0,39,49,-10,88,2021-08-31 21:52:00,525008
Serhii Tkachev_179549,Serhii Tkachev,-3,0,25,33,-8,58,2021-08-31 21:55:00,525009
Oleksandr Kramarenko_325080886,Oleksandr Kramarenko,1,1,50,47,3,97,2021-08-31 21:55:00,525010
D Tikhnenko_129719,D Tikhnenko,-2,0,32,36,-4,68,2021-08-31 22:00:00,525011
Serhii Zazymko_598172955,Serhii Zazymko,2,1,42,29,13,71,2021-08-31 22:00:00,525012
Andrej Grossu_179603,Andrej Grossu,-2,0,30,41,-11,71,2021-08-31 22:00:00,525013
D Brumlich_29163,D Brumlich,2,1,38,33,5,71,2021-08-31 22:02:00,525014
Andrii Romanenko_179516,Andrii Romanenko,2,1,40,34,6,74,2021-08-31 22:05:00,525015
Dmytro Belanchyk_1553753142,Dmytro Belanchyk,3,1,33,18,15,51,2021-08-31 22:05:00,525016
Illia Semeniuk_1579217786,Illia Semeniuk,-3,0,19,33,-14,52,2021-08-31 22:10:00,525017
Maksym Mykhailovych_1243508941,Maksym Mykhailovych,-1,0,39,41,-2,80,2021-08-31 22:15:00,525018
A Klavdenkov_129679,A Klavdenkov,1,1,46,38,8,84,2021-08-31 22:17:00,525019
M Pronkin_129753,M Pronkin,2,1,35,32,3,67,2021-08-31 22:19:00,525020
Vitaliy Khamurda_1724210751,Vitaliy Khamurda,3,1,34,20,14,54,2021-08-31 22:20:00,525021
Illia Valchuk_179562,Illia Valchuk,-2,0,42,48,-6,90,2021-08-31 22:20:00,525022
Alexey Lukianov_1477265024,Alexey Lukianov,-2,0,37,46,-9,83,2021-08-31 22:25:00,525023
Serhii Chelpanov_179550,Serhii Chelpanov,1,1,47,50,-3,97,2021-08-31 22:25:00,525024
Z Bilek_29164,Z Bilek,2,1,41,27,14,68,2021-08-31 22:30:00,525025
M Marchenko_129902,M Marchenko,-3,0,24,36,-12,60,2021-08-31 22:30:00,525026
Jan Zaloudik_179604,Jan Zaloudik,2,1,39,27,12,66,2021-08-31 22:30:00,525027
Borys Buriak_936059348,Borys Buriak,3,1,33,24,9,57,2021-08-31 22:30:00,525028
Hryhorii Kulishov_179517,Hryhorii Kulishov,3,1,33,22,11,55,2021-08-31 22:35:00,525029
Roman Rybachuk_1654688023,Roman Rybachuk,-2,0,27,38,-11,65,2021-08-31 22:45:00,525030
S Kaplan_129904,S Kaplan,3,1,35,22,13,57,2021-08-31 22:47:00,525031
Yurii Kurishchenko_179563,Yurii Kurishchenko,3,1,35,26,9,61,2021-08-31 22:50:00,525032
A Klavdenkov_129906,A Klavdenkov,3,1,33,20,13,53,2021-08-31 22:55:00,525033
Serhii Tkachev_179551,Serhii Tkachev,1,1,48,44,4,92,2021-08-31 22:55:00,525034
Oleksandr Kramarenko_1011202102,Oleksandr Kramarenko,2,1,39,32,7,71,2021-08-31 23:00:00,525035
D Brumlich_29165,D Brumlich,3,1,34,26,8,60,2021-08-31 23:00:00,525036
Jan Jr Krames_179605,Jan Jr Krames,1,1,57,52,5,109,2021-08-31 23:00:00,525037
D Tikhnenko_129903,D Tikhnenko,1,1,57,45,12,102,2021-08-31 23:00:00,525038
Alexey Lukianov_1477229155,Alexey Lukianov,3,1,33,20,13,53,2021-08-31 23:05:00,525039
I Buyanin_129905,I Buyanin,-2,0,29,42,-13,71,2021-08-31 23:15:00,525040
S Nikulin_129908,S Nikulin,1,1,47,52,-5,99,2021-08-31 23:16:00,525041
Ivan Efimenko_179564,Ivan Efimenko,1,1,50,44,6,94,2021-08-31 23:20:00,525042
Pavlo Babenko_179552,Pavlo Babenko,-1,0,48,51,-3,99,2021-08-31 23:25:00,525043
Jan Zaloudik_179606,Jan Zaloudik,2,1,45,42,3,87,2021-08-31 23:30:00,525044
P Bradac_29166,P Bradac,-1,0,48,46,2,94,2021-08-31 23:30:00,525045
Oleksandr Lysak_1077511815,Oleksandr Lysak,2,1,41,33,8,74,2021-08-31 23:35:00,525046
S Ogai_129720,S Ogai,-1,0,46,51,-5,97,2021-08-31 23:38:00,525047
Oleh Formaziuk_1315049954,Oleh Formaziuk,3,1,33,17,16,50,2021-08-31 23:45:00,525048
Yu Merkushin_129754,Yu Merkushin,1,1,50,48,2,98,2021-08-31 23:46:00,525049
Yu Lbov_129680,Yu Lbov,-3,0,20,33,-13,53,2021-08-31 23:47:00,525050
Illia Udod_179565,Illia Udod,1,1,46,47,-1,93,2021-08-31 23:50:00,525051
N Zhurba_96613,N Zhurba,-2,0,34,38,-4,72,2021-09-01 00:02:00,525052
Ihor Kuznetsov_1258109141,Ihor Kuznetsov,-1,0,38,48,-10,86,2021-09-01 00:10:00,525053
Illia Yanishevskiy_408576202,Illia Yanishevskiy,1,1,50,42,8,92,2021-09-01 00:15:00,525054
Volodymyr Tuchkevych_1557805352,Volodymyr Tuchkevych,-2,0,38,43,-5,81,2021-09-01 00:15:00,525055
N Tarasenkov_96645,N Tarasenkov,2,1,45,28,17,73,2021-09-01 00:16:00,525056
A Tsitselskii_96623,A Tsitselskii,-1,0,48,51,-3,99,2021-09-01 00:17:00,525057
A Pravednov_96614,A Pravednov,3,1,33,14,19,47,2021-09-01 00:32:00,525058
Illia Yanishevskiy_1081021555,Illia Yanishevskiy,-1,0,52,50,2,102,2021-09-01 00:45:00,525059
Oleksandr Kuharchuk_1003786352,Oleksandr Kuharchuk,3,1,33,24,9,57,2021-09-01 00:45:00,525060
I Novikov_96646,I Novikov,-3,0,25,33,-8,58,2021-09-01 00:45:00,525061
D Petrochenko_96624,D Petrochenko,1,1,51,49,2,100,2021-09-01 00:50:00,525062
Maksym Zhuravliov_495644767,Maksym Zhuravliov,3,1,33,15,18,48,2021-09-01 00:50:00,525063
T Turabekov_96615,T Turabekov,-3,0,29,35,-6,64,2021-09-01 01:00:00,525064
Andrii Tsikhotskyi_50109962,Andrii Tsikhotskyi,-2,0,33,39,-6,72,2021-09-01 01:15:00,525065
V Shirshov_96647,V Shirshov,-2,0,35,42,-7,77,2021-09-01 01:16:00,525066
Oleksandr Hubarev_1088007096,Oleksandr Hubarev,3,1,33,22,11,55,2021-09-01 01:20:00,525067
V Marshalov_96625,V Marshalov,-1,0,46,52,-6,98,2021-09-01 01:27:00,525068
N Zhurba_96616,N Zhurba,2,1,40,28,12,68,2021-09-01 01:35:00,525069
Volodymyr Tuchkevych_413947971,Volodymyr Tuchkevych,2,1,38,30,8,68,2021-09-01 01:45:00,525070
N Tarasenkov_96648,N Tarasenkov,2,1,37,28,9,65,2021-09-01 01:48:00,525071
Oleksandr Shchytka_1863496238,Oleksandr Shchytka,2,1,42,37,5,79,2021-09-01 01:50:00,525072
A Tsitselskii_96626,A Tsitselskii,-3,0,20,33,-13,53,2021-09-01 01:57:00,525073
T Turabekov_96617,T Turabekov,3,1,33,23,10,56,2021-09-01 02:00:00,525074
V Shirshov_96649,V Shirshov,1,1,48,46,2,94,2021-09-01 02:15:00,525075
Oleksandr Kuharchuk_1357131168,Oleksandr Kuharchuk,-2,0,34,39,-5,73,2021-09-01 02:15:00,525076
V Marshalov_96627,V Marshalov,3,1,33,24,9,57,2021-09-01 02:18:00,525077
Oleksandr Hubarev_774389940,Oleksandr Hubarev,3,1,38,30,8,68,2021-09-01 02:20:00,525078
A Petrov_96618,A Petrov,-2,0,37,42,-5,79,2021-09-01 02:29:00,525079
Andrii Tsikhotskyi_284067945,Andrii Tsikhotskyi,2,1,39,34,5,73,2021-09-01 02:45:00,525080
I Mihaylov_96650,I Mihaylov,-1,0,43,50,-7,93,2021-09-01 02:45:00,525081
N Lyfenko_96628,N Lyfenko,3,1,33,13,20,46,2021-09-01 02:48:00,525082
Oleksandr Shchytka_1743928209,Oleksandr Shchytka,2,1,40,28,12,68,2021-09-01 02:50:00,525083
A Pravednov_96619,A Pravednov,1,1,49,44,5,93,2021-09-01 03:04:00,525084
Volodymyr Tuchkevych_1711369681,Volodymyr Tuchkevych,1,1,57,52,5,109,2021-09-01 03:15:00,525085
I Novikov_96651,I Novikov,1,1,45,44,1,89,2021-09-01 03:16:00,525086
D Petrochenko_96629,D Petrochenko,-3,0,22,33,-11,55,2021-09-01 03:16:00,525087
Oleksandr Hubarev_1439951141,Oleksandr Hubarev,1,1,50,39,11,89,2021-09-01 03:20:00,525088
R Pavlenko_96620,R Pavlenko,3,1,38,24,14,62,2021-09-01 03:37:00,525089
P Semeshin_96652,P Semeshin,2,1,42,31,11,73,2021-09-01 03:45:00,525090
Samvel Melkumian_1737784342,Samvel Melkumian,2,1,41,28,13,69,2021-09-01 03:45:00,525091
A Volkov_96630,A Volkov,1,1,48,41,7,89,2021-09-01 03:46:00,525092
Artem Nesterenko_1990503049,Artem Nesterenko,1,1,44,38,6,82,2021-09-01 03:50:00,525093
A Petrov_96621,A Petrov,3,1,34,20,14,54,2021-09-01 04:01:00,525094
I Mihaylov_96653,I Mihaylov,-3,0,17,33,-16,50,2021-09-01 04:15:00,525095
Oleksandr Kuharchuk_2025337473,Oleksandr Kuharchuk,-1,0,45,45,0,90,2021-09-01 04:15:00,525096
N Lyfenko_96631,N Lyfenko,2,1,39,29,10,68,2021-09-01 04:17:00,525097
Oleksandr Hubarev_1087969045,Oleksandr Hubarev,3,1,33,21,12,54,2021-09-01 04:20:00,525098
A Pravednov_96801,A Pravednov,-1,0,42,50,-8,92,2021-09-01 04:38:00,525099
I Novikov_96803,I Novikov,3,1,33,11,22,44,2021-09-01 04:45:00,525100
Samvel Melkumian_1271316745,Samvel Melkumian,-3,0,22,33,-11,55,2021-09-01 04:45:00,525101
A Volkov_96805,A Volkov,1,1,50,48,2,98,2021-09-01 04:46:00,525102
Oleksandr Shchytka_304425159,Oleksandr Shchytka,2,1,41,26,15,67,2021-09-01 04:50:00,525103
T Turabekov_96802,T Turabekov,2,1,40,34,6,74,2021-09-01 05:08:00,525104
Volodymyr Tuchkevych_1557765123,Volodymyr Tuchkevych,-1,0,43,48,-5,91,2021-09-01 05:15:00,525105
P Semeshin_96804,P Semeshin,2,1,44,31,13,75,2021-09-01 05:15:00,525106
Oleksandr Hubarev_783515149,Oleksandr Hubarev,3,1,33,12,21,45,2021-09-01 05:20:00,525107
V Marshalov_96806,V Marshalov,2,1,41,31,10,72,2021-09-01 05:21:00,525108
Oleksandr Shchytka_1743887984,Oleksandr Shchytka,-2,0,31,36,-5,67,2021-09-01 05:50:00,525109
Oleksandr Hubarev_1439913090,Oleksandr Hubarev,2,1,45,35,10,80,2021-09-01 06:20:00,525110
Artem Nesterenko_1990602084,Artem Nesterenko,-1,0,48,53,-5,101,2021-09-01 06:50:00,525111
A Bogomolov_96690,A Bogomolov,2,1,39,21,18,60,2021-09-01 07:31:00,525112
V Sinkovskiy_96672,V Sinkovskiy,-3,0,20,33,-13,53,2021-09-01 07:46:00,525113
Anton Molochko_55603141,Anton Molochko,-1,0,47,48,-1,95,2021-09-01 07:50:00,525114
K Olshakov_96739,K Olshakov,-2,0,31,40,-9,71,2021-09-01 07:50:00,525115
Vladyslav Volokhov_1352541112,Vladyslav Volokhov,-2,0,28,41,-13,69,2021-09-01 07:55:00,525116
G Karpovkin_96691,G Karpovkin,2,1,51,44,7,95,2021-09-01 08:00:00,525117
A Zabrodin_96673,A Zabrodin,1,1,47,49,-2,96,2021-09-01 08:14:00,525118
O Nikiforov_96740,O Nikiforov,-1,0,49,50,-1,99,2021-09-01 08:15:00,525119
Serhii Hohenko_838310778,Serhii Hohenko,1,1,53,53,0,106,2021-09-01 08:25:00,525120
Oleksandr Yarovoi_575225251,Oleksandr Yarovoi,-1,0,40,48,-8,88,2021-09-01 08:30:00,525121
Oleksandr Didukh_313646432,Oleksandr Didukh,-2,0,32,43,-11,75,2021-09-01 08:35:00,525122
A Duka_96692,A Duka,2,1,42,32,10,74,2021-09-01 08:37:00,525123
Anna Miklukha_371781188,Anna Miklukha,-3,0,28,34,-6,62,2021-09-01 08:40:00,525124
S Skotnikov_96741,S Skotnikov,-2,0,34,41,-7,75,2021-09-01 08:45:00,525125
R Alov_96674,R Alov,3,1,33,23,10,56,2021-09-01 08:45:00,525126
Avraham Nazrin_1279598021,Avraham Nazrin,-3,0,24,35,-11,59,2021-09-01 08:45:00,525127
Illia Semeniuk_1663268374,Illia Semeniuk,-2,0,31,40,-9,71,2021-09-01 08:50:00,525128
Mykola Lytvynenko_591442515,Mykola Lytvynenko,-2,0,32,40,-8,72,2021-09-01 08:55:00,525129
Maksym Cherepnyn_1432033850,Maksym Cherepnyn,3,1,36,28,8,64,2021-09-01 08:55:00,525130
Lev Kats_1295712348,Lev Kats,2,1,42,33,9,75,2021-09-01 09:00:00,525131
Konstantin Makarchuk_1857461984,Konstantin Makarchuk,-3,0,21,33,-12,54,2021-09-01 09:05:00,525132
A Kononenko_96693,A Kononenko,-2,0,32,43,-11,75,2021-09-01 09:05:00,525133
Yevhen Pryshchepa_888024965,Yevhen Pryshchepa,2,1,41,28,13,69,2021-09-01 09:10:00,525134
A Doncenko_96675,A Doncenko,-1,0,37,50,-13,87,2021-09-01 09:14:00,525135
Viktoria Kurtenko_1346980954,Viktoria Kurtenko,3,1,34,18,16,52,2021-09-01 09:15:00,525136
I Matveyev_96742,I Matveyev,2,1,42,28,14,70,2021-09-01 09:15:00,525137
Vadym Nechyporuk_1552476911,Vadym Nechyporuk,-2,0,33,36,-3,69,2021-09-01 09:20:00,525138
Vitalii Zharskiy_1667442517,Vitalii Zharskiy,2,1,40,29,11,69,2021-09-01 09:25:00,525139
Yevhenii Kryvorotko_966922660,Yevhenii Kryvorotko,-1,0,44,51,-7,95,2021-09-01 09:30:00,525140
Yevhen Pysmennyi_319656059,Yevhen Pysmennyi,1,1,49,39,10,88,2021-09-01 09:30:00,525141
A Duka_96694,A Duka,-2,0,35,42,-7,77,2021-09-01 09:31:00,525142
Serhii Hohenko_41039287,Serhii Hohenko,1,1,52,49,3,101,2021-09-01 09:35:00,525143
Oleksandr Yarovoi_1814711963,Oleksandr Yarovoi,-1,0,46,53,-7,99,2021-09-01 09:40:00,525144
R Alov_96676,R Alov,1,1,45,42,3,87,2021-09-01 09:45:00,525145
Oleksandr Didukh_33875061,Oleksandr Didukh,3,1,33,21,12,54,2021-09-01 09:45:00,525146
S Skotnikov_96743,S Skotnikov,-3,0,25,33,-8,58,2021-09-01 09:45:00,525147
Anna Miklukha_56678421,Anna Miklukha,2,1,39,28,11,67,2021-09-01 09:50:00,525148
Avraham Nazrin_155672652,Avraham Nazrin,-3,0,20,33,-13,53,2021-09-01 09:55:00,525149
Illia Semeniuk_1802076472,Illia Semeniuk,-1,0,48,46,2,94,2021-09-01 10:00:00,525150
G Karpovkin_96695,G Karpovkin,1,1,51,41,10,92,2021-09-01 10:01:00,525151
Uryi Schepanskyi_1953378672,Uryi Schepanskyi,-3,0,24,33,-9,57,2021-09-01 10:05:00,525152
Maksym Cherepnyn_1868382390,Maksym Cherepnyn,1,1,46,39,7,85,2021-09-01 10:05:00,525153
Anton Molochko_19204993,Anton Molochko,2,1,41,30,11,71,2021-09-01 10:10:00,525154
Vladyslav Volokhov_841707354,Vladyslav Volokhov,-2,0,34,42,-8,76,2021-09-01 10:15:00,525155
A Zabrodin_96677,A Zabrodin,-2,0,37,37,0,74,2021-09-01 10:15:00,525156
O Nikiforov_96744,O Nikiforov,-3,0,22,34,-12,56,2021-09-01 10:15:00,525157
Vitalii Lievshin_1920165994,Vitalii Lievshin,2,1,38,28,10,66,2021-09-01 10:20:00,525158
Olena Telezhynska_326026505,Olena Telezhynska,2,1,44,35,9,79,2021-09-01 10:25:00,525159
Dmytro Vakhta_876138447,Dmytro Vakhta,-2,0,36,41,-5,77,2021-09-01 10:30:00,525160
A Kononenko_96807,A Kononenko,1,1,52,50,2,102,2021-09-01 10:31:00,525161
Igor Piskorskyu_251501039,Igor Piskorskyu,2,1,37,36,1,73,2021-09-01 10:35:00,525162
Dmytro Alekseenko_1716572077,Dmytro Alekseenko,-3,0,27,35,-8,62,2021-09-01 10:40:00,525163
Yevhen Pysmennyi_1527940606,Yevhen Pysmennyi,1,1,43,41,2,84,2021-09-01 10:40:00,525164
V Sinkovskiy_96811,V Sinkovskiy,-1,0,49,53,-4,102,2021-09-01 10:44:00,525165
Yurii Teteria_1260439628,Yurii Teteria,2,1,43,38,5,81,2021-09-01 10:45:00,525166
O Nikiforov_96809,O Nikiforov,3,1,33,19,14,52,2021-09-01 10:45:00,525167
Serhii Kiilo_155082954,Serhii Kiilo,-2,0,34,41,-7,75,2021-09-01 10:50:00,525168
Yevhen Pryshchepa_1928301407,Yevhen Pryshchepa,2,1,42,38,4,80,2021-09-01 10:55:00,525169
Viktoria Kurtenko_232125762,Viktoria Kurtenko,-1,0,46,49,-3,95,2021-09-01 11:00:00,525170
Ja Boruvka_21581,Ja Boruvka,-1,0,47,49,-2,96,2021-09-01 11:04:00,525171
Vadym Nechyporuk_1397690418,Vadym Nechyporuk,2,1,43,35,8,78,2021-09-01 11:05:00,525172
A Bogomolov_96808,A Bogomolov,-2,0,25,43,-18,68,2021-09-01 11:06:00,525173
Vitalii Zharskiy_1625324417,Vitalii Zharskiy,-2,0,28,40,-12,68,2021-09-01 11:10:00,525174
K Olshakov_96810,K Olshakov,-2,0,32,40,-8,72,2021-09-01 11:15:00,525175
Yevhenii Kryvorotko_485327437,Yevhenii Kryvorotko,2,1,40,31,9,71,2021-09-01 11:15:00,525176
Mykola Lytvynenko_1627176411,Mykola Lytvynenko,3,1,35,24,11,59,2021-09-01 11:15:00,525177
Lev Kats_304110045,Lev Kats,-3,0,14,33,-19,47,2021-09-01 11:20:00,525178
A Zabrodin_96812,A Zabrodin,-2,0,23,42,-19,65,2021-09-01 11:22:00,525179
Konstantin Makarchuk_1760277380,Konstantin Makarchuk,2,1,41,33,8,74,2021-09-01 11:25:00,525180
Oleksandr Didukh_744897141,Oleksandr Didukh,1,1,46,43,3,89,2021-09-01 11:30:00,525181
A Vlasov_96696,A Vlasov,1,1,41,46,-5,87,2021-09-01 11:30:00,525182
Anna Miklukha_253686196,Anna Miklukha,-1,0,44,44,0,88,2021-09-01 11:35:00,525183
Avraham Nazrin_1027616756,Avraham Nazrin,-2,0,26,40,-14,66,2021-09-01 11:40:00,525184
Yu Merkushin_96678,Yu Merkushin,2,1,45,39,6,84,2021-09-01 11:45:00,525185
Illia Semeniuk_1373733231,Illia Semeniuk,-3,0,26,33,-7,59,2021-09-01 11:45:00,525186
I Kirpitnev_96745,I Kirpitnev,-1,0,54,52,2,106,2021-09-01 11:46:00,525187
A Tretyakov_96570,A Tretyakov,3,1,33,23,10,56,2021-09-01 11:49:00,525188
Maksym Cherepnyn_1068978110,Maksym Cherepnyn,2,1,53,46,7,99,2021-09-01 11:50:00,525189
Oleksandr Zhukovskyi_1833872947,Oleksandr Zhukovskyi,-3,0,24,34,-10,58,2021-09-01 11:50:00,525190
Ja Zajicek_21582,Ja Zajicek,-1,0,46,53,-7,99,2021-09-01 11:54:00,525191
Serhii Hohenko_1420988714,Serhii Hohenko,-2,0,37,43,-6,80,2021-09-01 11:55:00,525192
Oleksandr Yarovoi_1786371772,Oleksandr Yarovoi,2,1,43,29,14,72,2021-09-01 12:00:00,525193
D Balakin_96697,D Balakin,1,1,49,39,10,88,2021-09-01 12:01:00,525194
Yevhen Pryshchepa_1100102203,Yevhen Pryshchepa,2,1,41,34,7,75,2021-09-01 12:05:00,525195
Olena Telezhynska_118623048,Olena Telezhynska,-2,0,27,42,-15,69,2021-09-01 12:10:00,525196
P Pinkovskii_96746,P Pinkovskii,-3,0,21,33,-12,54,2021-09-01 12:13:00,525197
A Afanasev_96679,A Afanasev,1,1,47,41,6,88,2021-09-01 12:14:00,525198
Dmytro Vakhta_1130100107,Dmytro Vakhta,-3,0,20,33,-13,53,2021-09-01 12:15:00,525199
Igor Piskorskyu_533837531,Igor Piskorskyu,-3,0,23,33,-10,56,2021-09-01 12:20:00,525200
Uryi Schepanskyi_847320509,Uryi Schepanskyi,2,1,40,27,13,67,2021-09-01 12:25:00,525201
Dmytro Alekseenko_533231952,Dmytro Alekseenko,-2,0,39,42,-3,81,2021-09-01 12:25:00,525202
Anton Molochko_814135354,Anton Molochko,3,1,33,19,14,52,2021-09-01 12:30:00,525203
V Nemashkalo_96698,V Nemashkalo,-2,0,30,36,-6,66,2021-09-01 12:35:00,525204
Vladyslav Volokhov_641781924,Vladyslav Volokhov,2,1,45,41,4,86,2021-09-01 12:35:00,525205
R Balog_21583,R Balog,-2,0,32,43,-11,75,2021-09-01 12:35:00,525206
Oleksandr Didukh_790066399,Oleksandr Didukh,-1,0,44,50,-6,94,2021-09-01 12:40:00,525207
E Kabanov_96747,E Kabanov,2,1,40,31,9,71,2021-09-01 12:43:00,525208
Viktoria Kurtenko_1989259995,Viktoria Kurtenko,-2,0,33,41,-8,74,2021-09-01 12:45:00,525209
A Volkov_96680,A Volkov,2,1,43,31,12,74,2021-09-01 12:46:00,525210
Vadym Nechyporuk_906930408,Vadym Nechyporuk,1,1,49,42,7,91,2021-09-01 12:50:00,525211
Vitalii Zharskiy_2126497263,Vitalii Zharskiy,-1,0,45,51,-6,96,2021-09-01 12:55:00,525212
Yevhen Pysmennyi_271039898,Yevhen Pysmennyi,-3,0,15,33,-18,48,2021-09-01 13:00:00,525213
Yevhenii Kryvorotko_331921241,Yevhenii Kryvorotko,1,1,48,41,7,89,2021-09-01 13:00:00,525214
V Chahur_96699,V Chahur,2,1,42,33,9,75,2021-09-01 13:01:00,525215
Yurii Teteria_1557062956,Yurii Teteria,-2,0,41,44,-3,85,2021-09-01 13:05:00,525216
P Silhan_21584,P Silhan,3,1,33,19,14,52,2021-09-01 13:06:00,525217
Serhii Kiilo_1109661635,Serhii Kiilo,2,1,43,35,8,78,2021-09-01 13:10:00,525218
removed Player_96748,removed Player,-3,0,24,33,-9,57,2021-09-01 13:14:00,525219
I Minchenkov_96681,I Minchenkov,-3,0,23,35,-12,58,2021-09-01 13:14:00,525220
Viktor Yefimov_1875935627,Viktor Yefimov,3,1,33,23,10,56,2021-09-01 13:15:00,525221
Yulia Hodko_1397449980,Yulia Hodko,-2,0,26,41,-15,67,2021-09-01 13:20:00,525222
Andrii Kotik_974021833,Andrii Kotik,-2,0,40,39,1,79,2021-09-01 13:25:00,525223
R Balog_21585,R Balog,-2,0,33,43,-10,76,2021-09-01 13:27:00,525224
Nazarii Sydorak_1565614170,Nazarii Sydorak,1,1,47,49,-2,96,2021-09-01 13:30:00,525225
V Nemashkalo_96700,V Nemashkalo,-3,0,18,34,-16,52,2021-09-01 13:32:00,525226
Maksym Laievskiy_1663028621,Maksym Laievskiy,1,1,51,48,3,99,2021-09-01 13:35:00,525227
Mykola Lytvynenko_678701181,Mykola Lytvynenko,-1,0,45,51,-6,96,2021-09-01 13:35:00,525228
Lev Kats_400332528,Lev Kats,1,1,53,52,1,105,2021-09-01 13:40:00,525229
A Volkov_96682,A Volkov,-3,0,23,33,-10,56,2021-09-01 13:44:00,525230
Konstantin Makarchuk_870749250,Konstantin Makarchuk,-2,0,34,43,-9,77,2021-09-01 13:45:00,525231
E Kabanov_96749,E Kabanov,1,1,53,49,4,102,2021-09-01 13:45:00,525232
Oleksandr Didukh_789959679,Oleksandr Didukh,-3,0,20,33,-13,53,2021-09-01 13:50:00,525233
Ja Zajicek_21586,Ja Zajicek,-1,0,46,49,-3,95,2021-09-01 13:54:00,525234
Anna Miklukha_1795980664,Anna Miklukha,3,1,36,30,6,66,2021-09-01 13:55:00,525235
D Balakin_96701,D Balakin,-1,0,42,50,-8,92,2021-09-01 14:00:00,525236
Avraham Nazrin_231480074,Avraham Nazrin,-3,0,13,33,-20,46,2021-09-01 14:00:00,525237
Illia Semeniuk_205409144,Illia Semeniuk,3,1,37,25,12,62,2021-09-01 14:05:00,525238
Maksym Cherepnyn_1405280526,Maksym Cherepnyn,-3,0,25,34,-9,59,2021-09-01 14:10:00,525239
Oleksandr Zhukovskyi_727700716,Oleksandr Zhukovskyi,-2,0,44,44,0,88,2021-09-01 14:10:00,525240
Anton Molochko_25838683,Anton Molochko,-2,0,36,41,-5,77,2021-09-01 14:15:00,525241
A Afanasev_96683,A Afanasev,-2,0,36,38,-2,74,2021-09-01 14:16:00,525242
P Pinkovskii_96750,P Pinkovskii,1,1,46,45,1,91,2021-09-01 14:16:00,525243
Vladyslav Volokhov_243421761,Vladyslav Volokhov,-2,0,31,39,-8,70,2021-09-01 14:20:00,525244
Anna Miklukha_1785276044,Anna Miklukha,2,1,44,34,10,78,2021-09-01 14:30:00,525245
Dmytro Vakhta_145354718,Dmytro Vakhta,2,1,41,29,12,70,2021-09-01 14:35:00,525246
Ja Zajicek_21603,Ja Zajicek,-2,0,35,41,-6,76,2021-09-01 14:40:00,525247
Illia Semeniuk_494979901,Illia Semeniuk,3,1,37,25,12,62,2021-09-01 14:40:00,525248
V Nemashkalo_96865,V Nemashkalo,-1,0,39,50,-11,89,2021-09-01 14:40:00,525249
Artur Lopatniuk_2142992485,Artur Lopatniuk,3,1,39,30,9,69,2021-09-01 14:45:00,525250
Uryi Schepanskyi_1959187639,Uryi Schepanskyi,1,1,47,45,2,92,2021-09-01 14:45:00,525251
I Minchenkov_96867,I Minchenkov,1,1,48,50,-2,98,2021-09-01 14:46:00,525252
I Kirpitnev_96869,I Kirpitnev,2,1,41,27,14,68,2021-09-01 14:46:00,525253
Oleksandr Levadnyi_1013474644,Oleksandr Levadnyi,3,1,33,22,11,55,2021-09-01 14:50:00,525254
Ivan Fashchevskyi_1968660850,Ivan Fashchevskyi,2,1,37,35,2,72,2021-09-01 14:55:00,525255
Olena Telezhynska_1428413019,Olena Telezhynska,-3,0,20,33,-13,53,2021-09-01 15:05:00,525256
Nazarii Hrytsyienko_1931504752,Nazarii Hrytsyienko,1,1,48,41,7,89,2021-09-01 15:10:00,525257
Ja Boruvka_21604,Ja Boruvka,3,1,33,19,14,52,2021-09-01 15:11:00,525258
V Chahur_96866,V Chahur,-1,0,47,47,0,94,2021-09-01 15:12:00,525259
P Pinkovskii_96870,P Pinkovskii,-2,0,36,41,-5,77,2021-09-01 15:15:00,525260
Petro Pidleteichuk_439978007,Petro Pidleteichuk,2,1,41,29,12,70,2021-09-01 15:15:00,525261
Yu Merkushin_96868,Yu Merkushin,-3,0,23,33,-10,56,2021-09-01 15:19:00,525262
Mykola Lytvynenko_1076780189,Mykola Lytvynenko,2,1,43,31,12,74,2021-09-01 15:20:00,525263
Maksym Cherepnyn_1405311280,Maksym Cherepnyn,3,1,33,24,9,57,2021-09-01 15:20:00,525264
Anton Molochko_498352476,Anton Molochko,3,1,33,21,12,54,2021-09-01 15:25:00,525265
Vladyslav Volokhov_1591658547,Vladyslav Volokhov,1,1,48,40,8,88,2021-09-01 15:30:00,525266
Volodymyr Maksiuta_261675433,Volodymyr Maksiuta,-1,0,60,62,-2,122,2021-09-01 15:35:00,525267
Iolanta Yevtodii_1565665363,Iolanta Yevtodii,1,1,52,51,1,103,2021-09-01 15:40:00,525268
V Mishakin_96702,V Mishakin,1,1,49,48,1,97,2021-09-01 15:42:00,525269
P Anton_21587,P Anton,2,1,42,25,17,67,2021-09-01 15:42:00,525270
A Lobanov_96684,A Lobanov,-2,0,30,41,-11,71,2021-09-01 15:47:00,525271
V Evlampiev_96757,V Evlampiev,3,1,34,22,12,56,2021-09-01 15:47:00,525272
Dmytro Zeniuk_322625063,Dmytro Zeniuk,3,1,33,19,14,52,2021-09-01 15:50:00,525273
Davyd Symonchuk_2029475733,Davyd Symonchuk,-2,0,37,48,-11,85,2021-09-01 15:55:00,525274
Rodion Pirveli_1139879907,Rodion Pirveli,-1,0,42,51,-9,93,2021-09-01 15:55:00,525275
Serhii Hohenko_928059459,Serhii Hohenko,-1,0,58,58,0,116,2021-09-01 16:00:00,525276
L Adamec_21588,L Adamec,1,1,51,45,6,96,2021-09-01 16:02:00,525277
Oleksandr Yarovoi_2041280904,Oleksandr Yarovoi,2,1,40,27,13,67,2021-09-01 16:05:00,525278
D Tikhnenko_96703,D Tikhnenko,3,1,33,24,9,57,2021-09-01 16:07:00,525279
Andrii Baklykov_1843542146,Andrii Baklykov,-1,0,46,51,-5,97,2021-09-01 16:10:00,525280
Mariia Kurischenko_1677862904,Mariia Kurischenko,2,1,41,30,11,71,2021-09-01 16:15:00,525281
A Fedosov_96685,A Fedosov,-3,0,12,33,-21,45,2021-09-01 16:17:00,525282
Ya Bazhinov_96758,Ya Bazhinov,3,1,37,26,11,63,2021-09-01 16:19:00,525283
Vitaliy Pinchuk_687732200,Vitaliy Pinchuk,-3,0,11,33,-22,44,2021-09-01 16:20:00,525284
Grygoriy Kuzmenko_453684920,Grygoriy Kuzmenko,3,1,33,18,15,51,2021-09-01 16:25:00,525285
Serhii Skachenko_1047420784,Serhii Skachenko,2,1,40,37,3,77,2021-09-01 16:30:00,525286
Mykola Lytvynenko_1693533918,Mykola Lytvynenko,-2,0,31,37,-6,68,2021-09-01 16:30:00,525287
A Sadkov_96704,A Sadkov,2,1,39,36,3,75,2021-09-01 16:30:00,525288
Ja Berger_21589,Ja Berger,-2,0,27,42,-15,69,2021-09-01 16:32:00,525289
Oleksandr Levadnyi_38800879,Oleksandr Levadnyi,-2,0,27,38,-11,65,2021-09-01 16:35:00,525290
Vladyslav Volokhov_1041741838,Vladyslav Volokhov,-1,0,45,49,-4,94,2021-09-01 16:40:00,525291
N Shillegodskii_96686,N Shillegodskii,2,1,43,35,8,78,2021-09-01 16:45:00,525292
Andrii Baklykov_761608729,Andrii Baklykov,-1,0,41,51,-10,92,2021-09-01 16:45:00,525293
R Arutiunov_96759,R Arutiunov,-2,0,25,39,-14,64,2021-09-01 16:45:00,525294
Iolanta Yevtodii_1376124669,Iolanta Yevtodii,2,1,47,41,6,88,2021-09-01 16:50:00,525295
Roman Rybachuk_1438092129,Roman Rybachuk,2,1,37,29,8,66,2021-09-01 16:55:00,525296
Dmytro Zeniuk_2113554056,Dmytro Zeniuk,-3,0,25,36,-11,61,2021-09-01 17:00:00,525297
Ir Kim_96705,Ir Kim,-3,0,21,33,-12,54,2021-09-01 17:02:00,525298
Yevhen Pysmennyi_457058364,Yevhen Pysmennyi,-1,0,46,47,-1,93,2021-09-01 17:05:00,525299
J Vojtech_21590,J Vojtech,2,1,38,31,7,69,2021-09-01 17:05:00,525300
Rodion Pirveli_1723538525,Rodion Pirveli,1,1,54,50,4,104,2021-09-01 17:05:00,525301
Lev Kats_456035586,Lev Kats,-3,0,24,36,-12,60,2021-09-01 17:10:00,525302
Konstantin Makarchuk_1314509780,Konstantin Makarchuk,-3,0,16,33,-17,49,2021-09-01 17:15:00,525303
E Glazun_96687,E Glazun,1,1,43,41,2,84,2021-09-01 17:15:00,525304
G Vahnin_96760,G Vahnin,3,1,33,16,17,49,2021-09-01 17:16:00,525305
Volodymyr Maksiuta_652564746,Volodymyr Maksiuta,2,1,42,27,15,69,2021-09-01 17:20:00,525306
Mariia Kurischenko_1354902522,Mariia Kurischenko,1,1,44,49,-5,93,2021-09-01 17:25:00,525307
Vitaliy Pinchuk_1802307564,Vitaliy Pinchuk,-3,0,30,41,-11,71,2021-09-01 17:30:00,525308
A Sadkov_96706,A Sadkov,2,1,39,24,15,63,2021-09-01 17:30:00,525309
Ja Berger_21591,Ja Berger,-2,0,27,42,-15,69,2021-09-01 17:33:00,525310
Liubomyr Sheshurak_1760563401,Liubomyr Sheshurak,-1,0,46,50,-4,96,2021-09-01 17:35:00,525311
Yevhen Pysmennyi_314133057,Yevhen Pysmennyi,2,1,41,31,10,72,2021-09-01 17:40:00,525312
Lev Kuzyo_1152014427,Lev Kuzyo,3,1,33,20,13,53,2021-09-01 17:40:00,525313
N Shillegodskii_96688,N Shillegodskii,-3,0,22,33,-11,55,2021-09-01 17:45:00,525314
Oleksandr Tkachenko_492272789,Oleksandr Tkachenko,-3,0,15,33,-18,48,2021-09-01 17:45:00,525315
R Arutiunov_96761,R Arutiunov,-2,0,37,41,-4,78,2021-09-01 17:45:00,525316
Oleksandr Yarovoi_1221788279,Oleksandr Yarovoi,2,1,41,31,10,72,2021-09-01 17:50:00,525317
Vitalii Shaban_581921160,Vitalii Shaban,-2,0,33,43,-10,76,2021-09-01 17:55:00,525318
Iolanta Yevtodii_472240524,Iolanta Yevtodii,-2,0,35,42,-7,77,2021-09-01 18:00:00,525319
L Adamec_21592,L Adamec,-1,0,45,54,-9,99,2021-09-01 18:00:00,525320
D Tikhnenko_96707,D Tikhnenko,-1,0,43,47,-4,90,2021-09-01 18:00:00,525321
Ruslan Novak_2122077095,Ruslan Novak,1,1,43,44,-1,87,2021-09-01 18:05:00,525322
Grygoriy Kuzmenko_83265072,Grygoriy Kuzmenko,-1,0,54,59,-5,113,2021-09-01 18:10:00,525323
Mykola Lytvynenko_1627427378,Mykola Lytvynenko,-2,0,34,42,-8,76,2021-09-01 18:15:00,525324
Ya Bazhinov_96762,Ya Bazhinov,-3,0,19,34,-15,53,2021-09-01 18:15:00,525325
Serhii Skachenko_574171996,Serhii Skachenko,1,1,49,43,6,92,2021-09-01 18:15:00,525326
A Fedosov_96689,A Fedosov,2,1,40,32,8,72,2021-09-01 18:16:00,525327
Ivan Kozyr_251127671,Ivan Kozyr,1,1,47,41,6,88,2021-09-01 18:20:00,525328
Anatolii Chaplianka_936027572,Anatolii Chaplianka,3,1,35,27,8,62,2021-09-01 18:25:00,525329
Ir Kim_96895,Ir Kim,-2,0,30,41,-11,71,2021-09-01 18:30:00,525330
Volodymyr Maksiuta_1805191861,Volodymyr Maksiuta,3,1,33,9,24,42,2021-09-01 18:30:00,525331
Alina Kurtenko_138588184,Alina Kurtenko,1,1,46,45,1,91,2021-09-01 18:35:00,525332
Roman Rybachuk_959337665,Roman Rybachuk,-2,0,27,37,-10,64,2021-09-01 18:40:00,525333
Ja Berger_21623,Ja Berger,-2,0,36,42,-6,78,2021-09-01 18:42:00,525334
Dmytro Zeniuk_697012954,Dmytro Zeniuk,-3,0,21,33,-12,54,2021-09-01 18:45:00,525335
R Arutiunov_96899,R Arutiunov,-1,0,47,52,-5,99,2021-09-01 18:46:00,525336
A Lobanov_96897,A Lobanov,-1,0,56,55,1,111,2021-09-01 18:46:00,525337
Hlib Yakovliev_1518874772,Hlib Yakovliev,-3,0,22,35,-13,57,2021-09-01 18:50:00,525338
Rodion Pirveli_865537577,Rodion Pirveli,1,1,50,43,7,93,2021-09-01 18:50:00,525339
Maksym Kolos_367247113,Maksym Kolos,3,1,33,22,11,55,2021-09-01 18:55:00,525340
Anatolii Chaplianka_800444166,Anatolii Chaplianka,-1,0,46,41,5,87,2021-09-01 19:00:00,525341
V Mishakin_96896,V Mishakin,-2,0,27,43,-16,70,2021-09-01 19:00:00,525342
J Vojtech_21624,J Vojtech,-1,0,44,48,-4,92,2021-09-01 19:05:00,525343
Yevhen Masko_260411163,Yevhen Masko,2,1,40,28,12,68,2021-09-01 19:05:00,525344
Mariia Kurischenko_1660910460,Mariia Kurischenko,-3,0,30,36,-6,66,2021-09-01 19:10:00,525345
Vitaliy Pinchuk_1432066415,Vitaliy Pinchuk,-3,0,25,33,-8,58,2021-09-01 19:15:00,525346
G Vahnin_96900,G Vahnin,-1,0,36,44,-8,80,2021-09-01 19:17:00,525347
Liubomyr Sheshurak_150549523,Liubomyr Sheshurak,2,1,46,39,7,85,2021-09-01 19:20:00,525348
Lev Kuzyo_110346705,Lev Kuzyo,2,1,41,38,3,79,2021-09-01 19:25:00,525349
N Shillegodskii_96898,N Shillegodskii,-3,0,19,33,-14,52,2021-09-01 19:25:00,525350
Ivan Kozyr_1454633398,Ivan Kozyr,-2,0,54,56,-2,110,2021-09-01 19:30:00,525351
A Vlasov_96708,A Vlasov,3,1,36,29,7,65,2021-09-01 19:30:00,525352
Oleksandr Semenets_1016529015,Oleksandr Semenets,3,1,33,25,8,58,2021-09-01 19:35:00,525353
Volodymyr Maksiuta_1805161239,Volodymyr Maksiuta,-1,0,48,44,4,92,2021-09-01 19:40:00,525354
Iolanta Yevtodii_806815198,Iolanta Yevtodii,1,1,51,50,1,101,2021-09-01 19:45:00,525355
I Moshkov_96779,I Moshkov,-2,0,34,43,-9,77,2021-09-01 19:49:00,525356
Ruslan Novak_356022334,Ruslan Novak,-1,0,43,48,-5,91,2021-09-01 19:50:00,525357
Grygoriy Kuzmenko_815558456,Grygoriy Kuzmenko,-3,0,22,34,-12,56,2021-09-01 19:55:00,525358
S Kaplan_96763,S Kaplan,3,1,33,12,21,45,2021-09-01 19:57:00,525359
M Minkov_96709,M Minkov,3,1,33,18,15,51,2021-09-01 20:00:00,525360
Serhii Skachenko_1472572734,Serhii Skachenko,1,1,53,51,2,104,2021-09-01 20:00:00,525361
Jo Medek_21593,Jo Medek,-2,0,26,43,-17,69,2021-09-01 20:01:00,525362
Maksym Kolos_583129729,Maksym Kolos,-2,0,35,42,-7,77,2021-09-01 20:05:00,525363
Anatolii Chaplianka_2135590023,Anatolii Chaplianka,2,1,43,33,10,76,2021-09-01 20:10:00,525364
Volodymyr Maksiuta_390484352,Volodymyr Maksiuta,3,1,33,17,16,50,2021-09-01 20:15:00,525365
D Fedorov_96764,D Fedorov,2,1,42,38,4,80,2021-09-01 20:15:00,525366
A Yanshaev_96780,A Yanshaev,-1,0,48,46,2,94,2021-09-01 20:16:00,525367
Mariia Kurischenko_1345604063,Mariia Kurischenko,-2,0,38,42,-4,80,2021-09-01 20:20:00,525368
Roman Rybachuk_1793733059,Roman Rybachuk,1,1,48,40,8,88,2021-09-01 20:25:00,525369
Valerii Tatarynov_1567151962,Valerii Tatarynov,-3,0,25,34,-9,59,2021-09-01 20:30:00,525370
M Stusek_21594,M Stusek,-2,0,33,46,-13,79,2021-09-01 20:30:00,525371
A Menshikov_96710,A Menshikov,2,1,45,40,5,85,2021-09-01 20:30:00,525372
Anton Veliiev_2137105752,Anton Veliiev,3,1,33,20,13,53,2021-09-01 20:35:00,525373
Ivan Kozyr_163634072,Ivan Kozyr,3,1,36,27,9,63,2021-09-01 20:40:00,525374
Oleksandr Semenets_978063390,Oleksandr Semenets,-2,0,36,43,-7,79,2021-09-01 20:45:00,525375
Al-i Zhelubenkov_96765,Al-i Zhelubenkov,-1,0,53,51,2,104,2021-09-01 20:48:00,525376
Yevhen Masko_961136358,Yevhen Masko,2,1,42,36,6,78,2021-09-01 20:50:00,525377
D Tunitsyn_96781,D Tunitsyn,2,1,42,33,9,75,2021-09-01 20:50:00,525378
Iolanta Yevtodii_1542823989,Iolanta Yevtodii,-3,0,16,33,-17,49,2021-09-01 20:55:00,525379
Serhii Berezynskyi_597431044,Serhii Berezynskyi,1,1,47,42,5,89,2021-09-01 21:00:00,525380
S Burov_96711,S Burov,2,1,37,21,16,58,2021-09-01 21:01:00,525381
L Boruvka_21595,L Boruvka,1,1,54,50,4,104,2021-09-01 21:01:00,525382
Dmytro Zeniuk_631913315,Dmytro Zeniuk,-3,0,19,33,-14,52,2021-09-01 21:05:00,525383
Rodion Pirveli_589315146,Rodion Pirveli,2,1,41,39,2,80,2021-09-01 21:10:00,525384
Maksym Kolos_390349451,Maksym Kolos,1,1,60,58,2,118,2021-09-01 21:15:00,525385
A Klavdenkov_96782,A Klavdenkov,-2,0,27,41,-14,68,2021-09-01 21:16:00,525386
Ivan Kozyr_605947420,Ivan Kozyr,2,1,42,34,8,76,2021-09-01 21:20:00,525387
Andrii Baklykov_529052984,Andrii Baklykov,-3,0,19,33,-14,52,2021-09-01 21:25:00,525388
Mariia Kurischenko_2110543523,Mariia Kurischenko,-3,0,22,35,-13,57,2021-09-01 21:30:00,525389
V Kazakov_96766,V Kazakov,-3,0,24,33,-9,57,2021-09-01 21:30:00,525390
A Menshikov_96712,A Menshikov,3,1,33,17,16,50,2021-09-01 21:30:00,525391
Vitaliy Pinchuk_1385316385,Vitaliy Pinchuk,-3,0,21,33,-12,54,2021-09-01 21:35:00,525392
Ja Zlamal_21596,Ja Zlamal,3,1,33,22,11,55,2021-09-01 21:39:00,525393
Liubomyr Sheshurak_657578687,Liubomyr Sheshurak,-3,0,20,34,-14,54,2021-09-01 21:40:00,525394
D Tunitsyn_96783,D Tunitsyn,1,1,48,38,10,86,2021-09-01 21:45:00,525395
Anton Veliiev_1937886387,Anton Veliiev,-3,0,25,33,-8,58,2021-09-01 21:45:00,525396
Al-i Zhelubenkov_96767,Al-i Zhelubenkov,-3,0,13,33,-20,46,2021-09-01 21:48:00,525397
Serhii Kinash_2011037541,Serhii Kinash,-2,0,30,42,-12,72,2021-09-01 21:50:00,525398
Ivan Kozyr_1279594761,Ivan Kozyr,1,1,53,45,8,98,2021-09-01 21:55:00,525399
M Minkov_96713,M Minkov,-1,0,49,48,1,97,2021-09-01 22:00:00,525400
Yevhen Masko_631006935,Yevhen Masko,2,1,45,36,9,81,2021-09-01 22:00:00,525401
L Boruvka_21597,L Boruvka,1,1,54,52,2,106,2021-09-01 22:02:00,525402
Alina Kurtenko_1865722388,Alina Kurtenko,-3,0,24,33,-9,57,2021-09-01 22:05:00,525403
Serhii Berezynskyi_555000024,Serhii Berezynskyi,3,1,34,19,15,53,2021-09-01 22:10:00,525404
Valerii Tatarynov_945356875,Valerii Tatarynov,2,1,43,32,11,75,2021-09-01 22:15:00,525405
D Fedorov_96768,D Fedorov,2,1,44,36,8,80,2021-09-01 22:16:00,525406
A Yanshaev_96784,A Yanshaev,2,1,38,29,9,67,2021-09-01 22:20:00,525407
Serhii Skachenko_619454250,Serhii Skachenko,1,1,45,43,2,88,2021-09-01 22:20:00,525408
Anatolii Chaplianka_587718140,Anatolii Chaplianka,-1,0,46,44,2,90,2021-09-01 22:25:00,525409
S Burov_96927,S Burov,-3,0,20,33,-13,53,2021-09-01 22:33:00,525410
Roman Rybachuk_173685319,Roman Rybachuk,-2,0,35,42,-7,77,2021-09-01 22:45:00,525411
Al-i Zhelubenkov_96929,Al-i Zhelubenkov,-1,0,44,51,-7,95,2021-09-01 22:49:00,525412
M Stusek_21598,M Stusek,-3,0,19,33,-14,52,2021-09-01 22:50:00,525413
I Moshkov_96931,I Moshkov,-1,0,53,54,-1,107,2021-09-01 22:51:00,525414
Oleksandr Shchytka_867206575,Oleksandr Shchytka,-2,0,32,39,-7,71,2021-09-01 23:00:00,525415
A Menshikov_96928,A Menshikov,1,1,49,43,6,92,2021-09-01 23:00:00,525416
M Stusek_21625,M Stusek,-2,0,31,43,-12,74,2021-09-01 23:15:00,525417
S Kaplan_96930,S Kaplan,3,1,34,17,17,51,2021-09-01 23:21:00,525418
Dmytro Belanchyk_1685830868,Dmytro Belanchyk,-3,0,27,35,-8,62,2021-09-01 23:30:00,525419
A Yanshaev_96932,A Yanshaev,3,1,36,22,14,58,2021-09-01 23:31:00,525420
R Pavlenko_96714,R Pavlenko,1,1,45,41,4,86,2021-09-01 23:32:00,525421
Ja Zlamal_21626,Ja Zlamal,-1,0,41,49,-8,90,2021-09-01 23:42:00,525422
V Safonov_96769,V Safonov,1,1,54,50,4,104,2021-09-01 23:45:00,525423
V Shirshov_96785,V Shirshov,-2,0,28,43,-15,71,2021-09-01 23:51:00,525424
S Ogai_100860,S Ogai,-3,0,23,34,-11,57,2021-09-02 00:00:00,525425
Andriy Zaitsev_1879454570,Andriy Zaitsev,2,1,44,38,6,82,2021-09-02 00:05:00,525426
R Rose_22551,R Rose,-3,0,23,33,-10,56,2021-09-02 00:07:00,525427
A Tsitselskii_100896,A Tsitselskii,-3,0,20,33,-13,53,2021-09-02 00:15:00,525428
Serhii Berezynskyi_201607083,Serhii Berezynskyi,1,1,49,45,4,94,2021-09-02 00:15:00,525429
A Ilin_100821,A Ilin,3,1,33,16,17,49,2021-09-02 00:15:00,525430
Volodymyr Voronenkov_118998,Volodymyr Voronenkov,3,1,35,25,10,60,2021-09-02 00:20:00,525431
K Brozik_22552,K Brozik,3,1,33,26,7,59,2021-09-02 00:30:00,525432
D Sayanov_100861,D Sayanov,1,1,48,45,3,93,2021-09-02 00:32:00,525433
Dmitriy Lebed_295042750,Dmitriy Lebed,3,1,33,21,12,54,2021-09-02 00:35:00,525434
Illia Semeniuk_861822456,Illia Semeniuk,2,1,41,26,15,67,2021-09-02 00:45:00,525435
V Chahur_100822,V Chahur,-3,0,18,35,-17,53,2021-09-02 00:45:00,525436
A Volkov_100897,A Volkov,-1,0,42,43,-1,85,2021-09-02 00:46:00,525437
Anatolii Levshyn_118999,Anatolii Levshyn,-1,0,43,48,-5,91,2021-09-02 00:50:00,525438
Oleksii Tkachuk_1968716225,Oleksii Tkachuk,-3,0,17,33,-16,50,2021-09-02 01:00:00,525439
R Rose_22587,R Rose,3,1,33,21,12,54,2021-09-02 01:01:00,525440
Zh Tsybikov_100862,Zh Tsybikov,-1,0,47,49,-2,96,2021-09-02 01:04:00,525441
Andriy Zaitsev_467003576,Andriy Zaitsev,3,1,33,19,14,52,2021-09-02 01:05:00,525442
Roman Rybachuk_2108555938,Roman Rybachuk,-1,0,47,45,2,92,2021-09-02 01:15:00,525443
V Shirshov_100823,V Shirshov,-2,0,30,38,-8,68,2021-09-02 01:15:00,525444
A Girevenkov_100898,A Girevenkov,2,1,38,34,4,72,2021-09-02 01:17:00,525445
Mykola Korniienko_119421,Mykola Korniienko,3,1,33,18,15,51,2021-09-02 01:30:00,525446
K Brozik_22588,K Brozik,-2,0,32,43,-11,75,2021-09-02 01:30:00,525447
Petro Pidleteichuk_2025078780,Petro Pidleteichuk,-3,0,32,41,-9,73,2021-09-02 01:30:00,525448
Dmitriy Lebed_175933590,Dmitriy Lebed,1,1,48,42,6,90,2021-09-02 01:35:00,525449
S Ogai_100863,S Ogai,-1,0,41,43,-2,84,2021-09-02 01:35:00,525450
A Tsitselskii_100899,A Tsitselskii,-2,0,28,40,-12,68,2021-09-02 01:45:00,525451
A Ilin_100824,A Ilin,3,1,33,18,15,51,2021-09-02 01:45:00,525452
Serhii Berezynskyi_445704894,Serhii Berezynskyi,-1,0,44,51,-7,95,2021-09-02 01:45:00,525453
Andrii Lukatskyi_119422,Andrii Lukatskyi,-3,0,24,36,-12,60,2021-09-02 02:00:00,525454
Oleksii Tkachuk_85399819,Oleksii Tkachuk,-1,0,47,47,0,94,2021-09-02 02:00:00,525455
Viacheslav Kovalenko_1742939250,Viacheslav Kovalenko,1,1,48,44,4,92,2021-09-02 02:05:00,525456
Zh Tsybikov_100864,Zh Tsybikov,3,1,33,13,20,46,2021-09-02 02:08:00,525457
V Shirshov_100825,V Shirshov,-2,0,32,40,-8,72,2021-09-02 02:15:00,525458
Illia Semeniuk_2084185230,Illia Semeniuk,1,1,47,49,-2,96,2021-09-02 02:15:00,525459
A Girevenkov_100900,A Girevenkov,3,1,33,21,12,54,2021-09-02 02:16:00,525460
T Turabekov_100865,T Turabekov,-2,0,39,45,-6,84,2021-09-02 02:30:00,525461
Nazarii Sydorak_1835341337,Nazarii Sydorak,3,1,34,20,14,54,2021-09-02 02:30:00,525462
Dmitriy Lebed_1780087670,Dmitriy Lebed,3,1,33,17,16,50,2021-09-02 02:35:00,525463
Roman Rybachuk_1356576022,Roman Rybachuk,-2,0,38,40,-2,78,2021-09-02 02:45:00,525464
I Ramensky_100826,I Ramensky,2,1,44,39,5,83,2021-09-02 02:45:00,525465
E Kalashnikov_100901,E Kalashnikov,-1,0,47,44,3,91,2021-09-02 02:50:00,525466
Liudmyla Kabakova_119015,Liudmyla Kabakova,-3,0,30,36,-6,66,2021-09-02 02:55:00,525467
Petro Pidleteichuk_51419288,Petro Pidleteichuk,-3,0,25,35,-10,60,2021-09-02 03:00:00,525468
D Sayanov_100866,D Sayanov,-2,0,22,41,-19,63,2021-09-02 03:00:00,525469
Andriy Zaitsev_1863810469,Andriy Zaitsev,2,1,35,34,1,69,2021-09-02 03:05:00,525470
Serhii Berezynskyi_1611745771,Serhii Berezynskyi,-3,0,22,33,-11,55,2021-09-02 03:15:00,525471
A Volkov_100902,A Volkov,1,1,53,40,13,93,2021-09-02 03:20:00,525472
V Chahur_100827,V Chahur,3,1,33,14,19,47,2021-09-02 03:21:00,525473
Iryna Tiutiunyk_119016,Iryna Tiutiunyk,-1,0,39,48,-9,87,2021-09-02 03:25:00,525474
Oleksii Tkachuk_1453051192,Oleksii Tkachuk,-2,0,31,41,-10,72,2021-09-02 03:30:00,525475
N Zhurba_100867,N Zhurba,-2,0,38,42,-4,80,2021-09-02 03:31:00,525476
Dmitriy Lebed_295146401,Dmitriy Lebed,2,1,43,31,12,74,2021-09-02 03:35:00,525477
M Minkov_100828,M Minkov,-3,0,16,33,-17,49,2021-09-02 03:45:00,525478
Ruslan Novak_161045514,Ruslan Novak,2,1,44,31,13,75,2021-09-02 03:45:00,525479
Yu Merkushin_100903,Yu Merkushin,-1,0,49,51,-2,100,2021-09-02 03:48:00,525480
Liudmyla Kabakova_119017,Liudmyla Kabakova,3,1,34,21,13,55,2021-09-02 03:55:00,525481
Nazarii Sydorak_1127988021,Nazarii Sydorak,3,1,33,17,16,50,2021-09-02 04:00:00,525482
T Turabekov_100868,T Turabekov,2,1,42,33,9,75,2021-09-02 04:04:00,525483
Andriy Zaitsev_1144189433,Andriy Zaitsev,2,1,38,26,12,64,2021-09-02 04:05:00,525484
I Ramensky_100829,I Ramensky,3,1,33,23,10,56,2021-09-02 04:15:00,525485
Illia Semeniuk_416588163,Illia Semeniuk,1,1,51,48,3,99,2021-09-02 04:15:00,525486
E Kalashnikov_100904,E Kalashnikov,1,1,47,40,7,87,2021-09-02 04:23:00,525487
Karina Zharkova_119018,Karina Zharkova,2,1,42,28,14,70,2021-09-02 04:25:00,525488
Petro Pidleteichuk_1929159623,Petro Pidleteichuk,-2,0,40,41,-1,81,2021-09-02 04:30:00,525489
T Turabekov_101062,T Turabekov,2,1,41,33,8,74,2021-09-02 04:31:00,525490
Dmitriy Lebed_175686323,Dmitriy Lebed,-2,0,33,41,-8,74,2021-09-02 04:35:00,525491
V Chahur_101064,V Chahur,-1,0,47,47,0,94,2021-09-02 04:45:00,525492
Serhii Berezynskyi_445806107,Serhii Berezynskyi,-2,0,33,43,-10,76,2021-09-02 04:45:00,525493
Iryna Tiutiunyk_119019,Iryna Tiutiunyk,3,1,33,17,16,50,2021-09-02 04:55:00,525494
S Ogai_101063,S Ogai,1,1,51,39,12,90,2021-09-02 04:59:00,525495
Volodymyr Ivasiv_165429612,Volodymyr Ivasiv,-2,0,42,47,-5,89,2021-09-02 05:00:00,525496
A Tsitselskii_101066,A Tsitselskii,-3,0,23,33,-10,56,2021-09-02 05:01:00,525497
Viacheslav Kovalenko_1003764121,Viacheslav Kovalenko,-2,0,32,41,-9,73,2021-09-02 05:05:00,525498
Ruslan Novak_679261180,Ruslan Novak,1,1,47,36,11,83,2021-09-02 05:15:00,525499
A Ilin_101065,A Ilin,-2,0,30,34,-4,64,2021-09-02 05:15:00,525500
A Volkov_101067,A Volkov,3,1,35,22,13,57,2021-09-02 05:21:00,525501
Liudmyla Kabakova_119020,Liudmyla Kabakova,-1,0,45,50,-5,95,2021-09-02 05:25:00,525502
Oleksii Tkachuk_1797975864,Oleksii Tkachuk,3,1,33,18,15,51,2021-09-02 05:30:00,525503
Iryna Tiutiunyk_119021,Iryna Tiutiunyk,-3,0,21,33,-12,54,2021-09-02 05:55:00,525504
Oleksii Tkachuk_855060318,Oleksii Tkachuk,-3,0,19,33,-14,52,2021-09-02 06:00:00,525505
Karina Zharkova_119022,Karina Zharkova,2,1,43,32,11,75,2021-09-02 06:25:00,525506
Serhij Maksymiv_1170210950,Serhij Maksymiv,-3,0,23,33,-10,56,2021-09-02 06:30:00,525507
Liudmyla Kabakova_119023,Liudmyla Kabakova,-3,0,28,36,-8,64,2021-09-02 06:55:00,525508
Anastasiia Havelia_119024,Anastasiia Havelia,-3,0,12,33,-21,45,2021-09-02 07:25:00,525509
P Vshivkov_100982,P Vshivkov,2,1,44,36,8,80,2021-09-02 07:32:00,525510
A Lisov_101016,A Lisov,2,1,43,36,7,79,2021-09-02 07:47:00,525511
Maksym Laievskiy_1719254935,Maksym Laievskiy,1,1,52,46,6,98,2021-09-02 07:50:00,525512
S Nikulin_100942,S Nikulin,2,1,44,33,11,77,2021-09-02 07:51:00,525513
Igor Kozhenkov_749951779,Igor Kozhenkov,-3,0,23,33,-10,56,2021-09-02 07:55:00,525514
Liudmyla Kabakova_119423,Liudmyla Kabakova,1,1,39,47,-8,86,2021-09-02 07:55:00,525515
A Kolmin_100983,A Kolmin,-3,0,21,33,-12,54,2021-09-02 08:02:00,525516
S Homutov_101017,S Homutov,1,1,47,48,-1,95,2021-09-02 08:15:00,525517
A Bochkarev_100943,A Bochkarev,3,1,33,23,10,56,2021-09-02 08:20:00,525518
Anastasiia Havelia_119424,Anastasiia Havelia,-3,0,18,33,-15,51,2021-09-02 08:25:00,525519
Serhii Skachenko_495666723,Serhii Skachenko,2,1,43,36,7,79,2021-09-02 08:25:00,525520
Anatolii Chaplianka_1466265750,Anatolii Chaplianka,-2,0,27,41,-14,68,2021-09-02 08:30:00,525521
I Sergeevich_100984,I Sergeevich,2,1,39,32,7,71,2021-09-02 08:30:00,525522
Andrii Tsikhotskyi_1976569875,Andrii Tsikhotskyi,-1,0,42,46,-4,88,2021-09-02 08:35:00,525523
Yulija Rechytska_947573649,Yulija Rechytska,2,1,39,33,6,72,2021-09-02 08:40:00,525524
A Gribkov_100944,A Gribkov,2,1,39,32,7,71,2021-09-02 08:45:00,525525
Dmytro Dygalevych_622186073,Dmytro Dygalevych,-3,0,17,33,-16,50,2021-09-02 08:45:00,525526
Andrii Isaiev_1829019937,Andrii Isaiev,-2,0,35,46,-11,81,2021-09-02 08:50:00,525527
A Arutiunyan_101018,A Arutiunyan,-1,0,44,49,-5,93,2021-09-02 08:53:00,525528
Bohdan Omelchuk_448619281,Bohdan Omelchuk,2,1,45,38,7,83,2021-09-02 08:55:00,525529
Volodymyr Korobko_119416,Volodymyr Korobko,2,1,39,32,7,71,2021-09-02 08:55:00,525530
Mykyta Rubtsov_1015815666,Mykyta Rubtsov,-2,0,28,37,-9,65,2021-09-02 08:55:00,525531
Ruslan Ivanov_728609374,Ruslan Ivanov,1,1,42,42,0,84,2021-09-02 09:00:00,525532
Mykhailo Zholubak_119305,Mykhailo Zholubak,-2,0,35,41,-6,76,2021-09-02 09:00:00,525533
M Chernyavskiy_100985,M Chernyavskiy,-1,0,49,55,-6,104,2021-09-02 09:01:00,525534
Igor Kozhenkov_696417212,Igor Kozhenkov,3,1,35,27,8,62,2021-09-02 09:05:00,525535
Pavlo Khakhamidi_119129,Pavlo Khakhamidi,1,1,50,42,8,92,2021-09-02 09:05:00,525536
Artur Kravchuk_119339,Artur Kravchuk,-1,0,50,48,2,98,2021-09-02 09:10:00,525537
Tymur Kozenkov_1831587477,Tymur Kozenkov,2,1,42,41,1,83,2021-09-02 09:10:00,525538
Larisa Starikova_1449679534,Larisa Starikova,-2,0,32,40,-8,72,2021-09-02 09:15:00,525539
Vladyslav Makhotin_119353,Vladyslav Makhotin,2,1,42,33,9,75,2021-09-02 09:15:00,525540
D Razinkov_100945,D Razinkov,-2,0,27,41,-14,68,2021-09-02 09:15:00,525541
Vitaliy Pinchuk_1972717553,Vitaliy Pinchuk,2,1,42,30,12,72,2021-09-02 09:20:00,525542
M Minchenkov_101019,M Minchenkov,1,1,46,42,4,88,2021-09-02 09:21:00,525543
Oleg Kuravsky_428633172,Oleg Kuravsky,-1,0,46,47,-1,93,2021-09-02 09:25:00,525544
Vitaliy Khamurda_1411540884,Vitaliy Khamurda,1,1,51,47,4,98,2021-09-02 09:30:00,525545
Pavlo Pyasta_1228282556,Pavlo Pyasta,-3,0,25,37,-12,62,2021-09-02 09:30:00,525546
Vladyslav Ratushniak_119306,Vladyslav Ratushniak,3,1,33,20,13,53,2021-09-02 09:30:00,525547
Serhii Skachenko_211053452,Serhii Skachenko,3,1,33,13,20,46,2021-09-02 09:35:00,525548
Andrii Peretiatko_119130,Andrii Peretiatko,-2,0,32,41,-9,73,2021-09-02 09:35:00,525549
Vitalii Obukhov_119340,Vitalii Obukhov,3,1,35,23,12,58,2021-09-02 09:40:00,525550
Andrii Selin_1942176339,Andrii Selin,2,1,44,37,7,81,2021-09-02 09:40:00,525551
I Sergeevich_100986,I Sergeevich,3,1,33,20,13,53,2021-09-02 09:42:00,525552
Nazar Semenenko_119354,Nazar Semenenko,2,1,42,30,12,72,2021-09-02 09:45:00,525553
Andrii Tsikhotskyi_1843288922,Andrii Tsikhotskyi,2,1,42,32,10,74,2021-09-02 09:45:00,525554
A Gribkov_100946,A Gribkov,2,1,44,36,8,80,2021-09-02 09:46:00,525555
Oleksandr Zhyrnov_119368,Oleksandr Zhyrnov,1,1,52,48,4,100,2021-09-02 09:50:00,525556
Yulija Rechytska_1602456789,Yulija Rechytska,-2,0,31,40,-9,71,2021-09-02 09:50:00,525557
Andrii Berdii_119116,Andrii Berdii,1,1,50,52,-2,102,2021-09-02 09:55:00,525558
Dmytro Dygalevych_890525227,Dmytro Dygalevych,-2,0,38,49,-11,87,2021-09-02 09:55:00,525559
Valeriy Vlasenko_119174,Valeriy Vlasenko,-1,0,48,50,-2,98,2021-09-02 09:55:00,525560
Mykhailo Zholubak_119307,Mykhailo Zholubak,-3,0,20,33,-13,53,2021-09-02 10:00:00,525561
V Pak_100928,V Pak,-2,0,2,23,-21,25,2021-09-02 10:00:00,525562
Andrii Isaiev_1161641166,Andrii Isaiev,-2,0,31,38,-7,69,2021-09-02 10:00:00,525563
A Kolmin_100987,A Kolmin,2,1,46,35,11,81,2021-09-02 10:01:00,525564
P Anton_22559,P Anton,-3,0,12,33,-21,45,2021-09-02 10:02:00,525565
A Arutiunyan_101020,A Arutiunyan,-2,0,51,55,-4,106,2021-09-02 10:02:00,525566
Oleksandr Shapoval_119131,Oleksandr Shapoval,1,1,47,45,2,92,2021-09-02 10:05:00,525567
Bohdan Omelchuk_1745194757,Bohdan Omelchuk,1,1,50,48,2,98,2021-09-02 10:05:00,525568
Mykyta Rubtsov_1883445800,Mykyta Rubtsov,-2,0,27,41,-14,68,2021-09-02 10:05:00,525569
Maksym Laievskiy_172457736,Maksym Laievskiy,3,1,33,13,20,46,2021-09-02 10:10:00,525570
Dmytro Kunchurov_119341,Dmytro Kunchurov,-1,0,43,51,-8,94,2021-09-02 10:10:00,525571
Volodymyr Kazmyrchuk_119355,Volodymyr Kazmyrchuk,1,1,53,42,11,95,2021-09-02 10:15:00,525572
Anatolii Chaplianka_544464202,Anatolii Chaplianka,-2,0,30,39,-9,69,2021-09-02 10:15:00,525573
A Bochkarev_100947,A Bochkarev,1,1,47,49,-2,96,2021-09-02 10:16:00,525574
Vladyslav Mishchenko_119369,Vladyslav Mishchenko,-2,0,25,35,-10,60,2021-09-02 10:20:00,525575
Adam Krasutskyi_397123759,Adam Krasutskyi,-1,0,45,52,-7,97,2021-09-02 10:20:00,525576
P Samsonov_100929,P Samsonov,-1,0,19,33,-14,52,2021-09-02 10:20:00,525577
Viacheslav Isakov_119175,Viacheslav Isakov,-1,0,34,48,-14,82,2021-09-02 10:25:00,525578
Tatiana Bairak_502042521,Tatiana Bairak,3,1,33,17,16,50,2021-09-02 10:25:00,525579
Ihor Kvak_119117,Ihor Kvak,-1,0,47,48,-1,95,2021-09-02 10:25:00,525580
Ivan Omelchuk_119308,Ivan Omelchuk,-2,0,34,39,-5,73,2021-09-02 10:30:00,525581
V Waldhauser_22560,V Waldhauser,2,1,49,43,6,92,2021-09-02 10:30:00,525582
Vitaliy Pinchuk_1989416304,Vitaliy Pinchuk,1,1,49,45,4,94,2021-09-02 10:30:00,525583
S Homutov_101021,S Homutov,-1,0,42,48,-6,90,2021-09-02 10:33:00,525584
Andrii Peretiatko_119132,Andrii Peretiatko,-3,0,25,35,-10,60,2021-09-02 10:35:00,525585
Mykhailo Vivatenko_1459294811,Mykhailo Vivatenko,3,1,33,20,13,53,2021-09-02 10:35:00,525586
M Chernyavskiy_101068,M Chernyavskiy,2,1,40,33,7,73,2021-09-02 10:38:00,525587
Dmytro Derevinskyi_1693551594,Dmytro Derevinskyi,-2,0,38,43,-5,81,2021-09-02 10:40:00,525588
M Lysenko_100930,M Lysenko,2,1,24,16,8,40,2021-09-02 10:40:00,525589
Oleksandr Kyryliuk_1375653275,Oleksandr Kyryliuk,2,1,44,36,8,80,2021-09-02 10:40:00,525590
Vitalii Obukhov_119342,Vitalii Obukhov,1,1,50,53,-3,103,2021-09-02 10:40:00,525591
Anton Veliiev_669131727,Anton Veliiev,-2,0,36,46,-10,82,2021-09-02 10:45:00,525592
Nazar Semenenko_119356,Nazar Semenenko,3,1,33,19,14,52,2021-09-02 10:45:00,525593
Igor Kozhenkov_555170248,Igor Kozhenkov,2,1,35,34,1,69,2021-09-02 10:50:00,525594
Vladyslav Mishchenko_119370,Vladyslav Mishchenko,1,1,49,54,-5,103,2021-09-02 10:50:00,525595
D Razinkov_101070,D Razinkov,-2,0,31,40,-9,71,2021-09-02 10:52:00,525596
Tymur Karchevskyi_119176,Tymur Karchevskyi,2,1,38,25,13,63,2021-09-02 10:55:00,525597
Volodymyr Korobko_119417,Volodymyr Korobko,3,1,36,29,7,65,2021-09-02 10:55:00,525598
Tymur Kozenkov_983155559,Tymur Kozenkov,-3,0,26,33,-7,59,2021-09-02 10:55:00,525599
Larisa Starikova_1517346400,Larisa Starikova,-3,0,25,33,-8,58,2021-09-02 11:00:00,525600
P Shilnikov_100931,P Shilnikov,2,1,25,19,6,44,2021-09-02 11:00:00,525601
Vladyslav Ratushniak_119309,Vladyslav Ratushniak,2,1,38,35,3,73,2021-09-02 11:00:00,525602
M Klement_22561,M Klement,2,1,44,36,8,80,2021-09-02 11:02:00,525603
A Kolmin_101069,A Kolmin,3,1,36,23,13,59,2021-09-02 11:02:00,525604
Pavlo Khakhamidi_119133,Pavlo Khakhamidi,2,1,41,30,11,71,2021-09-02 11:05:00,525605
Dmytro Dygalevych_1958362295,Dmytro Dygalevych,1,1,49,43,6,92,2021-09-02 11:05:00,525606
A Arutiunyan_101072,A Arutiunyan,3,1,33,20,13,53,2021-09-02 11:10:00,525607
Oleg Kuravsky_331970710,Oleg Kuravsky,-2,0,29,41,-12,70,2021-09-02 11:10:00,525608
Artur Kravchuk_119343,Artur Kravchuk,-1,0,46,43,3,89,2021-09-02 11:10:00,525609
Vitaliy Khamurda_2146336289,Vitaliy Khamurda,3,1,35,27,8,62,2021-09-02 11:15:00,525610
Pavlo Pyasta_1349067196,Pavlo Pyasta,2,1,37,36,1,73,2021-09-02 11:15:00,525611
Vladyslav Makhotin_119357,Vladyslav Makhotin,1,1,49,39,10,88,2021-09-02 11:15:00,525612
A Gribkov_101071,A Gribkov,-2,0,39,42,-3,81,2021-09-02 11:17:00,525613
Oleksandr Zhyrnov_119371,Oleksandr Zhyrnov,-2,0,39,46,-7,85,2021-09-02 11:20:00,525614
P Samsonov_100932,P Samsonov,2,1,24,8,16,32,2021-09-02 11:20:00,525615
Ruslan Ivanov_76448565,Ruslan Ivanov,3,1,35,20,15,55,2021-09-02 11:20:00,525616
Viacheslav Isakov_119177,Viacheslav Isakov,1,1,57,49,8,106,2021-09-02 11:25:00,525617
Andrii Selin_692311855,Andrii Selin,-3,0,17,33,-16,50,2021-09-02 11:25:00,525618
Mykhailo Urban_119119,Mykhailo Urban,-2,0,31,42,-11,73,2021-09-02 11:25:00,525619
M Minchenkov_101073,M Minchenkov,3,1,33,21,12,54,2021-09-02 11:28:00,525620
Mykhailo Zholubak_119310,Mykhailo Zholubak,-2,0,33,40,-7,73,2021-09-02 11:30:00,525621
Andrii Tsikhotskyi_258003870,Andrii Tsikhotskyi,3,1,39,31,8,70,2021-09-02 11:30:00,525622
F Just_22562,F Just,1,1,48,47,1,95,2021-09-02 11:31:00,525623
I Afanasev_100988,I Afanasev,-3,0,25,35,-10,60,2021-09-02 11:31:00,525624
Yulija Rechytska_246897856,Yulija Rechytska,-2,0,36,38,-2,74,2021-09-02 11:35:00,525625
Ihor Oranskyi_119134,Ihor Oranskyi,2,1,42,31,11,73,2021-09-02 11:35:00,525626
E Samsonova_100933,E Samsonova,-2,0,20,26,-6,46,2021-09-02 11:40:00,525627
Volodymyr Tuchkevych_1822365146,Volodymyr Tuchkevych,1,1,50,43,7,93,2021-09-02 11:40:00,525628
Volodymyr Kononikhin_119344,Volodymyr Kononikhin,3,1,33,21,12,54,2021-09-02 11:40:00,525629
Andrii Isaiev_463302383,Andrii Isaiev,3,1,35,22,13,57,2021-09-02 11:45:00,525630
Valeriy Kolesnykov_119358,Valeriy Kolesnykov,3,1,33,21,12,54,2021-09-02 11:45:00,525631
G Karpovkin_100948,G Karpovkin,2,1,43,33,10,76,2021-09-02 11:48:00,525632
V Rachkov_101022,V Rachkov,3,1,34,20,14,54,2021-09-02 11:49:00,525633
Rodion Kapinus_119372,Rodion Kapinus,1,1,48,49,-1,97,2021-09-02 11:50:00,525634
Bohdan Omelchuk_984309852,Bohdan Omelchuk,-2,0,42,49,-7,91,2021-09-02 11:50:00,525635
Mykyta Rubtsov_501632348,Mykyta Rubtsov,-1,0,48,48,0,96,2021-09-02 11:50:00,525636
Serhii Skachenko_793199373,Serhii Skachenko,-1,0,42,54,-12,96,2021-09-02 11:55:00,525637
Valeriy Vlasenko_119178,Valeriy Vlasenko,-3,0,17,33,-16,50,2021-09-02 11:55:00,525638
Andrii Berdii_119120,Andrii Berdii,1,1,50,46,4,96,2021-09-02 11:55:00,525639
Vladyslav Ratushniak_119311,Vladyslav Ratushniak,-2,0,37,43,-6,80,2021-09-02 12:00:00,525640
Anatolii Chaplianka_908027992,Anatolii Chaplianka,-1,0,45,48,-3,93,2021-09-02 12:00:00,525641
V Pak_100934,V Pak,-2,0,10,23,-13,33,2021-09-02 12:00:00,525642
D Mikheev_100989,D Mikheev,3,1,34,25,9,59,2021-09-02 12:02:00,525643
Adam Krasutskyi_80527909,Adam Krasutskyi,-2,0,24,38,-14,62,2021-09-02 12:05:00,525644
Oleksandr Shapoval_119135,Oleksandr Shapoval,1,1,47,49,-2,96,2021-09-02 12:05:00,525645
Dmytro Kunchurov_119345,Dmytro Kunchurov,1,1,53,44,9,97,2021-09-02 12:10:00,525646
Tatiana Bairak_1513172121,Tatiana Bairak,2,1,42,31,11,73,2021-09-02 12:10:00,525647
M Klement_22563,M Klement,2,1,49,34,15,83,2021-09-02 12:12:00,525648
Volodymyr Kazmyrchuk_119359,Volodymyr Kazmyrchuk,-3,0,18,33,-15,51,2021-09-02 12:15:00,525649
Oleksandr Kuharchuk_1496744117,Oleksandr Kuharchuk,-3,0,18,35,-17,53,2021-09-02 12:15:00,525650
A Gerasimov_101023,A Gerasimov,1,1,47,43,4,90,2021-09-02 12:16:00,525651
A Andreev_100949,A Andreev,1,1,50,46,4,96,2021-09-02 12:17:00,525652
Mykhailo Vivatenko_1454103276,Mykhailo Vivatenko,-1,0,46,50,-4,96,2021-09-02 12:20:00,525653
M Lysenko_100935,M Lysenko,-2,0,8,23,-15,31,2021-09-02 12:20:00,525654
Oleksandr Zhyrnov_119373,Oleksandr Zhyrnov,3,1,34,27,7,61,2021-09-02 12:20:00,525655
Ihor Kvak_119121,Ihor Kvak,-1,0,45,52,-7,97,2021-09-02 12:25:00,525656
Dmytro Derevinskyi_643342003,Dmytro Derevinskyi,-3,0,22,33,-11,55,2021-09-02 12:25:00,525657
Oleksandr Kyryliuk_136641250,Oleksandr Kyryliuk,-1,0,45,54,-9,99,2021-09-02 12:25:00,525658
Roman Makarenko_119179,Roman Makarenko,-1,0,46,40,6,86,2021-09-02 12:25:00,525659
Ivan Omelchuk_119312,Ivan Omelchuk,-2,0,36,41,-5,77,2021-09-02 12:30:00,525660
Maksym Laievskiy_2076328712,Maksym Laievskiy,-3,0,17,33,-16,50,2021-09-02 12:30:00,525661
R Kobytov_100990,R Kobytov,-2,0,26,39,-13,65,2021-09-02 12:32:00,525662
Andrii Peretiatko_119136,Andrii Peretiatko,-2,0,25,39,-14,64,2021-09-02 12:35:00,525663
Serhii Kinash_1239500189,Serhii Kinash,-2,0,31,40,-9,71,2021-09-02 12:35:00,525664
Tymur Kozenkov_1938526014,Tymur Kozenkov,2,1,39,37,2,76,2021-09-02 12:40:00,525665
Vitalii Obukhov_119346,Vitalii Obukhov,1,1,53,48,5,101,2021-09-02 12:40:00,525666
E Samsonova_100936,E Samsonova,2,1,23,15,8,38,2021-09-02 12:40:00,525667
V Waldhauser_22564,V Waldhauser,-2,0,37,43,-6,80,2021-09-02 12:40:00,525668
Larisa Starikova_2042769328,Larisa Starikova,-1,0,47,50,-3,97,2021-09-02 12:45:00,525669
Nazar Semenenko_119360,Nazar Semenenko,3,1,33,16,17,49,2021-09-02 12:45:00,525670
O Manuylov_100950,O Manuylov,3,1,33,17,16,50,2021-09-02 12:46:00,525671
Artem Yurkov_119374,Artem Yurkov,2,1,41,37,4,78,2021-09-02 12:50:00,525672
A Zirin_101024,A Zirin,-1,0,48,47,1,95,2021-09-02 12:50:00,525673
Vitaliy Pinchuk_223571510,Vitaliy Pinchuk,2,1,41,22,19,63,2021-09-02 12:50:00,525674
Volodymyr Korobko_119418,Volodymyr Korobko,1,1,51,42,9,93,2021-09-02 12:55:00,525675
Oleg Kuravsky_87966785,Oleg Kuravsky,1,1,46,44,2,90,2021-09-02 12:55:00,525676
Tymur Karchevskyi_119180,Tymur Karchevskyi,1,1,50,47,3,97,2021-09-02 12:55:00,525677
P Shilnikov_100937,P Shilnikov,2,1,23,11,12,34,2021-09-02 13:00:00,525678
Vitaliy Khamurda_2030356187,Vitaliy Khamurda,-2,0,34,45,-11,79,2021-09-02 13:00:00,525679
Mykhailo Zholubak_119313,Mykhailo Zholubak,-3,0,19,33,-14,52,2021-09-02 13:00:00,525680
Pavlo Pyasta_2045231784,Pavlo Pyasta,-2,0,39,45,-6,84,2021-09-02 13:00:00,525681
E Kalashnikov_100991,E Kalashnikov,3,1,33,26,7,59,2021-09-02 13:01:00,525682
Anton Veliiev_184187521,Anton Veliiev,-2,0,32,36,-4,68,2021-09-02 13:05:00,525683
Pavlo Khakhamidi_119137,Pavlo Khakhamidi,3,1,33,21,12,54,2021-09-02 13:05:00,525684
P Anton_22589,P Anton,2,1,40,32,8,72,2021-09-02 13:09:00,525685
Igor Kozhenkov_621024066,Igor Kozhenkov,-2,0,42,47,-5,89,2021-09-02 13:10:00,525686
Artur Kravchuk_119347,Artur Kravchuk,-3,0,20,33,-13,53,2021-09-02 13:10:00,525687
K Simonov_100951,K Simonov,3,1,33,21,12,54,2021-09-02 13:15:00,525688
Serhii Hilitukha_696130893,Serhii Hilitukha,-1,0,49,47,2,96,2021-09-02 13:15:00,525689
Vladyslav Makhotin_119361,Vladyslav Makhotin,2,1,40,26,14,66,2021-09-02 13:15:00,525690
V Nemashkalo_101025,V Nemashkalo,-2,0,36,40,-4,76,2021-09-02 13:19:00,525691
Nelia Marchuk_793887934,Nelia Marchuk,-2,0,38,40,-2,78,2021-09-02 13:20:00,525692
Vladyslav Mishchenko_119375,Vladyslav Mishchenko,-3,0,20,33,-13,53,2021-09-02 13:20:00,525693
Viacheslav Isakov_119181,Viacheslav Isakov,3,1,33,14,19,47,2021-09-02 13:25:00,525694
Oleksandr Kuharchuk_1629664607,Oleksandr Kuharchuk,3,1,33,27,6,60,2021-09-02 13:25:00,525695
Mykhailo Urban_119123,Mykhailo Urban,-3,0,27,37,-10,64,2021-09-02 13:25:00,525696
Yevhenii Faflei_152966122,Yevhenii Faflei,1,1,49,52,-3,101,2021-09-02 13:30:00,525697
R Kobytov_100992,R Kobytov,3,1,34,23,11,57,2021-09-02 13:30:00,525698
Denys Kalachevskyi_119314,Denys Kalachevskyi,-2,0,35,44,-9,79,2021-09-02 13:30:00,525699
F Just_22590,F Just,-2,0,35,38,-3,73,2021-09-02 13:34:00,525700
Spartak Abalmaz_1006065510,Spartak Abalmaz,-3,0,29,37,-8,66,2021-09-02 13:35:00,525701
Ihor Oranskyi_119138,Ihor Oranskyi,-1,0,42,55,-13,97,2021-09-02 13:35:00,525702
Vitalii Protopopov_2069228692,Vitalii Protopopov,-3,0,24,33,-9,57,2021-09-02 13:35:00,525703
Volodymyr Kononikhin_119348,Volodymyr Kononikhin,2,1,44,35,9,79,2021-09-02 13:40:00,525704
Ruslan Ivanov_275656870,Ruslan Ivanov,-3,0,28,38,-10,66,2021-09-02 13:40:00,525705
Valeriy Kolesnykov_119362,Valeriy Kolesnykov,-3,0,20,34,-14,54,2021-09-02 13:45:00,525706
Igor Kozhenkov_466575431,Igor Kozhenkov,-2,0,30,44,-14,74,2021-09-02 13:45:00,525707
O Manuylov_100952,O Manuylov,-3,0,27,34,-7,61,2021-09-02 13:46:00,525708
A Zirin_101026,A Zirin,1,1,51,48,3,99,2021-09-02 13:48:00,525709
Rodion Kapinus_119376,Rodion Kapinus,-3,0,23,33,-10,56,2021-09-02 13:50:00,525710
Andrii Tsikhotskyi_1192647941,Andrii Tsikhotskyi,-1,0,40,45,-5,85,2021-09-02 13:50:00,525711
Andrii Berdii_119124,Andrii Berdii,1,1,47,38,9,85,2021-09-02 13:55:00,525712
Valeriy Vlasenko_119182,Valeriy Vlasenko,1,1,50,45,5,95,2021-09-02 13:55:00,525713
Yulija Rechytska_1491833999,Yulija Rechytska,-3,0,14,33,-19,47,2021-09-02 13:55:00,525714
Vitaliy Pinchuk_1584078749,Vitaliy Pinchuk,-1,0,46,42,4,88,2021-09-02 14:00:00,525715
D Mikheev_100993,D Mikheev,2,1,43,33,10,76,2021-09-02 14:00:00,525716
V Pecka_22565,V Pecka,-2,0,30,43,-13,73,2021-09-02 14:04:00,525717
Andrii Isaiev_186145968,Andrii Isaiev,1,1,46,41,5,87,2021-09-02 14:05:00,525718
Oleksandr Shapoval_119139,Oleksandr Shapoval,3,1,33,23,10,56,2021-09-02 14:05:00,525719
Dmytro Kunchurov_119349,Dmytro Kunchurov,2,1,42,37,5,79,2021-09-02 14:10:00,525720
Mykyta Rubtsov_1950156553,Mykyta Rubtsov,-3,0,23,34,-11,57,2021-09-02 14:10:00,525721
Bohdan Omelchuk_1943408611,Bohdan Omelchuk,-1,0,38,47,-9,85,2021-09-02 14:10:00,525722
Maksym Laievskiy_658232737,Maksym Laievskiy,-1,0,36,48,-12,84,2021-09-02 14:15:00,525723
A Andreev_100953,A Andreev,-3,0,27,36,-9,63,2021-09-02 14:15:00,525724
Volodymyr Kazmyrchuk_119363,Volodymyr Kazmyrchuk,-1,0,37,49,-12,86,2021-09-02 14:15:00,525725
Ivan Omelchuk_119465,Ivan Omelchuk,-1,0,44,49,-5,93,2021-09-02 14:20:00,525726
Artem Yurkov_119377,Artem Yurkov,2,1,42,33,9,75,2021-09-02 14:20:00,525727
Serhii Kinash_1023278985,Serhii Kinash,1,1,47,44,3,91,2021-09-02 14:20:00,525728
A Gerasimov_101027,A Gerasimov,-2,0,34,38,-4,72,2021-09-02 14:21:00,525729
Roman Makarenko_119183,Roman Makarenko,-2,0,36,40,-4,76,2021-09-02 14:25:00,525730
Volodymyr Korobko_119419,Volodymyr Korobko,1,1,47,33,14,80,2021-09-02 14:25:00,525731
Andrii Tsikhotskyi_1139675153,Andrii Tsikhotskyi,1,1,49,44,5,93,2021-09-02 14:25:00,525732
Nelia Marchuk_1327981994,Nelia Marchuk,1,1,51,45,6,96,2021-09-02 14:30:00,525733
I Afanasev_101108,I Afanasev,-3,0,22,35,-13,57,2021-09-02 14:31:00,525734
Ja Berger_22566,Ja Berger,-1,0,41,47,-6,88,2021-09-02 14:32:00,525735
Pavlo Khakhamidi_119140,Pavlo Khakhamidi,3,1,36,23,13,59,2021-09-02 14:35:00,525736
Oleksandr Kuharchuk_272260949,Oleksandr Kuharchuk,3,1,33,20,13,53,2021-09-02 14:35:00,525737
Artur Kravchuk_119350,Artur Kravchuk,-3,0,22,33,-11,55,2021-09-02 14:40:00,525738
Yevhenii Faflei_1626240929,Yevhenii Faflei,2,1,43,33,10,76,2021-09-02 14:40:00,525739
Vladyslav Makhotin_119364,Vladyslav Makhotin,1,1,45,46,-1,91,2021-09-02 14:45:00,525740
Dmytro Derevinskyi_450613817,Dmytro Derevinskyi,3,1,33,27,6,60,2021-09-02 14:45:00,525741
Oleg Moshynskyy_1751938677,Oleg Moshynskyy,-2,0,27,38,-11,65,2021-09-02 14:45:00,525742
A Andreev_101110,A Andreev,2,1,39,32,7,71,2021-09-02 14:48:00,525743
V Nemashkalo_101112,V Nemashkalo,1,1,50,43,7,93,2021-09-02 14:49:00,525744
Artem Yurkov_119378,Artem Yurkov,2,1,37,35,2,72,2021-09-02 14:50:00,525745
Oleksii Rybka_119466,Oleksii Rybka,-1,0,45,45,0,90,2021-09-02 14:50:00,525746
Illia Hubariev_1210537647,Illia Hubariev,-2,0,37,43,-6,80,2021-09-02 14:50:00,525747
Tymur Karchevskyi_119184,Tymur Karchevskyi,-3,0,23,33,-10,56,2021-09-02 14:55:00,525748
Volodymyr Hera_119126,Volodymyr Hera,-3,0,20,33,-13,53,2021-09-02 14:55:00,525749
Tymur Kozenkov_885493256,Tymur Kozenkov,-2,0,39,46,-7,85,2021-09-02 15:00:00,525750
D Mikheev_101109,D Mikheev,-3,0,22,33,-11,55,2021-09-02 15:00:00,525751
T Varnuska_22567,T Varnuska,3,1,34,27,7,61,2021-09-02 15:05:00,525752
Ivan Diachenko_119141,Ivan Diachenko,-2,0,39,43,-4,82,2021-09-02 15:05:00,525753
Lilia Melnikova_931948936,Lilia Melnikova,-3,0,21,33,-12,54,2021-09-02 15:05:00,525754
Vladyslav Stukalov_119156,Vladyslav Stukalov,-1,0,39,50,-11,89,2021-09-02 15:10:00,525755
Dmytro Dygalevych_1153761195,Dmytro Dygalevych,-2,0,35,37,-2,72,2021-09-02 15:10:00,525756
Andrii Isaiev_1977684099,Andrii Isaiev,3,1,34,23,11,57,2021-09-02 15:15:00,525757
G Karpovkin_101111,G Karpovkin,-1,0,39,45,-6,84,2021-09-02 15:15:00,525758
Sergii Skhabitskiy_119365,Sergii Skhabitskiy,-3,0,19,33,-14,52,2021-09-02 15:15:00,525759
A Gerasimov_101113,A Gerasimov,2,1,43,33,10,76,2021-09-02 15:19:00,525760
Pavlo Plushch_876481051,Pavlo Plushch,3,1,33,15,18,48,2021-09-02 15:20:00,525761
Pavlo Pyasta_1798571234,Pavlo Pyasta,-3,0,21,34,-13,55,2021-09-02 15:20:00,525762
Rodion Kapinus_119379,Rodion Kapinus,1,1,51,48,3,99,2021-09-02 15:20:00,525763
Valeriy Vlasenko_119185,Valeriy Vlasenko,1,1,56,54,2,110,2021-09-02 15:25:00,525764
Maksym Laievskiy_443892498,Maksym Laievskiy,3,1,33,16,17,49,2021-09-02 15:25:00,525765
Volodymyr Korobko_119420,Volodymyr Korobko,3,1,33,21,12,54,2021-09-02 15:25:00,525766
L Adamec_22568,L Adamec,1,1,54,50,4,104,2021-09-02 15:32:00,525767
A Yakovlev_100994,A Yakovlev,2,1,40,34,6,74,2021-09-02 15:33:00,525768
Pavlo Khakhamidi_119142,Pavlo Khakhamidi,3,1,33,16,17,49,2021-09-02 15:35:00,525769
Oleksiy Sapronov_2113325088,Oleksiy Sapronov,-2,0,39,41,-2,80,2021-09-02 15:35:00,525770
Artur Kravchuk_119351,Artur Kravchuk,-3,0,14,33,-19,47,2021-09-02 15:40:00,525771
Anna Miklukha_2073497143,Anna Miklukha,-1,0,45,54,-9,99,2021-09-02 15:40:00,525772
Vladyslav Makhotin_119366,Vladyslav Makhotin,-2,0,36,41,-5,77,2021-09-02 15:45:00,525773
I Novikov_100954,I Novikov,-1,0,46,50,-4,96,2021-09-02 15:48:00,525774
Liubomyr Sheshurak_622114901,Liubomyr Sheshurak,1,1,48,44,4,92,2021-09-02 15:50:00,525775
A Shabanova_101028,A Shabanova,-2,0,27,37,-10,64,2021-09-02 15:51:00,525776
Ihor Kvak_119128,Ihor Kvak,3,1,36,29,7,65,2021-09-02 15:55:00,525777
Oleksandr Lykhytskyi_119186,Oleksandr Lykhytskyi,3,1,34,25,9,59,2021-09-02 15:55:00,525778
Serhii Zemiantsev_1841220452,Serhii Zemiantsev,1,1,50,48,2,98,2021-09-02 15:55:00,525779
Serhii Skachenko_31597661,Serhii Skachenko,1,1,47,42,5,89,2021-09-02 16:00:00,525780
V Chernov_100995,V Chernov,1,1,48,39,9,87,2021-09-02 16:00:00,525781
Andrii Peretiatko_119143,Andrii Peretiatko,-3,0,25,33,-8,58,2021-09-02 16:05:00,525782
T Varnuska_22569,T Varnuska,-1,0,42,44,-2,86,2021-09-02 16:10:00,525783
Vitalii Obukhov_119352,Vitalii Obukhov,-2,0,33,40,-7,73,2021-09-02 16:10:00,525784
Serhii Zazymko_1747433189,Serhii Zazymko,-2,0,34,38,-4,72,2021-09-02 16:10:00,525785
Yulia Hodko_1688820633,Yulia Hodko,3,1,33,17,16,50,2021-09-02 16:15:00,525786
Nazar Semenenko_119367,Nazar Semenenko,3,1,34,25,9,59,2021-09-02 16:15:00,525787
A Kondratova_101029,A Kondratova,-1,0,47,45,2,92,2021-09-02 16:17:00,525788
Bohdan Zdrobylko_976944740,Bohdan Zdrobylko,2,1,41,26,15,67,2021-09-02 16:20:00,525789
I Abelmasov_100955,I Abelmasov,-3,0,24,33,-9,57,2021-09-02 16:23:00,525790
Vitalii Zharskiy_345635999,Vitalii Zharskiy,1,1,54,45,9,99,2021-09-02 16:25:00,525791
Valeriy Vlasenko_119187,Valeriy Vlasenko,-1,0,47,45,2,92,2021-09-02 16:25:00,525792
Oleksandr Oleskevych_119380,Oleksandr Oleskevych,-1,0,51,52,-1,103,2021-09-02 16:25:00,525793
Roman Cherevko_436079634,Roman Cherevko,2,1,44,36,8,80,2021-09-02 16:30:00,525794
Vitalii Novykov_119315,Vitalii Novykov,2,1,44,38,6,82,2021-09-02 16:30:00,525795
S Muslikov_100996,S Muslikov,3,1,34,20,14,54,2021-09-02 16:33:00,525796
Liudmyla Kabakova_119189,Liudmyla Kabakova,-2,0,37,39,-2,76,2021-09-02 16:35:00,525797
Ja Berger_22570,Ja Berger,3,1,35,29,6,64,2021-09-02 16:35:00,525798
Denys Vakulenko_776897748,Denys Vakulenko,-3,0,22,35,-13,57,2021-09-02 16:35:00,525799
Dmytro Alekseenko_698652444,Dmytro Alekseenko,-1,0,39,47,-8,86,2021-09-02 16:40:00,525800
Volodymyr Myrzak_119204,Volodymyr Myrzak,-3,0,27,34,-7,61,2021-09-02 16:40:00,525801
Oleksiy Sapronov_1254281668,Oleksiy Sapronov,2,1,38,27,11,65,2021-09-02 16:45:00,525802
D Evlahin_100956,D Evlahin,-2,0,25,39,-14,64,2021-09-02 16:45:00,525803
Volodymyr Melnykov_119390,Volodymyr Melnykov,2,1,41,35,6,76,2021-09-02 16:45:00,525804
Anna Miklukha_1241738337,Anna Miklukha,-2,0,33,43,-10,76,2021-09-02 16:50:00,525805
I Skachkova_101030,I Skachkova,-3,0,25,34,-9,59,2021-09-02 16:51:00,525806
Roman Zholubak_119381,Roman Zholubak,-2,0,35,43,-8,78,2021-09-02 16:55:00,525807
Viacheslav Isakov_119188,Viacheslav Isakov,3,1,36,17,19,53,2021-09-02 16:55:00,525808
Bogdan Stasiuk_877699469,Bogdan Stasiuk,2,1,42,24,18,66,2021-09-02 16:55:00,525809
A Zabrodin_100997,A Zabrodin,-3,0,19,35,-16,54,2021-09-02 16:59:00,525810
Dmytro Khairov_119320,Dmytro Khairov,3,1,33,21,12,54,2021-09-02 17:00:00,525811
Liubomyr Sheshurak_1507788270,Liubomyr Sheshurak,2,1,40,26,14,66,2021-09-02 17:00:00,525812
V Pecka_22597,V Pecka,-3,0,11,33,-22,44,2021-09-02 17:00:00,525813
Serhii Zemiantsev_836901560,Serhii Zemiantsev,-2,0,30,38,-8,68,2021-09-02 17:05:00,525814
Karina Zharkova_119190,Karina Zharkova,2,1,39,30,9,69,2021-09-02 17:05:00,525815
Denys Vakulenko_1466255541,Denys Vakulenko,2,1,45,29,16,74,2021-09-02 17:10:00,525816
Iulii Khomutovskyi_119205,Iulii Khomutovskyi,2,1,36,30,6,66,2021-09-02 17:10:00,525817
Anatolii Yakovenko_1203474293,Anatolii Yakovenko,2,1,39,32,7,71,2021-09-02 17:15:00,525818
Dmytro Demchuk_119391,Dmytro Demchuk,3,1,33,26,7,59,2021-09-02 17:15:00,525819
E Kharchenko_100957,E Kharchenko,1,1,54,52,2,106,2021-09-02 17:19:00,525820
Volodymyr Tsyhanenko_678888891,Volodymyr Tsyhanenko,1,1,44,33,11,77,2021-09-02 17:20:00,525821
K Korzunova_101031,K Korzunova,2,1,42,33,9,75,2021-09-02 17:20:00,525822
Oleksandr Mishchenko_119253,Oleksandr Mishchenko,-2,0,30,41,-11,71,2021-09-02 17:25:00,525823
Olena Telezhynska_415666025,Olena Telezhynska,2,1,42,34,8,76,2021-09-02 17:25:00,525824
Oleksandr Oleskevych_119382,Oleksandr Oleskevych,-1,0,45,52,-7,97,2021-09-02 17:25:00,525825
S Muslikov_100998,S Muslikov,3,1,33,23,10,56,2021-09-02 17:30:00,525826
Serhii Burdelnyi_119321,Serhii Burdelnyi,2,1,37,31,6,68,2021-09-02 17:30:00,525827
Bohdan Zdrobylko_587513878,Bohdan Zdrobylko,-2,0,37,44,-7,81,2021-09-02 17:30:00,525828
T Varnuska_22598,T Varnuska,2,1,38,38,0,76,2021-09-02 17:32:00,525829
Iryna Tiutiunyk_119191,Iryna Tiutiunyk,3,1,37,31,6,68,2021-09-02 17:35:00,525830
Nazarii Haievyi_513982081,Nazarii Haievyi,-2,0,28,42,-14,70,2021-09-02 17:35:00,525831
Nikita Trofimov_947960459,Nikita Trofimov,2,1,44,33,11,77,2021-09-02 17:40:00,525832
Igor Gatsenko_119206,Igor Gatsenko,2,1,40,34,6,74,2021-09-02 17:40:00,525833
Dmytro Alekseenko_1456920698,Dmytro Alekseenko,3,1,33,13,20,46,2021-09-02 17:45:00,525834
Viktor Pakhniuk_119223,Viktor Pakhniuk,3,1,34,14,20,48,2021-09-02 17:45:00,525835
Denys Vakulenko_1556750783,Denys Vakulenko,3,1,34,27,7,61,2021-09-02 17:50:00,525836
I Skachkova_101032,I Skachkova,-1,0,48,48,0,96,2021-09-02 17:52:00,525837
Serhii Zazymko_910500548,Serhii Zazymko,-2,0,36,42,-6,78,2021-09-02 17:55:00,525838
Serhii Tkachev_119254,Serhii Tkachev,-3,0,28,34,-6,62,2021-09-02 17:55:00,525839
Oleh Bindas_119383,Oleh Bindas,2,1,43,31,12,74,2021-09-02 17:55:00,525840
D Evlahin_100958,D Evlahin,1,1,50,49,1,99,2021-09-02 17:57:00,525841
Dmytro Khairov_119322,Dmytro Khairov,2,1,40,30,10,70,2021-09-02 18:00:00,525842
Yulia Hodko_493522907,Yulia Hodko,-1,0,46,43,3,89,2021-09-02 18:00:00,525843
V Chernov_100999,V Chernov,-1,0,40,50,-10,90,2021-09-02 18:01:00,525844
Karina Zharkova_119192,Karina Zharkova,2,1,40,35,5,75,2021-09-02 18:05:00,525845
Viktor Bosak_1052254311,Viktor Bosak,3,1,33,19,14,52,2021-09-02 18:05:00,525846
P Sudek_22571,P Sudek,-1,0,48,55,-7,103,2021-09-02 18:05:00,525847
Iulii Khomutovskyi_119207,Iulii Khomutovskyi,-2,0,37,44,-7,81,2021-09-02 18:10:00,525848
Vitalii Zharskiy_1192020050,Vitalii Zharskiy,2,1,41,41,0,82,2021-09-02 18:10:00,525849
Dmytro Demchuk_119392,Dmytro Demchuk,-1,0,48,53,-5,101,2021-09-02 18:15:00,525850
Roman Cherevko_1332821085,Roman Cherevko,1,1,43,47,-4,90,2021-09-02 18:15:00,525851
Anatolii Yakovenko_1700935925,Anatolii Yakovenko,3,1,33,20,13,53,2021-09-02 18:20:00,525852
A Kondratova_101033,A Kondratova,-2,0,30,39,-9,69,2021-09-02 18:23:00,525853
Roman Zholubak_119384,Roman Zholubak,-3,0,30,38,-8,68,2021-09-02 18:25:00,525854
Dmytro Alekseenko_1535049422,Dmytro Alekseenko,-1,0,44,46,-2,90,2021-09-02 18:25:00,525855
Andrii Kovrikov_119255,Andrii Kovrikov,2,1,38,30,8,68,2021-09-02 18:25:00,525856
Oleksiy Sapronov_2118102753,Oleksiy Sapronov,3,1,33,26,7,59,2021-09-02 18:30:00,525857
Vitalii Novykov_119323,Vitalii Novykov,-2,0,34,40,-6,74,2021-09-02 18:30:00,525858
K Hruda_22572,K Hruda,-2,0,33,41,-8,74,2021-09-02 18:31:00,525859
I Abelmasov_100959,I Abelmasov,2,1,43,34,9,77,2021-09-02 18:33:00,525860
Anna Miklukha_350606674,Anna Miklukha,3,1,33,27,6,60,2021-09-02 18:35:00,525861
Liudmyla Kabakova_119193,Liudmyla Kabakova,-3,0,23,33,-10,56,2021-09-02 18:35:00,525862
Bogdan Stasiuk_1186549638,Bogdan Stasiuk,2,1,37,31,6,68,2021-09-02 18:40:00,525863
Volodymyr Myrzak_119208,Volodymyr Myrzak,1,1,53,48,5,101,2021-09-02 18:40:00,525864
A Zabrodin_101182,A Zabrodin,-2,0,30,39,-9,69,2021-09-02 18:40:00,525865
Liubomyr Sheshurak_204824497,Liubomyr Sheshurak,1,1,43,46,-3,89,2021-09-02 18:45:00,525866
Volodymyr Melnykov_119335,Volodymyr Melnykov,-2,0,32,38,-6,70,2021-09-02 18:45:00,525867
Serhii Zemiantsev_865447319,Serhii Zemiantsev,-2,0,31,40,-9,71,2021-09-02 18:50:00,525868
Oleksii Hrymovskyi_119399,Oleksii Hrymovskyi,-1,0,44,51,-7,95,2021-09-02 18:50:00,525869
Serhii Tkachev_119256,Serhii Tkachev,1,1,47,46,1,93,2021-09-02 18:55:00,525870
Oleksandr Oleskevych_119385,Oleksandr Oleskevych,1,1,56,54,2,110,2021-09-02 18:55:00,525871
A Kondratova_101184,A Kondratova,-1,0,47,49,-2,96,2021-09-02 18:55:00,525872
Maksim Ovcharenko_1142966326,Maksim Ovcharenko,-2,0,36,40,-4,76,2021-09-02 18:55:00,525873
I Abelmasov_101186,I Abelmasov,1,1,54,52,2,106,2021-09-02 18:59:00,525874
Denys Vakulenko_881021659,Denys Vakulenko,2,1,41,24,17,65,2021-09-02 19:00:00,525875
Kostiantyn Klymenko_119324,Kostiantyn Klymenko,3,1,34,25,9,59,2021-09-02 19:00:00,525876
T Andrle_22573,T Andrle,2,1,41,43,-2,84,2021-09-02 19:00:00,525877
V Chernov_101183,V Chernov,3,1,33,17,16,50,2021-09-02 19:03:00,525878
Viktoriia Anarmetova_119194,Viktoriia Anarmetova,3,1,35,29,6,64,2021-09-02 19:05:00,525879
Volodymyr Tsyhanenko_61230130,Volodymyr Tsyhanenko,1,1,48,46,2,94,2021-09-02 19:05:00,525880
Olena Telezhynska_1858013755,Olena Telezhynska,1,1,51,49,2,100,2021-09-02 19:10:00,525881
George Poturidis_119209,George Poturidis,1,1,53,49,4,102,2021-09-02 19:10:00,525882
Bohdan Zdrobylko_1588417196,Bohdan Zdrobylko,2,1,39,26,13,65,2021-09-02 19:15:00,525883
Pavlo Kovalchuk_119226,Pavlo Kovalchuk,2,1,43,39,4,82,2021-09-02 19:15:00,525884
Yevhen Trunov_119400,Yevhen Trunov,3,1,34,24,10,58,2021-09-02 19:20:00,525885
Nazarii Haievyi_1764278593,Nazarii Haievyi,1,1,54,47,7,101,2021-09-02 19:20:00,525886
Roman Zholubak_119386,Roman Zholubak,2,1,34,35,-1,69,2021-09-02 19:25:00,525887
Nikita Trofimov_378925859,Nikita Trofimov,-1,0,46,50,-4,96,2021-09-02 19:25:00,525888
Oleksandr Mishchenko_119257,Oleksandr Mishchenko,-1,0,43,44,-1,87,2021-09-02 19:25:00,525889
A Shabanova_101185,A Shabanova,3,1,33,11,22,44,2021-09-02 19:29:00,525890
Z Kasinski_22574,Z Kasinski,2,1,42,32,10,74,2021-09-02 19:30:00,525891
Serhii Burdelnyi_119325,Serhii Burdelnyi,-2,0,38,43,-5,81,2021-09-02 19:30:00,525892
Dmytro Alekseenko_901713939,Dmytro Alekseenko,-2,0,36,51,-15,87,2021-09-02 19:30:00,525893
D Evlahin_101187,D Evlahin,1,1,48,45,3,93,2021-09-02 19:34:00,525894
V Beliakov_101000,V Beliakov,1,1,47,42,5,89,2021-09-02 19:35:00,525895
Anatolii Yakovenko_974710250,Anatolii Yakovenko,-1,0,39,54,-15,93,2021-09-02 19:35:00,525896
Iryna Tiutiunyk_119195,Iryna Tiutiunyk,1,1,46,48,-2,94,2021-09-02 19:35:00,525897
Igor Gatsenko_119210,Igor Gatsenko,-2,0,33,43,-10,76,2021-09-02 19:40:00,525898
Serhii Zazymko_1546058688,Serhii Zazymko,1,1,45,44,1,89,2021-09-02 19:40:00,525899
Yulia Hodko_1901524215,Yulia Hodko,-3,0,23,36,-13,59,2021-09-02 19:45:00,525900
Viktor Pakhniuk_119393,Viktor Pakhniuk,1,1,51,39,12,90,2021-09-02 19:45:00,525901
V Fedorov_101034,V Fedorov,1,1,50,45,5,95,2021-09-02 19:48:00,525902
Yurii Kurishchenko_119401,Yurii Kurishchenko,3,1,35,28,7,63,2021-09-02 19:50:00,525903
Viktor Bosak_1191741108,Viktor Bosak,-2,0,38,39,-1,77,2021-09-02 19:50:00,525904
Vitalii Zharskiy_170135054,Vitalii Zharskiy,-3,0,16,33,-17,49,2021-09-02 19:55:00,525905
Oleh Bindas_119387,Oleh Bindas,-1,0,49,51,-2,100,2021-09-02 19:55:00,525906
Yevhen Kyi_119258,Yevhen Kyi,-2,0,33,43,-10,76,2021-09-02 19:55:00,525907
Dmytro Khairov_119326,Dmytro Khairov,3,1,34,22,12,56,2021-09-02 20:00:00,525908
T Andrle_22575,T Andrle,-3,0,16,33,-17,49,2021-09-02 20:00:00,525909
Roman Cherevko_1388207699,Roman Cherevko,-3,0,28,38,-10,66,2021-09-02 20:00:00,525910
Oleksandr Tuzhylin_225061288,Oleksandr Tuzhylin,1,1,55,47,8,102,2021-09-02 20:05:00,525911
Karina Zharkova_119196,Karina Zharkova,-1,0,44,47,-3,91,2021-09-02 20:05:00,525912
A Gribkov_100966,A Gribkov,2,1,43,27,16,70,2021-09-02 20:09:00,525913
D Balakin_101001,D Balakin,2,1,40,28,12,68,2021-09-02 20:09:00,525914
Bohdan Kohut_1031754867,Bohdan Kohut,-1,0,37,54,-17,91,2021-09-02 20:10:00,525915
Iulii Khomutovskyi_119211,Iulii Khomutovskyi,3,1,33,13,20,46,2021-09-02 20:10:00,525916
Serhii Matviienko_427078188,Serhii Matviienko,2,1,41,30,11,71,2021-09-02 20:15:00,525917
Dmytro Demchuk_119394,Dmytro Demchuk,-1,0,46,52,-6,98,2021-09-02 20:15:00,525918
Yevhen Trunov_119402,Yevhen Trunov,1,1,56,50,6,106,2021-09-02 20:20:00,525919
Elena Pentuk_463988142,Elena Pentuk,3,1,35,25,10,60,2021-09-02 20:20:00,525920
V Petrov_101035,V Petrov,3,1,33,15,18,48,2021-09-02 20:23:00,525921
Andrii Kovrikov_119259,Andrii Kovrikov,2,1,44,35,9,79,2021-09-02 20:25:00,525922
Oleksandr Oleskevych_119388,Oleksandr Oleskevych,1,1,48,49,-1,97,2021-09-02 20:25:00,525923
Bogdan Stasiuk_1566060212,Bogdan Stasiuk,3,1,33,19,14,52,2021-09-02 20:25:00,525924
I Soldatov_100967,I Soldatov,2,1,48,39,9,87,2021-09-02 20:28:00,525925
Vadim Tokar_912110781,Vadim Tokar,-2,0,32,36,-4,68,2021-09-02 20:30:00,525926
K Hruda_22576,K Hruda,-1,0,46,49,-3,95,2021-09-02 20:30:00,525927
Vitalii Novykov_119327,Vitalii Novykov,-2,0,29,42,-13,71,2021-09-02 20:30:00,525928
D Lavrinenko_101002,D Lavrinenko,3,1,34,24,10,58,2021-09-02 20:33:00,525929
Yevhen Masko_1988472461,Yevhen Masko,-1,0,45,49,-4,94,2021-09-02 20:35:00,525930
Liudmyla Kabakova_119197,Liudmyla Kabakova,-2,0,34,40,-6,74,2021-09-02 20:35:00,525931
Oleksandr Tuzhylin_2004900642,Oleksandr Tuzhylin,2,1,37,30,7,67,2021-09-02 20:40:00,525932
Volodymyr Myrzak_119212,Volodymyr Myrzak,-2,0,30,42,-12,72,2021-09-02 20:40:00,525933
Volodymyr Melnykov_119336,Volodymyr Melnykov,1,1,49,39,10,88,2021-09-02 20:45:00,525934
Ivan Mai_1021865872,Ivan Mai,-2,0,35,45,-10,80,2021-09-02 20:45:00,525935
S Korolev_101036,S Korolev,-1,0,49,47,2,96,2021-09-02 20:46:00,525936
Oleksii Hrymovskyi_119403,Oleksii Hrymovskyi,1,1,50,43,7,93,2021-09-02 20:50:00,525937
Oleksiy Sapronov_978773917,Oleksiy Sapronov,-2,0,29,41,-12,70,2021-09-02 20:50:00,525938
Anna Miklukha_1717896651,Anna Miklukha,3,1,34,23,11,57,2021-09-02 20:55:00,525939
Mykhailo Kistechko_119389,Mykhailo Kistechko,-1,0,41,43,-2,84,2021-09-02 20:55:00,525940
Serhii Tkachev_119260,Serhii Tkachev,-1,0,48,48,0,96,2021-09-02 20:55:00,525941
D Razinkov_100968,D Razinkov,3,1,33,19,14,52,2021-09-02 20:59:00,525942
I Zemit_101003,I Zemit,-2,0,25,40,-15,65,2021-09-02 21:00:00,525943
Kostiantyn Klymenko_119328,Kostiantyn Klymenko,1,1,49,48,1,97,2021-09-02 21:00:00,525944
Igor Demchuk_1571682153,Igor Demchuk,-2,0,34,42,-8,76,2021-09-02 21:00:00,525945
K Hruda_22623,K Hruda,-3,0,23,33,-10,56,2021-09-02 21:04:00,525946
Liubomyr Sheshurak_426868950,Liubomyr Sheshurak,-2,0,37,44,-7,81,2021-09-02 21:05:00,525947
Viktoriia Anarmetova_119198,Viktoriia Anarmetova,1,1,45,35,10,80,2021-09-02 21:05:00,525948
George Poturidis_119213,George Poturidis,-3,0,23,35,-12,58,2021-09-02 21:10:00,525949
Serhii Zemiantsev_781143905,Serhii Zemiantsev,3,1,33,18,15,51,2021-09-02 21:10:00,525950
Bohdan Kohut_1845875911,Bohdan Kohut,-1,0,50,51,-1,101,2021-09-02 21:15:00,525951
Pavlo Kovalchuk_119395,Pavlo Kovalchuk,-1,0,43,49,-6,92,2021-09-02 21:15:00,525952
M Andrusenko_100969,M Andrusenko,2,1,45,37,8,82,2021-09-02 21:17:00,525953
V Shirokov_101037,V Shirokov,1,1,47,44,3,91,2021-09-02 21:18:00,525954
Oleksandr Tuzhylin_33576387,Oleksandr Tuzhylin,2,1,39,30,9,69,2021-09-02 21:20:00,525955
Mykhailo Teteruk_119404,Mykhailo Teteruk,-2,0,37,45,-8,82,2021-09-02 21:20:00,525956
Oleksiy Sapronov_1724649356,Oleksiy Sapronov,2,1,40,31,9,71,2021-09-02 21:25:00,525957
Oleksandr Mishchenko_119261,Oleksandr Mishchenko,2,1,38,25,13,63,2021-09-02 21:25:00,525958
Olena Telezhynska_1787729266,Olena Telezhynska,-2,0,40,46,-6,86,2021-09-02 21:30:00,525959
D Lavrinenko_101004,D Lavrinenko,-2,0,31,40,-9,71,2021-09-02 21:30:00,525960
T Andrle_22624,T Andrle,3,1,39,33,6,72,2021-09-02 21:30:00,525961
Serhii Burdelnyi_119329,Serhii Burdelnyi,3,1,34,24,10,58,2021-09-02 21:30:00,525962
Bohdan Zdrobylko_745376019,Bohdan Zdrobylko,-1,0,49,44,5,93,2021-09-02 21:35:00,525963
Iryna Tiutiunyk_119199,Iryna Tiutiunyk,3,1,34,21,13,55,2021-09-02 21:35:00,525964
Oleh Bindas_119674,Oleh Bindas,2,1,42,31,11,73,2021-09-02 21:35:00,525965
Igor Gatsenko_119214,Igor Gatsenko,3,1,33,22,11,55,2021-09-02 21:40:00,525966
Nazarii Haievyi_457390046,Nazarii Haievyi,-3,0,24,33,-9,57,2021-09-02 21:40:00,525967
Roman Cherevko_1585304180,Roman Cherevko,3,1,33,25,8,58,2021-09-02 21:45:00,525968
Viktor Pakhniuk_119231,Viktor Pakhniuk,-2,0,32,38,-6,70,2021-09-02 21:45:00,525969
D Razinkov_100970,D Razinkov,-3,0,14,33,-19,47,2021-09-02 21:46:00,525970
Yurii Kurishchenko_119405,Yurii Kurishchenko,2,1,42,33,9,75,2021-09-02 21:50:00,525971
Ivan Mai_1730490306,Ivan Mai,-2,0,35,46,-11,81,2021-09-02 21:50:00,525972
S Korolev_101038,S Korolev,-2,0,33,43,-10,76,2021-09-02 21:53:00,525973
Bohdan Kohut_2002184342,Bohdan Kohut,2,1,41,34,7,75,2021-09-02 21:55:00,525974
Yevhen Kyi_119262,Yevhen Kyi,-2,0,27,40,-13,67,2021-09-02 21:55:00,525975
D Balakin_101005,D Balakin,-1,0,38,48,-10,86,2021-09-02 22:00:00,525976
Serhii Zazymko_1663276723,Serhii Zazymko,2,1,38,36,2,74,2021-09-02 22:00:00,525977
Vitalii Novykov_119330,Vitalii Novykov,3,1,37,25,12,62,2021-09-02 22:00:00,525978
R Hasmanda_22577,R Hasmanda,3,1,33,18,15,51,2021-09-02 22:01:00,525979
Anna Miklukha_1816251580,Anna Miklukha,-2,0,42,42,0,84,2021-09-02 22:05:00,525980
Ivan Struk_119675,Ivan Struk,3,1,33,18,15,51,2021-09-02 22:05:00,525981
Liudmyla Kabakova_119200,Liudmyla Kabakova,-3,0,26,34,-8,60,2021-09-02 22:05:00,525982
Viktor Bosak_897082857,Viktor Bosak,-3,0,23,35,-12,58,2021-09-02 22:10:00,525983
Volodymyr Myrzak_119215,Volodymyr Myrzak,1,1,46,47,-1,93,2021-09-02 22:10:00,525984
Volodymyr Melnykov_119396,Volodymyr Melnykov,-2,0,33,45,-12,78,2021-09-02 22:15:00,525985
Liubomyr Sheshurak_426834232,Liubomyr Sheshurak,2,1,39,33,6,72,2021-09-02 22:15:00,525986
I Soldatov_100971,I Soldatov,-2,0,29,38,-9,67,2021-09-02 22:15:00,525987
V Petrov_101039,V Petrov,-2,0,37,39,-2,76,2021-09-02 22:16:00,525988
Serhii Zemiantsev_1684630815,Serhii Zemiantsev,-2,0,28,36,-8,64,2021-09-02 22:20:00,525989
Yevhen Trunov_119406,Yevhen Trunov,-3,0,25,34,-9,59,2021-09-02 22:20:00,525990
Andrii Hrebeniuk_890954580,Andrii Hrebeniuk,-2,0,27,41,-14,68,2021-09-02 22:25:00,525991
Andrii Kovrikov_119263,Andrii Kovrikov,3,1,35,19,16,54,2021-09-02 22:25:00,525992
Oleksandr Tuzhylin_16612117,Oleksandr Tuzhylin,2,1,41,28,13,69,2021-09-02 22:30:00,525993
Oleh Pereguda_119331,Oleh Pereguda,2,1,40,37,3,77,2021-09-02 22:30:00,525994
M Kolar_22578,M Kolar,-2,0,32,43,-11,75,2021-09-02 22:31:00,525995
Hanna Babii_119201,Hanna Babii,-2,0,37,43,-6,80,2021-09-02 22:35:00,525996
Oleksandr Hryshyn_119216,Oleksandr Hryshyn,-2,0,34,37,-3,71,2021-09-02 22:40:00,525997
D Lavrinenko_101188,D Lavrinenko,-2,0,39,46,-7,85,2021-09-02 22:42:00,525998
Kostiantyn Seliuk_119397,Kostiantyn Seliuk,-1,0,42,46,-4,88,2021-09-02 22:45:00,525999
Andrey Krysak_1319136960,Andrey Krysak,-1,0,44,51,-7,95,2021-09-02 22:45:00,526000
D Razinkov_101190,D Razinkov,-1,0,39,42,-3,81,2021-09-02 22:45:00,526001
S Korolev_101192,S Korolev,-2,0,34,39,-5,73,2021-09-02 22:48:00,526002
Oleksii Hrymovskyi_119407,Oleksii Hrymovskyi,-1,0,40,50,-10,90,2021-09-02 22:50:00,526003
Oleksandr Mishchenko_119264,Oleksandr Mishchenko,-3,0,26,35,-9,61,2021-09-02 22:55:00,526004
Ja Prokupek_22579,Ja Prokupek,-2,0,32,43,-11,75,2021-09-02 23:00:00,526005
Vitalii Novykov_119332,Vitalii Novykov,2,1,39,29,10,68,2021-09-02 23:00:00,526006
Andrii Hrebeniuk_1524432886,Andrii Hrebeniuk,-2,0,31,37,-6,68,2021-09-02 23:00:00,526007
Liudmyla Kabakova_119202,Liudmyla Kabakova,-2,0,35,42,-7,77,2021-09-02 23:05:00,526008
V Beliakov_101189,V Beliakov,1,1,53,46,7,99,2021-09-02 23:05:00,526009
Vitalii Lievshin_1736547060,Vitalii Lievshin,-2,0,30,42,-12,72,2021-09-02 23:05:00,526010
Volodymyr Myrzak_119217,Volodymyr Myrzak,3,1,34,21,13,55,2021-09-02 23:10:00,526011
Volodymyr Melnykov_119338,Volodymyr Melnykov,3,1,35,26,9,61,2021-09-02 23:15:00,526012
V Shirokov_101193,V Shirokov,-1,0,38,41,-3,79,2021-09-02 23:15:00,526013
A Gribkov_101191,A Gribkov,-2,0,31,43,-12,74,2021-09-02 23:17:00,526014
Mykhailo Teteruk_119408,Mykhailo Teteruk,-1,0,54,57,-3,111,2021-09-02 23:20:00,526015
Artem Chepurnyi_119265,Artem Chepurnyi,2,1,41,33,8,74,2021-09-02 23:25:00,526016
Dmytro Khairov_119333,Dmytro Khairov,-3,0,24,33,-9,57,2021-09-02 23:30:00,526017
J Veselka_22580,J Veselka,-3,0,22,33,-11,55,2021-09-02 23:31:00,526018
Viacheslav Kovalenko_1223566156,Viacheslav Kovalenko,-2,0,34,43,-9,77,2021-09-02 23:35:00,526019
Karina Zharkova_119203,Karina Zharkova,2,1,40,36,4,76,2021-09-02 23:35:00,526020
Iulii Khomutovskyi_119218,Iulii Khomutovskyi,1,1,48,42,6,90,2021-09-02 23:40:00,526021
Roman Vashchuk_54116538,Roman Vashchuk,-2,0,38,40,-2,78,2021-09-02 23:45:00,526022
Dmytro Demchuk_119398,Dmytro Demchuk,3,1,35,22,13,57,2021-09-02 23:45:00,526023
V Safonov_101040,V Safonov,-2,0,30,41,-11,71,2021-09-02 23:45:00,526024
O Kutuzov_100972,O Kutuzov,-1,0,43,55,-12,98,2021-09-02 23:47:00,526025
Yurii Kurishchenko_119409,Yurii Kurishchenko,2,1,48,44,4,92,2021-09-02 23:50:00,526026
N Sukharnikov_101006,N Sukharnikov,-3,0,25,36,-11,61,2021-09-02 23:54:00,526027
Oleksandr Mishchenko_119266,Oleksandr Mishchenko,3,1,33,18,15,51,2021-09-02 23:55:00,526028
Robert Jamrich_127412,Robert Jamrich,2,1,41,31,10,72,2021-09-03 00:00:00,526029
Jo Silhan_23463,Jo Silhan,1,1,48,41,7,89,2021-09-03 00:00:00,526030
A Fedosov_104927,A Fedosov,-3,0,26,34,-8,60,2021-09-03 00:01:00,526031
Oleksandr Shchytka_684275984,Oleksandr Shchytka,3,1,34,25,9,59,2021-09-03 00:05:00,526032
I Mihaylov_104887,I Mihaylov,1,1,46,47,-1,93,2021-09-03 00:15:00,526033
Roman Vashchuk_1342470867,Roman Vashchuk,3,1,38,29,9,67,2021-09-03 00:15:00,526034
V Safonov_104975,V Safonov,-2,0,36,43,-7,79,2021-09-03 00:16:00,526035
Andrii Dombrovskyi_127503,Andrii Dombrovskyi,3,1,33,15,18,48,2021-09-03 00:20:00,526036
Hryhorii Kulishov_127370,Hryhorii Kulishov,-1,0,44,43,1,87,2021-09-03 00:25:00,526037
Adam Khalaila_127413,Adam Khalaila,2,1,39,38,1,77,2021-09-03 00:30:00,526038
K Brozik_23464,K Brozik,-3,0,21,33,-12,54,2021-09-03 00:30:00,526039
V Kalachev_104928,V Kalachev,-3,0,26,34,-8,60,2021-09-03 00:31:00,526040
Andrii Chupovskyi_1830554773,Andrii Chupovskyi,-2,0,32,39,-7,71,2021-09-03 00:35:00,526041
Dmytro Lohosha_1961300674,Dmytro Lohosha,-3,0,23,33,-10,56,2021-09-03 00:45:00,526042
E Kalashnikov_104976,E Kalashnikov,3,1,34,25,9,59,2021-09-03 00:48:00,526043
Dmytro Gudimenko_127553,Dmytro Gudimenko,1,1,54,46,8,100,2021-09-03 00:50:00,526044
I Ramensky_104888,I Ramensky,1,1,43,43,0,86,2021-09-03 00:54:00,526045
D Brumlich_23502,D Brumlich,2,1,42,38,4,80,2021-09-03 00:59:00,526046
Oleg Savenkov_151088129,Oleg Savenkov,-1,0,47,52,-5,99,2021-09-03 01:00:00,526047
N Sukharnikov_104929,N Sukharnikov,-1,0,49,47,2,96,2021-09-03 01:01:00,526048
Petr Chlumsky_127873,Petr Chlumsky,1,1,50,47,3,97,2021-09-03 01:05:00,526049
Viacheslav Yarovoi_359715383,Viacheslav Yarovoi,-3,0,22,33,-11,55,2021-09-03 01:05:00,526050
Va Ivanov_104977,Va Ivanov,1,1,49,40,9,89,2021-09-03 01:15:00,526051
Andrey Guchok_1529360409,Andrey Guchok,-3,0,19,33,-14,52,2021-09-03 01:15:00,526052
Andrii Dombrovskyi_127505,Andrii Dombrovskyi,3,1,35,21,14,56,2021-09-03 01:20:00,526053
Roman Yushko_127381,Roman Yushko,-1,0,46,47,-1,93,2021-09-03 01:25:00,526054
V Chahur_104889,V Chahur,2,1,41,34,7,75,2021-09-03 01:25:00,526055
M Huk_23503,M Huk,-2,0,41,45,-4,86,2021-09-03 01:30:00,526056
Yevhenii Faflei_1019626445,Yevhenii Faflei,1,1,48,44,4,92,2021-09-03 01:30:00,526057
A Fedosov_104930,A Fedosov,1,1,48,41,7,89,2021-09-03 01:31:00,526058
Robert Jamrich_127874,Robert Jamrich,-1,0,46,50,-4,96,2021-09-03 01:35:00,526059
Oleksandr Shchytka_1601719529,Oleksandr Shchytka,2,1,51,43,8,94,2021-09-03 01:35:00,526060
V Safonov_104978,V Safonov,-1,0,54,52,2,106,2021-09-03 01:45:00,526061
Roman Vashchuk_290864059,Roman Vashchuk,-2,0,38,45,-7,83,2021-09-03 01:45:00,526062
Oleksii Hrymovskyi_127506,Oleksii Hrymovskyi,-1,0,50,48,2,98,2021-09-03 01:50:00,526063
I Mihaylov_104890,I Mihaylov,-2,0,36,42,-6,78,2021-09-03 01:50:00,526064
Yurii Reva_127382,Yurii Reva,-1,0,38,43,-5,81,2021-09-03 01:55:00,526065
Oleg Savenkov_238892698,Oleg Savenkov,2,1,40,26,14,66,2021-09-03 02:00:00,526066
N Sukharnikov_104931,N Sukharnikov,1,1,47,49,-2,96,2021-09-03 02:03:00,526067
Andrii Chupovskyi_2026242789,Andrii Chupovskyi,3,1,33,20,13,53,2021-09-03 02:05:00,526068
Dmytro Lohosha_1302992469,Dmytro Lohosha,-3,0,21,33,-12,54,2021-09-03 02:15:00,526069
V Chahur_104891,V Chahur,2,1,41,34,7,75,2021-09-03 02:16:00,526070
Va Ivanov_104979,Va Ivanov,-2,0,34,39,-5,73,2021-09-03 02:19:00,526071
Yevhen Bielokon_127383,Yevhen Bielokon,-1,0,45,54,-9,99,2021-09-03 02:25:00,526072
Yevhenii Faflei_1572463216,Yevhenii Faflei,3,1,36,28,8,64,2021-09-03 02:30:00,526073
Viacheslav Yarovoi_296833236,Viacheslav Yarovoi,-2,0,40,43,-3,83,2021-09-03 02:35:00,526074
D Sayanov_104932,D Sayanov,-3,0,19,33,-14,52,2021-09-03 02:35:00,526075
Andrey Guchok_1705848000,Andrey Guchok,-1,0,49,57,-8,106,2021-09-03 02:45:00,526076
A Vlasov_104892,A Vlasov,2,1,42,32,10,74,2021-09-03 02:48:00,526077
Yu Merkushin_104980,Yu Merkushin,1,1,45,50,-5,95,2021-09-03 02:48:00,526078
Yurii Reva_127384,Yurii Reva,1,1,41,44,-3,85,2021-09-03 02:55:00,526079
Oleg Savenkov_1958627397,Oleg Savenkov,1,1,41,42,-1,83,2021-09-03 03:00:00,526080
V Kalachev_104933,V Kalachev,-3,0,23,34,-11,57,2021-09-03 03:00:00,526081
Oleksandr Shchytka_819708669,Oleksandr Shchytka,3,1,33,22,11,55,2021-09-03 03:05:00,526082
Roman Vashchuk_1188353857,Roman Vashchuk,3,1,33,25,8,58,2021-09-03 03:15:00,526083
E Kalashnikov_104981,E Kalashnikov,-3,0,20,33,-13,53,2021-09-03 03:16:00,526084
I Ramensky_104893,I Ramensky,-3,0,17,33,-16,50,2021-09-03 03:19:00,526085
Roman Yushko_127385,Roman Yushko,-1,0,43,44,-1,87,2021-09-03 03:25:00,526086
N Zhurba_104934,N Zhurba,2,1,42,34,8,76,2021-09-03 03:30:00,526087
Dmytro Kalyniuk_794410707,Dmytro Kalyniuk,1,1,51,41,10,92,2021-09-03 03:30:00,526088
Andrey Movin_1425023249,Andrey Movin,3,1,34,25,9,59,2021-09-03 03:35:00,526089
D Balakin_104894,D Balakin,2,1,43,34,9,77,2021-09-03 03:44:00,526090
Igor Demchuk_80056608,Igor Demchuk,3,1,33,17,16,50,2021-09-03 03:45:00,526091
A Golyshev_104982,A Golyshev,-3,0,22,33,-11,55,2021-09-03 03:48:00,526092
Oleksandr Melashenko_127386,Oleksandr Melashenko,1,1,51,49,2,100,2021-09-03 03:55:00,526093
Mykhailo Vivatenko_1316237238,Mykhailo Vivatenko,-1,0,39,52,-13,91,2021-09-03 04:00:00,526094
D Sayanov_104935,D Sayanov,-3,0,17,33,-16,50,2021-09-03 04:01:00,526095
Andrii Chupovskyi_19829133,Andrii Chupovskyi,-2,0,30,41,-11,71,2021-09-03 04:05:00,526096
Yu Merkushin_104983,Yu Merkushin,-2,0,36,43,-7,79,2021-09-03 04:15:00,526097
Dmytro Lohosha_699562473,Dmytro Lohosha,-3,0,12,33,-21,45,2021-09-03 04:15:00,526098
A Vlasov_104895,A Vlasov,-2,0,32,43,-11,75,2021-09-03 04:15:00,526099
Yevhen Bielokon_127387,Yevhen Bielokon,-2,0,30,40,-10,70,2021-09-03 04:25:00,526100
Oleg Savenkov_1731344341,Oleg Savenkov,3,1,34,21,13,55,2021-09-03 04:30:00,526101
V Kalachev_105165,V Kalachev,-2,0,32,39,-7,71,2021-09-03 04:32:00,526102
Oleksandr Lysak_52921064,Oleksandr Lysak,-2,0,32,41,-9,73,2021-09-03 04:35:00,526103
Andrey Guchok_1706054778,Andrey Guchok,-2,0,26,41,-15,67,2021-09-03 04:45:00,526104
V Safonov_105170,V Safonov,-2,0,32,37,-5,69,2021-09-03 04:50:00,526105
D Balakin_105168,D Balakin,-2,0,32,37,-5,69,2021-09-03 04:50:00,526106
Yurii Reva_127388,Yurii Reva,-1,0,50,41,9,91,2021-09-03 04:55:00,526107
Mykhailo Vivatenko_1176954538,Mykhailo Vivatenko,3,1,44,32,12,76,2021-09-03 05:00:00,526108
N Sukharnikov_105166,N Sukharnikov,-3,0,26,34,-8,60,2021-09-03 05:01:00,526109
Andrii Chupovskyi_19934830,Andrii Chupovskyi,3,1,35,29,6,64,2021-09-03 05:05:00,526110
Igor Demchuk_1054552329,Igor Demchuk,3,1,33,21,12,54,2021-09-03 05:15:00,526111
I Ramensky_105169,I Ramensky,-3,0,27,37,-10,64,2021-09-03 05:15:00,526112
E Kalashnikov_105167,E Kalashnikov,-1,0,49,45,4,94,2021-09-03 05:21:00,526113
Roman Yushko_127389,Roman Yushko,-2,0,31,46,-15,77,2021-09-03 05:25:00,526114
Oleg Savenkov_1958700426,Oleg Savenkov,3,1,34,22,12,56,2021-09-03 05:30:00,526115
Oleksandr Melashenko_127390,Oleksandr Melashenko,-2,0,28,42,-14,70,2021-09-03 05:55:00,526116
Mykhailo Vivatenko_1725691549,Mykhailo Vivatenko,-2,0,35,41,-6,76,2021-09-03 06:00:00,526117
Yevhen Bielokon_127391,Yevhen Bielokon,-2,0,26,39,-13,65,2021-09-03 06:25:00,526118
Yevhenii Faflei_1019311528,Yevhenii Faflei,2,1,41,35,6,76,2021-09-03 06:30:00,526119
Roman Yushko_127392,Roman Yushko,-3,0,20,34,-14,54,2021-09-03 06:55:00,526120
Serhii Kuprykov_127393,Serhii Kuprykov,3,1,36,26,10,62,2021-09-03 07:25:00,526121
G Karpovkin_105079,G Karpovkin,-3,0,19,33,-14,52,2021-09-03 07:33:00,526122
S Nikulin_105034,S Nikulin,-3,0,26,38,-12,64,2021-09-03 07:48:00,526123
Yu Gavrilov_105113,Yu Gavrilov,-2,0,35,40,-5,75,2021-09-03 07:49:00,526124
Igor Sukovatyi_1175525514,Igor Sukovatyi,-2,0,35,41,-6,76,2021-09-03 07:50:00,526125
Roman Yushko_127394,Roman Yushko,3,1,35,28,7,63,2021-09-03 07:55:00,526126
Mykhailo Presniakov_964645491,Mykhailo Presniakov,2,1,42,33,9,75,2021-09-03 07:55:00,526127
A Zabrodin_105080,A Zabrodin,3,1,33,21,12,54,2021-09-03 08:02:00,526128
M Minchenkov_105114,M Minchenkov,1,1,42,40,2,82,2021-09-03 08:17:00,526129
A Yanshaev_105035,A Yanshaev,-2,0,26,39,-13,65,2021-09-03 08:17:00,526130
Yurii Reva_127395,Yurii Reva,2,1,41,32,9,73,2021-09-03 08:25:00,526131
Denys Vakulenko_986560707,Denys Vakulenko,-1,0,48,47,1,95,2021-09-03 08:25:00,526132
O Belugin_105081,O Belugin,2,1,37,29,8,66,2021-09-03 08:30:00,526133
Ivan Kozyr_1800766253,Ivan Kozyr,-1,0,48,53,-5,101,2021-09-03 08:30:00,526134
Samvel Melkumian_952969186,Samvel Melkumian,2,1,40,30,10,70,2021-09-03 08:35:00,526135
Serhii Illiushchenko_601791180,Serhii Illiushchenko,-2,0,36,46,-10,82,2021-09-03 08:40:00,526136
Oleksandr Kostiuk_898397305,Oleksandr Kostiuk,-2,0,30,37,-7,67,2021-09-03 08:45:00,526137
D Petrochenko_105036,D Petrochenko,-3,0,26,34,-8,60,2021-09-03 08:46:00,526138
Serhii Rutskyi_1831215843,Serhii Rutskyi,2,1,42,36,6,78,2021-09-03 08:50:00,526139
Anton Kernos_127577,Anton Kernos,3,1,37,31,6,68,2021-09-03 08:50:00,526140
S Homutov_105115,S Homutov,2,1,41,27,14,68,2021-09-03 08:54:00,526141
Serhii Poliakov_819020661,Serhii Poliakov,-2,0,30,42,-12,72,2021-09-03 08:55:00,526142
Spartak Abalmaz_109586620,Spartak Abalmaz,-2,0,32,40,-8,72,2021-09-03 08:55:00,526143
Ivan Kozachuk_127592,Ivan Kozachuk,-2,0,32,42,-10,74,2021-09-03 09:00:00,526144
Vitalii Vovk_1841635041,Vitalii Vovk,3,1,48,42,6,90,2021-09-03 09:00:00,526145
I Sergeevich_105082,I Sergeevich,2,1,44,36,8,80,2021-09-03 09:01:00,526146
Dmytro Hrosov_127602,Dmytro Hrosov,3,1,33,23,10,56,2021-09-03 09:05:00,526147
Serhii Kinash_53939873,Serhii Kinash,-3,0,17,34,-17,51,2021-09-03 09:05:00,526148
Oleksandr Ivchuk_127832,Oleksandr Ivchuk,1,1,57,49,8,106,2021-09-03 09:10:00,526149
Anton Myrza_722003740,Anton Myrza,-3,0,19,33,-14,52,2021-09-03 09:10:00,526150
Dmytro Belanchyk_771150904,Dmytro Belanchyk,-3,0,18,34,-16,52,2021-09-03 09:15:00,526151
Ihor Emets_127794,Ihor Emets,2,1,45,43,2,88,2021-09-03 09:15:00,526152
D Razinkov_105037,D Razinkov,-3,0,27,34,-7,61,2021-09-03 09:17:00,526153
Volodymyr Tuchkevych_1891655167,Volodymyr Tuchkevych,2,1,44,37,7,81,2021-09-03 09:20:00,526154
Serhii Prus_127578,Serhii Prus,-2,0,30,43,-13,73,2021-09-03 09:20:00,526155
O Nikiforov_105116,O Nikiforov,1,1,46,37,9,83,2021-09-03 09:20:00,526156
Serhij Maksymiv_15637511,Serhij Maksymiv,3,1,33,15,18,48,2021-09-03 09:25:00,526157
Oleksandr Zhuravlov_937793545,Oleksandr Zhuravlov,1,1,49,45,4,94,2021-09-03 09:30:00,526158
Mykhailo Mosiuk_127593,Mykhailo Mosiuk,1,1,51,38,13,89,2021-09-03 09:30:00,526159
O Belugin_105083,O Belugin,-3,0,19,33,-14,52,2021-09-03 09:30:00,526160
Dmytro Derevinskyi_842649273,Dmytro Derevinskyi,1,1,56,50,6,106,2021-09-03 09:30:00,526161
Denys Vakulenko_972510109,Denys Vakulenko,1,1,53,51,2,104,2021-09-03 09:35:00,526162
Vladyslav Shyriaiev_127603,Vladyslav Shyriaiev,-2,0,31,44,-13,75,2021-09-03 09:35:00,526163
Maksym Mrykh_127833,Maksym Mrykh,-1,0,45,57,-12,102,2021-09-03 09:40:00,526164
Ivan Kozyr_2138758230,Ivan Kozyr,1,1,47,48,-1,95,2021-09-03 09:40:00,526165
D Petrochenko_105038,D Petrochenko,1,1,55,44,11,99,2021-09-03 09:45:00,526166
Samvel Melkumian_1149443332,Samvel Melkumian,-2,0,40,47,-7,87,2021-09-03 09:45:00,526167
Vladimir Andrievskiy_127633,Vladimir Andrievskiy,1,1,43,45,-2,88,2021-09-03 09:45:00,526168
Valeriy Vlasenko_127842,Valeriy Vlasenko,-3,0,21,33,-12,54,2021-09-03 09:50:00,526169
Andrii Berdii_127579,Andrii Berdii,-2,0,33,40,-7,73,2021-09-03 09:50:00,526170
Serhii Illiushchenko_1442903096,Serhii Illiushchenko,-2,0,39,48,-9,87,2021-09-03 09:50:00,526171
S Homutov_105117,S Homutov,-2,0,37,44,-7,81,2021-09-03 09:54:00,526172
Oleksandr Shapoval_127647,Oleksandr Shapoval,1,1,51,47,4,98,2021-09-03 09:55:00,526173
Oleksandr Kostiuk_873964314,Oleksandr Kostiuk,2,1,41,33,8,74,2021-09-03 09:55:00,526174
A Zabrodin_105084,A Zabrodin,1,1,42,45,-3,87,2021-09-03 10:00:00,526175
Martin Filipek_127782,Martin Filipek,1,1,50,49,1,99,2021-09-03 10:00:00,526176
Serhii Rutskyi_1930173832,Serhii Rutskyi,3,1,35,28,7,63,2021-09-03 10:00:00,526177
P Samsonov_104990,P Samsonov,-2,0,9,24,-15,33,2021-09-03 10:00:00,526178
Ivan Kozachuk_127594,Ivan Kozachuk,-2,0,36,43,-7,79,2021-09-03 10:00:00,526179
D Salomon_23474,D Salomon,2,1,45,36,9,81,2021-09-03 10:00:00,526180
Spartak Abalmaz_1624058945,Spartak Abalmaz,1,1,45,45,0,90,2021-09-03 10:05:00,526181
Serhii Poliakov_2116899099,Serhii Poliakov,1,1,46,45,1,91,2021-09-03 10:05:00,526182
Valerii Lukianevych_127604,Valerii Lukianevych,3,1,33,23,10,56,2021-09-03 10:05:00,526183
Oleksandr Ivchuk_127834,Oleksandr Ivchuk,-3,0,21,34,-13,55,2021-09-03 10:10:00,526184
Igor Sukovatyi_1743912428,Igor Sukovatyi,-2,0,32,48,-16,80,2021-09-03 10:10:00,526185
Mykhailo Presniakov_934621120,Mykhailo Presniakov,3,1,35,24,11,59,2021-09-03 10:15:00,526186
Igor Gatsenko_127634,Igor Gatsenko,1,1,52,44,8,96,2021-09-03 10:15:00,526187
Mykhailo Teteruk_127843,Mykhailo Teteruk,2,1,43,33,10,76,2021-09-03 10:20:00,526188
E Samsonova_104991,E Samsonova,1,1,28,19,9,47,2021-09-03 10:20:00,526189
Serhii Prus_127580,Serhii Prus,2,1,41,33,8,74,2021-09-03 10:20:00,526190
Nikita Korbut_863677011,Nikita Korbut,2,1,44,35,9,79,2021-09-03 10:20:00,526191
A Yanshaev_105039,A Yanshaev,-3,0,19,33,-14,52,2021-09-03 10:22:00,526192
Dmitriy Zaporozhets_911830841,Dmitriy Zaporozhets,-2,0,31,42,-11,73,2021-09-03 10:25:00,526193
Serhii Sokolov_127648,Serhii Sokolov,-3,0,19,35,-16,54,2021-09-03 10:25:00,526194
M Minchenkov_105118,M Minchenkov,-2,0,39,45,-6,84,2021-09-03 10:26:00,526195
M Klement_23475,M Klement,-2,0,34,44,-10,78,2021-09-03 10:30:00,526196
Mykola Tovkach_1033480282,Mykola Tovkach,1,1,54,46,8,100,2021-09-03 10:30:00,526197
Oleh Filenko_127595,Oleh Filenko,-2,0,34,39,-5,73,2021-09-03 10:30:00,526198
Dominik Pasek_127783,Dominik Pasek,3,1,33,18,15,51,2021-09-03 10:30:00,526199
G Karpovkin_105171,G Karpovkin,-1,0,42,47,-5,89,2021-09-03 10:32:00,526200
Vladyslav Shyriaiev_127605,Vladyslav Shyriaiev,1,1,50,53,-3,103,2021-09-03 10:35:00,526201
Vitalii Zharskiy_1802197881,Vitalii Zharskiy,-2,0,34,42,-8,76,2021-09-03 10:35:00,526202
Oleksandr Zhuravlov_575859078,Oleksandr Zhuravlov,1,1,48,48,0,96,2021-09-03 10:40:00,526203
O Aratskaya_104992,O Aratskaya,-2,0,6,22,-16,28,2021-09-03 10:40:00,526204
Andrii Obishchenko_127835,Andrii Obishchenko,-2,0,32,42,-10,74,2021-09-03 10:40:00,526205
Dmytro Derevinskyi_811430809,Dmytro Derevinskyi,-1,0,42,42,0,84,2021-09-03 10:40:00,526206
Vladimir Andrievskiy_127635,Vladimir Andrievskiy,-1,0,38,49,-11,87,2021-09-03 10:45:00,526207
Anton Riabukhin_1232730836,Anton Riabukhin,2,1,37,33,4,70,2021-09-03 10:45:00,526208
A Yanshaev_105173,A Yanshaev,3,1,37,24,13,61,2021-09-03 10:49:00,526209
Dmytro Kryshtal_1747560433,Dmytro Kryshtal,2,1,39,28,11,67,2021-09-03 10:50:00,526210
Mykhailo Teteruk_127844,Mykhailo Teteruk,1,1,47,40,7,87,2021-09-03 10:50:00,526211
Anton Kernos_127581,Anton Kernos,3,1,33,26,7,59,2021-09-03 10:50:00,526212
Anton Myrza_2079682964,Anton Myrza,1,1,51,52,-1,103,2021-09-03 10:55:00,526213
Serhii Pitsyk_127649,Serhii Pitsyk,3,1,33,26,7,59,2021-09-03 10:55:00,526214
Mykhailo Mosiuk_127596,Mykhailo Mosiuk,2,1,42,35,7,77,2021-09-03 11:00:00,526215
Dmytro Belanchyk_339970581,Dmytro Belanchyk,2,1,39,32,7,71,2021-09-03 11:00:00,526216
Dominik Pasek_127784,Dominik Pasek,-2,0,32,41,-9,73,2021-09-03 11:00:00,526217
A Zabrodin_105172,A Zabrodin,-1,0,53,53,0,106,2021-09-03 11:00:00,526218
P Shilnikov_104993,P Shilnikov,2,1,24,4,20,28,2021-09-03 11:00:00,526219
M-l Regner_23476,M-l Regner,3,1,39,28,11,67,2021-09-03 11:02:00,526220
Yu Gavrilov_105175,Yu Gavrilov,-1,0,46,52,-6,98,2021-09-03 11:04:00,526221
Volodymyr Tuchkevych_332043849,Volodymyr Tuchkevych,-1,0,43,47,-4,90,2021-09-03 11:05:00,526222
Dmytro Hrosov_127606,Dmytro Hrosov,-1,0,46,47,-1,93,2021-09-03 11:05:00,526223
Serhij Maksymiv_895051824,Serhij Maksymiv,-1,0,47,50,-3,97,2021-09-03 11:10:00,526224
Serhii Poliakov_801726707,Serhii Poliakov,2,1,40,34,6,74,2021-09-03 11:15:00,526225
Spartak Abalmaz_1302412808,Spartak Abalmaz,1,1,45,35,10,80,2021-09-03 11:15:00,526226
Ihor Emets_127795,Ihor Emets,-1,0,50,54,-4,104,2021-09-03 11:15:00,526227
D Petrochenko_105174,D Petrochenko,-2,0,31,40,-9,71,2021-09-03 11:17:00,526228
Serhii Kunynets_127582,Serhii Kunynets,-2,0,35,40,-5,75,2021-09-03 11:20:00,526229
E Samsonova_104994,E Samsonova,2,1,23,8,15,31,2021-09-03 11:20:00,526230
Vitalii Vovk_1647862189,Vitalii Vovk,1,1,50,39,11,89,2021-09-03 11:20:00,526231
Valeriy Vlasenko_127845,Valeriy Vlasenko,1,1,50,45,5,95,2021-09-03 11:20:00,526232
Serhii Sokolov_127650,Serhii Sokolov,3,1,34,22,12,56,2021-09-03 11:25:00,526233
Serhii Kinash_1617015877,Serhii Kinash,-3,0,24,33,-9,57,2021-09-03 11:25:00,526234
Samvel Melkumian_1680351900,Samvel Melkumian,-1,0,54,58,-4,112,2021-09-03 11:30:00,526235
Ivan Kozachuk_127597,Ivan Kozachuk,2,1,38,30,8,68,2021-09-03 11:30:00,526236
Martin Filipek_127785,Martin Filipek,1,1,50,38,12,88,2021-09-03 11:30:00,526237
jr. Havlik_23477,jr. Havlik,3,1,42,29,13,71,2021-09-03 11:31:00,526238
Serhii Illiushchenko_1117700846,Serhii Illiushchenko,3,1,33,21,12,54,2021-09-03 11:35:00,526239
Viktor Syvych_127607,Viktor Syvych,1,1,48,42,6,90,2021-09-03 11:35:00,526240
I Afanasev_105085,I Afanasev,-2,0,36,41,-5,77,2021-09-03 11:36:00,526241
S Homutov_105176,S Homutov,-3,0,30,38,-8,68,2021-09-03 11:38:00,526242
Oleksandr Ivchuk_127837,Oleksandr Ivchuk,3,1,34,25,9,59,2021-09-03 11:40:00,526243
V Pak_104995,V Pak,-2,0,8,22,-14,30,2021-09-03 11:40:00,526244
Oleksandr Kostiuk_601861951,Oleksandr Kostiuk,-3,0,17,33,-16,50,2021-09-03 11:40:00,526245
Oleksandr Durduka_127637,Oleksandr Durduka,3,1,33,21,12,54,2021-09-03 11:45:00,526246
Serhii Rutskyi_1827228620,Serhii Rutskyi,2,1,39,36,3,75,2021-09-03 11:45:00,526247
O Manuylov_105040,O Manuylov,-2,0,35,41,-6,76,2021-09-03 11:46:00,526248
Andrii Dombrovskyi_127846,Andrii Dombrovskyi,-2,0,31,40,-9,71,2021-09-03 11:50:00,526249
Andrii Berdii_127583,Andrii Berdii,-3,0,25,33,-8,58,2021-09-03 11:50:00,526250
Alexey Gamyanin_844260122,Alexey Gamyanin,-3,0,19,33,-14,52,2021-09-03 11:50:00,526251
Vitaliy Khamurda_1459010525,Vitaliy Khamurda,3,1,34,26,8,60,2021-09-03 11:50:00,526252
Denys Vakulenko_1332071449,Denys Vakulenko,-2,0,28,41,-13,69,2021-09-03 11:55:00,526253
Oleksandr Shapoval_127651,Oleksandr Shapoval,-1,0,35,49,-14,84,2021-09-03 11:55:00,526254
Filip Gabriel Nemec_127786,Filip Gabriel Nemec,-2,0,27,42,-15,69,2021-09-03 12:00:00,526255
N Lyfenko_105086,N Lyfenko,-2,0,36,40,-4,76,2021-09-03 12:00:00,526256
P Samsonov_104996,P Samsonov,-2,0,14,23,-9,37,2021-09-03 12:00:00,526257
Ivan Kozyr_1628311533,Ivan Kozyr,1,1,53,48,5,101,2021-09-03 12:00:00,526258
M-l Regner_23478,M-l Regner,-2,0,32,38,-6,70,2021-09-03 12:00:00,526259
Mykhailo Mosiuk_127598,Mykhailo Mosiuk,-3,0,27,33,-6,60,2021-09-03 12:00:00,526260
Valerii Lukianevych_127608,Valerii Lukianevych,-1,0,46,51,-5,97,2021-09-03 12:05:00,526261
Nikita Korbut_1538901286,Nikita Korbut,2,1,37,37,0,74,2021-09-03 12:05:00,526262
V Nemashkalo_105119,V Nemashkalo,-3,0,21,33,-12,54,2021-09-03 12:05:00,526263
Dmitriy Zaporozhets_560159289,Dmitriy Zaporozhets,-1,0,50,51,-1,101,2021-09-03 12:10:00,526264
Mykola Tovkach_394746504,Mykola Tovkach,-3,0,31,40,-9,71,2021-09-03 12:15:00,526265
Igor Gatsenko_127638,Igor Gatsenko,2,1,40,31,9,71,2021-09-03 12:15:00,526266
A Vorozheykin_105041,A Vorozheykin,-3,0,20,33,-13,53,2021-09-03 12:16:00,526267
Serhii Prus_127584,Serhii Prus,-2,0,37,43,-6,80,2021-09-03 12:20:00,526268
Vitalii Zharskiy_592467564,Vitalii Zharskiy,1,1,52,38,14,90,2021-09-03 12:20:00,526269
O Aratskaya_104997,O Aratskaya,2,1,23,6,17,29,2021-09-03 12:20:00,526270
Valeriy Vlasenko_127847,Valeriy Vlasenko,-1,0,50,45,5,95,2021-09-03 12:20:00,526271
V Rachkov_105120,V Rachkov,-2,0,29,40,-11,69,2021-09-03 12:21:00,526272
Andrii Shcherbak_127652,Andrii Shcherbak,2,1,40,30,10,70,2021-09-03 12:25:00,526273
Serhii Poliakov_1623460493,Serhii Poliakov,1,1,49,51,-2,100,2021-09-03 12:25:00,526274
Spartak Abalmaz_755999178,Spartak Abalmaz,2,1,37,31,6,68,2021-09-03 12:25:00,526275
M Klement_23479,M Klement,-1,0,46,54,-8,100,2021-09-03 12:30:00,526276
Martin Filipek_127787,Martin Filipek,2,1,44,36,8,80,2021-09-03 12:30:00,526277
Igor Sukovatyi_1228287584,Igor Sukovatyi,2,1,42,32,10,74,2021-09-03 12:30:00,526278
A Potapkov_105087,A Potapkov,-1,0,46,46,0,92,2021-09-03 12:30:00,526279
Oleh Filenko_127599,Oleh Filenko,-2,0,37,39,-2,76,2021-09-03 12:30:00,526280
Vladyslav Shyriaiev_127609,Vladyslav Shyriaiev,3,1,33,23,10,56,2021-09-03 12:35:00,526281
Mykhailo Presniakov_473273316,Mykhailo Presniakov,3,1,33,24,9,57,2021-09-03 12:35:00,526282
Andrii Obishchenko_127839,Andrii Obishchenko,-3,0,10,33,-23,43,2021-09-03 12:40:00,526283
Anton Myrza_1530060032,Anton Myrza,1,1,49,45,4,94,2021-09-03 12:40:00,526284
V Pak_104998,V Pak,-1,0,15,29,-14,44,2021-09-03 12:40:00,526285
Vladimir Andrievskiy_127639,Vladimir Andrievskiy,-1,0,58,59,-1,117,2021-09-03 12:45:00,526286
Dmytro Belanchyk_1563695179,Dmytro Belanchyk,3,1,35,26,9,61,2021-09-03 12:45:00,526287
A Poprocky_105042,A Poprocky,2,1,40,33,7,73,2021-09-03 12:45:00,526288
K Malahov_105121,K Malahov,-3,0,29,36,-7,65,2021-09-03 12:45:00,526289
Anton Kernos_127585,Anton Kernos,-2,0,33,45,-12,78,2021-09-03 12:50:00,526290
Volodymyr Tuchkevych_850227765,Volodymyr Tuchkevych,-2,0,31,42,-11,73,2021-09-03 12:50:00,526291
Oleksii Hrymovskyi_127848,Oleksii Hrymovskyi,-1,0,45,52,-7,97,2021-09-03 12:50:00,526292
Serhii Pitsyk_127653,Serhii Pitsyk,-1,0,46,48,-2,94,2021-09-03 12:55:00,526293
Serhij Maksymiv_140466903,Serhij Maksymiv,-3,0,24,33,-9,57,2021-09-03 12:55:00,526294
Ivan Kozachuk_127600,Ivan Kozachuk,1,1,52,45,7,97,2021-09-03 13:00:00,526295
P Shilnikov_104999,P Shilnikov,2,1,24,7,17,31,2021-09-03 13:00:00,526296
Oleksandr Zhuravlov_971517379,Oleksandr Zhuravlov,-3,0,21,33,-12,54,2021-09-03 13:00:00,526297
Dmytro Derevinskyi_213768059,Dmytro Derevinskyi,2,1,41,33,8,74,2021-09-03 13:00:00,526298
M Ilichev_105088,M Ilichev,-3,0,29,36,-7,65,2021-09-03 13:02:00,526299
M Klement_23504,M Klement,1,1,52,42,10,94,2021-09-03 13:04:00,526300
Dmytro Hrosov_127610,Dmytro Hrosov,-3,0,20,35,-15,55,2021-09-03 13:05:00,526301
Filip Gabriel Nemec_128040,Filip Gabriel Nemec,3,1,33,23,10,56,2021-09-03 13:05:00,526302
Anton Riabukhin_1419346185,Anton Riabukhin,-1,0,34,43,-9,77,2021-09-03 13:05:00,526303
Dmytro Kryshtal_1659690961,Dmytro Kryshtal,-3,0,26,34,-8,60,2021-09-03 13:10:00,526304
Viacheslav Sereda_1477839779,Viacheslav Sereda,-2,0,23,41,-18,64,2021-09-03 13:15:00,526305
Ihor Emets_127796,Ihor Emets,2,1,42,29,13,71,2021-09-03 13:15:00,526306
K Simonov_105043,K Simonov,3,1,33,17,16,50,2021-09-03 13:16:00,526307
A Mohnachev_105122,A Mohnachev,2,1,42,36,6,78,2021-09-03 13:17:00,526308
Mykhailo Teteruk_127849,Mykhailo Teteruk,3,1,35,26,9,61,2021-09-03 13:20:00,526309
Serhii Kunynets_127586,Serhii Kunynets,2,1,42,21,21,63,2021-09-03 13:20:00,526310
Artem Tkachenko_918467487,Artem Tkachenko,-2,0,32,40,-8,72,2021-09-03 13:20:00,526311
Serhii Sokolov_127654,Serhii Sokolov,1,1,51,42,9,93,2021-09-03 13:25:00,526312
Oleksandr Kuharchuk_894748135,Oleksandr Kuharchuk,-3,0,17,33,-16,50,2021-09-03 13:25:00,526313
Nazarii Haievyi_1357973195,Nazarii Haievyi,-3,0,21,33,-12,54,2021-09-03 13:30:00,526314
Denys Kalachevskyi_127601,Denys Kalachevskyi,1,1,49,41,8,90,2021-09-03 13:30:00,526315
A Potapkov_105089,A Potapkov,-3,0,25,36,-11,61,2021-09-03 13:30:00,526316
Spartak Abalmaz_1368463585,Spartak Abalmaz,3,1,34,24,10,58,2021-09-03 13:35:00,526317
David Bochnak_128041,David Bochnak,3,1,33,13,20,46,2021-09-03 13:35:00,526318
Serhii Poliakov_1922472837,Serhii Poliakov,-1,0,41,40,1,81,2021-09-03 13:35:00,526319
Viktor Syvych_127611,Viktor Syvych,-3,0,24,33,-9,57,2021-09-03 13:35:00,526320
jr. Havlik_23505,jr. Havlik,2,1,43,33,10,76,2021-09-03 13:35:00,526321
Vitalii Vovk_577184219,Vitalii Vovk,3,1,34,25,9,59,2021-09-03 13:40:00,526322
Ilya Parnyvoda_127841,Ilya Parnyvoda,3,1,36,27,9,63,2021-09-03 13:40:00,526323
Serhii Kinash_1293302252,Serhii Kinash,3,1,33,20,13,53,2021-09-03 13:45:00,526324
Oleksandr Durduka_127641,Oleksandr Durduka,2,1,45,30,15,75,2021-09-03 13:45:00,526325
A Poprocky_105044,A Poprocky,-1,0,37,54,-17,91,2021-09-03 13:46:00,526326
K Malahov_105123,K Malahov,2,1,45,34,11,79,2021-09-03 13:46:00,526327
Andrii Dombrovskyi_127850,Andrii Dombrovskyi,2,1,43,35,8,78,2021-09-03 13:50:00,526328
Andrii Berdii_127587,Andrii Berdii,-2,0,38,41,-3,79,2021-09-03 13:50:00,526329
Samvel Melkumian_1205983147,Samvel Melkumian,-3,0,29,38,-9,67,2021-09-03 13:50:00,526330
Oleksandr Shapoval_127655,Oleksandr Shapoval,1,1,42,44,-2,86,2021-09-03 13:55:00,526331
Serhii Illiushchenko_654834580,Serhii Illiushchenko,-1,0,52,49,3,101,2021-09-03 13:55:00,526332
Oleksandr Kostiuk_1071695701,Oleksandr Kostiuk,3,1,33,19,14,52,2021-09-03 14:00:00,526333
N Lyfenko_105090,N Lyfenko,-1,0,44,42,2,86,2021-09-03 14:00:00,526334
Petr Dvorak_127788,Petr Dvorak,-2,0,34,45,-11,79,2021-09-03 14:00:00,526335
Serhii Rutskyi_1171897127,Serhii Rutskyi,1,1,51,44,7,95,2021-09-03 14:05:00,526336
Valerii Lukianevych_127612,Valerii Lukianevych,-3,0,23,34,-11,57,2021-09-03 14:05:00,526337
M Cinibulk_23480,M Cinibulk,-2,0,29,37,-8,66,2021-09-03 14:06:00,526338
Dmytro Derevinskyi_1945625858,Dmytro Derevinskyi,-3,0,25,33,-8,58,2021-09-03 14:10:00,526339
Oleksandr Zhuravlov_1386979233,Oleksandr Zhuravlov,-1,0,42,54,-12,96,2021-09-03 14:10:00,526340
Igor Sukovatyi_1899427656,Igor Sukovatyi,-2,0,36,42,-6,78,2021-09-03 14:15:00,526341
Igor Gatsenko_127642,Igor Gatsenko,-1,0,39,48,-9,87,2021-09-03 14:15:00,526342
A Vorozheykin_105045,A Vorozheykin,2,1,40,37,3,77,2021-09-03 14:17:00,526343
V Rachkov_105124,V Rachkov,2,1,44,34,10,78,2021-09-03 14:17:00,526344
Andrii Obishchenko_128042,Andrii Obishchenko,2,1,44,37,7,81,2021-09-03 14:20:00,526345
Oleksii Hrymovskyi_127851,Oleksii Hrymovskyi,1,1,52,44,8,96,2021-09-03 14:20:00,526346
Anton Kernos_127588,Anton Kernos,2,1,38,26,12,64,2021-09-03 14:20:00,526347
Mykhailo Presniakov_1312878339,Mykhailo Presniakov,-1,0,45,49,-4,94,2021-09-03 14:20:00,526348
Andrii Shcherbak_127656,Andrii Shcherbak,-1,0,46,51,-5,97,2021-09-03 14:25:00,526349
Samvel Melkumian_1316705488,Samvel Melkumian,2,1,39,37,2,76,2021-09-03 14:25:00,526350
Jan Jr Krames_127789,Jan Jr Krames,-2,0,27,36,-9,63,2021-09-03 14:30:00,526351
Serhii Illiushchenko_2027250612,Serhii Illiushchenko,1,1,49,43,6,92,2021-09-03 14:30:00,526352
J Vojtech_23481,J Vojtech,-3,0,21,33,-12,54,2021-09-03 14:30:00,526353
A Potapkov_105263,A Potapkov,-1,0,54,61,-7,115,2021-09-03 14:30:00,526354
Kyrylo Yurchenko_128044,Kyrylo Yurchenko,3,1,33,19,14,52,2021-09-03 14:35:00,526355
Oleksandr Kostiuk_1793699891,Oleksandr Kostiuk,-3,0,22,33,-11,55,2021-09-03 14:35:00,526356
Dmytro Hrosov_127613,Dmytro Hrosov,-2,0,34,41,-7,75,2021-09-03 14:35:00,526357
Serhij Maksymiv_906425551,Serhij Maksymiv,2,1,43,28,15,71,2021-09-03 14:40:00,526358
Serhii Poliakov_327272147,Serhii Poliakov,2,1,42,24,18,66,2021-09-03 14:45:00,526359
Ihor Emets_127797,Ihor Emets,-2,0,31,40,-9,71,2021-09-03 14:45:00,526360
V Nemashkalo_105281,V Nemashkalo,-2,0,34,43,-9,77,2021-09-03 14:45:00,526361
Spartak Abalmaz_827958248,Spartak Abalmaz,-3,0,30,38,-8,68,2021-09-03 14:45:00,526362
O Manuylov_105283,O Manuylov,-1,0,44,50,-6,94,2021-09-03 14:47:00,526363
Oleksii Hrymovskyi_127852,Oleksii Hrymovskyi,-3,0,24,33,-9,57,2021-09-03 14:50:00,526364
Oleksandr Kovalov_1431854089,Oleksandr Kovalov,-2,0,36,44,-8,80,2021-09-03 14:50:00,526365
Ihor Kvak_127589,Ihor Kvak,2,1,40,26,14,66,2021-09-03 14:50:00,526366
Egor Kovpak_128043,Egor Kovpak,-2,0,33,39,-6,72,2021-09-03 14:50:00,526367
Dmitriy Lebed_239925173,Dmitriy Lebed,-2,0,32,40,-8,72,2021-09-03 14:55:00,526368
Serhii Pitsyk_127657,Serhii Pitsyk,-3,0,17,33,-16,50,2021-09-03 14:55:00,526369
Jan Jr Krames_127790,Jan Jr Krames,-3,0,20,33,-13,53,2021-09-03 15:00:00,526370
M Urban_23482,M Urban,-2,0,42,47,-5,89,2021-09-03 15:00:00,526371
Anton Myrza_672050866,Anton Myrza,1,1,52,46,6,98,2021-09-03 15:00:00,526372
M Ilichev_105264,M Ilichev,1,1,48,44,4,92,2021-09-03 15:03:00,526373
Denys Kalachevskyi_128045,Denys Kalachevskyi,2,1,42,38,4,80,2021-09-03 15:05:00,526374
Artem Nesterenko_813983570,Artem Nesterenko,1,1,54,49,5,103,2021-09-03 15:05:00,526375
Valerii Voloshko_127614,Valerii Voloshko,-1,0,41,45,-4,86,2021-09-03 15:05:00,526376
Mykola Tovkach_781611836,Mykola Tovkach,1,1,56,49,7,105,2021-09-03 15:10:00,526377
K Malahov_105282,K Malahov,2,1,43,31,12,74,2021-09-03 15:15:00,526378
Liubomyr Sheshurak_1575797835,Liubomyr Sheshurak,-2,0,29,40,-11,69,2021-09-03 15:15:00,526379
Volodymyr Pakhomovskyi_127644,Volodymyr Pakhomovskyi,2,1,48,39,9,87,2021-09-03 15:15:00,526380
A Poprocky_105284,A Poprocky,1,1,50,46,4,96,2021-09-03 15:16:00,526381
Anton Kernos_127590,Anton Kernos,-3,0,27,34,-7,61,2021-09-03 15:20:00,526382
Alexey Gamyanin_844119707,Alexey Gamyanin,1,1,46,41,5,87,2021-09-03 15:20:00,526383
Andrii Dombrovskyi_127853,Andrii Dombrovskyi,3,1,34,24,10,58,2021-09-03 15:20:00,526384
Vitaliy Khamurda_1459155164,Vitaliy Khamurda,-2,0,36,43,-7,79,2021-09-03 15:20:00,526385
Igor Sukovatyi_2072324680,Igor Sukovatyi,-3,0,21,37,-16,58,2021-09-03 15:25:00,526386
Oleksandr Shapoval_127658,Oleksandr Shapoval,-2,0,33,43,-10,76,2021-09-03 15:25:00,526387
Mykhailo Presniakov_769589610,Mykhailo Presniakov,-2,0,39,42,-3,81,2021-09-03 15:30:00,526388
Petr Dvorak_127791,Petr Dvorak,-1,0,31,45,-14,76,2021-09-03 15:30:00,526389
F Just_23483,F Just,3,1,33,17,16,50,2021-09-03 15:31:00,526390
I Iskenderov_105091,I Iskenderov,-2,0,29,38,-9,67,2021-09-03 15:34:00,526391
Dmytro Hrosov_127615,Dmytro Hrosov,-1,0,44,57,-13,101,2021-09-03 15:35:00,526392
Oleksandr Didukh_419933780,Oleksandr Didukh,-1,0,56,58,-2,114,2021-09-03 15:35:00,526393
Oleksiy Sapronov_1088845232,Oleksiy Sapronov,1,1,48,48,0,96,2021-09-03 15:40:00,526394
Ihor Emets_127798,Ihor Emets,-2,0,28,38,-10,66,2021-09-03 15:45:00,526395
K Korzunova_105131,K Korzunova,3,1,35,25,10,60,2021-09-03 15:46:00,526396
Serhii Prus_127591,Serhii Prus,-1,0,50,43,7,93,2021-09-03 15:50:00,526397
Andrii Kotik_1748278032,Andrii Kotik,-2,0,32,41,-9,73,2021-09-03 15:50:00,526398
I Ramensky_105046,I Ramensky,-2,0,33,41,-8,74,2021-09-03 15:53:00,526399
Roman Reznichenko_1728654774,Roman Reznichenko,2,1,42,33,9,75,2021-09-03 15:55:00,526400
Taras Yemelianov_127659,Taras Yemelianov,3,1,33,18,15,51,2021-09-03 15:55:00,526401
David Prusa_127792,David Prusa,-2,0,27,38,-11,65,2021-09-03 16:00:00,526402
Denys Vakulenko_508229097,Denys Vakulenko,1,1,44,48,-4,92,2021-09-03 16:00:00,526403
M Urban_23484,M Urban,-3,0,26,34,-8,60,2021-09-03 16:01:00,526404
Vladyslav Shyriaiev_127616,Vladyslav Shyriaiev,2,1,39,30,9,69,2021-09-03 16:05:00,526405
Ivan Kozyr_909827922,Ivan Kozyr,3,1,35,25,10,60,2021-09-03 16:05:00,526406
S Kulikov_105092,S Kulikov,-2,0,42,45,-3,87,2021-09-03 16:09:00,526407
Anton Limonov_6887495,Anton Limonov,1,1,50,42,8,92,2021-09-03 16:10:00,526408
Serhii Matviienko_811660162,Serhii Matviienko,3,1,35,24,11,59,2021-09-03 16:15:00,526409
Vladimir Andrievskiy_127646,Vladimir Andrievskiy,1,1,47,42,5,89,2021-09-03 16:15:00,526410
V Kandybina_105132,V Kandybina,1,1,51,42,9,93,2021-09-03 16:16:00,526411
I Novikov_105047,I Novikov,3,1,34,21,13,55,2021-09-03 16:16:00,526412
Avraham Nazrin_1545410388,Avraham Nazrin,2,1,37,29,8,66,2021-09-03 16:20:00,526413
Roman Bihun_127662,Roman Bihun,2,1,40,39,1,79,2021-09-03 16:20:00,526414
Vasyl Verbianyi_841311979,Vasyl Verbianyi,-3,0,23,33,-10,56,2021-09-03 16:25:00,526415
Oleksandr Shapoval_127660,Oleksandr Shapoval,2,1,44,36,8,80,2021-09-03 16:25:00,526416
Vadym Grushko_1085872061,Vadym Grushko,-2,0,28,41,-13,69,2021-09-03 16:30:00,526417
Petr Dvorak_127793,Petr Dvorak,2,1,41,28,13,69,2021-09-03 16:30:00,526418
Sergii Skhabitskiy_127677,Sergii Skhabitskiy,-2,0,38,48,-10,86,2021-09-03 16:30:00,526419
J Vojtech_23485,J Vojtech,-3,0,22,35,-13,57,2021-09-03 16:30:00,526420
Serhii Skachenko_2005638338,Serhii Skachenko,-3,0,28,34,-6,62,2021-09-03 16:35:00,526421
Oleksandr Kovalchuk_127692,Oleksandr Kovalchuk,1,1,54,42,12,96,2021-09-03 16:35:00,526422
A Yakovlev_105093,A Yakovlev,2,1,37,32,5,69,2021-09-03 16:37:00,526423
Artem Chepurnyi_127864,Artem Chepurnyi,-2,0,34,35,-1,69,2021-09-03 16:40:00,526424
Anton Veliiev_529921813,Anton Veliiev,2,1,42,32,10,74,2021-09-03 16:40:00,526425
Viktor Volkovskyi_127722,Viktor Volkovskyi,3,1,33,14,19,47,2021-09-03 16:45:00,526426
Oleksandr Didukh_604054029,Oleksandr Didukh,3,1,36,24,12,60,2021-09-03 16:45:00,526427
P Khramkov_105048,P Khramkov,1,1,44,41,3,85,2021-09-03 16:45:00,526428
T Morozova_105133,T Morozova,3,1,37,24,13,61,2021-09-03 16:48:00,526429
Denys Kvyk_127663,Denys Kvyk,2,1,42,35,7,77,2021-09-03 16:50:00,526430
Oleksiy Sapronov_1065545777,Oleksiy Sapronov,-1,0,36,47,-11,83,2021-09-03 16:50:00,526431
Serhii Sokolov_127661,Serhii Sokolov,3,1,33,16,17,49,2021-09-03 16:55:00,526432
Vitali Rychkou_1939933115,Vitali Rychkou,-2,0,36,39,-3,75,2021-09-03 16:55:00,526433
Andrii Kotik_639506351,Andrii Kotik,-1,0,45,50,-5,95,2021-09-03 17:00:00,526434
Valeriy Kolesnykov_127678,Valeriy Kolesnykov,-2,0,38,42,-4,80,2021-09-03 17:00:00,526435
J Vojtech_23530,J Vojtech,-3,0,24,35,-11,59,2021-09-03 17:02:00,526436
Roman Reznichenko_1144730116,Roman Reznichenko,1,1,46,44,2,90,2021-09-03 17:05:00,526437
Ir Kim_105094,Ir Kim,2,1,43,31,12,74,2021-09-03 17:05:00,526438
Andrii Kovrikov_127693,Andrii Kovrikov,-1,0,54,54,0,108,2021-09-03 17:05:00,526439
Jan Jr Krames_128099,Jan Jr Krames,1,1,61,60,1,121,2021-09-03 17:10:00,526440
Serhii Skachenko_619842622,Serhii Skachenko,3,1,33,20,13,53,2021-09-03 17:10:00,526441
Yurii Shmyndra_127865,Yurii Shmyndra,2,1,44,38,6,82,2021-09-03 17:10:00,526442
Eduard Rubtsov_1343102945,Eduard Rubtsov,-1,0,39,52,-13,91,2021-09-03 17:15:00,526443
Valerii Hries_127723,Valerii Hries,-3,0,24,33,-9,57,2021-09-03 17:15:00,526444
S Maksakov_105049,S Maksakov,-3,0,25,34,-9,59,2021-09-03 17:16:00,526445
A Kondratova_105134,A Kondratova,3,1,35,27,8,62,2021-09-03 17:16:00,526446
Vitalii Lievshin_998155899,Vitalii Lievshin,3,1,35,24,11,59,2021-09-03 17:20:00,526447
Yaroslav Ivasiuk_127664,Yaroslav Ivasiuk,-2,0,26,43,-17,69,2021-09-03 17:20:00,526448
Roman Malynka_127822,Roman Malynka,-3,0,26,36,-10,62,2021-09-03 17:25:00,526449
Vladyslav Ivanchatenko_612171199,Vladyslav Ivanchatenko,1,1,44,39,5,83,2021-09-03 17:25:00,526450
Oleksandr Mytsyk_127679,Oleksandr Mytsyk,1,1,48,45,3,93,2021-09-03 17:30:00,526451
Avraham Nazrin_5590200,Avraham Nazrin,-2,0,34,46,-12,80,2021-09-03 17:30:00,526452
M Cinibulk_23531,M Cinibulk,-2,0,36,43,-7,79,2021-09-03 17:31:00,526453
A Yakovlev_105095,A Yakovlev,-3,0,21,34,-13,55,2021-09-03 17:31:00,526454
Vasyl Kushnir_950231594,Vasyl Kushnir,1,1,52,44,8,96,2021-09-03 17:35:00,526455
Viacheslav Isakov_127694,Viacheslav Isakov,-3,0,21,34,-13,55,2021-09-03 17:35:00,526456
Jan Holan_128100,Jan Holan,1,1,40,46,-6,86,2021-09-03 17:40:00,526457
Valentin Zaichenko_1379557750,Valentin Zaichenko,-1,0,41,54,-13,95,2021-09-03 17:40:00,526458
Anton Veliiev_850013759,Anton Veliiev,1,1,53,47,6,100,2021-09-03 17:45:00,526459
P Khramkov_105050,P Khramkov,-1,0,41,43,-2,84,2021-09-03 17:45:00,526460
Viktor Chyzh_127811,Viktor Chyzh,-3,0,32,39,-7,71,2021-09-03 17:45:00,526461
T Morozova_105135,T Morozova,-2,0,36,42,-6,78,2021-09-03 17:45:00,526462
Denys Kvyk_127665,Denys Kvyk,2,1,41,37,4,78,2021-09-03 17:50:00,526463
Serhii Skachenko_723896322,Serhii Skachenko,-2,0,32,42,-10,74,2021-09-03 17:50:00,526464
Anton Limonov_1828910120,Anton Limonov,-3,0,17,33,-16,50,2021-09-03 17:55:00,526465
Mykhailo Zholubak_127823,Mykhailo Zholubak,1,1,44,45,-1,89,2021-09-03 17:55:00,526466
Serhii Matviienko_562945980,Serhii Matviienko,3,1,34,25,9,59,2021-09-03 18:00:00,526467
Valeriy Kolesnykov_127680,Valeriy Kolesnykov,-2,0,44,49,-5,93,2021-09-03 18:00:00,526468
S Kulikov_105096,S Kulikov,1,1,55,47,8,102,2021-09-03 18:01:00,526469
M Kolar_23486,M Kolar,1,1,57,51,6,108,2021-09-03 18:03:00,526470
Vitali Rychkou_2015556965,Vitali Rychkou,-3,0,24,33,-9,57,2021-09-03 18:05:00,526471
Andrii Kovrikov_127695,Andrii Kovrikov,2,1,42,33,9,75,2021-09-03 18:05:00,526472
Oleksandr Dukhovenko_127857,Oleksandr Dukhovenko,2,1,41,32,9,73,2021-09-03 18:10:00,526473
Vasyl Verbianyi_904931640,Vasyl Verbianyi,1,1,47,41,6,88,2021-09-03 18:10:00,526474
I Novikov_105051,I Novikov,3,1,33,19,14,52,2021-09-03 18:14:00,526475
Vadym Grushko_596108706,Vadym Grushko,3,1,33,18,15,51,2021-09-03 18:15:00,526476
Valerii Hries_127725,Valerii Hries,-1,0,41,41,0,82,2021-09-03 18:15:00,526477
V Kandybina_105136,V Kandybina,1,1,56,43,13,99,2021-09-03 18:18:00,526478
Roman Bihun_127666,Roman Bihun,2,1,42,33,9,75,2021-09-03 18:20:00,526479
Eduard Rubtsov_866552208,Eduard Rubtsov,-3,0,21,33,-12,54,2021-09-03 18:20:00,526480
Roman Malynka_127824,Roman Malynka,3,1,33,23,10,56,2021-09-03 18:25:00,526481
Anton Veliiev_1753385726,Anton Veliiev,3,1,33,25,8,58,2021-09-03 18:25:00,526482
Miloslav Kuba_127800,Miloslav Kuba,-2,0,28,43,-15,71,2021-09-03 18:30:00,526483
Sergii Skhabitskiy_127681,Sergii Skhabitskiy,-3,0,24,33,-9,57,2021-09-03 18:30:00,526484
Oleksandr Didukh_629871964,Oleksandr Didukh,-3,0,25,33,-8,58,2021-09-03 18:30:00,526485
Oleksiy Sapronov_202987668,Oleksiy Sapronov,3,1,33,26,7,59,2021-09-03 18:35:00,526486
Oleksandr Kovalchuk_127696,Oleksandr Kovalchuk,2,1,40,27,13,67,2021-09-03 18:35:00,526487
Vitali Rychkou_210524004,Vitali Rychkou,2,1,41,28,13,69,2021-09-03 18:40:00,526488
D Pazout_23487,D Pazout,-2,0,30,42,-12,72,2021-09-03 18:43:00,526489
I Iskenderov_105287,I Iskenderov,-1,0,46,52,-6,98,2021-09-03 18:44:00,526490
Viktor Volkovskyi_127812,Viktor Volkovskyi,-1,0,48,49,-1,97,2021-09-03 18:45:00,526491
Andrii Kotik_1032997546,Andrii Kotik,2,1,46,42,4,88,2021-09-03 18:45:00,526492
I Ramensky_105285,I Ramensky,-3,0,17,33,-16,50,2021-09-03 18:45:00,526493
Roman Reznichenko_658922557,Roman Reznichenko,-1,0,43,50,-7,93,2021-09-03 18:50:00,526494
Oleksandr Ivashkin_127737,Oleksandr Ivashkin,-3,0,22,33,-11,55,2021-09-03 18:50:00,526495
Mykola Shyshkin_127667,Mykola Shyshkin,-2,0,38,42,-4,80,2021-09-03 18:50:00,526496
Anatolii Yakovenko_2101780016,Anatolii Yakovenko,3,1,33,16,17,49,2021-09-03 18:55:00,526497
Denys Matvieiev_127825,Denys Matvieiev,-2,0,28,41,-13,69,2021-09-03 18:55:00,526498
K Korzunova_105289,K Korzunova,2,1,37,29,8,66,2021-09-03 18:56:00,526499
Serhii Skachenko_1968071480,Serhii Skachenko,2,1,44,34,10,78,2021-09-03 19:00:00,526500
Igor Koshkodan_127682,Igor Koshkodan,3,1,33,17,16,50,2021-09-03 19:00:00,526501
Vitalii Lievshin_510484687,Vitalii Lievshin,-1,0,39,46,-7,85,2021-09-03 19:05:00,526502
Roman Zholubak_127697,Roman Zholubak,3,1,33,18,15,51,2021-09-03 19:05:00,526503
P Facek_23488,P Facek,2,1,44,37,7,81,2021-09-03 19:09:00,526504
Vladyslav Ivanchatenko_1651930312,Vladyslav Ivanchatenko,3,1,33,21,12,54,2021-09-03 19:10:00,526505
Artem Chepurnyi_127868,Artem Chepurnyi,-2,0,29,38,-9,67,2021-09-03 19:10:00,526506
S Maksakov_105286,S Maksakov,-2,0,31,44,-13,75,2021-09-03 19:14:00,526507
Vitalii Mukhin_127813,Vitalii Mukhin,1,1,49,41,8,90,2021-09-03 19:15:00,526508
Vadym Nechyporuk_21153257,Vadym Nechyporuk,2,1,40,27,13,67,2021-09-03 19:15:00,526509
V Kandybina_105290,V Kandybina,3,1,34,21,13,55,2021-09-03 19:16:00,526510
Vasyl Kushnir_504960824,Vasyl Kushnir,3,1,34,23,11,57,2021-09-03 19:20:00,526511
Anatolii Levshyn_127738,Anatolii Levshyn,2,1,44,26,18,70,2021-09-03 19:20:00,526512
Yaroslav Ivasiuk_127668,Yaroslav Ivasiuk,2,1,42,37,5,79,2021-09-03 19:20:00,526513
A Yakovlev_105288,A Yakovlev,-2,0,40,47,-7,87,2021-09-03 19:24:00,526514
Mykhailo Zholubak_127826,Mykhailo Zholubak,2,1,37,26,11,63,2021-09-03 19:25:00,526515
Valentin Zaichenko_52177606,Valentin Zaichenko,1,1,50,48,2,98,2021-09-03 19:25:00,526516
Petr Kubat_127802,Petr Kubat,-2,0,30,43,-13,73,2021-09-03 19:30:00,526517
Oleksandr Mytsyk_127683,Oleksandr Mytsyk,-2,0,39,45,-6,84,2021-09-03 19:30:00,526518
Ruslan Ivanov_79864456,Ruslan Ivanov,-1,0,40,48,-8,88,2021-09-03 19:30:00,526519
Viacheslav Isakov_127698,Viacheslav Isakov,2,1,44,38,6,82,2021-09-03 19:35:00,526520
Anatolii Yakovenko_1541528958,Anatolii Yakovenko,2,1,47,36,11,83,2021-09-03 19:35:00,526521
Jak Vrabec_23489,Jak Vrabec,-1,0,40,50,-10,90,2021-09-03 19:38:00,526522
Yurii Shmyndra_127869,Yurii Shmyndra,-1,0,46,51,-5,97,2021-09-03 19:40:00,526523
Anton Limonov_6610183,Anton Limonov,-1,0,54,54,0,108,2021-09-03 19:40:00,526524
E Markelov_105052,E Markelov,-3,0,27,38,-11,65,2021-09-03 19:44:00,526525
Viktor Chyzh_127814,Viktor Chyzh,3,1,33,17,16,50,2021-09-03 19:45:00,526526
Serhii Matviienko_1834716079,Serhii Matviienko,-1,0,38,48,-10,86,2021-09-03 19:45:00,526527
V Petrov_105137,V Petrov,1,1,50,40,10,90,2021-09-03 19:47:00,526528
Avraham Nazrin_1277466382,Avraham Nazrin,-2,0,28,39,-11,67,2021-09-03 19:50:00,526529
Denys Kvyk_127669,Denys Kvyk,2,1,41,38,3,79,2021-09-03 19:50:00,526530
Vadym Bochkovskyi_127739,Vadym Bochkovskyi,-3,0,29,37,-8,66,2021-09-03 19:50:00,526531
Roman Malynka_127827,Roman Malynka,2,1,39,39,0,78,2021-09-03 19:55:00,526532
Vasyl Verbianyi_1427437536,Vasyl Verbianyi,3,1,34,26,8,60,2021-09-03 19:55:00,526533
O Pronin_105097,O Pronin,-1,0,50,61,-11,111,2021-09-03 19:56:00,526534
Vadym Grushko_702481520,Vadym Grushko,-2,0,36,36,0,72,2021-09-03 20:00:00,526535
Valeriy Kolesnykov_127684,Valeriy Kolesnykov,-3,0,23,34,-11,57,2021-09-03 20:00:00,526536
Oleksandr Tuzhylin_2102194294,Oleksandr Tuzhylin,3,1,34,25,9,59,2021-09-03 20:05:00,526537
Andrii Kovrikov_127699,Andrii Kovrikov,-2,0,35,43,-8,78,2021-09-03 20:05:00,526538
P Facek_23490,P Facek,-1,0,49,52,-3,101,2021-09-03 20:06:00,526539
Valerii Melnyk_716248370,Valerii Melnyk,-3,0,17,33,-16,50,2021-09-03 20:10:00,526540
Valerii Hries_127815,Valerii Hries,2,1,38,34,4,72,2021-09-03 20:15:00,526541
Viktor Yefimov_502764224,Viktor Yefimov,3,1,33,25,8,58,2021-09-03 20:15:00,526542
I Soldatov_105053,I Soldatov,1,1,48,38,10,86,2021-09-03 20:16:00,526543
V Shirokov_105138,V Shirokov,1,1,53,45,8,98,2021-09-03 20:17:00,526544
Anatolii Levshyn_127740,Anatolii Levshyn,2,1,43,31,12,74,2021-09-03 20:20:00,526545
Roman Bihun_127670,Roman Bihun,1,1,53,47,6,100,2021-09-03 20:20:00,526546
Serhii Hilitukha_2111844666,Serhii Hilitukha,3,1,36,28,8,64,2021-09-03 20:20:00,526547
Nazarii Hrytsyienko_1007986,Nazarii Hrytsyienko,3,1,35,27,8,62,2021-09-03 20:25:00,526548
Mykhailo Zholubak_127828,Mykhailo Zholubak,-2,0,30,42,-12,72,2021-09-03 20:25:00,526549
D Tikhnenko_105098,D Tikhnenko,1,1,48,42,6,90,2021-09-03 20:28:00,526550
Anton Molochko_1869595310,Anton Molochko,1,1,50,40,10,90,2021-09-03 20:30:00,526551
Petr Kubat_127804,Petr Kubat,-2,0,30,43,-13,73,2021-09-03 20:30:00,526552
Sergii Skhabitskiy_127685,Sergii Skhabitskiy,2,1,44,39,5,83,2021-09-03 20:30:00,526553
Oleksandr Kovalchuk_127700,Oleksandr Kovalchuk,2,1,43,35,8,78,2021-09-03 20:35:00,526554
Andrii Kostiuk_782204580,Andrii Kostiuk,3,1,34,23,11,57,2021-09-03 20:35:00,526555
D Pazout_23491,D Pazout,2,1,42,30,12,72,2021-09-03 20:36:00,526556
Artem Chepurnyi_127870,Artem Chepurnyi,2,1,38,32,6,70,2021-09-03 20:40:00,526557
Oleksandr Tuzhylin_1490306241,Oleksandr Tuzhylin,1,1,48,35,13,83,2021-09-03 20:40:00,526558
Bohdan Kohut_2113547164,Bohdan Kohut,1,1,49,40,9,89,2021-09-03 20:45:00,526559
Viktor Volkovskyi_127730,Viktor Volkovskyi,1,1,49,38,11,87,2021-09-03 20:45:00,526560
A Yanshaev_105054,A Yanshaev,3,1,33,24,9,57,2021-09-03 20:45:00,526561
Mykola Shyshkin_127671,Mykola Shyshkin,3,1,34,28,6,62,2021-09-03 20:50:00,526562
Oleksandr Ivashkin_127741,Oleksandr Ivashkin,-3,0,21,33,-12,54,2021-09-03 20:50:00,526563
Oleksandr Didukh_683084455,Oleksandr Didukh,3,1,34,23,11,57,2021-09-03 20:50:00,526564
P Pinkovskii_105139,P Pinkovskii,1,1,46,48,-2,94,2021-09-03 20:50:00,526565
Oleksiy Sapronov_930446227,Oleksiy Sapronov,2,1,47,42,5,89,2021-09-03 20:55:00,526566
Denys Matvieiev_127829,Denys Matvieiev,3,1,34,28,6,62,2021-09-03 20:55:00,526567
Vadym Nechyporuk_867854388,Vadym Nechyporuk,-2,0,27,39,-12,66,2021-09-03 21:00:00,526568
Igor Koshkodan_127686,Igor Koshkodan,1,1,47,38,9,85,2021-09-03 21:00:00,526569
Andrii Kotik_1291233000,Andrii Kotik,2,1,37,37,0,74,2021-09-03 21:05:00,526570
Roman Zholubak_127701,Roman Zholubak,1,1,50,43,7,93,2021-09-03 21:05:00,526571
M Kolar_23532,M Kolar,3,1,33,13,20,46,2021-09-03 21:08:00,526572
Sebastian Ghariani_128249,Sebastian Ghariani,-1,0,46,44,2,90,2021-09-03 21:10:00,526573
Roman Reznichenko_1148020957,Roman Reznichenko,1,1,55,44,11,99,2021-09-03 21:10:00,526574
S Kuzmin_105099,S Kuzmin,-2,0,29,41,-12,70,2021-09-03 21:11:00,526575
Vitalii Mukhin_127816,Vitalii Mukhin,2,1,41,28,13,69,2021-09-03 21:15:00,526576
Valerii Melnyk_29463042,Valerii Melnyk,-1,0,43,47,-4,90,2021-09-03 21:15:00,526577
S Nikulin_105055,S Nikulin,2,1,39,38,1,77,2021-09-03 21:16:00,526578
Yaroslav Ivasiuk_127672,Yaroslav Ivasiuk,2,1,41,35,6,76,2021-09-03 21:20:00,526579
Mykola Korniienko_127742,Mykola Korniienko,1,1,50,50,0,100,2021-09-03 21:20:00,526580
Oleksandr Tuzhylin_1440059690,Oleksandr Tuzhylin,3,1,33,24,9,57,2021-09-03 21:20:00,526581
A Innazarov_105140,A Innazarov,-3,0,25,33,-8,58,2021-09-03 21:22:00,526582
Roman Malynka_127830,Roman Malynka,-1,0,41,46,-5,87,2021-09-03 21:25:00,526583
Yaroslav Zhmudenko_649583749,Yaroslav Zhmudenko,-2,0,33,41,-8,74,2021-09-03 21:25:00,526584
Oleksandr Mytsyk_127687,Oleksandr Mytsyk,-2,0,29,37,-8,66,2021-09-03 21:30:00,526585
D Pazout_23533,D Pazout,-3,0,20,33,-13,53,2021-09-03 21:30:00,526586
Vladyslav Ivanchatenko_259918096,Vladyslav Ivanchatenko,-1,0,43,51,-8,94,2021-09-03 21:30:00,526587
V Chernov_105100,V Chernov,-1,0,51,51,0,102,2021-09-03 21:33:00,526588
Viacheslav Isakov_127702,Viacheslav Isakov,-3,0,19,33,-14,52,2021-09-03 21:35:00,526589
Nazarii Hrytsyienko_1752833280,Nazarii Hrytsyienko,-2,0,31,37,-6,68,2021-09-03 21:35:00,526590
Anton Molochko_1114890216,Anton Molochko,3,1,35,23,12,58,2021-09-03 21:40:00,526591
Yurii Shmyndra_128251,Yurii Shmyndra,-1,0,51,54,-3,105,2021-09-03 21:40:00,526592
Vadym Grushko_1583624446,Vadym Grushko,-2,0,44,49,-5,93,2021-09-03 21:45:00,526593
Viktor Chyzh_127817,Viktor Chyzh,1,1,50,41,9,91,2021-09-03 21:45:00,526594
P Pinkovskii_105141,P Pinkovskii,2,1,42,31,11,73,2021-09-03 21:47:00,526595
A Yanshaev_105056,A Yanshaev,2,1,37,31,6,68,2021-09-03 21:48:00,526596
Vadym Bochkovskyi_127743,Vadym Bochkovskyi,3,1,34,21,13,55,2021-09-03 21:50:00,526597
Roman Bihun_127673,Roman Bihun,-2,0,38,45,-7,83,2021-09-03 21:50:00,526598
Bohdan Kohut_237554807,Bohdan Kohut,2,1,43,30,13,73,2021-09-03 21:50:00,526599
Valerii Melnyk_1249132100,Valerii Melnyk,-1,0,44,39,5,83,2021-09-03 21:55:00,526600
Anton Yolkin_127831,Anton Yolkin,-2,0,36,43,-7,79,2021-09-03 21:55:00,526601
Andrej Grossu_127805,Andrej Grossu,1,1,47,46,1,93,2021-09-03 22:00:00,526602
Vitalii Lievshin_2018007065,Vitalii Lievshin,-1,0,47,51,-4,98,2021-09-03 22:00:00,526603
Sergii Skhabitskiy_127688,Sergii Skhabitskiy,-1,0,43,45,-2,88,2021-09-03 22:00:00,526604
P Bradac_23492,P Bradac,-1,0,52,54,-2,106,2021-09-03 22:01:00,526605
Serhii Matviienko_345793524,Serhii Matviienko,3,1,33,16,17,49,2021-09-03 22:05:00,526606
Oleksandr Kovalchuk_127703,Oleksandr Kovalchuk,-2,0,33,42,-9,75,2021-09-03 22:05:00,526607
Oleksandr Mishchenko_128252,Oleksandr Mishchenko,-3,0,17,33,-16,50,2021-09-03 22:10:00,526608
Vadym Nechyporuk_607700166,Vadym Nechyporuk,3,1,34,22,12,56,2021-09-03 22:10:00,526609
S Kuzmin_105101,S Kuzmin,1,1,50,46,4,96,2021-09-03 22:12:00,526610
Vasyl Verbianyi_623344567,Vasyl Verbianyi,1,1,58,49,9,107,2021-09-03 22:15:00,526611
V Shirokov_105142,V Shirokov,2,1,45,37,8,82,2021-09-03 22:15:00,526612
Viktor Volkovskyi_127733,Viktor Volkovskyi,-3,0,17,33,-16,50,2021-09-03 22:15:00,526613
I Soldatov_105057,I Soldatov,3,1,33,17,16,50,2021-09-03 22:15:00,526614
Anatolii Levshyn_127744,Anatolii Levshyn,-1,0,47,47,0,94,2021-09-03 22:20:00,526615
Maksym Studinikin_127674,Maksym Studinikin,2,1,45,39,6,84,2021-09-03 22:20:00,526616
Valentin Zaichenko_49461583,Valentin Zaichenko,1,1,52,45,7,97,2021-09-03 22:20:00,526617
Dmytro Yaremchuk_970533728,Dmytro Yaremchuk,-1,0,53,57,-4,110,2021-09-03 22:25:00,526618
Oleksandr Tuzhylin_1669396992,Oleksandr Tuzhylin,3,1,33,24,9,57,2021-09-03 22:30:00,526619
Andrii Martyniuk_127689,Andrii Martyniuk,-1,0,46,46,0,92,2021-09-03 22:30:00,526620
Martin Stusek_127806,Martin Stusek,-3,0,14,33,-19,47,2021-09-03 22:30:00,526621
Serhii Tkachev_127704,Serhii Tkachev,-2,0,27,41,-14,68,2021-09-03 22:35:00,526622
Jr. Mecl_23493,Jr. Mecl,-1,0,44,48,-4,92,2021-09-03 22:35:00,526623
Nazarii Hrytsyienko_1184071508,Nazarii Hrytsyienko,3,1,36,29,7,65,2021-09-03 22:45:00,526624
D Tikhnenko_105102,D Tikhnenko,-2,0,30,42,-12,72,2021-09-03 22:45:00,526625
Serhii Solomko_127734,Serhii Solomko,2,1,41,28,13,69,2021-09-03 22:45:00,526626
Denys Matvieiev_128253,Denys Matvieiev,1,1,49,43,6,92,2021-09-03 22:45:00,526627
E Markelov_105291,E Markelov,-2,0,44,48,-4,92,2021-09-03 22:46:00,526628
A Innazarov_105293,A Innazarov,-3,0,26,36,-10,62,2021-09-03 22:46:00,526629
Roman Bihun_127675,Roman Bihun,-3,0,22,33,-11,55,2021-09-03 22:50:00,526630
Oleksandr Ivashkin_127745,Oleksandr Ivashkin,2,1,39,31,8,70,2021-09-03 22:50:00,526631
Martin Stusek_127807,Martin Stusek,-2,0,36,36,0,72,2021-09-03 23:00:00,526632
Dmytro Yaremchuk_827569096,Dmytro Yaremchuk,2,1,41,30,11,71,2021-09-03 23:00:00,526633
Sergii Skhabitskiy_127690,Sergii Skhabitskiy,-1,0,41,46,-5,87,2021-09-03 23:00:00,526634
Oleksandr Kovalchuk_127705,Oleksandr Kovalchuk,2,1,39,35,4,74,2021-09-03 23:05:00,526635
Bohdan Kohut_341297241,Bohdan Kohut,-2,0,34,41,-7,75,2021-09-03 23:05:00,526636
F Pusch_23494,F Pusch,2,1,43,32,11,75,2021-09-03 23:06:00,526637
S Kuzmin_105295,S Kuzmin,-2,0,38,44,-6,82,2021-09-03 23:08:00,526638
Viktor Volkovskyi_127818,Viktor Volkovskyi,3,1,33,18,15,51,2021-09-03 23:15:00,526639
Anton Yolkin_128254,Anton Yolkin,-1,0,40,45,-5,85,2021-09-03 23:15:00,526640
P Pinkovskii_105294,P Pinkovskii,2,1,38,29,9,67,2021-09-03 23:15:00,526641
S Nikulin_105292,S Nikulin,-3,0,19,34,-15,53,2021-09-03 23:17:00,526642
Vitali Rychkou_2125346018,Vitali Rychkou,3,1,34,22,12,56,2021-09-03 23:20:00,526643
Denys Kvyk_127676,Denys Kvyk,2,1,44,33,11,77,2021-09-03 23:20:00,526644
Mykola Korniienko_127746,Mykola Korniienko,-1,0,44,48,-4,92,2021-09-03 23:20:00,526645
Valeriy Kolesnykov_127691,Valeriy Kolesnykov,3,1,33,22,11,55,2021-09-03 23:30:00,526646
Jr. Obeslo_23495,Jr. Obeslo,-1,0,38,47,-9,85,2021-09-03 23:30:00,526647
Andrej Grossu_127808,Andrej Grossu,-2,0,34,49,-15,83,2021-09-03 23:30:00,526648
Andrii Kovrikov_127706,Andrii Kovrikov,2,1,42,27,15,69,2021-09-03 23:35:00,526649
Oleh Obidnyi_1940566213,Oleh Obidnyi,1,1,49,42,7,91,2021-09-03 23:35:00,526650
D Tikhnenko_105296,D Tikhnenko,1,1,48,41,7,89,2021-09-03 23:37:00,526651
Valerii Hries_127819,Valerii Hries,-3,0,21,33,-12,54,2021-09-03 23:45:00,526652
Viktor Trachuk_1101895447,Viktor Trachuk,2,1,41,34,7,75,2021-09-03 23:45:00,526653
O Kutuzov_105058,O Kutuzov,-1,0,42,49,-7,91,2021-09-03 23:46:00,526654
R Pavlenko_105143,R Pavlenko,-3,0,21,33,-12,54,2021-09-03 23:46:00,526655
Vadym Bochkovskyi_127747,Vadym Bochkovskyi,2,1,41,39,2,80,2021-09-03 23:50:00,526656
A Fedosov_109267,A Fedosov,-2,0,35,41,-6,76,2021-09-04 00:01:00,526657
Yevhen Ivanov_136769,Yevhen Ivanov,3,1,35,19,16,54,2021-09-04 00:05:00,526658
Nazarii Kovalchuk_267244287,Nazarii Kovalchuk,2,1,42,34,8,76,2021-09-04 00:05:00,526659
E Kalashnikov_109301,E Kalashnikov,-1,0,44,45,-1,89,2021-09-04 00:15:00,526660
Andrii Tsikhotskyi_563411799,Andrii Tsikhotskyi,2,1,44,40,4,84,2021-09-04 00:15:00,526661
E Ilyukhin_109227,E Ilyukhin,2,1,43,26,17,69,2021-09-04 00:15:00,526662
Denys Pesternikov_136752,Denys Pesternikov,1,1,50,49,1,99,2021-09-04 00:20:00,526663
Tomas Kanka_137234,Tomas Kanka,-1,0,42,48,-6,90,2021-09-04 00:20:00,526664
Oleksandr Ivashkin_136754,Oleksandr Ivashkin,-2,0,35,40,-5,75,2021-09-04 00:25:00,526665
M Bittner_24526,M Bittner,-3,0,17,33,-16,50,2021-09-04 00:30:00,526666
D Sayanov_109268,D Sayanov,3,1,34,27,7,61,2021-09-04 00:33:00,526667
Oleksandr Shkurupii_702872548,Oleksandr Shkurupii,3,1,33,22,11,55,2021-09-04 00:35:00,526668
Dmitriy Pereyaslovskyi_136770,Dmitriy Pereyaslovskyi,-1,0,53,55,-2,108,2021-09-04 00:35:00,526669
A Volkov_109302,A Volkov,3,1,38,32,6,70,2021-09-04 00:45:00,526670
Serhii Hilitukha_1126859723,Serhii Hilitukha,1,1,49,50,-1,99,2021-09-04 00:45:00,526671
D Evlahin_109228,D Evlahin,-3,0,16,33,-17,49,2021-09-04 00:48:00,526672
Serhii Nemtsov_136753,Serhii Nemtsov,-2,0,31,37,-6,68,2021-09-04 00:50:00,526673
Petr Kubat_137235,Petr Kubat,-2,0,40,43,-3,83,2021-09-04 00:50:00,526674
Andrii Kovrikov_136755,Andrii Kovrikov,1,1,42,43,-1,85,2021-09-04 00:55:00,526675
D Ignatev_109269,D Ignatev,2,1,40,19,21,59,2021-09-04 01:00:00,526676
Oleksandr Levadnyi_1610527876,Oleksandr Levadnyi,1,1,47,45,2,92,2021-09-04 01:05:00,526677
Vitalii Kobets_136771,Vitalii Kobets,1,1,50,46,4,96,2021-09-04 01:05:00,526678
Yu Merkushin_109303,Yu Merkushin,-3,0,20,33,-13,53,2021-09-04 01:15:00,526679
Vitaliy Pinchuk_462410452,Vitaliy Pinchuk,2,1,42,33,9,75,2021-09-04 01:15:00,526680
D Molodtsov_109229,D Molodtsov,-1,0,45,44,1,89,2021-09-04 01:16:00,526681
Roman Malynka_136756,Roman Malynka,3,1,34,25,9,59,2021-09-04 01:25:00,526682
A Fedosov_109270,A Fedosov,3,1,33,26,7,59,2021-09-04 01:31:00,526683
Dmitriy Pereyaslovskyi_136772,Dmitriy Pereyaslovskyi,-1,0,43,46,-3,89,2021-09-04 01:35:00,526684
Nazarii Kovalchuk_1261453498,Nazarii Kovalchuk,1,1,53,44,9,97,2021-09-04 01:35:00,526685
E Ilyukhin_109230,E Ilyukhin,2,1,40,27,13,67,2021-09-04 01:45:00,526686
Andrii Tsikhotskyi_965754841,Andrii Tsikhotskyi,-1,0,46,44,2,90,2021-09-04 01:45:00,526687
E Kalashnikov_109304,E Kalashnikov,-1,0,42,47,-5,89,2021-09-04 01:47:00,526688
Andrii Kovrikov_136757,Andrii Kovrikov,1,1,49,46,3,95,2021-09-04 01:55:00,526689
D Ignatev_109271,D Ignatev,1,1,46,51,-5,97,2021-09-04 02:01:00,526690
Oleksandr Shkurupii_1494861460,Oleksandr Shkurupii,1,1,54,50,4,104,2021-09-04 02:05:00,526691
Yevhen Ivanov_136773,Yevhen Ivanov,2,1,47,42,5,89,2021-09-04 02:05:00,526692
Serhii Hilitukha_210039674,Serhii Hilitukha,3,1,37,26,11,63,2021-09-04 02:15:00,526693
Yu Merkushin_109305,Yu Merkushin,-2,0,34,44,-10,78,2021-09-04 02:17:00,526694
D Molodtsov_109231,D Molodtsov,-3,0,23,33,-10,56,2021-09-04 02:17:00,526695
Oleksandr Ivashkin_136758,Oleksandr Ivashkin,-2,0,39,41,-2,80,2021-09-04 02:25:00,526696
P Semeshin_109272,P Semeshin,2,1,43,34,9,77,2021-09-04 02:31:00,526697
Oleksandr Levadnyi_533721473,Oleksandr Levadnyi,2,1,36,35,1,71,2021-09-04 02:35:00,526698
Yurii Reva_136774,Yurii Reva,-1,0,43,43,0,86,2021-09-04 02:35:00,526699
Vitaliy Pinchuk_1264554139,Vitaliy Pinchuk,-1,0,50,45,5,95,2021-09-04 02:45:00,526700
O Shagarov_109306,O Shagarov,-1,0,40,50,-10,90,2021-09-04 02:46:00,526701
V Shirshov_109232,V Shirshov,-3,0,16,33,-17,49,2021-09-04 02:48:00,526702
Timur Voitekhov_136759,Timur Voitekhov,-1,0,48,46,2,94,2021-09-04 02:55:00,526703
D Sayanov_109273,D Sayanov,2,1,46,33,13,79,2021-09-04 03:02:00,526704
Vitalii Kobets_136775,Vitalii Kobets,-1,0,52,50,2,102,2021-09-04 03:05:00,526705
Nazarii Kovalchuk_1573321526,Nazarii Kovalchuk,-2,0,30,37,-7,67,2021-09-04 03:05:00,526706
D Evlahin_109233,D Evlahin,-1,0,49,49,0,98,2021-09-04 03:15:00,526707
Andrii Tsikhotskyi_380494703,Andrii Tsikhotskyi,2,1,41,39,2,80,2021-09-04 03:15:00,526708
A Volkov_109307,A Volkov,-2,0,42,49,-7,91,2021-09-04 03:17:00,526709
Roman Malynka_136760,Roman Malynka,1,1,48,48,0,96,2021-09-04 03:25:00,526710
N Sukharnikov_109274,N Sukharnikov,-1,0,41,48,-7,89,2021-09-04 03:31:00,526711
Dmitriy Pereyaslovskyi_136776,Dmitriy Pereyaslovskyi,-1,0,40,51,-11,91,2021-09-04 03:35:00,526712
Serhii Boiko_492003290,Serhii Boiko,1,1,51,46,5,97,2021-09-04 03:35:00,526713
Mykola Tovkach_1089015861,Mykola Tovkach,1,1,45,44,1,89,2021-09-04 03:45:00,526714
V Safonov_109308,V Safonov,-3,0,24,35,-11,59,2021-09-04 03:47:00,526715
V Chahur_109234,V Chahur,2,1,42,37,5,79,2021-09-04 03:48:00,526716
Andrii Kovrikov_136761,Andrii Kovrikov,1,1,43,48,-5,91,2021-09-04 03:55:00,526717
P Semeshin_109275,P Semeshin,-3,0,22,33,-11,55,2021-09-04 04:01:00,526718
Oleksandr Shkurupii_2048480254,Oleksandr Shkurupii,3,1,34,25,9,59,2021-09-04 04:05:00,526719
Yevhen Ivanov_136777,Yevhen Ivanov,1,1,46,47,-1,93,2021-09-04 04:05:00,526720
Serhii Hilitukha_1218325825,Serhii Hilitukha,2,1,38,34,4,72,2021-09-04 04:15:00,526721
O Shagarov_109309,O Shagarov,2,1,41,35,6,76,2021-09-04 04:16:00,526722
V Shirshov_109235,V Shirshov,-3,0,26,38,-12,64,2021-09-04 04:19:00,526723
Oleksandr Ivashkin_136762,Oleksandr Ivashkin,-3,0,17,33,-16,50,2021-09-04 04:25:00,526724
P Semeshin_109454,P Semeshin,1,1,49,39,10,88,2021-09-04 04:30:00,526725
Yurii Reva_136778,Yurii Reva,1,1,52,46,6,98,2021-09-04 04:35:00,526726
Oleksandr Levadnyi_1857580130,Oleksandr Levadnyi,3,1,33,23,10,56,2021-09-04 04:35:00,526727
D Evlahin_109457,D Evlahin,-1,0,37,54,-17,91,2021-09-04 04:44:00,526728
Mykola Tovkach_1089328336,Mykola Tovkach,1,1,53,47,6,100,2021-09-04 04:45:00,526729
Yu Merkushin_109458,Yu Merkushin,-3,0,25,33,-8,58,2021-09-04 04:51:00,526730
Timur Voitekhov_136763,Timur Voitekhov,2,1,40,30,10,70,2021-09-04 04:55:00,526731
D Sayanov_109455,D Sayanov,2,1,41,30,11,71,2021-09-04 05:01:00,526732
Oleksandr Shkurupii_2136050655,Oleksandr Shkurupii,-2,0,33,40,-7,73,2021-09-04 05:05:00,526733
Vitalii Kobets_136779,Vitalii Kobets,3,1,33,22,11,55,2021-09-04 05:05:00,526734
Andrii Tsikhotskyi_6183686,Andrii Tsikhotskyi,-3,0,24,33,-9,57,2021-09-04 05:15:00,526735
V Chahur_109456,V Chahur,2,1,38,31,7,69,2021-09-04 05:15:00,526736
O Shagarov_109459,O Shagarov,-1,0,43,53,-10,96,2021-09-04 05:16:00,526737
Roman Malynka_136764,Roman Malynka,-1,0,48,49,-1,97,2021-09-04 05:25:00,526738
Yevhen Ivanov_136780,Yevhen Ivanov,-2,0,35,42,-7,77,2021-09-04 05:35:00,526739
Oleksandr Ivashkin_136765,Oleksandr Ivashkin,-3,0,24,34,-10,58,2021-09-04 05:55:00,526740
Roman Yushko_136781,Roman Yushko,-2,0,35,40,-5,75,2021-09-04 06:05:00,526741
Ilya Kanunnikov_136766,Ilya Kanunnikov,1,1,47,45,2,92,2021-09-04 06:25:00,526742
Yevhen Ivanov_136782,Yevhen Ivanov,-1,0,45,46,-1,91,2021-09-04 06:35:00,526743
Oleksandr Ivashkin_136767,Oleksandr Ivashkin,-2,0,35,47,-12,82,2021-09-04 06:55:00,526744
Dmitriy Pereyaslovskyi_136783,Dmitriy Pereyaslovskyi,1,1,46,36,10,82,2021-09-04 07:05:00,526745
Andrii Kovrikov_136768,Andrii Kovrikov,-2,0,27,35,-8,62,2021-09-04 07:25:00,526746
I Sergeevich_109370,I Sergeevich,-3,0,14,33,-19,47,2021-09-04 07:43:00,526747
A Arutiunyan_109408,A Arutiunyan,-3,0,23,33,-10,56,2021-09-04 07:46:00,526748
S Nikulin_109334,S Nikulin,-2,0,28,38,-10,66,2021-09-04 07:48:00,526749
Bohdan Chaikovskyi_137224,Bohdan Chaikovskyi,2,1,39,32,7,71,2021-09-04 07:50:00,526750
Vadym Komar_1041987554,Vadym Komar,-2,0,30,44,-14,74,2021-09-04 07:50:00,526751
Vladyslav Volokhov_1548092064,Vladyslav Volokhov,2,1,43,39,4,82,2021-09-04 07:55:00,526752
Mykola Odarenko_137158,Mykola Odarenko,3,1,33,16,17,49,2021-09-04 08:00:00,526753
P Vshivkov_109371,P Vshivkov,1,1,50,50,0,100,2021-09-04 08:01:00,526754
Vitalii Sydorenko_136952,Vitalii Sydorenko,-2,0,35,40,-5,75,2021-09-04 08:05:00,526755
Dmytro Lazuryk_137210,Dmytro Lazuryk,-1,0,50,54,-4,104,2021-09-04 08:10:00,526756
Viktor Bereza_136979,Viktor Bereza,3,1,36,22,14,58,2021-09-04 08:15:00,526757
O Nikiforov_109409,O Nikiforov,2,1,37,29,8,66,2021-09-04 08:17:00,526758
N Lyfenko_109335,N Lyfenko,3,1,34,24,10,58,2021-09-04 08:17:00,526759
Volodymyr Okopnyi_137225,Volodymyr Okopnyi,-2,0,25,43,-18,68,2021-09-04 08:20:00,526760
Ruslan Hripun_1723908093,Ruslan Hripun,2,1,43,36,7,79,2021-09-04 08:25:00,526761
Ivan Panchenko_137159,Ivan Panchenko,-2,0,29,40,-11,69,2021-09-04 08:30:00,526762
Ivan Fashchevskyi_1927203889,Ivan Fashchevskyi,3,1,33,22,11,55,2021-09-04 08:30:00,526763
A Andreev_109372,A Andreev,-3,0,19,33,-14,52,2021-09-04 08:33:00,526764
Anton Veliiev_585377995,Anton Veliiev,-3,0,32,38,-6,70,2021-09-04 08:35:00,526765
Volodymyr Tymchenko_136953,Volodymyr Tymchenko,-1,0,47,48,-1,95,2021-09-04 08:35:00,526766
Vladyslav Mishchenko_137211,Vladyslav Mishchenko,-2,0,33,45,-12,78,2021-09-04 08:40:00,526767
Serhii Matviienko_1713869466,Serhii Matviienko,-1,0,45,49,-4,94,2021-09-04 08:40:00,526768
Vasyl Kondratenko_136980,Vasyl Kondratenko,-2,0,27,41,-14,68,2021-09-04 08:45:00,526769
Igor Vatsyn_1012707879,Igor Vatsyn,-3,0,19,33,-14,52,2021-09-04 08:45:00,526770
D Petrochenko_109336,D Petrochenko,-2,0,35,43,-8,78,2021-09-04 08:46:00,526771
I Poletaev_109410,I Poletaev,2,1,43,37,6,80,2021-09-04 08:47:00,526772
Bohdan Chaikovskyi_137226,Bohdan Chaikovskyi,3,1,33,21,12,54,2021-09-04 08:50:00,526773
Oleksandr Oleskevych_136989,Oleksandr Oleskevych,-1,0,52,53,-1,105,2021-09-04 08:50:00,526774
Vasyl Verbianyi_652924886,Vasyl Verbianyi,2,1,42,33,9,75,2021-09-04 08:50:00,526775
Denys Vakulenko_418841374,Denys Vakulenko,-1,0,34,48,-14,82,2021-09-04 08:55:00,526776
Michael Rikun_360927049,Michael Rikun,-1,0,45,43,2,88,2021-09-04 08:55:00,526777
Valerii Onykyienko_137175,Valerii Onykyienko,-1,0,41,44,-3,85,2021-09-04 08:55:00,526778
Vojtech Koutnik_137126,Vojtech Koutnik,-1,0,49,51,-2,100,2021-09-04 09:00:00,526779
Mykola Odarenko_137160,Mykola Odarenko,1,1,55,50,5,105,2021-09-04 09:00:00,526780
Oleksii Metla_2116823368,Oleksii Metla,-2,0,30,39,-9,69,2021-09-04 09:00:00,526781
V Selkin_109373,V Selkin,1,1,52,37,15,89,2021-09-04 09:01:00,526782
M-n Regner_24496,M-n Regner,-2,0,42,44,-2,86,2021-09-04 09:02:00,526783
Oleksii Korobov_136954,Oleksii Korobov,-2,0,47,52,-5,99,2021-09-04 09:05:00,526784
Oleh Stasevskyi_507545378,Oleh Stasevskyi,-3,0,21,34,-13,55,2021-09-04 09:05:00,526785
Dmytro Lazuryk_137212,Dmytro Lazuryk,-2,0,32,41,-9,73,2021-09-04 09:10:00,526786
Vladyslav Batenko_8291032,Vladyslav Batenko,3,1,33,21,12,54,2021-09-04 09:10:00,526787
Mykhailo Sokur_347927290,Mykhailo Sokur,-2,0,34,42,-8,76,2021-09-04 09:15:00,526788
V Tsvetkov_109411,V Tsvetkov,-1,0,45,50,-5,95,2021-09-04 09:15:00,526789
Viktor Bereza_136981,Viktor Bereza,-1,0,51,53,-2,104,2021-09-04 09:15:00,526790
D Razinkov_109337,D Razinkov,3,1,33,9,24,42,2021-09-04 09:16:00,526791
Igor Demchuk_1034267732,Igor Demchuk,-1,0,48,51,-3,99,2021-09-04 09:20:00,526792
Denys Pesternikov_136990,Denys Pesternikov,-2,0,33,37,-4,70,2021-09-04 09:20:00,526793
Volodymyr Kuzmych_137227,Volodymyr Kuzmych,1,1,49,47,2,96,2021-09-04 09:20:00,526794
Andrii Hrytsai_137176,Andrii Hrytsai,1,1,48,48,0,96,2021-09-04 09:25:00,526795
Nazarii Danyliuk_1433808430,Nazarii Danyliuk,3,1,37,29,8,66,2021-09-04 09:25:00,526796
Eduard Rubtsov_1317060397,Eduard Rubtsov,3,1,33,16,17,49,2021-09-04 09:30:00,526797
Martin Prusa_137127,Martin Prusa,-3,0,27,37,-10,64,2021-09-04 09:30:00,526798
Andriy Bugay_688410996,Andriy Bugay,-2,0,37,44,-7,81,2021-09-04 09:30:00,526799
Oleksandr Kochetkov_136945,Oleksandr Kochetkov,3,1,33,18,15,51,2021-09-04 09:30:00,526800
J Svec_24497,J Svec,3,1,33,18,15,51,2021-09-04 09:31:00,526801
A Andreev_109374,A Andreev,1,1,49,50,-1,99,2021-09-04 09:35:00,526802
Vadym Komar_227835388,Vadym Komar,-2,0,34,43,-9,77,2021-09-04 09:35:00,526803
Volodymyr Tymchenko_136955,Volodymyr Tymchenko,-1,0,43,45,-2,88,2021-09-04 09:35:00,526804
Vladyslav Volokhov_1496372382,Vladyslav Volokhov,-3,0,21,33,-12,54,2021-09-04 09:40:00,526805
Oleksandr Zhyrnov_137213,Oleksandr Zhyrnov,2,1,40,37,3,77,2021-09-04 09:40:00,526806
Anton Veliiev_1328533267,Anton Veliiev,2,1,42,39,3,81,2021-09-04 09:45:00,526807
Yaroslav Tkachenko_136982,Yaroslav Tkachenko,1,1,49,38,11,87,2021-09-04 09:45:00,526808
I Poletaev_109412,I Poletaev,-1,0,43,42,1,85,2021-09-04 09:47:00,526809
D Petrochenko_109338,D Petrochenko,-3,0,12,33,-21,45,2021-09-04 09:47:00,526810
Oleksandr Oleskevych_136991,Oleksandr Oleskevych,1,1,51,37,14,88,2021-09-04 09:50:00,526811
Volodymyr Okopnyi_137228,Volodymyr Okopnyi,-3,0,22,33,-11,55,2021-09-04 09:50:00,526812
Mykhailo Sokur_89961598,Mykhailo Sokur,-1,0,48,44,4,92,2021-09-04 09:50:00,526813
Igor Vatsyn_549394144,Igor Vatsyn,-2,0,36,41,-5,77,2021-09-04 09:55:00,526814
Oleksandr Melashenko_137177,Oleksandr Melashenko,3,1,39,32,7,71,2021-09-04 09:55:00,526815
O Kucirek_24498,O Kucirek,-2,0,37,41,-4,78,2021-09-04 09:59:00,526816
Ivan Panchenko_137161,Ivan Panchenko,-2,0,25,36,-11,61,2021-09-04 10:00:00,526817
Vasyl Verbianyi_1851553255,Vasyl Verbianyi,-3,0,23,34,-11,57,2021-09-04 10:00:00,526818
Martin Prusa_137128,Martin Prusa,-2,0,30,38,-8,68,2021-09-04 10:00:00,526819
P Vshivkov_109375,P Vshivkov,-1,0,46,46,0,92,2021-09-04 10:02:00,526820
Denys Vakulenko_1845319235,Denys Vakulenko,1,1,50,36,14,86,2021-09-04 10:05:00,526821
Vitalii Sydorenko_136956,Vitalii Sydorenko,-3,0,16,37,-21,53,2021-09-04 10:05:00,526822
Michael Rikun_795428156,Michael Rikun,-1,0,39,53,-14,92,2021-09-04 10:05:00,526823
Vladyslav Mishchenko_137214,Vladyslav Mishchenko,-3,0,23,36,-13,59,2021-09-04 10:10:00,526824
Oleksii Metla_438269796,Oleksii Metla,-1,0,48,55,-7,103,2021-09-04 10:10:00,526825
N Lyfenko_109339,N Lyfenko,-2,0,38,44,-6,82,2021-09-04 10:15:00,526826
Oleh Stasevskyi_1825429038,Oleh Stasevskyi,2,1,43,42,1,85,2021-09-04 10:15:00,526827
Vasyl Kondratenko_136983,Vasyl Kondratenko,1,1,48,37,11,85,2021-09-04 10:15:00,526828
O Nikiforov_109413,O Nikiforov,3,1,33,20,13,53,2021-09-04 10:16:00,526829
Andrii Herasymenko_657411732,Andrii Herasymenko,2,1,46,33,13,79,2021-09-04 10:20:00,526830
Andrii Lukatskyi_136992,Andrii Lukatskyi,-2,0,39,43,-4,82,2021-09-04 10:20:00,526831
Andrii Hrytsai_137178,Andrii Hrytsai,-3,0,17,33,-16,50,2021-09-04 10:25:00,526832
Serhii Matviienko_1137480963,Serhii Matviienko,-1,0,44,47,-3,91,2021-09-04 10:25:00,526833
Viktor Bosak_1850497262,Viktor Bosak,2,1,49,45,4,94,2021-09-04 10:30:00,526834
Z Kasinski_24499,Z Kasinski,1,1,52,52,0,104,2021-09-04 10:30:00,526835
Vojtech Koutnik_137129,Vojtech Koutnik,-2,0,35,43,-8,78,2021-09-04 10:30:00,526836
Mykola Odarenko_137162,Mykola Odarenko,-2,0,37,46,-9,83,2021-09-04 10:30:00,526837
Ruslan Tolstykh_136957,Ruslan Tolstykh,2,1,49,42,7,91,2021-09-04 10:35:00,526838
Nazarii Danyliuk_1058556772,Nazarii Danyliuk,3,1,35,21,14,56,2021-09-04 10:35:00,526839
Eduard Rubtsov_762048288,Eduard Rubtsov,2,1,45,35,10,80,2021-09-04 10:40:00,526840
Andriy Bugay_433429506,Andriy Bugay,-3,0,26,35,-9,61,2021-09-04 10:40:00,526841
Dmytro Lazuryk_137215,Dmytro Lazuryk,1,1,51,50,1,101,2021-09-04 10:40:00,526842
A Andreev_109464,A Andreev,-3,0,26,34,-8,60,2021-09-04 10:44:00,526843
Viktor Bereza_136984,Viktor Bereza,-3,0,19,33,-14,52,2021-09-04 10:45:00,526844
A Arutiunyan_109460,A Arutiunyan,2,1,42,34,8,76,2021-09-04 10:45:00,526845
Dmytro Derevinskyi_294739388,Dmytro Derevinskyi,-1,0,45,48,-3,93,2021-09-04 10:45:00,526846
D Petrochenko_109462,D Petrochenko,-1,0,41,46,-5,87,2021-09-04 10:46:00,526847
Ihor Kuznetsov_219923558,Ihor Kuznetsov,2,1,34,38,-4,72,2021-09-04 10:50:00,526848
Denys Pesternikov_136993,Denys Pesternikov,-1,0,42,53,-11,95,2021-09-04 10:50:00,526849
Vladyslav Batenko_1259893144,Vladyslav Batenko,3,1,33,20,13,53,2021-09-04 10:55:00,526850
Valerii Onykyienko_137179,Valerii Onykyienko,-3,0,23,37,-14,60,2021-09-04 10:55:00,526851
Ivan Panchenko_137163,Ivan Panchenko,2,1,39,29,10,68,2021-09-04 11:00:00,526852
Martin Filipek_137130,Martin Filipek,-2,0,35,42,-7,77,2021-09-04 11:00:00,526853
Serhii Gergeliuk_1140596891,Serhii Gergeliuk,1,1,44,40,4,84,2021-09-04 11:00:00,526854
O Kucirek_24500,O Kucirek,-2,0,25,38,-13,63,2021-09-04 11:02:00,526855
I Sergeevich_109465,I Sergeevich,-1,0,49,48,1,97,2021-09-04 11:03:00,526856
Igor Demchuk_627796321,Igor Demchuk,-1,0,40,53,-13,93,2021-09-04 11:05:00,526857
Oleksii Korobov_136958,Oleksii Korobov,2,1,39,34,5,73,2021-09-04 11:05:00,526858
Vasyl Verbianyi_1598436226,Vasyl Verbianyi,-1,0,51,50,1,101,2021-09-04 11:10:00,526859
Vladyslav Mishchenko_137216,Vladyslav Mishchenko,3,1,33,18,15,51,2021-09-04 11:10:00,526860
Denys Vakulenko_855138299,Denys Vakulenko,2,1,43,30,13,73,2021-09-04 11:15:00,526861
S Nikulin_109463,S Nikulin,2,1,41,32,9,73,2021-09-04 11:15:00,526862
Vasyl Kondratenko_136985,Vasyl Kondratenko,1,1,49,48,1,97,2021-09-04 11:15:00,526863
Michael Rikun_1030805421,Michael Rikun,-1,0,44,50,-6,94,2021-09-04 11:15:00,526864
V Tsvetkov_109461,V Tsvetkov,-3,0,24,33,-9,57,2021-09-04 11:16:00,526865
Oleksandr Oleskevych_136994,Oleksandr Oleskevych,-3,0,18,33,-15,51,2021-09-04 11:20:00,526866
Ruslan Hripun_354728922,Ruslan Hripun,1,1,47,40,7,87,2021-09-04 11:20:00,526867
Oleh Skoryk_137180,Oleh Skoryk,2,1,44,38,6,82,2021-09-04 11:25:00,526868
Ivan Fashchevskyi_452231956,Ivan Fashchevskyi,3,1,33,22,11,55,2021-09-04 11:25:00,526869
Anton Veliiev_332260889,Anton Veliiev,-1,0,48,53,-5,101,2021-09-04 11:30:00,526870
Oleksandr Kochetkov_136949,Oleksandr Kochetkov,3,1,33,24,9,57,2021-09-04 11:30:00,526871
Vojtech Koutnik_137131,Vojtech Koutnik,3,1,35,26,9,61,2021-09-04 11:30:00,526872
J Svec_24501,J Svec,3,1,33,11,22,44,2021-09-04 11:31:00,526873
Serhii Matviienko_198835732,Serhii Matviienko,3,1,34,21,13,55,2021-09-04 11:35:00,526874
Volodymyr Tymchenko_136959,Volodymyr Tymchenko,2,1,43,37,6,80,2021-09-04 11:35:00,526875
V Kutin_109376,V Kutin,-1,0,44,51,-7,95,2021-09-04 11:37:00,526876
Oleksandr Zhyrnov_137217,Oleksandr Zhyrnov,-1,0,45,57,-12,102,2021-09-04 11:40:00,526877
Igor Vatsyn_1229968788,Igor Vatsyn,-2,0,38,43,-5,81,2021-09-04 11:40:00,526878
A Slachshilin_109414,A Slachshilin,-3,0,13,33,-20,46,2021-09-04 11:45:00,526879
Volodymyr Plishylo_1848913614,Volodymyr Plishylo,3,1,33,21,12,54,2021-09-04 11:45:00,526880
Yaroslav Tkachenko_136986,Yaroslav Tkachenko,1,1,49,39,10,88,2021-09-04 11:45:00,526881
O Kutuzov_109340,O Kutuzov,3,1,36,20,16,56,2021-09-04 11:47:00,526882
Aleksandr Redkov_1098121766,Aleksandr Redkov,-1,0,48,49,-1,97,2021-09-04 11:50:00,526883
Denys Pesternikov_136995,Denys Pesternikov,-1,0,43,51,-8,94,2021-09-04 11:50:00,526884
Andrii Kostiuk_1031995177,Andrii Kostiuk,1,1,52,36,16,88,2021-09-04 11:50:00,526885
Vadym Komar_686984746,Vadym Komar,-2,0,37,42,-5,79,2021-09-04 11:55:00,526886
Oleksandr Melashenko_137181,Oleksandr Melashenko,1,1,43,38,5,81,2021-09-04 11:55:00,526887
O Kucirek_24527,O Kucirek,-2,0,35,40,-5,75,2021-09-04 11:59:00,526888
Mykola Odarenko_137164,Mykola Odarenko,-1,0,39,50,-11,89,2021-09-04 12:00:00,526889
Martin Prusa_137236,Martin Prusa,3,1,33,23,10,56,2021-09-04 12:00:00,526890
Vladyslav Volokhov_702493341,Vladyslav Volokhov,-2,0,29,42,-13,71,2021-09-04 12:00:00,526891
Andrii Herasymenko_270542457,Andrii Herasymenko,-2,0,36,38,-2,74,2021-09-04 12:05:00,526892
Vitalii Sydorenko_136960,Vitalii Sydorenko,2,1,41,37,4,78,2021-09-04 12:05:00,526893
A Kazakov_109377,A Kazakov,3,1,33,20,13,53,2021-09-04 12:08:00,526894
Dmytro Lazuryk_137218,Dmytro Lazuryk,1,1,45,45,0,90,2021-09-04 12:10:00,526895
Vladyslav Ivanchatenko_956419901,Vladyslav Ivanchatenko,-1,0,40,46,-6,86,2021-09-04 12:10:00,526896
Ya Bazhinov_109415,Ya Bazhinov,3,1,34,23,11,57,2021-09-04 12:14:00,526897
Viktor Bereza_136987,Viktor Bereza,3,1,35,29,6,64,2021-09-04 12:15:00,526898
Viktor Bosak_1384837268,Viktor Bosak,3,1,34,18,16,52,2021-09-04 12:15:00,526899
P Medvedev_109341,P Medvedev,-3,0,25,37,-12,62,2021-09-04 12:16:00,526900
Andrii Hordii_1087646295,Andrii Hordii,-2,0,40,40,0,80,2021-09-04 12:20:00,526901
Andrii Lukatskyi_136996,Andrii Lukatskyi,-1,0,37,49,-12,86,2021-09-04 12:20:00,526902
Andrii Hrytsai_137182,Andrii Hrytsai,-2,0,33,42,-9,75,2021-09-04 12:25:00,526903
Denys Vakulenko_806119344,Denys Vakulenko,3,1,35,27,8,62,2021-09-04 12:25:00,526904
Michael Rikun_1390509655,Michael Rikun,-1,0,49,46,3,95,2021-09-04 12:25:00,526905
A Mohnachev_109378,A Mohnachev,2,1,44,37,7,81,2021-09-04 12:30:00,526906
Sebastian Ghariani_137237,Sebastian Ghariani,3,1,34,22,12,56,2021-09-04 12:30:00,526907
Vladimir Andrievskiy_136951,Vladimir Andrievskiy,-3,0,16,33,-17,49,2021-09-04 12:30:00,526908
Serhii Kubrak_1578745529,Serhii Kubrak,-1,0,40,54,-14,94,2021-09-04 12:30:00,526909
J Svec_24528,J Svec,2,1,35,34,1,69,2021-09-04 12:30:00,526910
Ruslan Tolstykh_136961,Ruslan Tolstykh,3,1,33,14,19,47,2021-09-04 12:35:00,526911
Mykola Zakladnyi_1997837368,Mykola Zakladnyi,-2,0,32,43,-11,75,2021-09-04 12:35:00,526912
Illia Valchuk_137219,Illia Valchuk,-1,0,48,55,-7,103,2021-09-04 12:40:00,526913
Vladyslav Batenko_207471560,Vladyslav Batenko,-2,0,41,44,-3,85,2021-09-04 12:40:00,526914
V Beliakov_109342,V Beliakov,1,1,49,50,-1,99,2021-09-04 12:45:00,526915
Serhii Matviienko_105622112,Serhii Matviienko,1,1,51,43,8,94,2021-09-04 12:45:00,526916
O Nikiforov_109416,O Nikiforov,-3,0,26,34,-8,60,2021-09-04 12:45:00,526917
Ihor Dmytruk_136988,Ihor Dmytruk,-1,0,45,46,-1,91,2021-09-04 12:45:00,526918
Oleksandr Oleskevych_136997,Oleksandr Oleskevych,-1,0,43,48,-5,91,2021-09-04 12:50:00,526919
Igor Demchuk_931546261,Igor Demchuk,3,1,39,32,7,71,2021-09-04 12:50:00,526920
Valerii Onykyienko_137183,Valerii Onykyienko,3,1,33,18,15,51,2021-09-04 12:55:00,526921
Vasyl Verbianyi_281209790,Vasyl Verbianyi,-3,0,29,36,-7,65,2021-09-04 12:55:00,526922
Jiri Cermak_137132,Jiri Cermak,1,1,55,44,11,99,2021-09-04 13:00:00,526923
J Vojtech_24502,J Vojtech,-1,0,45,48,-3,93,2021-09-04 13:00:00,526924
Ivan Panchenko_137254,Ivan Panchenko,3,1,33,20,13,53,2021-09-04 13:00:00,526925
Andriy Bugay_2005437546,Andriy Bugay,-3,0,24,34,-10,58,2021-09-04 13:00:00,526926
Eduard Rubtsov_188858919,Eduard Rubtsov,2,1,42,28,14,70,2021-09-04 13:00:00,526927
Yu Lbov_109379,Yu Lbov,-1,0,41,42,-1,83,2021-09-04 13:01:00,526928
Oleksii Metla_1937639958,Oleksii Metla,3,1,33,17,16,50,2021-09-04 13:05:00,526929
Oleksii Korobov_136962,Oleksii Korobov,1,1,45,42,3,87,2021-09-04 13:05:00,526930
Oleh Stasevskyi_1085744292,Oleh Stasevskyi,1,1,52,40,12,92,2021-09-04 13:10:00,526931
Dmytro Halai_1449870550,Dmytro Halai,-1,0,52,50,2,102,2021-09-04 13:15:00,526932
V Evlampiev_109417,V Evlampiev,2,1,43,34,9,77,2021-09-04 13:16:00,526933
I Mihaylov_109343,I Mihaylov,3,1,33,19,14,52,2021-09-04 13:19:00,526934
Volodymyr Voronenkov_136998,Volodymyr Voronenkov,-3,0,26,33,-7,59,2021-09-04 13:20:00,526935
Oleksandr Zhyrnov_137405,Oleksandr Zhyrnov,3,1,36,21,15,57,2021-09-04 13:20:00,526936
Serhii Matviienko_2136022767,Serhii Matviienko,3,1,33,17,16,50,2021-09-04 13:20:00,526937
Volodymyr Tuchkevych_263034470,Volodymyr Tuchkevych,-1,0,51,49,2,100,2021-09-04 13:25:00,526938
Oleh Skoryk_137184,Oleh Skoryk,-1,0,54,47,7,101,2021-09-04 13:25:00,526939
Andrii Hordii_1335224138,Andrii Hordii,-3,0,22,33,-11,55,2021-09-04 13:30:00,526940
Yaroslav Tkachenko_137461,Yaroslav Tkachenko,2,1,46,37,9,83,2021-09-04 13:30:00,526941
Oleksandr Durduka_137255,Oleksandr Durduka,2,1,39,32,7,71,2021-09-04 13:30:00,526942
Ondrej Malecek_137133,Ondrej Malecek,1,1,48,45,3,93,2021-09-04 13:30:00,526943
O Janku_24503,O Janku,2,1,38,37,1,75,2021-09-04 13:31:00,526944
A Mohnachev_109380,A Mohnachev,2,1,40,35,5,75,2021-09-04 13:34:00,526945
Michael Rikun_1944551260,Michael Rikun,2,1,41,38,3,79,2021-09-04 13:35:00,526946
Denys Vakulenko_696196131,Denys Vakulenko,1,1,45,40,5,85,2021-09-04 13:35:00,526947
Vitalii Sydorenko_136963,Vitalii Sydorenko,1,1,50,40,10,90,2021-09-04 13:35:00,526948
Ruslan Hripun_918923424,Ruslan Hripun,1,1,46,42,4,88,2021-09-04 13:40:00,526949
V Beliakov_109344,V Beliakov,1,1,57,49,8,106,2021-09-04 13:45:00,526950
Ivan Fashchevskyi_1211995289,Ivan Fashchevskyi,-3,0,22,33,-11,55,2021-09-04 13:45:00,526951
Anton Veliiev_618270267,Anton Veliiev,2,1,44,32,12,76,2021-09-04 13:50:00,526952
Rodion Kapinus_137406,Rodion Kapinus,1,1,52,44,8,96,2021-09-04 13:50:00,526953
O Nikiforov_109418,O Nikiforov,-3,0,14,33,-19,47,2021-09-04 13:51:00,526954
Andrii Lukatskyi_137463,Andrii Lukatskyi,2,1,40,30,10,70,2021-09-04 13:55:00,526955
Vladyslav Ivanchatenko_884610040,Vladyslav Ivanchatenko,1,1,52,42,10,94,2021-09-04 13:55:00,526956
Oleksandr Melashenko_137185,Oleksandr Melashenko,3,1,33,25,8,58,2021-09-04 13:55:00,526957
Igor Vatsyn_1988575602,Igor Vatsyn,2,1,43,38,5,81,2021-09-04 14:00:00,526958
Ondrej Malecek_137134,Ondrej Malecek,3,1,33,23,10,56,2021-09-04 14:00:00,526959
M Urban_24504,M Urban,-1,0,49,51,-2,100,2021-09-04 14:00:00,526960
Vasyl Kondratenko_137462,Vasyl Kondratenko,2,1,42,32,10,74,2021-09-04 14:00:00,526961
A Kazakov_109381,A Kazakov,1,1,56,49,7,105,2021-09-04 14:01:00,526962
Kostiantyn Kovalchuk_136964,Kostiantyn Kovalchuk,2,1,41,30,11,71,2021-09-04 14:05:00,526963
Vasyl Verbianyi_545844617,Vasyl Verbianyi,2,1,45,37,8,82,2021-09-04 14:05:00,526964
Andriy Bugay_433293315,Andriy Bugay,1,1,45,42,3,87,2021-09-04 14:10:00,526965
Eduard Rubtsov_762186657,Eduard Rubtsov,-3,0,21,33,-12,54,2021-09-04 14:10:00,526966
Ya Bazhinov_109419,Ya Bazhinov,2,1,41,26,15,67,2021-09-04 14:15:00,526967
Vadym Komar_1236227578,Vadym Komar,-1,0,48,52,-4,100,2021-09-04 14:15:00,526968
Vladyslav Volokhov_1194750961,Vladyslav Volokhov,2,1,44,38,6,82,2021-09-04 14:20:00,526969
P Medvedev_109345,P Medvedev,2,1,45,29,16,74,2021-09-04 14:22:00,526970
Andrii Herasymenko_1276653884,Andrii Herasymenko,2,1,44,36,8,80,2021-09-04 14:25:00,526971
Valerii Onykyienko_137186,Valerii Onykyienko,2,1,47,42,5,89,2021-09-04 14:25:00,526972
Serhii Nemtsov_137464,Serhii Nemtsov,-1,0,46,52,-6,98,2021-09-04 14:25:00,526973
Mykhailo Sokur_355746339,Mykhailo Sokur,3,1,34,21,13,55,2021-09-04 14:30:00,526974
Jiri Cermak_137135,Jiri Cermak,-3,0,19,33,-14,52,2021-09-04 14:30:00,526975
Vitalii Sydorenko_136965,Vitalii Sydorenko,1,1,48,51,-3,99,2021-09-04 14:35:00,526976
Volodymyr Tuchkevych_1643926272,Volodymyr Tuchkevych,1,1,54,53,1,107,2021-09-04 14:35:00,526977
M Klement_24505,M Klement,-3,0,25,33,-8,58,2021-09-04 14:36:00,526978
Andrii Hordii_388114410,Andrii Hordii,-3,0,34,40,-6,74,2021-09-04 14:40:00,526979
V Kutin_109500,V Kutin,-3,0,23,33,-10,56,2021-09-04 14:41:00,526980
Michael Rikun_1578417523,Michael Rikun,2,1,42,40,2,82,2021-09-04 14:45:00,526981
Denys Vakulenko_830606053,Denys Vakulenko,-1,0,48,49,-1,97,2021-09-04 14:45:00,526982
O Nikiforov_109504,O Nikiforov,-3,0,13,33,-20,46,2021-09-04 14:46:00,526983
P Medvedev_109502,P Medvedev,-1,0,40,49,-9,89,2021-09-04 14:46:00,526984
Dmytro Derevinskyi_824019122,Dmytro Derevinskyi,-1,0,39,46,-7,85,2021-09-04 14:50:00,526985
Ihor Kuznetsov_1105039860,Ihor Kuznetsov,-3,0,23,33,-10,56,2021-09-04 14:55:00,526986
Vadym Khorolskyi_137187,Vadym Khorolskyi,-3,0,19,33,-14,52,2021-09-04 14:55:00,526987
Dmytro Halai_151726477,Dmytro Halai,2,1,41,38,3,79,2021-09-04 15:00:00,526988
M Urban_24506,M Urban,-3,0,19,33,-14,52,2021-09-04 15:00:00,526989
Artur Akopyan_137136,Artur Akopyan,1,1,50,41,9,91,2021-09-04 15:00:00,526990
Volodymyr Tymchenko_136966,Volodymyr Tymchenko,1,1,47,44,3,91,2021-09-04 15:05:00,526991
Vladyslav Ivanchatenko_1344439237,Vladyslav Ivanchatenko,-3,0,23,33,-10,56,2021-09-04 15:05:00,526992
A Mohnachev_109501,A Mohnachev,-3,0,17,33,-16,50,2021-09-04 15:05:00,526993
Samvel Melkumian_1994631808,Samvel Melkumian,2,1,49,45,4,94,2021-09-04 15:10:00,526994
O Kutuzov_109503,O Kutuzov,1,1,48,44,4,92,2021-09-04 15:14:00,526995
Nazarii Danyliuk_838859386,Nazarii Danyliuk,-1,0,43,51,-8,94,2021-09-04 15:15:00,526996
Ya Bazhinov_109505,Ya Bazhinov,2,1,37,33,4,70,2021-09-04 15:15:00,526997
Andrii Kostiuk_1031856940,Andrii Kostiuk,3,1,35,22,13,57,2021-09-04 15:20:00,526998
Aleksandr Redkov_1097981219,Aleksandr Redkov,-3,0,22,33,-11,55,2021-09-04 15:20:00,526999
Valerii Onykyienko_137188,Valerii Onykyienko,3,1,34,23,11,57,2021-09-04 15:25:00,527000
Oleksii Metla_1150588634,Oleksii Metla,-1,0,47,44,3,91,2021-09-04 15:25:00,527001
I Meteleshko_109382,I Meteleshko,-3,0,21,33,-12,54,2021-09-04 15:30:00,527002
Jiri Cermak_137137,Jiri Cermak,-1,0,46,55,-9,101,2021-09-04 15:30:00,527003
Yuliia Ishchenko_137190,Yuliia Ishchenko,-3,0,14,33,-19,47,2021-09-04 15:30:00,527004
Oleh Stasevskyi_195577313,Oleh Stasevskyi,-1,0,44,42,2,86,2021-09-04 15:30:00,527005
O Janku_24507,O Janku,-3,0,23,33,-10,56,2021-09-04 15:30:00,527006
Dmitriy Pereyaslovskyi_137031,Dmitriy Pereyaslovskyi,2,1,43,32,11,75,2021-09-04 15:35:00,527007
Illia Udod_2071132154,Illia Udod,-3,0,18,33,-15,51,2021-09-04 15:35:00,527008
Mykhailo Mosiuk_137200,Mykhailo Mosiuk,-2,0,35,43,-8,78,2021-09-04 15:40:00,527009
Vikroriya Pryshchepa_1831489803,Vikroriya Pryshchepa,-3,0,18,34,-16,52,2021-09-04 15:40:00,527010
Tamara Kravchuk_137061,Tamara Kravchuk,-1,0,43,49,-6,92,2021-09-04 15:45:00,527011
V Bazilevskiy_109346,V Bazilevskiy,-2,0,35,37,-2,72,2021-09-04 15:46:00,527012
Maksym Mykytiuk_57562466,Maksym Mykytiuk,3,1,33,20,13,53,2021-09-04 15:50:00,527013
Serhii Zemiantsev_394303009,Serhii Zemiantsev,1,1,50,46,4,96,2021-09-04 15:55:00,527014
Andrii Hrytsai_137189,Andrii Hrytsai,-3,0,22,33,-11,55,2021-09-04 15:55:00,527015
Ruslan Hripun_1351753566,Ruslan Hripun,-3,0,17,33,-16,50,2021-09-04 16:00:00,527016
Anastasiia Mydvetska_137191,Anastasiia Mydvetska,-2,0,36,41,-5,77,2021-09-04 16:00:00,527017
V Zubkov_109383,V Zubkov,3,1,34,25,9,59,2021-09-04 16:01:00,527018
M Urban_24553,M Urban,-3,0,10,33,-23,43,2021-09-04 16:01:00,527019
Ivan Fashchevskyi_374798471,Ivan Fashchevskyi,2,1,43,32,11,75,2021-09-04 16:05:00,527020
Vitalii Kobets_137032,Vitalii Kobets,-1,0,43,47,-4,90,2021-09-04 16:05:00,527021
A Merezhko_109420,A Merezhko,-1,0,46,50,-4,96,2021-09-04 16:08:00,527022
Anatolii Lievshin_1659532543,Anatolii Lievshin,3,1,33,15,18,48,2021-09-04 16:10:00,527023
Vladyslav Ratushniak_137201,Vladyslav Ratushniak,2,1,40,28,12,68,2021-09-04 16:10:00,527024
Petr Fiser_137494,Petr Fiser,-2,0,32,40,-8,72,2021-09-04 16:15:00,527025
I Tolmachev_109347,I Tolmachev,-2,0,33,41,-8,74,2021-09-04 16:15:00,527026
Anna Miklukha_1082681207,Anna Miklukha,-3,0,20,33,-13,53,2021-09-04 16:15:00,527027
Maryna Slashchova_137062,Maryna Slashchova,-3,0,26,37,-11,63,2021-09-04 16:15:00,527028
Andrii Kotik_1940989278,Andrii Kotik,-3,0,20,36,-16,56,2021-09-04 16:20:00,527029
Andrii Dombrovskyi_137071,Andrii Dombrovskyi,-2,0,34,43,-9,77,2021-09-04 16:25:00,527030
Oleksii Tkachuk_643921298,Oleksii Tkachuk,3,1,33,10,23,43,2021-09-04 16:25:00,527031
Yuliia Ishchenko_137192,Yuliia Ishchenko,-2,0,24,38,-14,62,2021-09-04 16:30:00,527032
O Janku_24554,O Janku,3,1,36,22,14,58,2021-09-04 16:30:00,527033
Yevhenii Kryvorotko_1877334121,Yevhenii Kryvorotko,1,1,47,37,10,84,2021-09-04 16:30:00,527034
E Anisimov_109384,E Anisimov,-3,0,21,33,-12,54,2021-09-04 16:30:00,527035
Serhii Kubrak_1969201419,Serhii Kubrak,-1,0,37,51,-14,88,2021-09-04 16:35:00,527036
Serhii Kuprykov_137033,Serhii Kuprykov,3,1,33,22,11,55,2021-09-04 16:35:00,527037
Mykola Zakladnyi_793461698,Mykola Zakladnyi,-3,0,21,33,-12,54,2021-09-04 16:40:00,527038
Mykhailo Mosiuk_137202,Mykhailo Mosiuk,-3,0,17,33,-16,50,2021-09-04 16:40:00,527039
S Ovechkin_109421,S Ovechkin,2,1,42,30,12,72,2021-09-04 16:44:00,527040
A Klavdenkov_109348,A Klavdenkov,-3,0,24,33,-9,57,2021-09-04 16:45:00,527041
Tamara Kravchuk_137063,Tamara Kravchuk,2,1,39,29,10,68,2021-09-04 16:45:00,527042
Artur Akopyan_137495,Artur Akopyan,-3,0,23,33,-10,56,2021-09-04 16:45:00,527043
Illia Udod_146663138,Illia Udod,1,1,52,53,-1,105,2021-09-04 16:45:00,527044
Yevhen Trunov_137019,Yevhen Trunov,-3,0,19,33,-14,52,2021-09-04 16:50:00,527045
Vikroriya Pryshchepa_550219728,Vikroriya Pryshchepa,-2,0,31,46,-15,77,2021-09-04 16:50:00,527046
Yurii Kurishchenko_137072,Yurii Kurishchenko,1,1,50,39,11,89,2021-09-04 16:55:00,527047
Vadym Nechyporuk_1995258661,Vadym Nechyporuk,1,1,53,47,6,100,2021-09-04 16:55:00,527048
Maksym Mykytiuk_1736455825,Maksym Mykytiuk,-1,0,47,47,0,94,2021-09-04 17:00:00,527049
Miloslav Kuba_137138,Miloslav Kuba,2,1,47,31,16,78,2021-09-04 17:00:00,527050
Svitlana Yureneva_137193,Svitlana Yureneva,-1,0,28,46,-18,74,2021-09-04 17:00:00,527051
M Gusev_109385,M Gusev,2,1,44,32,12,76,2021-09-04 17:00:00,527052
T Zahradnik_24508,T Zahradnik,-1,0,47,52,-5,99,2021-09-04 17:04:00,527053
Vitalii Kobets_137034,Vitalii Kobets,-3,0,24,35,-11,59,2021-09-04 17:05:00,527054
Serhii Zemiantsev_1754228822,Serhii Zemiantsev,1,1,44,43,1,87,2021-09-04 17:05:00,527055
Mykhailo Zholubak_137203,Mykhailo Zholubak,-2,0,24,42,-18,66,2021-09-04 17:10:00,527056
Dmytro Derevinskyi_970676298,Dmytro Derevinskyi,-1,0,37,51,-14,88,2021-09-04 17:10:00,527057
O Soldusov_109422,O Soldusov,-1,0,36,48,-12,84,2021-09-04 17:10:00,527058
Marta Maliuta_137064,Marta Maliuta,-1,0,46,45,1,91,2021-09-04 17:15:00,527059
Ihor Kuznetsov_1986742593,Ihor Kuznetsov,-1,0,46,53,-7,99,2021-09-04 17:15:00,527060
A Lisov_109349,A Lisov,-1,0,50,48,2,98,2021-09-04 17:15:00,527061
Mykhailo Kistechko_137020,Mykhailo Kistechko,2,1,41,35,6,76,2021-09-04 17:20:00,527062
Anatolii Lievshin_1446382572,Anatolii Lievshin,-1,0,50,46,4,96,2021-09-04 17:20:00,527063
Alina Kurtenko_927572431,Alina Kurtenko,1,1,47,36,11,83,2021-09-04 17:25:00,527064
Ruslan Solomko_137073,Ruslan Solomko,3,1,33,20,13,53,2021-09-04 17:25:00,527065
Andrii Kotik_1981216941,Andrii Kotik,-3,0,26,35,-9,61,2021-09-04 17:30:00,527066
E Anisimov_109386,E Anisimov,2,1,38,32,6,70,2021-09-04 17:30:00,527067
Jan Hrncir_137139,Jan Hrncir,-2,0,32,47,-15,79,2021-09-04 17:30:00,527068
Anastasiia Mydvetska_137194,Anastasiia Mydvetska,1,1,44,39,5,83,2021-09-04 17:30:00,527069
Ivan Tymchyshyn_522058283,Ivan Tymchyshyn,-1,0,44,51,-7,95,2021-09-04 17:35:00,527070
Dmitriy Pereyaslovskyi_137035,Dmitriy Pereyaslovskyi,-3,0,22,33,-11,55,2021-09-04 17:35:00,527071
Ji Louda_24509,Ji Louda,1,1,43,43,0,86,2021-09-04 17:37:00,527072
S Lanovenko_109423,S Lanovenko,3,1,33,25,8,58,2021-09-04 17:38:00,527073
Vladyslav Ratushniak_137204,Vladyslav Ratushniak,3,1,33,23,10,56,2021-09-04 17:40:00,527074
Lev Kuzyo_214732097,Lev Kuzyo,3,1,33,25,8,58,2021-09-04 17:40:00,527075
Maryna Slashchova_137065,Maryna Slashchova,-2,0,39,47,-8,86,2021-09-04 17:45:00,527076
Vadym Komar_1645830560,Vadym Komar,2,1,42,27,15,69,2021-09-04 17:45:00,527077
A Klavdenkov_109350,A Klavdenkov,-2,0,28,40,-12,68,2021-09-04 17:45:00,527078
Vladyslav Volokhov_441044129,Vladyslav Volokhov,-2,0,30,39,-9,69,2021-09-04 17:50:00,527079
Mykhailo Kistechko_137021,Mykhailo Kistechko,-1,0,39,46,-7,85,2021-09-04 17:50:00,527080
Illia Udod_1796921353,Illia Udod,-1,0,45,50,-5,95,2021-09-04 17:55:00,527081
Yurii Kurishchenko_137074,Yurii Kurishchenko,-2,0,33,40,-7,73,2021-09-04 17:55:00,527082
O Soldusov_109424,O Soldusov,-2,0,37,40,-3,77,2021-09-04 17:56:00,527083
Yuliia Ishchenko_137195,Yuliia Ishchenko,2,1,42,25,17,67,2021-09-04 18:00:00,527084
Jan Hrncir_137140,Jan Hrncir,2,1,41,35,6,76,2021-09-04 18:00:00,527085
Anna Miklukha_1207103860,Anna Miklukha,-1,0,41,47,-6,88,2021-09-04 18:00:00,527086
K Brozik_24510,K Brozik,1,1,48,41,7,89,2021-09-04 18:03:00,527087
V Zubkov_109387,V Zubkov,-1,0,42,46,-4,88,2021-09-04 18:04:00,527088
Roman Yushko_137036,Roman Yushko,-2,0,37,43,-6,80,2021-09-04 18:05:00,527089
Vitali Rychkou_610690060,Vitali Rychkou,-1,0,39,51,-12,90,2021-09-04 18:05:00,527090
Oleksii Tkachuk_1050474205,Oleksii Tkachuk,-1,0,42,43,-1,85,2021-09-04 18:10:00,527091
Mykhailo Mosiuk_137205,Mykhailo Mosiuk,-2,0,36,44,-8,80,2021-09-04 18:10:00,527092
Yevhenii Kryvorotko_847024719,Yevhenii Kryvorotko,-2,0,29,41,-12,70,2021-09-04 18:15:00,527093
Tamara Kravchuk_137066,Tamara Kravchuk,1,1,42,46,-4,88,2021-09-04 18:15:00,527094
I Tolmachev_109351,I Tolmachev,2,1,41,36,5,77,2021-09-04 18:16:00,527095
S Ovechkin_109425,S Ovechkin,-2,0,39,42,-3,81,2021-09-04 18:17:00,527096
Dmytro Arzanov_401493902,Dmytro Arzanov,1,1,50,44,6,94,2021-09-04 18:20:00,527097
Yevhen Trunov_137022,Yevhen Trunov,-3,0,22,35,-13,57,2021-09-04 18:20:00,527098
Serhii Kiilo_1899102562,Serhii Kiilo,-3,0,17,33,-16,50,2021-09-04 18:25:00,527099
Andrii Dombrovskyi_137075,Andrii Dombrovskyi,2,1,41,37,4,78,2021-09-04 18:25:00,527100
Oleksandr Bondarchuk_1490554271,Oleksandr Bondarchuk,-2,0,35,42,-7,77,2021-09-04 18:30:00,527101
Miloslav Kuba_137141,Miloslav Kuba,-3,0,20,34,-14,54,2021-09-04 18:30:00,527102
Anastasiia Mydvetska_137196,Anastasiia Mydvetska,-1,0,51,52,-1,103,2021-09-04 18:30:00,527103
E Anisimov_109574,E Anisimov,3,1,34,26,8,60,2021-09-04 18:31:00,527104
Serhii Kuprykov_137037,Serhii Kuprykov,-2,0,31,39,-8,70,2021-09-04 18:35:00,527105
Vikroriya Pryshchepa_1086492068,Vikroriya Pryshchepa,-2,0,33,41,-8,74,2021-09-04 18:35:00,527106
P Bradac_24511,P Bradac,3,1,33,16,17,49,2021-09-04 18:38:00,527107
Vadym Nechyporuk_1614655192,Vadym Nechyporuk,-2,0,29,42,-13,71,2021-09-04 18:40:00,527108
Vladyslav Ratushniak_137206,Vladyslav Ratushniak,-1,0,39,45,-6,84,2021-09-04 18:40:00,527109
Maksym Mykytiuk_281573030,Maksym Mykytiuk,1,1,46,37,9,83,2021-09-04 18:45:00,527110
Maryna Slashchova_137067,Maryna Slashchova,-3,0,27,34,-7,61,2021-09-04 18:45:00,527111
A Klavdenkov_109576,A Klavdenkov,-1,0,50,47,3,97,2021-09-04 18:47:00,527112
O Soldusov_109578,O Soldusov,-2,0,32,41,-9,73,2021-09-04 18:49:00,527113
Oleh Bindas_137023,Oleh Bindas,2,1,44,33,11,77,2021-09-04 18:50:00,527114
Serhii Zemiantsev_1989124798,Serhii Zemiantsev,-1,0,39,50,-11,89,2021-09-04 18:50:00,527115
Roman Makarenko_137076,Roman Makarenko,2,1,45,41,4,86,2021-09-04 18:55:00,527116
Vadym Komar_726941344,Vadym Komar,-3,0,23,33,-10,56,2021-09-04 18:55:00,527117
Martin Kocvara_137142,Martin Kocvara,-1,0,51,51,0,102,2021-09-04 19:00:00,527118
Svitlana Yureneva_137197,Svitlana Yureneva,-3,0,18,33,-15,51,2021-09-04 19:00:00,527119
Vladyslav Volokhov_356257180,Vladyslav Volokhov,2,1,38,32,6,70,2021-09-04 19:00:00,527120
K Brozik_24512,K Brozik,-2,0,33,41,-8,74,2021-09-04 19:01:00,527121
I Meteleshko_109575,I Meteleshko,-1,0,40,50,-10,90,2021-09-04 19:01:00,527122
Anatolii Lievshin_1800442969,Anatolii Lievshin,1,1,44,46,-2,90,2021-09-04 19:05:00,527123
Vitalii Kobets_137038,Vitalii Kobets,2,1,38,33,5,71,2021-09-04 19:05:00,527124
Alina Kurtenko_1348394378,Alina Kurtenko,-1,0,49,56,-7,105,2021-09-04 19:10:00,527125
Mykhailo Zholubak_137207,Mykhailo Zholubak,3,1,34,28,6,62,2021-09-04 19:10:00,527126
Andrii Kotik_254537125,Andrii Kotik,-1,0,47,49,-2,96,2021-09-04 19:15:00,527127
Marta Maliuta_137068,Marta Maliuta,-2,0,49,55,-6,104,2021-09-04 19:15:00,527128
A Merezhko_109579,A Merezhko,-3,0,16,33,-17,49,2021-09-04 19:17:00,527129
Ivan Tymchyshyn_722871901,Ivan Tymchyshyn,-1,0,47,44,3,91,2021-09-04 19:20:00,527130
Yevhen Trunov_137024,Yevhen Trunov,-3,0,16,33,-17,49,2021-09-04 19:20:00,527131
Yevhen Skorobahatyi_137086,Yevhen Skorobahatyi,2,1,46,33,13,79,2021-09-04 19:20:00,527132
I Tolmachev_109577,I Tolmachev,3,1,33,18,15,51,2021-09-04 19:20:00,527133
Lev Kuzyo_1964394762,Lev Kuzyo,-1,0,41,48,-7,89,2021-09-04 19:25:00,527134
Ruslan Solomko_137077,Ruslan Solomko,-1,0,45,46,-1,91,2021-09-04 19:25:00,527135
A Gerasimov_109390,A Gerasimov,-1,0,50,48,2,98,2021-09-04 19:30:00,527136
Ruslan Hripun_129389540,Ruslan Hripun,1,1,45,42,3,87,2021-09-04 19:30:00,527137
Miloslav Kuba_137143,Miloslav Kuba,-1,0,49,52,-3,101,2021-09-04 19:30:00,527138
Yuliia Ishchenko_137198,Yuliia Ishchenko,-3,0,17,33,-16,50,2021-09-04 19:30:00,527139
Ji Louda_24513,Ji Louda,-1,0,49,52,-3,101,2021-09-04 19:32:00,527140
Dmitriy Pereyaslovskyi_137039,Dmitriy Pereyaslovskyi,1,1,44,47,-3,91,2021-09-04 19:35:00,527141
Ivan Fashchevskyi_224134768,Ivan Fashchevskyi,-3,0,28,36,-8,64,2021-09-04 19:35:00,527142
Mykhailo Mosiuk_137208,Mykhailo Mosiuk,-3,0,23,36,-13,59,2021-09-04 19:40:00,527143
Illia Udod_1967335975,Illia Udod,-3,0,11,33,-22,44,2021-09-04 19:40:00,527144
Anna Miklukha_922453271,Anna Miklukha,-3,0,27,36,-9,63,2021-09-04 19:45:00,527145
A Silantev_109426,A Silantev,-1,0,40,50,-10,90,2021-09-04 19:45:00,527146
Tamara Kravchuk_137069,Tamara Kravchuk,-1,0,50,59,-9,109,2021-09-04 19:45:00,527147
I Soldatov_109352,I Soldatov,1,1,40,41,-1,81,2021-09-04 19:49:00,527148
Yaroslav Kravets_137025,Yaroslav Kravets,1,1,53,50,3,103,2021-09-04 19:50:00,527149
Bohdan Havryliuk_137087,Bohdan Havryliuk,-2,0,34,39,-5,73,2021-09-04 19:50:00,527150
Vitali Rychkou_1832922474,Vitali Rychkou,3,1,34,24,10,58,2021-09-04 19:50:00,527151
Yurii Kurishchenko_137078,Yurii Kurishchenko,-2,0,39,41,-2,80,2021-09-04 19:55:00,527152
Oleksii Tkachuk_1222565479,Oleksii Tkachuk,-2,0,34,41,-7,75,2021-09-04 19:55:00,527153
Alina Novosad_137199,Alina Novosad,1,1,44,47,-3,91,2021-09-04 20:00:00,527154
Yevhenii Kryvorotko_446005938,Yevhenii Kryvorotko,-2,0,33,40,-7,73,2021-09-04 20:00:00,527155
O Pronin_109391,O Pronin,1,1,54,47,7,101,2021-09-04 20:05:00,527156
Roman Yushko_137040,Roman Yushko,-2,0,32,42,-10,74,2021-09-04 20:05:00,527157
Oleksii Metla_2097315482,Oleksii Metla,2,1,42,26,16,68,2021-09-04 20:05:00,527158
Serhii Kiilo_1442610404,Serhii Kiilo,3,1,33,12,21,45,2021-09-04 20:10:00,527159
Oleh Filenko_137209,Oleh Filenko,2,1,44,37,7,81,2021-09-04 20:10:00,527160
Anatolii Lievshin_1189070514,Anatolii Lievshin,3,1,35,25,10,60,2021-09-04 20:15:00,527161
V Kazakov_109427,V Kazakov,-1,0,48,53,-5,101,2021-09-04 20:15:00,527162
Olha Panchyshyn_137070,Olha Panchyshyn,-1,0,46,47,-1,93,2021-09-04 20:15:00,527163
I Moshkov_109353,I Moshkov,-2,0,35,43,-8,78,2021-09-04 20:17:00,527164
Yevhen Skorobahatyi_137088,Yevhen Skorobahatyi,2,1,43,32,11,75,2021-09-04 20:20:00,527165
Mykhailo Kistechko_137026,Mykhailo Kistechko,3,1,33,23,10,56,2021-09-04 20:20:00,527166
Yaroslava Prykhodko_622587619,Yaroslava Prykhodko,2,1,43,28,15,71,2021-09-04 20:20:00,527167
Josef Ruzicka_137520,Josef Ruzicka,-1,0,50,52,-2,102,2021-09-04 20:25:00,527168
Andrii Dombrovskyi_137079,Andrii Dombrovskyi,3,1,38,24,14,62,2021-09-04 20:25:00,527169
Vadym Nechyporuk_197271953,Vadym Nechyporuk,3,1,33,26,7,59,2021-09-04 20:25:00,527170
Ji Louda_24555,Ji Louda,-1,0,51,56,-5,107,2021-09-04 20:27:00,527171
Ihor Petryshyn_1903834619,Ihor Petryshyn,1,1,51,48,3,99,2021-09-04 20:30:00,527172
Serhii Kuprykov_137041,Serhii Kuprykov,-3,0,23,34,-11,57,2021-09-04 20:35:00,527173
Anton Riabukhin_1172119800,Anton Riabukhin,-3,0,27,37,-10,64,2021-09-04 20:35:00,527174
Serhii Kubrak_1351066720,Serhii Kubrak,-2,0,29,39,-10,68,2021-09-04 20:40:00,527175
S Burov_109392,S Burov,-2,0,29,41,-12,70,2021-09-04 20:41:00,527176
Vladyslav Volokhov_1016918756,Vladyslav Volokhov,2,1,45,41,4,86,2021-09-04 20:45:00,527177
A Yudin_109354,A Yudin,-3,0,32,39,-7,71,2021-09-04 20:48:00,527178
Oleh Bindas_137027,Oleh Bindas,1,1,48,37,11,85,2021-09-04 20:50:00,527179
Illia Udod_394369465,Illia Udod,-3,0,14,33,-19,47,2021-09-04 20:50:00,527180
Dmytro Prokopenko_137089,Dmytro Prokopenko,1,1,53,46,7,99,2021-09-04 20:50:00,527181
D Merzlikin_109428,D Merzlikin,-3,0,29,37,-8,66,2021-09-04 20:51:00,527182
Olena Nalisnikovska_137522,Olena Nalisnikovska,3,1,33,18,15,51,2021-09-04 20:55:00,527183
Ivan Omelchuk_137539,Ivan Omelchuk,2,1,41,31,10,72,2021-09-04 20:55:00,527184
Vikroriya Pryshchepa_1886279383,Vikroriya Pryshchepa,3,1,33,19,14,52,2021-09-04 20:55:00,527185
Martin Kocvara_137521,Martin Kocvara,-2,0,34,44,-10,78,2021-09-04 20:55:00,527186
Roman Makarenko_137080,Roman Makarenko,-3,0,26,34,-8,60,2021-09-04 20:55:00,527187
T Zahradnik_24556,T Zahradnik,1,1,46,44,2,90,2021-09-04 20:58:00,527188
Krystof Prida_137144,Krystof Prida,-2,0,39,47,-8,86,2021-09-04 21:00:00,527189
Nazarii Hrytsyienko_120510796,Nazarii Hrytsyienko,2,1,43,32,11,75,2021-09-04 21:00:00,527190
Marta Maliuta_137541,Marta Maliuta,-2,0,32,39,-7,71,2021-09-04 21:00:00,527191
I Zemit_109393,I Zemit,-3,0,24,35,-11,59,2021-09-04 21:03:00,527192
Maksym Mykytiuk_191047226,Maksym Mykytiuk,-1,0,48,52,-4,100,2021-09-04 21:05:00,527193
Dmitriy Pereyaslovskyi_137042,Dmitriy Pereyaslovskyi,3,1,35,21,14,56,2021-09-04 21:05:00,527194
Serhii Zemiantsev_1478556557,Serhii Zemiantsev,2,1,43,38,5,81,2021-09-04 21:10:00,527195
Ruslan Hripun_1099316210,Ruslan Hripun,-3,0,20,34,-14,54,2021-09-04 21:15:00,527196
I Elistratov_109429,I Elistratov,3,1,37,28,9,65,2021-09-04 21:16:00,527197
D Tunitsyn_109355,D Tunitsyn,1,1,45,42,3,87,2021-09-04 21:18:00,527198
Ivan Fashchevskyi_1701789199,Ivan Fashchevskyi,1,1,45,49,-4,94,2021-09-04 21:20:00,527199
Yaroslav Kravets_137028,Yaroslav Kravets,2,1,41,37,4,78,2021-09-04 21:20:00,527200
Bohdan Havryliuk_137090,Bohdan Havryliuk,-1,0,45,51,-6,96,2021-09-04 21:20:00,527201
Anastasiia Mydvetska_137523,Anastasiia Mydvetska,-3,0,25,36,-11,61,2021-09-04 21:25:00,527202
Oleh Filenko_137540,Oleh Filenko,1,1,50,43,7,93,2021-09-04 21:25:00,527203
Anatolii Lievshin_1916840377,Anatolii Lievshin,1,1,51,38,13,89,2021-09-04 21:25:00,527204
Ruslan Solomko_137081,Ruslan Solomko,-1,0,53,60,-7,113,2021-09-04 21:25:00,527205
Michal Vavra_137145,Michal Vavra,2,1,41,30,11,71,2021-09-04 21:30:00,527206
Vikroriya Pryshchepa_1454967860,Vikroriya Pryshchepa,1,1,51,52,-1,103,2021-09-04 21:30:00,527207
Aniuta Muliarchuk_137542,Aniuta Muliarchuk,1,1,50,47,3,97,2021-09-04 21:30:00,527208
S Burov_109394,S Burov,3,1,34,24,10,58,2021-09-04 21:31:00,527209
P Gireth_24514,P Gireth,2,1,46,37,9,83,2021-09-04 21:32:00,527210
Yevhen Ivanov_137043,Yevhen Ivanov,-2,0,32,41,-9,73,2021-09-04 21:35:00,527211
Andrii Kotik_1481422378,Andrii Kotik,-2,0,30,40,-10,70,2021-09-04 21:35:00,527212
Maksym Mykytiuk_1677569049,Maksym Mykytiuk,2,1,41,40,1,81,2021-09-04 21:40:00,527213
D Merzlikin_109430,D Merzlikin,2,1,36,33,3,69,2021-09-04 21:45:00,527214
Anton Riabukhin_1015317775,Anton Riabukhin,2,1,38,37,1,75,2021-09-04 21:45:00,527215
Yaroslav Kravets_137029,Yaroslav Kravets,3,1,34,24,10,58,2021-09-04 21:50:00,527216
Alexey Lukianov_254870435,Alexey Lukianov,1,1,46,41,5,87,2021-09-04 21:50:00,527217
A Yudin_109356,A Yudin,-2,0,31,39,-8,70,2021-09-04 21:50:00,527218
Yevhen Skorobahatyi_137091,Yevhen Skorobahatyi,-1,0,49,50,-1,99,2021-09-04 21:50:00,527219
Oleh Obidnyi_877322316,Oleh Obidnyi,1,1,47,46,1,93,2021-09-04 21:55:00,527220
Andrii Dombrovskyi_137082,Andrii Dombrovskyi,1,1,47,39,8,86,2021-09-04 21:55:00,527221
O Pronin_109395,O Pronin,-3,0,20,33,-13,53,2021-09-04 22:00:00,527222
Oleksandr Bondarchuk_1525138907,Oleksandr Bondarchuk,-2,0,35,41,-6,76,2021-09-04 22:00:00,527223
Michal Vavra_137146,Michal Vavra,2,1,41,36,5,77,2021-09-04 22:00:00,527224
F Pusch_24515,F Pusch,-3,0,20,33,-13,53,2021-09-04 22:00:00,527225
Alina Kurtenko_471242285,Alina Kurtenko,3,1,33,14,19,47,2021-09-04 22:05:00,527226
Dmitriy Pereyaslovskyi_137044,Dmitriy Pereyaslovskyi,-2,0,31,43,-12,74,2021-09-04 22:05:00,527227
Dmytro Vakhta_1890943760,Dmytro Vakhta,3,1,35,26,9,61,2021-09-04 22:10:00,527228
Vitalii Zharskiy_677685398,Vitalii Zharskiy,3,1,35,24,11,59,2021-09-04 22:15:00,527229
V Kazakov_109431,V Kazakov,3,1,37,30,7,67,2021-09-04 22:16:00,527230
Jr. Obeslo_24516,Jr. Obeslo,2,1,47,42,5,89,2021-09-04 22:16:00,527231
I Moshkov_109357,I Moshkov,-3,0,28,34,-6,62,2021-09-04 22:17:00,527232
Bohdan Havryliuk_137092,Bohdan Havryliuk,2,1,45,28,17,73,2021-09-04 22:20:00,527233
Oleh Bindas_137030,Oleh Bindas,1,1,47,46,1,93,2021-09-04 22:20:00,527234
Serhii Ponomarenko_607070533,Serhii Ponomarenko,-1,0,45,51,-6,96,2021-09-04 22:20:00,527235
Oleksandr Lykhytskyi_137083,Oleksandr Lykhytskyi,-2,0,29,35,-6,64,2021-09-04 22:25:00,527236
Alexey Lukianov_295440343,Alexey Lukianov,-1,0,43,49,-6,92,2021-09-04 22:25:00,527237
Krystof Prida_137147,Krystof Prida,-3,0,18,34,-16,52,2021-09-04 22:30:00,527238
Stanislav Harenko_467178313,Stanislav Harenko,-3,0,16,34,-18,50,2021-09-04 22:30:00,527239
I Zemit_109580,I Zemit,-3,0,16,33,-17,49,2021-09-04 22:32:00,527240
Vitalii Kobets_137045,Vitalii Kobets,3,1,37,30,7,67,2021-09-04 22:35:00,527241
Nazarii Hrytsyienko_1507734699,Nazarii Hrytsyienko,-1,0,54,48,6,102,2021-09-04 22:45:00,527242
A Silantev_109584,A Silantev,2,1,45,37,8,82,2021-09-04 22:46:00,527243
I Moshkov_109582,I Moshkov,2,1,39,31,8,70,2021-09-04 22:46:00,527244
Jo Silhan_24517,Jo Silhan,2,1,41,22,19,63,2021-09-04 22:49:00,527245
Dmytro Prokopenko_137093,Dmytro Prokopenko,2,1,49,36,13,85,2021-09-04 22:50:00,527246
Andrii Dombrovskyi_137084,Andrii Dombrovskyi,-2,0,35,42,-7,77,2021-09-04 22:55:00,527247
O Pronin_109581,O Pronin,-1,0,35,51,-16,86,2021-09-04 22:59:00,527248
Oleh Obidnyi_954171147,Oleh Obidnyi,2,1,41,33,8,74,2021-09-04 23:00:00,527249
Jan Holan_137148,Jan Holan,3,1,34,23,11,57,2021-09-04 23:00:00,527250
Alexey Lukianov_1477457837,Alexey Lukianov,3,1,33,20,13,53,2021-09-04 23:05:00,527251
D Tunitsyn_109583,D Tunitsyn,3,1,35,28,7,63,2021-09-04 23:15:00,527252
Jr. Obeslo_24518,Jr. Obeslo,1,1,53,53,0,106,2021-09-04 23:15:00,527253
D Merzlikin_109585,D Merzlikin,-1,0,41,49,-8,90,2021-09-04 23:16:00,527254
Yevhen Skorobahatyi_137094,Yevhen Skorobahatyi,2,1,40,28,12,68,2021-09-04 23:20:00,527255
Yurii Kurishchenko_137085,Yurii Kurishchenko,2,1,42,28,14,70,2021-09-04 23:25:00,527256
Krystof Prida_137149,Krystof Prida,-3,0,19,33,-14,52,2021-09-04 23:30:00,527257
Stanislav Harenko_622429194,Stanislav Harenko,-3,0,18,33,-15,51,2021-09-04 23:35:00,527258
S Ogai_109398,S Ogai,-2,0,36,39,-3,75,2021-09-04 23:37:00,527259
Oleh Obidnyi_1324891678,Oleh Obidnyi,-2,0,30,39,-9,69,2021-09-04 23:40:00,527260
Sergii Lugovskyi_1850209767,Sergii Lugovskyi,1,1,43,45,-2,88,2021-09-04 23:45:00,527261
E Kalashnikov_109432,E Kalashnikov,1,1,53,47,6,100,2021-09-04 23:47:00,527262
V Sidorin_109358,V Sidorin,-3,0,22,33,-11,55,2021-09-04 23:47:00,527263
Serhii Sokolov_137095,Serhii Sokolov,-1,0,36,45,-9,81,2021-09-04 23:50:00,527264
F Pusch_24519,F Pusch,3,1,33,15,18,48,2021-09-04 23:53:00,527265
Dmytro Arzanov_1691180602,Dmytro Arzanov,-2,0,32,38,-6,70,2021-09-05 00:00:00,527266
T Turabekov_113785,T Turabekov,3,1,33,17,16,50,2021-09-05 00:01:00,527267
T Andrle_25498,T Andrle,-2,0,35,42,-7,77,2021-09-05 00:04:00,527268
Oleksandr Gomilko_146048,Oleksandr Gomilko,-2,0,30,40,-10,70,2021-09-05 00:05:00,527269
Adam Khalaila_146449,Adam Khalaila,1,1,48,39,9,87,2021-09-05 00:05:00,527270
V Safonov_113824,V Safonov,2,1,50,44,6,94,2021-09-05 00:15:00,527271
D Molodtsov_113751,D Molodtsov,-3,0,28,35,-7,63,2021-09-05 00:16:00,527272
Oleksandr Kolbasenko_146034,Oleksandr Kolbasenko,-2,0,36,43,-7,79,2021-09-05 00:20:00,527273
Ji Bartos_25499,Ji Bartos,-1,0,41,49,-8,90,2021-09-05 00:30:00,527274
S Martyukhin_113786,S Martyukhin,3,1,33,25,8,58,2021-09-05 00:30:00,527275
Andriy Zaitsev_1268742554,Andriy Zaitsev,-1,0,50,49,1,99,2021-09-05 00:30:00,527276
Robert Jamrich_146450,Robert Jamrich,-1,0,47,48,-1,95,2021-09-05 00:35:00,527277
Dmytro Rehotun_146049,Dmytro Rehotun,2,1,40,31,9,71,2021-09-05 00:35:00,527278
E Kalashnikov_113825,E Kalashnikov,-2,0,39,44,-5,83,2021-09-05 00:45:00,527279
A Vlasov_113752,A Vlasov,3,1,34,18,16,52,2021-09-05 00:46:00,527280
Anatolii Nazarov_146035,Anatolii Nazarov,-3,0,28,35,-7,63,2021-09-05 00:50:00,527281
Dmitriy Lebed_863176253,Dmitriy Lebed,-2,0,36,37,-1,73,2021-09-05 01:00:00,527282
K Churin_113787,K Churin,-1,0,42,45,-3,87,2021-09-05 01:01:00,527283
Oleksandr Liushnia_146050,Oleksandr Liushnia,1,1,57,46,11,103,2021-09-05 01:05:00,527284
V Shirshov_113753,V Shirshov,3,1,34,27,7,61,2021-09-05 01:15:00,527285
T Yusipov_113826,T Yusipov,-2,0,31,42,-11,73,2021-09-05 01:17:00,527286
Dmytro Arzanov_1633861369,Dmytro Arzanov,3,1,35,22,13,57,2021-09-05 01:30:00,527287
T Turabekov_113788,T Turabekov,3,1,34,24,10,58,2021-09-05 01:32:00,527288
Dmytro Rehotun_146051,Dmytro Rehotun,1,1,57,48,9,105,2021-09-05 01:35:00,527289
D Molodtsov_113754,D Molodtsov,2,1,43,36,7,79,2021-09-05 01:44:00,527290
V Safonov_113827,V Safonov,-2,0,37,44,-7,81,2021-09-05 01:45:00,527291
Roman Malynka_146036,Roman Malynka,1,1,50,53,-3,103,2021-09-05 01:55:00,527292
Andriy Zaitsev_1018547778,Andriy Zaitsev,2,1,49,43,6,92,2021-09-05 02:00:00,527293
K Churin_113789,K Churin,2,1,36,32,4,68,2021-09-05 02:01:00,527294
Oleksandr Gomilko_146052,Oleksandr Gomilko,2,1,36,34,2,70,2021-09-05 02:05:00,527295
V Shirshov_113755,V Shirshov,2,1,47,43,4,90,2021-09-05 02:16:00,527296
T Yusipov_113828,T Yusipov,-3,0,24,37,-13,61,2021-09-05 02:17:00,527297
Kostiantyn Moroz_146037,Kostiantyn Moroz,-1,0,53,52,1,105,2021-09-05 02:25:00,527298
Dmitriy Lebed_866759676,Dmitriy Lebed,-1,0,45,53,-8,98,2021-09-05 02:30:00,527299
A Pravednov_113790,A Pravednov,-3,0,27,33,-6,60,2021-09-05 02:32:00,527300
Serhii Bondarenko_146053,Serhii Bondarenko,2,1,36,34,2,70,2021-09-05 02:35:00,527301
K Malahov_113756,K Malahov,-3,0,18,33,-15,51,2021-09-05 02:45:00,527302
N Zhurba_113829,N Zhurba,1,1,49,45,4,94,2021-09-05 02:52:00,527303
Kostiantyn Moroz_146038,Kostiantyn Moroz,3,1,35,25,10,60,2021-09-05 02:55:00,527304
Oleksii Metla_2103420451,Oleksii Metla,-3,0,15,34,-19,49,2021-09-05 03:00:00,527305
S Martyukhin_113791,S Martyukhin,-1,0,49,48,1,97,2021-09-05 03:02:00,527306
Oleksandr Liushnia_146054,Oleksandr Liushnia,2,1,47,41,6,88,2021-09-05 03:05:00,527307
A Vlasov_113757,A Vlasov,-3,0,33,41,-8,74,2021-09-05 03:15:00,527308
E Kalashnikov_113830,E Kalashnikov,-2,0,40,46,-6,86,2021-09-05 03:21:00,527309
Roman Malynka_146039,Roman Malynka,3,1,37,28,9,65,2021-09-05 03:25:00,527310
Dmytro Arzanov_1680844327,Dmytro Arzanov,2,1,40,30,10,70,2021-09-05 03:30:00,527311
Dmytro Rehotun_146055,Dmytro Rehotun,-2,0,40,45,-5,85,2021-09-05 03:35:00,527312
S Ogai_113792,S Ogai,-2,0,42,41,1,83,2021-09-05 03:37:00,527313
I Mihaylov_113758,I Mihaylov,-2,0,31,43,-12,74,2021-09-05 03:46:00,527314
A Kirilenko_113831,A Kirilenko,-2,0,32,43,-11,75,2021-09-05 03:47:00,527315
Oleksandr Mishchenko_146040,Oleksandr Mishchenko,-3,0,23,34,-11,57,2021-09-05 03:55:00,527316
Dmitriy Lebed_1720300275,Dmitriy Lebed,-2,0,37,45,-8,82,2021-09-05 04:00:00,527317
Oleksandr Gomilko_146056,Oleksandr Gomilko,-1,0,50,53,-3,103,2021-09-05 04:05:00,527318
A Pravednov_113793,A Pravednov,3,1,33,22,11,55,2021-09-05 04:06:00,527319
N Zhurba_113832,N Zhurba,-3,0,22,35,-13,57,2021-09-05 04:16:00,527320
Roman Malynka_146041,Roman Malynka,3,1,33,24,9,57,2021-09-05 04:25:00,527321
K Malahov_113759,K Malahov,3,1,37,31,6,68,2021-09-05 04:28:00,527322
Dmytro Arzanov_1691323195,Dmytro Arzanov,3,1,33,20,13,53,2021-09-05 04:30:00,527323
Serhii Bondarenko_146057,Serhii Bondarenko,-3,0,24,33,-9,57,2021-09-05 04:35:00,527324
S Martyukhin_113977,S Martyukhin,3,1,33,19,14,52,2021-09-05 04:36:00,527325
A Kirilenko_113979,A Kirilenko,-3,0,22,33,-11,55,2021-09-05 04:45:00,527326
A Vlasov_113981,A Vlasov,1,1,47,41,6,88,2021-09-05 04:55:00,527327
Andrii Kovrikov_146042,Andrii Kovrikov,2,1,43,36,7,79,2021-09-05 04:55:00,527328
A Pravednov_113978,A Pravednov,3,1,33,19,14,52,2021-09-05 05:01:00,527329
Oleksandr Liushnia_146058,Oleksandr Liushnia,-1,0,45,49,-4,94,2021-09-05 05:05:00,527330
V Safonov_113980,V Safonov,-3,0,18,33,-15,51,2021-09-05 05:16:00,527331
D Molodtsov_113982,D Molodtsov,-2,0,36,44,-8,80,2021-09-05 05:23:00,527332
Kostiantyn Moroz_146043,Kostiantyn Moroz,3,1,41,35,6,76,2021-09-05 05:25:00,527333
Oleksandr Gomilko_146059,Oleksandr Gomilko,-3,0,23,33,-10,56,2021-09-05 05:35:00,527334
Oleksandr Mishchenko_146044,Oleksandr Mishchenko,-1,0,38,44,-6,82,2021-09-05 05:55:00,527335
Roman Hnoievoi_146060,Roman Hnoievoi,2,1,38,31,7,69,2021-09-05 06:05:00,527336
Andrii Kovrikov_146045,Andrii Kovrikov,1,1,52,44,8,96,2021-09-05 06:25:00,527337
Oleksandr Gomilko_146061,Oleksandr Gomilko,3,1,33,21,12,54,2021-09-05 06:35:00,527338
Andrii Kovrikov_146046,Andrii Kovrikov,-2,0,34,40,-6,74,2021-09-05 06:55:00,527339
Dmytro Rehotun_146062,Dmytro Rehotun,-1,0,44,54,-10,98,2021-09-05 07:05:00,527340
Oleksandr Mishchenko_146047,Oleksandr Mishchenko,-3,0,19,33,-14,52,2021-09-05 07:25:00,527341
A Vorozheykin_113898,A Vorozheykin,-1,0,48,54,-6,102,2021-09-05 07:30:00,527342
A Lisov_113933,A Lisov,-2,0,35,38,-3,73,2021-09-05 07:47:00,527343
O Kharlakin_113858,O Kharlakin,2,1,39,33,6,72,2021-09-05 07:49:00,527344
Yaroslav Tebenko_146122,Yaroslav Tebenko,-1,0,50,59,-9,109,2021-09-05 07:50:00,527345
Serhii Hohenko_828589482,Serhii Hohenko,-1,0,54,52,2,106,2021-09-05 07:50:00,527346
Artem Nesterenko_573936316,Artem Nesterenko,-2,0,35,42,-7,77,2021-09-05 07:55:00,527347
Yevhen Churpita_146137,Yevhen Churpita,-2,0,36,44,-8,80,2021-09-05 08:00:00,527348
M Chernyavskiy_113899,M Chernyavskiy,1,1,54,48,6,102,2021-09-05 08:01:00,527349
Serhii Tkachev_146331,Serhii Tkachev,3,1,33,22,11,55,2021-09-05 08:05:00,527350
Marharyta Saltanovska_146439,Marharyta Saltanovska,-1,0,41,51,-10,92,2021-09-05 08:10:00,527351
Dmytro Kunchurov_146177,Dmytro Kunchurov,-3,0,22,33,-11,55,2021-09-05 08:15:00,527352
V Selkin_113859,V Selkin,-2,0,29,39,-10,68,2021-09-05 08:18:00,527353
I Tolmachev_113934,I Tolmachev,1,1,46,42,4,88,2021-09-05 08:18:00,527354
Roman Mazur_146123,Roman Mazur,-1,0,47,55,-8,102,2021-09-05 08:20:00,527355
Yurii Teteria_176609817,Yurii Teteria,-2,0,29,37,-8,66,2021-09-05 08:25:00,527356
Dmytro Belanchyk_1539890854,Dmytro Belanchyk,1,1,49,43,6,92,2021-09-05 08:30:00,527357
Andrii Martyniuk_146138,Andrii Martyniuk,-3,0,21,33,-12,54,2021-09-05 08:30:00,527358
Bohdan Sinkevych_549830088,Bohdan Sinkevych,1,1,49,44,5,93,2021-09-05 08:35:00,527359
Oleksandr Kovalchuk_146153,Oleksandr Kovalchuk,3,1,33,12,21,45,2021-09-05 08:35:00,527360
A Bogomolov_113900,A Bogomolov,3,1,33,17,16,50,2021-09-05 08:36:00,527361
Halyna Telna_1278747977,Halyna Telna,-3,0,15,34,-19,49,2021-09-05 08:40:00,527362
Svitlana Babushkina_146440,Svitlana Babushkina,2,1,42,35,7,77,2021-09-05 08:40:00,527363
Valerii Davydov_146178,Valerii Davydov,-2,0,35,43,-8,78,2021-09-05 08:45:00,527364
Oleh Formaziuk_1380830818,Oleh Formaziuk,-1,0,46,52,-6,98,2021-09-05 08:45:00,527365
M Marchenko_113860,M Marchenko,-1,0,51,46,5,97,2021-09-05 08:46:00,527366
K Olshakov_113935,K Olshakov,-2,0,35,37,-2,72,2021-09-05 08:47:00,527367
Oleksii Tkachuk_665246595,Oleksii Tkachuk,2,1,40,32,8,72,2021-09-05 08:50:00,527368
Ihor Kvak_146124,Ihor Kvak,-2,0,35,39,-4,74,2021-09-05 08:50:00,527369
Yevhen Hasan_146187,Yevhen Hasan,1,1,46,45,1,91,2021-09-05 08:50:00,527370
Yevhen Masko_1586880102,Yevhen Masko,3,1,39,30,9,69,2021-09-05 08:55:00,527371
Ruslan Solomko_146347,Ruslan Solomko,3,1,34,21,13,55,2021-09-05 08:55:00,527372
Sergii Skhabitskiy_146139,Sergii Skhabitskiy,3,1,33,21,12,54,2021-09-05 09:00:00,527373
Yevhen Pysmennyi_111765885,Yevhen Pysmennyi,-2,0,28,37,-9,65,2021-09-05 09:00:00,527374
Petr Dvorak_146297,Petr Dvorak,-3,0,18,35,-17,53,2021-09-05 09:00:00,527375
S Gancev_113901,S Gancev,-2,0,38,46,-8,84,2021-09-05 09:01:00,527376
M Vavra_25468,M Vavra,1,1,50,43,7,93,2021-09-05 09:03:00,527377
Serhii Tkachev_146332,Serhii Tkachev,3,1,33,14,19,47,2021-09-05 09:05:00,527378
Borys Buriak_667231030,Borys Buriak,-2,0,26,44,-18,70,2021-09-05 09:05:00,527379
Oleksandr Tuzhylin_72205005,Oleksandr Tuzhylin,-3,0,24,33,-9,57,2021-09-05 09:10:00,527380
Marharyta Saltanovska_146441,Marharyta Saltanovska,1,1,46,44,2,90,2021-09-05 09:10:00,527381
Elena Pentuk_137475338,Elena Pentuk,-2,0,40,45,-5,85,2021-09-05 09:15:00,527382
Dmytro Kunchurov_146179,Dmytro Kunchurov,2,1,43,31,12,74,2021-09-05 09:15:00,527383
I Iskenderov_113861,I Iskenderov,-1,0,49,41,8,90,2021-09-05 09:16:00,527384
D Kolesnikov_113936,D Kolesnikov,-2,0,29,40,-11,69,2021-09-05 09:16:00,527385
Vladyslav Mishchenko_146188,Vladyslav Mishchenko,2,1,41,24,17,65,2021-09-05 09:20:00,527386
Roman Mazur_146125,Roman Mazur,-1,0,42,45,-3,87,2021-09-05 09:20:00,527387
Maxim Naumchuk_237844415,Maxim Naumchuk,-2,0,34,41,-7,75,2021-09-05 09:20:00,527388
Ihor Solomianyi_416802361,Ihor Solomianyi,-3,0,16,33,-17,49,2021-09-05 09:25:00,527389
Valeriy Vlasenko_146348,Valeriy Vlasenko,1,1,47,48,-1,95,2021-09-05 09:25:00,527390
Andrii Martyniuk_146140,Andrii Martyniuk,1,1,49,48,1,97,2021-09-05 09:30:00,527391
Jan Gorecki_146298,Jan Gorecki,2,1,42,26,16,68,2021-09-05 09:30:00,527392
Mykola Lytvynenko_884764346,Mykola Lytvynenko,-2,0,31,40,-9,71,2021-09-05 09:30:00,527393
A Bogomolov_113902,A Bogomolov,2,1,44,35,9,79,2021-09-05 09:31:00,527394
Yurii Teteria_1077643492,Yurii Teteria,-2,0,33,44,-11,77,2021-09-05 09:35:00,527395
Igor Shyndel_146155,Igor Shyndel,-1,0,51,56,-5,107,2021-09-05 09:35:00,527396
Dmytro Belanchyk_1990691528,Dmytro Belanchyk,-2,0,31,40,-9,71,2021-09-05 09:40:00,527397
Alena Petlenko_146442,Alena Petlenko,-2,0,33,41,-8,74,2021-09-05 09:40:00,527398
K Olshakov_113937,K Olshakov,-3,0,15,33,-18,48,2021-09-05 09:45:00,527399
Oleksandr Durduka_146180,Oleksandr Durduka,2,1,42,32,10,74,2021-09-05 09:45:00,527400
Bohdan Sinkevych_351879488,Bohdan Sinkevych,-1,0,37,52,-15,89,2021-09-05 09:45:00,527401
L Boruvka_25469,L Boruvka,1,1,45,48,-3,93,2021-09-05 09:46:00,527402
M Marchenko_113862,M Marchenko,3,1,33,20,13,53,2021-09-05 09:49:00,527403
Yaroslav Tebenko_146126,Yaroslav Tebenko,2,1,43,32,11,75,2021-09-05 09:50:00,527404
Yevhen Hasan_146189,Yevhen Hasan,2,1,36,30,6,66,2021-09-05 09:50:00,527405
Halyna Telna_1628647955,Halyna Telna,-1,0,41,45,-4,86,2021-09-05 09:50:00,527406
Viacheslav Isakov_146349,Viacheslav Isakov,2,1,43,35,8,78,2021-09-05 09:55:00,527407
Oleh Formaziuk_1291191598,Oleh Formaziuk,-2,0,39,51,-12,90,2021-09-05 09:55:00,527408
Jan Gorecki_146299,Jan Gorecki,2,1,42,34,8,76,2021-09-05 10:00:00,527409
Oleksii Tkachuk_1137423528,Oleksii Tkachuk,2,1,43,27,16,70,2021-09-05 10:00:00,527410
Yevhen Churpita_146141,Yevhen Churpita,-3,0,15,33,-18,48,2021-09-05 10:00:00,527411
Valentyn Korovychenko_1612817589,Valentyn Korovychenko,-3,0,20,34,-14,54,2021-09-05 10:05:00,527412
Oleksandr Kovalchuk_146333,Oleksandr Kovalchuk,-3,0,19,33,-14,52,2021-09-05 10:05:00,527413
M Chernyavskiy_113903,M Chernyavskiy,1,1,44,37,7,81,2021-09-05 10:08:00,527414
Serhii Hohenko_2099023234,Serhii Hohenko,2,1,42,28,14,70,2021-09-05 10:10:00,527415
Svitlana Babushkina_146443,Svitlana Babushkina,2,1,47,41,6,88,2021-09-05 10:10:00,527416
Artem Nesterenko_1383605085,Artem Nesterenko,-3,0,16,33,-17,49,2021-09-05 10:15:00,527417
Valerii Davydov_146181,Valerii Davydov,1,1,50,45,5,95,2021-09-05 10:15:00,527418
T Vorisek_25470,T Vorisek,1,1,45,48,-3,93,2021-09-05 10:16:00,527419
V Selkin_113863,V Selkin,2,1,49,38,11,87,2021-09-05 10:17:00,527420
I Tolmachev_113938,I Tolmachev,-1,0,37,45,-8,82,2021-09-05 10:17:00,527421
Vitalii Lievshin_708571874,Vitalii Lievshin,2,1,38,33,5,71,2021-09-05 10:20:00,527422
Volodymyr Hera_146127,Volodymyr Hera,1,1,50,40,10,90,2021-09-05 10:20:00,527423
Oleksandr Kolbasenko_146190,Oleksandr Kolbasenko,2,1,38,34,4,72,2021-09-05 10:20:00,527424
Olena Telezhynska_1497871946,Olena Telezhynska,-3,0,26,34,-8,60,2021-09-05 10:25:00,527425
Valeriy Vlasenko_146350,Valeriy Vlasenko,-3,0,18,33,-15,51,2021-09-05 10:25:00,527426
Petr Dvorak_146300,Petr Dvorak,-2,0,32,43,-11,75,2021-09-05 10:30:00,527427
Vitalii Levytskyi_146142,Vitalii Levytskyi,-2,0,37,46,-9,83,2021-09-05 10:30:00,527428
Serhiy Tkachuk_602384126,Serhiy Tkachuk,2,1,43,31,12,74,2021-09-05 10:30:00,527429
A Vorozheykin_113983,A Vorozheykin,2,1,41,29,12,70,2021-09-05 10:34:00,527430
Serhii Tkachev_146334,Serhii Tkachev,3,1,33,24,9,57,2021-09-05 10:35:00,527431
Stepan Nykyforuk_97463131,Stepan Nykyforuk,2,1,38,29,9,67,2021-09-05 10:35:00,527432
Marharyta Saltanovska_146444,Marharyta Saltanovska,-2,0,26,43,-17,69,2021-09-05 10:40:00,527433
Mykola Lytvynenko_1207543162,Mykola Lytvynenko,3,1,33,19,14,52,2021-09-05 10:40:00,527434
Dmytro Kunchurov_146182,Dmytro Kunchurov,3,1,33,22,11,55,2021-09-05 10:45:00,527435
Serhii Tsybulin_274697241,Serhii Tsybulin,1,1,52,50,2,102,2021-09-05 10:45:00,527436
I Iskenderov_113987,I Iskenderov,1,1,49,49,0,98,2021-09-05 10:50:00,527437
Ihor Kvak_146128,Ihor Kvak,2,1,41,24,17,65,2021-09-05 10:50:00,527438
Vladyslav Mishchenko_146191,Vladyslav Mishchenko,-1,0,40,43,-3,83,2021-09-05 10:50:00,527439
Nikolay Bondarenko_667148607,Nikolay Bondarenko,-2,0,38,43,-5,81,2021-09-05 10:50:00,527440
K Olshakov_113985,K Olshakov,-1,0,48,48,0,96,2021-09-05 10:51:00,527441
Oleksandr Tuzhylin_1660061174,Oleksandr Tuzhylin,-1,0,48,50,-2,98,2021-09-05 10:55:00,527442
Ruslan Solomko_146351,Ruslan Solomko,3,1,37,23,14,60,2021-09-05 10:55:00,527443
Ja Zlamal_25471,Ja Zlamal,2,1,43,37,6,80,2021-09-05 10:57:00,527444
Jan Jr Krames_146301,Jan Jr Krames,-3,0,19,34,-15,53,2021-09-05 11:00:00,527445
Elena Pentuk_1092575080,Elena Pentuk,-3,0,24,35,-11,59,2021-09-05 11:00:00,527446
Sergii Skhabitskiy_146143,Sergii Skhabitskiy,3,1,36,25,11,61,2021-09-05 11:00:00,527447
A Bogomolov_113984,A Bogomolov,-3,0,21,33,-12,54,2021-09-05 11:00:00,527448
Maxim Naumchuk_1051345998,Maxim Naumchuk,-1,0,44,50,-6,94,2021-09-05 11:05:00,527449
Oleksandr Kovalchuk_146158,Oleksandr Kovalchuk,-2,0,37,36,1,73,2021-09-05 11:05:00,527450
Ihor Solomianyi_1657613146,Ihor Solomianyi,-3,0,18,33,-15,51,2021-09-05 11:10:00,527451
Svitlana Babushkina_146445,Svitlana Babushkina,-3,0,21,33,-12,54,2021-09-05 11:10:00,527452
Valerii Davydov_146183,Valerii Davydov,-2,0,27,42,-15,69,2021-09-05 11:15:00,527453
Yevhen Masko_938666261,Yevhen Masko,-2,0,23,40,-17,63,2021-09-05 11:15:00,527454
V Selkin_113988,V Selkin,-3,0,26,36,-10,62,2021-09-05 11:20:00,527455
Roman Mazur_146129,Roman Mazur,-3,0,22,33,-11,55,2021-09-05 11:20:00,527456
Yevhen Pysmennyi_846104543,Yevhen Pysmennyi,1,1,53,45,8,98,2021-09-05 11:20:00,527457
Yevhen Hasan_146192,Yevhen Hasan,1,1,48,40,8,88,2021-09-05 11:20:00,527458
D Kolesnikov_113986,D Kolesnikov,3,1,34,18,16,52,2021-09-05 11:23:00,527459
Borys Buriak_1981024563,Borys Buriak,1,1,49,42,7,91,2021-09-05 11:25:00,527460
Oleksandr Lykhytskyi_146352,Oleksandr Lykhytskyi,2,1,43,36,7,79,2021-09-05 11:25:00,527461
Petr Dvorak_146302,Petr Dvorak,-3,0,14,33,-19,47,2021-09-05 11:30:00,527462
Andrii Martyniuk_146144,Andrii Martyniuk,2,1,39,33,6,72,2021-09-05 11:30:00,527463
Bohdan Sinkevych_213535137,Bohdan Sinkevych,-2,0,34,38,-4,72,2021-09-05 11:30:00,527464
S Bilyuga_113904,S Bilyuga,3,1,33,22,11,55,2021-09-05 11:31:00,527465
Halyna Telna_1109307582,Halyna Telna,2,1,41,31,10,72,2021-09-05 11:35:00,527466
Igor Shyndel_146335,Igor Shyndel,-1,0,39,51,-12,90,2021-09-05 11:35:00,527467
T Vorisek_25472,T Vorisek,-3,0,31,37,-6,68,2021-09-05 11:35:00,527468
Oleh Formaziuk_1229478224,Oleh Formaziuk,-3,0,19,33,-14,52,2021-09-05 11:40:00,527469
Alena Petlenko_146446,Alena Petlenko,3,1,36,29,7,65,2021-09-05 11:40:00,527470
Oleksandr Durduka_146184,Oleksandr Durduka,3,1,33,10,23,43,2021-09-05 11:45:00,527471
Oleksii Tkachuk_1183302472,Oleksii Tkachuk,-2,0,37,45,-8,82,2021-09-05 11:45:00,527472
A Slachshilin_113965,A Slachshilin,-3,0,20,33,-13,53,2021-09-05 11:46:00,527473
D Sayanov_113864,D Sayanov,2,1,39,34,5,73,2021-09-05 11:46:00,527474
Yaroslav Tebenko_146130,Yaroslav Tebenko,3,1,34,24,10,58,2021-09-05 11:50:00,527475
Sergey Filatov_1588666714,Sergey Filatov,2,1,43,29,14,72,2021-09-05 11:50:00,527476
Vladyslav Mishchenko_146193,Vladyslav Mishchenko,2,1,43,37,6,80,2021-09-05 11:50:00,527477
Yurii Teteria_1625162128,Yurii Teteria,2,1,39,36,3,75,2021-09-05 11:55:00,527478
Viacheslav Isakov_146353,Viacheslav Isakov,1,1,44,49,-5,93,2021-09-05 11:55:00,527479
O Kutuzov_113905,O Kutuzov,1,1,50,43,7,93,2021-09-05 12:00:00,527480
L Boruvka_25473,L Boruvka,-2,0,38,43,-5,81,2021-09-05 12:00:00,527481
Jan Jr Krames_146676,Jan Jr Krames,2,1,42,29,13,71,2021-09-05 12:00:00,527482
Yevhen Churpita_146145,Yevhen Churpita,-2,0,31,42,-11,73,2021-09-05 12:00:00,527483
Dmytro Belanchyk_1222823296,Dmytro Belanchyk,2,1,40,27,13,67,2021-09-05 12:00:00,527484
Vitalii Lievshin_548351155,Vitalii Lievshin,-1,0,31,47,-16,78,2021-09-05 12:05:00,527485
Serhii Tkachev_146336,Serhii Tkachev,3,1,35,25,10,60,2021-09-05 12:05:00,527486
Olena Telezhynska_604308468,Olena Telezhynska,-2,0,44,45,-1,89,2021-09-05 12:10:00,527487
Marharyta Saltanovska_146447,Marharyta Saltanovska,2,1,42,35,7,77,2021-09-05 12:10:00,527488
Serhiy Tkachuk_837765399,Serhiy Tkachuk,3,1,35,25,10,60,2021-09-05 12:15:00,527489
Dmytro Kunchurov_146185,Dmytro Kunchurov,1,1,45,49,-4,94,2021-09-05 12:15:00,527490
I Novikov_113865,I Novikov,-1,0,46,50,-4,96,2021-09-05 12:19:00,527491
E Kupryakov_113966,E Kupryakov,1,1,47,38,9,85,2021-09-05 12:19:00,527492
Oleksandr Kolbasenko_146194,Oleksandr Kolbasenko,-2,0,33,38,-5,71,2021-09-05 12:20:00,527493
Stepan Nykyforuk_786371270,Stepan Nykyforuk,1,1,45,44,1,89,2021-09-05 12:20:00,527494
Volodymyr Hera_146131,Volodymyr Hera,1,1,48,40,8,88,2021-09-05 12:20:00,527495
Valentyn Korovychenko_1934331314,Valentyn Korovychenko,2,1,42,32,10,74,2021-09-05 12:25:00,527496
Valeriy Vlasenko_146354,Valeriy Vlasenko,1,1,46,47,-1,93,2021-09-05 12:25:00,527497
Serhii Hohenko_578740419,Serhii Hohenko,1,1,45,47,-2,92,2021-09-05 12:30:00,527498
Vitalii Levytskyi_146146,Vitalii Levytskyi,-2,0,26,34,-8,60,2021-09-05 12:30:00,527499
Jakub Boruvka_146677,Jakub Boruvka,2,1,41,39,2,80,2021-09-05 12:30:00,527500
A Uvarov_113906,A Uvarov,-1,0,47,47,0,94,2021-09-05 12:33:00,527501
Artem Nesterenko_24316618,Artem Nesterenko,-1,0,47,43,4,90,2021-09-05 12:35:00,527502
Pavlo Babenko_146337,Pavlo Babenko,2,1,39,32,7,71,2021-09-05 12:35:00,527503
Oleksandr Tuzhylin_5669564,Oleksandr Tuzhylin,-2,0,28,39,-11,67,2021-09-05 12:40:00,527504
L Boruvka_25500,L Boruvka,-3,0,25,33,-8,58,2021-09-05 12:43:00,527505
Elena Pentuk_1642280052,Elena Pentuk,1,1,50,42,8,92,2021-09-05 12:45:00,527506
Iulii Khomutovskyi_146186,Iulii Khomutovskyi,3,1,33,21,12,54,2021-09-05 12:45:00,527507
A Kozlov_113866,A Kozlov,-1,0,43,46,-3,89,2021-09-05 12:46:00,527508
R Homenko_113967,R Homenko,1,1,53,43,10,96,2021-09-05 12:48:00,527509
Yevhen Hasan_146195,Yevhen Hasan,-3,0,21,33,-12,54,2021-09-05 12:50:00,527510
Ihor Kvak_146132,Ihor Kvak,3,1,33,18,15,51,2021-09-05 12:50:00,527511
Maxim Naumchuk_1927566755,Maxim Naumchuk,1,1,58,50,8,108,2021-09-05 12:50:00,527512
Ruslan Solomko_146355,Ruslan Solomko,-2,0,37,43,-6,80,2021-09-05 12:55:00,527513
Ihor Solomianyi_1230742645,Ihor Solomianyi,-1,0,37,48,-11,85,2021-09-05 12:55:00,527514
Radek Slavik_146303,Radek Slavik,-1,0,43,48,-5,91,2021-09-05 13:00:00,527515
Mykola Lytvynenko_1600655230,Mykola Lytvynenko,1,1,47,49,-2,96,2021-09-05 13:00:00,527516
Sergii Skhabitskiy_146147,Sergii Skhabitskiy,3,1,36,28,8,64,2021-09-05 13:00:00,527517
M Vavra_25501,M Vavra,2,1,43,35,8,78,2021-09-05 13:01:00,527518
Serhii Tsybulin_204710309,Serhii Tsybulin,-2,0,34,40,-6,74,2021-09-05 13:05:00,527519
V Beliakov_113907,V Beliakov,-3,0,19,33,-14,52,2021-09-05 13:06:00,527520
Nikolay Bondarenko_424935724,Nikolay Bondarenko,3,1,33,21,12,54,2021-09-05 13:10:00,527521
Artem Chepurnyi_146704,Artem Chepurnyi,3,1,33,22,11,55,2021-09-05 13:10:00,527522
Svitlana Babushkina_146702,Svitlana Babushkina,-3,0,23,38,-15,61,2021-09-05 13:10:00,527523
Dmytro Yaremchuk_603485583,Dmytro Yaremchuk,-1,0,48,54,-6,102,2021-09-05 13:15:00,527524
A Lobanov_113867,A Lobanov,-3,0,22,33,-11,55,2021-09-05 13:17:00,527525
Yaroslav Strilnyk_146196,Yaroslav Strilnyk,3,1,33,21,12,54,2021-09-05 13:20:00,527526
Oleksandr Durduka_146706,Oleksandr Durduka,3,1,33,20,13,53,2021-09-05 13:20:00,527527
Anna Miklukha_1719727433,Anna Miklukha,3,1,37,30,7,67,2021-09-05 13:20:00,527528
V Evlampiev_113968,V Evlampiev,-1,0,48,43,5,91,2021-09-05 13:20:00,527529
Yaroslav Tebenko_146133,Yaroslav Tebenko,2,1,48,42,6,90,2021-09-05 13:20:00,527530
Maksym Skhabovskyi_660429274,Maksym Skhabovskyi,1,1,48,46,2,94,2021-09-05 13:25:00,527531
Oleksandr Lykhytskyi_146356,Oleksandr Lykhytskyi,-1,0,44,47,-3,91,2021-09-05 13:25:00,527532
Vasyl Aksenin_1247004023,Vasyl Aksenin,2,1,41,30,11,71,2021-09-05 13:30:00,527533
Maxim Suvorov_146304,Maxim Suvorov,-3,0,17,33,-16,50,2021-09-05 13:30:00,527534
A Uvarov_113908,A Uvarov,2,1,41,27,14,68,2021-09-05 13:30:00,527535
Yevhen Churpita_146148,Yevhen Churpita,-2,0,31,42,-11,73,2021-09-05 13:30:00,527536
Yevhen Masko_1105716237,Yevhen Masko,1,1,51,43,8,94,2021-09-05 13:35:00,527537
M Huk_25474,M Huk,-1,0,39,50,-11,89,2021-09-05 13:39:00,527538
Pavlo Babenko_146705,Pavlo Babenko,-1,0,44,50,-6,94,2021-09-05 13:40:00,527539
Kateryna Hubska_146703,Kateryna Hubska,3,1,34,24,10,58,2021-09-05 13:40:00,527540
Yevhen Pysmennyi_1973795142,Yevhen Pysmennyi,-3,0,21,33,-12,54,2021-09-05 13:40:00,527541
Borys Buriak_2082547707,Borys Buriak,2,1,43,37,6,80,2021-09-05 13:45:00,527542
A Kozlov_113868,A Kozlov,3,1,34,25,9,59,2021-09-05 13:46:00,527543
Bohdan Sinkevych_1231401121,Bohdan Sinkevych,1,1,50,44,6,94,2021-09-05 13:50:00,527544
Iulii Khomutovskyi_146707,Iulii Khomutovskyi,2,1,37,30,7,67,2021-09-05 13:50:00,527545
Vladyslav Mishchenko_146708,Vladyslav Mishchenko,-1,0,49,50,-1,99,2021-09-05 13:50:00,527546
Oleh Sapuzhak_146134,Oleh Sapuzhak,-3,0,22,33,-11,55,2021-09-05 13:50:00,527547
Halyna Telna_453231224,Halyna Telna,-2,0,35,45,-10,80,2021-09-05 13:55:00,527548
Viacheslav Isakov_146357,Viacheslav Isakov,-3,0,21,33,-12,54,2021-09-05 13:55:00,527549
R Homenko_113969,R Homenko,-1,0,48,51,-3,99,2021-09-05 13:58:00,527550
Oleh Formaziuk_738312832,Oleh Formaziuk,2,1,44,33,11,77,2021-09-05 14:00:00,527551
Maxim Suvorov_146305,Maxim Suvorov,-2,0,37,36,1,73,2021-09-05 14:00:00,527552
O Kutuzov_113909,O Kutuzov,2,1,39,30,9,69,2021-09-05 14:00:00,527553
Oleksandr Lymarenko_146149,Oleksandr Lymarenko,3,1,34,25,9,59,2021-09-05 14:00:00,527554
L Jindrak_25475,L Jindrak,3,1,33,27,6,60,2021-09-05 14:04:00,527555
Oleksii Tkachuk_1254975961,Oleksii Tkachuk,2,1,40,29,11,69,2021-09-05 14:05:00,527556
Sergey Filatov_1999115854,Sergey Filatov,3,1,37,25,12,62,2021-09-05 14:10:00,527557
Serhii Hohenko_971973433,Serhii Hohenko,2,1,44,30,14,74,2021-09-05 14:15:00,527558
I Novikov_113869,I Novikov,-3,0,24,33,-9,57,2021-09-05 14:16:00,527559
Artem Nesterenko_1841152516,Artem Nesterenko,-3,0,20,33,-13,53,2021-09-05 14:20:00,527560
Anatolii Nazarov_146709,Anatolii Nazarov,-1,0,41,52,-11,93,2021-09-05 14:20:00,527561
Yaroslav Tebenko_146135,Yaroslav Tebenko,-1,0,35,50,-15,85,2021-09-05 14:20:00,527562
M Sulc_25476,M Sulc,-2,0,32,39,-7,71,2021-09-05 14:23:00,527563
Ruslan Solomko_146358,Ruslan Solomko,1,1,47,43,4,90,2021-09-05 14:25:00,527564
Dmytro Yaremchuk_530671414,Dmytro Yaremchuk,-3,0,12,33,-21,45,2021-09-05 14:25:00,527565
Halyna Telna_1151442994,Halyna Telna,-2,0,34,44,-10,78,2021-09-05 14:30:00,527566
V Beliakov_114023,V Beliakov,1,1,47,42,5,89,2021-09-05 14:30:00,527567
Yevhen Churpita_146150,Yevhen Churpita,1,1,45,39,6,84,2021-09-05 14:30:00,527568
Radek Slavik_146306,Radek Slavik,-3,0,22,33,-11,55,2021-09-05 14:30:00,527569
Oleh Formaziuk_1449004844,Oleh Formaziuk,2,1,47,41,6,88,2021-09-05 14:35:00,527570
Ivan Synytskyi_229016727,Ivan Synytskyi,3,1,33,20,13,53,2021-09-05 14:40:00,527571
E Kupryakov_113970,E Kupryakov,3,1,33,14,19,47,2021-09-05 14:42:00,527572
P Bradac_25477,P Bradac,2,1,45,28,17,73,2021-09-05 14:43:00,527573
Valentyn Korovychenko_1070007117,Valentyn Korovychenko,2,1,46,38,8,84,2021-09-05 14:45:00,527574
A Lobanov_114035,A Lobanov,-3,0,23,33,-10,56,2021-09-05 14:46:00,527575
Roman Mazur_146136,Roman Mazur,-2,0,32,45,-13,77,2021-09-05 14:50:00,527576
Serhii Boiko_1521707112,Serhii Boiko,3,1,33,21,12,54,2021-09-05 14:50:00,527577
Stanislav Harenko_25459710,Stanislav Harenko,-1,0,47,45,2,92,2021-09-05 14:55:00,527578
Yurii Kurishchenko_146359,Yurii Kurishchenko,2,1,42,34,8,76,2021-09-05 14:55:00,527579
Andrii Martyniuk_146151,Andrii Martyniuk,-1,0,39,49,-10,88,2021-09-05 15:00:00,527580
Vitalii Lievshin_1595569427,Vitalii Lievshin,-2,0,35,43,-8,78,2021-09-05 15:00:00,527581
Erik Mares_146307,Erik Mares,3,1,33,24,9,57,2021-09-05 15:00:00,527582
A Slachshilin_114049,A Slachshilin,-3,0,20,33,-13,53,2021-09-05 15:02:00,527583
S Bilyuga_114024,S Bilyuga,2,1,45,37,8,82,2021-09-05 15:03:00,527584
M Sulc_25478,M Sulc,-3,0,19,34,-15,53,2021-09-05 15:04:00,527585
Olga Melnyk_815478718,Olga Melnyk,-3,0,21,34,-13,55,2021-09-05 15:05:00,527586
Maksym Skhabovskyi_2038881741,Maksym Skhabovskyi,-1,0,43,48,-5,91,2021-09-05 15:10:00,527587
A Kozlov_114036,A Kozlov,-3,0,21,33,-12,54,2021-09-05 15:15:00,527588
Oleksii Tkachuk_372182317,Oleksii Tkachuk,-2,0,39,41,-2,80,2021-09-05 15:15:00,527589
Yevhen Masko_1512320418,Yevhen Masko,-2,0,35,44,-9,79,2021-09-05 15:20:00,527590
Mariia Topchyi_146361,Mariia Topchyi,1,1,49,45,4,94,2021-09-05 15:20:00,527591
V Evlampiev_114050,V Evlampiev,2,1,42,39,3,81,2021-09-05 15:22:00,527592
Ruslan Solomko_146210,Ruslan Solomko,-1,0,39,47,-8,86,2021-09-05 15:25:00,527593
Serhii Hohenko_47118538,Serhii Hohenko,3,1,35,26,9,61,2021-09-05 15:25:00,527594
Artem Nesterenko_536148052,Artem Nesterenko,-3,0,27,36,-9,63,2021-09-05 15:30:00,527595
L Jindrak_25479,L Jindrak,-3,0,30,37,-7,67,2021-09-05 15:30:00,527596
Radek Slavik_146308,Radek Slavik,-2,0,39,39,0,78,2021-09-05 15:30:00,527597
Ivan Panchenko_146212,Ivan Panchenko,-1,0,40,48,-8,88,2021-09-05 15:30:00,527598
A Alekseyev_113910,A Alekseyev,1,1,43,36,7,79,2021-09-05 15:31:00,527599
Serhii Bondarenko_146376,Serhii Bondarenko,1,1,52,41,11,93,2021-09-05 15:35:00,527600
Vitali Rychkou_678567985,Vitali Rychkou,-2,0,34,41,-7,75,2021-09-05 15:35:00,527601
Olha Panchyshyn_146242,Olha Panchyshyn,1,1,50,41,9,91,2021-09-05 15:40:00,527602
Vadym Shvydkyi_1710129577,Vadym Shvydkyi,2,1,40,36,4,76,2021-09-05 15:40:00,527603
Valerii Hries_146388,Valerii Hries,-1,0,48,51,-3,99,2021-09-05 15:45:00,527604
S Homutov_113870,S Homutov,-1,0,44,48,-4,92,2021-09-05 15:46:00,527605
Yaroslav Vorsuliak_923553953,Yaroslav Vorsuliak,-3,0,23,37,-14,60,2021-09-05 15:50:00,527606
Nataliia Svydnytska_146362,Nataliia Svydnytska,3,1,33,23,10,56,2021-09-05 15:50:00,527607
Valeriy Vlasenko_146360,Valeriy Vlasenko,1,1,62,59,3,121,2021-09-05 15:55:00,527608
Oleksandr Zhukovskyi_1110763698,Oleksandr Zhukovskyi,1,1,46,45,1,91,2021-09-05 15:55:00,527609
V Petrov_113939,V Petrov,-1,0,46,41,5,87,2021-09-05 15:57:00,527610
Yurii Teteria_818527298,Yurii Teteria,2,1,40,33,7,73,2021-09-05 16:00:00,527611
V Nemashkalo_113911,V Nemashkalo,2,1,44,35,9,79,2021-09-05 16:00:00,527612
M Sulc_25526,M Sulc,2,1,41,36,5,77,2021-09-05 16:00:00,527613
Oleh Ilin_146213,Oleh Ilin,-1,0,42,53,-11,95,2021-09-05 16:00:00,527614
Maxim Suvorov_146710,Maxim Suvorov,-1,0,45,53,-8,98,2021-09-05 16:05:00,527615
Dmytro Belanchyk_40888910,Dmytro Belanchyk,-1,0,50,60,-10,110,2021-09-05 16:05:00,527616
Dmytro Rehotun_146377,Dmytro Rehotun,2,1,45,40,5,85,2021-09-05 16:05:00,527617
I Kirpitnev_113811,I Kirpitnev,1,1,48,48,0,96,2021-09-05 16:10:00,527618
Andrii Baklykov_461620382,Andrii Baklykov,2,1,43,42,1,85,2021-09-05 16:10:00,527619
Anastasiia Zabolotna_146243,Anastasiia Zabolotna,-1,0,33,49,-16,82,2021-09-05 16:10:00,527620
Dmytro Khairov_146389,Dmytro Khairov,-3,0,27,34,-7,61,2021-09-05 16:15:00,527621
Dmytro Baistriuchenko_1270759635,Dmytro Baistriuchenko,-2,0,34,38,-4,72,2021-09-05 16:15:00,527622
A Arutiunyan_113871,A Arutiunyan,2,1,41,39,2,80,2021-09-05 16:20:00,527623
Olha Umantsyv_146363,Olha Umantsyv,3,1,34,22,12,56,2021-09-05 16:20:00,527624
Roman Oliynyk_1603168658,Roman Oliynyk,1,1,44,36,8,80,2021-09-05 16:20:00,527625
Igor Piskorskyu_51100122,Igor Piskorskyu,-1,0,41,48,-7,89,2021-09-05 16:25:00,527626
Valerii Lukianevych_146403,Valerii Lukianevych,1,1,51,48,3,99,2021-09-05 16:25:00,527627
Yevhen Masko_803450173,Yevhen Masko,2,1,43,35,8,78,2021-09-05 16:30:00,527628
M Huk_25527,M Huk,-3,0,24,35,-11,59,2021-09-05 16:30:00,527629
Serhii Trushkovskyi_146214,Serhii Trushkovskyi,-2,0,35,46,-11,81,2021-09-05 16:30:00,527630
V Rahmanov_113940,V Rahmanov,-1,0,40,47,-7,87,2021-09-05 16:30:00,527631
Ir Kim_113912,Ir Kim,-2,0,28,45,-17,73,2021-09-05 16:31:00,527632
Yurii Kolesnyk_146229,Yurii Kolesnyk,1,1,51,46,5,97,2021-09-05 16:35:00,527633
Vojtech Kaplan_146711,Vojtech Kaplan,1,1,48,41,7,89,2021-09-05 16:35:00,527634
Yevhen Pysmennyi_1492354521,Yevhen Pysmennyi,-2,0,45,49,-4,94,2021-09-05 16:35:00,527635
Anastasia Degteva_146244,Anastasia Degteva,1,1,53,46,7,99,2021-09-05 16:40:00,527636
Artem Nesterenko_1844429446,Artem Nesterenko,-1,0,49,51,-2,100,2021-09-05 16:40:00,527637
Viktor Volkovskyi_146390,Viktor Volkovskyi,3,1,33,21,12,54,2021-09-05 16:45:00,527638
Vitali Rychkou_2122187541,Vitali Rychkou,-3,0,27,35,-8,62,2021-09-05 16:45:00,527639
E Golovachev_113872,E Golovachev,2,1,41,37,4,78,2021-09-05 16:46:00,527640
Nataliia Svydnytska_146364,Nataliia Svydnytska,3,1,36,29,7,65,2021-09-05 16:50:00,527641
Vadym Shvydkyi_1410968573,Vadym Shvydkyi,-1,0,42,43,-1,85,2021-09-05 16:50:00,527642
Viktor Kotov_524291014,Viktor Kotov,-1,0,41,46,-5,87,2021-09-05 16:55:00,527643
Illia Marynkevych_146404,Illia Marynkevych,1,1,57,49,8,106,2021-09-05 16:55:00,527644
A Kolmin_113913,A Kolmin,3,1,33,26,7,59,2021-09-05 16:59:00,527645
P Gireth_25480,P Gireth,1,1,55,48,7,103,2021-09-05 16:59:00,527646
Yaroslav Vorsuliak_210812878,Yaroslav Vorsuliak,-1,0,52,52,0,104,2021-09-05 17:00:00,527647
Jan Jr Krames_146309,Jan Jr Krames,3,1,37,21,16,58,2021-09-05 17:00:00,527648
Oleh Ilin_146215,Oleh Ilin,-1,0,48,53,-5,101,2021-09-05 17:00:00,527649
Dmytro Rehotun_146378,Dmytro Rehotun,-2,0,26,39,-13,65,2021-09-05 17:05:00,527650
Mykola Lytvynenko_471696857,Mykola Lytvynenko,-2,0,31,41,-10,72,2021-09-05 17:05:00,527651
Yurii Teteria_875234042,Yurii Teteria,2,1,42,30,12,72,2021-09-05 17:10:00,527652
Anastasiia Zabolotna_146245,Anastasiia Zabolotna,1,1,50,46,4,96,2021-09-05 17:10:00,527653
K Nosov_113873,K Nosov,3,1,33,18,15,51,2021-09-05 17:15:00,527654
Dmytro Khairov_146391,Dmytro Khairov,-3,0,15,33,-18,48,2021-09-05 17:15:00,527655
Illia Yanishevskiy_2130968513,Illia Yanishevskiy,2,1,35,32,3,67,2021-09-05 17:15:00,527656
A Shirshov_113941,A Shirshov,-1,0,52,51,1,103,2021-09-05 17:15:00,527657
Mariia Topchyi_146365,Mariia Topchyi,2,1,40,32,8,72,2021-09-05 17:20:00,527658
Andrii Baklykov_1249490035,Andrii Baklykov,-2,0,39,45,-6,84,2021-09-05 17:20:00,527659
Nikita Zinov_1171526683,Nikita Zinov,-3,0,20,34,-14,54,2021-09-05 17:25:00,527660
Vladyslav Shyriaiev_146405,Vladyslav Shyriaiev,-2,0,39,41,-2,80,2021-09-05 17:25:00,527661
Ivan Panchenko_146216,Ivan Panchenko,-3,0,12,33,-21,45,2021-09-05 17:30:00,527662
Roman Oliynyk_948915010,Roman Oliynyk,1,1,52,45,7,97,2021-09-05 17:30:00,527663
Jakub Boruvka_146310,Jakub Boruvka,2,1,38,31,7,69,2021-09-05 17:30:00,527664
D Salomon_25481,D Salomon,-2,0,29,40,-11,69,2021-09-05 17:30:00,527665
Ir Kim_113914,Ir Kim,2,1,46,37,9,83,2021-09-05 17:31:00,527666
Serhii Bondarenko_146379,Serhii Bondarenko,1,1,48,40,8,88,2021-09-05 17:35:00,527667
Volodymyr Ivasiv_157324272,Volodymyr Ivasiv,-2,0,33,39,-6,72,2021-09-05 17:35:00,527668
Olha Panchyshyn_146246,Olha Panchyshyn,3,1,33,23,10,56,2021-09-05 17:40:00,527669
Davyd Symonchuk_1199335494,Davyd Symonchuk,-2,0,29,39,-10,68,2021-09-05 17:40:00,527670
Valerii Hries_146392,Valerii Hries,-1,0,44,49,-5,93,2021-09-05 17:45:00,527671
E Golovachev_113874,E Golovachev,2,1,41,35,6,76,2021-09-05 17:45:00,527672
Serhii Boiko_1367372306,Serhii Boiko,-3,0,18,33,-15,51,2021-09-05 17:45:00,527673
Romana Faflei_146366,Romana Faflei,-3,0,29,35,-6,64,2021-09-05 17:50:00,527674
Nikolay Bondarenko_516451665,Nikolay Bondarenko,-1,0,46,48,-2,94,2021-09-05 17:50:00,527675
Vitali Rychkou_2036421108,Vitali Rychkou,-3,0,22,33,-11,55,2021-09-05 17:55:00,527676
Illia Marynkevych_146406,Illia Marynkevych,3,1,33,20,13,53,2021-09-05 17:55:00,527677
V Fedorov_113942,V Fedorov,-3,0,18,34,-16,52,2021-09-05 17:59:00,527678
Jakub Boruvka_146311,Jakub Boruvka,-2,0,37,44,-7,81,2021-09-05 18:00:00,527679
Ja Kanera_25482,Ja Kanera,1,1,50,46,4,96,2021-09-05 18:00:00,527680
Dmytro Baistriuchenko_2011164934,Dmytro Baistriuchenko,-1,0,45,51,-6,96,2021-09-05 18:00:00,527681
Maksym Kozhevnikov_146217,Maksym Kozhevnikov,-3,0,16,35,-19,51,2021-09-05 18:00:00,527682
V Nemashkalo_113915,V Nemashkalo,-1,0,51,51,0,102,2021-09-05 18:01:00,527683
Oleg Shevchuk_229164611,Oleg Shevchuk,3,1,36,26,10,62,2021-09-05 18:05:00,527684
Roman Hnoievoi_146380,Roman Hnoievoi,3,1,33,20,13,53,2021-09-05 18:05:00,527685
Igor Piskorskyu_1713623873,Igor Piskorskyu,-3,0,27,35,-8,62,2021-09-05 18:10:00,527686
Maryna Slashchova_146247,Maryna Slashchova,3,1,33,19,14,52,2021-09-05 18:10:00,527687
Serhii Yatsenko_146393,Serhii Yatsenko,-2,0,37,43,-6,80,2021-09-05 18:15:00,527688
Sergey Filatov_1577875196,Sergey Filatov,2,1,44,36,8,80,2021-09-05 18:15:00,527689
A Arutiunyan_113875,A Arutiunyan,1,1,45,39,6,84,2021-09-05 18:16:00,527690
A Shirshov_113943,A Shirshov,2,1,41,33,8,74,2021-09-05 18:17:00,527691
Serhii Kiilo_588597476,Serhii Kiilo,1,1,52,51,1,103,2021-09-05 18:20:00,527692
Olha Umantsyv_146367,Olha Umantsyv,3,1,34,18,16,52,2021-09-05 18:20:00,527693
Valerii Lukianevych_146407,Valerii Lukianevych,2,1,42,27,15,69,2021-09-05 18:25:00,527694
Oleksandr Brezytskyi_726198888,Oleksandr Brezytskyi,-3,0,11,33,-22,44,2021-09-05 18:25:00,527695
Anatolii Lievshin_8069714,Anatolii Lievshin,2,1,43,27,16,70,2021-09-05 18:30:00,527696
Serhii Trushkovskyi_146218,Serhii Trushkovskyi,2,1,41,37,4,78,2021-09-05 18:30:00,527697
Jan Jr Krames_146312,Jan Jr Krames,-2,0,34,37,-3,71,2021-09-05 18:30:00,527698
jr. Havlik_25483,jr. Havlik,-3,0,21,33,-12,54,2021-09-05 18:32:00,527699
Ir Kim_114107,Ir Kim,-2,0,38,41,-3,79,2021-09-05 18:35:00,527700
Yurii Kolesnyk_146233,Yurii Kolesnyk,3,1,37,27,10,64,2021-09-05 18:35:00,527701
Vadym Shvydkyi_612542171,Vadym Shvydkyi,-3,0,25,33,-8,58,2021-09-05 18:35:00,527702
Anastasia Degteva_146248,Anastasia Degteva,3,1,33,19,14,52,2021-09-05 18:40:00,527703
Viktor Kotov_1962423448,Viktor Kotov,3,1,33,21,12,54,2021-09-05 18:40:00,527704
Yaroslav Vorsuliak_1481560161,Yaroslav Vorsuliak,-3,0,21,33,-12,54,2021-09-05 18:45:00,527705
Viktor Volkovskyi_146394,Viktor Volkovskyi,1,1,46,44,2,90,2021-09-05 18:45:00,527706
V Rahmanov_113944,V Rahmanov,-1,0,48,48,0,96,2021-09-05 18:46:00,527707
S Homutov_114109,S Homutov,1,1,47,49,-2,96,2021-09-05 18:47:00,527708
Mykola Lytvynenko_1541086036,Mykola Lytvynenko,-2,0,32,40,-8,72,2021-09-05 18:50:00,527709
Nataliia Svydnytska_146368,Nataliia Svydnytska,2,1,40,28,12,68,2021-09-05 18:50:00,527710
Oleksandr Yarovoi_1974567288,Oleksandr Yarovoi,1,1,49,37,12,86,2021-09-05 18:55:00,527711
Andrii Sydorenko_146408,Andrii Sydorenko,2,1,42,29,13,71,2021-09-05 18:55:00,527712
Tomas Vorisek_146313,Tomas Vorisek,-1,0,46,42,4,88,2021-09-05 19:00:00,527713
Ja Kanera_25484,Ja Kanera,3,1,33,21,12,54,2021-09-05 19:00:00,527714
Oleksandr Brezytskyi_1946727545,Oleksandr Brezytskyi,-3,0,12,33,-21,45,2021-09-05 19:00:00,527715
Oleh Ilin_146219,Oleh Ilin,-1,0,47,46,1,93,2021-09-05 19:00:00,527716
A Kolmin_114108,A Kolmin,-3,0,22,34,-12,56,2021-09-05 19:04:00,527717
Dmytro Rehotun_146381,Dmytro Rehotun,1,1,47,47,0,94,2021-09-05 19:05:00,527718
Andrii Baklykov_294118896,Andrii Baklykov,2,1,40,38,2,78,2021-09-05 19:05:00,527719
Anastasiia Zabolotna_146249,Anastasiia Zabolotna,1,1,50,42,8,92,2021-09-05 19:10:00,527720
Nikita Zinov_1627904513,Nikita Zinov,3,1,33,18,15,51,2021-09-05 19:10:00,527721
Roman Oliynyk_1601790589,Roman Oliynyk,3,1,34,28,6,62,2021-09-05 19:15:00,527722
Dmytro Khairov_146395,Dmytro Khairov,1,1,47,44,3,91,2021-09-05 19:15:00,527723
Volodymyr Ivasiv_1862201396,Volodymyr Ivasiv,-3,0,27,36,-9,63,2021-09-05 19:20:00,527724
Mariia Topchyi_146369,Mariia Topchyi,1,1,46,41,5,87,2021-09-05 19:20:00,527725
Roman Zholubak_146272,Roman Zholubak,-1,0,42,50,-8,92,2021-09-05 19:20:00,527726
E Golovachev_114110,E Golovachev,-1,0,46,46,0,92,2021-09-05 19:23:00,527727
Vladyslav Shyriaiev_146409,Vladyslav Shyriaiev,1,1,52,44,8,96,2021-09-05 19:25:00,527728
V Fedorov_114111,V Fedorov,-3,0,20,33,-13,53,2021-09-05 19:25:00,527729
Ivan Panchenko_146220,Ivan Panchenko,-2,0,32,43,-11,75,2021-09-05 19:30:00,527730
Jan Jr Krames_146314,Jan Jr Krames,-3,0,17,33,-16,50,2021-09-05 19:30:00,527731
Serhii Kiilo_342468436,Serhii Kiilo,-3,0,18,33,-15,51,2021-09-05 19:30:00,527732
A Mohnachev_113916,A Mohnachev,3,1,34,19,15,53,2021-09-05 19:30:00,527733
D Salomon_25485,D Salomon,-2,0,31,43,-12,74,2021-09-05 19:31:00,527734
Serhii Bondarenko_146382,Serhii Bondarenko,-1,0,52,57,-5,109,2021-09-05 19:35:00,527735
Serhii Kubrak_660318324,Serhii Kubrak,2,1,36,34,2,70,2021-09-05 19:35:00,527736
Olha Panchyshyn_146250,Olha Panchyshyn,3,1,34,25,9,59,2021-09-05 19:40:00,527737
Vitali Rychkou_168306136,Vitali Rychkou,2,1,40,31,9,71,2021-09-05 19:40:00,527738
V Petrov_114112,V Petrov,2,1,40,31,9,71,2021-09-05 19:44:00,527739
Valeriy Petukhov_296814244,Valeriy Petukhov,-3,0,23,33,-10,56,2021-09-05 19:45:00,527740
Valerii Hries_146396,Valerii Hries,3,1,39,33,6,72,2021-09-05 19:45:00,527741
Mykhailo Mosiuk_146273,Mykhailo Mosiuk,3,1,33,14,19,47,2021-09-05 19:50:00,527742
Oleg Shevchuk_1591927786,Oleg Shevchuk,-3,0,14,33,-19,47,2021-09-05 19:50:00,527743
Romana Faflei_146370,Romana Faflei,-1,0,43,52,-9,95,2021-09-05 19:50:00,527744
Illia Marynkevych_146410,Illia Marynkevych,-1,0,41,52,-11,93,2021-09-05 19:55:00,527745
Igor Piskorskyu_1782343065,Igor Piskorskyu,-3,0,21,33,-12,54,2021-09-05 19:55:00,527746
V Marshalov_113876,V Marshalov,-1,0,47,47,0,94,2021-09-05 19:55:00,527747
Maksym Kozhevnikov_146221,Maksym Kozhevnikov,1,1,52,45,7,97,2021-09-05 20:00:00,527748
D Tikhnenko_113917,D Tikhnenko,2,1,42,37,5,79,2021-09-05 20:00:00,527749
Tomas Vorisek_146814,Tomas Vorisek,-1,0,44,49,-5,93,2021-09-05 20:05:00,527750
Roman Hnoievoi_146236,Roman Hnoievoi,1,1,51,41,10,92,2021-09-05 20:05:00,527751
Oleksandr Yarovoi_1003795822,Oleksandr Yarovoi,-1,0,40,50,-10,90,2021-09-05 20:05:00,527752
jr. Havlik_25528,jr. Havlik,3,1,33,22,11,55,2021-09-05 20:07:00,527753
Serhii Kiilo_640515219,Serhii Kiilo,-1,0,53,49,4,102,2021-09-05 20:10:00,527754
Maryna Slashchova_146251,Maryna Slashchova,2,1,42,36,6,78,2021-09-05 20:10:00,527755
A Gerasimov_113949,A Gerasimov,1,1,47,39,8,86,2021-09-05 20:13:00,527756
Serhii Yatsenko_146397,Serhii Yatsenko,2,1,46,38,8,84,2021-09-05 20:15:00,527757
Andrii Baklykov_2057897355,Andrii Baklykov,2,1,41,31,10,72,2021-09-05 20:15:00,527758
Olha Umantsyv_146371,Olha Umantsyv,-2,0,30,43,-13,73,2021-09-05 20:20:00,527759
Roman Zholubak_146274,Roman Zholubak,2,1,41,26,15,67,2021-09-05 20:20:00,527760
Vadym Shvydkyi_1703726279,Vadym Shvydkyi,-3,0,27,35,-8,62,2021-09-05 20:20:00,527761
Valerii Lukianevych_146411,Valerii Lukianevych,2,1,43,32,11,75,2021-09-05 20:25:00,527762
Viktor Kotov_1920416168,Viktor Kotov,3,1,33,20,13,53,2021-09-05 20:25:00,527763
A Golyshev_113877,A Golyshev,3,1,33,13,20,46,2021-09-05 20:25:00,527764
P Gireth_25529,P Gireth,-1,0,43,52,-9,95,2021-09-05 20:30:00,527765
Serhii Trushkovskyi_146222,Serhii Trushkovskyi,-3,0,20,34,-14,54,2021-09-05 20:30:00,527766
Petro Tsolik_985950728,Petro Tsolik,3,1,33,21,12,54,2021-09-05 20:30:00,527767
I Zemit_113918,I Zemit,-1,0,39,42,-3,81,2021-09-05 20:31:00,527768
Krystof Prida_146815,Krystof Prida,1,1,51,46,5,97,2021-09-05 20:35:00,527769
Yurii Kolesnyk_146383,Yurii Kolesnyk,-2,0,34,41,-7,75,2021-09-05 20:35:00,527770
Anastasia Degteva_146252,Anastasia Degteva,3,1,34,25,9,59,2021-09-05 20:40:00,527771
Serhii Kubrak_795480351,Serhii Kubrak,-3,0,24,33,-9,57,2021-09-05 20:40:00,527772
D Evlahin_113950,D Evlahin,2,1,40,34,6,74,2021-09-05 20:41:00,527773
Viktor Volkovskyi_146398,Viktor Volkovskyi,1,1,51,39,12,90,2021-09-05 20:45:00,527774
Oleksandr Yarovoi_62399493,Oleksandr Yarovoi,-1,0,51,52,-1,103,2021-09-05 20:45:00,527775
D Razinkov_113878,D Razinkov,2,1,42,30,12,72,2021-09-05 20:46:00,527776
Andrii Lukatskyi_146275,Andrii Lukatskyi,-2,0,37,41,-4,78,2021-09-05 20:50:00,527777
Mariia Topchyi_146372,Mariia Topchyi,2,1,45,37,8,82,2021-09-05 20:50:00,527778
Vitali Rychkou_1964052816,Vitali Rychkou,1,1,53,48,5,101,2021-09-05 20:50:00,527779
Andrii Sydorenko_146412,Andrii Sydorenko,1,1,51,48,3,99,2021-09-05 20:55:00,527780
Yehor Riadynskyi_1063198392,Yehor Riadynskyi,-3,0,21,33,-12,54,2021-09-05 20:55:00,527781
Filip Marat_146315,Filip Marat,3,1,33,15,18,48,2021-09-05 21:00:00,527782
Ivan Panchenko_146223,Ivan Panchenko,-3,0,17,35,-18,52,2021-09-05 21:00:00,527783
S Burov_113919,S Burov,-1,0,43,52,-9,95,2021-09-05 21:00:00,527784
Viktor Trachuk_994456196,Viktor Trachuk,3,1,33,25,8,58,2021-09-05 21:00:00,527785
Serhii Bondarenko_146384,Serhii Bondarenko,1,1,58,59,-1,117,2021-09-05 21:05:00,527786
Yaroslav Vorsuliak_1404967022,Yaroslav Vorsuliak,-1,0,45,49,-4,94,2021-09-05 21:05:00,527787
D Balakin_113951,D Balakin,3,1,37,30,7,67,2021-09-05 21:07:00,527788
P Pycha_25486,P Pycha,2,1,41,31,10,72,2021-09-05 21:09:00,527789
Olha Panchyshyn_146253,Olha Panchyshyn,-1,0,46,45,1,91,2021-09-05 21:10:00,527790
Valerii Hries_146399,Valerii Hries,3,1,33,14,19,47,2021-09-05 21:15:00,527791
Prokhor Puhach_1647142769,Prokhor Puhach,2,1,43,35,8,78,2021-09-05 21:15:00,527792
E Mishutin_113879,E Mishutin,-1,0,47,50,-3,97,2021-09-05 21:16:00,527793
Mykhailo Mosiuk_146276,Mykhailo Mosiuk,3,1,33,18,15,51,2021-09-05 21:20:00,527794
Serhii Kiilo_1806949954,Serhii Kiilo,3,1,33,19,14,52,2021-09-05 21:20:00,527795
Olena Kutkova_146373,Olena Kutkova,2,1,42,35,7,77,2021-09-05 21:20:00,527796
Andrii Baklykov_1071795432,Andrii Baklykov,-3,0,19,33,-14,52,2021-09-05 21:25:00,527797
Vladyslav Shyriaiev_146413,Vladyslav Shyriaiev,-1,0,45,49,-4,94,2021-09-05 21:25:00,527798
Frantisek Korenek_146316,Frantisek Korenek,1,1,53,43,10,96,2021-09-05 21:30:00,527799
Pavlo Khalupenko_146224,Pavlo Khalupenko,3,1,34,18,16,52,2021-09-05 21:30:00,527800
I Zemit_113920,I Zemit,-1,0,42,51,-9,93,2021-09-05 21:30:00,527801
I Abelmasov_113952,I Abelmasov,-3,0,23,34,-11,57,2021-09-05 21:32:00,527802
V Postelt_25487,V Postelt,3,1,33,17,16,50,2021-09-05 21:32:00,527803
Roman Oliynyk_445299958,Roman Oliynyk,1,1,50,52,-2,102,2021-09-05 21:35:00,527804
Oleksandr Liushnia_146385,Oleksandr Liushnia,-1,0,45,53,-8,98,2021-09-05 21:35:00,527805
Liudmyla Kudriei_146254,Liudmyla Kudriei,3,1,33,8,25,41,2021-09-05 21:40:00,527806
Igor Piskorskyu_820538065,Igor Piskorskyu,-3,0,31,40,-9,71,2021-09-05 21:40:00,527807
Vadym Kucheriavyi_146400,Vadym Kucheriavyi,2,1,51,46,5,97,2021-09-05 21:45:00,527808
D Razinkov_113880,D Razinkov,-3,0,19,34,-15,53,2021-09-05 21:46:00,527809
Serhii Kiilo_1534743981,Serhii Kiilo,-1,0,39,51,-12,90,2021-09-05 21:50:00,527810
Mariia Topchyi_146374,Mariia Topchyi,2,1,41,27,14,68,2021-09-05 21:50:00,527811
Roman Zholubak_146277,Roman Zholubak,-1,0,59,66,-7,125,2021-09-05 21:50:00,527812
D Balakin_113953,D Balakin,1,1,52,42,10,94,2021-09-05 21:51:00,527813
Valerii Lukianevych_146414,Valerii Lukianevych,-2,0,31,44,-13,75,2021-09-05 21:55:00,527814
Oleksandr Yarovoi_193195867,Oleksandr Yarovoi,-1,0,43,46,-3,89,2021-09-05 21:55:00,527815
M Cmunt_25488,M Cmunt,-3,0,19,33,-14,52,2021-09-05 22:00:00,527816
Frantisek Korenek_146317,Frantisek Korenek,1,1,49,40,9,89,2021-09-05 22:00:00,527817
Anatolii Lievshin_170956518,Anatolii Lievshin,3,1,34,17,17,51,2021-09-05 22:00:00,527818
Ivan Panchenko_146225,Ivan Panchenko,-1,0,43,50,-7,93,2021-09-05 22:00:00,527819
D Tikhnenko_113921,D Tikhnenko,1,1,53,42,11,95,2021-09-05 22:01:00,527820
Serhii Bondarenko_146386,Serhii Bondarenko,2,1,42,29,13,71,2021-09-05 22:05:00,527821
Olha Panchyshyn_146255,Olha Panchyshyn,1,1,52,49,3,101,2021-09-05 22:10:00,527822
Viktor Trachuk_1713602286,Viktor Trachuk,-1,0,43,54,-11,97,2021-09-05 22:10:00,527823
Valerii Hries_146401,Valerii Hries,2,1,43,28,15,71,2021-09-05 22:15:00,527824
Ihor Petryshyn_623472503,Ihor Petryshyn,-3,0,15,33,-18,48,2021-09-05 22:15:00,527825
A Golyshev_113881,A Golyshev,3,1,33,20,13,53,2021-09-05 22:16:00,527826
Nataliia Svydnytska_146375,Nataliia Svydnytska,3,1,34,20,14,54,2021-09-05 22:20:00,527827
Mykhailo Mosiuk_146278,Mykhailo Mosiuk,3,1,37,25,12,62,2021-09-05 22:20:00,527828
D Evlahin_113954,D Evlahin,1,1,51,44,7,95,2021-09-05 22:25:00,527829
Eduard Sotnikov_146415,Eduard Sotnikov,1,1,46,46,0,92,2021-09-05 22:25:00,527830
Filip Marat_146318,Filip Marat,2,1,42,35,7,77,2021-09-05 22:30:00,527831
Oleh Ilin_146226,Oleh Ilin,3,1,38,25,13,63,2021-09-05 22:30:00,527832
I Zemit_114113,I Zemit,-1,0,46,50,-4,96,2021-09-05 22:30:00,527833
K Novak_25489,K Novak,1,1,51,51,0,102,2021-09-05 22:31:00,527834
Dmytro Rehotun_146387,Dmytro Rehotun,1,1,53,46,7,99,2021-09-05 22:35:00,527835
Anastasiia Zabolotna_146256,Anastasiia Zabolotna,-2,0,26,40,-14,66,2021-09-05 22:40:00,527836
V Marshalov_114115,V Marshalov,1,1,59,53,6,112,2021-09-05 22:45:00,527837
Oleg Shevchuk_822945912,Oleg Shevchuk,-3,0,20,33,-13,53,2021-09-05 22:45:00,527838
Dmytro Khairov_146402,Dmytro Khairov,-3,0,18,33,-15,51,2021-09-05 22:45:00,527839
Andrii Lukatskyi_146279,Andrii Lukatskyi,1,1,45,42,3,87,2021-09-05 22:50:00,527840
Valerii Lukianevych_146416,Valerii Lukianevych,-3,0,20,33,-13,53,2021-09-05 22:55:00,527841
Serhii Rutskyi_1539747634,Serhii Rutskyi,-3,0,22,33,-11,55,2021-09-05 23:00:00,527842
Martin Filipek_146319,Martin Filipek,3,1,43,37,6,80,2021-09-05 23:00:00,527843
A Mohnachev_114114,A Mohnachev,3,1,34,26,8,60,2021-09-05 23:00:00,527844
I Abelmasov_114117,I Abelmasov,-3,0,20,35,-15,55,2021-09-05 23:01:00,527845
M Cmunt_25490,M Cmunt,-3,0,17,35,-18,52,2021-09-05 23:04:00,527846
D Balakin_114118,D Balakin,-1,0,45,47,-2,92,2021-09-05 23:17:00,527847
Roman Zholubak_146280,Roman Zholubak,1,1,48,39,9,87,2021-09-05 23:20:00,527848
Illia Marynkevych_146417,Illia Marynkevych,2,1,39,35,4,74,2021-09-05 23:25:00,527849
E Mishutin_114116,E Mishutin,3,1,35,25,10,60,2021-09-05 23:27:00,527850
S Ogai_113922,S Ogai,2,1,41,36,5,77,2021-09-05 23:30:00,527851
Serhij Maksymiv_967445997,Serhij Maksymiv,-3,0,19,33,-14,52,2021-09-05 23:30:00,527852
Filip Marat_146320,Filip Marat,3,1,35,24,11,59,2021-09-05 23:30:00,527853
V Postelt_25491,V Postelt,-2,0,40,40,0,80,2021-09-05 23:30:00,527854
O Kutuzov_113882,O Kutuzov,-1,0,38,44,-6,82,2021-09-05 23:45:00,527855
Serhii Smyrnov_146281,Serhii Smyrnov,-2,0,25,37,-12,62,2021-09-05 23:50:00,527856
T Yusipov_113955,T Yusipov,-2,0,26,41,-15,67,2021-09-05 23:53:00,527857
Oleksandr Dziabura_1044388023,Oleksandr Dziabura,2,1,44,27,17,71,2021-09-06 00:05:00,527858
R Rose_26495,R Rose,2,1,41,31,10,72,2021-09-06 00:07:00,527859
V Kalachev_118358,V Kalachev,-1,0,45,49,-4,94,2021-09-06 00:12:00,527860
Oleksandr Kostiuk_422661645,Oleksandr Kostiuk,3,1,34,26,8,60,2021-09-06 00:15:00,527861
A Serebrennikov_118398,A Serebrennikov,2,1,36,36,0,72,2021-09-06 00:15:00,527862
D Balakin_118324,D Balakin,3,1,33,19,14,52,2021-09-06 00:16:00,527863
Oleksandr Lysenko_155256,Oleksandr Lysenko,2,1,39,26,13,65,2021-09-06 00:25:00,527864
Pavlo Babenko_155576,Pavlo Babenko,2,1,39,29,10,68,2021-09-06 00:30:00,527865
Jr. Obeslo_26496,Jr. Obeslo,1,1,45,38,7,83,2021-09-06 00:32:00,527866
Jakub Merta_155578,Jakub Merta,3,1,33,20,13,53,2021-09-06 00:35:00,527867
Kyrylo Yehorov_2093623369,Kyrylo Yehorov,2,1,47,40,7,87,2021-09-06 00:35:00,527868
V Chahur_118359,V Chahur,-1,0,39,48,-9,87,2021-09-06 00:43:00,527869
A Volkov_118399,A Volkov,-2,0,37,43,-6,80,2021-09-06 00:45:00,527870
D Evlahin_118325,D Evlahin,2,1,49,41,8,90,2021-09-06 00:45:00,527871
Roman Vashchuk_1453630490,Roman Vashchuk,-2,0,30,39,-9,69,2021-09-06 00:45:00,527872
Viacheslav Isakov_155257,Viacheslav Isakov,1,1,52,45,7,97,2021-09-06 00:55:00,527873
Mykhailo Teteruk_155577,Mykhailo Teteruk,2,1,50,41,9,91,2021-09-06 01:00:00,527874
Oleksandr Dziabura_1750832685,Oleksandr Dziabura,-2,0,37,42,-5,79,2021-09-06 01:05:00,527875
Jaromir Zlamal_155579,Jaromir Zlamal,1,1,49,52,-3,101,2021-09-06 01:05:00,527876
V Putilovsky_118360,V Putilovsky,-2,0,35,42,-7,77,2021-09-06 01:08:00,527877
Serhii Hilitukha_1314703781,Serhii Hilitukha,3,1,33,24,9,57,2021-09-06 01:15:00,527878
E Kalashnikov_118400,E Kalashnikov,2,1,48,39,9,87,2021-09-06 01:16:00,527879
K Malahov_118326,K Malahov,-1,0,54,54,0,108,2021-09-06 01:16:00,527880
Oleksandr Kovalchuk_155271,Oleksandr Kovalchuk,-1,0,46,47,-1,93,2021-09-06 01:25:00,527881
Kyrylo Yehorov_968202077,Kyrylo Yehorov,-2,0,39,45,-6,84,2021-09-06 01:35:00,527882
V Kalachev_118361,V Kalachev,2,1,43,31,12,74,2021-09-06 01:37:00,527883
Oleksandr Kostiuk_495914908,Oleksandr Kostiuk,1,1,51,42,9,93,2021-09-06 01:45:00,527884
A Serebrennikov_118401,A Serebrennikov,2,1,41,38,3,79,2021-09-06 01:47:00,527885
D Balakin_118327,D Balakin,-3,0,31,38,-7,69,2021-09-06 01:53:00,527886
Viacheslav Isakov_155259,Viacheslav Isakov,3,1,38,30,8,68,2021-09-06 01:55:00,527887
V Putilovsky_118362,V Putilovsky,-2,0,35,43,-8,78,2021-09-06 02:03:00,527888
Anatolii Chaplianka_1997609738,Anatolii Chaplianka,-3,0,16,33,-17,49,2021-09-06 02:05:00,527889
E Kalashnikov_118402,E Kalashnikov,3,1,36,29,7,65,2021-09-06 02:15:00,527890
Roman Vashchuk_1225764210,Roman Vashchuk,-2,0,35,39,-4,74,2021-09-06 02:15:00,527891
K Malahov_118328,K Malahov,1,1,58,54,4,112,2021-09-06 02:19:00,527892
Oleksandr Lysenko_155272,Oleksandr Lysenko,-1,0,46,44,2,90,2021-09-06 02:25:00,527893
D Ignatev_118363,D Ignatev,-1,0,43,48,-5,91,2021-09-06 02:33:00,527894
Kyrylo Yehorov_1940251318,Kyrylo Yehorov,-1,0,40,46,-6,86,2021-09-06 02:35:00,527895
O Shagarov_118403,O Shagarov,-2,0,35,45,-10,80,2021-09-06 02:44:00,527896
Serhii Hilitukha_487971226,Serhii Hilitukha,-2,0,36,44,-8,80,2021-09-06 02:45:00,527897
Dmytro Rehotun_155273,Dmytro Rehotun,-3,0,22,33,-11,55,2021-09-06 02:55:00,527898
A Suntsov_118329,A Suntsov,2,1,40,38,2,78,2021-09-06 02:59:00,527899
V Chahur_118364,V Chahur,1,1,50,45,5,95,2021-09-06 03:01:00,527900
Oleksandr Dziabura_1044421978,Oleksandr Dziabura,3,1,35,22,13,57,2021-09-06 03:05:00,527901
Oleksandr Kostiuk_1682576802,Oleksandr Kostiuk,-3,0,23,33,-10,56,2021-09-06 03:15:00,527902
A Volkov_118404,A Volkov,1,1,50,51,-1,101,2021-09-06 03:16:00,527903
Oleksandr Kovalchuk_155274,Oleksandr Kovalchuk,2,1,41,27,14,68,2021-09-06 03:25:00,527904
D Evlahin_118330,D Evlahin,-1,0,39,49,-10,88,2021-09-06 03:26:00,527905
D Sayanov_118365,D Sayanov,3,1,33,19,14,52,2021-09-06 03:33:00,527906
Kyrylo Yehorov_78960198,Kyrylo Yehorov,-3,0,19,34,-15,53,2021-09-06 03:35:00,527907
Bogdan Stasiuk_510961095,Bogdan Stasiuk,-3,0,14,33,-19,47,2021-09-06 03:45:00,527908
I Ramensky_118331,I Ramensky,-2,0,32,43,-11,75,2021-09-06 03:52:00,527909
Viacheslav Isakov_155275,Viacheslav Isakov,-1,0,45,45,0,90,2021-09-06 03:55:00,527910
V Safonov_118405,V Safonov,-1,0,46,43,3,89,2021-09-06 03:56:00,527911
D Ignatev_118366,D Ignatev,-1,0,44,51,-7,95,2021-09-06 04:01:00,527912
Oleksandr Dziabura_1750870736,Oleksandr Dziabura,1,1,44,43,1,87,2021-09-06 04:05:00,527913
Roman Vashchuk_1382347243,Roman Vashchuk,-3,0,19,33,-14,52,2021-09-06 04:15:00,527914
A Suntsov_118332,A Suntsov,1,1,47,43,4,90,2021-09-06 04:23:00,527915
Oleksandr Lysenko_155264,Oleksandr Lysenko,1,1,45,44,1,89,2021-09-06 04:25:00,527916
O Shagarov_118406,O Shagarov,2,1,39,32,7,71,2021-09-06 04:28:00,527917
Kyrylo Yehorov_1363262514,Kyrylo Yehorov,-3,0,21,33,-12,54,2021-09-06 04:35:00,527918
D Ignatev_118551,D Ignatev,-1,0,39,49,-10,88,2021-09-06 04:40:00,527919
Roman Vashchuk_1773583613,Roman Vashchuk,-2,0,33,38,-5,71,2021-09-06 04:45:00,527920
D Balakin_118553,D Balakin,2,1,38,29,9,67,2021-09-06 04:50:00,527921
Dmytro Rehotun_155276,Dmytro Rehotun,2,1,43,38,5,81,2021-09-06 04:55:00,527922
A Volkov_118555,A Volkov,2,1,37,29,8,66,2021-09-06 05:00:00,527923
Anatolii Chaplianka_545297753,Anatolii Chaplianka,3,1,33,23,10,56,2021-09-06 05:05:00,527924
V Chahur_118552,V Chahur,-1,0,43,53,-10,96,2021-09-06 05:08:00,527925
Andrii Tsikhotskyi_1577405065,Andrii Tsikhotskyi,3,1,34,26,8,60,2021-09-06 05:15:00,527926
D Evlahin_118554,D Evlahin,2,1,42,23,19,65,2021-09-06 05:15:00,527927
Oleksandr Kovalchuk_155277,Oleksandr Kovalchuk,1,1,44,48,-4,92,2021-09-06 05:25:00,527928
E Kalashnikov_118556,E Kalashnikov,2,1,45,40,5,85,2021-09-06 05:26:00,527929
Oleksandr Lysenko_155267,Oleksandr Lysenko,-2,0,37,44,-7,81,2021-09-06 05:55:00,527930
Oleksandr Liushnia_155268,Oleksandr Liushnia,-2,0,30,40,-10,70,2021-09-06 06:25:00,527931
Oleksandr Lysenko_155278,Oleksandr Lysenko,3,1,33,15,18,48,2021-09-06 06:55:00,527932
Viacheslav Isakov_155279,Viacheslav Isakov,2,1,40,29,11,69,2021-09-06 07:25:00,527933
A Kolmin_118425,A Kolmin,3,1,35,24,11,59,2021-09-06 07:30:00,527934
I Iskenderov_118465,I Iskenderov,1,1,51,50,1,101,2021-09-06 07:48:00,527935
Vasyl Moshovskyi_155333,Vasyl Moshovskyi,1,1,49,39,10,88,2021-09-06 07:50:00,527936
A Lisov_118505,A Lisov,-2,0,32,42,-10,74,2021-09-06 07:50:00,527937
Anton Molochko_1795610592,Anton Molochko,1,1,45,42,3,87,2021-09-06 07:50:00,527938
Vіtalіy Krokhmal_982871443,Vіtalіy Krokhmal,1,1,49,51,-2,100,2021-09-06 07:55:00,527939
A Bogomolov_118426,A Bogomolov,3,1,33,13,20,46,2021-09-06 08:00:00,527940
Oleksandr Buberenko_155348,Oleksandr Buberenko,-1,0,42,44,-2,86,2021-09-06 08:00:00,527941
Hryhorii Kulishov_155365,Hryhorii Kulishov,-1,0,49,50,-1,99,2021-09-06 08:05:00,527942
Yevhen Skorobahatyi_155380,Yevhen Skorobahatyi,3,1,33,20,13,53,2021-09-06 08:10:00,527943
Vadym Ishchuk_155390,Vadym Ishchuk,1,1,55,44,11,99,2021-09-06 08:15:00,527944
A Klavdenkov_118506,A Klavdenkov,-3,0,22,33,-11,55,2021-09-06 08:17:00,527945
Mykola Shyshkin_155334,Mykola Shyshkin,2,1,38,34,4,72,2021-09-06 08:20:00,527946
Denys Shcherbak_694477972,Denys Shcherbak,2,1,40,39,1,79,2021-09-06 08:25:00,527947
A Vorozheykin_118427,A Vorozheykin,-3,0,21,33,-12,54,2021-09-06 08:30:00,527948
Yurii Kolesnyk_155349,Yurii Kolesnyk,-2,0,36,42,-6,78,2021-09-06 08:30:00,527949
Dmytro Kryshtal_32827710,Dmytro Kryshtal,3,1,33,21,12,54,2021-09-06 08:30:00,527950
Maksym Nikolenko_795860337,Maksym Nikolenko,2,1,39,26,13,65,2021-09-06 08:35:00,527951
Serhii Sokolov_155366,Serhii Sokolov,1,1,43,40,3,83,2021-09-06 08:35:00,527952
Andrii Shcherinskyi_1002392946,Andrii Shcherinskyi,-2,0,40,41,-1,81,2021-09-06 08:40:00,527953
Yaroslav Tkachenko_155381,Yaroslav Tkachenko,1,1,53,41,12,94,2021-09-06 08:40:00,527954
V Sinkovskiy_118466,V Sinkovskiy,-2,0,39,47,-8,86,2021-09-06 08:41:00,527955
I Matveyev_118507,I Matveyev,-1,0,35,52,-17,87,2021-09-06 08:45:00,527956
Oleh Formaziuk_1458593171,Oleh Formaziuk,3,1,33,14,19,47,2021-09-06 08:45:00,527957
Andrii Skliarenko_155391,Andrii Skliarenko,3,1,33,21,12,54,2021-09-06 08:45:00,527958
Vladyslav-Ivan Sheremeta_155335,Vladyslav-Ivan Sheremeta,-3,0,18,34,-16,52,2021-09-06 08:50:00,527959
Vitalii Rychkov_155402,Vitalii Rychkov,-2,0,34,44,-10,78,2021-09-06 08:50:00,527960
Vasyl Aksenin_1136868160,Vasyl Aksenin,3,1,33,22,11,55,2021-09-06 08:50:00,527961
Illia Marynkevych_155414,Illia Marynkevych,2,1,44,32,12,76,2021-09-06 08:55:00,527962
Valentyn Yunchyk_121178460,Valentyn Yunchyk,1,1,42,46,-4,88,2021-09-06 08:55:00,527963
Oleksandr Zhuravlov_122572552,Oleksandr Zhuravlov,1,1,48,44,4,92,2021-09-06 08:55:00,527964
I Sergeevich_118428,I Sergeevich,2,1,44,28,16,72,2021-09-06 09:00:00,527965
Oleksandr Levadnyi_9067893,Oleksandr Levadnyi,1,1,46,36,10,82,2021-09-06 09:00:00,527966
Vaclav Coubal_155551,Vaclav Coubal,2,1,38,34,4,72,2021-09-06 09:00:00,527967
Jo Belovsky_26467,Jo Belovsky,-3,0,21,33,-12,54,2021-09-06 09:00:00,527968
Anastasiia Ostapenko_155429,Anastasiia Ostapenko,1,1,48,44,4,92,2021-09-06 09:00:00,527969
Maksym Mrykh_155350,Maksym Mrykh,-2,0,29,39,-10,68,2021-09-06 09:00:00,527970
Vіtalіy Krokhmal_495089065,Vіtalіy Krokhmal,-3,0,23,35,-12,58,2021-09-06 09:05:00,527971
Igor Trydukh_155367,Igor Trydukh,1,1,49,44,5,93,2021-09-06 09:05:00,527972
E Tsvetkov_118467,E Tsvetkov,-1,0,43,49,-6,92,2021-09-06 09:06:00,527973
Dmytro Dubrovin_1085697246,Dmytro Dubrovin,1,1,50,43,7,93,2021-09-06 09:10:00,527974
Yevhen Skorobahatyi_155382,Yevhen Skorobahatyi,-3,0,20,34,-14,54,2021-09-06 09:10:00,527975
Andrii Skliarenko_155392,Andrii Skliarenko,1,1,46,44,2,90,2021-09-06 09:15:00,527976
Dmytro Halai_1064833562,Dmytro Halai,1,1,52,51,1,103,2021-09-06 09:15:00,527977
S Simonov_118508,S Simonov,3,1,33,21,12,54,2021-09-06 09:16:00,527978
Mykola Shyshkin_155336,Mykola Shyshkin,-3,0,15,34,-19,49,2021-09-06 09:20:00,527979
Maksym Skhabovskyi_2012598369,Maksym Skhabovskyi,3,1,39,31,8,70,2021-09-06 09:20:00,527980
Pavlo Babenko_155403,Pavlo Babenko,1,1,48,41,7,89,2021-09-06 09:20:00,527981
Anatolii Meliushko_155415,Anatolii Meliushko,3,1,33,21,12,54,2021-09-06 09:25:00,527982
Petro Tsolik_685016934,Petro Tsolik,-2,0,35,44,-9,79,2021-09-06 09:25:00,527983
A Vorozheykin_118429,A Vorozheykin,-1,0,46,53,-7,99,2021-09-06 09:29:00,527984
Kateryna Hubska_155430,Kateryna Hubska,-1,0,48,44,4,92,2021-09-06 09:30:00,527985
Yurii Kolesnyk_155351,Yurii Kolesnyk,-3,0,19,33,-14,52,2021-09-06 09:30:00,527986
Serhii Baranovskyi_2053269789,Serhii Baranovskyi,3,1,33,22,11,55,2021-09-06 09:30:00,527987
Serhii Poliakov_44930468,Serhii Poliakov,1,1,52,41,11,93,2021-09-06 09:30:00,527988
F Just_26468,F Just,1,1,54,40,14,94,2021-09-06 09:30:00,527989
David Picha_155552,David Picha,3,1,34,24,10,58,2021-09-06 09:30:00,527990
Denys Shcherbak_1716613603,Denys Shcherbak,-1,0,42,44,-2,86,2021-09-06 09:35:00,527991
Serhii Sokolov_155368,Serhii Sokolov,2,1,42,37,5,79,2021-09-06 09:35:00,527992
D Bogdanov_118468,D Bogdanov,-2,0,40,46,-6,86,2021-09-06 09:39:00,527993
Ruslan Hripun_822400079,Ruslan Hripun,-2,0,30,40,-10,70,2021-09-06 09:40:00,527994
Borys Kostiuk_155383,Borys Kostiuk,3,1,34,22,12,56,2021-09-06 09:40:00,527995
I Matveyev_118509,I Matveyev,-1,0,45,50,-5,95,2021-09-06 09:45:00,527996
Vadym Ishchuk_155393,Vadym Ishchuk,2,1,41,28,13,69,2021-09-06 09:45:00,527997
Maksym Nikolenko_601915083,Maksym Nikolenko,-3,0,25,33,-8,58,2021-09-06 09:45:00,527998
Vasyl Moshovskyi_155337,Vasyl Moshovskyi,-2,0,28,40,-12,68,2021-09-06 09:50:00,527999
Andrii Shcherinskyi_1283555286,Andrii Shcherinskyi,3,1,33,21,12,54,2021-09-06 09:50:00,528000
Pavlo Babenko_155404,Pavlo Babenko,2,1,47,42,5,89,2021-09-06 09:50:00,528001
Oleh Formaziuk_792699491,Oleh Formaziuk,2,1,43,31,12,74,2021-09-06 09:55:00,528002
Yurii Prykhodko_155416,Yurii Prykhodko,-3,0,15,33,-18,48,2021-09-06 09:55:00,528003
Oleksandr Buberenko_155352,Oleksandr Buberenko,1,1,50,45,5,95,2021-09-06 10:00:00,528004
Kateryna Hubska_155431,Kateryna Hubska,3,1,34,26,8,60,2021-09-06 10:00:00,528005
Vasyl Aksenin_224197716,Vasyl Aksenin,-1,0,36,49,-13,85,2021-09-06 10:00:00,528006
David Picha_155553,David Picha,-3,0,19,34,-15,53,2021-09-06 10:00:00,528007
A Bogomolov_118430,A Bogomolov,-1,0,44,49,-5,93,2021-09-06 10:02:00,528008
L Adamec_26469,L Adamec,1,1,44,35,9,79,2021-09-06 10:02:00,528009
Hryhorii Kulishov_155369,Hryhorii Kulishov,-2,0,34,40,-6,74,2021-09-06 10:05:00,528010
Valentyn Yunchyk_417194436,Valentyn Yunchyk,3,1,33,19,14,52,2021-09-06 10:05:00,528011
Oleksandr Zhuravlov_351422940,Oleksandr Zhuravlov,-1,0,40,47,-7,87,2021-09-06 10:05:00,528012
Yaroslav Tkachenko_155384,Yaroslav Tkachenko,2,1,42,32,10,74,2021-09-06 10:10:00,528013
E Tsvetkov_118469,E Tsvetkov,-3,0,21,33,-12,54,2021-09-06 10:10:00,528014
Anton Molochko_71800289,Anton Molochko,2,1,42,28,14,70,2021-09-06 10:10:00,528015
Egor Kovpak_155394,Egor Kovpak,1,1,50,43,7,93,2021-09-06 10:15:00,528016
Dmytro Kryshtal_1823125725,Dmytro Kryshtal,-2,0,32,38,-6,70,2021-09-06 10:15:00,528017
Oleh Holiak_155338,Oleh Holiak,-1,0,43,43,0,86,2021-09-06 10:20:00,528018
Vitalii Shaban_1494540189,Vitalii Shaban,-3,0,29,35,-6,64,2021-09-06 10:20:00,528019
Vitalii Rychkov_155405,Vitalii Rychkov,2,1,38,28,10,66,2021-09-06 10:20:00,528020
A Klavdenkov_118510,A Klavdenkov,-2,0,27,39,-12,66,2021-09-06 10:23:00,528021
Dmytro Halai_240249392,Dmytro Halai,3,1,38,30,8,68,2021-09-06 10:25:00,528022
Anatolii Meliushko_155417,Anatolii Meliushko,2,1,39,32,7,71,2021-09-06 10:25:00,528023
V Sinkovskiy_118470,V Sinkovskiy,1,1,44,33,11,77,2021-09-06 10:27:00,528024
T Holik_26470,T Holik,-1,0,50,53,-3,103,2021-09-06 10:30:00,528025
Oleg Shevchuk_938872992,Oleg Shevchuk,3,1,33,20,13,53,2021-09-06 10:30:00,528026
Oleksandr Kolbasenko_155353,Oleksandr Kolbasenko,2,1,49,43,6,92,2021-09-06 10:30:00,528027
Vaclav Coubal_155554,Vaclav Coubal,3,1,46,38,8,84,2021-09-06 10:30:00,528028
Anastasiia Ostapenko_155432,Anastasiia Ostapenko,-3,0,15,33,-18,48,2021-09-06 10:30:00,528029
Ihor Petryshyn_1850617826,Ihor Petryshyn,1,1,52,41,11,93,2021-09-06 10:35:00,528030
Ihor Oranskyi_155370,Ihor Oranskyi,2,1,42,36,6,78,2021-09-06 10:35:00,528031
Serhii Baranovskyi_1196507547,Serhii Baranovskyi,3,1,33,24,9,57,2021-09-06 10:40:00,528032
Igor Maksymchuk_33965753,Igor Maksymchuk,-3,0,22,35,-13,57,2021-09-06 10:40:00,528033
Yevhen Skorobahatyi_155385,Yevhen Skorobahatyi,1,1,52,52,0,104,2021-09-06 10:40:00,528034
A Vorozheykin_118563,A Vorozheykin,-3,0,11,33,-22,44,2021-09-06 10:44:00,528035
Serhii Boiko_152332328,Serhii Boiko,-1,0,49,47,2,96,2021-09-06 10:45:00,528036
Vadym Ishchuk_155395,Vadym Ishchuk,-1,0,39,48,-9,87,2021-09-06 10:45:00,528037
A Klavdenkov_118565,A Klavdenkov,1,1,46,42,4,88,2021-09-06 10:45:00,528038
Mykhailo Teteruk_155406,Mykhailo Teteruk,2,1,35,32,3,67,2021-09-06 10:50:00,528039
Vladyslav-Ivan Sheremeta_155339,Vladyslav-Ivan Sheremeta,-2,0,30,43,-13,73,2021-09-06 10:50:00,528040
Vіtalіy Krokhmal_1322094788,Vіtalіy Krokhmal,-1,0,43,50,-7,93,2021-09-06 10:50:00,528041
Illia Marynkevych_155418,Illia Marynkevych,-2,0,36,42,-6,78,2021-09-06 10:55:00,528042
Dmytro Dubrovin_175178823,Dmytro Dubrovin,-2,0,32,48,-16,80,2021-09-06 10:55:00,528043
Maksym Mrykh_155354,Maksym Mrykh,-1,0,52,53,-1,105,2021-09-06 11:00:00,528044
Jiri Cermak_155555,Jiri Cermak,-1,0,45,54,-9,99,2021-09-06 11:00:00,528045
Andrii Shcherinskyi_2078110457,Andrii Shcherinskyi,2,1,40,32,8,72,2021-09-06 11:00:00,528046
Kateryna Somova_155433,Kateryna Somova,2,1,39,30,9,69,2021-09-06 11:00:00,528047
I Sergeevich_118564,I Sergeevich,-2,0,34,39,-5,73,2021-09-06 11:01:00,528048
E Tsvetkov_118567,E Tsvetkov,-3,0,20,34,-14,54,2021-09-06 11:04:00,528049
L Adamec_26471,L Adamec,2,1,40,33,7,73,2021-09-06 11:05:00,528050
Maksym Skhabovskyi_1912727063,Maksym Skhabovskyi,2,1,43,37,6,80,2021-09-06 11:05:00,528051
Igor Trydukh_155371,Igor Trydukh,2,1,43,33,10,76,2021-09-06 11:05:00,528052
Petro Tsolik_538256658,Petro Tsolik,2,1,36,27,9,63,2021-09-06 11:10:00,528053
Yaroslav Tkachenko_155386,Yaroslav Tkachenko,-2,0,33,38,-5,71,2021-09-06 11:10:00,528054
Valentyn Yunchyk_892648411,Valentyn Yunchyk,1,1,49,39,10,88,2021-09-06 11:15:00,528055
Serhii Poliakov_1268671542,Serhii Poliakov,-1,0,41,43,-2,84,2021-09-06 11:15:00,528056
A Lisov_118566,A Lisov,2,1,43,27,16,70,2021-09-06 11:16:00,528057
Vitalii Rychkov_155407,Vitalii Rychkov,1,1,54,44,10,98,2021-09-06 11:20:00,528058
Mykola Shyshkin_155340,Mykola Shyshkin,-2,0,32,38,-6,70,2021-09-06 11:20:00,528059
V Sinkovskiy_118568,V Sinkovskiy,-3,0,19,33,-14,52,2021-09-06 11:20:00,528060
Ruslan Hripun_60014200,Ruslan Hripun,3,1,33,17,16,50,2021-09-06 11:25:00,528061
Dmytro Tsurkalenko_155419,Dmytro Tsurkalenko,1,1,55,47,8,102,2021-09-06 11:25:00,528062
Vaclav Coubal_155556,Vaclav Coubal,3,1,38,31,7,69,2021-09-06 11:30:00,528063
Yurii Kolesnyk_155355,Yurii Kolesnyk,-3,0,21,33,-12,54,2021-09-06 11:30:00,528064
Anastasiia Ostapenko_155434,Anastasiia Ostapenko,2,1,40,29,11,69,2021-09-06 11:30:00,528065
Maksym Nikolenko_1493730732,Maksym Nikolenko,-2,0,30,41,-11,71,2021-09-06 11:30:00,528066
F Just_26472,F Just,3,1,33,17,16,50,2021-09-06 11:31:00,528067
G Bardyshev_118431,G Bardyshev,-1,0,39,48,-9,87,2021-09-06 11:32:00,528068
Vadym Shvydkyi_628472683,Vadym Shvydkyi,3,1,36,30,6,66,2021-09-06 11:35:00,528069
Serhii Sokolov_155372,Serhii Sokolov,2,1,41,30,11,71,2021-09-06 11:35:00,528070
Borys Kostiuk_155387,Borys Kostiuk,2,1,43,30,13,73,2021-09-06 11:40:00,528071
Oleh Formaziuk_2143994494,Oleh Formaziuk,-2,0,36,44,-8,80,2021-09-06 11:40:00,528072
Andrii Skliarenko_155397,Andrii Skliarenko,3,1,33,23,10,56,2021-09-06 11:45:00,528073
Vasyl Aksenin_2079219917,Vasyl Aksenin,-1,0,41,46,-5,87,2021-09-06 11:45:00,528074
I Poletaev_118511,I Poletaev,-3,0,22,33,-11,55,2021-09-06 11:46:00,528075
Serhii Zemiantsev_1401251650,Serhii Zemiantsev,1,1,53,48,5,101,2021-09-06 11:50:00,528076
Oleksandr Zhuravlov_472980559,Oleksandr Zhuravlov,2,1,39,33,6,72,2021-09-06 11:50:00,528077
Nazar Mosiuk_155408,Nazar Mosiuk,2,1,36,27,9,63,2021-09-06 11:50:00,528078
Vasyl Moshovskyi_155341,Vasyl Moshovskyi,1,1,45,40,5,85,2021-09-06 11:50:00,528079
A Tsitselskii_118471,A Tsitselskii,2,1,42,26,16,68,2021-09-06 11:54:00,528080
Denys Shcherbak_151138725,Denys Shcherbak,-3,0,18,33,-15,51,2021-09-06 11:55:00,528081
Yurii Prykhodko_155420,Yurii Prykhodko,-3,0,28,40,-12,68,2021-09-06 11:55:00,528082
Oleksandr Buberenko_155356,Oleksandr Buberenko,2,1,42,30,12,72,2021-09-06 12:00:00,528083
Dmytro Kryshtal_1679101404,Dmytro Kryshtal,-2,0,29,43,-14,72,2021-09-06 12:00:00,528084
Jo Belovsky_26521,Jo Belovsky,-1,0,38,50,-12,88,2021-09-06 12:00:00,528085
Liliya Andrieieva_155435,Liliya Andrieieva,-3,0,24,34,-10,58,2021-09-06 12:00:00,528086
V Kutin_118432,V Kutin,-3,0,19,33,-14,52,2021-09-06 12:02:00,528087
Jiri Cermak_155595,Jiri Cermak,-1,0,46,56,-10,102,2021-09-06 12:05:00,528088
Hryhorii Kulishov_155373,Hryhorii Kulishov,-2,0,32,34,-2,66,2021-09-06 12:05:00,528089
Vitalii Shaban_1212235094,Vitalii Shaban,2,1,39,30,9,69,2021-09-06 12:05:00,528090
Dmytro Halai_812319390,Dmytro Halai,1,1,52,52,0,104,2021-09-06 12:10:00,528091
Yevhen Skorobahatyi_155388,Yevhen Skorobahatyi,3,1,33,20,13,53,2021-09-06 12:10:00,528092
Oleg Shevchuk_1819893359,Oleg Shevchuk,3,1,33,22,11,55,2021-09-06 12:15:00,528093
M Cheklin_118512,M Cheklin,1,1,46,39,7,85,2021-09-06 12:15:00,528094
Oleh Holiak_155342,Oleh Holiak,-1,0,49,50,-1,99,2021-09-06 12:20:00,528095
A Kozlov_118472,A Kozlov,-3,0,24,33,-9,57,2021-09-06 12:20:00,528096
Pavlo Babenko_155409,Pavlo Babenko,3,1,35,25,10,60,2021-09-06 12:20:00,528097
Ihor Petryshyn_1661686278,Ihor Petryshyn,-3,0,22,34,-12,56,2021-09-06 12:20:00,528098
Valentyn Yunchyk_45512042,Valentyn Yunchyk,2,1,43,35,8,78,2021-09-06 12:25:00,528099
Igor Maksymchuk_1168455454,Igor Maksymchuk,-1,0,45,53,-8,98,2021-09-06 12:25:00,528100
Anatolii Meliushko_155421,Anatolii Meliushko,3,1,33,18,15,51,2021-09-06 12:25:00,528101
Kateryna Hubska_155436,Kateryna Hubska,-2,0,27,40,-13,67,2021-09-06 12:30:00,528102
Anton Molochko_1195612707,Anton Molochko,-2,0,35,44,-9,79,2021-09-06 12:30:00,528103
Oleksandr Kolbasenko_155357,Oleksandr Kolbasenko,-1,0,49,55,-6,104,2021-09-06 12:30:00,528104
L Adamec_26522,L Adamec,-2,0,31,39,-8,70,2021-09-06 12:31:00,528105
Yu Lbov_118433,Yu Lbov,-2,0,38,40,-2,78,2021-09-06 12:31:00,528106
Ihor Oranskyi_155374,Ihor Oranskyi,-2,0,40,46,-6,86,2021-09-06 12:35:00,528107
Jaroslav Puk_155596,Jaroslav Puk,-3,0,19,33,-14,52,2021-09-06 12:35:00,528108
Dmytro Baistriuchenko_1376162224,Dmytro Baistriuchenko,1,1,53,47,6,100,2021-09-06 12:35:00,528109
Dmytro Dubrovin_643154915,Dmytro Dubrovin,-1,0,49,46,3,95,2021-09-06 12:40:00,528110
Dmytro Prokopenko_155389,Dmytro Prokopenko,-1,0,43,51,-8,94,2021-09-06 12:40:00,528111
Andrii Shcherinskyi_1412567087,Andrii Shcherinskyi,3,1,33,21,12,54,2021-09-06 12:45:00,528112
Oleksandr Hryshchenko_155399,Oleksandr Hryshchenko,-3,0,17,33,-16,50,2021-09-06 12:45:00,528113
Ya Bazhinov_118513,Ya Bazhinov,1,1,52,42,10,94,2021-09-06 12:45:00,528114
M Ilichev_118473,M Ilichev,2,1,42,31,11,73,2021-09-06 12:47:00,528115
Maksym Skhabovskyi_173296148,Maksym Skhabovskyi,2,1,42,25,17,67,2021-09-06 12:50:00,528116
Vladyslav-Ivan Sheremeta_155343,Vladyslav-Ivan Sheremeta,1,1,45,39,6,84,2021-09-06 12:50:00,528117
Mykhailo Teteruk_155410,Mykhailo Teteruk,3,1,33,19,14,52,2021-09-06 12:50:00,528118
Illia Marynkevych_155422,Illia Marynkevych,2,1,39,33,6,72,2021-09-06 12:55:00,528119
Petro Tsolik_1534518134,Petro Tsolik,1,1,47,38,9,85,2021-09-06 12:55:00,528120
Vojtech Koutnik_155533,Vojtech Koutnik,3,1,45,38,7,83,2021-09-06 13:00:00,528121
Serhii Poliakov_470288980,Serhii Poliakov,-2,0,29,44,-15,73,2021-09-06 13:00:00,528122
Kateryna Somova_155437,Kateryna Somova,2,1,39,33,6,72,2021-09-06 13:00:00,528123
Maksym Mrykh_155358,Maksym Mrykh,-1,0,47,51,-4,98,2021-09-06 13:00:00,528124
Serhii Baranovskyi_1982907229,Serhii Baranovskyi,3,1,33,16,17,49,2021-09-06 13:00:00,528125
V Mishakin_118434,V Mishakin,-1,0,54,50,4,104,2021-09-06 13:00:00,528126
M Svedik_26473,M Svedik,-3,0,24,33,-9,57,2021-09-06 13:01:00,528127
Igor Trydukh_155375,Igor Trydukh,1,1,49,51,-2,100,2021-09-06 13:05:00,528128
Oleksandr Levadnyi_1188691753,Oleksandr Levadnyi,2,1,45,38,7,83,2021-09-06 13:05:00,528129
Vіtalіy Krokhmal_418129992,Vіtalіy Krokhmal,-2,0,31,37,-6,68,2021-09-06 13:10:00,528130
Oleksandr Hryshchenko_155400,Oleksandr Hryshchenko,-2,0,38,41,-3,79,2021-09-06 13:15:00,528131
Volodymyr Plishylo_1868252988,Volodymyr Plishylo,1,1,51,50,1,101,2021-09-06 13:15:00,528132
E Grishaev_118514,E Grishaev,-2,0,26,39,-13,65,2021-09-06 13:15:00,528133
I Korogodskii_118474,I Korogodskii,-2,0,35,44,-9,79,2021-09-06 13:17:00,528134
Dmytro Halai_1686042256,Dmytro Halai,1,1,48,40,8,88,2021-09-06 13:20:00,528135
Vasyl Moshovskyi_155344,Vasyl Moshovskyi,-1,0,46,51,-5,97,2021-09-06 13:20:00,528136
Yaroslav Tkachenko_155714,Yaroslav Tkachenko,2,1,41,28,13,69,2021-09-06 13:20:00,528137
Nazar Mosiuk_155411,Nazar Mosiuk,3,1,33,22,11,55,2021-09-06 13:20:00,528138
Valerii Baklykov_1205848395,Valerii Baklykov,-2,0,35,43,-8,78,2021-09-06 13:25:00,528139
Dmytro Tsurkalenko_155423,Dmytro Tsurkalenko,1,1,48,45,3,93,2021-09-06 13:25:00,528140
Dmytro Zeniuk_388021843,Dmytro Zeniuk,-2,0,29,39,-10,68,2021-09-06 13:30:00,528141
Liliya Andrieieva_155438,Liliya Andrieieva,-3,0,28,34,-6,62,2021-09-06 13:30:00,528142
Oleksandr Buberenko_155359,Oleksandr Buberenko,-2,0,27,38,-11,65,2021-09-06 13:30:00,528143
M Flanderka_26474,M Flanderka,2,1,44,33,11,77,2021-09-06 13:30:00,528144
Stanislav Dolejsi_155534,Stanislav Dolejsi,3,1,33,20,13,53,2021-09-06 13:30:00,528145
Yu Lbov_118435,Yu Lbov,1,1,58,50,8,108,2021-09-06 13:35:00,528146
Pavlo Cherednichenko_582577578,Pavlo Cherednichenko,3,1,33,15,18,48,2021-09-06 13:35:00,528147
Hryhorii Kulishov_155376,Hryhorii Kulishov,1,1,43,44,-1,87,2021-09-06 13:35:00,528148
Valentyn Yunchyk_417087716,Valentyn Yunchyk,1,1,45,40,5,85,2021-09-06 13:35:00,528149
Anton Molochko_756008260,Anton Molochko,3,1,33,21,12,54,2021-09-06 13:40:00,528150
Ya Bazhinov_118515,Ya Bazhinov,3,1,33,15,18,48,2021-09-06 13:45:00,528151
Andrii Selin_1742400124,Andrii Selin,-1,0,45,54,-9,99,2021-09-06 13:45:00,528152
M Ilichev_118475,M Ilichev,2,1,39,39,0,78,2021-09-06 13:46:00,528153
Nazar Mosiuk_155412,Nazar Mosiuk,1,1,50,35,15,85,2021-09-06 13:50:00,528154
Nazar Kasianyk_155715,Nazar Kasianyk,1,1,40,45,-5,85,2021-09-06 13:50:00,528155
Maksym Nikolenko_67592670,Maksym Nikolenko,1,1,53,41,12,94,2021-09-06 13:50:00,528156
Denys Kvyk_155345,Denys Kvyk,-1,0,52,56,-4,108,2021-09-06 13:50:00,528157
Yurii Prykhodko_155424,Yurii Prykhodko,-2,0,36,38,-2,74,2021-09-06 13:55:00,528158
Andrii Shcherinskyi_1027650824,Andrii Shcherinskyi,2,1,41,33,8,74,2021-09-06 13:55:00,528159
Stanislav Dolejsi_155535,Stanislav Dolejsi,2,1,37,36,1,73,2021-09-06 14:00:00,528160
Oleh Formaziuk_2064911429,Oleh Formaziuk,-1,0,49,46,3,95,2021-09-06 14:00:00,528161
Liliya Andrieieva_155439,Liliya Andrieieva,3,1,33,24,9,57,2021-09-06 14:00:00,528162
Roman Hnoievoi_155360,Roman Hnoievoi,2,1,43,27,16,70,2021-09-06 14:00:00,528163
J Vojtech_26475,J Vojtech,1,1,50,48,2,98,2021-09-06 14:01:00,528164
V Kutin_118436,V Kutin,3,1,33,15,18,48,2021-09-06 14:03:00,528165
Maksym Marchuk_155377,Maksym Marchuk,3,1,37,26,11,63,2021-09-06 14:05:00,528166
Vasyl Aksenin_241186936,Vasyl Aksenin,-3,0,21,33,-12,54,2021-09-06 14:05:00,528167
Serhii Baranovskyi_1196650140,Serhii Baranovskyi,-3,0,25,34,-9,59,2021-09-06 14:10:00,528168
Oleksandr Zhuravlov_2114423334,Oleksandr Zhuravlov,-1,0,41,47,-6,88,2021-09-06 14:10:00,528169
Anton Molochko_882499170,Anton Molochko,2,1,42,38,4,80,2021-09-06 14:15:00,528170
M Cheklin_118516,M Cheklin,3,1,33,18,15,51,2021-09-06 14:15:00,528171
A Kozlov_118476,A Kozlov,3,1,33,20,13,53,2021-09-06 14:16:00,528172
Vasyl Moshovskyi_155346,Vasyl Moshovskyi,-1,0,40,47,-7,87,2021-09-06 14:20:00,528173
Dmytro Kryshtal_1679314848,Dmytro Kryshtal,-2,0,35,36,-1,71,2021-09-06 14:20:00,528174
Mykhailo Teteruk_155413,Mykhailo Teteruk,2,1,39,38,1,77,2021-09-06 14:20:00,528175
Maksym Nikolenko_801768517,Maksym Nikolenko,-2,0,31,40,-9,71,2021-09-06 14:25:00,528176
Illia Marynkevych_155425,Illia Marynkevych,-2,0,39,45,-6,84,2021-09-06 14:25:00,528177
Kateryna Somova_155440,Kateryna Somova,-3,0,17,33,-16,50,2021-09-06 14:30:00,528178
Vojtech Koutnik_155536,Vojtech Koutnik,-3,0,21,34,-13,55,2021-09-06 14:30:00,528179
Oleksandr Buberenko_155361,Oleksandr Buberenko,-2,0,31,40,-9,71,2021-09-06 14:30:00,528180
Dmytro Halai_2061678073,Dmytro Halai,-1,0,39,48,-9,87,2021-09-06 14:30:00,528181
G Bardyshev_118610,G Bardyshev,3,1,37,28,9,65,2021-09-06 14:31:00,528182
Hryhorii Kulishov_155378,Hryhorii Kulishov,-2,0,29,43,-14,72,2021-09-06 14:35:00,528183
V Havlicek_26476,V Havlicek,-3,0,24,33,-9,57,2021-09-06 14:35:00,528184
Mykola Treshchetka_1572970781,Mykola Treshchetka,1,1,48,44,4,92,2021-09-06 14:35:00,528185
Vasyl Aksenin_1855832537,Vasyl Aksenin,2,1,45,41,4,86,2021-09-06 14:40:00,528186
Oleksandr Zhuravlov_1441239608,Oleksandr Zhuravlov,3,1,33,18,15,51,2021-09-06 14:45:00,528187
Valentyn Yunchyk_256474693,Valentyn Yunchyk,3,1,33,18,15,51,2021-09-06 14:45:00,528188
I Korogodskii_118614,I Korogodskii,-3,0,20,33,-13,53,2021-09-06 14:45:00,528189
I Poletaev_118612,I Poletaev,-3,0,25,33,-8,58,2021-09-06 14:45:00,528190
Mykola Shyshkin_155347,Mykola Shyshkin,-2,0,37,43,-6,80,2021-09-06 14:50:00,528191
Denys Shcherbak_317753627,Denys Shcherbak,-2,0,28,39,-11,67,2021-09-06 14:50:00,528192
Valerii Danchenko_155426,Valerii Danchenko,2,1,45,39,6,84,2021-09-06 14:55:00,528193
Jakub Jenicek_155537,Jakub Jenicek,2,1,42,32,10,74,2021-09-06 15:00:00,528194
J Vojtech_26477,J Vojtech,3,1,33,20,13,53,2021-09-06 15:00:00,528195
Vitalii Shaban_434343566,Vitalii Shaban,3,1,33,18,15,51,2021-09-06 15:00:00,528196
Yurii Kolesnyk_155362,Yurii Kolesnyk,-2,0,42,41,1,83,2021-09-06 15:00:00,528197
V Kutin_118611,V Kutin,-3,0,17,33,-16,50,2021-09-06 15:01:00,528198
Serhii Sokolov_155379,Serhii Sokolov,3,1,35,28,7,63,2021-09-06 15:05:00,528199
Vadym Shvydkyi_628613362,Vadym Shvydkyi,3,1,33,19,14,52,2021-09-06 15:05:00,528200
Oleg Shevchuk_1928393777,Oleg Shevchuk,-2,0,25,40,-15,65,2021-09-06 15:10:00,528201
Ya Bazhinov_118613,Ya Bazhinov,-3,0,24,34,-10,58,2021-09-06 15:15:00,528202
Petro Tsolik_1605629969,Petro Tsolik,2,1,44,28,16,72,2021-09-06 15:15:00,528203
A Kozlov_118615,A Kozlov,3,1,33,18,15,51,2021-09-06 15:15:00,528204
Serhii Zemiantsev_1888090865,Serhii Zemiantsev,3,1,35,25,10,60,2021-09-06 15:20:00,528205
Volodymyr Hera_155441,Volodymyr Hera,-2,0,37,41,-4,78,2021-09-06 15:20:00,528206
Pavlo Pyasta_593517382,Pavlo Pyasta,-2,0,35,41,-6,76,2021-09-06 15:20:00,528207
Illia Marynkevych_155427,Illia Marynkevych,2,1,37,31,6,68,2021-09-06 15:25:00,528208
Serhii Boiko_1240001481,Serhii Boiko,2,1,39,33,6,72,2021-09-06 15:25:00,528209
E Anisimov_118437,E Anisimov,3,1,33,23,10,56,2021-09-06 15:30:00,528210
Vojtech Koutnik_155538,Vojtech Koutnik,-2,0,30,42,-12,72,2021-09-06 15:30:00,528211
Andrii Dombrovskyi_155451,Andrii Dombrovskyi,-2,0,24,39,-15,63,2021-09-06 15:30:00,528212
M Flanderka_26478,M Flanderka,2,1,41,34,7,75,2021-09-06 15:31:00,528213
Viacheslav Isakov_155580,Viacheslav Isakov,-2,0,30,38,-8,68,2021-09-06 15:35:00,528214
Artem Tkachenko_1520521896,Artem Tkachenko,-3,0,20,33,-13,53,2021-09-06 15:35:00,528215
Anna Miklukha_2094287613,Anna Miklukha,-2,0,36,43,-7,79,2021-09-06 15:40:00,528216
Serhii Yatsenko_155473,Serhii Yatsenko,3,1,33,21,12,54,2021-09-06 15:40:00,528217
Yuliia Tryhub_155488,Yuliia Tryhub,3,1,33,22,11,55,2021-09-06 15:45:00,528218
A Shabanova_118517,A Shabanova,-1,0,49,49,0,98,2021-09-06 15:47:00,528219
I Novikov_118483,I Novikov,-3,0,23,33,-10,56,2021-09-06 15:47:00,528220
Yaroslav Tebenko_155442,Yaroslav Tebenko,3,1,33,21,12,54,2021-09-06 15:50:00,528221
Stepan Nykyforuk_1947029107,Stepan Nykyforuk,-2,0,30,39,-9,69,2021-09-06 15:50:00,528222
Nikita Trofimov_1666817188,Nikita Trofimov,-2,0,31,42,-11,73,2021-09-06 15:55:00,528223
Anatolii Meliushko_155428,Anatolii Meliushko,1,1,47,40,7,87,2021-09-06 15:55:00,528224
Andrii Matiushenko_155452,Andrii Matiushenko,2,1,43,40,3,83,2021-09-06 16:00:00,528225
Oleksandr Levadnyi_1136327078,Oleksandr Levadnyi,-2,0,34,41,-7,75,2021-09-06 16:00:00,528226
V Selkin_118438,V Selkin,3,1,33,18,15,51,2021-09-06 16:00:00,528227
M Svedik_26523,M Svedik,-2,0,36,41,-5,77,2021-09-06 16:01:00,528228
Oleksandr Kovalchuk_155581,Oleksandr Kovalchuk,2,1,37,32,5,69,2021-09-06 16:05:00,528229
Josef Ruzicka_155840,Josef Ruzicka,2,1,41,25,16,66,2021-09-06 16:05:00,528230
Vasiliy Smyk_2046847395,Vasiliy Smyk,-1,0,39,50,-11,89,2021-09-06 16:10:00,528231
Oleh Karpenko_155474,Oleh Karpenko,2,1,41,25,16,66,2021-09-06 16:10:00,528232
Viktoria Kurtenko_233389592,Viktoria Kurtenko,1,1,47,48,-1,95,2021-09-06 16:15:00,528233
Anastasiia Kozak_155489,Anastasiia Kozak,-2,0,34,41,-7,75,2021-09-06 16:15:00,528234
A Lobanov_118484,A Lobanov,-1,0,46,44,2,90,2021-09-06 16:16:00,528235
A Libatskaya_118518,A Libatskaya,3,1,33,16,17,49,2021-09-06 16:17:00,528236
Volodymyr Hera_155443,Volodymyr Hera,-3,0,17,33,-16,50,2021-09-06 16:20:00,528237
Serhii Berezynskyi_1076380546,Serhii Berezynskyi,2,1,38,31,7,69,2021-09-06 16:20:00,528238
Ivan Synytskyi_799415232,Ivan Synytskyi,-2,0,36,41,-5,77,2021-09-06 16:25:00,528239
Liudmyla Kabakova_155498,Liudmyla Kabakova,-3,0,22,37,-15,59,2021-09-06 16:25:00,528240
J Vojtech_26524,J Vojtech,2,1,45,41,4,86,2021-09-06 16:30:00,528241
Yevhen Masko_1597259093,Yevhen Masko,-3,0,20,33,-13,53,2021-09-06 16:30:00,528242
Andrii Matiushenko_155453,Andrii Matiushenko,-2,0,31,43,-12,74,2021-09-06 16:30:00,528243
A Zabrodin_118439,A Zabrodin,-3,0,21,33,-12,54,2021-09-06 16:31:00,528244
Jakub Jenicek_155841,Jakub Jenicek,1,1,47,52,-5,99,2021-09-06 16:35:00,528245
Illia Yanishevskiy_1311272880,Illia Yanishevskiy,-1,0,47,48,-1,95,2021-09-06 16:35:00,528246
Oleksandr Lykhytskyi_155582,Oleksandr Lykhytskyi,-1,0,49,53,-4,102,2021-09-06 16:35:00,528247
Kostiantyn Klymenko_155475,Kostiantyn Klymenko,2,1,42,40,2,82,2021-09-06 16:40:00,528248
Oleksandr Brezytskyi_1679695404,Oleksandr Brezytskyi,-3,0,15,33,-18,48,2021-09-06 16:40:00,528249
Artem Tkachenko_948529539,Artem Tkachenko,3,1,35,26,9,61,2021-09-06 16:45:00,528250
Yuliia Tryhub_155490,Yuliia Tryhub,-2,0,30,40,-10,70,2021-09-06 16:45:00,528251
V Kandybina_118519,V Kandybina,-2,0,43,47,-4,90,2021-09-06 16:45:00,528252
P Medvedev_118485,P Medvedev,3,1,34,22,12,56,2021-09-06 16:47:00,528253
Anna Miklukha_114853370,Anna Miklukha,2,1,45,40,5,85,2021-09-06 16:50:00,528254
Serhii Ponomarov_155444,Serhii Ponomarov,3,1,33,21,12,54,2021-09-06 16:50:00,528255
Roman Rybachuk_18548789,Roman Rybachuk,3,1,33,20,13,53,2021-09-06 16:55:00,528256
Iryna Tiutiunyk_155499,Iryna Tiutiunyk,3,1,33,22,11,55,2021-09-06 16:55:00,528257
Maxim Suvorov_155539,Maxim Suvorov,-3,0,20,33,-13,53,2021-09-06 17:00:00,528258
Andrii Dombrovskyi_155454,Andrii Dombrovskyi,-3,0,24,33,-9,57,2021-09-06 17:00:00,528259
V Nemashkalo_118440,V Nemashkalo,2,1,41,40,1,81,2021-09-06 17:00:00,528260
Stepan Nykyforuk_603795572,Stepan Nykyforuk,1,1,51,41,10,92,2021-09-06 17:00:00,528261
M Bittner_26479,M Bittner,-1,0,38,49,-11,87,2021-09-06 17:04:00,528262
Nikita Trofimov_1132589261,Nikita Trofimov,-3,0,20,33,-13,53,2021-09-06 17:05:00,528263
Oleksandr Kovalchuk_155583,Oleksandr Kovalchuk,-1,0,51,48,3,99,2021-09-06 17:05:00,528264
Illia Yanishevskiy_281554479,Illia Yanishevskiy,-3,0,17,33,-16,50,2021-09-06 17:10:00,528265
Oleh Karpenko_155476,Oleh Karpenko,2,1,42,33,9,75,2021-09-06 17:10:00,528266
Nadiia Harmash_155491,Nadiia Harmash,-1,0,46,54,-8,100,2021-09-06 17:15:00,528267
Mykola Zakladnyi_1858044437,Mykola Zakladnyi,3,1,33,24,9,57,2021-09-06 17:15:00,528268
N Malinina_118520,N Malinina,2,1,41,31,10,72,2021-09-06 17:15:00,528269
V Kalachev_118486,V Kalachev,2,1,37,30,7,67,2021-09-06 17:16:00,528270
Dmitriy Zaporozhets_1459374256,Dmitriy Zaporozhets,-3,0,19,33,-14,52,2021-09-06 17:20:00,528271
Yaroslav Tebenko_155445,Yaroslav Tebenko,-3,0,23,33,-10,56,2021-09-06 17:20:00,528272
Viktoria Kurtenko_1645358132,Viktoria Kurtenko,2,1,39,36,3,75,2021-09-06 17:25:00,528273
Viktoriia Anarmetova_155500,Viktoriia Anarmetova,-1,0,48,42,6,90,2021-09-06 17:25:00,528274
Tomas Krenek_155540,Tomas Krenek,1,1,53,50,3,103,2021-09-06 17:30:00,528275
Nikita Vilenchyts_155455,Nikita Vilenchyts,-3,0,15,33,-18,48,2021-09-06 17:30:00,528276
Serhii Berezynskyi_66579910,Serhii Berezynskyi,-2,0,35,43,-8,78,2021-09-06 17:30:00,528277
Ji Louda_26480,Ji Louda,-3,0,29,36,-7,65,2021-09-06 17:31:00,528278
A Zabrodin_118441,A Zabrodin,-2,0,38,44,-6,82,2021-09-06 17:32:00,528279
Viacheslav Isakov_155584,Viacheslav Isakov,-1,0,38,53,-15,91,2021-09-06 17:35:00,528280
Yevhenii Faflei_812969104,Yevhenii Faflei,-1,0,46,46,0,92,2021-09-06 17:35:00,528281
Serhii Yatsenko_155477,Serhii Yatsenko,-2,0,35,37,-2,72,2021-09-06 17:40:00,528282
Bohdan Kohut_924780384,Bohdan Kohut,3,1,35,22,13,57,2021-09-06 17:40:00,528283
Anastasiia Kozak_155492,Anastasiia Kozak,-3,0,19,33,-14,52,2021-09-06 17:45:00,528284
Oleksandr Brezytskyi_358270222,Oleksandr Brezytskyi,2,1,41,29,12,70,2021-09-06 17:45:00,528285
P Medvedev_118487,P Medvedev,1,1,53,46,7,99,2021-09-06 17:46:00,528286
V Kandybina_118521,V Kandybina,2,1,41,30,11,71,2021-09-06 17:46:00,528287
Dmytro Lazuryk_155557,Dmytro Lazuryk,3,1,33,20,13,53,2021-09-06 17:50:00,528288
Volodymyr Hera_155446,Volodymyr Hera,2,1,41,35,6,76,2021-09-06 17:50:00,528289
Illia Yanishevskiy_65808779,Illia Yanishevskiy,-2,0,31,42,-11,73,2021-09-06 17:50:00,528290
Iryna Tiutiunyk_155501,Iryna Tiutiunyk,3,1,35,28,7,63,2021-09-06 17:55:00,528291
Vasiliy Smyk_946591014,Vasiliy Smyk,-3,0,19,33,-14,52,2021-09-06 17:55:00,528292
Andrii Dombrovskyi_155456,Andrii Dombrovskyi,-3,0,21,33,-12,54,2021-09-06 18:00:00,528293
K Brozik_26481,K Brozik,1,1,51,48,3,99,2021-09-06 18:00:00,528294
Tomas Krenek_155541,Tomas Krenek,-2,0,36,42,-6,78,2021-09-06 18:00:00,528295
Anna Miklukha_326463971,Anna Miklukha,-1,0,51,53,-2,104,2021-09-06 18:00:00,528296
Roman Rybachuk_1124526268,Roman Rybachuk,-1,0,47,52,-5,99,2021-09-06 18:05:00,528297
Roman Makarenko_155585,Roman Makarenko,-3,0,21,33,-12,54,2021-09-06 18:05:00,528298
V Selkin_118442,V Selkin,-1,0,46,55,-9,101,2021-09-06 18:05:00,528299
Ivan Synytskyi_1638724380,Ivan Synytskyi,3,1,34,27,7,61,2021-09-06 18:10:00,528300
Oleh Pereguda_155478,Oleh Pereguda,-1,0,56,59,-3,115,2021-09-06 18:10:00,528301
Yevhen Masko_1443231110,Yevhen Masko,-2,0,31,42,-11,73,2021-09-06 18:15:00,528302
Yuliia Tryhub_155493,Yuliia Tryhub,-2,0,31,41,-10,72,2021-09-06 18:15:00,528303
A Lobanov_118488,A Lobanov,2,1,42,33,9,75,2021-09-06 18:16:00,528304
Yaroslav Tebenko_155447,Yaroslav Tebenko,-1,0,37,51,-14,88,2021-09-06 18:20:00,528305
Dmytro Gudimenko_155558,Dmytro Gudimenko,3,1,34,28,6,62,2021-09-06 18:20:00,528306
Mykola Zakladnyi_1291776047,Mykola Zakladnyi,3,1,33,21,12,54,2021-09-06 18:20:00,528307
A Libatskaya_118522,A Libatskaya,-1,0,41,46,-5,87,2021-09-06 18:21:00,528308
Liudmyla Kabakova_155502,Liudmyla Kabakova,2,1,35,36,-1,71,2021-09-06 18:25:00,528309
Oleksandr Brezytskyi_1952960430,Oleksandr Brezytskyi,3,1,33,13,20,46,2021-09-06 18:25:00,528310
Yevhenii Honchar_155457,Yevhenii Honchar,1,1,50,46,4,96,2021-09-06 18:30:00,528311
T Zahradnik_26482,T Zahradnik,-1,0,48,42,6,90,2021-09-06 18:30:00,528312
Maxim Suvorov_155542,Maxim Suvorov,2,1,40,34,6,74,2021-09-06 18:30:00,528313
Artem Tkachenko_1868847242,Artem Tkachenko,-3,0,20,33,-13,53,2021-09-06 18:30:00,528314
Alina Kurtenko_2025443439,Alina Kurtenko,-3,0,26,34,-8,60,2021-09-06 18:35:00,528315
Oleksandr Lykhytskyi_155586,Oleksandr Lykhytskyi,3,1,35,20,15,55,2021-09-06 18:35:00,528316
Kostiantyn Klymenko_155479,Kostiantyn Klymenko,-3,0,17,33,-16,50,2021-09-06 18:40:00,528317
Serhii Berezynskyi_1661006144,Serhii Berezynskyi,-2,0,38,48,-10,86,2021-09-06 18:40:00,528318
A Zabrodin_118695,A Zabrodin,-2,0,38,45,-7,83,2021-09-06 18:43:00,528319
Yevhenii Faflei_2091739194,Yevhenii Faflei,1,1,48,52,-4,100,2021-09-06 18:45:00,528320
Anastasiia Kozak_155494,Anastasiia Kozak,-1,0,41,48,-7,89,2021-09-06 18:45:00,528321
I Novikov_118696,I Novikov,-2,0,26,38,-12,64,2021-09-06 18:46:00,528322
Serhii Ponomarov_155448,Serhii Ponomarov,-1,0,43,47,-4,90,2021-09-06 18:50:00,528323
Ivan Fedoryshyn_155559,Ivan Fedoryshyn,-1,0,48,51,-3,99,2021-09-06 18:50:00,528324
Nikita Trofimov_1172734626,Nikita Trofimov,-3,0,22,33,-11,55,2021-09-06 18:50:00,528325
Anastasiia Havelia_155503,Anastasiia Havelia,2,1,40,21,19,61,2021-09-06 18:55:00,528326
Borys Buriak_356332364,Borys Buriak,-1,0,44,48,-4,92,2021-09-06 18:55:00,528327
V Kandybina_118704,V Kandybina,2,1,38,31,7,69,2021-09-06 18:59:00,528328
Jan Hrncir_155543,Jan Hrncir,3,1,33,18,15,51,2021-09-06 19:00:00,528329
Andrii Matiushenko_155458,Andrii Matiushenko,-1,0,49,54,-5,103,2021-09-06 19:00:00,528330
Illia Yanishevskiy_179925969,Illia Yanishevskiy,-3,0,28,38,-10,66,2021-09-06 19:00:00,528331
K Brozik_26483,K Brozik,1,1,50,52,-2,102,2021-09-06 19:02:00,528332
Oleksandr Kovalchuk_155587,Oleksandr Kovalchuk,-2,0,34,40,-6,74,2021-09-06 19:05:00,528333
Dmitriy Zaporozhets_604313192,Dmitriy Zaporozhets,-1,0,40,51,-11,91,2021-09-06 19:05:00,528334
Oleh Karpenko_155480,Oleh Karpenko,2,1,42,26,16,68,2021-09-06 19:10:00,528335
Viktoria Kurtenko_1476838028,Viktoria Kurtenko,-3,0,22,33,-11,55,2021-09-06 19:10:00,528336
V Nemashkalo_118694,V Nemashkalo,-1,0,45,49,-4,94,2021-09-06 19:15:00,528337
Nadiia Harmash_155495,Nadiia Harmash,-3,0,21,33,-12,54,2021-09-06 19:15:00,528338
Illia Semeniuk_3723642,Illia Semeniuk,-2,0,35,38,-3,73,2021-09-06 19:15:00,528339
V Kalachev_118697,V Kalachev,2,1,34,25,9,59,2021-09-06 19:16:00,528340
Dmytro Gudimenko_155560,Dmytro Gudimenko,-1,0,46,52,-6,98,2021-09-06 19:20:00,528341
Ivan Synytskyi_1379037760,Ivan Synytskyi,1,1,48,45,3,93,2021-09-06 19:20:00,528342
Volodymyr Hera_155449,Volodymyr Hera,2,1,39,28,11,67,2021-09-06 19:20:00,528343
Bohdan Kohut_1977559505,Bohdan Kohut,2,1,44,32,12,76,2021-09-06 19:25:00,528344
N Malinina_118705,N Malinina,-2,0,29,42,-13,71,2021-09-06 19:25:00,528345
Viktoriia Anarmetova_155504,Viktoriia Anarmetova,2,1,36,32,4,68,2021-09-06 19:25:00,528346
Maxim Suvorov_155544,Maxim Suvorov,1,1,50,46,4,96,2021-09-06 19:30:00,528347
Nikita Vilenchyts_155459,Nikita Vilenchyts,2,1,41,32,9,73,2021-09-06 19:30:00,528348
Borys Buriak_2070056704,Borys Buriak,-2,0,29,42,-13,71,2021-09-06 19:30:00,528349
Oleksandr Brezytskyi_976969905,Oleksandr Brezytskyi,-3,0,23,33,-10,56,2021-09-06 19:35:00,528350
Viacheslav Isakov_155588,Viacheslav Isakov,-1,0,52,54,-2,106,2021-09-06 19:35:00,528351
Ji Louda_26484,Ji Louda,-3,0,25,37,-12,62,2021-09-06 19:36:00,528352
Vasiliy Smyk_1265736909,Vasiliy Smyk,3,1,39,32,7,71,2021-09-06 19:40:00,528353
Serhii Yatsenko_155481,Serhii Yatsenko,2,1,41,29,12,70,2021-09-06 19:40:00,528354
Anna Miklukha_833126511,Anna Miklukha,-2,0,33,40,-7,73,2021-09-06 19:45:00,528355
I Moshkov_118489,I Moshkov,1,1,45,44,1,89,2021-09-06 19:45:00,528356
Yuliia Tryhub_155496,Yuliia Tryhub,3,1,34,27,7,61,2021-09-06 19:45:00,528357
V Kasatkin_118443,V Kasatkin,-3,0,21,33,-12,54,2021-09-06 19:47:00,528358
Roman Rybachuk_143897114,Roman Rybachuk,1,1,50,44,6,94,2021-09-06 19:50:00,528359
Dmytro Lazuryk_155561,Dmytro Lazuryk,1,1,48,40,8,88,2021-09-06 19:50:00,528360
Oleksandr Kalynevych_155450,Oleksandr Kalynevych,-1,0,51,60,-9,111,2021-09-06 19:50:00,528361
V Melnikov_118523,V Melnikov,3,1,33,17,16,50,2021-09-06 19:52:00,528362
Iryna Tiutiunyk_155505,Iryna Tiutiunyk,3,1,33,13,20,46,2021-09-06 19:55:00,528363
Yaroslav Vorsuliak_307305506,Yaroslav Vorsuliak,-2,0,37,38,-1,75,2021-09-06 19:55:00,528364
Yevhenii Honchar_155460,Yevhenii Honchar,3,1,33,16,17,49,2021-09-06 20:00:00,528365
Yevhen Masko_2130247273,Yevhen Masko,-1,0,51,51,0,102,2021-09-06 20:00:00,528366
Yana Zakladna_1659616660,Yana Zakladna,2,1,40,35,5,75,2021-09-06 20:05:00,528367
Roman Makarenko_155589,Roman Makarenko,-1,0,48,49,-1,97,2021-09-06 20:05:00,528368
D Tikhnenko_118444,D Tikhnenko,-1,0,40,40,0,80,2021-09-06 20:06:00,528369
Ji Louda_26525,Ji Louda,1,1,54,46,8,100,2021-09-06 20:06:00,528370
Tatiana Bairak_1840498879,Tatiana Bairak,-1,0,45,52,-7,97,2021-09-06 20:10:00,528371
Oleh Pereguda_155482,Oleh Pereguda,3,1,35,26,9,61,2021-09-06 20:10:00,528372
Andriy Kurtenko_1650560789,Andriy Kurtenko,-1,0,47,55,-8,102,2021-09-06 20:15:00,528373
Yevheniia Severyna_155497,Yevheniia Severyna,-3,0,21,34,-13,55,2021-09-06 20:15:00,528374
Jan Hrncir_155885,Jan Hrncir,3,1,33,25,8,58,2021-09-06 20:15:00,528375
A Innazarov_118524,A Innazarov,-1,0,44,48,-4,92,2021-09-06 20:15:00,528376
N Lyfenko_118490,N Lyfenko,2,1,37,37,0,74,2021-09-06 20:18:00,528377
Viktoria Kurtenko_723354931,Viktoria Kurtenko,-2,0,36,40,-4,76,2021-09-06 20:20:00,528378
Yurii Kurishchenko_155562,Yurii Kurishchenko,3,1,33,23,10,56,2021-09-06 20:20:00,528379
Liudmyla Kabakova_155506,Liudmyla Kabakova,-3,0,19,33,-14,52,2021-09-06 20:25:00,528380
Serhii Berezynskyi_1777059978,Serhii Berezynskyi,3,1,34,22,12,56,2021-09-06 20:25:00,528381
S Burov_118445,S Burov,1,1,48,39,9,87,2021-09-06 20:29:00,528382
Yaroslav Tebenko_155887,Yaroslav Tebenko,-1,0,42,45,-3,87,2021-09-06 20:30:00,528383
Ihor Solomianyi_1522166811,Ihor Solomianyi,1,1,51,51,0,102,2021-09-06 20:30:00,528384
Yevhenii Honchar_155461,Yevhenii Honchar,3,1,33,20,13,53,2021-09-06 20:30:00,528385
Roman Derypaska_1237032788,Roman Derypaska,2,1,42,35,7,77,2021-09-06 20:35:00,528386
Oleksandr Lykhytskyi_155590,Oleksandr Lykhytskyi,3,1,33,18,15,51,2021-09-06 20:35:00,528387
M Bittner_26526,M Bittner,-3,0,21,34,-13,55,2021-09-06 20:39:00,528388
Kostiantyn Klymenko_155483,Kostiantyn Klymenko,-2,0,39,43,-4,82,2021-09-06 20:40:00,528389
Tatiana Bairak_46661125,Tatiana Bairak,-1,0,42,41,1,83,2021-09-06 20:40:00,528390
Daniel Salomon_155886,Daniel Salomon,-3,0,21,33,-12,54,2021-09-06 20:45:00,528391
Yuliia Yemelianenko_791826417,Yuliia Yemelianenko,3,1,34,22,12,56,2021-09-06 20:45:00,528392
Yevheniia Severyna_155889,Yevheniia Severyna,-3,0,24,35,-11,59,2021-09-06 20:45:00,528393
M Andrusenko_118491,M Andrusenko,-2,0,34,40,-6,74,2021-09-06 20:47:00,528394
M Pronkin_118525,M Pronkin,-3,0,23,34,-11,57,2021-09-06 20:49:00,528395
Artem Tkachenko_447203646,Artem Tkachenko,1,1,48,49,-1,97,2021-09-06 20:50:00,528396
Ivan Fedoryshyn_155563,Ivan Fedoryshyn,-2,0,32,40,-8,72,2021-09-06 20:50:00,528397
Anastasiia Havelia_155507,Anastasiia Havelia,3,1,33,20,13,53,2021-09-06 20:55:00,528398
Anna Miklukha_281628854,Anna Miklukha,2,1,45,31,14,76,2021-09-06 20:55:00,528399
Artur Akopyan_155545,Artur Akopyan,-2,0,42,46,-4,88,2021-09-06 21:00:00,528400
Roman Rybachuk_1488520137,Roman Rybachuk,-1,0,48,50,-2,98,2021-09-06 21:00:00,528401
S Kuzmin_118446,S Kuzmin,2,1,39,31,8,70,2021-09-06 21:00:00,528402
Nikita Vilenchyts_155462,Nikita Vilenchyts,2,1,42,41,1,83,2021-09-06 21:00:00,528403
Andrii Berdii_155888,Andrii Berdii,-2,0,38,45,-7,83,2021-09-06 21:00:00,528404
Z Bilek_26485,Z Bilek,-2,0,35,44,-9,79,2021-09-06 21:01:00,528405
Ivan Synytskyi_1683851524,Ivan Synytskyi,1,1,54,44,10,98,2021-09-06 21:05:00,528406
Viacheslav Isakov_155591,Viacheslav Isakov,2,1,48,42,6,90,2021-09-06 21:05:00,528407
Serhii Yatsenko_155484,Serhii Yatsenko,-3,0,29,37,-8,66,2021-09-06 21:10:00,528408
Nikita Trofimov_742966633,Nikita Trofimov,-3,0,24,33,-9,57,2021-09-06 21:10:00,528409
D Razinkov_118492,D Razinkov,1,1,49,47,2,96,2021-09-06 21:15:00,528410
V Fedorov_118526,V Fedorov,3,1,33,21,12,54,2021-09-06 21:15:00,528411
Tatiana Bairak_1983451063,Tatiana Bairak,-2,0,35,41,-6,76,2021-09-06 21:15:00,528412
Svitlana Yureneva_155890,Svitlana Yureneva,2,1,39,31,8,70,2021-09-06 21:15:00,528413
Dmytro Gudimenko_155564,Dmytro Gudimenko,1,1,50,41,9,91,2021-09-06 21:20:00,528414
Yuliia Yemelianenko_2462196,Yuliia Yemelianenko,2,1,38,34,4,72,2021-09-06 21:20:00,528415
Viktoriia Anarmetova_155508,Viktoriia Anarmetova,-1,0,45,46,-1,91,2021-09-06 21:25:00,528416
Artem Tkachenko_672435260,Artem Tkachenko,-2,0,33,39,-6,72,2021-09-06 21:25:00,528417
Milan Liptak_155546,Milan Liptak,-3,0,19,33,-14,52,2021-09-06 21:30:00,528418
Viktoria Kurtenko_753969313,Viktoria Kurtenko,-1,0,45,50,-5,95,2021-09-06 21:30:00,528419
L Protiva_26486,L Protiva,-2,0,37,44,-7,81,2021-09-06 21:30:00,528420
S Burov_118447,S Burov,1,1,48,40,8,88,2021-09-06 21:32:00,528421
Serhii Berezynskyi_2001817140,Serhii Berezynskyi,1,1,46,39,7,85,2021-09-06 21:35:00,528422
Dmytro Rehotun_155592,Dmytro Rehotun,-2,0,37,42,-5,79,2021-09-06 21:35:00,528423
Vadym Kucheriavyi_155485,Vadym Kucheriavyi,-2,0,35,46,-11,81,2021-09-06 21:40:00,528424
Yevhen Masko_1124709857,Yevhen Masko,1,1,59,55,4,114,2021-09-06 21:45:00,528425
M Pronkin_118527,M Pronkin,-3,0,25,33,-8,58,2021-09-06 21:45:00,528426
Dmytro Lazuryk_155565,Dmytro Lazuryk,-2,0,37,43,-6,80,2021-09-06 21:50:00,528427
Yana Zakladna_345093605,Yana Zakladna,-2,0,27,38,-11,65,2021-09-06 21:50:00,528428
Liudmyla Kabakova_155509,Liudmyla Kabakova,-2,0,30,44,-14,74,2021-09-06 21:55:00,528429
Yuliia Yemelianenko_196472595,Yuliia Yemelianenko,3,1,33,15,18,48,2021-09-06 21:55:00,528430
M Andrusenko_118493,M Andrusenko,1,1,52,51,1,103,2021-09-06 21:57:00,528431
jr. Hruska_26487,jr. Hruska,-2,0,31,42,-11,73,2021-09-06 22:00:00,528432
Milan Liptak_155547,Milan Liptak,3,1,34,24,10,58,2021-09-06 22:00:00,528433
Andriy Kurtenko_618736885,Andriy Kurtenko,-1,0,45,53,-8,98,2021-09-06 22:00:00,528434
D Tikhnenko_118448,D Tikhnenko,2,1,37,34,3,71,2021-09-06 22:01:00,528435
Viacheslav Isakov_155593,Viacheslav Isakov,1,1,50,47,3,97,2021-09-06 22:05:00,528436
Alina Kurtenko_2052063127,Alina Kurtenko,2,1,44,36,8,80,2021-09-06 22:05:00,528437
Roman Rybachuk_1712854335,Roman Rybachuk,-1,0,46,48,-2,94,2021-09-06 22:10:00,528438
Serhii Yatsenko_155486,Serhii Yatsenko,2,1,42,28,14,70,2021-09-06 22:10:00,528439
A Innazarov_118528,A Innazarov,-3,0,28,34,-6,62,2021-09-06 22:16:00,528440
Roman Derypaska_300093032,Roman Derypaska,-3,0,19,34,-15,53,2021-09-06 22:20:00,528441
Yurii Kurishchenko_155566,Yurii Kurishchenko,-2,0,40,42,-2,82,2021-09-06 22:20:00,528442
Yuliia Yemelianenko_1443330932,Yuliia Yemelianenko,3,1,33,19,14,52,2021-09-06 22:25:00,528443
Iryna Ahalakova_155510,Iryna Ahalakova,2,1,41,33,8,74,2021-09-06 22:25:00,528444
Jo Medek_26488,Jo Medek,2,1,45,34,11,79,2021-09-06 22:30:00,528445
Tatiana Bairak_114872967,Tatiana Bairak,-2,0,30,43,-13,73,2021-09-06 22:30:00,528446
V Kasatkin_118708,V Kasatkin,-1,0,51,60,-9,111,2021-09-06 22:30:00,528447
Artur Akopyan_155548,Artur Akopyan,-3,0,12,33,-21,45,2021-09-06 22:30:00,528448
Oleksandr Kovalchuk_155594,Oleksandr Kovalchuk,3,1,33,21,12,54,2021-09-06 22:35:00,528449
N Lyfenko_118494,N Lyfenko,-2,0,35,41,-6,76,2021-09-06 22:37:00,528450
Oleh Karpenko_155487,Oleh Karpenko,3,1,33,21,12,54,2021-09-06 22:40:00,528451
A Innazarov_118710,A Innazarov,-2,0,39,45,-6,84,2021-09-06 22:45:00,528452
Mykola Tovkach_430847569,Mykola Tovkach,-1,0,47,48,-1,95,2021-09-06 22:45:00,528453
Ivan Fedoryshyn_155567,Ivan Fedoryshyn,-2,0,35,44,-9,79,2021-09-06 22:50:00,528454
Liudmyla Kabakova_155511,Liudmyla Kabakova,-2,0,28,38,-10,66,2021-09-06 22:55:00,528455
jr. Hruska_26489,jr. Hruska,-1,0,47,49,-2,96,2021-09-06 23:00:00,528456
Yuliia Yemelianenko_229920417,Yuliia Yemelianenko,-2,0,28,40,-12,68,2021-09-06 23:00:00,528457
Petr Provaznik_155549,Petr Provaznik,-1,0,36,46,-10,82,2021-09-06 23:00:00,528458
M Andrusenko_118712,M Andrusenko,-2,0,32,42,-10,74,2021-09-06 23:01:00,528459
Tatiana Bairak_1016794781,Tatiana Bairak,-3,0,20,33,-13,53,2021-09-06 23:05:00,528460
S Kuzmin_118709,S Kuzmin,2,1,44,37,7,81,2021-09-06 23:06:00,528461
V Fedorov_118711,V Fedorov,2,1,42,34,8,76,2021-09-06 23:15:00,528462
Dmytro Lazuryk_155568,Dmytro Lazuryk,3,1,35,26,9,61,2021-09-06 23:20:00,528463
D Razinkov_118713,D Razinkov,-2,0,35,39,-4,74,2021-09-06 23:23:00,528464
Iryna Tiutiunyk_155512,Iryna Tiutiunyk,-1,0,40,48,-8,88,2021-09-06 23:25:00,528465
Artur Akopyan_155550,Artur Akopyan,-1,0,42,42,0,84,2021-09-06 23:30:00,528466
L Protiva_26490,L Protiva,-2,0,37,39,-2,76,2021-09-06 23:32:00,528467
Davyd Symonchuk_331938937,Davyd Symonchuk,3,1,33,19,14,52,2021-09-06 23:35:00,528468
Zh Tsybikov_118449,Zh Tsybikov,3,1,33,14,19,47,2021-09-06 23:38:00,528469
Volodymyr Tuchkevych_452603939,Volodymyr Tuchkevych,1,1,43,39,4,82,2021-09-06 23:45:00,528470
V Safonov_118529,V Safonov,-2,0,31,44,-13,75,2021-09-06 23:47:00,528471
Illia Valchuk_155569,Illia Valchuk,-1,0,51,50,1,101,2021-09-06 23:50:00,528472
S Ogai_122498,S Ogai,-1,0,45,47,-2,92,2021-09-07 00:01:00,528473
Serhii Ponomarenko_1024354177,Serhii Ponomarenko,2,1,43,37,6,80,2021-09-07 00:05:00,528474
Oleksandr Kostiuk_746147963,Oleksandr Kostiuk,1,1,50,50,0,100,2021-09-07 00:15:00,528475
D Balakin_122458,D Balakin,2,1,42,30,12,72,2021-09-07 00:15:00,528476
R Rose_27457,R Rose,-3,0,17,33,-16,50,2021-09-07 00:16:00,528477
Ivan Fedoryshyn_163943,Ivan Fedoryshyn,-2,0,31,43,-12,74,2021-09-07 00:20:00,528478
Mykhailo Diachenko_163945,Mykhailo Diachenko,-2,0,23,44,-21,67,2021-09-07 00:25:00,528479
Jakub Merta_164370,Jakub Merta,-2,0,33,41,-8,74,2021-09-07 00:25:00,528480
V Safonov_122526,V Safonov,-2,0,41,46,-5,87,2021-09-07 00:27:00,528481
K Churin_122499,K Churin,-2,0,30,42,-12,72,2021-09-07 00:32:00,528482
Anton Riabukhin_1178561787,Anton Riabukhin,-3,0,23,33,-10,56,2021-09-07 00:35:00,528483
Ji Louda_27458,Ji Louda,-3,0,30,38,-8,68,2021-09-07 00:36:00,528484
Bogdan Stasiuk_720182335,Bogdan Stasiuk,1,1,45,38,7,83,2021-09-07 00:45:00,528485
D Evlahin_122459,D Evlahin,2,1,45,40,5,85,2021-09-07 00:46:00,528486
Valeriy Vlasenko_163944,Valeriy Vlasenko,1,1,51,47,4,98,2021-09-07 00:50:00,528487
P Semeshin_122527,P Semeshin,-2,0,38,42,-4,80,2021-09-07 00:55:00,528488
Tomas Vorisek_164371,Tomas Vorisek,2,1,42,31,11,73,2021-09-07 00:55:00,528489
Oleh Skoryk_163946,Oleh Skoryk,2,1,39,38,1,77,2021-09-07 00:55:00,528490
V Sidorin_122500,V Sidorin,2,1,43,41,2,84,2021-09-07 01:02:00,528491
Vitalii Vovk_1644056056,Vitalii Vovk,-1,0,46,59,-13,105,2021-09-07 01:05:00,528492
Mykola Tovkach_686481321,Mykola Tovkach,2,1,40,26,14,66,2021-09-07 01:15:00,528493
D Sayanov_122528,D Sayanov,-3,0,25,35,-10,60,2021-09-07 01:17:00,528494
V Shirshov_122460,V Shirshov,-3,0,18,33,-15,51,2021-09-07 01:17:00,528495
Andrii Novikov_163947,Andrii Novikov,2,1,42,37,5,79,2021-09-07 01:25:00,528496
S Ogai_122501,S Ogai,2,1,45,31,14,76,2021-09-07 01:32:00,528497
Serhii Ponomarenko_2020269336,Serhii Ponomarenko,-2,0,34,40,-6,74,2021-09-07 01:35:00,528498
Anastasiia Havelia_163960,Anastasiia Havelia,1,1,49,44,5,93,2021-09-07 01:35:00,528499
Oleksandr Kostiuk_617253,Oleksandr Kostiuk,-3,0,26,35,-9,61,2021-09-07 01:45:00,528500
V Safonov_122529,V Safonov,-2,0,28,42,-14,70,2021-09-07 01:45:00,528501
D Balakin_122461,D Balakin,-2,0,29,39,-10,68,2021-09-07 01:45:00,528502
Oleh Skoryk_163948,Oleh Skoryk,1,1,54,53,1,107,2021-09-07 01:55:00,528503
V Sidorin_122502,V Sidorin,-3,0,22,33,-11,55,2021-09-07 02:01:00,528504
Olena Nikitchenko_163961,Olena Nikitchenko,3,1,33,13,20,46,2021-09-07 02:05:00,528505
Anton Riabukhin_2073104499,Anton Riabukhin,1,1,51,35,16,86,2021-09-07 02:05:00,528506
V Shirshov_122462,V Shirshov,-3,0,14,33,-19,47,2021-09-07 02:15:00,528507
Bogdan Stasiuk_446739980,Bogdan Stasiuk,-3,0,21,33,-12,54,2021-09-07 02:15:00,528508
D Sayanov_122530,D Sayanov,-3,0,25,36,-11,61,2021-09-07 02:16:00,528509
Mykhailo Diachenko_163949,Mykhailo Diachenko,-2,0,35,45,-10,80,2021-09-07 02:25:00,528510
Vitalii Vovk_1549482730,Vitalii Vovk,-1,0,51,52,-1,103,2021-09-07 02:35:00,528511
Anastasiia Havelia_163962,Anastasiia Havelia,3,1,33,16,17,49,2021-09-07 02:35:00,528512
A Fedosov_122503,A Fedosov,1,1,54,43,11,97,2021-09-07 02:35:00,528513
Yu Lbov_122463,Yu Lbov,-2,0,33,43,-10,76,2021-09-07 02:45:00,528514
Mykola Tovkach_1565938692,Mykola Tovkach,3,1,34,22,12,56,2021-09-07 02:45:00,528515
A Volkov_122531,A Volkov,-1,0,43,51,-8,94,2021-09-07 02:45:00,528516
Yurii Reva_163950,Yurii Reva,1,1,49,43,6,92,2021-09-07 02:55:00,528517
Serhii Ponomarenko_1190561333,Serhii Ponomarenko,2,1,43,33,10,76,2021-09-07 03:05:00,528518
Liudmyla Kabakova_163963,Liudmyla Kabakova,-2,0,28,37,-9,65,2021-09-07 03:05:00,528519
K Churin_122504,K Churin,1,1,54,48,6,102,2021-09-07 03:14:00,528520
Oleksandr Kostiuk_933899835,Oleksandr Kostiuk,2,1,41,33,8,74,2021-09-07 03:15:00,528521
D Evlahin_122464,D Evlahin,3,1,33,21,12,54,2021-09-07 03:15:00,528522
P Semeshin_122532,P Semeshin,3,1,33,17,16,50,2021-09-07 03:16:00,528523
Andrii Novikov_163951,Andrii Novikov,3,1,34,23,11,57,2021-09-07 03:25:00,528524
Denys Vakulenko_1847807812,Denys Vakulenko,-3,0,16,33,-17,49,2021-09-07 03:35:00,528525
Olena Nikitchenko_163964,Olena Nikitchenko,3,1,33,16,17,49,2021-09-07 03:35:00,528526
Roman Vashchuk_1880993122,Roman Vashchuk,-2,0,33,45,-12,78,2021-09-07 03:45:00,528527
T Turabekov_122505,T Turabekov,3,1,36,26,10,62,2021-09-07 03:45:00,528528
O Kutuzov_122465,O Kutuzov,-1,0,51,47,4,98,2021-09-07 03:45:00,528529
N Zhurba_122533,N Zhurba,3,1,33,23,10,56,2021-09-07 03:45:00,528530
Oleh Skoryk_163952,Oleh Skoryk,3,1,33,23,10,56,2021-09-07 03:55:00,528531
A Fedosov_122506,A Fedosov,2,1,43,36,7,79,2021-09-07 04:05:00,528532
Anastasiia Havelia_163965,Anastasiia Havelia,-2,0,31,42,-11,73,2021-09-07 04:05:00,528533
Anton Riabukhin_491570772,Anton Riabukhin,-1,0,41,43,-2,84,2021-09-07 04:05:00,528534
Bogdan Stasiuk_1698179970,Bogdan Stasiuk,2,1,37,33,4,70,2021-09-07 04:15:00,528535
A Volkov_122534,A Volkov,1,1,46,45,1,91,2021-09-07 04:16:00,528536
Yu Lbov_122466,Yu Lbov,-1,0,33,47,-14,80,2021-09-07 04:24:00,528537
Mykhailo Diachenko_163953,Mykhailo Diachenko,-3,0,23,38,-15,61,2021-09-07 04:25:00,528538
S Ogai_122685,S Ogai,2,1,39,29,10,68,2021-09-07 04:34:00,528539
Anton Riabukhin_1750970401,Anton Riabukhin,-2,0,25,43,-18,68,2021-09-07 04:35:00,528540
Olena Nikitchenko_163966,Olena Nikitchenko,-1,0,48,54,-6,102,2021-09-07 04:35:00,528541
Oleksandr Kostiuk_2008488490,Oleksandr Kostiuk,-2,0,30,41,-11,71,2021-09-07 04:45:00,528542
V Safonov_122687,V Safonov,-1,0,36,53,-17,89,2021-09-07 04:53:00,528543
Yu Lbov_122689,Yu Lbov,-2,0,32,40,-8,72,2021-09-07 04:54:00,528544
Yurii Reva_163954,Yurii Reva,3,1,33,19,14,52,2021-09-07 04:55:00,528545
T Turabekov_122686,T Turabekov,-1,0,34,43,-9,77,2021-09-07 05:01:00,528546
Liudmyla Kabakova_163967,Liudmyla Kabakova,-1,0,42,47,-5,89,2021-09-07 05:05:00,528547
Serhii Ponomarenko_2020410015,Serhii Ponomarenko,3,1,37,26,11,63,2021-09-07 05:05:00,528548
Bogdan Stasiuk_446851951,Bogdan Stasiuk,-2,0,36,46,-10,82,2021-09-07 05:15:00,528549
A Volkov_122688,A Volkov,2,1,41,28,13,69,2021-09-07 05:18:00,528550
D Balakin_122690,D Balakin,-1,0,42,45,-3,87,2021-09-07 05:20:00,528551
Andrii Novikov_163955,Andrii Novikov,-1,0,39,53,-14,92,2021-09-07 05:25:00,528552
Anastasiia Havelia_163968,Anastasiia Havelia,-2,0,28,41,-13,69,2021-09-07 05:35:00,528553
Mykhailo Diachenko_163956,Mykhailo Diachenko,-3,0,21,33,-12,54,2021-09-07 05:55:00,528554
Iryna Ahalakova_163969,Iryna Ahalakova,-2,0,32,42,-10,74,2021-09-07 06:05:00,528555
Vitalii Kobets_163957,Vitalii Kobets,-1,0,50,42,8,92,2021-09-07 06:25:00,528556
Olena Nikitchenko_164372,Olena Nikitchenko,2,1,42,33,9,75,2021-09-07 06:40:00,528557
Mykhailo Diachenko_163958,Mykhailo Diachenko,3,1,39,29,10,68,2021-09-07 06:55:00,528558
Hanna Babii_164373,Hanna Babii,-2,0,33,42,-9,75,2021-09-07 07:10:00,528559
Oleh Skoryk_163959,Oleh Skoryk,1,1,52,46,6,98,2021-09-07 07:25:00,528560
I Sergeevich_122599,I Sergeevich,2,1,42,34,8,76,2021-09-07 07:30:00,528561
V Selkin_122637,V Selkin,1,1,48,42,6,90,2021-09-07 07:47:00,528562
D Petrochenko_122565,D Petrochenko,2,1,40,29,11,69,2021-09-07 07:48:00,528563
Vitaly Boyko_164048,Vitaly Boyko,-3,0,12,33,-21,45,2021-09-07 07:50:00,528564
Oleh Stasevskyi_366463652,Oleh Stasevskyi,-1,0,55,54,1,109,2021-09-07 07:50:00,528565
Ihor Kuznetsov_62166383,Ihor Kuznetsov,-3,0,27,35,-8,62,2021-09-07 07:55:00,528566
Volodymyr Chornobab_164063,Volodymyr Chornobab,2,1,43,28,15,71,2021-09-07 08:00:00,528567
A Kolmin_122600,A Kolmin,2,1,42,31,11,73,2021-09-07 08:04:00,528568
Vitalii Sydorenko_164073,Vitalii Sydorenko,3,1,33,17,16,50,2021-09-07 08:05:00,528569
Oleksandr Hryshchenko_164090,Oleksandr Hryshchenko,-2,0,37,40,-3,77,2021-09-07 08:10:00,528570
Oleksandr Mytsyk_164105,Oleksandr Mytsyk,-2,0,37,39,-2,76,2021-09-07 08:15:00,528571
V Bazilevskiy_122566,V Bazilevskiy,2,1,40,29,11,69,2021-09-07 08:16:00,528572
V Sinkovskiy_122638,V Sinkovskiy,-1,0,47,49,-2,96,2021-09-07 08:18:00,528573
Yurii Kurishchenko_164049,Yurii Kurishchenko,-2,0,40,49,-9,89,2021-09-07 08:20:00,528574
Vadym Komar_2031759258,Vadym Komar,-3,0,24,35,-11,59,2021-09-07 08:25:00,528575
Konstantin Makarchuk_2051919884,Konstantin Makarchuk,-3,0,25,34,-9,59,2021-09-07 08:30:00,528576
S Ovechkin_122601,S Ovechkin,-2,0,25,42,-17,67,2021-09-07 08:33:00,528577
Oleksiy Sapronov_187278688,Oleksiy Sapronov,1,1,51,50,1,101,2021-09-07 08:35:00,528578
Serhii Chuliukov_164074,Serhii Chuliukov,-2,0,31,40,-9,71,2021-09-07 08:35:00,528579
Tymur Karchevskyi_164091,Tymur Karchevskyi,3,1,33,17,16,50,2021-09-07 08:40:00,528580
Valentyn Yunchyk_766164947,Valentyn Yunchyk,-2,0,36,44,-8,80,2021-09-07 08:45:00,528581
Andrii Martyniuk_164106,Andrii Martyniuk,3,1,33,21,12,54,2021-09-07 08:45:00,528582
S Nikulin_122567,S Nikulin,-1,0,47,50,-3,97,2021-09-07 08:46:00,528583
A Fedorov_122639,A Fedorov,-1,0,40,48,-8,88,2021-09-07 08:47:00,528584
Nazarii Danyliuk_1150211987,Nazarii Danyliuk,1,1,47,46,1,93,2021-09-07 08:50:00,528585
Stanislav Nikolenko_164050,Stanislav Nikolenko,-1,0,52,57,-5,109,2021-09-07 08:50:00,528586
Valeriy Vlasenko_164120,Valeriy Vlasenko,-2,0,34,42,-8,76,2021-09-07 08:50:00,528587
Alina Man_164170,Alina Man,1,1,47,46,1,93,2021-09-07 08:55:00,528588
Serhii Poliakov_857955749,Serhii Poliakov,2,1,45,35,10,80,2021-09-07 08:55:00,528589
Eduard Rubtsov_212796386,Eduard Rubtsov,1,1,46,45,1,91,2021-09-07 08:55:00,528590
Maxim Suvorov_164325,Maxim Suvorov,3,1,34,26,8,60,2021-09-07 09:00:00,528591
Volodymyr Chornobab_164065,Volodymyr Chornobab,-2,0,31,43,-12,74,2021-09-07 09:00:00,528592
Sr. Obeslo_27429,Sr. Obeslo,2,1,41,36,5,77,2021-09-07 09:00:00,528593
Oleksandr Semenets_423709798,Oleksandr Semenets,1,1,45,48,-3,93,2021-09-07 09:00:00,528594
Mykola Kulynych_164185,Mykola Kulynych,3,1,33,20,13,53,2021-09-07 09:00:00,528595
A Bogomolov_122602,A Bogomolov,-2,0,30,39,-9,69,2021-09-07 09:01:00,528596
Oleksii Korobov_164075,Oleksii Korobov,-3,0,19,33,-14,52,2021-09-07 09:05:00,528597
Serhii Kiilo_397311494,Serhii Kiilo,-3,0,22,33,-11,55,2021-09-07 09:05:00,528598
Nikita Korbut_1260051732,Nikita Korbut,3,1,34,24,10,58,2021-09-07 09:10:00,528599
Ruslan Solomko_164092,Ruslan Solomko,3,1,33,18,15,51,2021-09-07 09:10:00,528600
Eduard Populovskyi_164107,Eduard Populovskyi,1,1,52,42,10,94,2021-09-07 09:15:00,528601
V Nemashkalo_122640,V Nemashkalo,3,1,33,22,11,55,2021-09-07 09:16:00,528602
Rodion Kapinus_164121,Rodion Kapinus,1,1,50,48,2,98,2021-09-07 09:20:00,528603
Nazarii Hrytsyienko_682607655,Nazarii Hrytsyienko,-1,0,50,54,-4,104,2021-09-07 09:20:00,528604
Yurii Kurishchenko_164051,Yurii Kurishchenko,-3,0,23,34,-11,57,2021-09-07 09:20:00,528605
E Mishutin_122568,E Mishutin,-3,0,22,33,-11,55,2021-09-07 09:24:00,528606
Volodymyr Plishylo_1019652158,Volodymyr Plishylo,1,1,54,53,1,107,2021-09-07 09:25:00,528607
Anastasiia Gordinskaya-Sheiko_164171,Anastasiia Gordinskaya-Sheiko,-1,0,44,49,-5,93,2021-09-07 09:25:00,528608
Yuriy Abroskin_1091165996,Yuriy Abroskin,-2,0,36,37,-1,73,2021-09-07 09:30:00,528609
Tomas Cerveny_164326,Tomas Cerveny,2,1,43,32,11,75,2021-09-07 09:30:00,528610
Oleksandr Maslovskyi_164186,Oleksandr Maslovskyi,3,1,33,20,13,53,2021-09-07 09:30:00,528611
Rodion Pirveli_798455495,Rodion Pirveli,-1,0,46,53,-7,99,2021-09-07 09:30:00,528612
S Ovechkin_122603,S Ovechkin,1,1,49,43,6,92,2021-09-07 09:31:00,528613
M Flanderka_27430,M Flanderka,3,1,33,19,14,52,2021-09-07 09:32:00,528614
Serhii Chuliukov_164076,Serhii Chuliukov,-2,0,32,38,-6,70,2021-09-07 09:35:00,528615
Oleh Stasevskyi_824137371,Oleh Stasevskyi,-2,0,45,46,-1,91,2021-09-07 09:35:00,528616
Tymur Karchevskyi_164093,Tymur Karchevskyi,2,1,39,29,10,68,2021-09-07 09:40:00,528617
Ihor Kuznetsov_270177849,Ihor Kuznetsov,-1,0,44,50,-6,94,2021-09-07 09:40:00,528618
Oleksiy Sapronov_128023038,Oleksiy Sapronov,3,1,35,26,9,61,2021-09-07 09:45:00,528619
A Fedorov_122641,A Fedorov,3,1,41,35,6,76,2021-09-07 09:45:00,528620
Andrii Martyniuk_164108,Andrii Martyniuk,-1,0,47,53,-6,100,2021-09-07 09:45:00,528621
S Nikulin_122569,S Nikulin,1,1,49,42,7,91,2021-09-07 09:49:00,528622
Vitaly Boyko_164052,Vitaly Boyko,-3,0,21,33,-12,54,2021-09-07 09:50:00,528623
Ivan Fedoryshyn_164122,Ivan Fedoryshyn,2,1,38,32,6,70,2021-09-07 09:50:00,528624
Yuliia Tryhub_164172,Yuliia Tryhub,1,1,47,40,7,87,2021-09-07 09:55:00,528625
Valentyn Yunchyk_1808221436,Valentyn Yunchyk,-2,0,38,39,-1,77,2021-09-07 09:55:00,528626
Tomas Cerveny_164327,Tomas Cerveny,-3,0,21,33,-12,54,2021-09-07 10:00:00,528627
A Kolmin_122604,A Kolmin,-2,0,40,48,-8,88,2021-09-07 10:00:00,528628
Roman Bihun_164187,Roman Bihun,1,1,50,45,5,95,2021-09-07 10:00:00,528629
Mykhailo Teteruk_164067,Mykhailo Teteruk,2,1,37,32,5,69,2021-09-07 10:00:00,528630
Nazarii Danyliuk_191332694,Nazarii Danyliuk,2,1,42,40,2,82,2021-09-07 10:00:00,528631
F Just_27431,F Just,-1,0,38,48,-10,86,2021-09-07 10:00:00,528632
Vitalii Sydorenko_164077,Vitalii Sydorenko,-1,0,46,50,-4,96,2021-09-07 10:05:00,528633
Serhii Poliakov_1465538790,Serhii Poliakov,-1,0,47,53,-6,100,2021-09-07 10:05:00,528634
Eduard Rubtsov_708498204,Eduard Rubtsov,-1,0,44,41,3,85,2021-09-07 10:05:00,528635
Oleksandr Hryshchenko_164094,Oleksandr Hryshchenko,-1,0,46,50,-4,96,2021-09-07 10:10:00,528636
Oleksandr Semenets_1785982178,Oleksandr Semenets,-3,0,24,33,-9,57,2021-09-07 10:10:00,528637
Oleksandr Mytsyk_164109,Oleksandr Mytsyk,2,1,41,29,12,70,2021-09-07 10:15:00,528638
V Sinkovskiy_122642,V Sinkovskiy,2,1,42,33,9,75,2021-09-07 10:15:00,528639
Serhii Kiilo_1281750960,Serhii Kiilo,1,1,48,50,-2,98,2021-09-07 10:15:00,528640
V Bazilevskiy_122570,V Bazilevskiy,-1,0,47,48,-1,95,2021-09-07 10:20:00,528641
Serhii Gergeliuk_537041664,Serhii Gergeliuk,-2,0,35,42,-7,77,2021-09-07 10:20:00,528642
Oleksandr Hordiichuk_164053,Oleksandr Hordiichuk,-2,0,34,37,-3,71,2021-09-07 10:20:00,528643
Rodion Kapinus_164123,Rodion Kapinus,1,1,47,44,3,91,2021-09-07 10:20:00,528644
Anastasiia Gordinskaya-Sheiko_164173,Anastasiia Gordinskaya-Sheiko,3,1,33,23,10,56,2021-09-07 10:25:00,528645
Andrii Kotik_1818750346,Andrii Kotik,1,1,46,47,-1,93,2021-09-07 10:30:00,528646
Maxim Suvorov_164328,Maxim Suvorov,1,1,48,46,2,94,2021-09-07 10:30:00,528647
Oleksandr Maslovskyi_164188,Oleksandr Maslovskyi,-2,0,45,49,-4,94,2021-09-07 10:30:00,528648
V Havlicek_27432,V Havlicek,-2,0,30,39,-9,69,2021-09-07 10:32:00,528649
Vasyl Kushnir_1437753220,Vasyl Kushnir,2,1,39,32,7,71,2021-09-07 10:35:00,528650
Valentyn Povaliaev_164078,Valentyn Povaliaev,1,1,49,43,6,92,2021-09-07 10:35:00,528651
A Bogomolov_122691,A Bogomolov,2,1,39,38,1,77,2021-09-07 10:39:00,528652
Vadym Ishchuk_164095,Vadym Ishchuk,-1,0,46,53,-7,99,2021-09-07 10:40:00,528653
Pavlo Pyasta_2061523302,Pavlo Pyasta,2,1,46,42,4,88,2021-09-07 10:40:00,528654
Andrii Kostiuk_1562886220,Andrii Kostiuk,-1,0,50,55,-5,105,2021-09-07 10:40:00,528655
Andrii Selin_2056167637,Andrii Selin,3,1,33,14,19,47,2021-09-07 10:45:00,528656
Valeriy Kolesnykov_164110,Valeriy Kolesnykov,-1,0,51,53,-2,104,2021-09-07 10:45:00,528657
V Sinkovskiy_122693,V Sinkovskiy,-2,0,32,42,-10,74,2021-09-07 10:48:00,528658
Dmytro Mischenko_20966095,Dmytro Mischenko,-3,0,24,34,-10,58,2021-09-07 10:50:00,528659
Valeriy Vlasenko_164124,Valeriy Vlasenko,-3,0,28,36,-8,64,2021-09-07 10:50:00,528660
Stanislav Nikolenko_164054,Stanislav Nikolenko,-3,0,29,37,-8,66,2021-09-07 10:50:00,528661
Nikita Korbut_1344925561,Nikita Korbut,2,1,38,30,8,68,2021-09-07 10:55:00,528662
Alina Man_164174,Alina Man,-2,0,34,41,-7,75,2021-09-07 10:55:00,528663
E Mishutin_122695,E Mishutin,2,1,45,38,7,83,2021-09-07 10:58:00,528664
Mykola Kulynych_164189,Mykola Kulynych,-2,0,33,45,-12,78,2021-09-07 11:00:00,528665
Mykhailo Teteruk_164069,Mykhailo Teteruk,-1,0,48,46,2,94,2021-09-07 11:00:00,528666
Ludek Pych_164329,Ludek Pych,-3,0,24,35,-11,59,2021-09-07 11:00:00,528667
F Just_27433,F Just,-2,0,34,42,-8,76,2021-09-07 11:00:00,528668
Nazarii Hrytsyienko_1222976775,Nazarii Hrytsyienko,-1,0,41,45,-4,86,2021-09-07 11:05:00,528669
Oleksii Korobov_164079,Oleksii Korobov,1,1,41,38,3,79,2021-09-07 11:05:00,528670
A Kolmin_122692,A Kolmin,3,1,33,20,13,53,2021-09-07 11:06:00,528671
Volodymyr Plishylo_1979854032,Volodymyr Plishylo,3,1,33,21,12,54,2021-09-07 11:10:00,528672
Ruslan Solomko_164096,Ruslan Solomko,-2,0,29,41,-12,70,2021-09-07 11:10:00,528673
Yuriy Abroskin_2138123195,Yuriy Abroskin,2,1,41,26,15,67,2021-09-07 11:15:00,528674
Eduard Populovskyi_164111,Eduard Populovskyi,2,1,41,38,3,79,2021-09-07 11:15:00,528675
Rodion Pirveli_1564912319,Rodion Pirveli,1,1,50,45,5,95,2021-09-07 11:15:00,528676
V Selkin_122694,V Selkin,1,1,44,49,-5,93,2021-09-07 11:16:00,528677
Vadym Komar_997847140,Vadym Komar,1,1,47,37,10,84,2021-09-07 11:20:00,528678
Andrii Dombrovskyi_164125,Andrii Dombrovskyi,1,1,47,45,2,92,2021-09-07 11:20:00,528679
Yurii Kurishchenko_164055,Yurii Kurishchenko,-2,0,37,42,-5,79,2021-09-07 11:20:00,528680
V Bazilevskiy_122696,V Bazilevskiy,3,1,34,21,13,55,2021-09-07 11:23:00,528681
Roksolana Kurdova_164175,Roksolana Kurdova,1,1,51,42,9,93,2021-09-07 11:25:00,528682
Konstantin Makarchuk_688611277,Konstantin Makarchuk,2,1,43,26,17,69,2021-09-07 11:25:00,528683
Anatolii Nikolenko_164190,Anatolii Nikolenko,3,1,33,24,9,57,2021-09-07 11:30:00,528684
Maxim Suvorov_164330,Maxim Suvorov,2,1,43,33,10,76,2021-09-07 11:30:00,528685
Oleksiy Sapronov_387183755,Oleksiy Sapronov,3,1,33,25,8,58,2021-09-07 11:30:00,528686
M Flanderka_27434,M Flanderka,2,1,40,34,6,74,2021-09-07 11:30:00,528687
D Tikhnenko_122605,D Tikhnenko,2,1,41,31,10,72,2021-09-07 11:33:00,528688
Serhii Chuliukov_164080,Serhii Chuliukov,-1,0,42,46,-4,88,2021-09-07 11:35:00,528689
Tymur Karchevskyi_164097,Tymur Karchevskyi,-2,0,39,45,-6,84,2021-09-07 11:40:00,528690
Valentyn Yunchyk_1066344271,Valentyn Yunchyk,-2,0,32,46,-14,78,2021-09-07 11:40:00,528691
Nazarii Danyliuk_355399183,Nazarii Danyliuk,-3,0,21,34,-13,55,2021-09-07 11:45:00,528692
Andrii Martyniuk_164112,Andrii Martyniuk,2,1,40,36,4,76,2021-09-07 11:45:00,528693
F Ambrosimov_122643,F Ambrosimov,-2,0,29,38,-9,67,2021-09-07 11:46:00,528694
Eduard Rubtsov_268671883,Eduard Rubtsov,1,1,52,39,13,91,2021-09-07 11:50:00,528695
Serhii Poliakov_1210316568,Serhii Poliakov,1,1,42,46,-4,88,2021-09-07 11:50:00,528696
Vitaly Boyko_164056,Vitaly Boyko,-2,0,36,42,-6,78,2021-09-07 11:50:00,528697
Ivan Fedoryshyn_164126,Ivan Fedoryshyn,1,1,42,43,-1,85,2021-09-07 11:50:00,528698
Oleh Stasevskyi_315207147,Oleh Stasevskyi,-1,0,54,53,1,107,2021-09-07 11:55:00,528699
Yuliia Tryhub_164176,Yuliia Tryhub,2,1,45,36,9,81,2021-09-07 11:55:00,528700
Roman Bihun_164191,Roman Bihun,2,1,40,28,12,68,2021-09-07 12:00:00,528701
F Just_27459,F Just,-3,0,25,33,-8,58,2021-09-07 12:00:00,528702
Ihor Kuznetsov_1342993229,Ihor Kuznetsov,-2,0,26,38,-12,64,2021-09-07 12:00:00,528703
Ludek Pych_164384,Ludek Pych,-3,0,23,34,-11,57,2021-09-07 12:00:00,528704
Volodymyr Chornobab_164071,Volodymyr Chornobab,1,1,51,39,12,90,2021-09-07 12:00:00,528705
A Kazakov_122606,A Kazakov,1,1,58,48,10,106,2021-09-07 12:02:00,528706
Serhii Gergeliuk_213114637,Serhii Gergeliuk,1,1,46,35,11,81,2021-09-07 12:05:00,528707
Vitalii Sydorenko_164081,Vitalii Sydorenko,-1,0,47,52,-5,99,2021-09-07 12:05:00,528708
Oleksandr Hryshchenko_164098,Oleksandr Hryshchenko,1,1,51,44,7,95,2021-09-07 12:10:00,528709
Andrii Kotik_1726174272,Andrii Kotik,-1,0,47,47,0,94,2021-09-07 12:15:00,528710
Oleksandr Mytsyk_164113,Oleksandr Mytsyk,-2,0,28,37,-9,65,2021-09-07 12:15:00,528711
Oleksandr Hordiichuk_164057,Oleksandr Hordiichuk,-2,0,35,44,-9,79,2021-09-07 12:20:00,528712
Rodion Kapinus_164127,Rodion Kapinus,2,1,47,38,9,85,2021-09-07 12:20:00,528713
Vasyl Kushnir_601751491,Vasyl Kushnir,-3,0,27,33,-6,60,2021-09-07 12:20:00,528714
A Libatskii_122644,A Libatskii,1,1,45,40,5,85,2021-09-07 12:22:00,528715
Andrii Kostiuk_1235680645,Andrii Kostiuk,-3,0,14,33,-19,47,2021-09-07 12:25:00,528716
Anastasiia Gordinskaya-Sheiko_164177,Anastasiia Gordinskaya-Sheiko,-2,0,27,37,-10,64,2021-09-07 12:25:00,528717
Pavlo Pyasta_1942006774,Pavlo Pyasta,2,1,47,42,5,89,2021-09-07 12:25:00,528718
Oleksandr Maslovskyi_164192,Oleksandr Maslovskyi,-2,0,40,46,-6,86,2021-09-07 12:30:00,528719
Serhii Nemtsov_164072,Serhii Nemtsov,3,1,33,19,14,52,2021-09-07 12:30:00,528720
Filip Strejc_164385,Filip Strejc,3,1,35,23,12,58,2021-09-07 12:30:00,528721
Mykola Zakladnyi_1903637246,Mykola Zakladnyi,2,1,41,35,6,76,2021-09-07 12:30:00,528722
Sr. Obeslo_27460,Sr. Obeslo,-1,0,44,45,-1,89,2021-09-07 12:32:00,528723
Pavlo Cherednichenko_1272157063,Pavlo Cherednichenko,-1,0,50,47,3,97,2021-09-07 12:35:00,528724
Valentyn Povaliaev_164082,Valentyn Povaliaev,1,1,50,48,2,98,2021-09-07 12:35:00,528725
Nikita Korbut_864243165,Nikita Korbut,-1,0,45,53,-8,98,2021-09-07 12:40:00,528726
Vadym Ishchuk_164099,Vadym Ishchuk,-1,0,39,50,-11,89,2021-09-07 12:40:00,528727
E Makarenkov_122607,E Makarenkov,2,1,39,30,9,69,2021-09-07 12:42:00,528728
Valeriy Kolesnykov_164114,Valeriy Kolesnykov,2,1,38,38,0,76,2021-09-07 12:45:00,528729
Nazarii Hrytsyienko_338536341,Nazarii Hrytsyienko,-3,0,18,33,-15,51,2021-09-07 12:50:00,528730
Stanislav Nikolenko_164058,Stanislav Nikolenko,1,1,58,52,6,110,2021-09-07 12:50:00,528731
Valeriy Vlasenko_164128,Valeriy Vlasenko,-1,0,40,49,-9,89,2021-09-07 12:50:00,528732
Alina Man_164178,Alina Man,2,1,44,37,7,81,2021-09-07 12:55:00,528733
Volodymyr Plishylo_1332791833,Volodymyr Plishylo,-1,0,51,52,-1,103,2021-09-07 12:55:00,528734
I Nirkov_122645,I Nirkov,-2,0,33,43,-10,76,2021-09-07 12:55:00,528735
Frantisek Korenek_164331,Frantisek Korenek,-3,0,20,33,-13,53,2021-09-07 13:00:00,528736
Yuriy Abroskin_1111342434,Yuriy Abroskin,-1,0,47,51,-4,98,2021-09-07 13:00:00,528737
Rodion Pirveli_1511652757,Rodion Pirveli,1,1,49,45,4,94,2021-09-07 13:00:00,528738
Vadym Bochkovskyi_164386,Vadym Bochkovskyi,-2,0,30,39,-9,69,2021-09-07 13:00:00,528739
Mykola Kulynych_164193,Mykola Kulynych,-1,0,52,52,0,104,2021-09-07 13:00:00,528740
A Ekzhanov_122608,A Ekzhanov,-3,0,18,33,-15,51,2021-09-07 13:03:00,528741
Oleksii Korobov_164083,Oleksii Korobov,1,1,52,42,10,94,2021-09-07 13:05:00,528742
Oleksandr Semenets_1967828153,Oleksandr Semenets,-2,0,27,41,-14,68,2021-09-07 13:05:00,528743
Serhii Kiilo_1159379858,Serhii Kiilo,-1,0,51,51,0,102,2021-09-07 13:10:00,528744
Ruslan Solomko_164100,Ruslan Solomko,1,1,50,47,3,97,2021-09-07 13:10:00,528745
M Urban_27435,M Urban,-3,0,25,34,-9,59,2021-09-07 13:11:00,528746
Andrii Kaptanovskyi_1965571849,Andrii Kaptanovskyi,-1,0,53,57,-4,110,2021-09-07 13:15:00,528747
Eduard Populovskyi_164115,Eduard Populovskyi,-2,0,31,40,-9,71,2021-09-07 13:15:00,528748
Andrii Dombrovskyi_164129,Andrii Dombrovskyi,-1,0,46,50,-4,96,2021-09-07 13:20:00,528749
E Grishaev_122646,E Grishaev,3,1,33,20,13,53,2021-09-07 13:20:00,528750
Vadym Nechyporuk_2021637549,Vadym Nechyporuk,-1,0,48,41,7,89,2021-09-07 13:25:00,528751
Roksolana Kurdova_164179,Roksolana Kurdova,3,1,35,25,10,60,2021-09-07 13:25:00,528752
Ondrej Malecek_164332,Ondrej Malecek,-3,0,27,36,-9,63,2021-09-07 13:30:00,528753
Nazarii Kovalchuk_840985779,Nazarii Kovalchuk,-1,0,44,51,-7,95,2021-09-07 13:30:00,528754
Anatolii Nikolenko_164194,Anatolii Nikolenko,2,1,43,36,7,79,2021-09-07 13:30:00,528755
Serhii Nemtsov_164387,Serhii Nemtsov,-2,0,33,41,-8,74,2021-09-07 13:30:00,528756
J Pozarsky_27436,J Pozarsky,-2,0,33,41,-8,74,2021-09-07 13:32:00,528757
Igor Maksymchuk_36137490,Igor Maksymchuk,1,1,46,43,3,89,2021-09-07 13:35:00,528758
Dmytro Alekseenko_581004261,Dmytro Alekseenko,2,1,44,31,13,75,2021-09-07 13:35:00,528759
Vitalii Sydorenko_164084,Vitalii Sydorenko,1,1,51,43,8,94,2021-09-07 13:35:00,528760
Oleksandr Hryshchenko_164101,Oleksandr Hryshchenko,1,1,43,45,-2,88,2021-09-07 13:40:00,528761
Vadym Komar_2132284611,Vadym Komar,-1,0,52,47,5,99,2021-09-07 13:40:00,528762
Konstantin Makarchuk_2035138718,Konstantin Makarchuk,-2,0,38,42,-4,80,2021-09-07 13:45:00,528763
Oleksandr Mytsyk_164116,Oleksandr Mytsyk,-1,0,40,47,-7,87,2021-09-07 13:45:00,528764
I Nirkov_122647,I Nirkov,3,1,34,22,12,56,2021-09-07 13:47:00,528765
Ivan Fedoryshyn_164130,Ivan Fedoryshyn,3,1,33,24,9,57,2021-09-07 13:50:00,528766
Oleksiy Sapronov_1075666238,Oleksiy Sapronov,-2,0,31,39,-8,70,2021-09-07 13:50:00,528767
Illia Udod_164060,Illia Udod,-1,0,56,54,2,110,2021-09-07 13:50:00,528768
Yuliia Tryhub_164180,Yuliia Tryhub,-1,0,35,41,-6,76,2021-09-07 13:55:00,528769
Roman Bihun_164195,Roman Bihun,1,1,49,42,7,91,2021-09-07 14:00:00,528770
Valentyn Yunchyk_1051974679,Valentyn Yunchyk,1,1,50,39,11,89,2021-09-07 14:00:00,528771
Ondrej Malecek_164333,Ondrej Malecek,-1,0,43,43,0,86,2021-09-07 14:00:00,528772
R Pavelka_27437,R Pavelka,3,1,33,18,15,51,2021-09-07 14:02:00,528773
Hennadii Portnov_164085,Hennadii Portnov,-2,0,36,48,-12,84,2021-09-07 14:05:00,528774
Nazarii Danyliuk_1021771295,Nazarii Danyliuk,1,1,53,42,11,95,2021-09-07 14:05:00,528775
Serhii Poliakov_1878627332,Serhii Poliakov,2,1,41,39,2,80,2021-09-07 14:10:00,528776
Eduard Rubtsov_2071408706,Eduard Rubtsov,-2,0,31,42,-11,73,2021-09-07 14:10:00,528777
Ivan Efimenko_164102,Ivan Efimenko,-3,0,28,37,-9,65,2021-09-07 14:10:00,528778
Oleh Stasevskyi_854978120,Oleh Stasevskyi,2,1,45,41,4,86,2021-09-07 14:15:00,528779
E Makarenkov_122609,E Makarenkov,-1,0,45,45,0,90,2021-09-07 14:15:00,528780
Andrei Huchok_164117,Andrei Huchok,-1,0,37,48,-11,85,2021-09-07 14:15:00,528781
A Libatskii_122648,A Libatskii,-3,0,23,33,-10,56,2021-09-07 14:15:00,528782
Valeriy Vlasenko_164131,Valeriy Vlasenko,-2,0,29,39,-10,68,2021-09-07 14:20:00,528783
Ihor Kuznetsov_1322146276,Ihor Kuznetsov,-2,0,38,51,-13,89,2021-09-07 14:20:00,528784
V Beliakov_122571,V Beliakov,-2,0,33,39,-6,72,2021-09-07 14:21:00,528785
Alina Man_164181,Alina Man,1,1,46,42,4,88,2021-09-07 14:25:00,528786
Serhii Gergeliuk_186489399,Serhii Gergeliuk,-3,0,20,33,-13,53,2021-09-07 14:25:00,528787
Frantisek Korenek_164334,Frantisek Korenek,1,1,63,63,0,126,2021-09-07 14:30:00,528788
J Vojtech_27438,J Vojtech,2,1,45,39,6,84,2021-09-07 14:30:00,528789
Mykola Kulynych_164196,Mykola Kulynych,3,1,33,12,21,45,2021-09-07 14:30:00,528790
Valentyn Yunchyk_866994371,Valentyn Yunchyk,3,1,33,17,16,50,2021-09-07 14:35:00,528791
Vitalii Sydorenko_164086,Vitalii Sydorenko,-1,0,39,43,-4,82,2021-09-07 14:35:00,528792
Vasyl Kushnir_601542403,Vasyl Kushnir,-1,0,53,54,-1,107,2021-09-07 14:40:00,528793
Oleksandr Hryshchenko_164103,Oleksandr Hryshchenko,-2,0,36,46,-10,82,2021-09-07 14:40:00,528794
A Kazakov_122610,A Kazakov,1,1,56,50,6,106,2021-09-07 14:41:00,528795
Yuriy Abroskin_334450822,Yuriy Abroskin,-2,0,40,39,1,79,2021-09-07 14:45:00,528796
Oleksandr Mytsyk_164118,Oleksandr Mytsyk,-2,0,30,38,-8,68,2021-09-07 14:45:00,528797
Andrii Herasymenko_568150172,Andrii Herasymenko,-1,0,38,44,-6,82,2021-09-07 14:45:00,528798
A Libatskii_122765,A Libatskii,1,1,49,38,11,87,2021-09-07 14:46:00,528799
N Sadovskiy_122572,N Sadovskiy,2,1,41,32,9,73,2021-09-07 14:46:00,528800
Oleksandr Zhyrnov_164132,Oleksandr Zhyrnov,-2,0,33,43,-10,76,2021-09-07 14:50:00,528801
Yurii Kurishchenko_164062,Yurii Kurishchenko,-3,0,24,35,-11,59,2021-09-07 14:50:00,528802
Andrii Selin_353260164,Andrii Selin,2,1,41,31,10,72,2021-09-07 14:50:00,528803
Yevheniia Severyna_164182,Yevheniia Severyna,2,1,38,31,7,69,2021-09-07 14:55:00,528804
Dmytro Mischenko_1551780251,Dmytro Mischenko,2,1,44,34,10,78,2021-09-07 14:55:00,528805
Ruslan Nyzhnyk_164197,Ruslan Nyzhnyk,1,1,50,36,14,86,2021-09-07 15:00:00,528806
Ondrej Konvalinka_164335,Ondrej Konvalinka,-1,0,44,43,1,87,2021-09-07 15:00:00,528807
Oleksiy Sapronov_668977709,Oleksiy Sapronov,-3,0,17,35,-18,52,2021-09-07 15:00:00,528808
R Pavelka_27439,R Pavelka,3,1,33,17,16,50,2021-09-07 15:01:00,528809
Serhii Chuliukov_164087,Serhii Chuliukov,2,1,43,34,9,77,2021-09-07 15:05:00,528810
Tymur Karchevskyi_164104,Tymur Karchevskyi,3,1,36,23,13,59,2021-09-07 15:10:00,528811
Andrii Kotik_142756656,Andrii Kotik,1,1,46,40,6,86,2021-09-07 15:10:00,528812
K Bystrushkin_122573,K Bystrushkin,3,1,34,21,13,55,2021-09-07 15:13:00,528813
Volodymyr Plishylo_1044979773,Volodymyr Plishylo,3,1,36,22,14,58,2021-09-07 15:15:00,528814
Andrii Martyniuk_164119,Andrii Martyniuk,2,1,45,38,7,83,2021-09-07 15:15:00,528815
E Grishaev_122766,E Grishaev,-3,0,24,34,-10,58,2021-09-07 15:16:00,528816
Ivan Pytsko_164200,Ivan Pytsko,-1,0,43,55,-12,98,2021-09-07 15:20:00,528817
Pavlo Pyasta_688289693,Pavlo Pyasta,1,1,49,43,6,92,2021-09-07 15:20:00,528818
Valeriy Vlasenko_164133,Valeriy Vlasenko,-2,0,37,42,-5,79,2021-09-07 15:20:00,528819
Dmytro Alekseenko_97022383,Dmytro Alekseenko,2,1,41,32,9,73,2021-09-07 15:20:00,528820
A Ekzhanov_122785,A Ekzhanov,-2,0,32,43,-11,75,2021-09-07 15:22:00,528821
Oleksandr Semenets_1905661338,Oleksandr Semenets,1,1,52,53,-1,105,2021-09-07 15:25:00,528822
Alina Man_164183,Alina Man,1,1,55,47,8,102,2021-09-07 15:25:00,528823
Serhii Kiilo_1798008293,Serhii Kiilo,-3,0,18,33,-15,51,2021-09-07 15:30:00,528824
Roman Zholubak_164374,Roman Zholubak,2,1,44,39,5,83,2021-09-07 15:30:00,528825
Mykola Kulynych_164198,Mykola Kulynych,2,1,39,31,8,70,2021-09-07 15:30:00,528826
J Pozarsky_27440,J Pozarsky,-3,0,17,33,-16,50,2021-09-07 15:30:00,528827
Frantisek Korenek_164336,Frantisek Korenek,-1,0,43,45,-2,88,2021-09-07 15:30:00,528828
S Burov_122574,S Burov,3,1,33,23,10,56,2021-09-07 15:32:00,528829
Yaroslav Voytenko_317206686,Yaroslav Voytenko,1,1,51,40,11,91,2021-09-07 15:35:00,528830
Andrii Novikov_164225,Andrii Novikov,1,1,54,41,13,95,2021-09-07 15:35:00,528831
Anastasia Holiak_164361,Anastasia Holiak,-3,0,18,33,-15,51,2021-09-07 15:40:00,528832
Artem Nesterenko_78979102,Artem Nesterenko,-1,0,54,52,2,106,2021-09-07 15:40:00,528833
E Makarenkov_122786,E Makarenkov,3,1,33,18,15,51,2021-09-07 15:44:00,528834
Viktor Antonenko_164255,Viktor Antonenko,2,1,41,36,5,77,2021-09-07 15:45:00,528835
O Soldusov_122649,O Soldusov,-1,0,46,47,-1,93,2021-09-07 15:45:00,528836
Rodion Kapinus_164134,Rodion Kapinus,3,1,33,22,11,55,2021-09-07 15:50:00,528837
Yevhenii Faflei_1543572071,Yevhenii Faflei,-2,0,28,43,-15,71,2021-09-07 15:50:00,528838
Valerii Tatarynov_164201,Valerii Tatarynov,1,1,49,49,0,98,2021-09-07 15:50:00,528839
Anastasiia Gordinskaya-Sheiko_164184,Anastasiia Gordinskaya-Sheiko,-2,0,35,43,-8,78,2021-09-07 15:55:00,528840
K Bystrushkin_122575,K Bystrushkin,-3,0,13,33,-20,46,2021-09-07 15:55:00,528841
Spartak Abalmaz_188642660,Spartak Abalmaz,1,1,46,43,3,89,2021-09-07 15:55:00,528842
Oleksandr Maslovskyi_164199,Oleksandr Maslovskyi,-2,0,33,42,-9,75,2021-09-07 16:00:00,528843
Oleksii Degtiariov_164375,Oleksii Degtiariov,-1,0,48,54,-6,102,2021-09-07 16:00:00,528844
J Pozarsky_27485,J Pozarsky,1,1,48,42,6,90,2021-09-07 16:00:00,528845
Vadym Komar_558660503,Vadym Komar,2,1,40,33,7,73,2021-09-07 16:00:00,528846
E Anisimov_122613,E Anisimov,1,1,54,49,5,103,2021-09-07 16:04:00,528847
Mykhailo Diachenko_164226,Mykhailo Diachenko,-3,0,21,33,-12,54,2021-09-07 16:05:00,528848
Konstantin Makarchuk_1508630134,Konstantin Makarchuk,-1,0,45,48,-3,93,2021-09-07 16:05:00,528849
Yuliia Khilinska_164362,Yuliia Khilinska,1,1,51,39,12,90,2021-09-07 16:10:00,528850
Yevhenii Holoborodko_1067261205,Yevhenii Holoborodko,1,1,50,46,4,96,2021-09-07 16:10:00,528851
Andrii Isaiev_617997151,Andrii Isaiev,3,1,33,19,14,52,2021-09-07 16:15:00,528852
Andrii Semeniuk_164256,Andrii Semeniuk,-2,0,38,46,-8,84,2021-09-07 16:15:00,528853
N Sadovskiy_122576,N Sadovskiy,1,1,50,38,12,88,2021-09-07 16:15:00,528854
A Zabrodin_122650,A Zabrodin,1,1,41,40,1,81,2021-09-07 16:15:00,528855
Ivan Pytsko_164202,Ivan Pytsko,3,1,33,21,12,54,2021-09-07 16:20:00,528856
Sergii Lugovskyi_2114364897,Sergii Lugovskyi,-2,0,34,41,-7,75,2021-09-07 16:20:00,528857
Serhii Tkachev_164270,Serhii Tkachev,-2,0,30,40,-10,70,2021-09-07 16:25:00,528858
Maksym Mykytiuk_260604834,Maksym Mykytiuk,2,1,42,32,10,74,2021-09-07 16:25:00,528859
Petr Semrad_164438,Petr Semrad,2,1,43,23,20,66,2021-09-07 16:25:00,528860
Roman Zholubak_164376,Roman Zholubak,-2,0,35,39,-4,74,2021-09-07 16:30:00,528861
Vitaliy Khamurda_140625390,Vitaliy Khamurda,-3,0,13,33,-20,46,2021-09-07 16:30:00,528862
J Vojtech_27486,J Vojtech,3,1,33,25,8,58,2021-09-07 16:32:00,528863
M Sverdlov_122614,M Sverdlov,-3,0,25,33,-8,58,2021-09-07 16:32:00,528864
Mykola Zakladnyi_870910369,Mykola Zakladnyi,-3,0,17,33,-16,50,2021-09-07 16:35:00,528865
Yurii Reva_164227,Yurii Reva,-1,0,48,49,-1,97,2021-09-07 16:35:00,528866
Anastasia Holiak_164353,Anastasia Holiak,-3,0,19,33,-14,52,2021-09-07 16:40:00,528867
Pavlo Cherednichenko_1961803611,Pavlo Cherednichenko,2,1,36,31,5,67,2021-09-07 16:40:00,528868
Yaroslav Voytenko_479975538,Yaroslav Voytenko,-3,0,22,33,-11,55,2021-09-07 16:45:00,528869
Valerii Shepil_164257,Valerii Shepil,-2,0,24,42,-18,66,2021-09-07 16:45:00,528870
S Lanin_122651,S Lanin,-3,0,14,33,-19,47,2021-09-07 16:45:00,528871
Volodymyr Kuzmych_164203,Volodymyr Kuzmych,-1,0,48,52,-4,100,2021-09-07 16:50:00,528872
Artem Nesterenko_1624985813,Artem Nesterenko,-3,0,35,42,-7,77,2021-09-07 16:50:00,528873
Roman Rybachuk_1104086608,Roman Rybachuk,-1,0,45,48,-3,93,2021-09-07 16:55:00,528874
Ondrej Malecek_164439,Ondrej Malecek,-3,0,20,33,-13,53,2021-09-07 16:55:00,528875
V Beliakov_122803,V Beliakov,-3,0,15,33,-18,48,2021-09-07 16:56:00,528876
S Kulikov_122615,S Kulikov,-3,0,20,33,-13,53,2021-09-07 16:57:00,528877
Kyrylo Yurchenko_164377,Kyrylo Yurchenko,1,1,51,47,4,98,2021-09-07 17:00:00,528878
Yevhenii Faflei_615660785,Yevhenii Faflei,1,1,46,42,4,88,2021-09-07 17:00:00,528879
Jan Blazek_164337,Jan Blazek,3,1,33,25,8,58,2021-09-07 17:00:00,528880
M Cmunt_27441,M Cmunt,-1,0,46,51,-5,97,2021-09-07 17:01:00,528881
Spartak Abalmaz_1353144496,Spartak Abalmaz,2,1,42,33,9,75,2021-09-07 17:05:00,528882
Mykhailo Diachenko_164228,Mykhailo Diachenko,2,1,40,33,7,73,2021-09-07 17:05:00,528883
Oksana Kregul_164363,Oksana Kregul,-1,0,37,48,-11,85,2021-09-07 17:10:00,528884
Andrii Selin_169141675,Andrii Selin,-2,0,39,46,-7,85,2021-09-07 17:10:00,528885
I Meteleshko_122616,I Meteleshko,-2,0,33,39,-6,72,2021-09-07 17:15:00,528886
N Pashkov_122652,N Pashkov,-2,0,37,40,-3,77,2021-09-07 17:15:00,528887
Andrii Semeniuk_164258,Andrii Semeniuk,1,1,54,47,7,101,2021-09-07 17:15:00,528888
Dmytro Mischenko_1707230142,Dmytro Mischenko,-1,0,50,48,2,98,2021-09-07 17:15:00,528889
N Sadovskiy_122804,N Sadovskiy,3,1,33,25,8,58,2021-09-07 17:18:00,528890
Yevhenii Holoborodko_431906383,Yevhenii Holoborodko,-3,0,18,33,-15,51,2021-09-07 17:20:00,528891
Valerii Tatarynov_164204,Valerii Tatarynov,3,1,33,19,14,52,2021-09-07 17:20:00,528892
Serhii Tkachev_164272,Serhii Tkachev,2,1,43,35,8,78,2021-09-07 17:25:00,528893
Andrii Isaiev_699933413,Andrii Isaiev,1,1,44,46,-2,90,2021-09-07 17:25:00,528894
Lukas Mayer_164338,Lukas Mayer,-3,0,24,33,-9,57,2021-09-07 17:30:00,528895
Sergii Lugovskyi_997111756,Sergii Lugovskyi,2,1,40,26,14,66,2021-09-07 17:30:00,528896
Oleksii Degtiariov_164378,Oleksii Degtiariov,-1,0,52,50,2,102,2021-09-07 17:30:00,528897
Andrii Novikov_164229,Andrii Novikov,1,1,51,47,4,98,2021-09-07 17:35:00,528898
K Hruda_27442,K Hruda,-2,0,34,45,-11,79,2021-09-07 17:35:00,528899
Petro Tsolik_785849571,Petro Tsolik,-2,0,30,43,-13,73,2021-09-07 17:35:00,528900
Vitaliy Khamurda_1294222904,Vitaliy Khamurda,-2,0,36,41,-5,77,2021-09-07 17:40:00,528901
Yuliia Khilinska_164355,Yuliia Khilinska,2,1,42,43,-1,85,2021-09-07 17:40:00,528902
S Kulikov_122617,S Kulikov,-2,0,40,44,-4,84,2021-09-07 17:41:00,528903
Oleh Stasevskyi_1748029904,Oleh Stasevskyi,1,1,48,44,4,92,2021-09-07 17:45:00,528904
Viktor Antonenko_164259,Viktor Antonenko,3,1,33,26,7,59,2021-09-07 17:45:00,528905
S Lanin_122653,S Lanin,2,1,43,32,11,75,2021-09-07 17:45:00,528906
I Tolmachev_122577,I Tolmachev,1,1,51,40,11,91,2021-09-07 17:48:00,528907
Ihor Kuznetsov_600485920,Ihor Kuznetsov,-1,0,40,51,-11,91,2021-09-07 17:50:00,528908
Valentyn Lutsenko_164280,Valentyn Lutsenko,2,1,42,31,11,73,2021-09-07 17:50:00,528909
Ivan Pytsko_164205,Ivan Pytsko,-2,0,39,42,-3,81,2021-09-07 17:50:00,528910
Yaroslav Voytenko_251704010,Yaroslav Voytenko,2,1,45,40,5,85,2021-09-07 17:55:00,528911
Oleksandr Kovalchuk_164273,Oleksandr Kovalchuk,-2,0,28,41,-13,69,2021-09-07 17:55:00,528912
Lukas Mayer_164339,Lukas Mayer,3,1,38,26,12,64,2021-09-07 18:00:00,528913
Artem Nesterenko_2059533488,Artem Nesterenko,-1,0,44,50,-6,94,2021-09-07 18:00:00,528914
Roman Zholubak_164379,Roman Zholubak,-3,0,18,34,-16,52,2021-09-07 18:00:00,528915
Roman Rybachuk_1493724228,Roman Rybachuk,-1,0,39,44,-5,83,2021-09-07 18:05:00,528916
M Sverdlov_122618,M Sverdlov,-1,0,45,51,-6,96,2021-09-07 18:05:00,528917
Oleh Skoryk_164230,Oleh Skoryk,2,1,47,42,5,89,2021-09-07 18:05:00,528918
M Kolar_27443,M Kolar,1,1,49,42,7,91,2021-09-07 18:07:00,528919
Maksym Mykytiuk_1143674041,Maksym Mykytiuk,-2,0,39,39,0,78,2021-09-07 18:10:00,528920
Anastasia Holiak_164364,Anastasia Holiak,3,1,43,32,11,75,2021-09-07 18:10:00,528921
A Zabrodin_122654,A Zabrodin,3,1,33,18,15,51,2021-09-07 18:15:00,528922
Spartak Abalmaz_582280102,Spartak Abalmaz,-3,0,22,35,-13,57,2021-09-07 18:15:00,528923
Oleh Pereguda_164260,Oleh Pereguda,-3,0,30,38,-8,68,2021-09-07 18:15:00,528924
I Matveyev_122578,I Matveyev,-2,0,32,44,-12,76,2021-09-07 18:16:00,528925
Dmytro Derevinskyi_1744444410,Dmytro Derevinskyi,-3,0,20,33,-13,53,2021-09-07 18:20:00,528926
Vitalii Klimov_164281,Vitalii Klimov,1,1,45,40,5,85,2021-09-07 18:20:00,528927
Valerii Tatarynov_164206,Valerii Tatarynov,1,1,47,49,-2,96,2021-09-07 18:20:00,528928
Artem Chepurnyi_164274,Artem Chepurnyi,-2,0,36,40,-4,76,2021-09-07 18:25:00,528929
Petro Kolesnik_1297341343,Petro Kolesnik,2,1,42,25,17,67,2021-09-07 18:25:00,528930
Anton Myrza_969810263,Anton Myrza,-3,0,16,33,-17,49,2021-09-07 18:30:00,528931
Jan Blazek_164340,Jan Blazek,2,1,39,28,11,67,2021-09-07 18:30:00,528932
Oleksii Degtiariov_164380,Oleksii Degtiariov,-3,0,21,33,-12,54,2021-09-07 18:30:00,528933
Dmytro Belanchyk_693810162,Dmytro Belanchyk,-1,0,39,47,-8,86,2021-09-07 18:35:00,528934
Yurii Reva_164231,Yurii Reva,2,1,40,28,12,68,2021-09-07 18:35:00,528935
Yuliia Khilinska_164365,Yuliia Khilinska,-2,0,34,39,-5,73,2021-09-07 18:40:00,528936
Sergii Lugovskyi_2040024309,Sergii Lugovskyi,-2,0,31,44,-13,75,2021-09-07 18:40:00,528937
A Klavdenkov_122579,A Klavdenkov,-3,0,23,33,-10,56,2021-09-07 18:43:00,528938
Yevhenii Faflei_802617166,Yevhenii Faflei,3,1,33,19,14,52,2021-09-07 18:45:00,528939
N Pashkov_122805,N Pashkov,2,1,41,33,8,74,2021-09-07 18:45:00,528940
Valerii Shepil_164261,Valerii Shepil,1,1,47,48,-1,95,2021-09-07 18:45:00,528941
O Kucirek_27444,O Kucirek,1,1,49,46,3,95,2021-09-07 18:47:00,528942
S Kulikov_122807,S Kulikov,2,1,42,29,13,71,2021-09-07 18:49:00,528943
Mykhailo Presniakov_1178483701,Mykhailo Presniakov,-1,0,42,54,-12,96,2021-09-07 18:50:00,528944
Yurii Kolos_164282,Yurii Kolos,2,1,40,35,5,75,2021-09-07 18:50:00,528945
Volodymyr Kuzmych_164207,Volodymyr Kuzmych,1,1,42,47,-5,89,2021-09-07 18:50:00,528946
Oleh Stasevskyi_980153684,Oleh Stasevskyi,-3,0,18,33,-15,51,2021-09-07 18:55:00,528947
Serhii Tkachev_164275,Serhii Tkachev,2,1,36,30,6,66,2021-09-07 18:55:00,528948
Kyrylo Yurchenko_164381,Kyrylo Yurchenko,-2,0,31,39,-8,70,2021-09-07 19:00:00,528949
Jaroslav Puk_164341,Jaroslav Puk,-1,0,44,48,-4,92,2021-09-07 19:00:00,528950
Ihor Kuznetsov_62236033,Ihor Kuznetsov,3,1,33,14,19,47,2021-09-07 19:00:00,528951
V Bazilevskiy_122580,V Bazilevskiy,3,1,33,20,13,53,2021-09-07 19:02:00,528952
Mykhailo Diachenko_164232,Mykhailo Diachenko,3,1,33,16,17,49,2021-09-07 19:05:00,528953
Yevhenii Holoborodko_1132477023,Yevhenii Holoborodko,-3,0,19,33,-14,52,2021-09-07 19:05:00,528954
Oksana Kregul_164366,Oksana Kregul,-2,0,22,43,-21,65,2021-09-07 19:10:00,528955
Andrii Isaiev_450174073,Andrii Isaiev,3,1,33,24,9,57,2021-09-07 19:10:00,528956
O Soldusov_122806,O Soldusov,2,1,35,31,4,66,2021-09-07 19:14:00,528957
I Meteleshko_122808,I Meteleshko,-2,0,24,43,-19,67,2021-09-07 19:14:00,528958
Andrii Semeniuk_164262,Andrii Semeniuk,2,1,44,39,5,83,2021-09-07 19:15:00,528959
Illia Semeniuk_1986258772,Illia Semeniuk,1,1,51,47,4,98,2021-09-07 19:15:00,528960
Petro Tsolik_44181444,Petro Tsolik,1,1,53,54,-1,107,2021-09-07 19:20:00,528961
Ivan Pytsko_164208,Ivan Pytsko,-3,0,14,33,-19,47,2021-09-07 19:20:00,528962
Vitalii Klimov_164283,Vitalii Klimov,-2,0,33,41,-8,74,2021-09-07 19:20:00,528963
M Kolar_27445,M Kolar,2,1,40,30,10,70,2021-09-07 19:22:00,528964
Spartak Abalmaz_1811300775,Spartak Abalmaz,3,1,37,25,12,62,2021-09-07 19:25:00,528965
Artem Chepurnyi_164276,Artem Chepurnyi,1,1,50,39,11,89,2021-09-07 19:25:00,528966
A Klavdenkov_122581,A Klavdenkov,1,1,44,42,2,86,2021-09-07 19:27:00,528967
Vadym Komar_591113512,Vadym Komar,1,1,50,40,10,90,2021-09-07 19:30:00,528968
Jan Blazek_164342,Jan Blazek,2,1,42,22,20,64,2021-09-07 19:30:00,528969
Roman Zholubak_164382,Roman Zholubak,2,1,52,39,13,91,2021-09-07 19:30:00,528970
V Kasatkin_122619,V Kasatkin,-2,0,38,47,-9,85,2021-09-07 19:34:00,528971
Andrii Novikov_164233,Andrii Novikov,2,1,39,36,3,75,2021-09-07 19:35:00,528972
Konstantin Makarchuk_278783910,Konstantin Makarchuk,-1,0,43,45,-2,88,2021-09-07 19:35:00,528973
Yaroslav Voytenko_769712430,Yaroslav Voytenko,-2,0,37,45,-8,82,2021-09-07 19:40:00,528974
Anastasia Holiak_164359,Anastasia Holiak,-2,0,32,42,-10,74,2021-09-07 19:40:00,528975
Artem Nesterenko_1728771598,Artem Nesterenko,-2,0,28,40,-12,68,2021-09-07 19:45:00,528976
A Silantev_122655,A Silantev,-3,0,19,34,-15,53,2021-09-07 19:45:00,528977
Viktor Antonenko_164263,Viktor Antonenko,-3,0,26,34,-8,60,2021-09-07 19:45:00,528978
K Hruda_27446,K Hruda,-3,0,22,34,-12,56,2021-09-07 19:49:00,528979
Roman Rybachuk_1536682327,Roman Rybachuk,1,1,51,46,5,97,2021-09-07 19:50:00,528980
Valentyn Lutsenko_164284,Valentyn Lutsenko,-2,0,28,39,-11,67,2021-09-07 19:50:00,528981
Bohdan Chaikovskyi_164209,Bohdan Chaikovskyi,2,1,42,38,4,80,2021-09-07 19:50:00,528982
Oleksandr Kovalchuk_164277,Oleksandr Kovalchuk,1,1,56,54,2,110,2021-09-07 19:55:00,528983
Maksym Mykytiuk_1251230798,Maksym Mykytiuk,2,1,51,44,7,95,2021-09-07 19:55:00,528984
I Matveyev_122582,I Matveyev,2,1,50,46,4,96,2021-09-07 19:58:00,528985
Mykhailo Mosiuk_164383,Mykhailo Mosiuk,1,1,46,50,-4,96,2021-09-07 20:00:00,528986
Vitaliy Khamurda_1021839330,Vitaliy Khamurda,-3,0,14,33,-19,47,2021-09-07 20:00:00,528987
D Tikhnenko_122620,D Tikhnenko,2,1,48,30,18,78,2021-09-07 20:03:00,528988
Oleh Stasevskyi_505000232,Oleh Stasevskyi,2,1,45,28,17,73,2021-09-07 20:05:00,528989
Tomas Lukes_164671,Tomas Lukes,-1,0,54,57,-3,111,2021-09-07 20:05:00,528990
Oleh Skoryk_164234,Oleh Skoryk,3,1,33,17,16,50,2021-09-07 20:05:00,528991
Nataliia Konovalova_164367,Nataliia Konovalova,-2,0,25,42,-17,67,2021-09-07 20:10:00,528992
Maksym Zhuravliov_2081947073,Maksym Zhuravliov,-2,0,33,39,-6,72,2021-09-07 20:10:00,528993
Yevhenii Holoborodko_1304103421,Yevhenii Holoborodko,-1,0,43,46,-3,89,2021-09-07 20:15:00,528994
Oleh Pereguda_164264,Oleh Pereguda,-2,0,37,40,-3,77,2021-09-07 20:15:00,528995
V Melnikov_122656,V Melnikov,2,1,41,28,13,69,2021-09-07 20:16:00,528996
K Hruda_27487,K Hruda,-3,0,17,33,-16,50,2021-09-07 20:18:00,528997
Andrii Isaiev_1896201152,Andrii Isaiev,2,1,41,36,5,77,2021-09-07 20:20:00,528998
Suren Vlasian_164285,Suren Vlasian,-3,0,19,33,-14,52,2021-09-07 20:20:00,528999
Sergii Lugovskyi_14827364,Sergii Lugovskyi,-3,0,25,33,-8,58,2021-09-07 20:25:00,529000
Serhii Tkachev_164278,Serhii Tkachev,-1,0,50,51,-1,101,2021-09-07 20:25:00,529001
Volodymyr Kuzmych_164673,Volodymyr Kuzmych,2,1,42,28,14,70,2021-09-07 20:25:00,529002
Ihor Petryshyn_1895664131,Ihor Petryshyn,3,1,33,25,8,58,2021-09-07 20:30:00,529003
Jaroslav Puk_164672,Jaroslav Puk,2,1,36,29,7,65,2021-09-07 20:35:00,529004
Spartak Abalmaz_896405445,Spartak Abalmaz,2,1,41,23,18,64,2021-09-07 20:35:00,529005
Yurii Reva_164235,Yurii Reva,2,1,38,29,9,67,2021-09-07 20:35:00,529006
O Kucirek_27488,O Kucirek,-3,0,17,33,-16,50,2021-09-07 20:36:00,529007
I Matveyev_122809,I Matveyev,-2,0,32,39,-7,71,2021-09-07 20:38:00,529008
S Kuzmin_122621,S Kuzmin,2,1,45,37,8,82,2021-09-07 20:38:00,529009
Nataliia Konovalova_164675,Nataliia Konovalova,-1,0,43,46,-3,89,2021-09-07 20:40:00,529010
Dmytro Derevinskyi_793842934,Dmytro Derevinskyi,-1,0,55,56,-1,111,2021-09-07 20:40:00,529011
Valerii Shepil_164265,Valerii Shepil,-1,0,40,42,-2,82,2021-09-07 20:45:00,529012
Mykhailo Mosiuk_164677,Mykhailo Mosiuk,2,1,38,29,9,67,2021-09-07 20:45:00,529013
Serhii Kiilo_1610008195,Serhii Kiilo,-3,0,22,34,-12,56,2021-09-07 20:45:00,529014
D Merzlikin_122657,D Merzlikin,-1,0,44,47,-3,91,2021-09-07 20:46:00,529015
Yurii Kolos_164286,Yurii Kolos,3,1,33,23,10,56,2021-09-07 20:50:00,529016
Yaroslav Voytenko_1489594029,Yaroslav Voytenko,-2,0,45,52,-7,97,2021-09-07 20:50:00,529017
Yevhen Kyi_164279,Yevhen Kyi,-3,0,25,34,-9,59,2021-09-07 20:55:00,529018
Bohdan Chaikovskyi_164674,Bohdan Chaikovskyi,-3,0,22,33,-11,55,2021-09-07 20:55:00,529019
Artem Nesterenko_428887069,Artem Nesterenko,3,1,35,28,7,63,2021-09-07 20:55:00,529020
Roman Rybachuk_743624964,Roman Rybachuk,2,1,41,28,13,69,2021-09-07 21:00:00,529021
R Rose_27447,R Rose,2,1,39,26,13,65,2021-09-07 21:00:00,529022
Milos Frydl_164343,Milos Frydl,-1,0,48,54,-6,102,2021-09-07 21:00:00,529023
A Klavdenkov_122810,A Klavdenkov,-2,0,32,47,-15,79,2021-09-07 21:04:00,529024
Yevhenii Faflei_1454285167,Yevhenii Faflei,-1,0,45,47,-2,92,2021-09-07 21:05:00,529025
Andrii Novikov_164236,Andrii Novikov,-1,0,48,50,-2,98,2021-09-07 21:05:00,529026
Vitaliy Khamurda_572666806,Vitaliy Khamurda,-2,0,24,37,-13,61,2021-09-07 21:10:00,529027
Polina Nerush_164676,Polina Nerush,3,1,33,18,15,51,2021-09-07 21:10:00,529028
V Mishakin_122622,V Mishakin,-3,0,25,33,-8,58,2021-09-07 21:11:00,529029
Vladyslav Ratushniak_164678,Vladyslav Ratushniak,1,1,49,41,8,90,2021-09-07 21:15:00,529030
Viktor Antonenko_164266,Viktor Antonenko,2,1,43,34,9,77,2021-09-07 21:15:00,529031
Serhii Pokidko_152589631,Serhii Pokidko,3,1,33,17,16,50,2021-09-07 21:15:00,529032
A Frolov_122658,A Frolov,-2,0,32,42,-10,74,2021-09-07 21:17:00,529033
Vitalii Klimov_164287,Vitalii Klimov,-1,0,50,46,4,96,2021-09-07 21:20:00,529034
Pavlo Cherednichenko_1365784939,Pavlo Cherednichenko,3,1,33,21,12,54,2021-09-07 21:20:00,529035
Yevhenii Holoborodko_809522131,Yevhenii Holoborodko,-3,0,30,36,-6,66,2021-09-07 21:25:00,529036
Oleksandr Mishchenko_164679,Oleksandr Mishchenko,-3,0,20,33,-13,53,2021-09-07 21:25:00,529037
I Soldatov_122583,I Soldatov,-2,0,33,39,-6,72,2021-09-07 21:29:00,529038
M Sulc_27448,M Sulc,3,1,33,17,16,50,2021-09-07 21:30:00,529039
Jonas Kulveit_164344,Jonas Kulveit,-3,0,16,34,-18,50,2021-09-07 21:30:00,529040
Andrii Isaiev_2048965250,Andrii Isaiev,3,1,33,16,17,49,2021-09-07 21:30:00,529041
S Kuzmin_122623,S Kuzmin,3,1,33,19,14,52,2021-09-07 21:31:00,529042
Sergii Lugovskyi_113425065,Sergii Lugovskyi,1,1,50,38,12,88,2021-09-07 21:35:00,529043
Petro Tsolik_1710941935,Petro Tsolik,2,1,47,38,9,85,2021-09-07 21:40:00,529044
D Merzlikin_122659,D Merzlikin,-2,0,37,44,-7,81,2021-09-07 21:44:00,529045
Spartak Abalmaz_315396231,Spartak Abalmaz,2,1,40,33,7,73,2021-09-07 21:45:00,529046
Vadym Kucheriavyi_164267,Vadym Kucheriavyi,1,1,48,41,7,89,2021-09-07 21:45:00,529047
Ivan Katkov_463362826,Ivan Katkov,-1,0,45,53,-8,98,2021-09-07 21:50:00,529048
Valentyn Lutsenko_164288,Valentyn Lutsenko,-2,0,38,40,-2,78,2021-09-07 21:50:00,529049
Yevhen Kyi_164680,Yevhen Kyi,-3,0,19,33,-14,52,2021-09-07 21:55:00,529050
Ivan Mai_1368779156,Ivan Mai,1,1,47,50,-3,97,2021-09-07 21:55:00,529051
D Petrochenko_122584,D Petrochenko,-3,0,21,33,-12,54,2021-09-07 21:56:00,529052
D Tikhnenko_122624,D Tikhnenko,-1,0,40,39,1,79,2021-09-07 22:00:00,529053
Jonas Kulveit_164345,Jonas Kulveit,2,1,40,29,11,69,2021-09-07 22:00:00,529054
Anton Myrza_2094606007,Anton Myrza,-3,0,30,36,-6,66,2021-09-07 22:00:00,529055
T Zahradnik_27449,T Zahradnik,1,1,52,48,4,100,2021-09-07 22:01:00,529056
Dmytro Belanchyk_1084933290,Dmytro Belanchyk,-2,0,27,39,-12,66,2021-09-07 22:05:00,529057
Andrii Novikov_164238,Andrii Novikov,3,1,33,21,12,54,2021-09-07 22:05:00,529058
Roman Rybachuk_1929717479,Roman Rybachuk,-1,0,35,45,-10,80,2021-09-07 22:10:00,529059
D Tunitsyn_122585,D Tunitsyn,-2,0,35,38,-3,73,2021-09-07 22:13:00,529060
V Melnikov_122660,V Melnikov,1,1,55,55,0,110,2021-09-07 22:15:00,529061
Ihor Petryshyn_410600666,Ihor Petryshyn,-1,0,54,53,1,107,2021-09-07 22:15:00,529062
Viktor Antonenko_164268,Viktor Antonenko,-1,0,46,46,0,92,2021-09-07 22:15:00,529063
Mykhailo Presniakov_1738916531,Mykhailo Presniakov,1,1,49,37,12,86,2021-09-07 22:20:00,529064
Suren Vlasian_164289,Suren Vlasian,-3,0,21,36,-15,57,2021-09-07 22:20:00,529065
Ivan Katkov_597443087,Ivan Katkov,-3,0,27,37,-10,64,2021-09-07 22:25:00,529066
Milos Frydl_164346,Milos Frydl,2,1,43,37,6,80,2021-09-07 22:30:00,529067
Vitalii Lievshin_855274406,Vitalii Lievshin,1,1,44,39,5,83,2021-09-07 22:30:00,529068
V Mishakin_122811,V Mishakin,1,1,50,49,1,99,2021-09-07 22:34:00,529069
Mykhailo Diachenko_164239,Mykhailo Diachenko,2,1,46,30,16,76,2021-09-07 22:35:00,529070
K Brozik_27450,K Brozik,-1,0,43,44,-1,87,2021-09-07 22:37:00,529071
I Moshkov_122586,I Moshkov,-2,0,37,40,-3,77,2021-09-07 22:40:00,529072
Andrii Semeniuk_164269,Andrii Semeniuk,-1,0,50,51,-1,101,2021-09-07 22:45:00,529073
Serhii Berezynskyi_380456797,Serhii Berezynskyi,-2,0,29,42,-13,71,2021-09-07 22:45:00,529074
Yurii Kolos_164290,Yurii Kolos,2,1,45,36,9,81,2021-09-07 22:50:00,529075
D Merzlikin_122813,D Merzlikin,-1,0,44,51,-7,95,2021-09-07 22:51:00,529076
Jan Sr Krames_164347,Jan Sr Krames,-2,0,37,42,-5,79,2021-09-07 23:00:00,529077
Ivan Mai_2124762688,Ivan Mai,-2,0,29,44,-15,73,2021-09-07 23:00:00,529078
Ivan Katkov_1685055720,Ivan Katkov,-2,0,33,37,-4,70,2021-09-07 23:05:00,529079
T Zahradnik_27451,T Zahradnik,-1,0,43,41,2,84,2021-09-07 23:05:00,529080
D Tunitsyn_122587,D Tunitsyn,3,1,37,28,9,65,2021-09-07 23:11:00,529081
S Kuzmin_122812,S Kuzmin,1,1,48,38,10,86,2021-09-07 23:12:00,529082
A Frolov_122814,A Frolov,-1,0,49,55,-6,104,2021-09-07 23:18:00,529083
Valentyn Lutsenko_164291,Valentyn Lutsenko,-2,0,28,42,-14,70,2021-09-07 23:20:00,529084
M Sulc_27452,M Sulc,1,1,43,43,0,86,2021-09-07 23:30:00,529085
Milos Frydl_164348,Milos Frydl,-3,0,24,34,-10,58,2021-09-07 23:30:00,529086
D Petrochenko_122588,D Petrochenko,-2,0,33,41,-8,74,2021-09-07 23:31:00,529087
Vitalii Lievshin_179266610,Vitalii Lievshin,-3,0,23,33,-10,56,2021-09-07 23:35:00,529088
Ivan Mai_928220702,Ivan Mai,2,1,41,41,0,82,2021-09-07 23:40:00,529089
T Turabekov_122625,T Turabekov,2,1,39,26,13,65,2021-09-07 23:43:00,529090
Yurii Novokhatskyi_204753120,Yurii Novokhatskyi,-2,0,25,37,-12,62,2021-09-07 23:45:00,529091
Iurii Bondarenko_164292,Iurii Bondarenko,3,1,33,20,13,53,2021-09-07 23:50:00,529092
N Zhurba_122661,N Zhurba,3,1,35,26,9,61,2021-09-07 23:52:00,529093
Volodymyr Ivasiv_1415066454,Volodymyr Ivasiv,-3,0,18,33,-15,51,2021-09-08 00:00:00,529094
T Turabekov_126651,T Turabekov,3,1,34,20,14,54,2021-09-08 00:05:00,529095
Tomas Lukes_173316,Tomas Lukes,-2,0,36,39,-3,75,2021-09-08 00:05:00,529096
Oleksandr Medvedyev_1632308450,Oleksandr Medvedyev,1,1,51,47,4,98,2021-09-08 00:15:00,529097
V Shirshov_126617,V Shirshov,2,1,42,36,6,78,2021-09-08 00:15:00,529098
Jo Medek_28465,Jo Medek,3,1,34,23,11,57,2021-09-08 00:16:00,529099
E Kalashnikov_126691,E Kalashnikov,3,1,33,21,12,54,2021-09-08 00:16:00,529100
Oleksii Hrymovskyi_173318,Oleksii Hrymovskyi,-3,0,29,35,-6,64,2021-09-08 00:20:00,529101
Petro Tsolik_132932474,Petro Tsolik,3,1,33,19,14,52,2021-09-08 00:30:00,529102
N Sukharnikov_126652,N Sukharnikov,-2,0,33,40,-7,73,2021-09-08 00:33:00,529103
Jachym Sebl_173317,Jachym Sebl,2,1,41,38,3,79,2021-09-08 00:35:00,529104
Ja Zajicek_28466,Ja Zajicek,3,1,33,20,13,53,2021-09-08 00:39:00,529105
Pavlo Chyzh_1613892966,Pavlo Chyzh,-2,0,32,44,-12,76,2021-09-08 00:45:00,529106
A Serebrennikov_126692,A Serebrennikov,2,1,39,38,1,77,2021-09-08 00:45:00,529107
A Ilin_126618,A Ilin,-2,0,30,40,-10,70,2021-09-08 00:46:00,529108
Oleksandr Zaporozhets_173319,Oleksandr Zaporozhets,3,1,33,26,7,59,2021-09-08 00:50:00,529109
Yevhenii Faflei_431910543,Yevhenii Faflei,2,1,45,39,6,84,2021-09-08 01:00:00,529110
S Ogai_126653,S Ogai,1,1,47,47,0,94,2021-09-08 01:01:00,529111
Oleh Formaziuk_1952732328,Oleh Formaziuk,-1,0,51,55,-4,106,2021-09-08 01:15:00,529112
Va Ivanov_126693,Va Ivanov,-1,0,49,46,3,95,2021-09-08 01:16:00,529113
Artem Slashchev_126619,Artem Slashchev,-2,0,31,46,-15,77,2021-09-08 01:16:00,529114
Volodymyr Ivasiv_362936439,Volodymyr Ivasiv,-2,0,25,35,-10,60,2021-09-08 01:30:00,529115
T Turabekov_126654,T Turabekov,2,1,41,29,12,70,2021-09-08 01:33:00,529116
Oleksandr Medvedyev_1231624439,Oleksandr Medvedyev,2,1,43,34,9,77,2021-09-08 01:45:00,529117
E Kalashnikov_126694,E Kalashnikov,1,1,48,43,5,91,2021-09-08 01:46:00,529118
V Shirshov_126620,V Shirshov,2,1,45,44,1,89,2021-09-08 01:47:00,529119
Oleksandr Shapoval_172989,Oleksandr Shapoval,-3,0,17,33,-16,50,2021-09-08 01:55:00,529120
Petro Tsolik_605348261,Petro Tsolik,-3,0,20,33,-13,53,2021-09-08 02:00:00,529121
S Ogai_126655,S Ogai,1,1,55,54,1,109,2021-09-08 02:04:00,529122
Pavlo Chyzh_1978098098,Pavlo Chyzh,-1,0,36,49,-13,85,2021-09-08 02:15:00,529123
Artem Slashchev_126621,Artem Slashchev,1,1,50,41,9,91,2021-09-08 02:18:00,529124
Va Ivanov_126695,Va Ivanov,3,1,33,16,17,49,2021-09-08 02:20:00,529125
Mykhailo Diachenko_172990,Mykhailo Diachenko,-1,0,52,46,6,98,2021-09-08 02:25:00,529126
Yevhenii Faflei_1447473053,Yevhenii Faflei,-2,0,36,45,-9,81,2021-09-08 02:30:00,529127
A Aslanyan_126656,A Aslanyan,2,1,40,34,6,74,2021-09-08 02:40:00,529128
Oleh Formaziuk_908422716,Oleh Formaziuk,2,1,41,31,10,72,2021-09-08 02:45:00,529129
A Girevenkov_126696,A Girevenkov,-1,0,47,51,-4,98,2021-09-08 02:46:00,529130
N Sadovskiy_126622,N Sadovskiy,1,1,44,37,7,81,2021-09-08 02:47:00,529131
Oleksandr Shapoval_172991,Oleksandr Shapoval,1,1,45,46,-1,91,2021-09-08 02:55:00,529132
Yaroslav Vorsuliak_1259617419,Yaroslav Vorsuliak,-2,0,27,43,-16,70,2021-09-08 03:00:00,529133
N Sukharnikov_126657,N Sukharnikov,-2,0,35,44,-9,79,2021-09-08 03:07:00,529134
Oleksandr Medvedyev_45342368,Oleksandr Medvedyev,1,1,43,43,0,86,2021-09-08 03:15:00,529135
A Serebrennikov_126697,A Serebrennikov,-3,0,22,36,-14,58,2021-09-08 03:15:00,529136
A Ilin_126623,A Ilin,3,1,33,18,15,51,2021-09-08 03:16:00,529137
Mykola Polysynskyi_172992,Mykola Polysynskyi,1,1,42,39,3,81,2021-09-08 03:25:00,529138
Volodymyr Ivasiv_742165226,Volodymyr Ivasiv,-3,0,21,33,-12,54,2021-09-08 03:30:00,529139
R Pavlenko_126658,R Pavlenko,-3,0,18,33,-15,51,2021-09-08 03:35:00,529140
D Sayanov_126698,D Sayanov,-2,0,35,39,-4,74,2021-09-08 03:45:00,529141
S Myagkov_126624,S Myagkov,3,1,33,20,13,53,2021-09-08 03:45:00,529142
Andrii Khvysiuk_1007560134,Andrii Khvysiuk,2,1,43,27,16,70,2021-09-08 03:45:00,529143
Mykhailo Diachenko_172993,Mykhailo Diachenko,-2,0,36,38,-2,74,2021-09-08 03:55:00,529144
A Aslanyan_126659,A Aslanyan,3,1,33,20,13,53,2021-09-08 04:00:00,529145
Volodymyr Ivasiv_1680718905,Volodymyr Ivasiv,-2,0,25,42,-17,67,2021-09-08 04:00:00,529146
Pavlo Chyzh_1643587122,Pavlo Chyzh,3,1,34,25,9,59,2021-09-08 04:15:00,529147
N Sadovskiy_126625,N Sadovskiy,3,1,34,19,15,53,2021-09-08 04:16:00,529148
A Girevenkov_126699,A Girevenkov,1,1,57,52,5,109,2021-09-08 04:16:00,529149
Oleksandr Shapoval_172994,Oleksandr Shapoval,1,1,50,43,7,93,2021-09-08 04:25:00,529150
Ivan Synytskyi_2090275313,Ivan Synytskyi,2,1,48,39,9,87,2021-09-08 04:30:00,529151
R Pavlenko_126845,R Pavlenko,-2,0,28,42,-14,70,2021-09-08 04:31:00,529152
Serhiy Tkachuk_2142926830,Serhiy Tkachuk,3,1,33,25,8,58,2021-09-08 04:45:00,529153
A Ilin_126847,A Ilin,1,1,48,40,8,88,2021-09-08 04:47:00,529154
Mykhailo Diachenko_172995,Mykhailo Diachenko,-3,0,23,34,-11,57,2021-09-08 04:55:00,529155
A Serebrennikov_126849,A Serebrennikov,1,1,50,47,3,97,2021-09-08 04:58:00,529156
T Turabekov_126846,T Turabekov,-2,0,30,40,-10,70,2021-09-08 05:01:00,529157
Andrii Khvysiuk_414739502,Andrii Khvysiuk,-2,0,31,41,-10,72,2021-09-08 05:15:00,529158
S Myagkov_126848,S Myagkov,-3,0,26,33,-7,59,2021-09-08 05:17:00,529159
Mykola Polysynskyi_172996,Mykola Polysynskyi,2,1,38,28,10,66,2021-09-08 05:25:00,529160
A Girevenkov_126850,A Girevenkov,-1,0,44,53,-9,97,2021-09-08 05:35:00,529161
Oleksandr Shapoval_172997,Oleksandr Shapoval,-2,0,34,39,-5,73,2021-09-08 05:55:00,529162
Pavlo Volkov_172998,Pavlo Volkov,-3,0,14,33,-19,47,2021-09-08 06:25:00,529163
Pavlo Volkov_173320,Pavlo Volkov,1,1,44,38,6,82,2021-09-08 06:55:00,529164
Rustam Halimbaiev_173321,Rustam Halimbaiev,2,1,44,36,8,80,2021-09-08 07:25:00,529165
S Ovechkin_126765,S Ovechkin,1,1,44,40,4,84,2021-09-08 07:44:00,529166
D Bogdanov_126727,D Bogdanov,-2,0,38,42,-4,80,2021-09-08 07:46:00,529167
D Andreev_126799,D Andreev,1,1,47,50,-3,97,2021-09-08 07:47:00,529168
Mykhailo Senyk_173046,Mykhailo Senyk,2,1,40,35,5,75,2021-09-08 07:50:00,529169
Serhii Skachenko_42022806,Serhii Skachenko,-1,0,43,51,-8,94,2021-09-08 07:50:00,529170
Viacheslav Yarovoi_1295751509,Viacheslav Yarovoi,2,1,39,28,11,67,2021-09-08 07:55:00,529171
Yuliia Yemelianenko_173306,Yuliia Yemelianenko,-3,0,14,33,-19,47,2021-09-08 08:00:00,529172
Roman Hnoievoi_173071,Roman Hnoievoi,2,1,41,26,15,67,2021-09-08 08:05:00,529173
Nataliia Konovalova_173086,Nataliia Konovalova,-2,0,26,40,-14,66,2021-09-08 08:10:00,529174
A Vorozheykin_126766,A Vorozheykin,-3,0,20,33,-13,53,2021-09-08 08:14:00,529175
Yehor Derun_173101,Yehor Derun,2,1,42,36,6,78,2021-09-08 08:15:00,529176
O Kharlakin_126728,O Kharlakin,3,1,44,38,6,82,2021-09-08 08:18:00,529177
S Homutov_126800,S Homutov,3,1,34,23,11,57,2021-09-08 08:19:00,529178
Rostyslav Fylypiv_173047,Rostyslav Fylypiv,1,1,51,46,5,97,2021-09-08 08:20:00,529179
Andriy Chermenskyi_1890258292,Andriy Chermenskyi,2,1,42,38,4,80,2021-09-08 08:25:00,529180
Kateryna Somova_173307,Kateryna Somova,1,1,48,46,2,94,2021-09-08 08:30:00,529181
Stanislav Harenko_367414324,Stanislav Harenko,2,1,42,33,9,75,2021-09-08 08:30:00,529182
A Zabrodin_126767,A Zabrodin,3,1,33,16,17,49,2021-09-08 08:32:00,529183
Yurii Kolesnyk_173072,Yurii Kolesnyk,1,1,49,43,6,92,2021-09-08 08:35:00,529184
Yevhenii Holoborodko_855091658,Yevhenii Holoborodko,1,1,49,46,3,95,2021-09-08 08:35:00,529185
Artem Nesterenko_846187436,Artem Nesterenko,-3,0,26,35,-9,61,2021-09-08 08:40:00,529186
Karina Zharkova_173087,Karina Zharkova,-3,0,17,33,-16,50,2021-09-08 08:40:00,529187
Iurii Prokhoruk_285725328,Iurii Prokhoruk,1,1,49,44,5,93,2021-09-08 08:45:00,529188
Vasyl Kondratenko_173102,Vasyl Kondratenko,3,1,33,18,15,51,2021-09-08 08:45:00,529189
A Savinskiy_126729,A Savinskiy,-1,0,34,45,-11,79,2021-09-08 08:49:00,529190
V Tsvetkov_126801,V Tsvetkov,-3,0,24,33,-9,57,2021-09-08 08:49:00,529191
Mykhailo Senyk_173048,Mykhailo Senyk,-1,0,37,47,-10,84,2021-09-08 08:50:00,529192
Andrii Zeniuk_1739373692,Andrii Zeniuk,-3,0,26,35,-9,61,2021-09-08 08:50:00,529193
Yurii Shmyndra_173116,Yurii Shmyndra,-1,0,39,50,-11,89,2021-09-08 08:50:00,529194
Serhii Baranovskyi_98746114,Serhii Baranovskyi,-2,0,34,39,-5,73,2021-09-08 08:55:00,529195
Dmytro Baistriuchenko_1746502165,Dmytro Baistriuchenko,1,1,54,47,7,101,2021-09-08 08:55:00,529196
Alina Man_173126,Alina Man,-1,0,43,48,-5,91,2021-09-08 08:55:00,529197
M Klement_28437,M Klement,-2,0,38,45,-7,83,2021-09-08 08:59:00,529198
Serhii Skachenko_231927145,Serhii Skachenko,-1,0,45,45,0,90,2021-09-08 09:00:00,529199
Yuliia Yemelianenko_173308,Yuliia Yemelianenko,3,1,33,22,11,55,2021-09-08 09:00:00,529200
Josef Ruzicka_173276,Josef Ruzicka,-2,0,39,47,-8,86,2021-09-08 09:00:00,529201
P Vshivkov_126768,P Vshivkov,-2,0,37,43,-6,80,2021-09-08 09:00:00,529202
Vasyl Moshovskyi_173136,Vasyl Moshovskyi,3,1,34,24,10,58,2021-09-08 09:00:00,529203
Viacheslav Yarovoi_2042691724,Viacheslav Yarovoi,3,1,34,24,10,58,2021-09-08 09:05:00,529204
Viacheslav Isakov_173073,Viacheslav Isakov,-2,0,38,43,-5,81,2021-09-08 09:05:00,529205
Nadiia Kovtun_173088,Nadiia Kovtun,-2,0,47,52,-5,99,2021-09-08 09:10:00,529206
Anton Myrza_1556610462,Anton Myrza,3,1,33,19,14,52,2021-09-08 09:10:00,529207
Dmytro Belanchyk_1496552422,Dmytro Belanchyk,-1,0,50,51,-1,101,2021-09-08 09:15:00,529208
Valeriy Kolesnykov_173103,Valeriy Kolesnykov,-2,0,33,39,-6,72,2021-09-08 09:15:00,529209
V Nemashkalo_126730,V Nemashkalo,-2,0,26,37,-11,63,2021-09-08 09:16:00,529210
Yu Gavrilov_126802,Yu Gavrilov,3,1,33,25,8,58,2021-09-08 09:16:00,529211
Oleksii Hrymovskyi_173117,Oleksii Hrymovskyi,-2,0,33,37,-4,70,2021-09-08 09:20:00,529212
Iurii Prokhoruk_1774035890,Iurii Prokhoruk,3,1,33,10,23,43,2021-09-08 09:20:00,529213
Ihor Dubyna_173049,Ihor Dubyna,2,1,42,34,8,76,2021-09-08 09:20:00,529214
Yuliia Tryhub_173127,Yuliia Tryhub,-3,0,19,33,-14,52,2021-09-08 09:25:00,529215
Vitalii Zharskiy_951320002,Vitalii Zharskiy,3,1,34,26,8,60,2021-09-08 09:25:00,529216
Andrii Kaptanovskyi_907517211,Andrii Kaptanovskyi,-2,0,36,41,-5,77,2021-09-08 09:30:00,529217
Stepan Rejent_173277,Stepan Rejent,2,1,41,38,3,79,2021-09-08 09:30:00,529218
F Kopecky_28438,F Kopecky,-3,0,22,33,-11,55,2021-09-08 09:30:00,529219
Anastasiia Gordinskaya-Sheiko_173309,Anastasiia Gordinskaya-Sheiko,-3,0,20,33,-13,53,2021-09-08 09:30:00,529220
Oleh Holiak_173137,Oleh Holiak,-3,0,24,33,-9,57,2021-09-08 09:30:00,529221
A Zabrodin_126769,A Zabrodin,3,1,37,26,11,63,2021-09-08 09:30:00,529222
Yevhen Masko_1151222837,Yevhen Masko,1,1,48,41,7,89,2021-09-08 09:30:00,529223
Ruslan Ivanov_2049582661,Ruslan Ivanov,-2,0,30,38,-8,68,2021-09-08 09:35:00,529224
Yurii Kolesnyk_173074,Yurii Kolesnyk,1,1,53,53,0,106,2021-09-08 09:35:00,529225
Anton Maslov_963035235,Anton Maslov,2,1,44,34,10,78,2021-09-08 09:40:00,529226
Karina Zharkova_173089,Karina Zharkova,2,1,45,33,12,78,2021-09-08 09:40:00,529227
Yevhenii Holoborodko_2035203212,Yevhenii Holoborodko,1,1,53,49,4,102,2021-09-08 09:45:00,529228
Vasyl Kondratenko_173104,Vasyl Kondratenko,2,1,42,32,10,74,2021-09-08 09:45:00,529229
V Tsvetkov_126803,V Tsvetkov,-2,0,35,35,0,70,2021-09-08 09:46:00,529230
A Savinskiy_126731,A Savinskiy,1,1,52,40,12,92,2021-09-08 09:47:00,529231
Rostyslav Fylypiv_173050,Rostyslav Fylypiv,-1,0,38,46,-8,84,2021-09-08 09:50:00,529232
Yurii Shmyndra_173118,Yurii Shmyndra,2,1,44,35,9,79,2021-09-08 09:50:00,529233
Artem Nesterenko_1713135124,Artem Nesterenko,1,1,53,48,5,101,2021-09-08 09:50:00,529234
Alina Man_173128,Alina Man,-1,0,45,50,-5,95,2021-09-08 09:55:00,529235
Mykola Treshchetka_1911278826,Mykola Treshchetka,1,1,45,39,6,84,2021-09-08 09:55:00,529236
Oliver Korp_28439,Oliver Korp,2,1,44,39,5,83,2021-09-08 10:00:00,529237
Stepan Rejent_173278,Stepan Rejent,-1,0,47,50,-3,97,2021-09-08 10:00:00,529238
Kateryna Somova_173310,Kateryna Somova,-3,0,20,33,-13,53,2021-09-08 10:00:00,529239
Serhii Prus_173138,Serhii Prus,3,1,38,27,11,65,2021-09-08 10:00:00,529240
Andrii Zeniuk_75168042,Andrii Zeniuk,-3,0,22,33,-11,55,2021-09-08 10:00:00,529241
A Vorozheykin_126770,A Vorozheykin,2,1,42,36,6,78,2021-09-08 10:00:00,529242
Serhii Baranovskyi_881749856,Serhii Baranovskyi,2,1,43,33,10,76,2021-09-08 10:05:00,529243
Dmytro Baistriuchenko_256115143,Dmytro Baistriuchenko,2,1,40,34,6,74,2021-09-08 10:05:00,529244
Roman Hnoievoi_173075,Roman Hnoievoi,-2,0,39,44,-5,83,2021-09-08 10:05:00,529245
Nataliia Konovalova_173090,Nataliia Konovalova,-3,0,19,33,-14,52,2021-09-08 10:10:00,529246
Andriy Chermenskyi_1947705623,Andriy Chermenskyi,-1,0,45,45,0,90,2021-09-08 10:10:00,529247
Yehor Derun_173105,Yehor Derun,2,1,39,35,4,74,2021-09-08 10:15:00,529248
Stanislav Harenko_173279154,Stanislav Harenko,2,1,39,33,6,72,2021-09-08 10:15:00,529249
S Homutov_126804,S Homutov,2,1,42,35,7,77,2021-09-08 10:17:00,529250
O Kharlakin_126732,O Kharlakin,-3,0,21,36,-15,57,2021-09-08 10:17:00,529251
Mykhailo Senyk_173051,Mykhailo Senyk,-1,0,43,49,-6,92,2021-09-08 10:20:00,529252
Leonid Tertychnyi_173119,Leonid Tertychnyi,2,1,35,30,5,65,2021-09-08 10:20:00,529253
Serhii Gergeliuk_133682943,Serhii Gergeliuk,1,1,46,46,0,92,2021-09-08 10:20:00,529254
Dmytro Belanchyk_929744150,Dmytro Belanchyk,2,1,43,41,2,84,2021-09-08 10:25:00,529255
Nataliia Riabchenko_173129,Nataliia Riabchenko,3,1,34,25,9,59,2021-09-08 10:25:00,529256
Josef Ruzicka_173279,Josef Ruzicka,3,1,33,23,10,56,2021-09-08 10:30:00,529257
Mykola Treshchetka_1434198691,Mykola Treshchetka,-1,0,48,49,-1,97,2021-09-08 10:30:00,529258
Yuliia Yemelianenko_173311,Yuliia Yemelianenko,1,1,49,37,12,86,2021-09-08 10:30:00,529259
P Vshivkov_126851,P Vshivkov,1,1,52,48,4,100,2021-09-08 10:30:00,529260
Oleh Holiak_173139,Oleh Holiak,-2,0,40,39,1,79,2021-09-08 10:30:00,529261
F Just_28440,F Just,2,1,43,33,10,76,2021-09-08 10:31:00,529262
Oleksandr Lykhytskyi_173076,Oleksandr Lykhytskyi,-1,0,46,51,-5,97,2021-09-08 10:35:00,529263
Viktor Bedriichuk_1069384156,Viktor Bedriichuk,-1,0,50,48,2,98,2021-09-08 10:35:00,529264
Liliya Andrieieva_173091,Liliya Andrieieva,-1,0,42,50,-8,92,2021-09-08 10:40:00,529265
Roman Derypaska_1965782037,Roman Derypaska,-2,0,26,42,-16,68,2021-09-08 10:40:00,529266
Andrii Kaptanovskyi_1628058035,Andrii Kaptanovskyi,-1,0,51,56,-5,107,2021-09-08 10:40:00,529267
Bohdan Havryliuk_173106,Bohdan Havryliuk,2,1,44,33,11,77,2021-09-08 10:45:00,529268
Serhii Skachenko_1628225200,Serhii Skachenko,3,1,33,16,17,49,2021-09-08 10:45:00,529269
A Savinskiy_126853,A Savinskiy,-1,0,48,53,-5,101,2021-09-08 10:46:00,529270
Rostyslav Fylypiv_173052,Rostyslav Fylypiv,3,1,35,25,10,60,2021-09-08 10:50:00,529271
Viacheslav Yarovoi_1813763686,Viacheslav Yarovoi,-3,0,25,35,-10,60,2021-09-08 10:50:00,529272
Oleksii Hrymovskyi_173120,Oleksii Hrymovskyi,-1,0,51,49,2,100,2021-09-08 10:50:00,529273
V Tsvetkov_126867,V Tsvetkov,2,1,40,36,4,76,2021-09-08 10:52:00,529274
Anton Myrza_1290641263,Anton Myrza,3,1,33,18,15,51,2021-09-08 10:55:00,529275
Yuliia Tryhub_173130,Yuliia Tryhub,3,1,34,23,11,57,2021-09-08 10:55:00,529276
Artem Nesterenko_1199055969,Artem Nesterenko,-3,0,15,33,-18,48,2021-09-08 11:00:00,529277
Kateryna Somova_173312,Kateryna Somova,-3,0,17,33,-16,50,2021-09-08 11:00:00,529278
Vasyl Moshovskyi_173140,Vasyl Moshovskyi,-3,0,14,33,-19,47,2021-09-08 11:00:00,529279
Tung  Pham Duong_173280,Tung  Pham Duong,-2,0,27,42,-15,69,2021-09-08 11:00:00,529280
Oliver Korp_28441,Oliver Korp,-1,0,46,47,-1,93,2021-09-08 11:01:00,529281
A Vorozheykin_126852,A Vorozheykin,1,1,47,45,2,92,2021-09-08 11:03:00,529282
Dmytro Lohosha_917676965,Dmytro Lohosha,2,1,41,35,6,76,2021-09-08 11:05:00,529283
Viacheslav Isakov_173077,Viacheslav Isakov,-3,0,24,33,-9,57,2021-09-08 11:05:00,529284
Nadiia Kovtun_173092,Nadiia Kovtun,-2,0,38,37,1,75,2021-09-08 11:10:00,529285
Vitalii Zharskiy_2146909890,Vitalii Zharskiy,2,1,41,34,7,75,2021-09-08 11:10:00,529286
Valeriy Kolesnykov_173107,Valeriy Kolesnykov,3,1,36,29,7,65,2021-09-08 11:15:00,529287
Dmytro Baistriuchenko_2085435860,Dmytro Baistriuchenko,-2,0,38,42,-4,80,2021-09-08 11:15:00,529288
Yevhen Masko_1433177797,Yevhen Masko,1,1,48,45,3,93,2021-09-08 11:15:00,529289
Ruslan Ivanov_1274796998,Ruslan Ivanov,-2,0,33,35,-2,68,2021-09-08 11:20:00,529290
Yurii Shmyndra_173121,Yurii Shmyndra,-2,0,33,35,-2,68,2021-09-08 11:20:00,529291
Ihor Dubyna_173053,Ihor Dubyna,3,1,35,22,13,57,2021-09-08 11:20:00,529292
O Kharlakin_126854,O Kharlakin,-1,0,45,48,-3,93,2021-09-08 11:20:00,529293
D Andreev_126868,D Andreev,1,1,47,42,5,89,2021-09-08 11:24:00,529294
Anton Maslov_582869781,Anton Maslov,2,1,47,43,4,90,2021-09-08 11:25:00,529295
Alina Man_173131,Alina Man,-3,0,25,38,-13,63,2021-09-08 11:25:00,529296
Josef Ruzicka_173281,Josef Ruzicka,3,1,33,24,9,57,2021-09-08 11:30:00,529297
F Kopecky_28442,F Kopecky,-1,0,51,52,-1,103,2021-09-08 11:30:00,529298
Anastasiia Gordinskaya-Sheiko_173313,Anastasiia Gordinskaya-Sheiko,-1,0,49,50,-1,99,2021-09-08 11:30:00,529299
Mykola Shyshkin_173141,Mykola Shyshkin,3,1,34,22,12,56,2021-09-08 11:30:00,529300
Yevhenii Holoborodko_888036913,Yevhenii Holoborodko,-2,0,28,43,-15,71,2021-09-08 11:30:00,529301
A Mohnachev_126771,A Mohnachev,3,1,33,24,9,57,2021-09-08 11:34:00,529302
Yurii Kolesnyk_173078,Yurii Kolesnyk,-2,0,37,43,-6,80,2021-09-08 11:35:00,529303
Yurii Parahailo_203122499,Yurii Parahailo,1,1,53,47,6,100,2021-09-08 11:35:00,529304
Karina Zharkova_173093,Karina Zharkova,1,1,49,43,6,92,2021-09-08 11:40:00,529305
Iurii Prokhoruk_1875391768,Iurii Prokhoruk,1,1,45,40,5,85,2021-09-08 11:40:00,529306
Vasyl Kondratenko_173108,Vasyl Kondratenko,1,1,57,54,3,111,2021-09-08 11:45:00,529307
Andrii Zeniuk_1195717409,Andrii Zeniuk,-2,0,26,40,-14,66,2021-09-08 11:45:00,529308
Serhii Baranovskyi_1135002341,Serhii Baranovskyi,1,1,48,42,6,90,2021-09-08 11:50:00,529309
Mykhailo Senyk_173054,Mykhailo Senyk,3,1,34,23,11,57,2021-09-08 11:50:00,529310
Pavlo Zaderei_1276527028,Pavlo Zaderei,-2,0,30,41,-11,71,2021-09-08 11:50:00,529311
Oleksii Hrymovskyi_173122,Oleksii Hrymovskyi,-1,0,33,46,-13,79,2021-09-08 11:50:00,529312
P Medvedev_126733,P Medvedev,1,1,42,48,-6,90,2021-09-08 11:53:00,529313
D Petrochenko_126805,D Petrochenko,1,1,54,45,9,99,2021-09-08 11:54:00,529314
Andriy Chermenskyi_1530728907,Andriy Chermenskyi,-1,0,49,46,3,95,2021-09-08 11:55:00,529315
Yuliia Tryhub_173132,Yuliia Tryhub,-2,0,34,38,-4,72,2021-09-08 11:55:00,529316
Serhii Prus_173142,Serhii Prus,3,1,34,24,10,58,2021-09-08 12:00:00,529317
Yuliia Yemelianenko_173314,Yuliia Yemelianenko,2,1,43,33,10,76,2021-09-08 12:00:00,529318
Tung  Pham Duong_173322,Tung  Pham Duong,1,1,47,43,4,90,2021-09-08 12:00:00,529319
Stanislav Harenko_3903372,Stanislav Harenko,-1,0,38,50,-12,88,2021-09-08 12:00:00,529320
V Kutin_126772,V Kutin,-2,0,32,42,-10,74,2021-09-08 12:03:00,529321
F Kopecky_28467,F Kopecky,-1,0,46,47,-1,93,2021-09-08 12:05:00,529322
Roman Hnoievoi_173079,Roman Hnoievoi,-2,0,35,36,-1,71,2021-09-08 12:05:00,529323
Serhii Gergeliuk_47716912,Serhii Gergeliuk,3,1,35,28,7,63,2021-09-08 12:05:00,529324
Dmytro Belanchyk_416217378,Dmytro Belanchyk,-1,0,45,49,-4,94,2021-09-08 12:10:00,529325
Nataliia Konovalova_173094,Nataliia Konovalova,2,1,37,38,-1,75,2021-09-08 12:10:00,529326
Yehor Derun_173109,Yehor Derun,-2,0,34,41,-7,75,2021-09-08 12:15:00,529327
Dmytro Lohosha_917568199,Dmytro Lohosha,-3,0,20,33,-13,53,2021-09-08 12:15:00,529328
I Minchenkov_126734,I Minchenkov,1,1,49,44,5,93,2021-09-08 12:18:00,529329
Leonid Tertychnyi_173123,Leonid Tertychnyi,2,1,39,34,5,73,2021-09-08 12:20:00,529330
Viktor Bedriichuk_1150221566,Viktor Bedriichuk,-2,0,25,39,-14,64,2021-09-08 12:20:00,529331
Andrii Lanchut_173055,Andrii Lanchut,-2,0,28,40,-12,68,2021-09-08 12:20:00,529332
S Nikulin_126806,S Nikulin,-1,0,52,51,1,103,2021-09-08 12:22:00,529333
Dmytro Baistriuchenko_2017059931,Dmytro Baistriuchenko,2,1,39,27,12,66,2021-09-08 12:25:00,529334
Nataliia Riabchenko_173133,Nataliia Riabchenko,3,1,33,20,13,53,2021-09-08 12:25:00,529335
Roman Derypaska_1095641330,Roman Derypaska,-3,0,19,33,-14,52,2021-09-08 12:25:00,529336
Oleh Holiak_173143,Oleh Holiak,-3,0,22,34,-12,56,2021-09-08 12:30:00,529337
Anastasiia Moskaliuk_173315,Anastasiia Moskaliuk,2,1,44,36,8,80,2021-09-08 12:30:00,529338
Igor Sukovatyi_1783150174,Igor Sukovatyi,-1,0,42,43,-1,85,2021-09-08 12:30:00,529339
Jan Duspiva_173323,Jan Duspiva,3,1,33,20,13,53,2021-09-08 12:30:00,529340
A Shmakov_126773,A Shmakov,-1,0,47,51,-4,98,2021-09-08 12:32:00,529341
Oliver Korp_28468,Oliver Korp,-1,0,49,54,-5,103,2021-09-08 12:33:00,529342
Oleksandr Lykhytskyi_173080,Oleksandr Lykhytskyi,-2,0,26,42,-16,68,2021-09-08 12:35:00,529343
Oleh Obidnyi_1577643497,Oleh Obidnyi,2,1,42,45,-3,87,2021-09-08 12:35:00,529344
Anton Myrza_1740247143,Anton Myrza,2,1,41,36,5,77,2021-09-08 12:40:00,529345
Liliya Andrieieva_173095,Liliya Andrieieva,1,1,45,44,1,89,2021-09-08 12:40:00,529346
Bohdan Havryliuk_173110,Bohdan Havryliuk,3,1,35,26,9,61,2021-09-08 12:45:00,529347
Artem Nesterenko_1252205337,Artem Nesterenko,-1,0,49,47,2,96,2021-09-08 12:45:00,529348
Ivan Kryvyi_1855239435,Ivan Kryvyi,3,1,34,22,12,56,2021-09-08 12:50:00,529349
Rostyslav Fylypiv_173334,Rostyslav Fylypiv,-2,0,43,47,-4,90,2021-09-08 12:50:00,529350
Yurii Shmyndra_173124,Yurii Shmyndra,1,1,53,42,11,95,2021-09-08 12:50:00,529351
V Putilovsky_126735,V Putilovsky,-2,0,35,43,-8,78,2021-09-08 12:52:00,529352
Vitalii Zharskiy_759614908,Vitalii Zharskiy,2,1,38,29,9,67,2021-09-08 12:55:00,529353
Alina Man_173134,Alina Man,1,1,42,49,-7,91,2021-09-08 12:55:00,529354
A Klavdenkov_126807,A Klavdenkov,-1,0,42,51,-9,93,2021-09-08 12:56:00,529355
Andrii Kaptanovskyi_1406457031,Andrii Kaptanovskyi,-1,0,51,48,3,99,2021-09-08 13:00:00,529356
Yevhen Masko_889236823,Yevhen Masko,1,1,49,44,5,93,2021-09-08 13:00:00,529357
Vasyl Moshovskyi_173144,Vasyl Moshovskyi,3,1,33,24,9,57,2021-09-08 13:00:00,529358
Alisa Dubrova_173336,Alisa Dubrova,3,1,33,14,19,47,2021-09-08 13:00:00,529359
Jaromir Janda_173282,Jaromir Janda,3,1,36,27,9,63,2021-09-08 13:00:00,529360
R Astreev_126774,R Astreev,1,1,47,50,-3,97,2021-09-08 13:03:00,529361
Serhii Skachenko_762157870,Serhii Skachenko,-3,0,21,33,-12,54,2021-09-08 13:05:00,529362
Viacheslav Isakov_173081,Viacheslav Isakov,-1,0,46,50,-4,96,2021-09-08 13:05:00,529363
M Sulc_28443,M Sulc,-2,0,34,37,-3,71,2021-09-08 13:07:00,529364
Nadiia Kovtun_173096,Nadiia Kovtun,-2,0,34,40,-6,74,2021-09-08 13:10:00,529365
Viacheslav Yarovoi_1765566794,Viacheslav Yarovoi,1,1,44,46,-2,90,2021-09-08 13:10:00,529366
Roman Pinchuk_1325505210,Roman Pinchuk,3,1,33,22,11,55,2021-09-08 13:15:00,529367
Valeriy Kolesnykov_173111,Valeriy Kolesnykov,2,1,41,32,9,73,2021-09-08 13:15:00,529368
I Novikov_126736,I Novikov,-3,0,18,33,-15,51,2021-09-08 13:18:00,529369
Dmytro Belanchyk_1496509754,Dmytro Belanchyk,-3,0,25,34,-9,59,2021-09-08 13:20:00,529370
Nikita Vilenchyts_173125,Nikita Vilenchyts,1,1,53,39,14,92,2021-09-08 13:20:00,529371
Oles Dopilko_173335,Oles Dopilko,-3,0,17,33,-16,50,2021-09-08 13:20:00,529372
Dmytro Lohosha_720426236,Dmytro Lohosha,3,1,40,30,10,70,2021-09-08 13:25:00,529373
Mariia Voitekhova_173135,Mariia Voitekhova,3,1,33,9,24,42,2021-09-08 13:25:00,529374
D Kolesnikov_126808,D Kolesnikov,2,1,43,38,5,81,2021-09-08 13:29:00,529375
David Brichacek_173283,David Brichacek,-3,0,28,34,-6,62,2021-09-08 13:30:00,529376
Mykola Shyshkin_173145,Mykola Shyshkin,2,1,40,28,12,68,2021-09-08 13:30:00,529377
L Jindrak_28444,L Jindrak,1,1,48,43,5,91,2021-09-08 13:30:00,529378
Maksym Mykhailovych_1841558355,Maksym Mykhailovych,-2,0,34,42,-8,76,2021-09-08 13:30:00,529379
Anastasiia Moskaliuk_173337,Anastasiia Moskaliuk,-3,0,21,33,-12,54,2021-09-08 13:30:00,529380
Dmytro Baistriuchenko_255938727,Dmytro Baistriuchenko,-3,0,24,36,-12,60,2021-09-08 13:35:00,529381
A Shmakov_126775,A Shmakov,2,1,37,30,7,67,2021-09-08 13:35:00,529382
Nikita Trofimov_1259759392,Nikita Trofimov,-2,0,38,40,-2,78,2021-09-08 13:35:00,529383
Roman Hnoievoi_173082,Roman Hnoievoi,2,1,48,44,4,92,2021-09-08 13:35:00,529384
Nataliia Konovalova_173097,Nataliia Konovalova,-3,0,14,33,-19,47,2021-09-08 13:40:00,529385
Serhii Skachenko_1388774695,Serhii Skachenko,-3,0,21,33,-12,54,2021-09-08 13:40:00,529386
Stanislav Harenko_1017704074,Stanislav Harenko,-3,0,22,34,-12,56,2021-09-08 13:45:00,529387
Yehor Derun_173112,Yehor Derun,1,1,53,45,8,98,2021-09-08 13:45:00,529388
V Putilovsky_126737,V Putilovsky,1,1,43,42,1,85,2021-09-08 13:48:00,529389
Yevhenii Holoborodko_220862555,Yevhenii Holoborodko,-3,0,18,33,-15,51,2021-09-08 13:50:00,529390
Mykhailo Teteruk_173338,Mykhailo Teteruk,1,1,51,45,6,96,2021-09-08 13:55:00,529391
Artem Nesterenko_1179572326,Artem Nesterenko,2,1,44,37,7,81,2021-09-08 13:55:00,529392
A Klavdenkov_126809,A Klavdenkov,2,1,41,33,8,74,2021-09-08 13:57:00,529393
Jr. Obeslo_28445,Jr. Obeslo,2,1,41,34,7,75,2021-09-08 14:00:00,529394
David Brichacek_173284,David Brichacek,3,1,33,14,19,47,2021-09-08 14:00:00,529395
Ivan Kryvyi_1161180904,Ivan Kryvyi,3,1,34,21,13,55,2021-09-08 14:00:00,529396
Serhii Prus_173146,Serhii Prus,3,1,34,27,7,61,2021-09-08 14:00:00,529397
V Kutin_126776,V Kutin,2,1,45,35,10,80,2021-09-08 14:01:00,529398
Ruslan Solomko_173083,Ruslan Solomko,1,1,46,46,0,92,2021-09-08 14:05:00,529399
Andrii Zeniuk_1537195140,Andrii Zeniuk,2,1,43,30,13,73,2021-09-08 14:05:00,529400
Yuliia Tryhub_173340,Yuliia Tryhub,2,1,46,39,7,85,2021-09-08 14:05:00,529401
Andrii Kaptanovskyi_1705868824,Andrii Kaptanovskyi,-2,0,32,35,-3,67,2021-09-08 14:10:00,529402
Tetyana Mudrak_173098,Tetyana Mudrak,-2,0,35,42,-7,77,2021-09-08 14:10:00,529403
Serhii Baranovskyi_235078437,Serhii Baranovskyi,-2,0,34,46,-12,80,2021-09-08 14:10:00,529404
Igor Sukovatyi_5827177,Igor Sukovatyi,2,1,40,33,7,73,2021-09-08 14:15:00,529405
Oleg Kolivay_173113,Oleg Kolivay,3,1,33,21,12,54,2021-09-08 14:15:00,529406
I Minchenkov_126738,I Minchenkov,-2,0,38,40,-2,78,2021-09-08 14:19:00,529407
Viacheslav Yarovoi_1813904101,Viacheslav Yarovoi,-3,0,18,33,-15,51,2021-09-08 14:20:00,529408
S Nikulin_126810,S Nikulin,-1,0,44,49,-5,93,2021-09-08 14:24:00,529409
Roman Pinchuk_801355792,Roman Pinchuk,3,1,35,26,9,61,2021-09-08 14:25:00,529410
Nikita Vilenchyts_173339,Nikita Vilenchyts,1,1,51,51,0,102,2021-09-08 14:25:00,529411
Vasyl Moshovskyi_173147,Vasyl Moshovskyi,3,1,33,15,18,48,2021-09-08 14:30:00,529412
M Huk_28446,M Huk,-2,0,35,35,0,70,2021-09-08 14:30:00,529413
Dmytro Belanchyk_1007059513,Dmytro Belanchyk,-1,0,38,46,-8,84,2021-09-08 14:30:00,529414
Jaromir Janda_173285,Jaromir Janda,3,1,34,26,8,60,2021-09-08 14:30:00,529415
Dmytro Lohosha_2098348478,Dmytro Lohosha,3,1,36,30,6,66,2021-09-08 14:35:00,529416
Mariia Voitekhova_173341,Mariia Voitekhova,-2,0,32,41,-9,73,2021-09-08 14:35:00,529417
Roman Hnoievoi_173084,Roman Hnoievoi,-3,0,13,33,-20,46,2021-09-08 14:35:00,529418
R Astreev_126885,R Astreev,1,1,49,47,2,96,2021-09-08 14:37:00,529419
Nataliia Konovalova_173099,Nataliia Konovalova,-1,0,38,50,-12,88,2021-09-08 14:40:00,529420
Viktor Bedriichuk_1808834436,Viktor Bedriichuk,1,1,47,47,0,94,2021-09-08 14:40:00,529421
Dmytro Baistriuchenko_1060408332,Dmytro Baistriuchenko,3,1,35,21,14,56,2021-09-08 14:45:00,529422
Yehor Derun_173114,Yehor Derun,3,1,33,16,17,49,2021-09-08 14:45:00,529423
Roman Cherevko_1656993522,Roman Cherevko,-1,0,53,54,-1,107,2021-09-08 14:45:00,529424
I Novikov_126893,I Novikov,-2,0,32,38,-6,70,2021-09-08 14:47:00,529425
S Nikulin_126907,S Nikulin,1,1,48,47,1,95,2021-09-08 14:53:00,529426
Oleksandr Shpak_173148,Oleksandr Shpak,3,1,33,10,23,43,2021-09-08 15:00:00,529427
Jr. Obeslo_28447,Jr. Obeslo,1,1,51,45,6,96,2021-09-08 15:00:00,529428
Serhii Gergeliuk_560309530,Serhii Gergeliuk,1,1,48,47,1,95,2021-09-08 15:00:00,529429
Vaclav Strejc_173286,Vaclav Strejc,2,1,47,40,7,87,2021-09-08 15:00:00,529430
Yurii Parahailo_202973504,Yurii Parahailo,2,1,39,31,8,70,2021-09-08 15:05:00,529431
Yurii Kolesnyk_173085,Yurii Kolesnyk,-1,0,44,52,-8,96,2021-09-08 15:05:00,529432
Karina Zharkova_173100,Karina Zharkova,3,1,34,22,12,56,2021-09-08 15:10:00,529433
Iurii Prokhoruk_1875527959,Iurii Prokhoruk,3,1,33,18,15,51,2021-09-08 15:10:00,529434
A Mohnachev_126886,A Mohnachev,3,1,33,21,12,54,2021-09-08 15:13:00,529435
Vasyl Kondratenko_173115,Vasyl Kondratenko,3,1,36,30,6,66,2021-09-08 15:15:00,529436
Andrii Hordii_253085833,Andrii Hordii,1,1,51,46,5,97,2021-09-08 15:15:00,529437
I Minchenkov_126894,I Minchenkov,1,1,47,44,3,91,2021-09-08 15:15:00,529438
Serhii Rak_173151,Serhii Rak,3,1,35,25,10,60,2021-09-08 15:20:00,529439
Pavlo Zaderei_1192197347,Pavlo Zaderei,1,1,52,41,11,93,2021-09-08 15:20:00,529440
Serhii Baranovskyi_328533327,Serhii Baranovskyi,3,1,33,24,9,57,2021-09-08 15:20:00,529441
A Klavdenkov_126908,A Klavdenkov,-1,0,41,46,-5,87,2021-09-08 15:21:00,529442
Vasyl Moshovskyi_173149,Vasyl Moshovskyi,-2,0,39,39,0,78,2021-09-08 15:30:00,529443
Iulii Khomutovskyi_173251,Iulii Khomutovskyi,3,1,33,20,13,53,2021-09-08 15:30:00,529444
L Jindrak_28448,L Jindrak,-3,0,24,36,-12,60,2021-09-08 15:30:00,529445
I Meteleshko_126777,I Meteleshko,-3,0,21,33,-12,54,2021-09-08 15:30:00,529446
Jaromir Janda_173287,Jaromir Janda,-2,0,32,42,-10,74,2021-09-08 15:30:00,529447
Nikita Korbut_744220216,Nikita Korbut,1,1,49,48,1,97,2021-09-08 15:35:00,529448
Mykola Polysynskyi_173181,Mykola Polysynskyi,1,1,53,47,6,100,2021-09-08 15:35:00,529449
Artem Tkachenko_2013785576,Artem Tkachenko,-2,0,19,41,-22,60,2021-09-08 15:40:00,529450
Volodymyr Melnykov_173196,Volodymyr Melnykov,3,1,39,29,10,68,2021-09-08 15:40:00,529451
Bohdan Yurka_173211,Bohdan Yurka,-1,0,44,47,-3,91,2021-09-08 15:45:00,529452
S Lanin_126741,S Lanin,-2,0,43,50,-7,93,2021-09-08 15:48:00,529453
Oleh Bindas_173152,Oleh Bindas,-1,0,40,46,-6,86,2021-09-08 15:50:00,529454
Nazarii Danyliuk_1308058600,Nazarii Danyliuk,-2,0,31,42,-11,73,2021-09-08 15:50:00,529455
V Demchenko_126811,V Demchenko,3,1,34,25,9,59,2021-09-08 15:52:00,529456
Dmytro Derevinskyi_1295236987,Dmytro Derevinskyi,2,1,39,39,0,78,2021-09-08 15:55:00,529457
Mykola Odarenko_173252,Mykola Odarenko,1,1,47,47,0,94,2021-09-08 16:00:00,529458
M Sulc_28493,M Sulc,-2,0,35,39,-4,74,2021-09-08 16:00:00,529459
Oleh Holiak_173150,Oleh Holiak,-3,0,23,35,-12,58,2021-09-08 16:00:00,529460
V Staroverov_126778,V Staroverov,2,1,40,39,1,79,2021-09-08 16:00:00,529461
Artem Lisechko_173182,Artem Lisechko,-2,0,34,46,-12,80,2021-09-08 16:05:00,529462
Vitalii Krivenko_602076868,Vitalii Krivenko,-1,0,49,51,-2,100,2021-09-08 16:10:00,529463
Serhii Solomko_173197,Serhii Solomko,-2,0,28,42,-14,70,2021-09-08 16:10:00,529464
Josef Pavelka _173342,Josef Pavelka ,1,1,46,37,9,83,2021-09-08 16:10:00,529465
Vladyslav Stukalov_173212,Vladyslav Stukalov,-3,0,23,33,-10,56,2021-09-08 16:15:00,529466
Vasiliy Smyk_1755116415,Vasiliy Smyk,-1,0,40,45,-5,85,2021-09-08 16:15:00,529467
I Novikov_126812,I Novikov,3,1,35,25,10,60,2021-09-08 16:16:00,529468
A Krotkov_126742,A Krotkov,2,1,40,34,6,74,2021-09-08 16:19:00,529469
Dmytro Vakhta_552440012,Dmytro Vakhta,1,1,49,43,6,92,2021-09-08 16:20:00,529470
Nazar Mosiuk_173153,Nazar Mosiuk,1,1,50,46,4,96,2021-09-08 16:20:00,529471
Borys Kostiuk_173226,Borys Kostiuk,-2,0,31,40,-9,71,2021-09-08 16:25:00,529472
Vasyl Verbianyi_2029917652,Vasyl Verbianyi,3,1,33,16,17,49,2021-09-08 16:25:00,529473
L Jindrak_28494,L Jindrak,3,1,34,27,7,61,2021-09-08 16:30:00,529474
Iulii Khomutovskyi_173253,Iulii Khomutovskyi,3,1,33,25,8,58,2021-09-08 16:30:00,529475
Vitaliy Khamurda_561159149,Vitaliy Khamurda,-1,0,46,52,-6,98,2021-09-08 16:30:00,529476
I Pandur_126779,I Pandur,2,1,39,34,5,73,2021-09-08 16:32:00,529477
Roman Reznichenko_1172499759,Roman Reznichenko,1,1,47,39,8,86,2021-09-08 16:35:00,529478
Yevhenii Sokoltsov_173183,Yevhenii Sokoltsov,2,1,45,31,14,76,2021-09-08 16:35:00,529479
Oleksandr Maselskyi_173198,Oleksandr Maselskyi,3,1,33,17,16,50,2021-09-08 16:40:00,529480
Vaclav Strejc_173343,Vaclav Strejc,-3,0,24,33,-9,57,2021-09-08 16:40:00,529481
Ivan Kozyr_534197777,Ivan Kozyr,1,1,48,37,11,85,2021-09-08 16:40:00,529482
Dmytro Kunchurov_173213,Dmytro Kunchurov,1,1,49,51,-2,100,2021-09-08 16:45:00,529483
Nikita Korbut_656756257,Nikita Korbut,2,1,41,34,7,75,2021-09-08 16:45:00,529484
Yu Lbov_126813,Yu Lbov,-1,0,49,56,-7,105,2021-09-08 16:47:00,529485
A KHanevskii_126743,A KHanevskii,2,1,42,35,7,77,2021-09-08 16:47:00,529486
Oleh Bindas_173154,Oleh Bindas,1,1,51,46,5,97,2021-09-08 16:50:00,529487
Artem Tkachenko_729442548,Artem Tkachenko,2,1,44,30,14,74,2021-09-08 16:50:00,529488
Vadym Nechyporuk_1455521806,Vadym Nechyporuk,3,1,33,16,17,49,2021-09-08 16:55:00,529489
Ruslan Onishchenko_173227,Ruslan Onishchenko,3,1,33,20,13,53,2021-09-08 16:55:00,529490
Martin Juhasz_173288,Martin Juhasz,-2,0,26,43,-17,69,2021-09-08 17:00:00,529491
Arsenii Lobanov_173254,Arsenii Lobanov,2,1,43,31,12,74,2021-09-08 17:00:00,529492
M Gusev_126780,M Gusev,-3,0,21,33,-12,54,2021-09-08 17:00:00,529493
Nazarii Danyliuk_1062221008,Nazarii Danyliuk,3,1,34,23,11,57,2021-09-08 17:00:00,529494
Z Kasinski_28449,Z Kasinski,-2,0,21,36,-15,57,2021-09-08 17:00:00,529495
Artem Lisechko_173184,Artem Lisechko,1,1,43,41,2,84,2021-09-08 17:05:00,529496
Dmytro Derevinskyi_673727905,Dmytro Derevinskyi,-1,0,53,55,-2,108,2021-09-08 17:05:00,529497
Roman Reznichenko_2117124894,Roman Reznichenko,1,1,46,48,-2,94,2021-09-08 17:10:00,529498
Serhii Solomko_173199,Serhii Solomko,-1,0,47,44,3,91,2021-09-08 17:10:00,529499
E Voronkov_126744,E Voronkov,2,1,39,32,7,71,2021-09-08 17:15:00,529500
Vladyslav Stukalov_173214,Vladyslav Stukalov,1,1,48,49,-1,97,2021-09-08 17:15:00,529501
Viacheslav Kovalenko_1422735237,Viacheslav Kovalenko,-3,0,20,34,-14,54,2021-09-08 17:15:00,529502
Serhii Rak_173155,Serhii Rak,-2,0,28,42,-14,70,2021-09-08 17:20:00,529503
Vitalii Krivenko_1237651955,Vitalii Krivenko,-2,0,36,39,-3,75,2021-09-08 17:20:00,529504
V Shirshov_126814,V Shirshov,2,1,39,29,10,68,2021-09-08 17:22:00,529505
Alexander Leonenko_1207994156,Alexander Leonenko,-2,0,34,46,-12,80,2021-09-08 17:25:00,529506
Andrii Romanenko_173228,Andrii Romanenko,3,1,33,20,13,53,2021-09-08 17:25:00,529507
Dmytro Vakhta_559234912,Dmytro Vakhta,3,1,36,27,9,63,2021-09-08 17:30:00,529508
I Pandur_126781,I Pandur,1,1,46,37,9,83,2021-09-08 17:30:00,529509
Lukas Adamec_173289,Lukas Adamec,-3,0,27,33,-6,60,2021-09-08 17:30:00,529510
Mykola Odarenko_173255,Mykola Odarenko,1,1,50,35,15,85,2021-09-08 17:30:00,529511
V Dolezal_28450,V Dolezal,2,1,39,29,10,68,2021-09-08 17:31:00,529512
Mykola Polysynskyi_173185,Mykola Polysynskyi,-3,0,28,37,-9,65,2021-09-08 17:35:00,529513
Vasyl Verbianyi_1838999919,Vasyl Verbianyi,-3,0,21,33,-12,54,2021-09-08 17:35:00,529514
Volodymyr Melnykov_173200,Volodymyr Melnykov,-1,0,47,50,-3,97,2021-09-08 17:40:00,529515
Vadym Komar_478083940,Vadym Komar,1,1,39,39,0,78,2021-09-08 17:40:00,529516
Ivan Kozyr_1207963,Ivan Kozyr,-3,0,24,34,-10,58,2021-09-08 17:45:00,529517
Bohdan Yurka_173215,Bohdan Yurka,1,1,51,40,11,91,2021-09-08 17:45:00,529518
A KHanevskii_126745,A KHanevskii,-3,0,23,34,-11,57,2021-09-08 17:48:00,529519
Roman Reznichenko_1697334298,Roman Reznichenko,3,1,33,19,14,52,2021-09-08 17:50:00,529520
Yaroslav Kravets_173156,Yaroslav Kravets,1,1,52,47,5,99,2021-09-08 17:50:00,529521
Yu Lbov_126815,Yu Lbov,-2,0,28,43,-15,71,2021-09-08 17:50:00,529522
Nikita Korbut_920995966,Nikita Korbut,-1,0,45,44,1,89,2021-09-08 17:55:00,529523
Ruslan Onishchenko_173229,Ruslan Onishchenko,-3,0,16,33,-17,49,2021-09-08 17:55:00,529524
Vasiliy Smyk_733681032,Vasiliy Smyk,2,1,44,29,15,73,2021-09-08 18:00:00,529525
Lukas Adamec_173290,Lukas Adamec,-1,0,33,49,-16,82,2021-09-08 18:00:00,529526
Iulii Khomutovskyi_173256,Iulii Khomutovskyi,-3,0,19,33,-14,52,2021-09-08 18:00:00,529527
Jak Vrabec_28451,Jak Vrabec,-3,0,19,33,-14,52,2021-09-08 18:00:00,529528
Vadym Nechyporuk_204299314,Vadym Nechyporuk,-2,0,31,46,-15,77,2021-09-08 18:05:00,529529
Oleksandr Shapoval_173186,Oleksandr Shapoval,1,1,42,41,1,83,2021-09-08 18:05:00,529530
V Staroverov_126782,V Staroverov,-2,0,41,46,-5,87,2021-09-08 18:09:00,529531
Nazarii Danyliuk_649479023,Nazarii Danyliuk,-2,0,35,40,-5,75,2021-09-08 18:10:00,529532
Kyrylo Mykhailovsky_173201,Kyrylo Mykhailovsky,-1,0,47,46,1,93,2021-09-08 18:10:00,529533
Vitaliy Khamurda_1149033893,Vitaliy Khamurda,-3,0,13,33,-20,46,2021-09-08 18:15:00,529534
Oleksandr Kochetkov_173216,Oleksandr Kochetkov,2,1,43,34,9,77,2021-09-08 18:15:00,529535
A Krotkov_126746,A Krotkov,1,1,49,47,2,96,2021-09-08 18:16:00,529536
I Novikov_126816,I Novikov,-1,0,41,50,-9,91,2021-09-08 18:17:00,529537
Viacheslav Kovalenko_1125848269,Viacheslav Kovalenko,-3,0,25,34,-9,59,2021-09-08 18:20:00,529538
Nazar Mosiuk_173157,Nazar Mosiuk,-2,0,39,44,-5,83,2021-09-08 18:20:00,529539
Ivan Kozyr_1310130855,Ivan Kozyr,-1,0,40,48,-8,88,2021-09-08 18:25:00,529540
Borys Kostiuk_173230,Borys Kostiuk,-3,0,22,33,-11,55,2021-09-08 18:25:00,529541
Oleksiy Sapronov_392635459,Oleksiy Sapronov,2,1,34,30,4,64,2021-09-08 18:30:00,529542
Mykola Odarenko_173257,Mykola Odarenko,2,1,38,31,7,69,2021-09-08 18:30:00,529543
Martin Juhasz_173291,Martin Juhasz,-1,0,40,48,-8,88,2021-09-08 18:30:00,529544
A Barbora_28452,A Barbora,2,1,37,31,6,68,2021-09-08 18:30:00,529545
Yevhenii Sokoltsov_173187,Yevhenii Sokoltsov,3,1,33,22,11,55,2021-09-08 18:35:00,529546
Artem Tkachenko_287936132,Artem Tkachenko,1,1,49,45,4,94,2021-09-08 18:35:00,529547
I Meteleshko_126965,I Meteleshko,-3,0,25,33,-8,58,2021-09-08 18:39:00,529548
Oleksandr Maselskyi_173202,Oleksandr Maselskyi,1,1,52,44,8,96,2021-09-08 18:40:00,529549
Dmytro Vakhta_1563001999,Dmytro Vakhta,1,1,49,48,1,97,2021-09-08 18:40:00,529550
Vasyl Kushnir_1730595751,Vasyl Kushnir,2,1,45,40,5,85,2021-09-08 18:45:00,529551
Dmytro Kunchurov_173217,Dmytro Kunchurov,1,1,44,42,2,86,2021-09-08 18:45:00,529552
S Lanin_126969,S Lanin,2,1,48,43,5,91,2021-09-08 18:46:00,529553
Yu Lbov_126967,Yu Lbov,-2,0,36,42,-6,78,2021-09-08 18:49:00,529554
Oleh Bindas_173158,Oleh Bindas,1,1,43,40,3,83,2021-09-08 18:50:00,529555
Dmytro Derevinskyi_564505311,Dmytro Derevinskyi,3,1,37,31,6,68,2021-09-08 18:50:00,529556
Serhii Sokolov_173231,Serhii Sokolov,-2,0,31,40,-9,71,2021-09-08 18:55:00,529557
Eduard Rubtsov_1337396106,Eduard Rubtsov,2,1,40,32,8,72,2021-09-08 18:55:00,529558
Petr Kubat_173292,Petr Kubat,-1,0,43,50,-7,93,2021-09-08 19:00:00,529559
I Pandur_126966,I Pandur,-2,0,31,38,-7,69,2021-09-08 19:00:00,529560
Roman Reznichenko_2003580633,Roman Reznichenko,-2,0,39,41,-2,80,2021-09-08 19:00:00,529561
Arsenii Lobanov_173258,Arsenii Lobanov,-1,0,43,52,-9,95,2021-09-08 19:00:00,529562
Jak Vrabec_28453,Jak Vrabec,-1,0,42,41,1,83,2021-09-08 19:00:00,529563
Vitalii Krivenko_1454472475,Vitalii Krivenko,-2,0,27,41,-14,68,2021-09-08 19:05:00,529564
Artem Lisechko_173188,Artem Lisechko,-2,0,33,42,-9,75,2021-09-08 19:05:00,529565
Serhii Solomko_173203,Serhii Solomko,2,1,41,30,11,71,2021-09-08 19:10:00,529566
Alexander Leonenko_1346883016,Alexander Leonenko,1,1,44,35,9,79,2021-09-08 19:10:00,529567
A Krotkov_126970,A Krotkov,2,1,44,32,12,76,2021-09-08 19:15:00,529568
Vladyslav Stukalov_173218,Vladyslav Stukalov,2,1,36,33,3,69,2021-09-08 19:15:00,529569
Andrii Kotik_123209897,Andrii Kotik,1,1,50,50,0,100,2021-09-08 19:15:00,529570
V Shirshov_126968,V Shirshov,-3,0,16,33,-17,49,2021-09-08 19:15:00,529571
Nazarii Danyliuk_743826401,Nazarii Danyliuk,-1,0,47,46,1,93,2021-09-08 19:20:00,529572
Serhii Rak_173159,Serhii Rak,-2,0,31,41,-10,72,2021-09-08 19:20:00,529573
Illia Udod_173241,Illia Udod,-2,0,33,45,-12,78,2021-09-08 19:20:00,529574
Vadym Komar_573893792,Vadym Komar,-2,0,37,42,-5,79,2021-09-08 19:25:00,529575
Andrii Romanenko_173232,Andrii Romanenko,1,1,52,48,4,100,2021-09-08 19:25:00,529576
Ivan Kozyr_740027019,Ivan Kozyr,-2,0,30,41,-11,71,2021-09-08 19:30:00,529577
Martin Juhasz_173293,Martin Juhasz,1,1,48,37,11,85,2021-09-08 19:30:00,529578
A Alekseyev_126783,A Alekseyev,-2,0,33,39,-6,72,2021-09-08 19:30:00,529579
Iulii Khomutovskyi_173259,Iulii Khomutovskyi,3,1,33,12,21,45,2021-09-08 19:30:00,529580
V Dolezal_28454,V Dolezal,-1,0,52,59,-7,111,2021-09-08 19:30:00,529581
Mykola Polysynskyi_173189,Mykola Polysynskyi,2,1,36,32,4,68,2021-09-08 19:35:00,529582
Eduard Rubtsov_1251618580,Eduard Rubtsov,-3,0,24,35,-11,59,2021-09-08 19:35:00,529583
Volodymyr Melnykov_173204,Volodymyr Melnykov,2,1,41,29,12,70,2021-09-08 19:40:00,529584
Nikita Korbut_678287234,Nikita Korbut,-2,0,37,44,-7,81,2021-09-08 19:40:00,529585
Bohdan Yurka_173219,Bohdan Yurka,2,1,38,35,3,73,2021-09-08 19:45:00,529586
M Ilichev_126817,M Ilichev,-1,0,46,47,-1,93,2021-09-08 19:45:00,529587
Vasiliy Smyk_829867008,Vasiliy Smyk,2,1,39,28,11,67,2021-09-08 19:45:00,529588
M Andrusenko_126749,M Andrusenko,1,1,50,47,3,97,2021-09-08 19:46:00,529589
Vadym Nechyporuk_1934312316,Vadym Nechyporuk,-2,0,41,43,-2,84,2021-09-08 19:50:00,529590
Yurii Kurishchenko_173242,Yurii Kurishchenko,-2,0,35,42,-7,77,2021-09-08 19:50:00,529591
Yaroslav Kravets_173160,Yaroslav Kravets,2,1,45,35,10,80,2021-09-08 19:50:00,529592
Ruslan Onishchenko_173233,Ruslan Onishchenko,1,1,54,48,6,102,2021-09-08 19:55:00,529593
Vasyl Verbianyi_1598129111,Vasyl Verbianyi,2,1,36,28,8,64,2021-09-08 19:55:00,529594
Vitaliy Khamurda_1175151957,Vitaliy Khamurda,1,1,50,47,3,97,2021-09-08 20:00:00,529595
Serhii Turovets_173260,Serhii Turovets,2,1,40,35,5,75,2021-09-08 20:00:00,529596
V Chernov_126784,V Chernov,3,1,35,26,9,61,2021-09-08 20:01:00,529597
Jak Vrabec_28495,Jak Vrabec,-3,0,18,33,-15,51,2021-09-08 20:02:00,529598
Illia Yanishevskiy_1649016402,Illia Yanishevskiy,1,1,48,46,2,94,2021-09-08 20:05:00,529599
Oleksandr Shapoval_173190,Oleksandr Shapoval,-3,0,20,33,-13,53,2021-09-08 20:05:00,529600
Yaroslav Ivanytsia_598724759,Yaroslav Ivanytsia,3,1,33,23,10,56,2021-09-08 20:10:00,529601
Pavel Rissky_173573,Pavel Rissky,2,1,45,38,7,83,2021-09-08 20:10:00,529602
Kyrylo Mykhailovsky_173205,Kyrylo Mykhailovsky,2,1,38,28,10,66,2021-09-08 20:10:00,529603
D Tunitsyn_126750,D Tunitsyn,-1,0,47,45,2,92,2021-09-08 20:15:00,529604
Oleksandr Kochetkov_173220,Oleksandr Kochetkov,-3,0,25,37,-12,62,2021-09-08 20:15:00,529605
Vitalii Krivenko_2041022205,Vitalii Krivenko,-1,0,45,45,0,90,2021-09-08 20:15:00,529606
A Sirotkin_126818,A Sirotkin,-3,0,24,35,-11,59,2021-09-08 20:18:00,529607
Andrii Troyan_1553827446,Andrii Troyan,-2,0,37,42,-5,79,2021-09-08 20:20:00,529608
Nazar Mosiuk_173161,Nazar Mosiuk,1,1,52,45,7,97,2021-09-08 20:20:00,529609
Illia Udod_173243,Illia Udod,-1,0,45,53,-8,98,2021-09-08 20:20:00,529610
Dmytro Vakhta_1766253532,Dmytro Vakhta,-1,0,45,46,-1,91,2021-09-08 20:25:00,529611
Borys Kostiuk_173234,Borys Kostiuk,-2,0,33,42,-9,75,2021-09-08 20:25:00,529612
Z Kasinski_28496,Z Kasinski,-2,0,38,44,-6,82,2021-09-08 20:30:00,529613
Mykola Odarenko_173579,Mykola Odarenko,-3,0,16,33,-17,49,2021-09-08 20:30:00,529614
Nazarii Danyliuk_1298914692,Nazarii Danyliuk,2,1,39,31,8,70,2021-09-08 20:30:00,529615
E Makarenkov_126785,E Makarenkov,-2,0,31,41,-10,72,2021-09-08 20:31:00,529616
Pavlo Plushch_457623731,Pavlo Plushch,2,1,43,37,6,80,2021-09-08 20:35:00,529617
Yevhenii Sokoltsov_173191,Yevhenii Sokoltsov,1,1,51,52,-1,103,2021-09-08 20:35:00,529618
Lukas Adamec_173574,Lukas Adamec,1,1,51,40,11,91,2021-09-08 20:40:00,529619
Illia Yanishevskiy_1375593003,Illia Yanishevskiy,-2,0,26,34,-8,60,2021-09-08 20:40:00,529620
Oleksandr Maselskyi_173206,Oleksandr Maselskyi,3,1,35,22,13,57,2021-09-08 20:40:00,529621
Dmytro Kunchurov_173221,Dmytro Kunchurov,-2,0,34,47,-13,81,2021-09-08 20:45:00,529622
Bohdan Zaika_949459307,Bohdan Zaika,2,1,37,32,5,69,2021-09-08 20:45:00,529623
S Vardanyan_126751,S Vardanyan,-2,0,32,40,-8,72,2021-09-08 20:46:00,529624
E Glazun_126819,E Glazun,-1,0,36,49,-13,85,2021-09-08 20:46:00,529625
Nikita Korbut_399401664,Nikita Korbut,-2,0,33,39,-6,72,2021-09-08 20:50:00,529626
Serhii Rak_173162,Serhii Rak,-3,0,20,35,-15,55,2021-09-08 20:50:00,529627
Dmytro Lazuryk_173244,Dmytro Lazuryk,1,1,54,48,6,102,2021-09-08 20:50:00,529628
Serhii Sokolov_173235,Serhii Sokolov,1,1,65,63,2,128,2021-09-08 20:55:00,529629
Artem Tkachenko_1593868271,Artem Tkachenko,1,1,52,44,8,96,2021-09-08 20:55:00,529630
Vadym Nechyporuk_1313868962,Vadym Nechyporuk,2,1,39,33,6,72,2021-09-08 21:00:00,529631
T Zahradnik_28455,T Zahradnik,-1,0,38,42,-4,80,2021-09-08 21:00:00,529632
Serhii Turovets_173580,Serhii Turovets,-1,0,42,50,-8,92,2021-09-08 21:00:00,529633
Jan Zaloudik_173294,Jan Zaloudik,-3,0,24,36,-12,60,2021-09-08 21:00:00,529634
I Zemit_126786,I Zemit,-2,0,33,41,-8,74,2021-09-08 21:00:00,529635
Vasyl Verbianyi_1811851968,Vasyl Verbianyi,-3,0,16,33,-17,49,2021-09-08 21:05:00,529636
Mykola Polysynskyi_173192,Mykola Polysynskyi,2,1,43,33,10,76,2021-09-08 21:05:00,529637
Volodymyr Melnykov_173207,Volodymyr Melnykov,3,1,33,19,14,52,2021-09-08 21:10:00,529638
Dmytro Derevinskyi_1886364778,Dmytro Derevinskyi,-3,0,20,37,-17,57,2021-09-08 21:10:00,529639
Yaroslav Ivanytsia_2118653057,Yaroslav Ivanytsia,-2,0,35,41,-6,76,2021-09-08 21:15:00,529640
Bohdan Yurka_173222,Bohdan Yurka,-2,0,42,47,-5,89,2021-09-08 21:15:00,529641
I Afanasev_126820,I Afanasev,-1,0,45,44,1,89,2021-09-08 21:17:00,529642
B Grebenyuk_126752,B Grebenyuk,-3,0,19,33,-14,52,2021-09-08 21:17:00,529643
Yurii Kurishchenko_173245,Yurii Kurishchenko,-1,0,44,44,0,88,2021-09-08 21:20:00,529644
Illia Yanishevskiy_1638400428,Illia Yanishevskiy,-2,0,35,39,-4,74,2021-09-08 21:20:00,529645
Denys Pesternikov_173163,Denys Pesternikov,3,1,33,16,17,49,2021-09-08 21:20:00,529646
Vitalii Krivenko_859458750,Vitalii Krivenko,-3,0,18,34,-16,52,2021-09-08 21:25:00,529647
Andrii Romanenko_173236,Andrii Romanenko,1,1,49,44,5,93,2021-09-08 21:25:00,529648
R Rose_28456,R Rose,-3,0,20,33,-13,53,2021-09-08 21:30:00,529649
Alexander Leonenko_1382498227,Alexander Leonenko,3,1,33,22,11,55,2021-09-08 21:30:00,529650
Jan Holan_173295,Jan Holan,-2,0,36,43,-7,79,2021-09-08 21:30:00,529651
E Makarenkov_126787,E Makarenkov,1,1,48,48,0,96,2021-09-08 21:32:00,529652
Dmytro Vakhta_1492319093,Dmytro Vakhta,-3,0,25,35,-10,60,2021-09-08 21:35:00,529653
Rustam Halimbaiev_173193,Rustam Halimbaiev,3,1,33,11,22,44,2021-09-08 21:35:00,529654
Serhii Yatsenko_173208,Serhii Yatsenko,-1,0,49,63,-14,112,2021-09-08 21:40:00,529655
Nazarii Danyliuk_1966863703,Nazarii Danyliuk,-3,0,21,34,-13,55,2021-09-08 21:40:00,529656
Vadym Komar_325252599,Vadym Komar,1,1,49,44,5,93,2021-09-08 21:45:00,529657
Ihor Emets_173223,Ihor Emets,3,1,36,22,14,58,2021-09-08 21:45:00,529658
S Vardanyan_126753,S Vardanyan,-1,0,47,53,-6,100,2021-09-08 21:46:00,529659
Bohdan Zaika_1365921720,Bohdan Zaika,1,1,49,53,-4,102,2021-09-08 21:50:00,529660
Serhii Rak_173164,Serhii Rak,1,1,44,44,0,88,2021-09-08 21:50:00,529661
Illia Udod_173246,Illia Udod,-1,0,41,51,-10,92,2021-09-08 21:50:00,529662
E Glazun_126821,E Glazun,2,1,41,32,9,73,2021-09-08 21:51:00,529663
Borys Kostiuk_173237,Borys Kostiuk,3,1,33,18,15,51,2021-09-08 21:55:00,529664
Yaroslav Ivanytsia_7133257,Yaroslav Ivanytsia,3,1,33,17,16,50,2021-09-08 21:55:00,529665
Jan Holan_173296,Jan Holan,-3,0,23,33,-10,56,2021-09-08 22:00:00,529666
P Gireth_28457,P Gireth,3,1,33,22,11,55,2021-09-08 22:00:00,529667
Oleksiy Sapronov_2120252775,Oleksiy Sapronov,-2,0,30,42,-12,72,2021-09-08 22:00:00,529668
V Chernov_126788,V Chernov,2,1,40,32,8,72,2021-09-08 22:02:00,529669
Vasiliy Smyk_1130555672,Vasiliy Smyk,-3,0,20,33,-13,53,2021-09-08 22:05:00,529670
Mykola Polysynskyi_173194,Mykola Polysynskyi,1,1,44,43,1,87,2021-09-08 22:05:00,529671
Vadym Nechyporuk_346488179,Vadym Nechyporuk,1,1,40,46,-6,86,2021-09-08 22:10:00,529672
Volodymyr Melnykov_173209,Volodymyr Melnykov,1,1,49,47,2,96,2021-09-08 22:10:00,529673
Bohdan Yurka_173224,Bohdan Yurka,-3,0,22,33,-11,55,2021-09-08 22:15:00,529674
Anton Molochko_2111346467,Anton Molochko,2,1,49,44,5,93,2021-09-08 22:15:00,529675
D Tunitsyn_126754,D Tunitsyn,-2,0,40,45,-5,85,2021-09-08 22:15:00,529676
A Sirotkin_126822,A Sirotkin,2,1,37,33,4,70,2021-09-08 22:16:00,529677
Oleh Bindas_173165,Oleh Bindas,-1,0,54,53,1,107,2021-09-08 22:20:00,529678
Yurii Kurishchenko_173247,Yurii Kurishchenko,3,1,33,19,14,52,2021-09-08 22:20:00,529679
Vitaliy Khamurda_1406673276,Vitaliy Khamurda,-3,0,25,33,-8,58,2021-09-08 22:20:00,529680
Oleksandr Shchytka_615273413,Oleksandr Shchytka,-3,0,19,33,-14,52,2021-09-08 22:25:00,529681
Vitalii Kyilo_173238,Vitalii Kyilo,-1,0,46,53,-7,99,2021-09-08 22:25:00,529682
E Makarenkov_126971,E Makarenkov,-3,0,9,33,-24,42,2021-09-08 22:30:00,529683
Z Bilek_28458,Z Bilek,3,1,37,27,10,64,2021-09-08 22:30:00,529684
Illia Yanishevskiy_566613752,Illia Yanishevskiy,-3,0,13,33,-20,46,2021-09-08 22:30:00,529685
Jan Zaloudik_173297,Jan Zaloudik,-3,0,26,34,-8,60,2021-09-08 22:30:00,529686
Artem Lisechko_173195,Artem Lisechko,-3,0,16,33,-17,49,2021-09-08 22:35:00,529687
Serhii Solomko_173210,Serhii Solomko,2,1,46,37,9,83,2021-09-08 22:40:00,529688
Nazarii Hrytsyienko_1639984218,Nazarii Hrytsyienko,1,1,53,43,10,96,2021-09-08 22:45:00,529689
Vladyslav Stukalov_173225,Vladyslav Stukalov,-2,0,31,40,-9,71,2021-09-08 22:45:00,529690
I Afanasev_126973,I Afanasev,-3,0,15,33,-18,48,2021-09-08 22:47:00,529691
B Grebenyuk_126975,B Grebenyuk,2,1,41,27,14,68,2021-09-08 22:50:00,529692
Dmytro Lazuryk_173248,Dmytro Lazuryk,-2,0,37,41,-4,78,2021-09-08 22:50:00,529693
Borys Kostiuk_173239,Borys Kostiuk,-3,0,30,36,-6,66,2021-09-08 22:55:00,529694
Jaromir Zlamal_173298,Jaromir Zlamal,-3,0,17,33,-16,50,2021-09-08 23:00:00,529695
I Zemit_126972,I Zemit,1,1,48,45,3,93,2021-09-08 23:00:00,529696
P Gireth_28459,P Gireth,-3,0,25,34,-9,59,2021-09-08 23:00:00,529697
Illia Yanishevskiy_144058260,Illia Yanishevskiy,-1,0,39,45,-6,84,2021-09-08 23:00:00,529698
Serhii Kiilo_143973006,Serhii Kiilo,-1,0,49,44,5,93,2021-09-08 23:05:00,529699
D Tunitsyn_126976,D Tunitsyn,3,1,33,20,13,53,2021-09-08 23:15:00,529700
A Sirotkin_126974,A Sirotkin,-1,0,41,50,-9,91,2021-09-08 23:15:00,529701
Illia Udod_173249,Illia Udod,-2,0,35,42,-7,77,2021-09-08 23:20:00,529702
Ruslan Onishchenko_173240,Ruslan Onishchenko,1,1,54,47,7,101,2021-09-08 23:25:00,529703
Jan Zaloudik_173299,Jan Zaloudik,-3,0,18,33,-15,51,2021-09-08 23:30:00,529704
R Rose_28460,R Rose,-3,0,23,33,-10,56,2021-09-08 23:30:00,529705
Oleksandr Yarovoi_1348536667,Oleksandr Yarovoi,-1,0,49,47,2,96,2021-09-08 23:35:00,529706
V Safonov_126789,V Safonov,-1,0,42,47,-5,89,2021-09-08 23:41:00,529707
Roman Rybachuk_469902993,Roman Rybachuk,-1,0,45,48,-3,93,2021-09-08 23:45:00,529708
O Kutuzov_126755,O Kutuzov,-2,0,33,38,-5,71,2021-09-08 23:45:00,529709
Dmytro Gudimenko_173250,Dmytro Gudimenko,3,1,33,21,12,54,2021-09-08 23:50:00,529710
D Sayanov_126823,D Sayanov,2,1,48,29,19,77,2021-09-08 23:51:00,529711
A Serebrennikov_96715,A Serebrennikov,3,1,34,23,11,57,2021-10-01 00:00:00,529712
Oleksandr Shchytka_929174158,Oleksandr Shchytka,-2,0,35,42,-7,77,2021-10-01 00:00:00,529713
I Mihaylov_96786,I Mihaylov,2,1,41,36,5,77,2021-10-01 00:17:00,529714
Va Ivanov_96770,Va Ivanov,-2,0,37,42,-5,79,2021-10-01 00:18:00,529715
D Ignatev_96716,D Ignatev,1,1,49,51,-2,100,2021-10-01 00:30:00,529716
Dmytro Belanchyk_1886880846,Dmytro Belanchyk,-1,0,47,52,-5,99,2021-10-01 00:30:00,529717
A Volkov_96771,A Volkov,-2,0,29,40,-11,69,2021-10-01 00:47:00,529718
O Kutuzov_96787,O Kutuzov,2,1,42,29,13,71,2021-10-01 00:49:00,529719
Oleksandr Shchytka_230037420,Oleksandr Shchytka,-3,0,20,33,-13,53,2021-10-01 01:00:00,529720
N Zhurba_96717,N Zhurba,-3,0,21,33,-12,54,2021-10-01 01:05:00,529721
K Churin_96788,K Churin,1,1,49,47,2,96,2021-10-01 01:16:00,529722
N Lyfenko_96772,N Lyfenko,3,1,36,26,10,62,2021-10-01 01:16:00,529723
Oleksandr Hubarev_124156372,Oleksandr Hubarev,-2,0,26,40,-14,66,2021-10-01 01:30:00,529724
A Serebrennikov_96718,A Serebrennikov,-1,0,51,47,4,98,2021-10-01 01:31:00,529725
Va Ivanov_96773,Va Ivanov,2,1,38,28,10,66,2021-10-01 01:46:00,529726
I Mihaylov_96789,I Mihaylov,-2,0,36,45,-9,81,2021-10-01 01:53:00,529727
Oleksandr Shchytka_1620016848,Oleksandr Shchytka,3,1,33,18,15,51,2021-10-01 02:00:00,529728
N Zhurba_96719,N Zhurba,-2,0,30,39,-9,69,2021-10-01 02:05:00,529729
N Lyfenko_96774,N Lyfenko,1,1,50,42,8,92,2021-10-01 02:19:00,529730
K Churin_96790,K Churin,2,1,41,27,14,68,2021-10-01 02:21:00,529731
Dmytro Belanchyk_393597007,Dmytro Belanchyk,-2,0,31,40,-9,71,2021-10-01 02:30:00,529732
T Turabekov_96720,T Turabekov,-3,0,22,33,-11,55,2021-10-01 02:31:00,529733
O Shagarov_96775,O Shagarov,-2,0,33,43,-10,76,2021-10-01 02:46:00,529734
D Korneev_96791,D Korneev,3,1,33,16,17,49,2021-10-01 02:47:00,529735
Oleksandr Shchytka_944818259,Oleksandr Shchytka,3,1,38,32,6,70,2021-10-01 03:00:00,529736
D Ignatev_96721,D Ignatev,-2,0,39,48,-9,87,2021-10-01 03:01:00,529737
O Kutuzov_96792,O Kutuzov,1,1,50,45,5,95,2021-10-01 03:14:00,529738
A Volkov_96776,A Volkov,2,1,43,34,9,77,2021-10-01 03:18:00,529739
Dmytro Belanchyk_1887052015,Dmytro Belanchyk,-2,0,40,48,-8,88,2021-10-01 03:30:00,529740
R Pavlenko_96722,R Pavlenko,-3,0,29,37,-8,66,2021-10-01 03:32:00,529741
V Safonov_96777,V Safonov,3,1,34,16,18,50,2021-10-01 03:45:00,529742
V Shirshov_96793,V Shirshov,1,1,45,39,6,84,2021-10-01 03:45:00,529743
Oleksandr Shchytka_230214991,Oleksandr Shchytka,-3,0,26,33,-7,59,2021-10-01 04:00:00,529744
T Turabekov_96723,T Turabekov,-1,0,49,46,3,95,2021-10-01 04:01:00,529745
D Korneev_96794,D Korneev,1,1,52,46,6,98,2021-10-01 04:16:00,529746
O Shagarov_96778,O Shagarov,3,1,33,11,22,44,2021-10-01 04:18:00,529747
Oleksandr Hubarev_123909105,Oleksandr Hubarev,-3,0,24,33,-9,57,2021-10-01 04:30:00,529748
T Turabekov_96933,T Turabekov,2,1,39,38,1,77,2021-10-01 04:41:00,529749
O Shagarov_96935,O Shagarov,1,1,55,50,5,105,2021-10-01 04:45:00,529750
I Mihaylov_96937,I Mihaylov,-3,0,28,35,-7,63,2021-10-01 04:53:00,529751
D Ignatev_96934,D Ignatev,-2,0,29,40,-11,69,2021-10-01 05:03:00,529752
O Kutuzov_96938,O Kutuzov,-2,0,32,44,-12,76,2021-10-01 05:14:00,529753
N Lyfenko_96936,N Lyfenko,2,1,40,29,11,69,2021-10-01 05:29:00,529754
I Sergeevich_96831,I Sergeevich,2,1,42,26,16,68,2021-10-01 07:31:00,529755
V Mishakin_96813,V Mishakin,3,1,36,22,14,58,2021-10-01 07:45:00,529756
S Homutov_96871,S Homutov,-2,0,33,40,-7,73,2021-10-01 07:47:00,529757
Anton Molochko_790440797,Anton Molochko,-1,0,47,47,0,94,2021-10-01 07:50:00,529758
Konstantin Makarchuk_2001869163,Konstantin Makarchuk,-3,0,19,33,-14,52,2021-10-01 07:55:00,529759
S Muslikov_96832,S Muslikov,2,1,45,34,11,79,2021-10-01 08:00:00,529760
A Shmakov_96814,A Shmakov,-3,0,19,34,-15,53,2021-10-01 08:15:00,529761
I Poletaev_96872,I Poletaev,-1,0,41,53,-12,94,2021-10-01 08:16:00,529762
Serhii Hohenko_1189354215,Serhii Hohenko,3,1,33,24,9,57,2021-10-01 08:25:00,529763
Vladyslav Volokhov_483883535,Vladyslav Volokhov,2,1,39,36,3,75,2021-10-01 08:30:00,529764
Oleksandr Seluchenko_590671328,Oleksandr Seluchenko,2,1,42,36,6,78,2021-10-01 08:35:00,529765
A Kolmin_96833,A Kolmin,3,1,33,16,17,49,2021-10-01 08:35:00,529766
Viktoria Kurtenko_358216833,Viktoria Kurtenko,1,1,53,41,12,94,2021-10-01 08:40:00,529767
Volodymyr Tuchkevych_326446462,Volodymyr Tuchkevych,-3,0,11,33,-22,44,2021-10-01 08:45:00,529768
K Olshakov_96873,K Olshakov,-3,0,22,33,-11,55,2021-10-01 08:45:00,529769
A Sadkov_96815,A Sadkov,-3,0,20,33,-13,53,2021-10-01 08:45:00,529770
Oleksandr Levchenko_718348164,Oleksandr Levchenko,2,1,40,36,4,76,2021-10-01 08:50:00,529771
Yevhen Pysmennyi_1911371047,Yevhen Pysmennyi,1,1,52,42,10,94,2021-10-01 08:55:00,529772
Oleksandr Tkachenko_40703587,Oleksandr Tkachenko,1,1,49,48,1,97,2021-10-01 09:00:00,529773
E Anisimov_96834,E Anisimov,-2,0,32,38,-6,70,2021-10-01 09:00:00,529774
Oleksandr Zhuravlov_795662959,Oleksandr Zhuravlov,-2,0,34,42,-8,76,2021-10-01 09:05:00,529775
Tymur Kozenkov_4011423,Tymur Kozenkov,-3,0,22,33,-11,55,2021-10-01 09:10:00,529776
V Staroverov_96816,V Staroverov,2,1,35,35,0,70,2021-10-01 09:15:00,529777
Karina Zavinovskaya_439503420,Karina Zavinovskaya,1,1,61,60,1,121,2021-10-01 09:15:00,529778
S Skotnikov_96874,S Skotnikov,-2,0,26,42,-16,68,2021-10-01 09:16:00,529779
Oleksandr Kuharchuk_758456203,Oleksandr Kuharchuk,-3,0,26,35,-9,61,2021-10-01 09:20:00,529780
Yaroslav Tebenko_103482025,Yaroslav Tebenko,-1,0,40,49,-9,89,2021-10-01 09:25:00,529781
A Kolmin_96835,A Kolmin,1,1,48,39,9,87,2021-10-01 09:30:00,529782
Davyd Symonchuk_157958785,Davyd Symonchuk,3,1,33,19,14,52,2021-10-01 09:30:00,529783
Serhii Hohenko_1806325367,Serhii Hohenko,-3,0,20,33,-13,53,2021-10-01 09:35:00,529784
Vladyslav Volokhov_518852893,Vladyslav Volokhov,2,1,38,34,4,72,2021-10-01 09:40:00,529785
A Sadkov_96817,A Sadkov,-1,0,44,49,-5,93,2021-10-01 09:44:00,529786
K Olshakov_96875,K Olshakov,-3,0,20,33,-13,53,2021-10-01 09:45:00,529787
Oleksandr Seluchenko_570727245,Oleksandr Seluchenko,-2,0,34,44,-10,78,2021-10-01 09:45:00,529788
Viktoria Kurtenko_2108287142,Viktoria Kurtenko,3,1,33,14,19,47,2021-10-01 09:50:00,529789
Volodymyr Tuchkevych_344199455,Volodymyr Tuchkevych,1,1,53,47,6,100,2021-10-01 09:55:00,529790
Oleksandr Levchenko_387452391,Oleksandr Levchenko,3,1,33,25,8,58,2021-10-01 10:00:00,529791
Oleksandr Zhukovskyi_1010483673,Oleksandr Zhukovskyi,2,1,43,30,13,73,2021-10-01 10:05:00,529792
S Muslikov_96836,S Muslikov,2,1,38,28,10,66,2021-10-01 10:06:00,529793
Anton Molochko_1730561343,Anton Molochko,-1,0,44,50,-6,94,2021-10-01 10:10:00,529794
I Poletaev_96876,I Poletaev,-2,0,39,44,-5,83,2021-10-01 10:15:00,529795
Konstantin Makarchuk_829465052,Konstantin Makarchuk,-2,0,35,45,-10,80,2021-10-01 10:15:00,529796
A Shmakov_96818,A Shmakov,-2,0,29,43,-14,72,2021-10-01 10:15:00,529797
Vitalii Krivenko_2088691124,Vitalii Krivenko,3,1,37,31,6,68,2021-10-01 10:20:00,529798
Veronika Andriushchenko_2087718070,Veronika Andriushchenko,3,1,33,15,18,48,2021-10-01 10:25:00,529799
Mykola Tovkach_2121425192,Mykola Tovkach,-3,0,26,37,-11,63,2021-10-01 10:30:00,529800
Dmytro Kalyniuk_469142289,Dmytro Kalyniuk,3,1,37,29,8,66,2021-10-01 10:35:00,529801
E Anisimov_96941,E Anisimov,1,1,51,44,7,95,2021-10-01 10:35:00,529802
Davyd Symonchuk_599862210,Davyd Symonchuk,-3,0,22,36,-14,58,2021-10-01 10:40:00,529803
A Shmakov_96939,A Shmakov,3,1,34,23,11,57,2021-10-01 10:45:00,529804
Oleksandr Levadnyi_1535872522,Oleksandr Levadnyi,1,1,43,46,-3,89,2021-10-01 10:45:00,529805
Prokhor Puhach_122447062,Prokhor Puhach,3,1,36,24,12,60,2021-10-01 10:50:00,529806
K Olshakov_96943,K Olshakov,-3,0,21,34,-13,55,2021-10-01 10:53:00,529807
Tymur Kozenkov_440175191,Tymur Kozenkov,-3,0,14,33,-19,47,2021-10-01 10:55:00,529808
Karina Zavinovskaya_1904788375,Karina Zavinovskaya,-2,0,31,42,-11,73,2021-10-01 11:00:00,529809
Jr. Mecl_21605,Jr. Mecl,1,1,51,49,2,100,2021-10-01 11:02:00,529810
A Kolmin_96942,A Kolmin,-3,0,30,36,-6,66,2021-10-01 11:05:00,529811
Oleksandr Kuharchuk_1297388481,Oleksandr Kuharchuk,3,1,34,24,10,58,2021-10-01 11:05:00,529812
Yaroslav Tebenko_959867500,Yaroslav Tebenko,1,1,50,44,6,94,2021-10-01 11:10:00,529813
Yevhen Pysmennyi_636384600,Yevhen Pysmennyi,-3,0,22,33,-11,55,2021-10-01 11:15:00,529814
V Staroverov_96940,V Staroverov,-3,0,31,39,-8,70,2021-10-01 11:15:00,529815
S Skotnikov_96944,S Skotnikov,2,1,41,37,4,78,2021-10-01 11:16:00,529816
Oleksandr Tkachenko_960795665,Oleksandr Tkachenko,2,1,40,36,4,76,2021-10-01 11:20:00,529817
Oleksandr Zhuravlov_19941449,Oleksandr Zhuravlov,2,1,45,40,5,85,2021-10-01 11:25:00,529818
Oleksandr Seluchenko_1203010373,Oleksandr Seluchenko,2,1,42,33,9,75,2021-10-01 11:30:00,529819
P Bradac_21606,P Bradac,3,1,35,24,11,59,2021-10-01 11:30:00,529820
O Kutuzov_96837,O Kutuzov,-1,0,43,53,-10,96,2021-10-01 11:33:00,529821
Viktoria Kurtenko_1441880624,Viktoria Kurtenko,-1,0,46,50,-4,96,2021-10-01 11:35:00,529822
Volodymyr Tuchkevych_1256125032,Volodymyr Tuchkevych,-3,0,17,33,-16,50,2021-10-01 11:40:00,529823
I Kovalev_96819,I Kovalev,-3,0,22,33,-11,55,2021-10-01 11:45:00,529824
Oleksandr Levchenko_1393775503,Oleksandr Levchenko,-3,0,21,33,-12,54,2021-10-01 11:45:00,529825
I Buyanin_96877,I Buyanin,-1,0,41,50,-9,91,2021-10-01 11:47:00,529826
Sergey Filatov_337738245,Sergey Filatov,-3,0,28,35,-7,63,2021-10-01 11:50:00,529827
Serhii Hohenko_1241923013,Serhii Hohenko,2,1,37,36,1,73,2021-10-01 11:55:00,529828
F Pusch_21607,F Pusch,3,1,33,21,12,54,2021-10-01 12:00:00,529829
Vladyslav Volokhov_389183618,Vladyslav Volokhov,-3,0,22,33,-11,55,2021-10-01 12:00:00,529830
I Abelmasov_96838,I Abelmasov,-1,0,36,52,-16,88,2021-10-01 12:04:00,529831
Vitalii Krivenko_903289988,Vitalii Krivenko,2,1,37,32,5,69,2021-10-01 12:05:00,529832
Veronika Andriushchenko_1090034627,Veronika Andriushchenko,1,1,53,48,5,101,2021-10-01 12:10:00,529833
Mykola Tovkach_1703081964,Mykola Tovkach,-1,0,47,51,-4,98,2021-10-01 12:15:00,529834
E Shishko_96820,E Shishko,3,1,33,17,16,50,2021-10-01 12:15:00,529835
O Suharkov_96878,O Suharkov,2,1,47,38,9,85,2021-10-01 12:18:00,529836
Dmytro Kalyniuk_1908751664,Dmytro Kalyniuk,2,1,42,30,12,72,2021-10-01 12:20:00,529837
Oleksandr Zhukovskyi_551910782,Oleksandr Zhukovskyi,-2,0,29,40,-11,69,2021-10-01 12:25:00,529838
Jr. Obeslo_21608,Jr. Obeslo,-1,0,49,51,-2,100,2021-10-01 12:30:00,529839
Anton Molochko_166922899,Anton Molochko,1,1,53,47,6,100,2021-10-01 12:30:00,529840
A Tretyakov_96839,A Tretyakov,2,1,39,36,3,75,2021-10-01 12:31:00,529841
Konstantin Makarchuk_201501213,Konstantin Makarchuk,-2,0,35,44,-9,79,2021-10-01 12:35:00,529842
Tymur Kozenkov_1882379746,Tymur Kozenkov,2,1,43,32,11,75,2021-10-01 12:40:00,529843
A Frolov_96821,A Frolov,-1,0,38,52,-14,90,2021-10-01 12:44:00,529844
Karina Zavinovskaya_1589049882,Karina Zavinovskaya,-3,0,18,33,-15,51,2021-10-01 12:45:00,529845
Ya Bazhinov_96879,Ya Bazhinov,2,1,43,29,14,72,2021-10-01 12:48:00,529846
Oleksandr Kuharchuk_1935554043,Oleksandr Kuharchuk,1,1,56,56,0,112,2021-10-01 12:50:00,529847
Yaroslav Tebenko_367037621,Yaroslav Tebenko,1,1,52,49,3,101,2021-10-01 12:55:00,529848
Davyd Symonchuk_1450967230,Davyd Symonchuk,-1,0,40,49,-9,89,2021-10-01 13:00:00,529849
A Kuznetsov_96840,A Kuznetsov,3,1,33,21,12,54,2021-10-01 13:00:00,529850
F Pusch_21609,F Pusch,-2,0,32,40,-8,72,2021-10-01 13:02:00,529851
Oleksandr Levadnyi_1217260417,Oleksandr Levadnyi,1,1,44,46,-2,90,2021-10-01 13:05:00,529852
Prokhor Puhach_29510091,Prokhor Puhach,3,1,37,28,9,65,2021-10-01 13:10:00,529853
S Bilyuga_96822,S Bilyuga,2,1,44,35,9,79,2021-10-01 13:14:00,529854
M Pronkin_96880,M Pronkin,3,1,33,22,11,55,2021-10-01 13:15:00,529855
Dmytro Baistriuchenko_518284432,Dmytro Baistriuchenko,-2,0,31,43,-12,74,2021-10-01 13:15:00,529856
Olena Telezhynska_1042104196,Olena Telezhynska,-2,0,32,39,-7,71,2021-10-01 13:20:00,529857
Serhii Hilitukha_533437113,Serhii Hilitukha,2,1,43,37,6,80,2021-10-01 13:25:00,529858
Ihor Syniavskyi_1643410359,Ihor Syniavskyi,-3,0,26,38,-12,64,2021-10-01 13:30:00,529859
P Bradac_21610,P Bradac,3,1,34,22,12,56,2021-10-01 13:30:00,529860
A Tretyakov_96841,A Tretyakov,-3,0,24,34,-10,58,2021-10-01 13:31:00,529861
Yevhen Pysmennyi_809080649,Yevhen Pysmennyi,-3,0,21,33,-12,54,2021-10-01 13:35:00,529862
Oleksandr Tkachenko_2142560607,Oleksandr Tkachenko,-1,0,46,44,2,90,2021-10-01 13:40:00,529863
A Frolov_96823,A Frolov,1,1,55,54,1,109,2021-10-01 13:45:00,529864
Oleksandr Zhuravlov_507666195,Oleksandr Zhuravlov,-1,0,54,43,11,97,2021-10-01 13:45:00,529865
Ya Bazhinov_96881,Ya Bazhinov,-3,0,33,40,-7,73,2021-10-01 13:47:00,529866
Oleksandr Seluchenko_1213007407,Oleksandr Seluchenko,2,1,39,30,9,69,2021-10-01 13:50:00,529867
Viktoria Kurtenko_1775553792,Viktoria Kurtenko,-1,0,51,50,1,101,2021-10-01 13:55:00,529868
Volodymyr Tuchkevych_1597265970,Volodymyr Tuchkevych,-3,0,24,34,-10,58,2021-10-01 14:00:00,529869
I Abelmasov_96842,I Abelmasov,-2,0,31,42,-11,73,2021-10-01 14:00:00,529870
Jr. Mecl_21652,Jr. Mecl,-1,0,51,53,-2,104,2021-10-01 14:01:00,529871
Oleksandr Levchenko_925462038,Oleksandr Levchenko,-1,0,39,42,-3,81,2021-10-01 14:05:00,529872
Sergey Filatov_1088828834,Sergey Filatov,-2,0,28,40,-12,68,2021-10-01 14:10:00,529873
Anton Molochko_1000845639,Anton Molochko,-3,0,20,33,-13,53,2021-10-01 14:15:00,529874
O Suharkov_96882,O Suharkov,-2,0,42,47,-5,89,2021-10-01 14:15:00,529875
E Shishko_96824,E Shishko,3,1,34,27,7,61,2021-10-01 14:16:00,529876
Konstantin Makarchuk_312578180,Konstantin Makarchuk,1,1,46,42,4,88,2021-10-01 14:20:00,529877
Tymur Kozenkov_103002523,Tymur Kozenkov,3,1,33,21,12,54,2021-10-01 14:25:00,529878
Jr. Obeslo_21651,Jr. Obeslo,2,1,43,31,12,74,2021-10-01 14:29:00,529879
I Abelmasov_96975,I Abelmasov,-1,0,56,51,5,107,2021-10-01 14:30:00,529880
Anna Miklukha_1545281535,Anna Miklukha,-1,0,55,49,6,104,2021-10-01 14:30:00,529881
Volodymyr Tuchkevych_234387797,Volodymyr Tuchkevych,3,1,33,20,13,53,2021-10-01 14:35:00,529882
Yevhenii Faflei_1326008627,Yevhenii Faflei,3,1,34,23,11,57,2021-10-01 14:40:00,529883
Oleksandr Zhukovskyi_342555788,Oleksandr Zhukovskyi,2,1,45,36,9,81,2021-10-01 14:45:00,529884
I Kovalev_96977,I Kovalev,3,1,35,27,8,62,2021-10-01 14:46:00,529885
Lev Kats_1780505523,Lev Kats,-2,0,26,39,-13,65,2021-10-01 14:50:00,529886
O Suharkov_96985,O Suharkov,3,1,33,25,8,58,2021-10-01 14:53:00,529887
Oleksandr Yarovoi_586371218,Oleksandr Yarovoi,-1,0,41,52,-11,93,2021-10-01 14:55:00,529888
Oleksandr Seluchenko_733759551,Oleksandr Seluchenko,-3,0,16,33,-17,49,2021-10-01 15:00:00,529889
A Tretyakov_96976,A Tretyakov,-1,0,48,51,-3,99,2021-10-01 15:05:00,529890
Viktoria Kurtenko_1364069835,Viktoria Kurtenko,-2,0,26,39,-13,65,2021-10-01 15:05:00,529891
Serhii Hilitukha_1552039068,Serhii Hilitukha,-3,0,18,33,-15,51,2021-10-01 15:10:00,529892
Yaroslav Tebenko_1893946327,Yaroslav Tebenko,3,1,34,25,9,59,2021-10-01 15:15:00,529893
E Shishko_96978,E Shishko,-1,0,41,47,-6,88,2021-10-01 15:15:00,529894
I Buyanin_96986,I Buyanin,2,1,43,38,5,81,2021-10-01 15:16:00,529895
Yevhen Pysmennyi_632169319,Yevhen Pysmennyi,3,1,33,20,13,53,2021-10-01 15:20:00,529896
Anton Molochko_1185648029,Anton Molochko,3,1,33,19,14,52,2021-10-01 15:25:00,529897
Konstantin Makarchuk_1564470566,Konstantin Makarchuk,-2,0,34,44,-10,78,2021-10-01 15:30:00,529898
Andrii Baklykov_2123363551,Andrii Baklykov,2,1,39,36,3,75,2021-10-01 15:35:00,529899
M Sverdlov_96843,M Sverdlov,3,1,33,21,12,54,2021-10-01 15:39:00,529900
Daniil Gabrelian_1320987286,Daniil Gabrelian,-2,0,33,41,-8,74,2021-10-01 15:40:00,529901
A Grossu_21611,A Grossu,-2,0,29,43,-14,72,2021-10-01 15:40:00,529902
V Petrov_96883,V Petrov,-3,0,15,33,-18,48,2021-10-01 15:46:00,529903
E Golovachev_96825,E Golovachev,2,1,42,33,9,75,2021-10-01 15:48:00,529904
Nazarii Danyliuk_427926673,Nazarii Danyliuk,2,1,45,31,14,76,2021-10-01 15:50:00,529905
Hlib Yakovliev_1905107317,Hlib Yakovliev,-2,0,33,41,-8,74,2021-10-01 15:55:00,529906
Serhii Hohenko_266195525,Serhii Hohenko,1,1,53,40,13,93,2021-10-01 16:00:00,529907
M Gusev_96844,M Gusev,3,1,33,20,13,53,2021-10-01 16:00:00,529908
Vladyslav Volokhov_445691001,Vladyslav Volokhov,-3,0,23,33,-10,56,2021-10-01 16:05:00,529909
Vitalii Shaban_284483784,Vitalii Shaban,-2,0,27,42,-15,69,2021-10-01 16:10:00,529910
Z Bilek_21612,Z Bilek,-3,0,20,33,-13,53,2021-10-01 16:12:00,529911
A Innazarov_96884,A Innazarov,-3,0,22,37,-15,59,2021-10-01 16:15:00,529912
Serhii Dibrova_160392356,Serhii Dibrova,3,1,33,23,10,56,2021-10-01 16:15:00,529913
I Tolmachev_96826,I Tolmachev,3,1,34,25,9,59,2021-10-01 16:16:00,529914
Ruslan Novak_2055104144,Ruslan Novak,-1,0,45,50,-5,95,2021-10-01 16:20:00,529915
Vasyl Kushnir_597148780,Vasyl Kushnir,2,1,45,37,8,82,2021-10-01 16:25:00,529916
Yevhen Pysmennyi_921988268,Yevhen Pysmennyi,3,1,37,25,12,62,2021-10-01 16:30:00,529917
M Chernyavskiy_96845,M Chernyavskiy,3,1,33,16,17,49,2021-10-01 16:30:00,529918
M Stusek_21613,M Stusek,3,1,33,20,13,53,2021-10-01 16:33:00,529919
Lev Kats_353462729,Lev Kats,-1,0,48,56,-8,104,2021-10-01 16:35:00,529920
Konstantin Makarchuk_1901552475,Konstantin Makarchuk,-3,0,24,34,-10,58,2021-10-01 16:40:00,529921
removed Player_96885,removed Player,-1,0,44,43,1,87,2021-10-01 16:45:00,529922
Andrii Baklykov_210940674,Andrii Baklykov,2,1,41,33,8,74,2021-10-01 16:45:00,529923
K Nosov_96827,K Nosov,3,1,33,19,14,52,2021-10-01 16:47:00,529924
Daniil Gabrelian_141334994,Daniil Gabrelian,-3,0,20,33,-13,53,2021-10-01 16:50:00,529925
Serhii Berezynskyi_234027354,Serhii Berezynskyi,1,1,50,47,3,97,2021-10-01 16:55:00,529926
A Yakovlev_96846,A Yakovlev,2,1,43,32,11,75,2021-10-01 16:59:00,529927
Nazarii Danyliuk_1260713112,Nazarii Danyliuk,-2,0,36,43,-7,79,2021-10-01 17:00:00,529928
Ja Zajicek_21614,Ja Zajicek,-2,0,31,40,-9,71,2021-10-01 17:01:00,529929
Davyd Symonchuk_1256855197,Davyd Symonchuk,-3,0,21,33,-12,54,2021-10-01 17:05:00,529930
Anton Molochko_686730128,Anton Molochko,2,1,37,26,11,63,2021-10-01 17:10:00,529931
Serhii Kiilo_1301649154,Serhii Kiilo,3,1,33,22,11,55,2021-10-01 17:15:00,529932
E Kabanov_96886,E Kabanov,1,1,52,48,4,100,2021-10-01 17:16:00,529933
S Mashkin_96828,S Mashkin,2,1,40,33,7,73,2021-10-01 17:16:00,529934
Yevhen Masko_634192297,Yevhen Masko,2,1,43,35,8,78,2021-10-01 17:20:00,529935
Andrey Guchok_1853463634,Andrey Guchok,-3,0,6,33,-27,39,2021-10-01 17:25:00,529936
M Chernyavskiy_96847,M Chernyavskiy,-1,0,42,40,2,82,2021-10-01 17:29:00,529937
Ruslan Novak_1816140091,Ruslan Novak,1,1,53,48,5,101,2021-10-01 17:30:00,529938
Volodymyr Plishylo_1984738612,Volodymyr Plishylo,-3,0,25,34,-9,59,2021-10-01 17:35:00,529939
M Stusek_21615,M Stusek,-1,0,45,45,0,90,2021-10-01 17:35:00,529940
Davyd Symonchuk_2113950146,Davyd Symonchuk,2,1,41,34,7,75,2021-10-01 17:40:00,529941
K Nosov_96829,K Nosov,-3,0,33,41,-8,74,2021-10-01 17:45:00,529942
Oleksandr Tkachenko_1343992801,Oleksandr Tkachenko,1,1,41,43,-2,84,2021-10-01 17:45:00,529943
removed Player_96887,removed Player,1,1,48,43,5,91,2021-10-01 17:46:00,529944
Oleksandr Zhuravlov_460563260,Oleksandr Zhuravlov,-2,0,40,49,-9,89,2021-10-01 17:50:00,529945
Vitalii Shaban_304925123,Vitalii Shaban,1,1,51,42,9,93,2021-10-01 17:55:00,529946
Serhii Dibrova_987343190,Serhii Dibrova,-1,0,42,49,-7,91,2021-10-01 18:00:00,529947
M Gusev_96848,M Gusev,-1,0,40,55,-15,95,2021-10-01 18:00:00,529948
Serhii Berezynskyi_1808386096,Serhii Berezynskyi,-3,0,23,34,-11,57,2021-10-01 18:05:00,529949
Vasyl Kushnir_549031819,Vasyl Kushnir,-1,0,46,52,-6,98,2021-10-01 18:10:00,529950
Z Bilek_21616,Z Bilek,-1,0,39,45,-6,84,2021-10-01 18:15:00,529951
Hlib Yakovliev_1651379466,Hlib Yakovliev,3,1,35,26,9,61,2021-10-01 18:15:00,529952
A Innazarov_96888,A Innazarov,-2,0,33,41,-8,74,2021-10-01 18:16:00,529953
I Tolmachev_96830,I Tolmachev,1,1,45,45,0,90,2021-10-01 18:16:00,529954
Anatolii Chaplianka_1101432115,Anatolii Chaplianka,2,1,43,32,11,75,2021-10-01 18:20:00,529955
Ivan Kozyr_1051569283,Ivan Kozyr,2,1,42,28,14,70,2021-10-01 18:25:00,529956
Andrii Baklykov_1959696853,Andrii Baklykov,-3,0,26,35,-9,61,2021-10-01 18:30:00,529957
Daniil Gabrelian_383751169,Daniil Gabrelian,2,1,42,34,8,76,2021-10-01 18:35:00,529958
Ruslan Novak_10139924,Ruslan Novak,-2,0,35,40,-5,75,2021-10-01 18:40:00,529959
M Chernyavskiy_97021,M Chernyavskiy,-2,0,29,41,-12,70,2021-10-01 18:43:00,529960
Nazarii Danyliuk_1786106971,Nazarii Danyliuk,2,1,38,32,6,70,2021-10-01 18:45:00,529961
K Nosov_97025,K Nosov,-3,0,20,33,-13,53,2021-10-01 18:45:00,529962
A Innazarov_97024,A Innazarov,-2,0,40,45,-5,85,2021-10-01 18:47:00,529963
A Grossu_21653,A Grossu,-1,0,35,44,-9,79,2021-10-01 18:48:00,529964
Oleksandr Zhukovskyi_1874660712,Oleksandr Zhukovskyi,-2,0,34,45,-11,79,2021-10-01 18:50:00,529965
Viacheslav Kovalenko_1284697511,Viacheslav Kovalenko,2,1,42,27,15,69,2021-10-01 18:55:00,529966
Ivan Kozyr_1193237956,Ivan Kozyr,2,1,40,25,15,65,2021-10-01 19:00:00,529967
Yevhen Masko_467046429,Yevhen Masko,1,1,50,40,10,90,2021-10-01 19:05:00,529968
A Yakovlev_97022,A Yakovlev,-2,0,33,41,-8,74,2021-10-01 19:06:00,529969
Andrey Guchok_1959343314,Andrey Guchok,2,1,39,35,4,74,2021-10-01 19:10:00,529970
Sergii Lugovskyi_913273968,Sergii Lugovskyi,3,1,33,23,10,56,2021-10-01 19:15:00,529971
E Kabanov_97023,E Kabanov,-1,0,48,52,-4,100,2021-10-01 19:16:00,529972
I Tolmachev_97026,I Tolmachev,1,1,43,50,-7,93,2021-10-01 19:16:00,529973
Ja Zajicek_21654,Ja Zajicek,-1,0,55,57,-2,112,2021-10-01 19:19:00,529974
Volodymyr Plishylo_1927251992,Volodymyr Plishylo,3,1,34,23,11,57,2021-10-01 19:20:00,529975
Anatolii Chaplianka_1517257902,Anatolii Chaplianka,-3,0,19,33,-14,52,2021-10-01 19:30:00,529976
I Zemit_96849,I Zemit,-1,0,40,49,-9,89,2021-10-01 19:31:00,529977
Igor Kozhenkov_521243722,Igor Kozhenkov,2,1,43,29,14,72,2021-10-01 19:35:00,529978
Vitalii Shaban_91731414,Vitalii Shaban,-3,0,14,33,-19,47,2021-10-01 19:40:00,529979
Serhii Dibrova_727101738,Serhii Dibrova,2,1,41,32,9,73,2021-10-01 19:45:00,529980
D Korneev_96889,D Korneev,2,1,40,34,6,74,2021-10-01 19:46:00,529981
V Bazilevskiy_96911,V Bazilevskiy,2,1,43,31,12,74,2021-10-01 19:48:00,529982
Serhii Berezynskyi_1814283864,Serhii Berezynskyi,-2,0,36,38,-2,74,2021-10-01 19:50:00,529983
Vasyl Kushnir_232415915,Vasyl Kushnir,2,1,41,34,7,75,2021-10-01 19:55:00,529984
A Vlasov_96850,A Vlasov,2,1,46,40,6,86,2021-10-01 20:03:00,529985
Viacheslav Kovalenko_1614936197,Viacheslav Kovalenko,3,1,33,16,17,49,2021-10-01 20:05:00,529986
Ivan Kozyr_432161277,Ivan Kozyr,3,1,33,14,19,47,2021-10-01 20:10:00,529987
M Bittner_21617,M Bittner,-1,0,39,40,-1,79,2021-10-01 20:13:00,529988
Volodymyr Maksiuta_1334207686,Volodymyr Maksiuta,3,1,33,21,12,54,2021-10-01 20:15:00,529989
E Kharchenko_96890,E Kharchenko,1,1,49,39,10,88,2021-10-01 20:17:00,529990
A Gribkov_96912,A Gribkov,-2,0,34,41,-7,75,2021-10-01 20:17:00,529991
Volodymyr Tsyhanenko_375699109,Volodymyr Tsyhanenko,-1,0,46,42,4,88,2021-10-01 20:20:00,529992
Ruslan Novak_794005320,Ruslan Novak,3,1,36,29,7,65,2021-10-01 20:25:00,529993
Andrii Hordii_1791063308,Andrii Hordii,-1,0,39,45,-6,84,2021-10-01 20:30:00,529994
S Burov_96851,S Burov,1,1,52,44,8,96,2021-10-01 20:31:00,529995
M-l Regner_21618,M-l Regner,3,1,37,26,11,63,2021-10-01 20:37:00,529996
Anatolii Chaplianka_975363071,Anatolii Chaplianka,3,1,33,15,18,48,2021-10-01 20:40:00,529997
I Moshkov_96913,I Moshkov,1,1,48,38,10,86,2021-10-01 20:45:00,529998
Igor Kozhenkov_1062770810,Igor Kozhenkov,-2,0,39,38,1,77,2021-10-01 20:45:00,529999
I Abelmasov_96891,I Abelmasov,-3,0,22,34,-12,56,2021-10-01 20:50:00,530000
Andrii Baklykov_398315191,Andrii Baklykov,2,1,44,35,9,79,2021-10-01 20:50:00,530001
Daniil Gabrelian_1771731246,Daniil Gabrelian,-2,0,37,44,-7,81,2021-10-01 20:55:00,530002
M Huk_21619,M Huk,-2,0,30,43,-13,73,2021-10-01 21:00:00,530003
Serhii Berezynskyi_611831393,Serhii Berezynskyi,3,1,33,24,9,57,2021-10-01 21:00:00,530004
Nazarii Danyliuk_253681750,Nazarii Danyliuk,-2,0,35,40,-5,75,2021-10-01 21:05:00,530005
V Beliakov_96852,V Beliakov,-1,0,42,47,-5,89,2021-10-01 21:05:00,530006
Viacheslav Kovalenko_115335464,Viacheslav Kovalenko,-3,0,29,36,-7,65,2021-10-01 21:15:00,530007
A Klavdenkov_96914,A Klavdenkov,1,1,49,48,1,97,2021-10-01 21:16:00,530008
A Ekzhanov_96892,A Ekzhanov,-3,0,13,33,-20,46,2021-10-01 21:17:00,530009
Anatolii Chaplianka_151339690,Anatolii Chaplianka,-3,0,23,33,-10,56,2021-10-01 21:20:00,530010
Vitalii Shaban_571735374,Vitalii Shaban,-3,0,10,33,-23,43,2021-10-01 21:25:00,530011
Daniil Gabrelian_54956088,Daniil Gabrelian,-1,0,45,46,-1,91,2021-10-01 21:30:00,530012
Jr. Mecl_21620,Jr. Mecl,2,1,36,35,1,71,2021-10-01 21:30:00,530013
Ruslan Novak_828747359,Ruslan Novak,1,1,44,44,0,88,2021-10-01 21:35:00,530014
S Burov_96853,S Burov,-2,0,37,39,-2,76,2021-10-01 21:40:00,530015
Andrii Hordii_1529778309,Andrii Hordii,-2,0,39,45,-6,84,2021-10-01 21:40:00,530016
I Abelmasov_96893,I Abelmasov,3,1,34,25,9,59,2021-10-01 21:48:00,530017
I Moshkov_96915,I Moshkov,-3,0,26,37,-11,63,2021-10-01 21:48:00,530018
Maksym Kolos_462445592,Maksym Kolos,1,1,46,45,1,91,2021-10-01 21:50:00,530019
Anatolii Chaplianka_2059533341,Anatolii Chaplianka,1,1,43,45,-2,88,2021-10-01 21:55:00,530020
Andrii Baklykov_729289443,Andrii Baklykov,1,1,46,48,-2,94,2021-10-01 22:00:00,530021
M Huk_21621,M Huk,-2,0,29,39,-10,68,2021-10-01 22:00:00,530022
Serhii Dibrova_1768760334,Serhii Dibrova,3,1,34,22,12,56,2021-10-01 22:05:00,530023
A Vlasov_96854,A Vlasov,3,1,33,16,17,49,2021-10-01 22:07:00,530024
Serhii Berezynskyi_496195816,Serhii Berezynskyi,-3,0,27,34,-7,61,2021-10-01 22:10:00,530025
Vasyl Kushnir_690504287,Vasyl Kushnir,1,1,48,35,13,83,2021-10-01 22:15:00,530026
E Kharchenko_96894,E Kharchenko,-2,0,38,42,-4,80,2021-10-01 22:17:00,530027
A Gribkov_96916,A Gribkov,2,1,39,35,4,74,2021-10-01 22:18:00,530028
Ivan Kozyr_350007316,Ivan Kozyr,2,1,43,37,6,80,2021-10-01 22:25:00,530029
M-l Regner_21622,M-l Regner,3,1,34,23,11,57,2021-10-01 22:29:00,530030
I Zemit_97059,I Zemit,-2,0,36,38,-2,74,2021-10-01 22:30:00,530031
Sergii Lugovskyi_1489287799,Sergii Lugovskyi,-3,0,22,33,-11,55,2021-10-01 22:45:00,530032
A Gribkov_97061,A Gribkov,-3,0,18,33,-15,51,2021-10-01 22:49:00,530033
A Ekzhanov_97063,A Ekzhanov,-3,0,20,34,-14,54,2021-10-01 22:51:00,530034
M Huk_21655,M Huk,-1,0,43,50,-7,93,2021-10-01 23:00:00,530035
Yaroslav Vorsuliak_1819041056,Yaroslav Vorsuliak,-2,0,33,39,-6,72,2021-10-01 23:00:00,530036
V Beliakov_97060,V Beliakov,-3,0,27,33,-6,60,2021-10-01 23:00:00,530037
E Kharchenko_97064,E Kharchenko,1,1,48,45,3,93,2021-10-01 23:15:00,530038
I Moshkov_97062,I Moshkov,-1,0,42,45,-3,87,2021-10-01 23:15:00,530039
M-l Regner_21657,M-l Regner,1,1,50,43,7,93,2021-10-01 23:30:00,530040
Petro Tsolik_1582655468,Petro Tsolik,-2,0,25,38,-13,63,2021-10-01 23:30:00,530041
D Petrov_96855,D Petrov,1,1,52,39,13,91,2021-10-01 23:31:00,530042
V Safonov_96901,V Safonov,3,1,33,21,12,54,2021-10-01 23:47:00,530043
N Tarasenkov_96917,N Tarasenkov,1,1,47,45,2,92,2021-10-01 23:49:00,530044
Ja Prokupek_22581,Ja Prokupek,-1,0,42,54,-12,96,2021-10-02 00:01:00,530045
Dmitriy Lebed_662825309,Dmitriy Lebed,-1,0,44,46,-2,90,2021-10-02 00:05:00,530046
V Putilovsky_101007,V Putilovsky,1,1,48,47,1,95,2021-10-02 00:13:00,530047
Andrii Khvysiuk_618953287,Andrii Khvysiuk,-1,0,42,49,-7,91,2021-10-02 00:15:00,530048
R Kobytov_101041,R Kobytov,-3,0,20,33,-13,53,2021-10-02 00:17:00,530049
Oleksii Hrymovskyi_119410,Oleksii Hrymovskyi,-3,0,19,35,-16,54,2021-10-02 00:20:00,530050
M Minkov_100973,M Minkov,1,1,46,49,-3,95,2021-10-02 00:21:00,530051
Serhii Tkachev_119267,Serhii Tkachev,-2,0,34,44,-10,78,2021-10-02 00:25:00,530052
M Kolar_22582,M Kolar,2,1,43,35,8,78,2021-10-02 00:30:00,530053
Viacheslav Kovalenko_68916009,Viacheslav Kovalenko,-2,0,26,39,-13,65,2021-10-02 00:35:00,530054
A Pravednov_101008,A Pravednov,-3,0,23,33,-10,56,2021-10-02 00:43:00,530055
Roman Vashchuk_2054341689,Roman Vashchuk,3,1,34,22,12,56,2021-10-02 00:45:00,530056
E Kalashnikov_101042,E Kalashnikov,1,1,44,41,3,85,2021-10-02 00:46:00,530057
Vladyslav Kurchytskyi_119411,Vladyslav Kurchytskyi,-1,0,51,51,0,102,2021-10-02 00:50:00,530058
D Korneev_100974,D Korneev,2,1,41,39,2,80,2021-10-02 00:51:00,530059
A Uezdin_101009,A Uezdin,-1,0,43,46,-3,89,2021-10-02 01:02:00,530060
J Veselka_22625,J Veselka,2,1,41,31,10,72,2021-10-02 01:03:00,530061
Dmitriy Lebed_214519628,Dmitriy Lebed,1,1,44,35,9,79,2021-10-02 01:05:00,530062
O Shagarov_101043,O Shagarov,2,1,38,29,9,67,2021-10-02 01:15:00,530063
Iurii Prokhoruk_1675069200,Iurii Prokhoruk,-1,0,44,47,-3,91,2021-10-02 01:15:00,530064
Oleksii Hrymovskyi_119412,Oleksii Hrymovskyi,-2,0,38,45,-7,83,2021-10-02 01:20:00,530065
A Ilin_100975,A Ilin,-2,0,34,42,-8,76,2021-10-02 01:21:00,530066
M Kolar_22626,M Kolar,-3,0,13,33,-20,46,2021-10-02 01:30:00,530067
V Putilovsky_101010,V Putilovsky,-2,0,27,40,-13,67,2021-10-02 01:34:00,530068
Viacheslav Kovalenko_717432736,Viacheslav Kovalenko,2,1,43,36,7,79,2021-10-02 01:35:00,530069
Andrii Khvysiuk_293516484,Andrii Khvysiuk,-3,0,21,33,-12,54,2021-10-02 01:45:00,530070
R Kobytov_101044,R Kobytov,2,1,37,22,15,59,2021-10-02 01:47:00,530071
M Minkov_100976,M Minkov,1,1,55,47,8,102,2021-10-02 01:48:00,530072
Yevhen Trunov_119413,Yevhen Trunov,2,1,41,31,10,72,2021-10-02 01:50:00,530073
A Uezdin_101011,A Uezdin,1,1,52,45,7,97,2021-10-02 02:00:00,530074
Mykhailo Presniakov_805322103,Mykhailo Presniakov,-2,0,33,41,-8,74,2021-10-02 02:05:00,530075
Roman Vashchuk_359174953,Roman Vashchuk,-2,0,26,42,-16,68,2021-10-02 02:15:00,530076
O Shagarov_101045,O Shagarov,3,1,33,13,20,46,2021-10-02 02:17:00,530077
A Ilin_100977,A Ilin,-1,0,47,46,1,93,2021-10-02 02:17:00,530078
D Ignatev_101012,D Ignatev,1,1,47,38,9,85,2021-10-02 02:34:00,530079
Viacheslav Kovalenko_1083182893,Viacheslav Kovalenko,2,1,39,28,11,67,2021-10-02 02:35:00,530080
Iurii Prokhoruk_878279302,Iurii Prokhoruk,-1,0,42,52,-10,94,2021-10-02 02:45:00,530081
A Volkov_101046,A Volkov,2,1,38,32,6,70,2021-10-02 02:47:00,530082
E Ilyukhin_100978,E Ilyukhin,-1,0,48,52,-4,100,2021-10-02 02:54:00,530083
Oleksandr Dukhovenko_119425,Oleksandr Dukhovenko,-3,0,20,33,-13,53,2021-10-02 02:55:00,530084
A Pravednov_101013,A Pravednov,2,1,43,30,13,73,2021-10-02 03:02:00,530085
Dmitriy Lebed_663002748,Dmitriy Lebed,3,1,35,16,19,51,2021-10-02 03:05:00,530086
Andrii Khvysiuk_1957548713,Andrii Khvysiuk,-2,0,30,39,-9,69,2021-10-02 03:15:00,530087
E Kalashnikov_101047,E Kalashnikov,-2,0,34,40,-6,74,2021-10-02 03:17:00,530088
Roman Malynka_119426,Roman Malynka,2,1,35,36,-1,71,2021-10-02 03:25:00,530089
D Korneev_100979,D Korneev,2,1,40,31,9,71,2021-10-02 03:26:00,530090
N Sukharnikov_101014,N Sukharnikov,-2,0,32,43,-11,75,2021-10-02 03:30:00,530091
Viacheslav Kovalenko_81300664,Viacheslav Kovalenko,-2,0,37,37,0,74,2021-10-02 03:35:00,530092
Roman Pinchuk_124963944,Roman Pinchuk,1,1,50,46,4,96,2021-10-02 03:45:00,530093
V Safonov_101048,V Safonov,-2,0,35,42,-7,77,2021-10-02 03:49:00,530094
Oleksandr Dukhovenko_119427,Oleksandr Dukhovenko,-3,0,26,35,-9,61,2021-10-02 03:55:00,530095
O Kutuzov_100980,O Kutuzov,-1,0,43,40,3,83,2021-10-02 03:56:00,530096
D Ignatev_101015,D Ignatev,-2,0,34,44,-10,78,2021-10-02 04:00:00,530097
Dmitriy Lebed_214769073,Dmitriy Lebed,1,1,43,40,3,83,2021-10-02 04:05:00,530098
A Volkov_101049,A Volkov,2,1,41,31,10,72,2021-10-02 04:15:00,530099
Roman Vashchuk_1218942662,Roman Vashchuk,2,1,42,36,6,78,2021-10-02 04:15:00,530100
E Ilyukhin_100981,E Ilyukhin,-2,0,31,39,-8,70,2021-10-02 04:20:00,530101
Volodymyr Lutskii_119428,Volodymyr Lutskii,3,1,34,23,11,57,2021-10-02 04:25:00,530102
A Uezdin_101194,A Uezdin,-3,0,14,33,-19,47,2021-10-02 04:34:00,530103
Viacheslav Kovalenko_558363641,Viacheslav Kovalenko,1,1,46,42,4,88,2021-10-02 04:35:00,530104
Andrey Guchok_1747324184,Andrey Guchok,3,1,36,30,6,66,2021-10-02 04:45:00,530105
E Kalashnikov_101196,E Kalashnikov,-1,0,45,50,-5,95,2021-10-02 04:48:00,530106
O Kutuzov_101198,O Kutuzov,1,1,49,45,4,94,2021-10-02 04:48:00,530107
Roman Malynka_119429,Roman Malynka,1,1,48,35,13,83,2021-10-02 04:55:00,530108
A Pravednov_101195,A Pravednov,-3,0,16,33,-17,49,2021-10-02 05:00:00,530109
Mykhailo Presniakov_1688282958,Mykhailo Presniakov,1,1,47,47,0,94,2021-10-02 05:05:00,530110
Roman Vashchuk_1989473537,Roman Vashchuk,-1,0,39,48,-9,87,2021-10-02 05:15:00,530111
A Volkov_101197,A Volkov,1,1,50,41,9,91,2021-10-02 05:19:00,530112
D Korneev_101199,D Korneev,2,1,43,30,13,73,2021-10-02 05:24:00,530113
Oleksandr Dukhovenko_119430,Oleksandr Dukhovenko,1,1,51,50,1,101,2021-10-02 05:25:00,530114
Roman Malynka_119431,Roman Malynka,-2,0,29,39,-10,68,2021-10-02 05:55:00,530115
Volodymyr Lutskii_119432,Volodymyr Lutskii,3,1,33,25,8,58,2021-10-02 06:25:00,530116
Oleksandr Dukhovenko_119433,Oleksandr Dukhovenko,-3,0,16,33,-17,49,2021-10-02 06:55:00,530117
Anton Yolkin_119434,Anton Yolkin,3,1,34,23,11,57,2021-10-02 07:25:00,530118
G Karpovkin_101114,G Karpovkin,-2,0,30,36,-6,66,2021-10-02 07:31:00,530119
Davyd Symonchuk_581340408,Davyd Symonchuk,-2,0,32,40,-8,72,2021-10-02 07:50:00,530120
V Sinkovskiy_101074,V Sinkovskiy,1,1,47,37,10,84,2021-10-02 07:54:00,530121
Oleksandr Ivashkin_119676,Oleksandr Ivashkin,2,1,39,29,10,68,2021-10-02 07:55:00,530122
Oleg Gavryluk_679434770,Oleg Gavryluk,2,1,44,37,7,81,2021-10-02 07:55:00,530123
O Nikiforov_101148,O Nikiforov,-2,0,30,42,-12,72,2021-10-02 07:55:00,530124
A Kononenko_101115,A Kononenko,1,1,47,46,1,93,2021-10-02 08:00:00,530125
A Arutiunyan_101149,A Arutiunyan,3,1,34,21,13,55,2021-10-02 08:21:00,530126
O Kharlakin_101075,O Kharlakin,2,1,38,35,3,73,2021-10-02 08:22:00,530127
Anton Yolkin_119677,Anton Yolkin,3,1,33,17,16,50,2021-10-02 08:25:00,530128
Volodymyr Plishylo_340005320,Volodymyr Plishylo,-1,0,36,41,-5,77,2021-10-02 08:25:00,530129
Oleksandr Hubarev_598154223,Oleksandr Hubarev,2,1,40,33,7,73,2021-10-02 08:30:00,530130
A Andreev_101116,A Andreev,-3,0,26,33,-7,59,2021-10-02 08:31:00,530131
Nazarii Hrytsyienko_758898403,Nazarii Hrytsyienko,3,1,33,17,16,50,2021-10-02 08:35:00,530132
Artem Tkachenko_205603883,Artem Tkachenko,3,1,34,18,16,52,2021-10-02 08:40:00,530133
Oleksandr Mykhalus_46066376,Oleksandr Mykhalus,3,1,33,23,10,56,2021-10-02 08:45:00,530134
R Alov_101076,R Alov,1,1,49,42,7,91,2021-10-02 08:46:00,530135
Yu Gavrilov_101150,Yu Gavrilov,2,1,44,31,13,75,2021-10-02 08:48:00,530136
Andrii Isaiev_1709014709,Andrii Isaiev,-1,0,48,54,-6,102,2021-10-02 08:50:00,530137
Vlas Barei_119435,Vlas Barei,-1,0,44,48,-4,92,2021-10-02 08:55:00,530138
Serhii Tsybulin_1265763021,Serhii Tsybulin,2,1,46,43,3,89,2021-10-02 08:55:00,530139
Pavlo Zaderei_700650075,Pavlo Zaderei,1,1,47,44,3,91,2021-10-02 08:55:00,530140
Denys Kalachevskyi_119629,Denys Kalachevskyi,2,1,39,31,8,70,2021-10-02 09:00:00,530141
Vitalii Vovk_2107033125,Vitalii Vovk,3,1,35,29,6,64,2021-10-02 09:00:00,530142
A Kolmin_101117,A Kolmin,2,1,42,27,15,69,2021-10-02 09:01:00,530143
Bohdan Zaika_1629457164,Bohdan Zaika,2,1,42,29,13,71,2021-10-02 09:05:00,530144
Andrii Kovrikov_119467,Andrii Kovrikov,-2,0,29,42,-13,71,2021-10-02 09:05:00,530145
Oleh Ilin_119617,Oleh Ilin,1,1,52,38,14,90,2021-10-02 09:10:00,530146
Anton Molochko_1228081645,Anton Molochko,2,1,41,32,9,73,2021-10-02 09:10:00,530147
Viktor Pakhniuk_119482,Viktor Pakhniuk,-2,0,34,45,-11,79,2021-10-02 09:15:00,530148
Artem Nesterenko_1515915579,Artem Nesterenko,1,1,41,40,1,81,2021-10-02 09:15:00,530149
S Simonov_101151,S Simonov,3,1,34,20,14,54,2021-10-02 09:16:00,530150
E Anisimov_101077,E Anisimov,2,1,43,41,2,84,2021-10-02 09:18:00,530151
Aleksandr Tulenin_958466323,Aleksandr Tulenin,-2,0,38,40,-2,78,2021-10-02 09:20:00,530152
Yevhenii Faflei_1430223420,Yevhenii Faflei,2,1,40,29,11,69,2021-10-02 09:25:00,530153
Andrii Mokaliuk_119436,Andrii Mokaliuk,-2,0,35,40,-5,75,2021-10-02 09:25:00,530154
Aleksandr Redkov_1112083427,Aleksandr Redkov,-1,0,45,49,-4,94,2021-10-02 09:30:00,530155
Mykyta Ruban_1845713361,Mykyta Ruban,3,1,34,24,10,58,2021-10-02 09:30:00,530156
Vladyslav Ratushniak_119630,Vladyslav Ratushniak,-3,0,16,33,-17,49,2021-10-02 09:30:00,530157
A Andreev_101118,A Andreev,3,1,33,24,9,57,2021-10-02 09:31:00,530158
Serhii Tkachev_119468,Serhii Tkachev,3,1,34,21,13,55,2021-10-02 09:35:00,530159
Volodymyr Plishylo_702343929,Volodymyr Plishylo,2,1,42,33,9,75,2021-10-02 09:35:00,530160
Oleh Ponomarenko_119618,Oleh Ponomarenko,-2,0,31,42,-11,73,2021-10-02 09:40:00,530161
Oleksandr Hubarev_2122366180,Oleksandr Hubarev,1,1,51,51,0,102,2021-10-02 09:40:00,530162
Oleg Kolivay_119483,Oleg Kolivay,2,1,43,27,16,70,2021-10-02 09:45:00,530163
Nazarii Hrytsyienko_791594986,Nazarii Hrytsyienko,-3,0,24,35,-11,59,2021-10-02 09:45:00,530164
R Alov_101078,R Alov,2,1,38,35,3,73,2021-10-02 09:47:00,530165
Yu Gavrilov_101152,Yu Gavrilov,-2,0,36,40,-4,76,2021-10-02 09:48:00,530166
Yurii Kurishchenko_119644,Yurii Kurishchenko,-3,0,20,33,-13,53,2021-10-02 09:50:00,530167
Artem Tkachenko_1379377494,Artem Tkachenko,2,1,47,37,10,84,2021-10-02 09:50:00,530168
Oleksandr Mykhalus_898308183,Oleksandr Mykhalus,-2,0,32,42,-10,74,2021-10-02 09:55:00,530169
Dmytro Kozak_119437,Dmytro Kozak,1,1,49,38,11,87,2021-10-02 09:55:00,530170
Tymur Karchevskyi_119497,Tymur Karchevskyi,-2,0,35,41,-6,76,2021-10-02 09:55:00,530171
Kyrylo Yurchenko_119631,Kyrylo Yurchenko,-2,0,24,41,-17,65,2021-10-02 10:00:00,530172
Andrii Isaiev_1014600353,Andrii Isaiev,3,1,33,16,17,49,2021-10-02 10:00:00,530173
A Barbora_22599,A Barbora,-2,0,34,42,-8,76,2021-10-02 10:00:00,530174
A Kononenko_101119,A Kononenko,-3,0,23,33,-10,56,2021-10-02 10:02:00,530175
Serhii Tsybulin_416230694,Serhii Tsybulin,-3,0,20,33,-13,53,2021-10-02 10:05:00,530176
Pavlo Zaderei_1944073217,Pavlo Zaderei,-3,0,21,33,-12,54,2021-10-02 10:05:00,530177
Oleksandr Mishchenko_119469,Oleksandr Mishchenko,-1,0,48,52,-4,100,2021-10-02 10:05:00,530178
Valerii Shepil_119619,Valerii Shepil,-1,0,46,53,-7,99,2021-10-02 10:10:00,530179
Davyd Symonchuk_1446405995,Davyd Symonchuk,-3,0,20,34,-14,54,2021-10-02 10:10:00,530180
Volodymyr Melnykov_119484,Volodymyr Melnykov,3,1,36,21,15,57,2021-10-02 10:15:00,530181
Oleg Gavryluk_1315338379,Oleg Gavryluk,-1,0,42,46,-4,88,2021-10-02 10:15:00,530182
O Kharlakin_101079,O Kharlakin,-3,0,24,33,-9,57,2021-10-02 10:17:00,530183
Yevhen Trunov_119645,Yevhen Trunov,1,1,49,39,10,88,2021-10-02 10:20:00,530184
Oleksandr Belskyi_797286106,Oleksandr Belskyi,-1,0,45,53,-8,98,2021-10-02 10:20:00,530185
A Arutiunyan_101153,A Arutiunyan,1,1,50,46,4,96,2021-10-02 10:21:00,530186
Viacheslav Isakov_119498,Viacheslav Isakov,-2,0,36,41,-5,77,2021-10-02 10:25:00,530187
Dmytro Lohosha_1346498427,Dmytro Lohosha,3,1,34,19,15,53,2021-10-02 10:25:00,530188
Andrii Mokaliuk_119438,Andrii Mokaliuk,-2,0,23,40,-17,63,2021-10-02 10:25:00,530189
A Kononenko_101200,A Kononenko,3,1,33,22,11,55,2021-10-02 10:30:00,530190
Vladyslav Ratushniak_119632,Vladyslav Ratushniak,-2,0,29,39,-10,68,2021-10-02 10:30:00,530191
S Novota_22600,S Novota,1,1,39,47,-8,86,2021-10-02 10:30:00,530192
Mykola Treshchetka_1806534950,Mykola Treshchetka,2,1,41,33,8,74,2021-10-02 10:30:00,530193
Yevhenii Faflei_212164341,Yevhenii Faflei,-1,0,46,47,-1,93,2021-10-02 10:35:00,530194
Serhii Tkachev_119470,Serhii Tkachev,1,1,41,39,2,80,2021-10-02 10:35:00,530195
Valerii Melnyk_982074047,Valerii Melnyk,3,1,34,25,9,59,2021-10-02 10:40:00,530196
Oleh Ponomarenko_119620,Oleh Ponomarenko,1,1,42,46,-4,88,2021-10-02 10:40:00,530197
Aleksandr Redkov_1419329989,Aleksandr Redkov,-2,0,29,40,-11,69,2021-10-02 10:40:00,530198
Oleg Kolivay_119485,Oleg Kolivay,3,1,33,18,15,51,2021-10-02 10:45:00,530199
Oleksandr Kovalov_430274908,Oleksandr Kovalov,-1,0,38,53,-15,91,2021-10-02 10:45:00,530200
O Kharlakin_101202,O Kharlakin,-2,0,33,39,-6,72,2021-10-02 10:47:00,530201
Yurii Kurishchenko_119646,Yurii Kurishchenko,-3,0,20,33,-13,53,2021-10-02 10:50:00,530202
Pavlo Vasylchuk_916896858,Pavlo Vasylchuk,2,1,46,36,10,82,2021-10-02 10:50:00,530203
O Nikiforov_101205,O Nikiforov,3,1,38,24,14,62,2021-10-02 10:52:00,530204
Valeriy Vlasenko_119499,Valeriy Vlasenko,-1,0,49,47,2,96,2021-10-02 10:55:00,530205
Anton Molochko_1808390472,Anton Molochko,2,1,48,44,4,92,2021-10-02 10:55:00,530206
Vlas Barei_119439,Vlas Barei,2,1,49,37,12,86,2021-10-02 10:55:00,530207
Artem Nesterenko_1720902238,Artem Nesterenko,-1,0,44,55,-11,99,2021-10-02 11:00:00,530208
Denys Kalachevskyi_119633,Denys Kalachevskyi,2,1,41,35,6,76,2021-10-02 11:00:00,530209
Jan Vrabec_22601,Jan Vrabec,3,1,36,22,14,58,2021-10-02 11:01:00,530210
A Kolmin_101201,A Kolmin,-1,0,57,50,7,107,2021-10-02 11:02:00,530211
Aleksandr Tulenin_10406854,Aleksandr Tulenin,3,1,33,13,20,46,2021-10-02 11:05:00,530212
Andrii Kovrikov_119471,Andrii Kovrikov,-1,0,40,46,-6,86,2021-10-02 11:05:00,530213
Andrii Isaiev_117358991,Andrii Isaiev,2,1,45,26,19,71,2021-10-02 11:10:00,530214
Oleh Ilin_119606,Oleh Ilin,-1,0,43,40,3,83,2021-10-02 11:10:00,530215
Viktor Pakhniuk_119486,Viktor Pakhniuk,-2,0,28,42,-14,70,2021-10-02 11:15:00,530216
Pavlo Zaderei_776422944,Pavlo Zaderei,-2,0,33,40,-7,73,2021-10-02 11:15:00,530217
Mykyta Ruban_2135279058,Mykyta Ruban,-1,0,49,53,-4,102,2021-10-02 11:15:00,530218
A Arutiunyan_101204,A Arutiunyan,2,1,37,31,6,68,2021-10-02 11:18:00,530219
R Alov_101203,R Alov,3,1,34,19,15,53,2021-10-02 11:18:00,530220
Vladyslav Mishchenko_119647,Vladyslav Mishchenko,-2,0,34,43,-9,77,2021-10-02 11:20:00,530221
Vitalii Vovk_353663249,Vitalii Vovk,2,1,41,38,3,79,2021-10-02 11:20:00,530222
Viacheslav Isakov_119500,Viacheslav Isakov,-1,0,48,54,-6,102,2021-10-02 11:25:00,530223
Yurii Pavliuchyk_119440,Yurii Pavliuchyk,-3,0,32,38,-6,70,2021-10-02 11:25:00,530224
Bohdan Zaika_558321122,Bohdan Zaika,1,1,53,49,4,102,2021-10-02 11:25:00,530225
Oleksii Rybka_119634,Oleksii Rybka,-2,0,26,39,-13,65,2021-10-02 11:30:00,530226
Nazarii Hrytsyienko_1964214265,Nazarii Hrytsyienko,-3,0,16,33,-17,49,2021-10-02 11:30:00,530227
V Havlicek_22602,V Havlicek,1,1,50,40,10,90,2021-10-02 11:30:00,530228
Artem Tkachenko_1582532632,Artem Tkachenko,1,1,55,56,-1,111,2021-10-02 11:35:00,530229
Artem Chepurnyi_119472,Artem Chepurnyi,3,1,35,25,10,60,2021-10-02 11:35:00,530230
V Rachkov_101120,V Rachkov,-1,0,47,45,2,92,2021-10-02 11:38:00,530231
Oleksandr Mykhalus_975114551,Oleksandr Mykhalus,2,1,39,28,11,67,2021-10-02 11:40:00,530232
Volodymyr Kononikhin_119621,Volodymyr Kononikhin,-2,0,39,45,-6,84,2021-10-02 11:40:00,530233
Oleg Hubanishchev_119487,Oleg Hubanishchev,3,1,34,25,9,59,2021-10-02 11:45:00,530234
Mykhailo Vivatenko_1539500257,Mykhailo Vivatenko,1,1,51,45,6,96,2021-10-02 11:45:00,530235
I Afanasev_101080,I Afanasev,2,1,41,30,11,71,2021-10-02 11:46:00,530236
G Vahnin_101154,G Vahnin,3,1,34,21,13,55,2021-10-02 11:48:00,530237
Valeriy Petukhov_662473374,Valeriy Petukhov,2,1,42,34,8,76,2021-10-02 11:50:00,530238
Yevhen Trunov_119648,Yevhen Trunov,3,1,33,21,12,54,2021-10-02 11:50:00,530239
Serhii Tsybulin_1690703566,Serhii Tsybulin,-2,0,29,42,-13,71,2021-10-02 11:50:00,530240
Dmytro Kozak_119441,Dmytro Kozak,3,1,35,24,11,59,2021-10-02 11:55:00,530241
Tymur Karchevskyi_119501,Tymur Karchevskyi,2,1,48,44,4,92,2021-10-02 11:55:00,530242
Volodymyr Plishylo_116476615,Volodymyr Plishylo,2,1,42,36,6,78,2021-10-02 11:55:00,530243
Jan Vrabec_22603,Jan Vrabec,2,1,46,33,13,79,2021-10-02 12:00:00,530244
Oleksandr Hubarev_1526244359,Oleksandr Hubarev,-2,0,32,41,-9,73,2021-10-02 12:00:00,530245
Kyrylo Yurchenko_119635,Kyrylo Yurchenko,-2,0,25,43,-18,68,2021-10-02 12:00:00,530246
Oleksandr Belskyi_431728898,Oleksandr Belskyi,2,1,42,33,9,75,2021-10-02 12:05:00,530247
Oleksandr Mishchenko_119473,Oleksandr Mishchenko,1,1,50,44,6,94,2021-10-02 12:05:00,530248
P Medvedev_101121,P Medvedev,-2,0,32,42,-10,74,2021-10-02 12:08:00,530249
Dmytro Lohosha_1400518448,Dmytro Lohosha,-2,0,24,38,-14,62,2021-10-02 12:10:00,530250
Valerii Shepil_119622,Valerii Shepil,3,1,35,24,11,59,2021-10-02 12:10:00,530251
Mykola Treshchetka_54477884,Mykola Treshchetka,3,1,33,16,17,49,2021-10-02 12:15:00,530252
Volodymyr Melnykov_119488,Volodymyr Melnykov,1,1,50,47,3,97,2021-10-02 12:15:00,530253
A Libatskii_101155,A Libatskii,-1,0,46,49,-3,95,2021-10-02 12:16:00,530254
A Volkov_101081,A Volkov,3,1,33,18,15,51,2021-10-02 12:18:00,530255
Yurii Kurishchenko_119649,Yurii Kurishchenko,3,1,34,23,11,57,2021-10-02 12:20:00,530256
Andrii Isaiev_1564393487,Andrii Isaiev,-2,0,29,38,-9,67,2021-10-02 12:20:00,530257
Andrii Mokaliuk_119442,Andrii Mokaliuk,-1,0,46,49,-3,95,2021-10-02 12:25:00,530258
Pavlo Zaderei_125888035,Pavlo Zaderei,-2,0,37,39,-2,76,2021-10-02 12:25:00,530259
Serhii Diachenko_119502,Serhii Diachenko,-2,0,36,43,-7,79,2021-10-02 12:25:00,530260
Valerii Melnyk_484167325,Valerii Melnyk,3,1,33,18,15,51,2021-10-02 12:25:00,530261
S Novota_22604,S Novota,-2,0,32,42,-10,74,2021-10-02 12:29:00,530262
Vladyslav Ratushniak_119636,Vladyslav Ratushniak,-2,0,25,41,-16,66,2021-10-02 12:30:00,530263
Davyd Symonchuk_53649211,Davyd Symonchuk,-3,0,26,35,-9,61,2021-10-02 12:30:00,530264
K Malahov_101122,K Malahov,-1,0,52,55,-3,107,2021-10-02 12:31:00,530265
Serhii Tkachev_119474,Serhii Tkachev,-2,0,39,46,-7,85,2021-10-02 12:35:00,530266
Oleg Gavryluk_1313720861,Oleg Gavryluk,-1,0,47,47,0,94,2021-10-02 12:35:00,530267
Anton Molochko_1960112519,Anton Molochko,3,1,35,25,10,60,2021-10-02 12:40:00,530268
Oleh Ponomarenko_119623,Oleh Ponomarenko,-2,0,26,42,-16,68,2021-10-02 12:40:00,530269
Oleg Kolivay_119489,Oleg Kolivay,2,1,43,39,4,82,2021-10-02 12:45:00,530270
Artem Nesterenko_1150084905,Artem Nesterenko,1,1,48,44,4,92,2021-10-02 12:45:00,530271
R Pavlenko_101082,R Pavlenko,-3,0,28,35,-7,63,2021-10-02 12:46:00,530272
Yevhen Trunov_119650,Yevhen Trunov,3,1,34,20,14,54,2021-10-02 12:50:00,530273
Aleksandr Tulenin_1991012996,Aleksandr Tulenin,3,1,34,28,6,62,2021-10-02 12:50:00,530274
R Homenko_101156,R Homenko,-1,0,36,50,-14,86,2021-10-02 12:53:00,530275
Valeriy Vlasenko_119503,Valeriy Vlasenko,-1,0,47,46,1,93,2021-10-02 12:55:00,530276
Yevhenii Faflei_846763319,Yevhenii Faflei,-1,0,42,48,-6,90,2021-10-02 12:55:00,530277
Vlas Barei_119443,Vlas Barei,3,1,33,14,19,47,2021-10-02 12:55:00,530278
Aleksandr Redkov_955158713,Aleksandr Redkov,1,1,48,46,2,94,2021-10-02 13:00:00,530279
Denys Kalachevskyi_119637,Denys Kalachevskyi,-3,0,27,35,-8,62,2021-10-02 13:00:00,530280
Mykyta Ruban_1098235471,Mykyta Ruban,3,1,33,19,14,52,2021-10-02 13:00:00,530281
Andrii Kovrikov_119475,Andrii Kovrikov,-3,0,19,33,-14,52,2021-10-02 13:05:00,530282
Oleksandr Kovalov_793941082,Oleksandr Kovalov,1,1,46,45,1,91,2021-10-02 13:05:00,530283
A Barbora_22627,A Barbora,2,1,43,37,6,80,2021-10-02 13:07:00,530284
Oleh Ilin_119624,Oleh Ilin,2,1,41,38,3,79,2021-10-02 13:10:00,530285
Pavlo Vasylchuk_1663889590,Pavlo Vasylchuk,-2,0,41,46,-5,87,2021-10-02 13:10:00,530286
Yu Zaycev_101123,Yu Zaycev,3,1,38,28,10,66,2021-10-02 13:13:00,530287
Viktor Pakhniuk_119490,Viktor Pakhniuk,3,1,33,22,11,55,2021-10-02 13:15:00,530288
Andrii Kotik_1941080989,Andrii Kotik,-2,0,32,44,-12,76,2021-10-02 13:15:00,530289
I Minchenkov_101083,I Minchenkov,3,1,34,20,14,54,2021-10-02 13:16:00,530290
Pavlo Chyzh_202050719,Pavlo Chyzh,2,1,39,25,14,64,2021-10-02 13:20:00,530291
Vladyslav Mishchenko_119651,Vladyslav Mishchenko,-1,0,44,47,-3,91,2021-10-02 13:20:00,530292
Yurii Pavliuchyk_119444,Yurii Pavliuchyk,-1,0,40,51,-11,91,2021-10-02 13:25:00,530293
Andrey Matcyk_137995034,Andrey Matcyk,2,1,45,40,5,85,2021-10-02 13:25:00,530294
Viacheslav Isakov_119504,Viacheslav Isakov,-1,0,39,44,-5,83,2021-10-02 13:25:00,530295
Oleksii Rybka_119638,Oleksii Rybka,1,1,45,37,8,82,2021-10-02 13:30:00,530296
V Havlicek_22628,V Havlicek,-1,0,44,48,-4,92,2021-10-02 13:30:00,530297
Andrii Isaiev_1665099697,Andrii Isaiev,2,1,43,35,8,78,2021-10-02 13:30:00,530298
E Grishaev_101157,E Grishaev,1,1,47,43,4,90,2021-10-02 13:35:00,530299
Valentyn Yunchyk_2086401843,Valentyn Yunchyk,2,1,48,42,6,90,2021-10-02 13:35:00,530300
Pavlo Zaderei_794950113,Pavlo Zaderei,-1,0,39,45,-6,84,2021-10-02 13:35:00,530301
Artem Chepurnyi_119476,Artem Chepurnyi,2,1,41,29,12,70,2021-10-02 13:35:00,530302
K Malahov_101124,K Malahov,-1,0,45,47,-2,92,2021-10-02 13:36:00,530303
Vitalii Vovk_1292957744,Vitalii Vovk,-1,0,35,44,-9,79,2021-10-02 13:40:00,530304
Volodymyr Kononikhin_119625,Volodymyr Kononikhin,3,1,33,23,10,56,2021-10-02 13:40:00,530305
Bohdan Zaika_1340438827,Bohdan Zaika,1,1,53,47,6,100,2021-10-02 13:45:00,530306
Oleg Hubanishchev_119491,Oleg Hubanishchev,2,1,41,38,3,79,2021-10-02 13:45:00,530307
R Pavlenko_101084,R Pavlenko,2,1,42,26,16,68,2021-10-02 13:46:00,530308
Yurii Kurishchenko_119652,Yurii Kurishchenko,-3,0,19,33,-14,52,2021-10-02 13:50:00,530309
Nazarii Hrytsyienko_1359098174,Nazarii Hrytsyienko,3,1,33,26,7,59,2021-10-02 13:50:00,530310
Artem Tkachenko_752303574,Artem Tkachenko,-2,0,26,41,-15,67,2021-10-02 13:55:00,530311
Dmytro Kozak_119445,Dmytro Kozak,3,1,35,29,6,64,2021-10-02 13:55:00,530312
Tymur Karchevskyi_119505,Tymur Karchevskyi,-2,0,39,46,-7,85,2021-10-02 13:55:00,530313
Oleksandr Mykhalus_1396151832,Oleksandr Mykhalus,3,1,37,23,14,60,2021-10-02 14:00:00,530314
Kyrylo Yurchenko_119639,Kyrylo Yurchenko,-3,0,19,33,-14,52,2021-10-02 14:00:00,530315
Yevhenii Faflei_1287587488,Yevhenii Faflei,3,1,34,23,11,57,2021-10-02 14:05:00,530316
Oleksandr Mishchenko_119477,Oleksandr Mishchenko,3,1,33,15,18,48,2021-10-02 14:05:00,530317
M Svedik_22605,M Svedik,-1,0,48,49,-1,97,2021-10-02 14:06:00,530318
Aleksandr Redkov_1419187396,Aleksandr Redkov,-3,0,25,34,-9,59,2021-10-02 14:10:00,530319
Serhii Tsybulin_360106564,Serhii Tsybulin,-2,0,29,43,-14,72,2021-10-02 14:10:00,530320
Valerii Shepil_119626,Valerii Shepil,-3,0,22,33,-11,55,2021-10-02 14:10:00,530321
R Homenko_101158,R Homenko,3,1,34,28,6,62,2021-10-02 14:11:00,530322
P Medvedev_101125,P Medvedev,-1,0,45,53,-8,98,2021-10-02 14:13:00,530323
Volodymyr Melnykov_119492,Volodymyr Melnykov,3,1,33,17,16,50,2021-10-02 14:15:00,530324
Davyd Symonchuk_182996537,Davyd Symonchuk,2,1,39,28,11,67,2021-10-02 14:15:00,530325
A Volkov_101085,A Volkov,2,1,42,27,15,69,2021-10-02 14:16:00,530326
Oleksii Hrymovskyi_119653,Oleksii Hrymovskyi,-3,0,20,34,-14,54,2021-10-02 14:20:00,530327
Oleg Gavryluk_973051901,Oleg Gavryluk,-3,0,17,33,-16,50,2021-10-02 14:20:00,530328
Serhii Diachenko_119506,Serhii Diachenko,2,1,40,35,5,75,2021-10-02 14:25:00,530329
Nazarii Hrytsyienko_1778007918,Nazarii Hrytsyienko,1,1,48,53,-5,101,2021-10-02 14:25:00,530330
Vlas Barei_119446,Vlas Barei,2,1,42,31,11,73,2021-10-02 14:25:00,530331
Dmytro Lohosha_1400444396,Dmytro Lohosha,1,1,47,45,2,92,2021-10-02 14:30:00,530332
Denys Kalachevskyi_119640,Denys Kalachevskyi,3,1,33,12,21,45,2021-10-02 14:30:00,530333
Andrii Kovrikov_119478,Andrii Kovrikov,2,1,45,40,5,85,2021-10-02 14:35:00,530334
Andrey Matcyk_988183265,Andrey Matcyk,-3,0,24,34,-10,58,2021-10-02 14:35:00,530335
A Libatskii_101159,A Libatskii,-3,0,18,33,-15,51,2021-10-02 14:37:00,530336
T Holik_22606,T Holik,-2,0,32,40,-8,72,2021-10-02 14:39:00,530337
Oleh Ilin_119613,Oleh Ilin,-2,0,29,42,-13,71,2021-10-02 14:40:00,530338
Andrii Isaiev_1014460961,Andrii Isaiev,3,1,33,17,16,50,2021-10-02 14:40:00,530339
P Medvedev_101218,P Medvedev,-3,0,21,33,-12,54,2021-10-02 14:41:00,530340
R Pavlenko_101220,R Pavlenko,-3,0,18,33,-15,51,2021-10-02 14:45:00,530341
Pavlo Zaderei_209222336,Pavlo Zaderei,3,1,33,21,12,54,2021-10-02 14:45:00,530342
Serhii Tsybulin_313819226,Serhii Tsybulin,1,1,47,41,6,88,2021-10-02 14:45:00,530343
Viktor Pakhniuk_119493,Viktor Pakhniuk,-2,0,29,41,-12,70,2021-10-02 14:45:00,530344
Oleksii Hrymovskyi_119796,Oleksii Hrymovskyi,3,1,33,13,20,46,2021-10-02 14:50:00,530345
Denis Kebalo_791886681,Denis Kebalo,-2,0,33,43,-10,76,2021-10-02 14:50:00,530346
Borys Buriak_1029329042,Borys Buriak,3,1,33,22,11,55,2021-10-02 14:55:00,530347
Ivan Pesin_119447,Ivan Pesin,-2,0,31,39,-8,70,2021-10-02 14:55:00,530348
Valeriy Vlasenko_119507,Valeriy Vlasenko,3,1,33,15,18,48,2021-10-02 14:55:00,530349
Dmytro Pysar_119641,Dmytro Pysar,3,1,34,19,15,53,2021-10-02 15:00:00,530350
Oleksandr Belskyi_1082395263,Oleksandr Belskyi,1,1,55,50,5,105,2021-10-02 15:00:00,530351
V Rachkov_101219,V Rachkov,-1,0,43,42,1,85,2021-10-02 15:01:00,530352
A Libatskii_101228,A Libatskii,-2,0,50,53,-3,103,2021-10-02 15:01:00,530353
T Batthyany_22607,T Batthyany,2,1,39,20,19,59,2021-10-02 15:04:00,530354
Artem Tkachenko_786944409,Artem Tkachenko,2,1,41,32,9,73,2021-10-02 15:05:00,530355
Yevhen Kyi_119479,Yevhen Kyi,-2,0,26,42,-16,68,2021-10-02 15:05:00,530356
Mykola Treshchetka_55102742,Mykola Treshchetka,-1,0,38,42,-4,80,2021-10-02 15:10:00,530357
Oleksandr Bryzhevatyi_119627,Oleksandr Bryzhevatyi,3,1,36,27,9,63,2021-10-02 15:10:00,530358
A Volkov_101221,A Volkov,3,1,36,26,10,62,2021-10-02 15:15:00,530359
Oleg Kuravsky_452667806,Oleg Kuravsky,-2,0,30,43,-13,73,2021-10-02 15:15:00,530360
Oleksandr Lymarenko_119494,Oleksandr Lymarenko,-1,0,45,50,-5,95,2021-10-02 15:15:00,530361
Valeriy Petukhov_662328735,Valeriy Petukhov,3,1,33,26,7,59,2021-10-02 15:20:00,530362
Valerii Melnyk_568425407,Valerii Melnyk,2,1,39,36,3,75,2021-10-02 15:20:00,530363
Leonid Tertychnyi_119797,Leonid Tertychnyi,1,1,42,46,-4,88,2021-10-02 15:20:00,530364
Vlas Barei_119448,Vlas Barei,1,1,47,40,7,87,2021-10-02 15:25:00,530365
Tymur Karchevskyi_119508,Tymur Karchevskyi,-3,0,22,33,-11,55,2021-10-02 15:25:00,530366
Davyd Symonchuk_986213130,Davyd Symonchuk,2,1,49,42,7,91,2021-10-02 15:25:00,530367
A Barton_22608,A Barton,1,1,56,51,5,107,2021-10-02 15:30:00,530368
V Chernov_101126,V Chernov,-1,0,38,46,-8,84,2021-10-02 15:30:00,530369
Oleg Gavryluk_282057367,Oleg Gavryluk,-1,0,43,50,-7,93,2021-10-02 15:30:00,530370
Denys Kalachevskyi_119642,Denys Kalachevskyi,-1,0,43,50,-7,93,2021-10-02 15:30:00,530371
Andrii Kovrikov_119480,Andrii Kovrikov,2,1,48,42,6,90,2021-10-02 15:35:00,530372
Vitalii Boiko_560906277,Vitalii Boiko,3,1,33,23,10,56,2021-10-02 15:35:00,530373
Oleh Ilin_119628,Oleh Ilin,-1,0,41,46,-5,87,2021-10-02 15:40:00,530374
Petro Pidleteichuk_926810502,Petro Pidleteichuk,-1,0,43,50,-7,93,2021-10-02 15:40:00,530375
R Homenko_101229,R Homenko,2,1,45,38,7,83,2021-10-02 15:44:00,530376
Viktor Pakhniuk_119495,Viktor Pakhniuk,3,1,33,24,9,57,2021-10-02 15:45:00,530377
N Zhurba_101086,N Zhurba,2,1,49,42,7,91,2021-10-02 15:46:00,530378
Serhii Rutskyi_1703243355,Serhii Rutskyi,2,1,37,31,6,68,2021-10-02 15:50:00,530379
Andrii Mokaliuk_119449,Andrii Mokaliuk,-3,0,14,33,-19,47,2021-10-02 15:55:00,530380
Roman Makarenko_119509,Roman Makarenko,-2,0,31,42,-11,73,2021-10-02 15:55:00,530381
Vadym Smetenko_67332778,Vadym Smetenko,-3,0,13,33,-20,46,2021-10-02 15:55:00,530382
Volodymyr Plishylo_615500432,Volodymyr Plishylo,-1,0,46,51,-5,97,2021-10-02 16:00:00,530383
S Kulikov_101127,S Kulikov,2,1,40,24,16,64,2021-10-02 16:00:00,530384
Vladyslav Ratushniak_119643,Vladyslav Ratushniak,-3,0,28,37,-9,65,2021-10-02 16:00:00,530385
Oleksandr Hubarev_99386272,Oleksandr Hubarev,-2,0,34,40,-6,74,2021-10-02 16:05:00,530386
Serhii Tkachev_119481,Serhii Tkachev,1,1,48,53,-5,101,2021-10-02 16:05:00,530387
Oleh Ponomarenko_119616,Oleh Ponomarenko,-2,0,35,39,-4,74,2021-10-02 16:10:00,530388
Oleksiy Molochko_726373582,Oleksiy Molochko,-1,0,41,53,-12,94,2021-10-02 16:10:00,530389
T Batthyany_22609,T Batthyany,2,1,38,33,5,71,2021-10-02 16:12:00,530390
Oleg Kolivay_119496,Oleg Kolivay,1,1,57,53,4,110,2021-10-02 16:15:00,530391
Vladyslav Batenko_1831850160,Vladyslav Batenko,2,1,42,27,15,69,2021-10-02 16:15:00,530392
A Golyshev_101087,A Golyshev,2,1,39,28,11,67,2021-10-02 16:16:00,530393
Serhii Berezynskyi_6788406,Serhii Berezynskyi,3,1,33,16,17,49,2021-10-02 16:20:00,530394
Tymur Karchevskyi_119510,Tymur Karchevskyi,-1,0,43,47,-4,90,2021-10-02 16:25:00,530395
Ruslan Skoropad_119512,Ruslan Skoropad,-1,0,54,52,2,106,2021-10-02 16:25:00,530396
Vadim Tokar_1889578795,Vadim Tokar,3,1,33,16,17,49,2021-10-02 16:25:00,530397
A Alekseyev_101128,A Alekseyev,-1,0,43,55,-12,98,2021-10-02 16:30:00,530398
Yevhen Hasan_119654,Yevhen Hasan,2,1,36,34,2,70,2021-10-02 16:30:00,530399
Maksym Butkov_557314463,Maksym Butkov,2,1,39,30,9,69,2021-10-02 16:30:00,530400
Yu Prohorova_101160,Yu Prohorova,1,1,46,44,2,90,2021-10-02 16:32:00,530401
Andrii Peretiatko_119527,Andrii Peretiatko,-2,0,35,43,-8,78,2021-10-02 16:35:00,530402
Tatiana Tatianina_10891293,Tatiana Tatianina,3,1,34,26,8,60,2021-10-02 16:35:00,530403
T Holik_22610,T Holik,-2,0,33,37,-4,70,2021-10-02 16:40:00,530404
Vadym Semenenko_119542,Vadym Semenenko,3,1,33,23,10,56,2021-10-02 16:40:00,530405
Iryna Aseieva_442182452,Iryna Aseieva,-1,0,43,51,-8,94,2021-10-02 16:40:00,530406
Olha Panchyshyn_119557,Olha Panchyshyn,-3,0,21,33,-12,54,2021-10-02 16:45:00,530407
Vitalii Boiko_297921952,Vitalii Boiko,-3,0,23,33,-10,56,2021-10-02 16:45:00,530408
D Petrov_101088,D Petrov,-1,0,51,52,-1,103,2021-10-02 16:45:00,530409
Petro Pidleteichuk_1893731885,Petro Pidleteichuk,-3,0,18,33,-15,51,2021-10-02 16:50:00,530410
Yaroslav Tebenko_119513,Yaroslav Tebenko,1,1,53,46,7,99,2021-10-02 16:55:00,530411
Viacheslav Isakov_119511,Viacheslav Isakov,3,1,33,17,16,50,2021-10-02 16:55:00,530412
Illia Semeniuk_1422667629,Illia Semeniuk,-3,0,13,33,-20,46,2021-10-02 16:55:00,530413
Serhii Rutskyi_467086618,Serhii Rutskyi,2,1,39,37,2,76,2021-10-02 17:00:00,530414
Ihor Rubanka_119655,Ihor Rubanka,-3,0,30,36,-6,66,2021-10-02 17:00:00,530415
D Tikhnenko_101129,D Tikhnenko,1,1,50,47,3,97,2021-10-02 17:00:00,530416
Ya Noskova_101161,Ya Noskova,2,1,42,23,19,65,2021-10-02 17:03:00,530417
Roman Kuvaiev_119528,Roman Kuvaiev,-1,0,44,46,-2,90,2021-10-02 17:05:00,530418
Vadym Smetenko_1705053413,Vadym Smetenko,2,1,42,37,5,79,2021-10-02 17:05:00,530419
T Holik_22654,T Holik,3,1,33,24,9,57,2021-10-02 17:06:00,530420
Tatiana Tatianina_526404355,Tatiana Tatianina,2,1,43,35,8,78,2021-10-02 17:10:00,530421
Viktor Antonenko_119543,Viktor Antonenko,1,1,50,44,6,94,2021-10-02 17:10:00,530422
Tamara Kravchuk_119558,Tamara Kravchuk,1,1,49,43,6,92,2021-10-02 17:15:00,530423
A Kozlov_101089,A Kozlov,-2,0,29,38,-9,67,2021-10-02 17:15:00,530424
Nataliia Khmilevska_1683761053,Nataliia Khmilevska,3,1,33,17,16,50,2021-10-02 17:15:00,530425
Illia Udod_835806936,Illia Udod,3,1,34,23,11,57,2021-10-02 17:20:00,530426
Nikita Zinov_39463394,Nikita Zinov,-2,0,31,41,-10,72,2021-10-02 17:25:00,530427
Serhii Hot_119514,Serhii Hot,1,1,53,50,3,103,2021-10-02 17:25:00,530428
Yurii Kolesnyk_119572,Yurii Kolesnyk,-2,0,32,39,-7,71,2021-10-02 17:25:00,530429
O Kulikova_101162,O Kulikova,-2,0,35,39,-4,74,2021-10-02 17:26:00,530430
Yevhen Hasan_119656,Yevhen Hasan,-3,0,26,35,-9,61,2021-10-02 17:30:00,530431
Serhii Berezynskyi_916026780,Serhii Berezynskyi,3,1,33,19,14,52,2021-10-02 17:30:00,530432
A Barton_22653,A Barton,1,1,44,36,8,80,2021-10-02 17:32:00,530433
Nazar Kasianyk_119529,Nazar Kasianyk,1,1,47,41,6,88,2021-10-02 17:35:00,530434
Nazarii Haievyi_1275529915,Nazarii Haievyi,-1,0,43,52,-9,95,2021-10-02 17:35:00,530435
A Alekseyev_101130,A Alekseyev,2,1,40,37,3,77,2021-10-02 17:37:00,530436
Vіtalіy Krokhmal_464364805,Vіtalіy Krokhmal,-2,0,35,44,-9,79,2021-10-02 17:40:00,530437
Vitalii Mukhin_119544,Vitalii Mukhin,-2,0,27,42,-15,69,2021-10-02 17:40:00,530438
Iryna Aseieva_1674320767,Iryna Aseieva,2,1,41,35,6,76,2021-10-02 17:45:00,530439
Maryna Slashchova_119559,Maryna Slashchova,-2,0,41,45,-4,86,2021-10-02 17:45:00,530440
D Petrov_101090,D Petrov,2,1,38,35,3,73,2021-10-02 17:47:00,530441
Tatiana Tatianina_2083236114,Tatiana Tatianina,-1,0,43,50,-7,93,2021-10-02 17:50:00,530442
M Fetyuhina_101163,M Fetyuhina,3,1,33,19,14,52,2021-10-02 17:51:00,530443
Oleksiy Molochko_1586738155,Oleksiy Molochko,1,1,45,38,7,83,2021-10-02 17:55:00,530444
Oleksandr Sulym_119573,Oleksandr Sulym,-3,0,27,37,-10,64,2021-10-02 17:55:00,530445
Yaroslav Tebenko_119515,Yaroslav Tebenko,3,1,33,19,14,52,2021-10-02 17:55:00,530446
Vladyslav Batenko_512862456,Vladyslav Batenko,-3,0,29,38,-9,67,2021-10-02 18:00:00,530447
Fedir Balbas_119657,Fedir Balbas,-2,0,40,44,-4,84,2021-10-02 18:00:00,530448
S Kulikov_101131,S Kulikov,-1,0,32,49,-17,81,2021-10-02 18:01:00,530449
Ja Zajicek_22611,Ja Zajicek,-3,0,15,33,-18,48,2021-10-02 18:04:00,530450
Roman Kuvaiev_119530,Roman Kuvaiev,-2,0,33,44,-11,77,2021-10-02 18:05:00,530451
Illia Semeniuk_647824064,Illia Semeniuk,-2,0,31,40,-9,71,2021-10-02 18:05:00,530452
O Kulikova_101164,O Kulikova,-3,0,28,35,-7,63,2021-10-02 18:09:00,530453
Viktor Antonenko_119545,Viktor Antonenko,-3,0,21,33,-12,54,2021-10-02 18:10:00,530454
Vadim Tokar_1752511660,Vadim Tokar,2,1,43,30,13,73,2021-10-02 18:10:00,530455
Maksym Butkov_894258671,Maksym Butkov,1,1,51,45,6,96,2021-10-02 18:15:00,530456
Tamara Kravchuk_119560,Tamara Kravchuk,-1,0,37,52,-15,89,2021-10-02 18:15:00,530457
A Golyshev_101091,A Golyshev,2,1,38,26,12,64,2021-10-02 18:15:00,530458
Nataliia Khmilevska_128680446,Nataliia Khmilevska,1,1,48,31,17,79,2021-10-02 18:20:00,530459
Igor Trydukh_119574,Igor Trydukh,1,1,49,50,-1,99,2021-10-02 18:25:00,530460
Ruslan Skoropad_119516,Ruslan Skoropad,2,1,43,36,7,79,2021-10-02 18:25:00,530461
Iryna Aseieva_377584846,Iryna Aseieva,3,1,34,25,9,59,2021-10-02 18:25:00,530462
Ihor Rubanka_119658,Ihor Rubanka,-1,0,42,52,-10,94,2021-10-02 18:30:00,530463
Ya Noskova_101165,Ya Noskova,-2,0,31,41,-10,72,2021-10-02 18:30:00,530464
Vitalii Boiko_1605026893,Vitalii Boiko,-1,0,43,52,-9,95,2021-10-02 18:30:00,530465
M Parizek_22612,M Parizek,-3,0,14,33,-19,47,2021-10-02 18:30:00,530466
A Alekseyev_101326,A Alekseyev,3,1,33,21,12,54,2021-10-02 18:34:00,530467
Andrii Peretiatko_119531,Andrii Peretiatko,1,1,55,52,3,107,2021-10-02 18:35:00,530468
Petro Pidleteichuk_1865825388,Petro Pidleteichuk,-1,0,42,47,-5,89,2021-10-02 18:35:00,530469
Serhii Berezynskyi_1505869152,Serhii Berezynskyi,3,1,33,12,21,45,2021-10-02 18:40:00,530470
Vadym Semenenko_119546,Vadym Semenenko,2,1,41,29,12,70,2021-10-02 18:40:00,530471
Serhii Rutskyi_280132977,Serhii Rutskyi,3,1,33,19,14,52,2021-10-02 18:45:00,530472
Olha Panchyshyn_119561,Olha Panchyshyn,-2,0,26,41,-15,67,2021-10-02 18:45:00,530473
A Kozlov_101328,A Kozlov,-3,0,19,34,-15,53,2021-10-02 18:46:00,530474
Vadym Smetenko_1566733735,Vadym Smetenko,2,1,42,34,8,76,2021-10-02 18:50:00,530475
Mykhailo Hlaholev_119517,Mykhailo Hlaholev,3,1,35,24,11,59,2021-10-02 18:55:00,530476
Ulyana Palamarchuk_2113012519,Ulyana Palamarchuk,-2,0,31,44,-13,75,2021-10-02 18:55:00,530477
Oleksandr Sulym_119575,Oleksandr Sulym,2,1,35,32,3,67,2021-10-02 18:55:00,530478
O Kulikova_101330,O Kulikova,-1,0,45,42,3,87,2021-10-02 18:56:00,530479
Tatiana Tatianina_1606429628,Tatiana Tatianina,-2,0,33,38,-5,71,2021-10-02 19:00:00,530480
R Balog_22613,R Balog,3,1,33,23,10,56,2021-10-02 19:00:00,530481
Yevhen Hasan_119659,Yevhen Hasan,3,1,34,24,10,58,2021-10-02 19:00:00,530482
D Tikhnenko_101327,D Tikhnenko,-3,0,25,33,-8,58,2021-10-02 19:01:00,530483
Maksym Balakiriev_119532,Maksym Balakiriev,-3,0,22,33,-11,55,2021-10-02 19:05:00,530484
Illia Udod_777322476,Illia Udod,3,1,36,28,8,64,2021-10-02 19:05:00,530485
Nikita Zinov_1804602209,Nikita Zinov,-1,0,42,47,-5,89,2021-10-02 19:10:00,530486
Oleh Yurenev_119547,Oleh Yurenev,-1,0,42,44,-2,86,2021-10-02 19:10:00,530487
Roman Rybachuk_1392501310,Roman Rybachuk,3,1,36,26,10,62,2021-10-02 19:15:00,530488
Aniuta Muliarchuk_119562,Aniuta Muliarchuk,1,1,47,42,5,89,2021-10-02 19:15:00,530489
N Zhurba_101329,N Zhurba,-2,0,44,50,-6,94,2021-10-02 19:15:00,530490
Nazarii Haievyi_1892618435,Nazarii Haievyi,3,1,33,20,13,53,2021-10-02 19:20:00,530491
M Fetyuhina_101331,M Fetyuhina,-1,0,42,48,-6,90,2021-10-02 19:24:00,530492
Vіtalіy Krokhmal_339885638,Vіtalіy Krokhmal,-2,0,31,41,-10,72,2021-10-02 19:25:00,530493
Yurii Kolesnyk_119576,Yurii Kolesnyk,-2,0,31,42,-11,73,2021-10-02 19:25:00,530494
Serhii Hot_119518,Serhii Hot,1,1,47,35,12,82,2021-10-02 19:25:00,530495
Ja Boruvka_22614,Ja Boruvka,2,1,44,38,6,82,2021-10-02 19:30:00,530496
I Mihaylov_101132,I Mihaylov,1,1,49,46,3,95,2021-10-02 19:30:00,530497
Halyna Telna_1154750825,Halyna Telna,1,1,43,48,-5,91,2021-10-02 19:30:00,530498
Ihor Rubanka_119660,Ihor Rubanka,-3,0,27,38,-11,65,2021-10-02 19:30:00,530499
Iryna Aseieva_1166169079,Iryna Aseieva,1,1,50,40,10,90,2021-10-02 19:35:00,530500
Nazar Kasianyk_119533,Nazar Kasianyk,2,1,42,35,7,77,2021-10-02 19:35:00,530501
Oleksiy Molochko_814773482,Oleksiy Molochko,1,1,51,52,-1,103,2021-10-02 19:40:00,530502
Vitalii Mukhin_119548,Vitalii Mukhin,1,1,63,61,2,124,2021-10-02 19:40:00,530503
Vladyslav Batenko_49557171,Vladyslav Batenko,-3,0,28,34,-6,62,2021-10-02 19:45:00,530504
I Soldatov_101092,I Soldatov,1,1,50,47,3,97,2021-10-02 19:45:00,530505
Maryna Slashchova_119563,Maryna Slashchova,2,1,41,33,8,74,2021-10-02 19:45:00,530506
Mykola Tovkach_1260197274,Mykola Tovkach,-2,0,27,40,-13,67,2021-10-02 19:50:00,530507
Oleksandr Liushnia_119577,Oleksandr Liushnia,3,1,33,22,11,55,2021-10-02 19:55:00,530508
Vadim Tokar_964962260,Vadim Tokar,3,1,39,26,13,65,2021-10-02 19:55:00,530509
Yaroslav Tebenko_119519,Yaroslav Tebenko,3,1,34,26,8,60,2021-10-02 19:55:00,530510
P Pinkovskii_101166,P Pinkovskii,-3,0,23,33,-10,56,2021-10-02 20:00:00,530511
Fedir Balbas_119661,Fedir Balbas,-1,0,49,50,-1,99,2021-10-02 20:00:00,530512
Maksym Butkov_1016011302,Maksym Butkov,-3,0,24,35,-11,59,2021-10-02 20:00:00,530513
D Balakin_101133,D Balakin,3,1,34,23,11,57,2021-10-02 20:00:00,530514
R Balog_22615,R Balog,-2,0,32,41,-9,73,2021-10-02 20:03:00,530515
Roman Kuvaiev_119534,Roman Kuvaiev,1,1,42,43,-1,85,2021-10-02 20:05:00,530516
Oleksandr Tuzhylin_449325733,Oleksandr Tuzhylin,2,1,42,35,7,77,2021-10-02 20:05:00,530517
Bohdan Kohut_649585630,Bohdan Kohut,-3,0,24,33,-9,57,2021-10-02 20:10:00,530518
Viktor Antonenko_119549,Viktor Antonenko,2,1,44,40,4,84,2021-10-02 20:10:00,530519
Tamara Kravchuk_119564,Tamara Kravchuk,1,1,49,43,6,92,2021-10-02 20:15:00,530520
Viktor Bedriichuk_1126156697,Viktor Bedriichuk,1,1,57,42,15,99,2021-10-02 20:15:00,530521
A Gribkov_101093,A Gribkov,2,1,44,37,7,81,2021-10-02 20:17:00,530522
A Innazarov_101167,A Innazarov,-2,0,39,43,-4,82,2021-10-02 20:18:00,530523
Maksym Mykytiuk_574973323,Maksym Mykytiuk,1,1,52,50,2,102,2021-10-02 20:20:00,530524
Borys Kostiuk_119664,Borys Kostiuk,3,1,33,19,14,52,2021-10-02 20:20:00,530525
Ruslan Skoropad_119520,Ruslan Skoropad,3,1,34,21,13,55,2021-10-02 20:25:00,530526
Serhii Berezynskyi_1944291430,Serhii Berezynskyi,3,1,33,17,16,50,2021-10-02 20:25:00,530527
Igor Trydukh_119578,Igor Trydukh,3,1,35,25,10,60,2021-10-02 20:25:00,530528
D Lavrinenko_101134,D Lavrinenko,-1,0,51,58,-7,109,2021-10-02 20:30:00,530529
Yevhen Hasan_119662,Yevhen Hasan,2,1,43,34,9,77,2021-10-02 20:30:00,530530
Liubomyr Sheshurak_272548669,Liubomyr Sheshurak,1,1,52,46,6,98,2021-10-02 20:30:00,530531
M Parizek_22616,M Parizek,-1,0,42,44,-2,86,2021-10-02 20:31:00,530532
Vadym Grushko_662024026,Vadym Grushko,3,1,33,20,13,53,2021-10-02 20:35:00,530533
Andrii Peretiatko_119535,Andrii Peretiatko,1,1,47,47,0,94,2021-10-02 20:35:00,530534
Oleksandr Tuzhylin_251631748,Oleksandr Tuzhylin,2,1,44,34,10,78,2021-10-02 20:40:00,530535
Vadym Semenenko_119550,Vadym Semenenko,-2,0,44,49,-5,93,2021-10-02 20:40:00,530536
Olha Panchyshyn_119565,Olha Panchyshyn,1,1,51,39,12,90,2021-10-02 20:45:00,530537
Andrii Hrebeniuk_851168666,Andrii Hrebeniuk,-1,0,50,55,-5,105,2021-10-02 20:45:00,530538
I Moshkov_101094,I Moshkov,-1,0,47,48,-1,95,2021-10-02 20:46:00,530539
S Korolev_101168,S Korolev,3,1,33,22,11,55,2021-10-02 20:46:00,530540
Vitalii Boiko_832804024,Vitalii Boiko,-1,0,40,47,-7,87,2021-10-02 20:50:00,530541
Maksym Mrykh_119665,Maksym Mrykh,-3,0,20,33,-13,53,2021-10-02 20:50:00,530542
Mykhailo Hlaholev_119521,Mykhailo Hlaholev,2,1,45,37,8,82,2021-10-02 20:55:00,530543
Vladyslav Batenko_211565699,Vladyslav Batenko,1,1,45,49,-4,94,2021-10-02 20:55:00,530544
Oleksandr Sulym_119579,Oleksandr Sulym,1,1,49,46,3,95,2021-10-02 20:55:00,530545
Mykola Tovkach_522650969,Mykola Tovkach,-1,0,41,50,-9,91,2021-10-02 21:00:00,530546
S Kuzmin_101135,S Kuzmin,-3,0,17,33,-16,50,2021-10-02 21:00:00,530547
Oleksandr Kolbasenko_119663,Oleksandr Kolbasenko,-3,0,19,33,-14,52,2021-10-02 21:00:00,530548
Serhii Rutskyi_1407555276,Serhii Rutskyi,-3,0,18,33,-15,51,2021-10-02 21:05:00,530549
Maksym Balakiriev_119536,Maksym Balakiriev,-3,0,21,33,-12,54,2021-10-02 21:05:00,530550
M Parizek_22655,M Parizek,-2,0,36,42,-6,78,2021-10-02 21:08:00,530551
Oleh Yurenev_119551,Oleh Yurenev,3,1,35,25,10,60,2021-10-02 21:10:00,530552
Vadym Smetenko_1373460888,Vadym Smetenko,-3,0,24,33,-9,57,2021-10-02 21:10:00,530553
V Shirokov_101169,V Shirokov,1,1,46,43,3,89,2021-10-02 21:15:00,530554
Aniuta Muliarchuk_119566,Aniuta Muliarchuk,2,1,39,30,9,69,2021-10-02 21:15:00,530555
Bohdan Kohut_1585670377,Bohdan Kohut,-2,0,36,42,-6,78,2021-10-02 21:15:00,530556
D Tunitsyn_101095,D Tunitsyn,-1,0,47,48,-1,95,2021-10-02 21:16:00,530557
Borys Kostiuk_119666,Borys Kostiuk,3,1,33,19,14,52,2021-10-02 21:20:00,530558
Oleksandr Tuzhylin_492276494,Oleksandr Tuzhylin,3,1,33,15,18,48,2021-10-02 21:20:00,530559
Yurii Kolesnyk_119580,Yurii Kolesnyk,2,1,37,35,2,72,2021-10-02 21:25:00,530560
Serhii Hot_119522,Serhii Hot,-1,0,45,51,-6,96,2021-10-02 21:25:00,530561
Vitalii Boiko_850153544,Vitalii Boiko,2,1,42,28,14,70,2021-10-02 21:25:00,530562
Vadim Sidorenko_15258037,Vadim Sidorenko,2,1,37,30,7,67,2021-10-02 21:30:00,530563
D Lavrinenko_101136,D Lavrinenko,-3,0,17,34,-17,51,2021-10-02 21:31:00,530564
Oleksandr Kolbasenko_119974,Oleksandr Kolbasenko,1,1,46,46,0,92,2021-10-02 21:35:00,530565
Serhii Berezynskyi_819779544,Serhii Berezynskyi,-3,0,21,33,-12,54,2021-10-02 21:35:00,530566
Nazar Kasianyk_119537,Nazar Kasianyk,-2,0,26,43,-17,69,2021-10-02 21:35:00,530567
R Balog_22656,R Balog,-3,0,21,34,-13,55,2021-10-02 21:37:00,530568
Nazarii Haievyi_2147346172,Nazarii Haievyi,-1,0,46,49,-3,95,2021-10-02 21:40:00,530569
Vitalii Mukhin_119552,Vitalii Mukhin,2,1,43,38,5,81,2021-10-02 21:40:00,530570
Oleksandr Naida_1663615968,Oleksandr Naida,-2,0,34,40,-6,74,2021-10-02 21:45:00,530571
Maryna Slashchova_119567,Maryna Slashchova,3,1,33,10,23,43,2021-10-02 21:45:00,530572
S Korolev_101170,S Korolev,3,1,33,22,11,55,2021-10-02 21:46:00,530573
I Moshkov_101096,I Moshkov,-2,0,33,43,-10,76,2021-10-02 21:48:00,530574
Andrii Hrebeniuk_643772747,Andrii Hrebeniuk,2,1,40,34,6,74,2021-10-02 21:50:00,530575
Oleksandr Borysiuk_119667,Oleksandr Borysiuk,-2,0,29,39,-10,68,2021-10-02 21:50:00,530576
Ruslan Skoropad_119523,Ruslan Skoropad,-1,0,47,42,5,89,2021-10-02 21:55:00,530577
Bohdan Kohut_2038000265,Bohdan Kohut,-3,0,30,37,-7,67,2021-10-02 21:55:00,530578
Oleksandr Liushnia_119581,Oleksandr Liushnia,1,1,54,47,7,101,2021-10-02 21:55:00,530579
D Balakin_101137,D Balakin,3,1,33,22,11,55,2021-10-02 22:00:00,530580
Oleksiy Molochko_78189502,Oleksiy Molochko,1,1,48,41,7,89,2021-10-02 22:00:00,530581
K Brozik_22617,K Brozik,-2,0,33,44,-11,77,2021-10-02 22:02:00,530582
Andrii Skliarenko_119976,Andrii Skliarenko,-2,0,40,46,-6,86,2021-10-02 22:05:00,530583
Andrii Peretiatko_119538,Andrii Peretiatko,2,1,44,28,16,72,2021-10-02 22:05:00,530584
Mykola Tovkach_732456899,Mykola Tovkach,-1,0,47,52,-5,99,2021-10-02 22:10:00,530585
Vadym Semenenko_119553,Vadym Semenenko,3,1,35,24,11,59,2021-10-02 22:10:00,530586
Serhii Rutskyi_792639242,Serhii Rutskyi,3,1,39,28,11,67,2021-10-02 22:15:00,530587
Olha Panchyshyn_119568,Olha Panchyshyn,-3,0,15,33,-18,48,2021-10-02 22:15:00,530588
A Gribkov_101097,A Gribkov,3,1,33,21,12,54,2021-10-02 22:15:00,530589
A Innazarov_101171,A Innazarov,1,1,47,43,4,90,2021-10-02 22:16:00,530590
Maksym Butkov_1015941606,Maksym Butkov,-2,0,38,42,-4,80,2021-10-02 22:20:00,530591
Maksym Mrykh_119668,Maksym Mrykh,-3,0,14,33,-19,47,2021-10-02 22:20:00,530592
Igor Trydukh_119582,Igor Trydukh,-2,0,33,44,-11,77,2021-10-02 22:25:00,530593
Vitalii Lievshin_1092075045,Vitalii Lievshin,3,1,33,21,12,54,2021-10-02 22:25:00,530594
Bohdan Pyrtyk_119524,Bohdan Pyrtyk,1,1,52,46,6,98,2021-10-02 22:25:00,530595
Oleksandr Tuzhylin_1724706127,Oleksandr Tuzhylin,3,1,33,15,18,48,2021-10-02 22:30:00,530596
Ji Louda_22618,Ji Louda,1,1,50,40,10,90,2021-10-02 22:30:00,530597
D Lavrinenko_101332,D Lavrinenko,1,1,51,43,8,94,2021-10-02 22:33:00,530598
Vitalii Kyilo_119539,Vitalii Kyilo,-2,0,34,43,-9,77,2021-10-02 22:35:00,530599
Stefan Yakimenko_119554,Stefan Yakimenko,-3,0,17,33,-16,50,2021-10-02 22:40:00,530600
Illia Semeniuk_47070491,Illia Semeniuk,1,1,46,45,1,91,2021-10-02 22:45:00,530601
Yuliia Plaksina_119569,Yuliia Plaksina,-3,0,24,33,-9,57,2021-10-02 22:45:00,530602
I Moshkov_101334,I Moshkov,-2,0,30,42,-12,72,2021-10-02 22:45:00,530603
P Pinkovskii_101336,P Pinkovskii,2,1,40,26,14,66,2021-10-02 22:48:00,530604
Borys Kostiuk_119669,Borys Kostiuk,2,1,39,34,5,73,2021-10-02 22:50:00,530605
Ruslan Skoropad_119525,Ruslan Skoropad,2,1,44,39,5,83,2021-10-02 22:55:00,530606
Yurii Kolesnyk_119583,Yurii Kolesnyk,1,1,52,50,2,102,2021-10-02 22:55:00,530607
Ivan Mai_2136664498,Ivan Mai,1,1,43,43,0,86,2021-10-02 23:00:00,530608
I Mihaylov_101333,I Mihaylov,-2,0,26,38,-12,64,2021-10-02 23:00:00,530609
R Jamrich_22619,R Jamrich,3,1,33,20,13,53,2021-10-02 23:00:00,530610
Vitalii Lievshin_515596802,Vitalii Lievshin,1,1,49,41,8,90,2021-10-02 23:05:00,530611
Andrii Peretiatko_119540,Andrii Peretiatko,2,1,46,40,6,86,2021-10-02 23:05:00,530612
Vadym Semenenko_119555,Vadym Semenenko,-1,0,39,50,-11,89,2021-10-02 23:10:00,530613
V Shirokov_101337,V Shirokov,3,1,35,26,9,61,2021-10-02 23:15:00,530614
I Soldatov_101335,I Soldatov,-2,0,32,40,-8,72,2021-10-02 23:15:00,530615
Olha Panchyshyn_119570,Olha Panchyshyn,-3,0,15,33,-18,48,2021-10-02 23:15:00,530616
Maksym Mrykh_119670,Maksym Mrykh,1,1,51,51,0,102,2021-10-02 23:20:00,530617
Yaroslav Tebenko_119526,Yaroslav Tebenko,-2,0,40,43,-3,83,2021-10-02 23:25:00,530618
Andrii Dombrovskyi_119584,Andrii Dombrovskyi,-1,0,40,49,-9,89,2021-10-02 23:25:00,530619
Ja Svoboda_22620,Ja Svoboda,2,1,42,42,0,84,2021-10-02 23:30:00,530620
A Serebrennikov_101138,A Serebrennikov,-2,0,31,41,-10,72,2021-10-02 23:32:00,530621
Denys Shcherbak_585624650,Denys Shcherbak,1,1,49,45,4,94,2021-10-02 23:35:00,530622
Roman Kuvaiev_119541,Roman Kuvaiev,3,1,34,26,8,60,2021-10-02 23:35:00,530623
Viktor Antonenko_119556,Viktor Antonenko,2,1,44,36,8,80,2021-10-02 23:40:00,530624
Viktor Trachuk_1885457324,Viktor Trachuk,3,1,33,15,18,48,2021-10-02 23:45:00,530625
Tamara Kravchuk_119571,Tamara Kravchuk,2,1,43,37,6,80,2021-10-02 23:45:00,530626
E Ilyukhin_101098,E Ilyukhin,-1,0,48,46,2,94,2021-10-02 23:47:00,530627
Va Ivanov_101172,Va Ivanov,2,1,45,37,8,82,2021-10-02 23:48:00,530628
Oleksandr Borysiuk_119671,Oleksandr Borysiuk,-1,0,47,47,0,94,2021-10-02 23:50:00,530629
Yurii Kolesnyk_119585,Yurii Kolesnyk,-1,0,51,47,4,98,2021-10-02 23:55:00,530630
R Jamrich_22621,R Jamrich,-3,0,30,36,-6,66,2021-10-02 23:59:00,530631
Jan Holan_127809,Jan Holan,-1,0,54,58,-4,112,2021-10-03 00:00:00,530632
F Pusch_23496,F Pusch,-1,0,48,50,-2,98,2021-10-03 00:03:00,530633
Oleksandr Lysak_1761063686,Oleksandr Lysak,-2,0,33,40,-7,73,2021-10-03 00:05:00,530634
N Zhurba_105103,N Zhurba,-2,0,30,40,-10,70,2021-10-03 00:06:00,530635
Viktor Kotov_137778208,Viktor Kotov,2,1,37,38,-1,75,2021-10-03 00:15:00,530636
Yu Merkushin_105144,Yu Merkushin,-1,0,46,50,-4,96,2021-10-03 00:15:00,530637
A Suntsov_105059,A Suntsov,-1,0,51,53,-2,104,2021-10-03 00:17:00,530638
Oleksandr Ivashkin_127748,Oleksandr Ivashkin,-2,0,35,43,-8,78,2021-10-03 00:20:00,530639
S Ogai_105104,S Ogai,1,1,49,45,4,94,2021-10-03 00:26:00,530640
Andrej Grossu_127810,Andrej Grossu,-1,0,46,43,3,89,2021-10-03 00:30:00,530641
Jr. Mecl_23497,Jr. Mecl,1,1,43,43,0,86,2021-10-03 00:32:00,530642
Oleh Obidnyi_140615709,Oleh Obidnyi,-3,0,16,33,-17,49,2021-10-03 00:35:00,530643
Viktor Trachuk_1372343695,Viktor Trachuk,2,1,38,23,15,61,2021-10-03 00:45:00,530644
A Volkov_105145,A Volkov,-3,0,18,33,-15,51,2021-10-03 00:47:00,530645
Andrii Lukatskyi_127749,Andrii Lukatskyi,1,1,49,43,6,92,2021-10-03 00:50:00,530646
M Minkov_105060,M Minkov,3,1,33,26,7,59,2021-10-03 00:54:00,530647
D Ignatev_105105,D Ignatev,-2,0,36,36,0,72,2021-10-03 00:57:00,530648
P Bradac_23534,P Bradac,-3,0,20,33,-13,53,2021-10-03 01:04:00,530649
Oleksandr Lysak_662265014,Oleksandr Lysak,-2,0,33,42,-9,75,2021-10-03 01:05:00,530650
Vladimir Malashevsky_1678188031,Vladimir Malashevsky,3,1,33,24,9,57,2021-10-03 01:15:00,530651
A Girevenkov_105146,A Girevenkov,-1,0,53,57,-4,110,2021-10-03 01:16:00,530652
V Beliakov_105061,V Beliakov,-3,0,21,33,-12,54,2021-10-03 01:17:00,530653
I Novikov_105106,I Novikov,-1,0,49,47,2,96,2021-10-03 01:18:00,530654
Oleksandr Ivashkin_127750,Oleksandr Ivashkin,1,1,51,48,3,99,2021-10-03 01:20:00,530655
Borys Kostiuk_127767,Borys Kostiuk,-2,0,30,41,-11,71,2021-10-03 01:25:00,530656
Jr. Mecl_23535,Jr. Mecl,2,1,41,35,6,76,2021-10-03 01:30:00,530657
Oleh Obidnyi_9146269,Oleh Obidnyi,-2,0,38,42,-4,80,2021-10-03 01:35:00,530658
Martin Stusek_128255,Martin Stusek,3,1,33,23,10,56,2021-10-03 01:40:00,530659
Viktor Kotov_1376869446,Viktor Kotov,3,1,33,10,23,43,2021-10-03 01:45:00,530660
A Suntsov_105062,A Suntsov,-3,0,30,36,-6,66,2021-10-03 01:46:00,530661
S Ogai_105107,S Ogai,-3,0,20,33,-13,53,2021-10-03 01:49:00,530662
Anatolii Levshyn_127751,Anatolii Levshyn,-2,0,29,42,-13,71,2021-10-03 01:50:00,530663
Yu Merkushin_105147,Yu Merkushin,-3,0,20,34,-14,54,2021-10-03 01:51:00,530664
Hryhorii Kulishov_127768,Hryhorii Kulishov,3,1,34,25,9,59,2021-10-03 01:55:00,530665
Illia Yanishevskiy_43700887,Illia Yanishevskiy,1,1,51,51,0,102,2021-10-03 02:05:00,530666
I Novikov_105108,I Novikov,-1,0,36,50,-14,86,2021-10-03 02:06:00,530667
Jaromir Zlamal_128256,Jaromir Zlamal,2,1,41,38,3,79,2021-10-03 02:10:00,530668
Viktor Trachuk_1515516736,Viktor Trachuk,2,1,42,37,5,79,2021-10-03 02:15:00,530669
A Girevenkov_105148,A Girevenkov,-1,0,57,54,3,111,2021-10-03 02:15:00,530670
V Beliakov_105063,V Beliakov,-2,0,31,40,-9,71,2021-10-03 02:15:00,530671
Maksym Marchuk_127769,Maksym Marchuk,-2,0,32,42,-10,74,2021-10-03 02:25:00,530672
Zh Tsybikov_105109,Zh Tsybikov,-2,0,30,41,-11,71,2021-10-03 02:33:00,530673
Oleh Obidnyi_2125008232,Oleh Obidnyi,3,1,39,30,9,69,2021-10-03 02:35:00,530674
E Kalashnikov_105149,E Kalashnikov,-2,0,33,43,-10,76,2021-10-03 02:45:00,530675
Vladimir Malashevsky_223777380,Vladimir Malashevsky,3,1,33,17,16,50,2021-10-03 02:45:00,530676
E Ilyukhin_105064,E Ilyukhin,-2,0,41,44,-3,85,2021-10-03 02:46:00,530677
Hryhorii Kulishov_127770,Hryhorii Kulishov,2,1,41,31,10,72,2021-10-03 02:55:00,530678
Oleksandr Lysak_358060597,Oleksandr Lysak,-3,0,16,33,-17,49,2021-10-03 03:05:00,530679
D Ignatev_105110,D Ignatev,3,1,33,18,15,51,2021-10-03 03:09:00,530680
Viktor Kotov_1938621108,Viktor Kotov,2,1,42,36,6,78,2021-10-03 03:15:00,530681
A Volkov_105150,A Volkov,-2,0,36,44,-8,80,2021-10-03 03:15:00,530682
M Minkov_105065,M Minkov,2,1,46,33,13,79,2021-10-03 03:16:00,530683
Borys Kostiuk_127771,Borys Kostiuk,-3,0,18,33,-15,51,2021-10-03 03:25:00,530684
N Zhurba_105111,N Zhurba,-2,0,28,42,-14,70,2021-10-03 03:31:00,530685
Oleh Obidnyi_153000364,Oleh Obidnyi,-2,0,35,43,-8,78,2021-10-03 03:35:00,530686
Iurii Prokhoruk_989751420,Iurii Prokhoruk,3,1,33,8,25,41,2021-10-03 03:45:00,530687
O Kutuzov_105066,O Kutuzov,-3,0,22,34,-12,56,2021-10-03 03:47:00,530688
R Pavlenko_105151,R Pavlenko,-1,0,42,46,-4,88,2021-10-03 03:47:00,530689
Oleksandr Lysenko_127772,Oleksandr Lysenko,-2,0,41,45,-4,86,2021-10-03 03:55:00,530690
Zh Tsybikov_105112,Zh Tsybikov,3,1,35,20,15,55,2021-10-03 04:02:00,530691
Oleksandr Lysak_662442585,Oleksandr Lysak,-2,0,36,44,-8,80,2021-10-03 04:05:00,530692
E Kalashnikov_105152,E Kalashnikov,2,1,41,36,5,77,2021-10-03 04:15:00,530693
Viktor Trachuk_1627556907,Viktor Trachuk,-1,0,46,45,1,91,2021-10-03 04:15:00,530694
E Ilyukhin_105067,E Ilyukhin,-3,0,22,33,-11,55,2021-10-03 04:16:00,530695
Maksym Marchuk_127773,Maksym Marchuk,2,1,42,33,9,75,2021-10-03 04:25:00,530696
D Ignatev_105297,D Ignatev,3,1,34,18,16,52,2021-10-03 04:33:00,530697
Oleh Obidnyi_9254016,Oleh Obidnyi,-1,0,42,55,-13,97,2021-10-03 04:35:00,530698
Iurii Prokhoruk_1120718651,Iurii Prokhoruk,-2,0,36,43,-7,79,2021-10-03 04:45:00,530699
Yu Merkushin_105301,Yu Merkushin,3,1,37,24,13,61,2021-10-03 04:47:00,530700
O Kutuzov_105299,O Kutuzov,-3,0,14,33,-19,47,2021-10-03 04:47:00,530701
Hryhorii Kulishov_127774,Hryhorii Kulishov,1,1,54,48,6,102,2021-10-03 04:55:00,530702
S Ogai_105298,S Ogai,3,1,34,24,10,58,2021-10-03 05:02:00,530703
Illia Yanishevskiy_43379700,Illia Yanishevskiy,1,1,49,41,8,90,2021-10-03 05:05:00,530704
Viktor Trachuk_1627520906,Viktor Trachuk,-3,0,21,33,-12,54,2021-10-03 05:15:00,530705
A Girevenkov_105302,A Girevenkov,3,1,36,25,11,61,2021-10-03 05:16:00,530706
A Suntsov_105300,A Suntsov,1,1,49,50,-1,99,2021-10-03 05:17:00,530707
Borys Kostiuk_127775,Borys Kostiuk,-2,0,31,37,-6,68,2021-10-03 05:25:00,530708
Oleksandr Lysenko_127776,Oleksandr Lysenko,3,1,33,21,12,54,2021-10-03 05:55:00,530709
Maksym Marchuk_127777,Maksym Marchuk,-3,0,12,33,-21,45,2021-10-03 06:25:00,530710
Borys Kostiuk_127778,Borys Kostiuk,2,1,44,40,4,84,2021-10-03 06:55:00,530711
Pavlo Khakhamidi_127779,Pavlo Khakhamidi,2,1,43,33,10,76,2021-10-03 07:25:00,530712
P Vshivkov_105211,P Vshivkov,-2,0,40,45,-5,85,2021-10-03 07:33:00,530713
V Zubkov_105177,V Zubkov,-2,0,28,38,-10,66,2021-10-03 07:46:00,530714
V Bazilevskiy_105245,V Bazilevskiy,1,1,51,47,4,98,2021-10-03 07:48:00,530715
Serhii Tsybulin_1975879990,Serhii Tsybulin,-1,0,51,52,-1,103,2021-10-03 07:50:00,530716
Borys Kostiuk_127780,Borys Kostiuk,2,1,45,41,4,86,2021-10-03 07:55:00,530717
Serhii Kinash_731113232,Serhii Kinash,1,1,46,48,-2,94,2021-10-03 07:55:00,530718
A Zabrodin_105212,A Zabrodin,-1,0,41,53,-12,94,2021-10-03 08:11:00,530719
V Sinkovskiy_105178,V Sinkovskiy,-1,0,38,53,-15,91,2021-10-03 08:15:00,530720
Oleksii Krutko_1631823989,Oleksii Krutko,-1,0,46,51,-5,97,2021-10-03 08:25:00,530721
Hryhorii Kulishov_127781,Hryhorii Kulishov,3,1,33,24,9,57,2021-10-03 08:25:00,530722
E Kryuchkov_105246,E Kryuchkov,2,1,43,32,11,75,2021-10-03 08:28:00,530723
Anatolii Chaplianka_1640988996,Anatolii Chaplianka,2,1,36,38,-2,74,2021-10-03 08:30:00,530724
Uryi Schepanskyi_573041792,Uryi Schepanskyi,-1,0,47,45,2,92,2021-10-03 08:35:00,530725
Elena Pentuk_722174978,Elena Pentuk,-3,0,25,34,-9,59,2021-10-03 08:40:00,530726
O Kharlakin_105179,O Kharlakin,3,1,34,27,7,61,2021-10-03 08:45:00,530727
Viktor Bosak_623703112,Viktor Bosak,-3,0,25,33,-8,58,2021-10-03 08:45:00,530728
I Sergeevich_105213,I Sergeevich,3,1,35,22,13,57,2021-10-03 08:46:00,530729
Oleksii Kulbach_127935,Oleksii Kulbach,-1,0,44,44,0,88,2021-10-03 08:50:00,530730
Serhij Maksymiv_713453016,Serhij Maksymiv,-2,0,28,41,-13,69,2021-10-03 08:50:00,530731
Serhii Poliakov_1796137047,Serhii Poliakov,2,1,39,29,10,68,2021-10-03 08:55:00,530732
A Klavdenkov_105247,A Klavdenkov,-3,0,19,36,-17,55,2021-10-03 08:55:00,530733
Roman Derypaska_1036251743,Roman Derypaska,3,1,35,27,8,62,2021-10-03 08:55:00,530734
Nazarii Kovalchuk_616676164,Nazarii Kovalchuk,-2,0,36,40,-4,76,2021-10-03 09:00:00,530735
Mykhailo Mosiuk_128195,Mykhailo Mosiuk,-1,0,41,43,-2,84,2021-10-03 09:00:00,530736
Serhii Kinash_130847469,Serhii Kinash,3,1,38,30,8,68,2021-10-03 09:05:00,530737
Ruslan Onishchenko_128225,Ruslan Onishchenko,-3,0,25,34,-9,59,2021-10-03 09:05:00,530738
M Chernyavskiy_105214,M Chernyavskiy,1,1,53,46,7,99,2021-10-03 09:07:00,530739
Yurii Shmyndra_128205,Yurii Shmyndra,2,1,35,25,10,60,2021-10-03 09:10:00,530740
Maksym Nikolenko_1243890482,Maksym Nikolenko,2,1,42,34,8,76,2021-10-03 09:10:00,530741
Viktor Chyzh_128085,Viktor Chyzh,1,1,40,44,-4,84,2021-10-03 09:15:00,530742
Ulyana Palamarchuk_347339176,Ulyana Palamarchuk,3,1,33,16,17,49,2021-10-03 09:15:00,530743
A Pisar_105180,A Pisar,3,1,33,20,13,53,2021-10-03 09:15:00,530744
S Simonov_105248,S Simonov,-1,0,50,54,-4,104,2021-10-03 09:17:00,530745
Bohdan Zdrobylko_830934587,Bohdan Zdrobylko,-1,0,48,45,3,93,2021-10-03 09:20:00,530746
Yaroslav Ivasiuk_127936,Yaroslav Ivasiuk,2,1,37,30,7,67,2021-10-03 09:20:00,530747
Liubomyr Sheshurak_1578734958,Liubomyr Sheshurak,2,1,41,27,14,68,2021-10-03 09:25:00,530748
Ivan Omelchuk_128196,Ivan Omelchuk,-3,0,24,34,-10,58,2021-10-03 09:30:00,530749
Nikita Trofimov_2109942374,Nikita Trofimov,1,1,49,50,-1,99,2021-10-03 09:30:00,530750
Alexey Gamyanin_1881217375,Alexey Gamyanin,2,1,41,26,15,67,2021-10-03 09:30:00,530751
Maksym Balakiriev_128226,Maksym Balakiriev,2,1,43,36,7,79,2021-10-03 09:35:00,530752
Oleksii Krutko_407082160,Oleksii Krutko,-2,0,27,40,-13,67,2021-10-03 09:35:00,530753
Oleksandr Dziabura_1360228881,Oleksandr Dziabura,-1,0,45,54,-9,99,2021-10-03 09:40:00,530754
Artem Chepurnyi_128206,Artem Chepurnyi,2,1,39,38,1,77,2021-10-03 09:40:00,530755
Serhii Solomko_128086,Serhii Solomko,2,1,45,39,6,84,2021-10-03 09:45:00,530756
I Sergeevich_105215,I Sergeevich,-1,0,43,49,-6,92,2021-10-03 09:45:00,530757
Maksym Nikolenko_2142588265,Maksym Nikolenko,-1,0,35,47,-12,82,2021-10-03 09:45:00,530758
O Kharlakin_105181,O Kharlakin,-2,0,34,38,-4,72,2021-10-03 09:45:00,530759
Elena Pentuk_296311723,Elena Pentuk,3,1,33,13,20,46,2021-10-03 09:50:00,530760
Volodymyr Voronenkov_128185,Volodymyr Voronenkov,3,1,33,26,7,59,2021-10-03 09:50:00,530761
Mykola Shyshkin_127937,Mykola Shyshkin,3,1,36,26,10,62,2021-10-03 09:50:00,530762
Viktor Bosak_754597480,Viktor Bosak,3,1,33,14,19,47,2021-10-03 09:55:00,530763
Viacheslav Isakov_128101,Viacheslav Isakov,-2,0,25,41,-16,66,2021-10-03 09:55:00,530764
Serhij Maksymiv_951885648,Serhij Maksymiv,-2,0,41,50,-9,91,2021-10-03 10:00:00,530765
Mykhailo Mosiuk_128197,Mykhailo Mosiuk,2,1,48,42,6,90,2021-10-03 10:00:00,530766
Petr Kubat_128240,Petr Kubat,1,1,45,40,5,85,2021-10-03 10:00:00,530767
P Anton_23506,P Anton,-2,0,37,41,-4,78,2021-10-03 10:01:00,530768
A Klavdenkov_105249,A Klavdenkov,-2,0,33,46,-13,79,2021-10-03 10:03:00,530769
Roman Cherevko_1554318341,Roman Cherevko,-3,0,18,33,-15,51,2021-10-03 10:05:00,530770
Serhii Sokolov_128227,Serhii Sokolov,-1,0,39,50,-11,89,2021-10-03 10:05:00,530771
Serhii Poliakov_1329261135,Serhii Poliakov,-1,0,49,54,-5,103,2021-10-03 10:05:00,530772
Serhii Tsybulin_592170839,Serhii Tsybulin,-3,0,20,33,-13,53,2021-10-03 10:10:00,530773
Yurii Shmyndra_128207,Yurii Shmyndra,-3,0,15,33,-18,48,2021-10-03 10:10:00,530774
A Zabrodin_105216,A Zabrodin,2,1,43,34,9,77,2021-10-03 10:13:00,530775
Kostiantyn Klymenko_127922,Kostiantyn Klymenko,2,1,41,27,14,68,2021-10-03 10:15:00,530776
V Sinkovskiy_105182,V Sinkovskiy,2,1,42,41,1,83,2021-10-03 10:15:00,530777
Anatolii Chaplianka_1317048389,Anatolii Chaplianka,-2,0,34,47,-13,81,2021-10-03 10:15:00,530778
Uryi Schepanskyi_88820372,Uryi Schepanskyi,2,1,47,40,7,87,2021-10-03 10:20:00,530779
Anatolii Levshyn_128186,Anatolii Levshyn,3,1,35,28,7,63,2021-10-03 10:20:00,530780
Yaroslav Ivasiuk_127938,Yaroslav Ivasiuk,-1,0,56,52,4,108,2021-10-03 10:20:00,530781
Oleksandr Kovalchuk_128102,Oleksandr Kovalchuk,3,1,34,24,10,58,2021-10-03 10:25:00,530782
Yaroslava Prykhodko_1098427813,Yaroslava Prykhodko,-2,0,37,43,-6,80,2021-10-03 10:25:00,530783
T Holik_23507,T Holik,2,1,42,35,7,77,2021-10-03 10:30:00,530784
Miroslav Brozek_128047,Miroslav Brozek,-1,0,47,45,2,92,2021-10-03 10:30:00,530785
Dmytro Pysar_128198,Dmytro Pysar,3,1,33,19,14,52,2021-10-03 10:30:00,530786
Andrey Krysak_825251720,Andrey Krysak,1,1,44,48,-4,92,2021-10-03 10:30:00,530787
E Kryuchkov_105250,E Kryuchkov,1,1,46,40,6,86,2021-10-03 10:33:00,530788
Maksym Balakiriev_128228,Maksym Balakiriev,2,1,43,39,4,82,2021-10-03 10:35:00,530789
Nazarii Haievyi_360032379,Nazarii Haievyi,-2,0,34,40,-6,74,2021-10-03 10:35:00,530790
Roman Derypaska_782337285,Roman Derypaska,-1,0,49,50,-1,99,2021-10-03 10:40:00,530791
Nazar Mosiuk_128208,Nazar Mosiuk,1,1,48,38,10,86,2021-10-03 10:40:00,530792
Alexey Gamyanin_1030422732,Alexey Gamyanin,-3,0,19,33,-14,52,2021-10-03 10:40:00,530793
Serhii Solomko_128087,Serhii Solomko,3,1,35,22,13,57,2021-10-03 10:45:00,530794
P Vshivkov_105305,P Vshivkov,-2,0,30,39,-9,69,2021-10-03 10:45:00,530795
V Zubkov_105304,V Zubkov,-3,0,22,33,-11,55,2021-10-03 10:45:00,530796
Serhii Boiko_627416529,Serhii Boiko,1,1,51,46,5,97,2021-10-03 10:45:00,530797
Oleksii Kulbach_127939,Oleksii Kulbach,-3,0,22,33,-11,55,2021-10-03 10:50:00,530798
Serhii Kinash_994770136,Serhii Kinash,2,1,46,43,3,89,2021-10-03 10:50:00,530799
Volodymyr Voronenkov_128187,Volodymyr Voronenkov,3,1,33,21,12,54,2021-10-03 10:50:00,530800
Oleksii Haponov_274376459,Oleksii Haponov,-2,0,35,44,-9,79,2021-10-03 10:55:00,530801
Serhii Tkachev_128103,Serhii Tkachev,3,1,34,22,12,56,2021-10-03 10:55:00,530802
Ivan Omelchuk_128199,Ivan Omelchuk,-1,0,44,46,-2,90,2021-10-03 11:00:00,530803
Sr. Korp_23508,Sr. Korp,1,1,45,45,0,90,2021-10-03 11:00:00,530804
Miroslav Brozek_128048,Miroslav Brozek,2,1,41,31,10,72,2021-10-03 11:00:00,530805
Ulyana Palamarchuk_1776486842,Ulyana Palamarchuk,1,1,47,37,10,84,2021-10-03 11:00:00,530806
Ruslan Onishchenko_128229,Ruslan Onishchenko,-2,0,37,45,-8,82,2021-10-03 11:05:00,530807
Bohdan Zdrobylko_1558657068,Bohdan Zdrobylko,3,1,33,15,18,48,2021-10-03 11:05:00,530808
A Klavdenkov_105307,A Klavdenkov,-1,0,49,45,4,94,2021-10-03 11:06:00,530809
Liubomyr Sheshurak_1588874054,Liubomyr Sheshurak,-1,0,41,49,-8,90,2021-10-03 11:10:00,530810
Artem Chepurnyi_128209,Artem Chepurnyi,-1,0,44,47,-3,91,2021-10-03 11:10:00,530811
Serhii Poliakov_1212889317,Serhii Poliakov,3,1,33,16,17,49,2021-10-03 11:15:00,530812
Roman Cherevko_1973573575,Roman Cherevko,2,1,41,29,12,70,2021-10-03 11:15:00,530813
O Kharlakin_105303,O Kharlakin,1,1,45,46,-1,91,2021-10-03 11:15:00,530814
Viktor Chyzh_128088,Viktor Chyzh,-2,0,34,43,-9,77,2021-10-03 11:15:00,530815
I Sergeevich_105306,I Sergeevich,2,1,41,26,15,67,2021-10-03 11:16:00,530816
Maksym Studinikin_127940,Maksym Studinikin,1,1,49,46,3,95,2021-10-03 11:20:00,530817
Andrii Lukatskyi_128188,Andrii Lukatskyi,3,1,33,19,14,52,2021-10-03 11:20:00,530818
Nazarii Kovalchuk_2046637172,Nazarii Kovalchuk,-1,0,41,45,-4,86,2021-10-03 11:20:00,530819
Oleksandr Kovalchuk_128104,Oleksandr Kovalchuk,-1,0,52,55,-3,107,2021-10-03 11:25:00,530820
Oleksandr Dziabura_546187495,Oleksandr Dziabura,1,1,58,55,3,113,2021-10-03 11:25:00,530821
Petr Kubat_128241,Petr Kubat,2,1,41,28,13,69,2021-10-03 11:30:00,530822
Mykhailo Mosiuk_128200,Mykhailo Mosiuk,-3,0,18,33,-15,51,2021-10-03 11:30:00,530823
Uryi Schepanskyi_217001885,Uryi Schepanskyi,2,1,43,26,17,69,2021-10-03 11:30:00,530824
Ji Louda_23509,Ji Louda,2,1,43,32,11,75,2021-10-03 11:31:00,530825
Elena Pentuk_1822232814,Elena Pentuk,1,1,50,46,4,96,2021-10-03 11:35:00,530826
Taras Yemelianov_128230,Taras Yemelianov,3,1,33,14,19,47,2021-10-03 11:35:00,530827
Yu Zaycev_105217,Yu Zaycev,1,1,45,43,2,88,2021-10-03 11:40:00,530828
Yurii Shmyndra_128210,Yurii Shmyndra,1,1,52,46,6,98,2021-10-03 11:40:00,530829
Viktor Bosak_1113557906,Viktor Bosak,3,1,33,25,8,58,2021-10-03 11:40:00,530830
V Bazilevskiy_105308,V Bazilevskiy,-1,0,47,51,-4,98,2021-10-03 11:41:00,530831
Oleh Pereguda_128089,Oleh Pereguda,2,1,44,38,6,82,2021-10-03 11:45:00,530832
Serhij Maksymiv_121061745,Serhij Maksymiv,2,1,43,35,8,78,2021-10-03 11:45:00,530833
Va Ivanov_105183,Va Ivanov,1,1,42,43,-1,85,2021-10-03 11:48:00,530834
Mykola Shyshkin_127941,Mykola Shyshkin,2,1,41,34,7,75,2021-10-03 11:50:00,530835
Anatolii Levshyn_128189,Anatolii Levshyn,-3,0,31,37,-6,68,2021-10-03 11:50:00,530836
Roman Mischenko_972263736,Roman Mischenko,-1,0,49,50,-1,99,2021-10-03 11:50:00,530837
Lev Kats_1421963033,Lev Kats,3,1,33,18,15,51,2021-10-03 11:50:00,530838
Viacheslav Isakov_128105,Viacheslav Isakov,-2,0,32,43,-11,75,2021-10-03 11:55:00,530839
Oleksii Krutko_1477923346,Oleksii Krutko,-1,0,43,45,-2,88,2021-10-03 11:55:00,530840
Sr. Korp_23510,Sr. Korp,-1,0,41,44,-3,85,2021-10-03 12:00:00,530841
Anatolii Chaplianka_1928105409,Anatolii Chaplianka,1,1,49,47,2,96,2021-10-03 12:00:00,530842
Ivan Omelchuk_128201,Ivan Omelchuk,-3,0,24,33,-9,57,2021-10-03 12:00:00,530843
Martin Filipek_128050,Martin Filipek,1,1,46,40,6,86,2021-10-03 12:00:00,530844
Serhii Sokolov_128231,Serhii Sokolov,-1,0,51,52,-1,103,2021-10-03 12:05:00,530845
Volodymyr Maksiuta_59703146,Volodymyr Maksiuta,-3,0,21,33,-12,54,2021-10-03 12:05:00,530846
Artem Chepurnyi_128211,Artem Chepurnyi,2,1,36,31,5,67,2021-10-03 12:10:00,530847
Yaroslava Prykhodko_916974176,Yaroslava Prykhodko,-2,0,40,47,-7,87,2021-10-03 12:10:00,530848
P Medvedev_105218,P Medvedev,-1,0,42,40,2,82,2021-10-03 12:12:00,530849
Andrey Krysak_602991975,Andrey Krysak,3,1,35,28,7,63,2021-10-03 12:15:00,530850
Kostiantyn Klymenko_128090,Kostiantyn Klymenko,-1,0,44,52,-8,96,2021-10-03 12:15:00,530851
A Slachshilin_105251,A Slachshilin,-2,0,35,37,-2,72,2021-10-03 12:20:00,530852
Volodymyr Voronenkov_128190,Volodymyr Voronenkov,-3,0,24,33,-9,57,2021-10-03 12:20:00,530853
Yaroslav Ivasiuk_127942,Yaroslav Ivasiuk,3,1,33,23,10,56,2021-10-03 12:20:00,530854
Nazarii Haievyi_1293584891,Nazarii Haievyi,2,1,42,31,11,73,2021-10-03 12:20:00,530855
I Afanasev_105184,I Afanasev,-2,0,30,40,-10,70,2021-10-03 12:21:00,530856
Serhii Poliakov_2126541241,Serhii Poliakov,-1,0,40,44,-4,84,2021-10-03 12:25:00,530857
Nikita Trofimov_453476664,Nikita Trofimov,1,1,55,45,10,100,2021-10-03 12:25:00,530858
Yevhen Kyi_127955,Yevhen Kyi,1,1,51,46,5,97,2021-10-03 12:25:00,530859
Petr Kubat_128242,Petr Kubat,2,1,42,34,8,76,2021-10-03 12:30:00,530860
Serhii Tsybulin_1330380659,Serhii Tsybulin,2,1,38,38,0,76,2021-10-03 12:30:00,530861
Dmytro Pysar_128202,Dmytro Pysar,1,1,59,43,16,102,2021-10-03 12:30:00,530862
T Holik_23511,T Holik,-1,0,45,45,0,90,2021-10-03 12:31:00,530863
Yu Lbov_105219,Yu Lbov,2,1,42,29,13,71,2021-10-03 12:34:00,530864
Maksym Balakiriev_128232,Maksym Balakiriev,2,1,38,31,7,69,2021-10-03 12:35:00,530865
Oleksandr Semenets_758887802,Oleksandr Semenets,2,1,42,28,14,70,2021-10-03 12:35:00,530866
Uryi Schepanskyi_217038913,Uryi Schepanskyi,3,1,33,21,12,54,2021-10-03 12:40:00,530867
Nazar Mosiuk_128212,Nazar Mosiuk,1,1,46,39,7,85,2021-10-03 12:40:00,530868
Serhii Solomko_128091,Serhii Solomko,-1,0,47,49,-2,96,2021-10-03 12:45:00,530869
Ulyana Palamarchuk_111170967,Ulyana Palamarchuk,-3,0,25,34,-9,59,2021-10-03 12:45:00,530870
B Grebenyuk_105185,B Grebenyuk,3,1,33,24,9,57,2021-10-03 12:45:00,530871
Bohdan Zdrobylko_996985921,Bohdan Zdrobylko,-1,0,46,52,-6,98,2021-10-03 12:50:00,530872
Anatolii Levshyn_128191,Anatolii Levshyn,3,1,33,16,17,49,2021-10-03 12:50:00,530873
Oleksii Kulbach_127943,Oleksii Kulbach,-3,0,23,33,-10,56,2021-10-03 12:50:00,530874
V Evlampiev_105252,V Evlampiev,1,1,44,37,7,81,2021-10-03 12:51:00,530875
Serhii Tkachev_128106,Serhii Tkachev,3,1,35,29,6,64,2021-10-03 12:55:00,530876
Liubomyr Sheshurak_1840029494,Liubomyr Sheshurak,-3,0,21,33,-12,54,2021-10-03 12:55:00,530877
A Kazakov_105220,A Kazakov,-1,0,45,46,-1,91,2021-10-03 13:00:00,530878
Alexey Gamyanin_1625463233,Alexey Gamyanin,-1,0,44,50,-6,94,2021-10-03 13:00:00,530879
Mykhailo Mosiuk_128203,Mykhailo Mosiuk,-2,0,25,42,-17,67,2021-10-03 13:00:00,530880
Roman Derypaska_649719373,Roman Derypaska,1,1,54,47,7,101,2021-10-03 13:00:00,530881
Serhii Boiko_860482145,Serhii Boiko,2,1,47,43,4,90,2021-10-03 13:05:00,530882
Ruslan Onishchenko_128233,Ruslan Onishchenko,3,1,34,19,15,53,2021-10-03 13:05:00,530883
Sr. Korp_23560,Sr. Korp,2,1,42,27,15,69,2021-10-03 13:09:00,530884
Yurii Shmyndra_128213,Yurii Shmyndra,1,1,49,40,9,89,2021-10-03 13:10:00,530885
Serhii Kinash_1312415111,Serhii Kinash,3,1,33,20,13,53,2021-10-03 13:10:00,530886
Viktor Chyzh_128092,Viktor Chyzh,-1,0,42,44,-2,86,2021-10-03 13:15:00,530887
I Minchenkov_105186,I Minchenkov,-1,0,53,58,-5,111,2021-10-03 13:15:00,530888
Josef Ruzicka_128276,Josef Ruzicka,-3,0,23,35,-12,58,2021-10-03 13:15:00,530889
Uryi Schepanskyi_344415895,Uryi Schepanskyi,2,1,40,35,5,75,2021-10-03 13:15:00,530890
Andrii Lukatskyi_128192,Andrii Lukatskyi,3,1,33,20,13,53,2021-10-03 13:20:00,530891
Anna Miklukha_671039752,Anna Miklukha,2,1,42,33,9,75,2021-10-03 13:20:00,530892
Maksym Studinikin_127944,Maksym Studinikin,-2,0,40,47,-7,87,2021-10-03 13:20:00,530893
Bogdan Stasiuk_1912778650,Bogdan Stasiuk,2,1,47,39,8,86,2021-10-03 13:25:00,530894
Oleksandr Kovalchuk_128107,Oleksandr Kovalchuk,-3,0,43,49,-6,92,2021-10-03 13:25:00,530895
A Libatskii_105253,A Libatskii,-1,0,36,51,-15,87,2021-10-03 13:26:00,530896
Yu Lbov_105221,Yu Lbov,3,1,33,25,8,58,2021-10-03 13:29:00,530897
Vitalii Zharskiy_652423956,Vitalii Zharskiy,-2,0,28,41,-13,69,2021-10-03 13:30:00,530898
T Holik_23561,T Holik,-2,0,32,43,-11,75,2021-10-03 13:34:00,530899
Serhii Poliakov_1232546799,Serhii Poliakov,-3,0,19,35,-16,54,2021-10-03 13:35:00,530900
Taras Yemelianov_128234,Taras Yemelianov,2,1,41,28,13,69,2021-10-03 13:35:00,530901
Serhii Zemiantsev_2087728968,Serhii Zemiantsev,-2,0,25,42,-17,67,2021-10-03 13:35:00,530902
Nazarii Kovalchuk_1868050453,Nazarii Kovalchuk,-2,0,35,40,-5,75,2021-10-03 13:40:00,530903
Oleksandr Mishchenko_128214,Oleksandr Mishchenko,1,1,53,52,1,105,2021-10-03 13:40:00,530904
Oleh Pereguda_128093,Oleh Pereguda,-2,0,36,43,-7,79,2021-10-03 13:45:00,530905
Oleksandr Dziabura_1881492595,Oleksandr Dziabura,3,1,35,25,10,60,2021-10-03 13:45:00,530906
Martin Filipek_128277,Martin Filipek,-1,0,54,55,-1,109,2021-10-03 13:45:00,530907
Volodymyr Maksiuta_132158154,Volodymyr Maksiuta,1,1,48,40,8,88,2021-10-03 13:50:00,530908
Mykola Shyshkin_127945,Mykola Shyshkin,2,1,39,35,4,74,2021-10-03 13:50:00,530909
Volodymyr Voronenkov_128193,Volodymyr Voronenkov,2,1,43,26,17,69,2021-10-03 13:50:00,530910
B Grebenyuk_105187,B Grebenyuk,-2,0,31,42,-11,73,2021-10-03 13:53:00,530911
Elena Pentuk_482094060,Elena Pentuk,2,1,39,31,8,70,2021-10-03 13:55:00,530912
Viacheslav Isakov_128108,Viacheslav Isakov,-2,0,31,41,-10,72,2021-10-03 13:55:00,530913
P Medvedev_105222,P Medvedev,2,1,40,29,11,69,2021-10-03 13:59:00,530914
Frantisek Korenek_128064,Frantisek Korenek,2,1,45,41,4,86,2021-10-03 14:00:00,530915
Viktor Bosak_1887700862,Viktor Bosak,-2,0,31,41,-10,72,2021-10-03 14:00:00,530916
Ivan Omelchuk_128368,Ivan Omelchuk,2,1,38,31,7,69,2021-10-03 14:00:00,530917
R Homenko_105254,R Homenko,2,1,41,35,6,76,2021-10-03 14:03:00,530918
Serhij Maksymiv_11370837,Serhij Maksymiv,3,1,33,15,18,48,2021-10-03 14:05:00,530919
Serhii Sokolov_128235,Serhii Sokolov,1,1,48,38,10,86,2021-10-03 14:05:00,530920
Alexey Gamyanin_1030282317,Alexey Gamyanin,1,1,43,48,-5,91,2021-10-03 14:10:00,530921
M Smrcek_23512,M Smrcek,3,1,36,27,9,63,2021-10-03 14:10:00,530922
Roman Cherevko_1453649206,Roman Cherevko,1,1,56,57,-1,113,2021-10-03 14:10:00,530923
Kostiantyn Klymenko_128094,Kostiantyn Klymenko,2,1,42,35,7,77,2021-10-03 14:15:00,530924
Serhii Tsybulin_1324476783,Serhii Tsybulin,-1,0,45,50,-5,95,2021-10-03 14:15:00,530925
I Afanasev_105188,I Afanasev,-3,0,23,34,-11,57,2021-10-03 14:15:00,530926
Oleksii Kulbach_127946,Oleksii Kulbach,2,1,43,34,9,77,2021-10-03 14:20:00,530927
Oleksandr Dukhovenko_128194,Oleksandr Dukhovenko,-3,0,18,33,-15,51,2021-10-03 14:20:00,530928
Anatolii Chaplianka_806615455,Anatolii Chaplianka,-3,0,23,33,-10,56,2021-10-03 14:20:00,530929
Artem Chepurnyi_128460,Artem Chepurnyi,3,1,33,15,18,48,2021-10-03 14:25:00,530930
Maksym Nikolenko_1510202304,Maksym Nikolenko,2,1,40,37,3,77,2021-10-03 14:25:00,530931
Yevhen Kyi_128109,Yevhen Kyi,-2,0,34,40,-6,74,2021-10-03 14:25:00,530932
A Kazakov_105309,A Kazakov,2,1,42,34,8,76,2021-10-03 14:29:00,530933
Vladyslav Ratushniak_128369,Vladyslav Ratushniak,-3,0,14,33,-19,47,2021-10-03 14:30:00,530934
Olena Telezhynska_1338118496,Olena Telezhynska,3,1,33,25,8,58,2021-10-03 14:30:00,530935
Adam Sochor_128065,Adam Sochor,-1,0,49,46,3,95,2021-10-03 14:30:00,530936
Z Kasinski_23513,Z Kasinski,-3,0,13,33,-20,46,2021-10-03 14:31:00,530937
Ruslan Onishchenko_128236,Ruslan Onishchenko,-1,0,46,53,-7,99,2021-10-03 14:35:00,530938
Viktor Bosak_1437265290,Viktor Bosak,-3,0,19,33,-14,52,2021-10-03 14:35:00,530939
A Libatskii_105255,A Libatskii,-3,0,20,33,-13,53,2021-10-03 14:36:00,530940
Liubomyr Sheshurak_1990743424,Liubomyr Sheshurak,-1,0,45,42,3,87,2021-10-03 14:40:00,530941
Serhii Poliakov_1309603653,Serhii Poliakov,3,1,33,16,17,49,2021-10-03 14:45:00,530942
Viktor Chyzh_128095,Viktor Chyzh,2,1,41,28,13,69,2021-10-03 14:45:00,530943
I Afanasev_105311,I Afanasev,3,1,34,23,11,57,2021-10-03 14:45:00,530944
Nikita Trofimov_195211631,Nikita Trofimov,3,1,33,22,11,55,2021-10-03 14:45:00,530945
Oleksandr Dukhovenko_128492,Oleksandr Dukhovenko,-1,0,38,51,-13,89,2021-10-03 14:50:00,530946
Oleksandr Levadnyi_608206036,Oleksandr Levadnyi,2,1,52,48,4,100,2021-10-03 14:50:00,530947
Oleksii Hordiichuk_127947,Oleksii Hordiichuk,3,1,33,16,17,49,2021-10-03 14:50:00,530948
Leonid Tertychnyi_128461,Leonid Tertychnyi,-2,0,36,38,-2,74,2021-10-03 14:55:00,530949
Serhii Tkachev_128110,Serhii Tkachev,-2,0,31,42,-11,73,2021-10-03 14:55:00,530950
V Evlampiev_105256,V Evlampiev,3,1,33,10,23,43,2021-10-03 14:57:00,530951
P Medvedev_105310,P Medvedev,-2,0,28,37,-9,65,2021-10-03 14:59:00,530952
Volodymyr Maksiuta_1015455628,Volodymyr Maksiuta,-3,0,13,33,-20,46,2021-10-03 15:00:00,530953
Adam Sochor_128066,Adam Sochor,-2,0,38,45,-7,83,2021-10-03 15:00:00,530954
R Kohout_23514,R Kohout,3,1,34,25,9,59,2021-10-03 15:00:00,530955
Elena Pentuk_67574861,Elena Pentuk,-2,0,33,41,-8,74,2021-10-03 15:05:00,530956
Serhii Pitsyk_128237,Serhii Pitsyk,1,1,52,46,6,98,2021-10-03 15:05:00,530957
Bogdan Stasiuk_1196502969,Bogdan Stasiuk,2,1,42,37,5,79,2021-10-03 15:10:00,530958
Kostiantyn Tsoi_128096,Kostiantyn Tsoi,2,1,49,44,5,93,2021-10-03 15:15:00,530959
Vitalii Zharskiy_1391949311,Vitalii Zharskiy,-3,0,21,33,-12,54,2021-10-03 15:15:00,530960
Va Ivanov_105312,Va Ivanov,-1,0,52,59,-7,111,2021-10-03 15:15:00,530961
Mykola Korniienko_128493,Mykola Korniienko,-3,0,21,34,-13,55,2021-10-03 15:20:00,530962
Roman Mischenko_972400059,Roman Mischenko,-3,0,25,33,-8,58,2021-10-03 15:20:00,530963
Roman Derypaska_165076226,Roman Derypaska,3,1,33,22,11,55,2021-10-03 15:20:00,530964
Oleksii Kulbach_127948,Oleksii Kulbach,1,1,46,42,4,88,2021-10-03 15:20:00,530965
A Libatskii_105314,A Libatskii,-3,0,18,33,-15,51,2021-10-03 15:23:00,530966
Viacheslav Isakov_128111,Viacheslav Isakov,-2,0,32,39,-7,71,2021-10-03 15:25:00,530967
Serhii Tsybulin_1181164788,Serhii Tsybulin,1,1,46,48,-2,94,2021-10-03 15:25:00,530968
K Novak_23515,K Novak,3,1,33,22,11,55,2021-10-03 15:30:00,530969
Frantisek Korenek_128067,Frantisek Korenek,1,1,49,40,9,89,2021-10-03 15:30:00,530970
Ir Kim_105223,Ir Kim,-2,0,34,42,-8,76,2021-10-03 15:30:00,530971
Ruslan Onishchenko_128238,Ruslan Onishchenko,-1,0,40,49,-9,89,2021-10-03 15:35:00,530972
Anton Limonov_566473868,Anton Limonov,-3,0,16,33,-17,49,2021-10-03 15:35:00,530973
Andrii Herasymenko_1789559920,Andrii Herasymenko,-2,0,34,42,-8,76,2021-10-03 15:40:00,530974
Viktor Chyzh_128097,Viktor Chyzh,-3,0,24,34,-10,58,2021-10-03 15:45:00,530975
V Putilovsky_105189,V Putilovsky,1,1,50,42,8,92,2021-10-03 15:47:00,530976
V Evlampiev_105313,V Evlampiev,-1,0,52,52,0,104,2021-10-03 15:48:00,530977
Yaroslav Ivasiuk_127949,Yaroslav Ivasiuk,-2,0,35,43,-8,78,2021-10-03 15:50:00,530978
Mykhailo Vivatenko_1986315674,Mykhailo Vivatenko,2,1,42,35,7,77,2021-10-03 15:50:00,530979
Lev Kats_1870150368,Lev Kats,-1,0,44,51,-7,95,2021-10-03 15:55:00,530980
Roman Zholubak_128112,Roman Zholubak,1,1,53,51,2,104,2021-10-03 15:55:00,530981
Oleksii Krutko_1340069793,Oleksii Krutko,2,1,46,42,4,88,2021-10-03 16:00:00,530982
Tomas Kanka_128068,Tomas Kanka,-2,0,24,42,-18,66,2021-10-03 16:00:00,530983
R Kohout_23516,R Kohout,3,1,33,14,19,47,2021-10-03 16:02:00,530984
M Gusev_105224,M Gusev,-3,0,22,33,-11,55,2021-10-03 16:04:00,530985
Maksym Balakiriev_128239,Maksym Balakiriev,3,1,35,27,8,62,2021-10-03 16:05:00,530986
Viktor Yefimov_1944887212,Viktor Yefimov,3,1,33,12,21,45,2021-10-03 16:10:00,530987
Uriy Sandulenko_1460547562,Uriy Sandulenko,-1,0,45,42,3,87,2021-10-03 16:15:00,530988
Serhii Solomko_128098,Serhii Solomko,1,1,48,47,1,95,2021-10-03 16:15:00,530989
A Kozlov_105190,A Kozlov,1,1,48,42,6,90,2021-10-03 16:16:00,530990
Oleg Gavryluk_1562110232,Oleg Gavryluk,3,1,35,25,10,60,2021-10-03 16:20:00,530991
Bohdan Chaikovskyi_127965,Bohdan Chaikovskyi,3,1,33,14,19,47,2021-10-03 16:20:00,530992
Viacheslav Isakov_128113,Viacheslav Isakov,-2,0,32,43,-11,75,2021-10-03 16:25:00,530993
Artur Moriak_2046798579,Artur Moriak,2,1,41,35,6,76,2021-10-03 16:25:00,530994
Ivan Sirenko_128115,Ivan Sirenko,-2,0,33,41,-8,74,2021-10-03 16:30:00,530995
Frantisek Korenek_128069,Frantisek Korenek,-1,0,47,54,-7,101,2021-10-03 16:30:00,530996
Roman Cherevko_845563082,Roman Cherevko,3,1,35,28,7,63,2021-10-03 16:30:00,530997
Z Kasinski_23517,Z Kasinski,-1,0,39,49,-10,88,2021-10-03 16:30:00,530998
E Anisimov_105225,E Anisimov,2,1,39,30,9,69,2021-10-03 16:30:00,530999
T Morozova_105257,T Morozova,-3,0,33,42,-9,75,2021-10-03 16:35:00,531000
Marharyta Saltanovska_128120,Marharyta Saltanovska,3,1,33,12,21,45,2021-10-03 16:35:00,531001
Yana Zakladna_794801377,Yana Zakladna,-3,0,19,35,-16,54,2021-10-03 16:35:00,531002
Yuliia Yemelianenko_1684256028,Yuliia Yemelianenko,-1,0,40,50,-10,90,2021-10-03 16:40:00,531003
Sviatoslav Sachuk_128155,Sviatoslav Sachuk,3,1,33,19,14,52,2021-10-03 16:40:00,531004
Oleh Ilin_128267,Oleh Ilin,-2,0,29,41,-12,70,2021-10-03 16:45:00,531005
Anton Limonov_1960773905,Anton Limonov,1,1,42,44,-2,86,2021-10-03 16:45:00,531006
A Lobanov_105191,A Lobanov,3,1,34,24,10,58,2021-10-03 16:49:00,531007
Andrii Herasymenko_1117618843,Andrii Herasymenko,2,1,41,30,11,71,2021-10-03 16:50:00,531008
Ihor Maiovka_127966,Ihor Maiovka,-1,0,43,53,-10,96,2021-10-03 16:50:00,531009
Oleksandr Kovalchuk_128114,Oleksandr Kovalchuk,-2,0,28,37,-9,65,2021-10-03 16:55:00,531010
Dmytro Lohosha_687599032,Dmytro Lohosha,-2,0,22,41,-19,63,2021-10-03 16:55:00,531011
V Kandybina_105258,V Kandybina,3,1,36,28,8,64,2021-10-03 16:58:00,531012
Mykhailo Vivatenko_2066528503,Mykhailo Vivatenko,2,1,39,33,6,72,2021-10-03 17:00:00,531013
Z Kasinski_23562,Z Kasinski,-1,0,43,47,-4,90,2021-10-03 17:00:00,531014
Serhii Semenets_127981,Serhii Semenets,-3,0,30,36,-6,66,2021-10-03 17:00:00,531015
A Kolmin_105226,A Kolmin,2,1,39,34,5,73,2021-10-03 17:00:00,531016
Nikita Trofimov_145980256,Nikita Trofimov,-2,0,37,46,-9,83,2021-10-03 17:05:00,531017
Anastasiia Ostapenko_128121,Anastasiia Ostapenko,-2,0,25,42,-17,67,2021-10-03 17:05:00,531018
Yana Zakladna_769256059,Yana Zakladna,-3,0,26,40,-14,66,2021-10-03 17:10:00,531019
Yaroslav Tkachenko_128156,Yaroslav Tkachenko,-1,0,53,56,-3,109,2021-10-03 17:10:00,531020
Tomas Kanka_128603,Tomas Kanka,-3,0,24,34,-10,58,2021-10-03 17:15:00,531021
Valerii Davydov_127996,Valerii Davydov,3,1,35,27,8,62,2021-10-03 17:15:00,531022
Yulija Rechytska_1220756039,Yulija Rechytska,-3,0,16,33,-17,49,2021-10-03 17:15:00,531023
D Sayanov_105192,D Sayanov,-2,0,38,45,-7,83,2021-10-03 17:16:00,531024
Bohdan Sinkevych_980357355,Bohdan Sinkevych,-3,0,19,33,-14,52,2021-10-03 17:20:00,531025
I Skachkova_105259,I Skachkova,1,1,50,42,8,92,2021-10-03 17:20:00,531026
Taras Mokryi_127967,Taras Mokryi,-3,0,29,35,-6,64,2021-10-03 17:20:00,531027
Timur Voitekhov_128140,Timur Voitekhov,-1,0,47,58,-11,105,2021-10-03 17:25:00,531028
Dmytro Halai_944523690,Dmytro Halai,3,1,37,28,9,65,2021-10-03 17:25:00,531029
Vadym Semenenko_127982,Vadym Semenenko,-1,0,49,50,-1,99,2021-10-03 17:30:00,531030
M Smrcek_23563,M Smrcek,-3,0,22,33,-11,55,2021-10-03 17:30:00,531031
Oleg Gavryluk_552890569,Oleg Gavryluk,-2,0,26,42,-16,68,2021-10-03 17:30:00,531032
E Anisimov_105227,E Anisimov,2,1,40,35,5,75,2021-10-03 17:33:00,531033
Vasyl Pleshkan_88726776,Vasyl Pleshkan,1,1,45,44,1,89,2021-10-03 17:35:00,531034
Kateryna Hubska_128122,Kateryna Hubska,3,1,33,21,12,54,2021-10-03 17:35:00,531035
Dmytro Prokopenko_128157,Dmytro Prokopenko,2,1,46,39,7,85,2021-10-03 17:40:00,531036
Serhii Zemiantsev_1452800253,Serhii Zemiantsev,-1,0,54,55,-1,109,2021-10-03 17:40:00,531037
Martin Prusa_128604,Martin Prusa,1,1,51,47,4,98,2021-10-03 17:45:00,531038
Ihor Emets_128268,Ihor Emets,1,1,51,48,3,99,2021-10-03 17:45:00,531039
A Kondratova_105260,A Kondratova,-1,0,45,46,-1,91,2021-10-03 17:45:00,531040
Yuliia Yemelianenko_663237330,Yuliia Yemelianenko,2,1,50,42,8,92,2021-10-03 17:45:00,531041
A Lobanov_105193,A Lobanov,-2,0,29,41,-12,70,2021-10-03 17:46:00,531042
Yana Zakladna_1135543051,Yana Zakladna,2,1,39,23,16,62,2021-10-03 17:50:00,531043
Ihor Maiovka_127968,Ihor Maiovka,1,1,45,38,7,83,2021-10-03 17:50:00,531044
Viktor Yefimov_1219755053,Viktor Yefimov,1,1,42,42,0,84,2021-10-03 17:55:00,531045
Oleksandr Ivashkin_128141,Oleksandr Ivashkin,-2,0,35,44,-9,79,2021-10-03 17:55:00,531046
Tomas Beran_128243,Tomas Beran,-2,0,39,47,-8,86,2021-10-03 18:00:00,531047
Uriy Sandulenko_1799719459,Uriy Sandulenko,3,1,33,18,15,51,2021-10-03 18:00:00,531048
Serhii Semenets_127983,Serhii Semenets,1,1,46,47,-1,93,2021-10-03 18:00:00,531049
A Barton_23518,A Barton,2,1,40,35,5,75,2021-10-03 18:00:00,531050
M Gusev_105228,M Gusev,-3,0,22,33,-11,55,2021-10-03 18:01:00,531051
Anastasiia Ostapenko_128123,Anastasiia Ostapenko,2,1,39,28,11,67,2021-10-03 18:05:00,531052
Andrii Khvysiuk_526230112,Andrii Khvysiuk,-3,0,14,33,-19,47,2021-10-03 18:05:00,531053
Yaroslav Tkachenko_128158,Yaroslav Tkachenko,-2,0,21,41,-20,62,2021-10-03 18:10:00,531054
Artur Moriak_1677363508,Artur Moriak,-2,0,31,38,-7,69,2021-10-03 18:10:00,531055
Lev Kats_219250140,Lev Kats,2,1,36,31,5,67,2021-10-03 18:15:00,531056
A Kozlov_105194,A Kozlov,1,1,50,44,6,94,2021-10-03 18:15:00,531057
Valerii Davydov_128269,Valerii Davydov,-2,0,34,40,-6,74,2021-10-03 18:15:00,531058
Yulija Rechytska_1855502642,Yulija Rechytska,2,1,44,39,5,83,2021-10-03 18:20:00,531059
I Skachkova_105261,I Skachkova,3,1,33,17,16,50,2021-10-03 18:20:00,531060
Bohdan Chaikovskyi_127969,Bohdan Chaikovskyi,3,1,33,9,24,42,2021-10-03 18:20:00,531061
Roman Malynka_128142,Roman Malynka,1,1,47,47,0,94,2021-10-03 18:25:00,531062
Yuliia Yemelianenko_1328250811,Yuliia Yemelianenko,-2,0,37,43,-6,80,2021-10-03 18:25:00,531063
T Batthyany_23519,T Batthyany,-2,0,39,46,-7,85,2021-10-03 18:29:00,531064
Ivan Sirenko_128116,Ivan Sirenko,-3,0,15,33,-18,48,2021-10-03 18:30:00,531065
Viktor Yefimov_1743654364,Viktor Yefimov,3,1,40,29,11,69,2021-10-03 18:30:00,531066
M Gusev_105423,M Gusev,-3,0,22,34,-12,56,2021-10-03 18:30:00,531067
Vaclav Ezr_128244,Vaclav Ezr,2,1,48,36,12,84,2021-10-03 18:30:00,531068
Andrii Herasymenko_717465641,Andrii Herasymenko,-3,0,20,33,-13,53,2021-10-03 18:35:00,531069
Marharyta Saltanovska_128124,Marharyta Saltanovska,-2,0,36,44,-8,80,2021-10-03 18:35:00,531070
V Kandybina_105262,V Kandybina,-1,0,50,47,3,97,2021-10-03 18:38:00,531071
Sviatoslav Sachuk_128159,Sviatoslav Sachuk,-1,0,48,49,-1,97,2021-10-03 18:40:00,531072
Dmytro Lohosha_880638398,Dmytro Lohosha,-2,0,33,37,-4,70,2021-10-03 18:40:00,531073
Oleh Ilin_128136,Oleh Ilin,-1,0,50,45,5,95,2021-10-03 18:45:00,531074
Mykhailo Vivatenko_711442264,Mykhailo Vivatenko,1,1,48,38,10,86,2021-10-03 18:45:00,531075
Rostyslav Fylypiv_127970,Rostyslav Fylypiv,2,1,43,34,9,77,2021-10-03 18:50:00,531076
Roman Derypaska_847296221,Roman Derypaska,1,1,53,55,-2,108,2021-10-03 18:50:00,531077
V Putilovsky_105425,V Putilovsky,3,1,35,28,7,63,2021-10-03 18:51:00,531078
Tatiana Bairak_938228512,Tatiana Bairak,-1,0,43,46,-3,89,2021-10-03 18:55:00,531079
Oleksandr Ivashkin_128143,Oleksandr Ivashkin,-2,0,33,42,-9,75,2021-10-03 18:55:00,531080
A Kolmin_105424,A Kolmin,-3,0,18,33,-15,51,2021-10-03 19:00:00,531081
Yana Zakladna_2043382998,Yana Zakladna,-2,0,36,40,-4,76,2021-10-03 19:00:00,531082
Vaclav Ezr_128245,Vaclav Ezr,-2,0,30,40,-10,70,2021-10-03 19:00:00,531083
Viktor Antonenko_127985,Viktor Antonenko,-1,0,47,47,0,94,2021-10-03 19:00:00,531084
T Zahradnik_23520,T Zahradnik,-3,0,17,33,-16,50,2021-10-03 19:00:00,531085
Anastasiia Gordinskaya-Sheiko_128125,Anastasiia Gordinskaya-Sheiko,-2,0,30,41,-11,71,2021-10-03 19:05:00,531086
Oleksandr Didukh_1272118439,Oleksandr Didukh,-3,0,21,33,-12,54,2021-10-03 19:05:00,531087
Dmytro Halai_1995394381,Dmytro Halai,3,1,33,19,14,52,2021-10-03 19:10:00,531088
T Morozova_105427,T Morozova,-3,0,22,35,-13,57,2021-10-03 19:10:00,531089
Andrii Melchenko_128160,Andrii Melchenko,-1,0,45,49,-4,94,2021-10-03 19:10:00,531090
A Lobanov_105426,A Lobanov,2,1,45,36,9,81,2021-10-03 19:15:00,531091
Oleg Gavryluk_1657010712,Oleg Gavryluk,-2,0,33,42,-9,75,2021-10-03 19:15:00,531092
Oleksandr Hryhoriev_128270,Oleksandr Hryhoriev,-3,0,23,34,-11,57,2021-10-03 19:15:00,531093
Taras Mokryi_127971,Taras Mokryi,-1,0,40,51,-11,91,2021-10-03 19:20:00,531094
Vasyl Pleshkan_2055039818,Vasyl Pleshkan,-2,0,37,41,-4,78,2021-10-03 19:20:00,531095
Serhii Baranovskyi_1043980469,Serhii Baranovskyi,2,1,41,32,9,73,2021-10-03 19:25:00,531096
Timur Voitekhov_128144,Timur Voitekhov,-3,0,25,33,-8,58,2021-10-03 19:25:00,531097
I Skachkova_105428,I Skachkova,-1,0,42,51,-9,93,2021-10-03 19:26:00,531098
Alina Shkarban_545523288,Alina Shkarban,-1,0,49,45,4,94,2021-10-03 19:30:00,531099
M Bittner_23521,M Bittner,3,1,34,27,7,61,2021-10-03 19:30:00,531100
Vadym Semenenko_127986,Vadym Semenenko,1,1,52,46,6,98,2021-10-03 19:30:00,531101
Tomas Beran_128246,Tomas Beran,1,1,45,51,-6,96,2021-10-03 19:30:00,531102
I Zemit_105229,I Zemit,-2,0,36,43,-7,79,2021-10-03 19:31:00,531103
Yulija Rechytska_1220968955,Yulija Rechytska,-3,0,16,33,-17,49,2021-10-03 19:35:00,531104
Kateryna Hubska_128126,Kateryna Hubska,-1,0,42,46,-4,88,2021-10-03 19:35:00,531105
Anton Limonov_939618141,Anton Limonov,-2,0,31,35,-4,66,2021-10-03 19:40:00,531106
Dmytro Prokopenko_128161,Dmytro Prokopenko,-1,0,42,44,-2,86,2021-10-03 19:40:00,531107
Uriy Sandulenko_385430750,Uriy Sandulenko,1,1,57,44,13,101,2021-10-03 19:45:00,531108
Ihor Emets_128271,Ihor Emets,2,1,38,32,6,70,2021-10-03 19:45:00,531109
Ihor Maiovka_127972,Ihor Maiovka,3,1,33,21,12,54,2021-10-03 19:50:00,531110
Andrii Khvysiuk_1984613536,Andrii Khvysiuk,-2,0,33,39,-6,72,2021-10-03 19:50:00,531111
D Petrochenko_105195,D Petrochenko,2,1,37,35,2,72,2021-10-03 19:50:00,531112
V Fedorov_105265,V Fedorov,-1,0,45,51,-6,96,2021-10-03 19:54:00,531113
Volodymyr Lutskii_128145,Volodymyr Lutskii,-2,0,35,38,-3,73,2021-10-03 19:55:00,531114
Artur Moriak_1812564952,Artur Moriak,-1,0,48,50,-2,98,2021-10-03 19:55:00,531115
Serhii Semenets_127987,Serhii Semenets,-2,0,34,44,-10,78,2021-10-03 20:00:00,531116
V Zhulyabin_105230,V Zhulyabin,-1,0,44,55,-11,99,2021-10-03 20:00:00,531117
T Zahradnik_23522,T Zahradnik,-3,0,24,38,-14,62,2021-10-03 20:00:00,531118
Jan Jr Krames_128247,Jan Jr Krames,1,1,50,46,4,96,2021-10-03 20:00:00,531119
Roman Derypaska_1882916185,Roman Derypaska,-3,0,26,35,-9,61,2021-10-03 20:00:00,531120
Anastasiia Ostapenko_128127,Anastasiia Ostapenko,-2,0,29,41,-12,70,2021-10-03 20:05:00,531121
Oleksandr Tuzhylin_1221221402,Oleksandr Tuzhylin,3,1,33,20,13,53,2021-10-03 20:05:00,531122
Valerii Melnyk_45096596,Valerii Melnyk,-2,0,31,39,-8,70,2021-10-03 20:10:00,531123
Valerii Davydov_128272,Valerii Davydov,3,1,33,20,13,53,2021-10-03 20:15:00,531124
Vitalii Lievshin_1588436313,Vitalii Lievshin,-2,0,38,45,-7,83,2021-10-03 20:15:00,531125
I Soldatov_105196,I Soldatov,1,1,53,48,5,101,2021-10-03 20:16:00,531126
Oleksiy Molochko_1176905016,Oleksiy Molochko,3,1,33,18,15,51,2021-10-03 20:20:00,531127
Bohdan Chaikovskyi_127973,Bohdan Chaikovskyi,3,1,33,9,24,42,2021-10-03 20:20:00,531128
Andrii Skliarenko_128215,Andrii Skliarenko,-3,0,25,35,-10,60,2021-10-03 20:20:00,531129
V Shirokov_105266,V Shirokov,-2,0,28,42,-14,70,2021-10-03 20:23:00,531130
Roman Malynka_128146,Roman Malynka,3,1,35,25,10,60,2021-10-03 20:25:00,531131
Dmytro Lohosha_631963677,Dmytro Lohosha,1,1,47,39,8,86,2021-10-03 20:25:00,531132
Ihor Syniavskyi_383390860,Ihor Syniavskyi,3,1,37,26,11,63,2021-10-03 20:30:00,531133
Tomas Beran_128248,Tomas Beran,1,1,52,48,4,100,2021-10-03 20:30:00,531134
Ivan Sirenko_128117,Ivan Sirenko,-3,0,18,33,-15,51,2021-10-03 20:30:00,531135
T Batthyany_23523,T Batthyany,-1,0,44,49,-5,93,2021-10-03 20:30:00,531136
D Tikhnenko_105231,D Tikhnenko,-3,0,22,33,-11,55,2021-10-03 20:35:00,531137
Nikita Trofimov_769434147,Nikita Trofimov,-2,0,30,41,-11,71,2021-10-03 20:35:00,531138
Marharyta Saltanovska_128128,Marharyta Saltanovska,-3,0,31,37,-6,68,2021-10-03 20:35:00,531139
Sviatoslav Sachuk_128163,Sviatoslav Sachuk,1,1,47,44,3,91,2021-10-03 20:40:00,531140
Oleksandr Tuzhylin_267863019,Oleksandr Tuzhylin,-1,0,50,43,7,93,2021-10-03 20:40:00,531141
Dmytro Yaremchuk_1603751102,Dmytro Yaremchuk,-2,0,29,41,-12,70,2021-10-03 20:45:00,531142
Oleh Ilin_128137,Oleh Ilin,-2,0,28,42,-14,70,2021-10-03 20:45:00,531143
Rostyslav Fylypiv_127974,Rostyslav Fylypiv,3,1,33,18,15,51,2021-10-03 20:50:00,531144
Dmytro Rehotun_128216,Dmytro Rehotun,-1,0,49,55,-6,104,2021-10-03 20:50:00,531145
Oleksandr Didukh_825132607,Oleksandr Didukh,3,1,33,15,18,48,2021-10-03 20:50:00,531146
A Innazarov_105267,A Innazarov,-2,0,33,40,-7,73,2021-10-03 20:51:00,531147
I Moshkov_105197,I Moshkov,1,1,50,42,8,92,2021-10-03 20:54:00,531148
Oleksandr Ivashkin_128147,Oleksandr Ivashkin,-2,0,33,40,-7,73,2021-10-03 20:55:00,531149
Andrii Herasymenko_2110570014,Andrii Herasymenko,1,1,49,43,6,92,2021-10-03 20:55:00,531150
Viktor Antonenko_127989,Viktor Antonenko,3,1,34,25,9,59,2021-10-03 21:00:00,531151
Pavlo Chyzh_196262957,Pavlo Chyzh,1,1,46,49,-3,95,2021-10-03 21:00:00,531152
S Burov_105232,S Burov,-1,0,41,48,-7,89,2021-10-03 21:02:00,531153
Anastasiia Gordinskaya-Sheiko_128129,Anastasiia Gordinskaya-Sheiko,3,1,33,16,17,49,2021-10-03 21:05:00,531154
Mykhailo Vivatenko_1008430352,Mykhailo Vivatenko,1,1,54,52,2,106,2021-10-03 21:05:00,531155
Yevhen Masko_1947047244,Yevhen Masko,2,1,42,32,10,74,2021-10-03 21:10:00,531156
Andrii Melchenko_128164,Andrii Melchenko,-2,0,35,46,-11,81,2021-10-03 21:10:00,531157
T Batthyany_23564,T Batthyany,-2,0,37,41,-4,78,2021-10-03 21:11:00,531158
Oleksandr Hryhoriev_128273,Oleksandr Hryhoriev,2,1,46,32,14,78,2021-10-03 21:15:00,531159
Valerii Melnyk_455986790,Valerii Melnyk,3,1,35,24,11,59,2021-10-03 21:15:00,531160
P Pinkovskii_105268,P Pinkovskii,-2,0,31,42,-11,73,2021-10-03 21:16:00,531161
Andrii Skliarenko_128217,Andrii Skliarenko,-2,0,36,44,-8,80,2021-10-03 21:20:00,531162
Jan Jr Krames_128632,Jan Jr Krames,1,1,47,41,6,88,2021-10-03 21:20:00,531163
Oleksandr Tuzhylin_847789816,Oleksandr Tuzhylin,2,1,41,33,8,74,2021-10-03 21:20:00,531164
Taras Mokryi_127975,Taras Mokryi,2,1,45,37,8,82,2021-10-03 21:20:00,531165
E Markelov_105198,E Markelov,2,1,40,39,1,79,2021-10-03 21:24:00,531166
Andrii Herasymenko_40269790,Andrii Herasymenko,-3,0,24,33,-9,57,2021-10-03 21:30:00,531167
Vadym Semenenko_127990,Vadym Semenenko,3,1,33,24,9,57,2021-10-03 21:30:00,531168
D Tikhnenko_105233,D Tikhnenko,1,1,42,38,4,80,2021-10-03 21:30:00,531169
Oleg Gavryluk_1174823415,Oleg Gavryluk,1,1,52,48,4,100,2021-10-03 21:35:00,531170
M Bittner_23565,M Bittner,-2,0,36,43,-7,79,2021-10-03 21:35:00,531171
Kateryna Hubska_128130,Kateryna Hubska,-2,0,30,43,-13,73,2021-10-03 21:35:00,531172
Artur Moriak_491504629,Artur Moriak,2,1,43,31,12,74,2021-10-03 21:40:00,531173
Dmytro Prokopenko_128165,Dmytro Prokopenko,2,1,39,27,12,66,2021-10-03 21:40:00,531174
Serhii Baranovskyi_411560759,Serhii Baranovskyi,2,1,48,44,4,92,2021-10-03 21:45:00,531175
Ihor Emets_128005,Ihor Emets,1,1,43,41,2,84,2021-10-03 21:45:00,531176
A Innazarov_105269,A Innazarov,-3,0,25,33,-8,58,2021-10-03 21:48:00,531177
Dmytro Yaremchuk_779558961,Dmytro Yaremchuk,3,1,38,26,12,64,2021-10-03 21:50:00,531178
Bohdan Chaikovskyi_127976,Bohdan Chaikovskyi,3,1,34,20,14,54,2021-10-03 21:50:00,531179
Artem Yurkov_128218,Artem Yurkov,2,1,42,29,13,71,2021-10-03 21:50:00,531180
Tomas Vorisek_128633,Tomas Vorisek,1,1,51,41,10,92,2021-10-03 21:50:00,531181
I Moshkov_105199,I Moshkov,3,1,36,23,13,59,2021-10-03 21:53:00,531182
Volodymyr Lutskii_128149,Volodymyr Lutskii,-3,0,21,33,-12,54,2021-10-03 21:55:00,531183
Valerii Melnyk_55626460,Valerii Melnyk,-2,0,29,43,-14,72,2021-10-03 21:55:00,531184
Ivan Sirenko_128118,Ivan Sirenko,-1,0,47,51,-4,98,2021-10-03 22:00:00,531185
V Zhulyabin_105234,V Zhulyabin,2,1,42,21,21,63,2021-10-03 22:00:00,531186
Dominik Pasek_128052,Dominik Pasek,2,1,47,42,5,89,2021-10-03 22:00:00,531187
Marharyta Saltanovska_128131,Marharyta Saltanovska,-3,0,15,33,-18,48,2021-10-03 22:05:00,531188
Oleksiy Molochko_81799570,Oleksiy Molochko,-3,0,23,37,-14,60,2021-10-03 22:05:00,531189
Jr. Mecl_23524,Jr. Mecl,3,1,33,27,6,60,2021-10-03 22:06:00,531190
Andrii Khvysiuk_851329159,Andrii Khvysiuk,-2,0,33,38,-5,71,2021-10-03 22:10:00,531191
V Shirokov_105270,V Shirokov,3,1,36,30,6,66,2021-10-03 22:15:00,531192
Oleh Ilin_128138,Oleh Ilin,3,1,34,18,16,52,2021-10-03 22:15:00,531193
Ihor Syniavskyi_113612779,Ihor Syniavskyi,-2,0,35,38,-3,73,2021-10-03 22:15:00,531194
I Soldatov_105200,I Soldatov,1,1,51,47,4,98,2021-10-03 22:18:00,531195
Dmytro Kozak_127977,Dmytro Kozak,-1,0,40,47,-7,87,2021-10-03 22:20:00,531196
Dmytro Rehotun_128219,Dmytro Rehotun,-3,0,13,33,-20,46,2021-10-03 22:20:00,531197
Roman Derypaska_629592423,Roman Derypaska,1,1,43,44,-1,87,2021-10-03 22:20:00,531198
Ivan Mai_2089615320,Ivan Mai,3,1,36,25,11,61,2021-10-03 22:25:00,531199
I Zemit_105429,I Zemit,-3,0,28,37,-9,65,2021-10-03 22:30:00,531200
Oleksandr Tuzhylin_1453344034,Oleksandr Tuzhylin,2,1,43,29,14,72,2021-10-03 22:30:00,531201
Andrii Podolian_127992,Andrii Podolian,2,1,40,30,10,70,2021-10-03 22:30:00,531202
R Jamrich_23525,R Jamrich,2,1,39,35,4,74,2021-10-03 22:30:00,531203
Petr Chlumsky_128053,Petr Chlumsky,-3,0,15,33,-18,48,2021-10-03 22:30:00,531204
Yevheniia Severyna_128132,Yevheniia Severyna,-2,0,33,41,-8,74,2021-10-03 22:35:00,531205
Fedir Balbas_128167,Fedir Balbas,3,1,33,20,13,53,2021-10-03 22:40:00,531206
Ivan Panchenko_128274,Ivan Panchenko,2,1,40,25,15,65,2021-10-03 22:45:00,531207
A Innazarov_105431,A Innazarov,-2,0,28,42,-14,70,2021-10-03 22:45:00,531208
Oleg Gavryluk_1647130699,Oleg Gavryluk,-3,0,23,34,-11,57,2021-10-03 22:45:00,531209
Andrii Skliarenko_128220,Andrii Skliarenko,-2,0,28,41,-13,69,2021-10-03 22:50:00,531210
Bohdan Chaikovskyi_127978,Bohdan Chaikovskyi,3,1,33,22,11,55,2021-10-03 22:50:00,531211
Timur Voitekhov_128151,Timur Voitekhov,2,1,39,34,5,73,2021-10-03 22:55:00,531212
E Markelov_105433,E Markelov,-3,0,23,33,-10,56,2021-10-03 22:57:00,531213
Petr Chlumsky_128054,Petr Chlumsky,-2,0,39,43,-4,82,2021-10-03 23:00:00,531214
Ivan Sirenko_128119,Ivan Sirenko,3,1,33,20,13,53,2021-10-03 23:00:00,531215
P Gireth_23526,P Gireth,3,1,33,19,14,52,2021-10-03 23:00:00,531216
Valerii Melnyk_20329538,Valerii Melnyk,1,1,46,47,-1,93,2021-10-03 23:00:00,531217
D Tikhnenko_105430,D Tikhnenko,2,1,41,37,4,78,2021-10-03 23:01:00,531218
Marharyta Saltanovska_128133,Marharyta Saltanovska,-3,0,29,37,-8,66,2021-10-03 23:05:00,531219
Ivan Mai_694765143,Ivan Mai,-3,0,22,33,-11,55,2021-10-03 23:05:00,531220
Sviatoslav Sachuk_128168,Sviatoslav Sachuk,2,1,43,34,9,77,2021-10-03 23:10:00,531221
P Pinkovskii_105432,P Pinkovskii,-2,0,32,40,-8,72,2021-10-03 23:15:00,531222
Oleh Ilin_128275,Oleh Ilin,3,1,33,23,10,56,2021-10-03 23:15:00,531223
I Soldatov_105434,I Soldatov,3,1,34,25,9,59,2021-10-03 23:17:00,531224
Dmytro Rehotun_128221,Dmytro Rehotun,-3,0,19,33,-14,52,2021-10-03 23:20:00,531225
Ihor Maiovka_127979,Ihor Maiovka,-2,0,38,39,-1,77,2021-10-03 23:20:00,531226
Dominik Pasek_128055,Dominik Pasek,1,1,50,43,7,93,2021-10-03 23:30:00,531227
Serhii Semenets_127994,Serhii Semenets,3,1,33,18,15,51,2021-10-03 23:30:00,531228
Ma Klimenta_23527,Ma Klimenta,1,1,47,42,5,89,2021-10-03 23:30:00,531229
R Pavlenko_105235,R Pavlenko,-2,0,30,38,-8,68,2021-10-03 23:34:00,531230
Mykola Lytvynenko_709057873,Mykola Lytvynenko,2,1,43,36,7,79,2021-10-03 23:35:00,531231
Anastasiia Ostapenko_128134,Anastasiia Ostapenko,3,1,33,19,14,52,2021-10-03 23:35:00,531232
Va Ivanov_105271,Va Ivanov,-1,0,41,50,-9,91,2021-10-03 23:44:00,531233
Roman Rybachuk_108089192,Roman Rybachuk,1,1,46,40,6,86,2021-10-03 23:45:00,531234
Valerii Davydov_128009,Valerii Davydov,-1,0,43,51,-8,94,2021-10-03 23:45:00,531235
M Minkov_105201,M Minkov,1,1,55,51,4,106,2021-10-03 23:46:00,531236
Artem Yurkov_128222,Artem Yurkov,3,1,33,23,10,56,2021-10-03 23:50:00,531237
Timur Voitekhov_128153,Timur Voitekhov,1,1,55,50,5,105,2021-10-03 23:55:00,531238
V Kalachev_109399,V Kalachev,2,1,36,29,7,65,2021-10-04 00:01:00,531239
Vitalii Kyilo_137096,Vitalii Kyilo,-1,0,45,49,-4,94,2021-10-04 00:05:00,531240
Yuriy Tarasov_1176372600,Yuriy Tarasov,-2,0,38,47,-9,85,2021-10-04 00:10:00,531241
Alexey Lukianov_1770050724,Alexey Lukianov,1,1,47,44,3,91,2021-10-04 00:15:00,531242
V Safonov_109433,V Safonov,3,1,36,28,8,64,2021-10-04 00:15:00,531243
Roman Rybachuk_1455130263,Roman Rybachuk,2,1,48,39,9,87,2021-10-04 00:15:00,531244
E Ilyukhin_109359,E Ilyukhin,-3,0,19,33,-14,52,2021-10-04 00:16:00,531245
P Gireth_24557,P Gireth,1,1,48,43,5,91,2021-10-04 00:20:00,531246
Dmytro Prokopenko_137543,Dmytro Prokopenko,3,1,33,25,8,58,2021-10-04 00:20:00,531247
Ilya Kanunnikov_137111,Ilya Kanunnikov,-1,0,45,51,-6,96,2021-10-04 00:25:00,531248
A Pravednov_109400,A Pravednov,2,1,41,34,7,75,2021-10-04 00:30:00,531249
Oleksandr Lysenko_137097,Oleksandr Lysenko,3,1,33,13,20,46,2021-10-04 00:35:00,531250
Oleh Obidnyi_537153352,Oleh Obidnyi,1,1,52,48,4,100,2021-10-04 00:45:00,531251
R Kobytov_109434,R Kobytov,2,1,46,35,11,81,2021-10-04 00:45:00,531252
Sergii Lugovskyi_1096680509,Sergii Lugovskyi,-3,0,26,34,-8,60,2021-10-04 00:45:00,531253
D Balakin_109360,D Balakin,1,1,54,54,0,108,2021-10-04 00:46:00,531254
Jaromir Zlamal_137545,Jaromir Zlamal,3,1,33,16,17,49,2021-10-04 00:50:00,531255
Alexey Lukianov_1793376231,Alexey Lukianov,-2,0,36,39,-3,75,2021-10-04 00:50:00,531256
Andrii Melchenko_137544,Andrii Melchenko,-3,0,26,35,-9,61,2021-10-04 00:50:00,531257
Jo Silhan_24558,Jo Silhan,-3,0,21,34,-13,55,2021-10-04 00:52:00,531258
Oleksandr Dukhovenko_137112,Oleksandr Dukhovenko,-2,0,35,39,-4,74,2021-10-04 00:55:00,531259
R Pavlenko_109401,R Pavlenko,3,1,33,19,14,52,2021-10-04 01:01:00,531260
Hryhorii Kulishov_137098,Hryhorii Kulishov,-1,0,31,45,-14,76,2021-10-04 01:05:00,531261
Roman Rybachuk_1550010858,Roman Rybachuk,-2,0,34,41,-7,75,2021-10-04 01:15:00,531262
A Tsitselskii_109435,A Tsitselskii,-3,0,19,33,-14,52,2021-10-04 01:16:00,531263
A Suntsov_109361,A Suntsov,3,1,34,23,11,57,2021-10-04 01:19:00,531264
Nataliia Khmilevska_1074847390,Nataliia Khmilevska,2,1,42,29,13,71,2021-10-04 01:20:00,531265
Jan Holan_137546,Jan Holan,-1,0,44,52,-8,96,2021-10-04 01:20:00,531266
Oleksandr Mishchenko_137113,Oleksandr Mishchenko,-1,0,41,48,-7,89,2021-10-04 01:25:00,531267
V Kalachev_109402,V Kalachev,1,1,58,50,8,108,2021-10-04 01:31:00,531268
Oleksandr Lysenko_137099,Oleksandr Lysenko,3,1,35,24,11,59,2021-10-04 01:35:00,531269
V Safonov_109436,V Safonov,-3,0,16,33,-17,49,2021-10-04 01:45:00,531270
Sergii Lugovskyi_1226271244,Sergii Lugovskyi,1,1,52,43,9,95,2021-10-04 01:45:00,531271
E Ilyukhin_109362,E Ilyukhin,2,1,42,31,11,73,2021-10-04 01:46:00,531272
Tatiana Tatianina_1544160818,Tatiana Tatianina,-1,0,48,51,-3,99,2021-10-04 01:50:00,531273
Oleksandr Dukhovenko_137114,Oleksandr Dukhovenko,-3,0,13,33,-20,46,2021-10-04 01:55:00,531274
Vitalii Kyilo_137100,Vitalii Kyilo,1,1,52,52,0,104,2021-10-04 02:05:00,531275
A Tsitselskii_109437,A Tsitselskii,-2,0,37,41,-4,78,2021-10-04 02:15:00,531276
Serhii Berezynskyi_432534834,Serhii Berezynskyi,3,1,33,20,13,53,2021-10-04 02:15:00,531277
R Pavlenko_109403,R Pavlenko,2,1,42,32,10,74,2021-10-04 02:16:00,531278
A Suntsov_109363,A Suntsov,-3,0,23,34,-11,57,2021-10-04 02:17:00,531279
Nataliia Khmilevska_734924933,Nataliia Khmilevska,-2,0,32,43,-11,75,2021-10-04 02:20:00,531280
Ilya Kanunnikov_137115,Ilya Kanunnikov,2,1,41,37,4,78,2021-10-04 02:25:00,531281
Maksym Marchuk_137101,Maksym Marchuk,1,1,48,32,16,80,2021-10-04 02:35:00,531282
I Novikov_109404,I Novikov,3,1,33,14,19,47,2021-10-04 02:40:00,531283
A Golyshev_109438,A Golyshev,1,1,53,41,12,94,2021-10-04 02:45:00,531284
Roman Rybachuk_1438851038,Roman Rybachuk,-2,0,36,39,-3,75,2021-10-04 02:45:00,531285
A Vlasov_109364,A Vlasov,-2,0,35,39,-4,74,2021-10-04 02:46:00,531286
Tatiana Tatianina_1628422323,Tatiana Tatianina,-2,0,27,40,-13,67,2021-10-04 02:50:00,531287
Artem Chepurnyi_137116,Artem Chepurnyi,-2,0,27,41,-14,68,2021-10-04 02:55:00,531288
A Pravednov_109405,A Pravednov,-1,0,45,42,3,87,2021-10-04 03:01:00,531289
Hryhorii Kulishov_137102,Hryhorii Kulishov,3,1,34,26,8,60,2021-10-04 03:05:00,531290
R Kobytov_109439,R Kobytov,1,1,43,43,0,86,2021-10-04 03:15:00,531291
Sergii Lugovskyi_1096723807,Sergii Lugovskyi,3,1,33,15,18,48,2021-10-04 03:15:00,531292
D Balakin_109365,D Balakin,-2,0,22,40,-18,62,2021-10-04 03:16:00,531293
Nataliia Khmilevska_1085090638,Nataliia Khmilevska,2,1,41,33,8,74,2021-10-04 03:20:00,531294
Oleksandr Mishchenko_137117,Oleksandr Mishchenko,-1,0,43,46,-3,89,2021-10-04 03:25:00,531295
S Ogai_109406,S Ogai,1,1,46,44,2,90,2021-10-04 03:29:00,531296
Oleksandr Lysenko_137103,Oleksandr Lysenko,1,1,50,44,6,94,2021-10-04 03:35:00,531297
Roman Rybachuk_1715483239,Roman Rybachuk,-3,0,11,33,-22,44,2021-10-04 03:45:00,531298
E Kalashnikov_109440,E Kalashnikov,-1,0,46,46,0,92,2021-10-04 03:45:00,531299
V Sidorin_109366,V Sidorin,-3,0,24,33,-9,57,2021-10-04 03:46:00,531300
Halyna Telna_1852389376,Halyna Telna,3,1,33,21,12,54,2021-10-04 03:50:00,531301
Oleksandr Dukhovenko_137118,Oleksandr Dukhovenko,-2,0,37,45,-8,82,2021-10-04 03:55:00,531302
I Novikov_109407,I Novikov,-2,0,30,40,-10,70,2021-10-04 04:04:00,531303
Vitalii Kyilo_137104,Vitalii Kyilo,-2,0,36,37,-1,73,2021-10-04 04:05:00,531304
Sergii Lugovskyi_1226513132,Sergii Lugovskyi,-1,0,47,52,-5,99,2021-10-04 04:15:00,531305
A Vlasov_109367,A Vlasov,-1,0,43,47,-4,90,2021-10-04 04:16:00,531306
A Golyshev_109441,A Golyshev,-1,0,45,48,-3,93,2021-10-04 04:17:00,531307
Tatiana Tatianina_484764025,Tatiana Tatianina,-1,0,44,44,0,88,2021-10-04 04:20:00,531308
Maksym Marchuk_137105,Maksym Marchuk,-1,0,46,48,-2,94,2021-10-04 04:35:00,531309
I Novikov_109586,I Novikov,-3,0,22,33,-11,55,2021-10-04 04:35:00,531310
V Safonov_109588,V Safonov,-2,0,27,42,-15,69,2021-10-04 04:45:00,531311
Roman Rybachuk_135733494,Roman Rybachuk,3,1,33,22,11,55,2021-10-04 04:45:00,531312
Nataliia Khmilevska_1085053742,Nataliia Khmilevska,2,1,40,33,7,73,2021-10-04 04:50:00,531313
Artem Chepurnyi_137120,Artem Chepurnyi,3,1,33,16,17,49,2021-10-04 04:55:00,531314
A Vlasov_109590,A Vlasov,-1,0,36,50,-14,86,2021-10-04 04:57:00,531315
A Pravednov_109587,A Pravednov,2,1,42,25,17,67,2021-10-04 05:00:00,531316
Hryhorii Kulishov_137106,Hryhorii Kulishov,1,1,54,48,6,102,2021-10-04 05:05:00,531317
Ruslan Novak_82118333,Ruslan Novak,1,1,49,50,-1,99,2021-10-04 05:15:00,531318
A Golyshev_109589,A Golyshev,-2,0,36,42,-6,78,2021-10-04 05:16:00,531319
Tatiana Tatianina_1628459219,Tatiana Tatianina,-2,0,25,41,-16,66,2021-10-04 05:20:00,531320
Oleksandr Mishchenko_137121,Oleksandr Mishchenko,1,1,52,44,8,96,2021-10-04 05:25:00,531321
E Ilyukhin_109591,E Ilyukhin,-1,0,37,48,-11,85,2021-10-04 05:31:00,531322
Vitalii Kyilo_137107,Vitalii Kyilo,-2,0,39,39,0,78,2021-10-04 05:35:00,531323
Nataliia Khmilevska_734752869,Nataliia Khmilevska,2,1,41,39,2,80,2021-10-04 05:50:00,531324
Borys Kostiuk_137108,Borys Kostiuk,-3,0,20,33,-13,53,2021-10-04 06:05:00,531325
Tatiana Tatianina_1544193490,Tatiana Tatianina,-1,0,47,51,-4,98,2021-10-04 06:20:00,531326
Kostiantyn Moroz_137123,Kostiantyn Moroz,2,1,43,39,4,82,2021-10-04 06:25:00,531327
Vitalii Kyilo_137109,Vitalii Kyilo,3,1,33,18,15,51,2021-10-04 06:35:00,531328
Halyna Telna_293318297,Halyna Telna,-2,0,36,40,-4,76,2021-10-04 06:50:00,531329
Oleksandr Lysenko_137110,Oleksandr Lysenko,2,1,46,38,8,84,2021-10-04 07:05:00,531330
Oleksandr Dukhovenko_137125,Oleksandr Dukhovenko,-2,0,30,42,-12,72,2021-10-04 07:25:00,531331
A Merezhko_109511,A Merezhko,3,1,33,23,10,56,2021-10-04 07:33:00,531332
E Kryuchkov_109540,E Kryuchkov,3,1,33,21,12,54,2021-10-04 07:48:00,531333
S Muslikov_109466,S Muslikov,-2,0,33,42,-9,75,2021-10-04 07:49:00,531334
Yaroslav Kravets_137238,Yaroslav Kravets,2,1,43,33,10,76,2021-10-04 07:50:00,531335
Oleksii Krutko_1345200786,Oleksii Krutko,-2,0,26,42,-16,68,2021-10-04 07:50:00,531336
Alexey Hladkykh_2053347141,Alexey Hladkykh,1,1,48,42,6,90,2021-10-04 07:55:00,531337
Yuliia Ishchenko_137496,Yuliia Ishchenko,-1,0,42,54,-12,96,2021-10-04 08:00:00,531338
A Merezhko_109507,A Merezhko,3,1,36,23,13,59,2021-10-04 08:00:00,531339
Yurii Kurishchenko_137256,Yurii Kurishchenko,3,1,33,18,15,51,2021-10-04 08:05:00,531340
Mykhailo Zholubak_137266,Mykhailo Zholubak,-3,0,18,33,-15,51,2021-10-04 08:10:00,531341
Maryna Slashchova_137281,Maryna Slashchova,-1,0,40,43,-3,83,2021-10-04 08:15:00,531342
I Tolmachev_109541,I Tolmachev,-2,0,29,42,-13,71,2021-10-04 08:16:00,531343
I Meteleshko_109467,I Meteleshko,-2,0,37,40,-3,77,2021-10-04 08:19:00,531344
Oleh Bindas_137239,Oleh Bindas,1,1,50,33,17,83,2021-10-04 08:20:00,531345
Serhii Boiko_88670536,Serhii Boiko,-2,0,35,42,-7,77,2021-10-04 08:25:00,531346
S Ovechkin_109506,S Ovechkin,-2,0,33,40,-7,73,2021-10-04 08:30:00,531347
Oleksandr Soloviov_920842458,Oleksandr Soloviov,-2,0,39,46,-7,85,2021-10-04 08:30:00,531348
Anastasiia Mydvetska_137497,Anastasiia Mydvetska,3,1,33,12,21,45,2021-10-04 08:30:00,531349
Oleksandr Lykhytskyi_137257,Oleksandr Lykhytskyi,3,1,38,24,14,62,2021-10-04 08:35:00,531350
Vladyslav Ivanchatenko_1438098848,Vladyslav Ivanchatenko,1,1,50,40,10,90,2021-10-04 08:35:00,531351
Viktor Kotov_1192657827,Viktor Kotov,3,1,37,30,7,67,2021-10-04 08:40:00,531352
Vladyslav Ratushniak_137267,Vladyslav Ratushniak,-3,0,24,33,-9,57,2021-10-04 08:40:00,531353
Tamara Kravchuk_137282,Tamara Kravchuk,-3,0,19,33,-14,52,2021-10-04 08:45:00,531354
Maksym Skhabovskyi_72514086,Maksym Skhabovskyi,1,1,53,51,2,104,2021-10-04 08:45:00,531355
V Suvorov_109468,V Suvorov,-1,0,41,44,-3,85,2021-10-04 08:46:00,531356
A Trushkin_109542,A Trushkin,-3,0,20,33,-13,53,2021-10-04 08:46:00,531357
Yaroslav Kravets_137240,Yaroslav Kravets,2,1,43,32,11,75,2021-10-04 08:50:00,531358
Vasyl Verbianyi_245897036,Vasyl Verbianyi,2,1,42,29,13,71,2021-10-04 08:50:00,531359
Yevhen Skorobahatyi_137508,Yevhen Skorobahatyi,-3,0,26,35,-9,61,2021-10-04 08:50:00,531360
Serhii Khandetskyi_137301,Serhii Khandetskyi,2,1,41,31,10,72,2021-10-04 08:55:00,531361
Mykola Lytvynenko_564567586,Mykola Lytvynenko,-2,0,36,35,1,71,2021-10-04 08:55:00,531362
Denys Vakulenko_988277447,Denys Vakulenko,2,1,40,35,5,75,2021-10-04 08:55:00,531363
Frantisek Korenek_137437,Frantisek Korenek,3,1,33,15,18,48,2021-10-04 09:00:00,531364
Anastasiia Mydvetska_137498,Anastasiia Mydvetska,-3,0,21,33,-12,54,2021-10-04 09:00:00,531365
Lev Kats_1037059655,Lev Kats,-2,0,33,39,-6,72,2021-10-04 09:00:00,531366
V Waldhauser_24529,V Waldhauser,-3,0,18,33,-15,51,2021-10-04 09:00:00,531367
M Chernyavskiy_109508,M Chernyavskiy,-3,0,20,33,-13,53,2021-10-04 09:03:00,531368
Yurii Kurishchenko_137258,Yurii Kurishchenko,2,1,43,32,11,75,2021-10-04 09:05:00,531369
Viacheslav Yarovoi_1224495625,Viacheslav Yarovoi,1,1,46,45,1,91,2021-10-04 09:05:00,531370
Illia Semeniuk_1758365242,Illia Semeniuk,1,1,51,47,4,98,2021-10-04 09:10:00,531371
Serhii Sokolovskyi_137268,Serhii Sokolovskyi,-3,0,25,35,-10,60,2021-10-04 09:10:00,531372
Andrii Halych_330598914,Andrii Halych,-3,0,23,33,-10,56,2021-10-04 09:15:00,531373
Maryna Slashchova_137283,Maryna Slashchova,-3,0,29,37,-8,66,2021-10-04 09:15:00,531374
A Klavdenkov_109543,A Klavdenkov,-3,0,16,33,-17,49,2021-10-04 09:16:00,531375
Ivan Struk_137241,Ivan Struk,2,1,38,31,7,69,2021-10-04 09:20:00,531376
Maxim Naumchuk_1081811609,Maxim Naumchuk,2,1,43,34,9,77,2021-10-04 09:20:00,531377
Serhii Sokolov_137509,Serhii Sokolov,1,1,50,45,5,95,2021-10-04 09:20:00,531378
A Doncenko_109469,A Doncenko,-2,0,32,43,-11,75,2021-10-04 09:23:00,531379
Nazarii Danyliuk_336576871,Nazarii Danyliuk,-1,0,52,50,2,102,2021-10-04 09:25:00,531380
Maksym Balakiriev_137302,Maksym Balakiriev,3,1,33,17,16,50,2021-10-04 09:25:00,531381
Adam Sochor_137438,Adam Sochor,-1,0,55,57,-2,112,2021-10-04 09:30:00,531382
J Vojtech_24530,J Vojtech,-3,0,21,33,-12,54,2021-10-04 09:30:00,531383
Rodion Pirveli_322302743,Rodion Pirveli,1,1,42,49,-7,91,2021-10-04 09:30:00,531384
Yevhen Masko_1346162724,Yevhen Masko,3,1,35,24,11,59,2021-10-04 09:30:00,531385
Yuliia Ishchenko_137499,Yuliia Ishchenko,2,1,47,30,17,77,2021-10-04 09:30:00,531386
V Vologzhanin_109509,V Vologzhanin,-3,0,22,33,-11,55,2021-10-04 09:31:00,531387
Serhii Boiko_1574063190,Serhii Boiko,-3,0,31,38,-7,69,2021-10-04 09:35:00,531388
Andrii Dombrovskyi_137259,Andrii Dombrovskyi,-2,0,40,47,-7,87,2021-10-04 09:35:00,531389
Oleksandr Soloviov_840562402,Oleksandr Soloviov,1,1,47,44,3,91,2021-10-04 09:40:00,531390
Vladyslav Ratushniak_137269,Vladyslav Ratushniak,-3,0,25,33,-8,58,2021-10-04 09:40:00,531391
Marta Maliuta_137284,Marta Maliuta,3,1,35,19,16,54,2021-10-04 09:45:00,531392
Illia Semeniuk_29354998,Illia Semeniuk,2,1,40,32,8,72,2021-10-04 09:45:00,531393
A Trushkin_109544,A Trushkin,-1,0,44,45,-1,89,2021-10-04 09:46:00,531394
Serhii Sokolov_137510,Serhii Sokolov,-1,0,43,46,-3,89,2021-10-04 09:50:00,531395
Viktor Kotov_749435941,Viktor Kotov,2,1,43,33,10,76,2021-10-04 09:50:00,531396
Oleh Bindas_137242,Oleh Bindas,1,1,52,50,2,102,2021-10-04 09:50:00,531397
V Suvorov_109470,V Suvorov,1,1,51,43,8,94,2021-10-04 09:55:00,531398
Maksym Skhabovskyi_589895635,Maksym Skhabovskyi,3,1,33,16,17,49,2021-10-04 09:55:00,531399
Yevhenii Sokoltsov_137303,Yevhenii Sokoltsov,-2,0,32,40,-8,72,2021-10-04 09:55:00,531400
M Chernyavskiy_109510,M Chernyavskiy,3,1,39,32,7,71,2021-10-04 10:00:00,531401
Svitlana Yureneva_137500,Svitlana Yureneva,-3,0,20,33,-13,53,2021-10-04 10:00:00,531402
T Holik_24531,T Holik,1,1,49,39,10,88,2021-10-04 10:00:00,531403
Vasyl Verbianyi_554452535,Vasyl Verbianyi,1,1,49,44,5,93,2021-10-04 10:00:00,531404
Adam Sochor_137439,Adam Sochor,2,1,37,23,14,60,2021-10-04 10:00:00,531405
Oleksandr Lykhytskyi_137260,Oleksandr Lykhytskyi,1,1,47,39,8,86,2021-10-04 10:05:00,531406
Mykola Lytvynenko_1358735725,Mykola Lytvynenko,2,1,45,35,10,80,2021-10-04 10:05:00,531407
Denys Vakulenko_765879263,Denys Vakulenko,3,1,36,29,7,65,2021-10-04 10:05:00,531408
Mykhailo Zholubak_137270,Mykhailo Zholubak,-1,0,49,54,-5,103,2021-10-04 10:10:00,531409
Oleksii Krutko_1126464712,Oleksii Krutko,-3,0,24,35,-11,59,2021-10-04 10:10:00,531410
Alexey Hladkykh_1047006285,Alexey Hladkykh,3,1,35,23,12,58,2021-10-04 10:15:00,531411
Tamara Kravchuk_137285,Tamara Kravchuk,-3,0,23,33,-10,56,2021-10-04 10:15:00,531412
I Tolmachev_109545,I Tolmachev,2,1,43,35,8,78,2021-10-04 10:15:00,531413
Yevhen Skorobahatyi_137511,Yevhen Skorobahatyi,-1,0,46,43,3,89,2021-10-04 10:20:00,531414
Yaroslav Kravets_137243,Yaroslav Kravets,2,1,46,39,7,85,2021-10-04 10:20:00,531415
Vladyslav Ivanchatenko_1006344535,Vladyslav Ivanchatenko,2,1,38,34,4,72,2021-10-04 10:20:00,531416
Iurii Prokhoruk_1402124127,Iurii Prokhoruk,-3,0,30,38,-8,68,2021-10-04 10:25:00,531417
Maksym Balakiriev_137304,Maksym Balakiriev,-1,0,39,48,-9,87,2021-10-04 10:25:00,531418
Aleksandr Tulenin_725198353,Aleksandr Tulenin,-1,0,43,48,-5,91,2021-10-04 10:30:00,531419
Yuliia Ishchenko_137501,Yuliia Ishchenko,-3,0,17,33,-16,50,2021-10-04 10:30:00,531420
Frantisek Korenek_137440,Frantisek Korenek,-2,0,29,41,-12,70,2021-10-04 10:30:00,531421
T Batthyany_24532,T Batthyany,2,1,46,38,8,84,2021-10-04 10:32:00,531422
V Vologzhanin_109592,V Vologzhanin,-3,0,24,35,-11,59,2021-10-04 10:32:00,531423
I Meteleshko_109471,I Meteleshko,3,1,34,19,15,53,2021-10-04 10:34:00,531424
Andrii Hordii_195368492,Andrii Hordii,-2,0,30,43,-13,73,2021-10-04 10:35:00,531425
Yurii Kurishchenko_137261,Yurii Kurishchenko,-1,0,42,50,-8,92,2021-10-04 10:35:00,531426
Sergey Filatov_1850422538,Sergey Filatov,1,1,48,45,3,93,2021-10-04 10:40:00,531427
Oleksii Rybka_137271,Oleksii Rybka,2,1,45,39,6,84,2021-10-04 10:40:00,531428
Rodion Pirveli_561649363,Rodion Pirveli,1,1,51,53,-2,104,2021-10-04 10:40:00,531429
Yurii Teteria_1137497218,Yurii Teteria,3,1,33,21,12,54,2021-10-04 10:45:00,531430
Maryna Slashchova_137286,Maryna Slashchova,3,1,33,18,15,51,2021-10-04 10:45:00,531431
A Klavdenkov_109594,A Klavdenkov,-3,0,22,35,-13,57,2021-10-04 10:48:00,531432
Andrii Chupovskyi_201791741,Andrii Chupovskyi,3,1,33,16,17,49,2021-10-04 10:50:00,531433
Bohdan Havryliuk_137512,Bohdan Havryliuk,-3,0,23,34,-11,57,2021-10-04 10:50:00,531434
Oleh Bindas_137244,Oleh Bindas,1,1,47,44,3,91,2021-10-04 10:50:00,531435
S Muslikov_109596,S Muslikov,3,1,33,19,14,52,2021-10-04 10:54:00,531436
Serhii Khandetskyi_137305,Serhii Khandetskyi,-3,0,28,37,-9,65,2021-10-04 10:55:00,531437
Tymur Kozenkov_793402515,Tymur Kozenkov,-1,0,48,49,-1,97,2021-10-04 10:55:00,531438
Alina Novosad_137502,Alina Novosad,3,1,33,15,18,48,2021-10-04 11:00:00,531439
T Holik_24533,T Holik,1,1,51,43,8,94,2021-10-04 11:00:00,531440
S Ovechkin_109593,S Ovechkin,-1,0,44,51,-7,95,2021-10-04 11:00:00,531441
Dominik Horak_137441,Dominik Horak,2,1,46,39,7,85,2021-10-04 11:00:00,531442
Andrii Halych_1215041574,Andrii Halych,-3,0,25,33,-8,58,2021-10-04 11:00:00,531443
Maxim Naumchuk_97503805,Maxim Naumchuk,1,1,44,46,-2,90,2021-10-04 11:05:00,531444
Oleksandr Lykhytskyi_137262,Oleksandr Lykhytskyi,-2,0,32,44,-12,76,2021-10-04 11:05:00,531445
Nazarii Danyliuk_2046249676,Nazarii Danyliuk,3,1,33,16,17,49,2021-10-04 11:10:00,531446
Serhii Sokolovskyi_137272,Serhii Sokolovskyi,3,1,34,20,14,54,2021-10-04 11:10:00,531447
Yevhen Masko_1469413564,Yevhen Masko,-3,0,33,40,-7,73,2021-10-04 11:15:00,531448
Denys Vakulenko_241081378,Denys Vakulenko,3,1,33,21,12,54,2021-10-04 11:15:00,531449
Tamara Kravchuk_137287,Tamara Kravchuk,-2,0,31,42,-11,73,2021-10-04 11:15:00,531450
I Tolmachev_109595,I Tolmachev,-1,0,51,52,-1,103,2021-10-04 11:16:00,531451
I Meteleshko_109597,I Meteleshko,-3,0,21,34,-13,55,2021-10-04 11:16:00,531452
Ivan Struk_137245,Ivan Struk,3,1,33,18,15,51,2021-10-04 11:20:00,531453
Lev Kats_1330196562,Lev Kats,2,1,44,35,9,79,2021-10-04 11:20:00,531454
Yevhen Skorobahatyi_137513,Yevhen Skorobahatyi,1,1,54,55,-1,109,2021-10-04 11:20:00,531455
Viktor Vakhrushev_137306,Viktor Vakhrushev,1,1,49,47,2,96,2021-10-04 11:25:00,531456
Viacheslav Yarovoi_1721718123,Viacheslav Yarovoi,1,1,53,42,11,95,2021-10-04 11:25:00,531457
J Vojtech_24534,J Vojtech,1,1,55,58,-3,113,2021-10-04 11:30:00,531458
Anastasiia Mydvetska_137503,Anastasiia Mydvetska,2,1,39,36,3,75,2021-10-04 11:30:00,531459
Vladyslav Ivanchatenko_1252302445,Vladyslav Ivanchatenko,-2,0,32,43,-11,75,2021-10-04 11:30:00,531460
Frantisek Korenek_137442,Frantisek Korenek,-2,0,37,40,-3,77,2021-10-04 11:30:00,531461
A Agapov_109512,A Agapov,-1,0,44,53,-9,97,2021-10-04 11:33:00,531462
Viktor Kotov_1689437986,Viktor Kotov,1,1,52,47,5,99,2021-10-04 11:35:00,531463
Andrii Dombrovskyi_137263,Andrii Dombrovskyi,-1,0,42,47,-5,89,2021-10-04 11:35:00,531464
Maksym Skhabovskyi_532209738,Maksym Skhabovskyi,-2,0,29,42,-13,71,2021-10-04 11:40:00,531465
Vladyslav Ratushniak_137273,Vladyslav Ratushniak,1,1,50,45,5,95,2021-10-04 11:40:00,531466
Vasyl Verbianyi_875030343,Vasyl Verbianyi,-2,0,28,41,-13,69,2021-10-04 11:45:00,531467
M Ilichev_109472,M Ilichev,-1,0,47,47,0,94,2021-10-04 11:45:00,531468
Marta Maliuta_137288,Marta Maliuta,-1,0,49,47,2,96,2021-10-04 11:45:00,531469
Dmytro Prokopenko_137514,Dmytro Prokopenko,3,1,35,26,9,61,2021-10-04 11:50:00,531470
Eduard Rubtsov_181870582,Eduard Rubtsov,2,1,35,39,-4,74,2021-10-04 11:50:00,531471
Mykola Lytvynenko_897477394,Mykola Lytvynenko,3,1,33,18,15,51,2021-10-04 11:50:00,531472
Yaroslav Kravets_137246,Yaroslav Kravets,2,1,37,31,6,68,2021-10-04 11:50:00,531473
A Shirshov_109546,A Shirshov,-1,0,44,48,-4,92,2021-10-04 11:53:00,531474
Yevhenii Sokoltsov_137307,Yevhenii Sokoltsov,-1,0,45,50,-5,95,2021-10-04 11:55:00,531475
Serhii Boiko_227675241,Serhii Boiko,-3,0,20,33,-13,53,2021-10-04 11:55:00,531476
Oleksandr Soloviov_1343357985,Oleksandr Soloviov,1,1,55,54,1,109,2021-10-04 12:00:00,531477
Svitlana Yureneva_137504,Svitlana Yureneva,-3,0,9,33,-24,42,2021-10-04 12:00:00,531478
Serhii Matviienko_1890561612,Serhii Matviienko,1,1,46,41,5,87,2021-10-04 12:05:00,531479
Yurii Kurishchenko_137264,Yurii Kurishchenko,-1,0,45,55,-10,100,2021-10-04 12:05:00,531480
O Pronin_109513,O Pronin,-2,0,37,44,-7,81,2021-10-04 12:10:00,531481
Iurii Prokhoruk_1962975855,Iurii Prokhoruk,3,1,34,25,9,59,2021-10-04 12:10:00,531482
Mykhailo Zholubak_137274,Mykhailo Zholubak,-2,0,32,42,-10,74,2021-10-04 12:10:00,531483
Maryna Slashchova_137289,Maryna Slashchova,-3,0,18,33,-15,51,2021-10-04 12:15:00,531484
A Sirotkin_109473,A Sirotkin,2,1,42,34,8,76,2021-10-04 12:15:00,531485
Aleksandr Tulenin_80551817,Aleksandr Tulenin,3,1,33,24,9,57,2021-10-04 12:15:00,531486
V Waldhauser_24559,V Waldhauser,3,1,33,17,16,50,2021-10-04 12:16:00,531487
Martin Prusa_137753,Martin Prusa,-1,0,47,48,-1,95,2021-10-04 12:20:00,531488
Andrii Hordii_931642733,Andrii Hordii,-3,0,23,34,-11,57,2021-10-04 12:20:00,531489
Serhii Sokolov_137515,Serhii Sokolov,-3,0,19,33,-14,52,2021-10-04 12:20:00,531490
Denys Pesternikov_137247,Denys Pesternikov,-3,0,24,33,-9,57,2021-10-04 12:20:00,531491
Denys Vakulenko_1916847559,Denys Vakulenko,3,1,34,26,8,60,2021-10-04 12:25:00,531492
Sergey Filatov_1534157942,Sergey Filatov,-1,0,37,48,-11,85,2021-10-04 12:25:00,531493
Maksym Balakiriev_137308,Maksym Balakiriev,1,1,48,40,8,88,2021-10-04 12:25:00,531494
Oleksii Krutko_101033400,Oleksii Krutko,-2,0,34,40,-6,74,2021-10-04 12:30:00,531495
Alina Novosad_137505,Alina Novosad,2,1,42,28,14,70,2021-10-04 12:30:00,531496
P Pinkovskii_109547,P Pinkovskii,2,1,47,40,7,87,2021-10-04 12:31:00,531497
T Batthyany_24560,T Batthyany,-1,0,45,44,1,89,2021-10-04 12:34:00,531498
Alexey Hladkykh_1332672255,Alexey Hladkykh,3,1,33,15,18,48,2021-10-04 12:35:00,531499
Roman Makarenko_137265,Roman Makarenko,-1,0,40,43,-3,83,2021-10-04 12:35:00,531500
A Ekzhanov_109514,A Ekzhanov,-1,0,46,52,-6,98,2021-10-04 12:38:00,531501
Oleksii Rybka_137275,Oleksii Rybka,-3,0,26,35,-9,61,2021-10-04 12:40:00,531502
Vladyslav Ivanchatenko_1844679263,Vladyslav Ivanchatenko,-1,0,43,41,2,84,2021-10-04 12:40:00,531503
Olha Panchyshyn_137290,Olha Panchyshyn,-2,0,37,48,-11,85,2021-10-04 12:45:00,531504
Andrii Halych_1290515310,Andrii Halych,-2,0,28,41,-13,69,2021-10-04 12:45:00,531505
A Girevenkov_109474,A Girevenkov,1,1,55,46,9,101,2021-10-04 12:48:00,531506
Dominik Horak_137754,Dominik Horak,-2,0,38,40,-2,78,2021-10-04 12:50:00,531507
Bohdan Havryliuk_137516,Bohdan Havryliuk,-2,0,35,42,-7,77,2021-10-04 12:50:00,531508
Maxim Naumchuk_1376867751,Maxim Naumchuk,2,1,39,29,10,68,2021-10-04 12:50:00,531509
Oleh Bindas_137755,Oleh Bindas,1,1,46,39,7,85,2021-10-04 12:50:00,531510
Nazarii Danyliuk_1771093493,Nazarii Danyliuk,2,1,41,30,11,71,2021-10-04 12:55:00,531511
Serhii Khandetskyi_137309,Serhii Khandetskyi,2,1,44,31,13,75,2021-10-04 12:55:00,531512
A Innazarov_109548,A Innazarov,-2,0,33,39,-6,72,2021-10-04 12:57:00,531513
David Brichacek_137455,David Brichacek,-1,0,45,46,-1,91,2021-10-04 13:00:00,531514
Rodion Pirveli_2068018921,Rodion Pirveli,-3,0,22,33,-11,55,2021-10-04 13:00:00,531515
Yevhen Masko_471496417,Yevhen Masko,3,1,39,29,10,68,2021-10-04 13:00:00,531516
Alina Novosad_137506,Alina Novosad,3,1,33,14,19,47,2021-10-04 13:00:00,531517
Yurii Teteria_2019936245,Yurii Teteria,-2,0,35,40,-5,75,2021-10-04 13:05:00,531518
Artem Slashchev_109515,Artem Slashchev,1,1,45,50,-5,95,2021-10-04 13:09:00,531519
Oleksandr Lykhytskyi_137757,Oleksandr Lykhytskyi,-3,0,24,33,-9,57,2021-10-04 13:10:00,531520
Serhii Sokolovskyi_137276,Serhii Sokolovskyi,3,1,33,22,11,55,2021-10-04 13:10:00,531521
Andrii Chupovskyi_1754228974,Andrii Chupovskyi,3,1,33,9,24,42,2021-10-04 13:10:00,531522
P Pycha_24535,P Pycha,2,1,43,37,6,80,2021-10-04 13:11:00,531523
Vladyslav Ivanchatenko_266999824,Vladyslav Ivanchatenko,1,1,47,50,-3,97,2021-10-04 13:15:00,531524
A Chumikov_109475,A Chumikov,-1,0,51,51,0,102,2021-10-04 13:20:00,531525
Artem Tkachenko_1273131244,Artem Tkachenko,-2,0,31,40,-9,71,2021-10-04 13:20:00,531526
Mykhailo Kistechko_137756,Mykhailo Kistechko,1,1,53,45,8,98,2021-10-04 13:20:00,531527
Dmytro Prokopenko_137517,Dmytro Prokopenko,3,1,33,17,16,50,2021-10-04 13:20:00,531528
M Pronkin_109549,M Pronkin,-1,0,48,51,-3,99,2021-10-04 13:21:00,531529
Viktor Vakhrushev_137310,Viktor Vakhrushev,-2,0,28,42,-14,70,2021-10-04 13:25:00,531530
Serhiy Tkachuk_523228058,Serhiy Tkachuk,1,1,50,39,11,89,2021-10-04 13:25:00,531531
Dominik Marasek_137456,Dominik Marasek,-3,0,26,37,-11,63,2021-10-04 13:30:00,531532
Svitlana Yureneva_137507,Svitlana Yureneva,-3,0,19,33,-14,52,2021-10-04 13:30:00,531533
Volodymyr Plishylo_820367648,Volodymyr Plishylo,1,1,54,50,4,104,2021-10-04 13:30:00,531534
Olha Panchyshyn_137759,Olha Panchyshyn,-2,0,31,44,-13,75,2021-10-04 13:35:00,531535
M Cmunt_24536,M Cmunt,-3,0,35,41,-6,76,2021-10-04 13:35:00,531536
Denys Vakulenko_669164927,Denys Vakulenko,-1,0,38,47,-9,85,2021-10-04 13:35:00,531537
Dmytro Dubrovin_45910295,Dmytro Dubrovin,-3,0,20,33,-13,53,2021-10-04 13:35:00,531538
Viacheslav Isakov_137758,Viacheslav Isakov,-1,0,42,48,-6,90,2021-10-04 13:40:00,531539
A Ekzhanov_109516,A Ekzhanov,2,1,40,33,7,73,2021-10-04 13:40:00,531540
Mykhailo Zholubak_137277,Mykhailo Zholubak,1,1,47,39,8,86,2021-10-04 13:40:00,531541
Lev Kats_1476840060,Lev Kats,1,1,56,52,4,108,2021-10-04 13:40:00,531542
Viacheslav Yarovoi_1495384053,Viacheslav Yarovoi,-1,0,47,51,-4,98,2021-10-04 13:45:00,531543
Serhii Matviienko_1532236287,Serhii Matviienko,2,1,40,34,6,74,2021-10-04 13:50:00,531544
Dmytro Prokopenko_137518,Dmytro Prokopenko,1,1,56,53,3,109,2021-10-04 13:50:00,531545
A Girevenkov_109476,A Girevenkov,-3,0,20,33,-13,53,2021-10-04 13:54:00,531546
Yevhenii Sokoltsov_137311,Yevhenii Sokoltsov,-2,0,30,39,-9,69,2021-10-04 13:55:00,531547
Viktor Kotov_1767046925,Viktor Kotov,2,1,43,33,10,76,2021-10-04 13:55:00,531548
A Innazarov_109550,A Innazarov,-2,0,30,42,-12,72,2021-10-04 13:56:00,531549
Dominik Marasek_137457,Dominik Marasek,-1,0,40,48,-8,88,2021-10-04 14:00:00,531550
Maksym Skhabovskyi_1101147001,Maksym Skhabovskyi,1,1,53,46,7,99,2021-10-04 14:00:00,531551
K Novak_24537,K Novak,-3,0,29,36,-7,65,2021-10-04 14:04:00,531552
Vasyl Verbianyi_377149619,Vasyl Verbianyi,2,1,40,23,17,63,2021-10-04 14:05:00,531553
Liudmyla Kudriei_137760,Liudmyla Kudriei,-3,0,32,39,-7,71,2021-10-04 14:05:00,531554
O Pronin_109517,O Pronin,-1,0,48,49,-1,97,2021-10-04 14:09:00,531555
Ivan Omelchuk_137278,Ivan Omelchuk,-2,0,33,38,-5,71,2021-10-04 14:10:00,531556
Rodion Pirveli_561789778,Rodion Pirveli,1,1,42,43,-1,85,2021-10-04 14:10:00,531557
Mykola Lytvynenko_1706056479,Mykola Lytvynenko,-1,0,38,39,-1,77,2021-10-04 14:10:00,531558
Oleksii Krutko_909357224,Oleksii Krutko,-2,0,40,40,0,80,2021-10-04 14:15:00,531559
P Pinkovskii_109551,P Pinkovskii,2,1,45,38,7,83,2021-10-04 14:19:00,531560
A Sirotkin_109477,A Sirotkin,1,1,47,43,4,90,2021-10-04 14:19:00,531561
Bohdan Havryliuk_137519,Bohdan Havryliuk,-1,0,47,48,-1,95,2021-10-04 14:20:00,531562
Alexey Hladkykh_1612458196,Alexey Hladkykh,1,1,54,49,5,103,2021-10-04 14:20:00,531563
Illia Semeniuk_1719837624,Illia Semeniuk,-1,0,50,48,2,98,2021-10-04 14:25:00,531564
Serhii Khandetskyi_137312,Serhii Khandetskyi,2,1,41,32,9,73,2021-10-04 14:25:00,531565
Ji Bartos_24538,Ji Bartos,-3,0,24,33,-9,57,2021-10-04 14:30:00,531566
David Brichacek_137458,David Brichacek,-2,0,35,45,-10,80,2021-10-04 14:30:00,531567
Yehor Miniailo_421103813,Yehor Miniailo,2,1,42,29,13,71,2021-10-04 14:30:00,531568
Aleksandr Tulenin_1667224,Aleksandr Tulenin,-3,0,19,33,-14,52,2021-10-04 14:35:00,531569
Andrii Hordii_2063839864,Andrii Hordii,-2,0,27,37,-10,64,2021-10-04 14:40:00,531570
Mykhailo Zholubak_137279,Mykhailo Zholubak,-1,0,43,52,-9,95,2021-10-04 14:40:00,531571
Sergey Filatov_132070699,Sergey Filatov,2,1,38,31,7,69,2021-10-04 14:45:00,531572
Denys Vakulenko_1604466882,Denys Vakulenko,1,1,52,43,9,95,2021-10-04 14:45:00,531573
O Pronin_109608,O Pronin,-1,0,50,46,4,96,2021-10-04 14:49:00,531574
M Ilichev_109610,M Ilichev,1,1,48,46,2,94,2021-10-04 14:49:00,531575
Nikita Trofimov_1572985346,Nikita Trofimov,2,1,45,41,4,86,2021-10-04 14:50:00,531576
Serhii Pitsyk_137313,Serhii Pitsyk,3,1,38,30,8,68,2021-10-04 14:55:00,531577
Sergey Demidov_141722249,Sergey Demidov,3,1,34,20,14,54,2021-10-04 14:55:00,531578
A Innazarov_109612,A Innazarov,-3,0,23,33,-10,56,2021-10-04 14:57:00,531579
Serhii Matviienko_990916354,Serhii Matviienko,-3,0,28,35,-7,63,2021-10-04 15:00:00,531580
Filip Vesely_137459,Filip Vesely,-2,0,38,39,-1,77,2021-10-04 15:00:00,531581
K Novak_24539,K Novak,-2,0,28,40,-12,68,2021-10-04 15:01:00,531582
Artem Tkachenko_802232972,Artem Tkachenko,2,1,44,39,5,83,2021-10-04 15:05:00,531583
Maxim Naumchuk_1230882881,Maxim Naumchuk,-3,0,23,33,-10,56,2021-10-04 15:10:00,531584
Vladyslav Ratushniak_137280,Vladyslav Ratushniak,-3,0,19,33,-14,52,2021-10-04 15:10:00,531585
Nazarii Danyliuk_1185199313,Nazarii Danyliuk,-2,0,29,38,-9,67,2021-10-04 15:15:00,531586
M Pronkin_109613,M Pronkin,2,1,43,33,10,76,2021-10-04 15:17:00,531587
A Chumikov_109611,A Chumikov,2,1,40,34,6,74,2021-10-04 15:19:00,531588
Andrii Nakliutskyi_137465,Andrii Nakliutskyi,-1,0,46,50,-4,96,2021-10-04 15:20:00,531589
Yevhen Masko_100162460,Yevhen Masko,3,1,34,26,8,60,2021-10-04 15:20:00,531590
Eduard Rubtsov_181732345,Eduard Rubtsov,-3,0,14,33,-19,47,2021-10-04 15:20:00,531591
Oleksii Krutko_1691454349,Oleksii Krutko,-2,0,30,45,-15,75,2021-10-04 15:25:00,531592
Serhii Khandetskyi_137314,Serhii Khandetskyi,-3,0,22,35,-13,57,2021-10-04 15:25:00,531593
A Agapov_109609,A Agapov,-1,0,41,48,-7,89,2021-10-04 15:30:00,531594
Alexey Hladkykh_842064066,Alexey Hladkykh,-1,0,52,52,0,104,2021-10-04 15:30:00,531595
Anzhela Hassan_137338,Anzhela Hassan,2,1,40,29,11,69,2021-10-04 15:30:00,531596
David Brichacek_137460,David Brichacek,-1,0,45,49,-4,94,2021-10-04 15:30:00,531597
M Cmunt_24540,M Cmunt,-3,0,24,36,-12,60,2021-10-04 15:30:00,531598
Nataliia Kosmina_137547,Nataliia Kosmina,3,1,34,25,9,59,2021-10-04 15:35:00,531599
Davyd Symonchuk_1892078952,Davyd Symonchuk,-1,0,45,44,1,89,2021-10-04 15:35:00,531600
Oleksandr Zhuravlov_56840616,Oleksandr Zhuravlov,-3,0,32,43,-11,75,2021-10-04 15:40:00,531601
Egor Kovpak_137524,Egor Kovpak,3,1,33,21,12,54,2021-10-04 15:40:00,531602
Oleksandr Lymarenko_137370,Oleksandr Lymarenko,-3,0,16,33,-17,49,2021-10-04 15:45:00,531603
A Slachshilin_109552,A Slachshilin,2,1,46,35,11,81,2021-10-04 15:49:00,531604
E Glazun_109478,E Glazun,1,1,53,48,5,101,2021-10-04 15:49:00,531605
Igor Piskorskyu_209965826,Igor Piskorskyu,3,1,33,17,16,50,2021-10-04 15:50:00,531606
Stanislav Nikolenko_137466,Stanislav Nikolenko,1,1,50,53,-3,103,2021-10-04 15:50:00,531607
Maksym Balakiriev_137315,Maksym Balakiriev,-2,0,41,44,-3,85,2021-10-04 15:55:00,531608
Serhii Ponomarenko_984471700,Serhii Ponomarenko,1,1,45,44,1,89,2021-10-04 15:55:00,531609
Liliya Andrieieva_137474,Liliya Andrieieva,3,1,33,18,15,51,2021-10-04 16:00:00,531610
Serhii Boiko_709551418,Serhii Boiko,-3,0,18,33,-15,51,2021-10-04 16:00:00,531611
M Cmunt_24585,M Cmunt,3,1,33,18,15,51,2021-10-04 16:01:00,531612
Ir Kim_109518,Ir Kim,-3,0,23,33,-10,56,2021-10-04 16:01:00,531613
Oleksandr Soloviov_193980233,Oleksandr Soloviov,-1,0,34,41,-7,75,2021-10-04 16:05:00,531614
Marharyta Saltanovska_137548,Marharyta Saltanovska,-2,0,28,40,-12,68,2021-10-04 16:05:00,531615
Fedir Balbas_137525,Fedir Balbas,-3,0,22,38,-16,60,2021-10-04 16:10:00,531616
Oleksandr Tkachenko_1074846166,Oleksandr Tkachenko,1,1,59,57,2,116,2021-10-04 16:10:00,531617
Volodymyr Tsyhanenko_126085056,Volodymyr Tsyhanenko,1,1,48,41,7,89,2021-10-04 16:15:00,531618
Andrii Martyniuk_137371,Andrii Martyniuk,3,1,33,20,13,53,2021-10-04 16:15:00,531619
I Kirpitnev_109553,I Kirpitnev,3,1,33,23,10,56,2021-10-04 16:18:00,531620
S Kulikov_109519,S Kulikov,3,1,33,17,16,50,2021-10-04 16:20:00,531621
Andrii Nakliutskyi_137318,Andrii Nakliutskyi,2,1,38,31,7,69,2021-10-04 16:20:00,531622
Andrii Tsikhotskyi_415947608,Andrii Tsikhotskyi,-1,0,46,52,-6,98,2021-10-04 16:20:00,531623
V Kalachev_109479,V Kalachev,2,1,39,31,8,70,2021-10-04 16:21:00,531624
Petro Tsolik_340633942,Petro Tsolik,-2,0,37,40,-3,77,2021-10-04 16:25:00,531625
Oleksandr Mishchenko_137380,Oleksandr Mishchenko,1,1,43,42,1,85,2021-10-04 16:25:00,531626
Dominik Marasek_137761,Dominik Marasek,1,1,47,45,2,92,2021-10-04 16:25:00,531627
Liliya Andrieieva_137475,Liliya Andrieieva,-2,0,33,41,-8,74,2021-10-04 16:30:00,531628
Lev Kuzyo_510025969,Lev Kuzyo,-3,0,27,35,-8,62,2021-10-04 16:30:00,531629
K Novak_24586,K Novak,3,1,35,28,7,63,2021-10-04 16:32:00,531630
Yevheniia Severyna_137549,Yevheniia Severyna,1,1,46,42,4,88,2021-10-04 16:35:00,531631
Oleksii Krutko_909287528,Oleksii Krutko,-1,0,47,48,-1,95,2021-10-04 16:35:00,531632
A Zabrodin_109520,A Zabrodin,2,1,39,27,12,66,2021-10-04 16:38:00,531633
Oleksandr Ivchuk_137526,Oleksandr Ivchuk,-1,0,50,52,-2,102,2021-10-04 16:40:00,531634
Andrey Movin_305675208,Andrey Movin,-1,0,43,54,-11,97,2021-10-04 16:40:00,531635
Davyd Symonchuk_763866248,Davyd Symonchuk,-1,0,41,51,-10,92,2021-10-04 16:45:00,531636
Oleksandr Lymarenko_137372,Oleksandr Lymarenko,-1,0,43,41,2,84,2021-10-04 16:45:00,531637
E Kupryakov_109554,E Kupryakov,-2,0,29,41,-12,70,2021-10-04 16:46:00,531638
A Pravednov_109480,A Pravednov,-3,0,25,35,-10,60,2021-10-04 16:48:00,531639
Oleksandr Zhuravlov_11170551,Oleksandr Zhuravlov,-2,0,40,42,-2,82,2021-10-04 16:50:00,531640
Serhii Rak_137467,Serhii Rak,3,1,35,29,6,64,2021-10-04 16:50:00,531641
Lukas Adamec_137762,Lukas Adamec,1,1,40,42,-2,82,2021-10-04 16:55:00,531642
Volodymyr Tuchkevych_102888308,Volodymyr Tuchkevych,-2,0,32,42,-10,74,2021-10-04 16:55:00,531643
Oleksandr Kovalchuk_137381,Oleksandr Kovalchuk,-1,0,49,46,3,95,2021-10-04 16:55:00,531644
Jan Jr Krames_137443,Jan Jr Krames,-3,0,29,35,-6,64,2021-10-04 17:00:00,531645
Anzhela Hassan_137476,Anzhela Hassan,-3,0,22,33,-11,55,2021-10-04 17:00:00,531646
M Bittner_24541,M Bittner,-2,0,35,42,-7,77,2021-10-04 17:00:00,531647
Igor Piskorskyu_1744189789,Igor Piskorskyu,2,1,41,33,8,74,2021-10-04 17:00:00,531648
Marharyta Saltanovska_137550,Marharyta Saltanovska,-3,0,25,35,-10,60,2021-10-04 17:05:00,531649
Serhii Ponomarenko_1631179326,Serhii Ponomarenko,-2,0,35,43,-8,78,2021-10-04 17:05:00,531650
M Sverdlov_109521,M Sverdlov,1,1,53,49,4,102,2021-10-04 17:09:00,531651
Fedir Balbas_137527,Fedir Balbas,3,1,33,19,14,52,2021-10-04 17:10:00,531652
Roman Derypaska_1693614417,Roman Derypaska,3,1,33,23,10,56,2021-10-04 17:10:00,531653
I Nirkov_109555,I Nirkov,-3,0,17,33,-16,50,2021-10-04 17:15:00,531654
E Kharchenko_109481,E Kharchenko,-3,0,15,33,-18,48,2021-10-04 17:15:00,531655
Sergey Demidov_1918080010,Sergey Demidov,-2,0,33,39,-6,72,2021-10-04 17:15:00,531656
Eduard Populovskyi_137373,Eduard Populovskyi,-3,0,21,33,-12,54,2021-10-04 17:15:00,531657
Stanislav Nikolenko_137468,Stanislav Nikolenko,-3,0,26,35,-9,61,2021-10-04 17:20:00,531658
Vitalii Shaban_977740630,Vitalii Shaban,1,1,47,42,5,89,2021-10-04 17:20:00,531659
Nikita Korbut_528060392,Nikita Korbut,3,1,34,26,8,60,2021-10-04 17:25:00,531660
Serhii Tkachev_137382,Serhii Tkachev,-3,0,21,33,-12,54,2021-10-04 17:25:00,531661
Jan Holan_137444,Jan Holan,-1,0,45,52,-7,97,2021-10-04 17:30:00,531662
Elena Kyrychenko_137477,Elena Kyrychenko,1,1,47,44,3,91,2021-10-04 17:30:00,531663
D Salomon_24542,D Salomon,3,1,33,22,11,55,2021-10-04 17:30:00,531664
Andrii Tsikhotskyi_1383732814,Andrii Tsikhotskyi,3,1,33,18,15,51,2021-10-04 17:30:00,531665
Ihor Petryshyn_461697135,Ihor Petryshyn,1,1,49,43,6,92,2021-10-04 17:35:00,531666
Nataliia Kosmina_137551,Nataliia Kosmina,1,1,46,37,9,83,2021-10-04 17:35:00,531667
Anton Riabukhin_1158433216,Anton Riabukhin,-2,0,33,42,-9,75,2021-10-04 17:40:00,531668
Egor Kovpak_137528,Egor Kovpak,-1,0,40,46,-6,86,2021-10-04 17:40:00,531669
A Zabrodin_109522,A Zabrodin,-2,0,35,41,-6,76,2021-10-04 17:44:00,531670
E Kupryakov_109556,E Kupryakov,3,1,33,20,13,53,2021-10-04 17:45:00,531671
Lev Kats_107611937,Lev Kats,2,1,35,24,11,59,2021-10-04 17:45:00,531672
A Pravednov_109482,A Pravednov,3,1,33,23,10,56,2021-10-04 17:45:00,531673
Andrii Martyniuk_137374,Andrii Martyniuk,3,1,33,18,15,51,2021-10-04 17:45:00,531674
Andrii Nakliutskyi_137469,Andrii Nakliutskyi,-1,0,46,52,-6,98,2021-10-04 17:50:00,531675
Andrii Chupovskyi_1834982930,Andrii Chupovskyi,2,1,38,32,6,70,2021-10-04 17:50:00,531676
Oleksandr Tkachenko_164414316,Oleksandr Tkachenko,-1,0,44,53,-9,97,2021-10-04 17:55:00,531677
Oleksandr Kovalchuk_137383,Oleksandr Kovalchuk,2,1,39,24,15,63,2021-10-04 17:55:00,531678
M Sulc_24543,M Sulc,1,1,43,49,-6,92,2021-10-04 18:00:00,531679
Jan Holan_137445,Jan Holan,-2,0,36,39,-3,75,2021-10-04 18:00:00,531680
Anzhela Hassan_137478,Anzhela Hassan,3,1,33,17,16,50,2021-10-04 18:00:00,531681
Volodymyr Tsyhanenko_1749083758,Volodymyr Tsyhanenko,-1,0,44,49,-5,93,2021-10-04 18:00:00,531682
Iryna Hrushko_137552,Iryna Hrushko,2,1,48,41,7,89,2021-10-04 18:05:00,531683
Mykola Tovkach_903989063,Mykola Tovkach,3,1,35,17,18,52,2021-10-04 18:05:00,531684
Leonid Ivanov_137529,Leonid Ivanov,3,1,33,23,10,56,2021-10-04 18:10:00,531685
Petro Tsolik_1391735831,Petro Tsolik,2,1,44,33,11,77,2021-10-04 18:10:00,531686
Lev Kuzyo_958557231,Lev Kuzyo,1,1,50,49,1,99,2021-10-04 18:15:00,531687
Oleksandr Lymarenko_137375,Oleksandr Lymarenko,3,1,33,22,11,55,2021-10-04 18:15:00,531688
I Kirpitnev_109557,I Kirpitnev,3,1,34,27,7,61,2021-10-04 18:16:00,531689
V Kalachev_109483,V Kalachev,-2,0,29,38,-9,67,2021-10-04 18:17:00,531690
S Kulikov_109523,S Kulikov,1,1,50,46,4,96,2021-10-04 18:17:00,531691
Stanislav Nikolenko_137470,Stanislav Nikolenko,1,1,47,46,1,93,2021-10-04 18:20:00,531692
Dmytro Derevinskyi_538329308,Dmytro Derevinskyi,2,1,40,42,-2,82,2021-10-04 18:20:00,531693
Ruslan Hripun_1375633973,Ruslan Hripun,-2,0,34,41,-7,75,2021-10-04 18:25:00,531694
Oleksandr Mishchenko_137384,Oleksandr Mishchenko,-1,0,42,56,-14,98,2021-10-04 18:25:00,531695
Jan Jr Krames_137446,Jan Jr Krames,-3,0,21,33,-12,54,2021-10-04 18:30:00,531696
Davyd Symonchuk_669825918,Davyd Symonchuk,1,1,48,41,7,89,2021-10-04 18:30:00,531697
Kateryna Somova_137479,Kateryna Somova,1,1,48,38,10,86,2021-10-04 18:30:00,531698
Oleksandr Zhuravlov_290665304,Oleksandr Zhuravlov,-2,0,30,42,-12,72,2021-10-04 18:35:00,531699
Yevheniia Severyna_137553,Yevheniia Severyna,2,1,41,33,8,74,2021-10-04 18:35:00,531700
Ma Klimenta_24544,Ma Klimenta,3,1,33,24,9,57,2021-10-04 18:36:00,531701
Volodymyr Tuchkevych_1832332593,Volodymyr Tuchkevych,-2,0,26,41,-15,67,2021-10-04 18:40:00,531702
Oleksandr Ivchuk_137530,Oleksandr Ivchuk,-1,0,45,45,0,90,2021-10-04 18:40:00,531703
E Kharchenko_109718,E Kharchenko,1,1,53,47,6,100,2021-10-04 18:45:00,531704
I Nirkov_109716,I Nirkov,2,1,38,37,1,75,2021-10-04 18:45:00,531705
Andrii Martyniuk_137376,Andrii Martyniuk,1,1,57,48,9,105,2021-10-04 18:45:00,531706
Igor Piskorskyu_1938734014,Igor Piskorskyu,-3,0,30,37,-7,67,2021-10-04 18:45:00,531707
Serhii Ponomarenko_19062840,Serhii Ponomarenko,3,1,33,17,16,50,2021-10-04 18:50:00,531708
Serhii Rak_137471,Serhii Rak,2,1,43,36,7,79,2021-10-04 18:50:00,531709
Serhii Kubrak_1148889851,Serhii Kubrak,-2,0,40,42,-2,82,2021-10-04 18:55:00,531710
Ir Kim_109720,Ir Kim,-2,0,29,42,-13,71,2021-10-04 18:55:00,531711
Igor Shyndel_137385,Igor Shyndel,-3,0,26,37,-11,63,2021-10-04 18:55:00,531712
Jakub Figel_137447,Jakub Figel,2,1,41,39,2,80,2021-10-04 19:00:00,531713
Ruslan Hripun_1519300069,Ruslan Hripun,-3,0,20,33,-13,53,2021-10-04 19:00:00,531714
M Sulc_24545,M Sulc,-3,0,16,33,-17,49,2021-10-04 19:00:00,531715
Liliya Andrieieva_137480,Liliya Andrieieva,3,1,33,23,10,56,2021-10-04 19:00:00,531716
Marharyta Saltanovska_137554,Marharyta Saltanovska,-3,0,19,33,-14,52,2021-10-04 19:05:00,531717
Vitalii Shaban_660878357,Vitalii Shaban,1,1,54,48,6,102,2021-10-04 19:05:00,531718
Fedir Balbas_137531,Fedir Balbas,-1,0,36,51,-15,87,2021-10-04 19:10:00,531719
Nikita Korbut_1820679329,Nikita Korbut,2,1,39,24,15,63,2021-10-04 19:10:00,531720
Eduard Populovskyi_137377,Eduard Populovskyi,-3,0,13,33,-20,46,2021-10-04 19:15:00,531721
Andrii Tsikhotskyi_330514390,Andrii Tsikhotskyi,2,1,40,38,2,78,2021-10-04 19:15:00,531722
A Slachshilin_109717,A Slachshilin,-2,0,39,47,-8,86,2021-10-04 19:15:00,531723
V Kalachev_109719,V Kalachev,-2,0,21,40,-19,61,2021-10-04 19:17:00,531724
Ihor Petryshyn_694495141,Ihor Petryshyn,-2,0,33,42,-9,75,2021-10-04 19:20:00,531725
Yurii Shmyndra_137395,Yurii Shmyndra,1,1,51,34,17,85,2021-10-04 19:20:00,531726
Andrii Nakliutskyi_137472,Andrii Nakliutskyi,-1,0,38,52,-14,90,2021-10-04 19:20:00,531727
Serhii Tkachev_137386,Serhii Tkachev,2,1,39,26,13,65,2021-10-04 19:25:00,531728
Anton Riabukhin_746686616,Anton Riabukhin,-3,0,22,33,-11,55,2021-10-04 19:25:00,531729
S Kulikov_109721,S Kulikov,-1,0,46,51,-5,97,2021-10-04 19:28:00,531730
Elena Kyrychenko_137481,Elena Kyrychenko,-3,0,25,34,-9,59,2021-10-04 19:30:00,531731
Dmytro Derevinskyi_360394415,Dmytro Derevinskyi,3,1,34,27,7,61,2021-10-04 19:30:00,531732
Jan Jr Krames_137448,Jan Jr Krames,-2,0,30,45,-15,75,2021-10-04 19:30:00,531733
D Salomon_24546,D Salomon,-3,0,17,33,-16,50,2021-10-04 19:30:00,531734
Nataliia Kosmina_137555,Nataliia Kosmina,-3,0,18,33,-15,51,2021-10-04 19:35:00,531735
Oleksandr Yarovoi_1792632223,Oleksandr Yarovoi,1,1,43,48,-5,91,2021-10-04 19:35:00,531736
Egor Kovpak_137532,Egor Kovpak,-2,0,27,42,-15,69,2021-10-04 19:40:00,531737
Oleksandr Tkachenko_4358396,Oleksandr Tkachenko,1,1,43,42,1,85,2021-10-04 19:40:00,531738
Volodymyr Tsyhanenko_805620689,Volodymyr Tsyhanenko,1,1,45,38,7,83,2021-10-04 19:45:00,531739
Oleksandr Lymarenko_137378,Oleksandr Lymarenko,-1,0,47,48,-1,95,2021-10-04 19:45:00,531740
A Silantev_109558,A Silantev,3,1,33,23,10,56,2021-10-04 19:46:00,531741
D Petrochenko_109484,D Petrochenko,2,1,43,40,3,83,2021-10-04 19:48:00,531742
Oleksandr Hordiichuk_137473,Oleksandr Hordiichuk,2,1,42,35,7,77,2021-10-04 19:50:00,531743
Mykola Tovkach_1521938614,Mykola Tovkach,3,1,33,20,13,53,2021-10-04 19:50:00,531744
Oleksandr Zaporozhets_137396,Oleksandr Zaporozhets,1,1,47,45,2,92,2021-10-04 19:50:00,531745
Petro Tsolik_558154633,Petro Tsolik,1,1,47,46,1,93,2021-10-04 19:55:00,531746
Oleksandr Kovalchuk_137387,Oleksandr Kovalchuk,1,1,49,50,-1,99,2021-10-04 19:55:00,531747
Lev Kuzyo_410007991,Lev Kuzyo,-2,0,32,44,-12,76,2021-10-04 20:00:00,531748
Kateryna Somova_137482,Kateryna Somova,2,1,42,31,11,73,2021-10-04 20:00:00,531749
M Sulc_24587,M Sulc,-3,0,22,33,-11,55,2021-10-04 20:00:00,531750
V Chernov_109524,V Chernov,3,1,35,24,11,59,2021-10-04 20:04:00,531751
Serhii Kubrak_1425960254,Serhii Kubrak,-3,0,20,33,-13,53,2021-10-04 20:05:00,531752
Iryna Hrushko_137556,Iryna Hrushko,-2,0,34,44,-10,78,2021-10-04 20:05:00,531753
Leonid Ivanov_137533,Leonid Ivanov,2,1,40,28,12,68,2021-10-04 20:10:00,531754
Ruslan Hripun_645549741,Ruslan Hripun,3,1,35,26,9,61,2021-10-04 20:10:00,531755
Oleksii Haponov_741825426,Oleksii Haponov,-2,0,40,43,-3,83,2021-10-04 20:15:00,531756
Sergii Skhabitskiy_137379,Sergii Skhabitskiy,1,1,54,49,5,103,2021-10-04 20:15:00,531757
Jan Holan_137801,Jan Holan,3,1,33,16,17,49,2021-10-04 20:15:00,531758
D Komarov_109559,D Komarov,-2,0,37,42,-5,79,2021-10-04 20:15:00,531759
S Nikulin_109485,S Nikulin,-3,0,16,33,-17,49,2021-10-04 20:17:00,531760
Yurii Shmyndra_137397,Yurii Shmyndra,3,1,34,23,11,57,2021-10-04 20:20:00,531761
Adam Krasutskyi_816774499,Adam Krasutskyi,1,1,49,42,7,91,2021-10-04 20:20:00,531762
Volodymyr Tuchkevych_1581041305,Volodymyr Tuchkevych,-1,0,45,53,-8,98,2021-10-04 20:25:00,531763
Oleksandr Mishchenko_137388,Oleksandr Mishchenko,-1,0,41,46,-5,87,2021-10-04 20:25:00,531764
K Malahov_109525,K Malahov,3,1,33,22,11,55,2021-10-04 20:25:00,531765
M Bittner_24588,M Bittner,-3,0,23,34,-11,57,2021-10-04 20:30:00,531766
Oleksandr Hordiichuk_137803,Oleksandr Hordiichuk,-1,0,45,53,-8,98,2021-10-04 20:30:00,531767
Ivan Tymchyshyn_607526357,Ivan Tymchyshyn,-3,0,11,33,-22,44,2021-10-04 20:30:00,531768
Kateryna Somova_137348,Kateryna Somova,2,1,38,35,3,73,2021-10-04 20:30:00,531769
Yevheniia Severyna_137557,Yevheniia Severyna,-3,0,22,33,-11,55,2021-10-04 20:35:00,531770
Yevhenii Kryvorotko_1957768983,Yevhenii Kryvorotko,3,1,33,24,9,57,2021-10-04 20:35:00,531771
Oleksandr Ivchuk_137534,Oleksandr Ivchuk,1,1,53,57,-4,110,2021-10-04 20:40:00,531772
Dmytro Derevinskyi_96786497,Dmytro Derevinskyi,-1,0,46,47,-1,93,2021-10-04 20:40:00,531773
Oleksandr Yarovoi_1964089532,Oleksandr Yarovoi,-1,0,40,49,-9,89,2021-10-04 20:45:00,531774
Jaromir Zlamal_137802,Jaromir Zlamal,-3,0,23,33,-10,56,2021-10-04 20:45:00,531775
M Andrusenko_109486,M Andrusenko,-1,0,45,44,1,89,2021-10-04 20:45:00,531776
D Tikhnenko_109526,D Tikhnenko,3,1,34,21,13,55,2021-10-04 20:46:00,531777
D Fedorov_109560,D Fedorov,-2,0,33,40,-7,73,2021-10-04 20:48:00,531778
Oleksii Hrymovskyi_137398,Oleksii Hrymovskyi,-1,0,54,59,-5,113,2021-10-04 20:50:00,531779
Davyd Symonchuk_502073877,Davyd Symonchuk,-2,0,31,39,-8,70,2021-10-04 20:50:00,531780
Igor Shyndel_137389,Igor Shyndel,2,1,41,37,4,78,2021-10-04 20:55:00,531781
Oleksandr Zhuravlov_1598335718,Oleksandr Zhuravlov,-3,0,24,38,-14,62,2021-10-04 20:55:00,531782
Oleksandr Mytsyk_137805,Oleksandr Mytsyk,-1,0,42,44,-2,86,2021-10-04 20:55:00,531783
Matej Beran_137449,Matej Beran,-1,0,39,44,-5,83,2021-10-04 21:00:00,531784
Oleksandr Kuharchuk_1038696331,Oleksandr Kuharchuk,3,1,34,23,11,57,2021-10-04 21:00:00,531785
Elena Kyrychenko_137483,Elena Kyrychenko,-3,0,19,33,-14,52,2021-10-04 21:00:00,531786
Serhii Rak_137804,Serhii Rak,2,1,49,45,4,94,2021-10-04 21:00:00,531787
Igor Piskorskyu_142372718,Igor Piskorskyu,2,1,38,27,11,65,2021-10-04 21:05:00,531788
Nataliia Kosmina_137558,Nataliia Kosmina,2,1,47,39,8,86,2021-10-04 21:05:00,531789
L Boruvka_24547,L Boruvka,-1,0,42,47,-5,89,2021-10-04 21:06:00,531790
A Sadkov_109527,A Sadkov,-2,0,26,37,-11,63,2021-10-04 21:09:00,531791
Serhii Ponomarenko_2064670547,Serhii Ponomarenko,3,1,36,30,6,66,2021-10-04 21:10:00,531792
Egor Kovpak_137535,Egor Kovpak,2,1,44,40,4,84,2021-10-04 21:10:00,531793
Serhii Kubrak_805185646,Serhii Kubrak,-2,0,41,44,-3,85,2021-10-04 21:15:00,531794
T Razinkov_109487,T Razinkov,-2,0,28,43,-15,71,2021-10-04 21:15:00,531795
I Elistratov_109561,I Elistratov,1,1,44,46,-2,90,2021-10-04 21:17:00,531796
Dmytro Derevinskyi_885070255,Dmytro Derevinskyi,-3,0,24,34,-10,58,2021-10-04 21:20:00,531797
Oleksandr Zaporozhets_137399,Oleksandr Zaporozhets,-2,0,32,42,-10,74,2021-10-04 21:20:00,531798
Sergii Skhabitskiy_137806,Sergii Skhabitskiy,2,1,46,42,4,88,2021-10-04 21:25:00,531799
Oleksii Haponov_347330668,Oleksii Haponov,3,1,33,16,17,49,2021-10-04 21:25:00,531800
Serhii Tkachev_137390,Serhii Tkachev,-3,0,28,38,-10,66,2021-10-04 21:25:00,531801
D Tikhnenko_109528,D Tikhnenko,-1,0,44,51,-7,95,2021-10-04 21:30:00,531802
Serhii Zazymko_2014054345,Serhii Zazymko,2,1,41,34,7,75,2021-10-04 21:30:00,531803
Matej Zaboj_137450,Matej Zaboj,-1,0,36,42,-6,78,2021-10-04 21:30:00,531804
Andrii Tsikhotskyi_619165842,Andrii Tsikhotskyi,-2,0,29,42,-13,71,2021-10-04 21:35:00,531805
Alisa Dubrova_137559,Alisa Dubrova,-1,0,40,50,-10,90,2021-10-04 21:35:00,531806
Maksym Mykytiuk_2145500188,Maksym Mykytiuk,2,1,46,40,6,86,2021-10-04 21:40:00,531807
Anatolii Nazarov_137536,Anatolii Nazarov,2,1,40,35,5,75,2021-10-04 21:40:00,531808
Anton Riabukhin_1654469299,Anton Riabukhin,-2,0,45,43,2,88,2021-10-04 21:45:00,531809
M Andrusenko_109488,M Andrusenko,2,1,39,39,0,78,2021-10-04 21:46:00,531810
D Fedorov_109562,D Fedorov,-2,0,41,47,-6,88,2021-10-04 21:50:00,531811
T Vorisek_24548,T Vorisek,1,1,56,53,3,109,2021-10-04 21:50:00,531812
Yurii Shmyndra_137400,Yurii Shmyndra,-2,0,35,37,-2,72,2021-10-04 21:50:00,531813
Vadym Komar_10948484,Vadym Komar,3,1,33,20,13,53,2021-10-04 21:50:00,531814
Dmytro Derevinskyi_969717651,Dmytro Derevinskyi,3,1,37,26,11,63,2021-10-04 21:55:00,531815
Oleksandr Mishchenko_137391,Oleksandr Mishchenko,-1,0,35,47,-12,82,2021-10-04 21:55:00,531816
Oleksandr Tkachenko_1850196882,Oleksandr Tkachenko,-2,0,26,40,-14,66,2021-10-04 22:00:00,531817
Matej Zaboj_137451,Matej Zaboj,1,1,49,38,11,87,2021-10-04 22:00:00,531818
K Malahov_109529,K Malahov,3,1,33,21,12,54,2021-10-04 22:00:00,531819
Nataliia Kosmina_137560,Nataliia Kosmina,2,1,44,35,9,79,2021-10-04 22:05:00,531820
Nikita Korbut_1192430506,Nikita Korbut,1,1,51,44,7,95,2021-10-04 22:05:00,531821
Serhii Hilitukha_1273504956,Serhii Hilitukha,-1,0,51,53,-2,104,2021-10-04 22:10:00,531822
Egor Kovpak_137537,Egor Kovpak,-2,0,34,42,-8,76,2021-10-04 22:10:00,531823
Igor Piskorskyu_1934588776,Igor Piskorskyu,-1,0,43,43,0,86,2021-10-04 22:15:00,531824
S Nikulin_109489,S Nikulin,-1,0,46,46,0,92,2021-10-04 22:16:00,531825
D Komarov_109563,D Komarov,-1,0,42,41,1,83,2021-10-04 22:16:00,531826
Yevhenii Kryvorotko_1826788994,Yevhenii Kryvorotko,-3,0,16,34,-18,50,2021-10-04 22:20:00,531827
Oleksandr Zaporozhets_137401,Oleksandr Zaporozhets,-3,0,24,33,-9,57,2021-10-04 22:20:00,531828
Artem Chepurnyi_137392,Artem Chepurnyi,-2,0,32,42,-10,74,2021-10-04 22:25:00,531829
Ruslan Hripun_2118489259,Ruslan Hripun,2,1,43,36,7,79,2021-10-04 22:25:00,531830
Matej Beran_137452,Matej Beran,-2,0,37,41,-4,78,2021-10-04 22:30:00,531831
V Chernov_109722,V Chernov,2,1,42,36,6,78,2021-10-04 22:31:00,531832
Marharyta Saltanovska_137561,Marharyta Saltanovska,2,1,40,34,6,74,2021-10-04 22:35:00,531833
P Silhan_24549,P Silhan,2,1,42,28,14,70,2021-10-04 22:38:00,531834
Fedir Balbas_137538,Fedir Balbas,2,1,39,37,2,76,2021-10-04 22:40:00,531835
Oleksandr Kuharchuk_1081128362,Oleksandr Kuharchuk,-3,0,26,34,-8,60,2021-10-04 22:45:00,531836
T Razinkov_109724,T Razinkov,-3,0,21,37,-16,58,2021-10-04 22:48:00,531837
Oleksii Hrymovskyi_137402,Oleksii Hrymovskyi,-2,0,34,43,-9,77,2021-10-04 22:50:00,531838
D Komarov_109726,D Komarov,3,1,33,20,13,53,2021-10-04 22:51:00,531839
Oleksandr Mishchenko_137393,Oleksandr Mishchenko,3,1,33,13,20,46,2021-10-04 22:55:00,531840
Erik Mares_137453,Erik Mares,-3,0,18,33,-15,51,2021-10-04 23:00:00,531841
Iryna Aseieva_1764244679,Iryna Aseieva,1,1,52,45,7,97,2021-10-04 23:00:00,531842
D Tikhnenko_109723,D Tikhnenko,2,1,41,38,3,79,2021-10-04 23:01:00,531843
M Vavra_24550,M Vavra,3,1,35,24,11,59,2021-10-04 23:10:00,531844
I Elistratov_109727,I Elistratov,1,1,48,52,-4,100,2021-10-04 23:15:00,531845
M Andrusenko_109725,M Andrusenko,-2,0,32,41,-9,73,2021-10-04 23:15:00,531846
Yurii Shmyndra_137403,Yurii Shmyndra,-2,0,28,37,-9,65,2021-10-04 23:20:00,531847
Oleksandr Kovalchuk_137394,Oleksandr Kovalchuk,-3,0,23,33,-10,56,2021-10-04 23:25:00,531848
Halyna Telna_1583745248,Halyna Telna,3,1,37,26,11,63,2021-10-04 23:30:00,531849
Matej Beran_137454,Matej Beran,-2,0,32,44,-12,76,2021-10-04 23:30:00,531850
T Turabekov_109530,T Turabekov,-2,0,33,40,-7,73,2021-10-04 23:32:00,531851
P Silhan_24551,P Silhan,2,1,38,25,13,63,2021-10-04 23:40:00,531852
V Sidorin_109490,V Sidorin,3,1,36,22,14,58,2021-10-04 23:45:00,531853
V Safonov_109564,V Safonov,-1,0,48,50,-2,98,2021-10-04 23:46:00,531854
Mykhailo Teteruk_137404,Mykhailo Teteruk,2,1,37,34,3,71,2021-10-04 23:50:00,531855
M Cmunt_25530,M Cmunt,-3,0,21,33,-12,54,2021-10-05 00:00:00,531856
Serhii Rutskyi_1483434409,Serhii Rutskyi,2,1,40,39,1,79,2021-10-05 00:00:00,531857
Milos Frydl_146816,Milos Frydl,-1,0,48,46,2,94,2021-10-05 00:00:00,531858
K Churin_113923,K Churin,-3,0,15,33,-18,48,2021-10-05 00:01:00,531859
A Ilin_113883,A Ilin,2,1,40,29,11,69,2021-10-05 00:15:00,531860
N Zhurba_113956,N Zhurba,1,1,50,43,7,93,2021-10-05 00:17:00,531861
Pavlo Volkov_146418,Pavlo Volkov,1,1,55,51,4,106,2021-10-05 00:25:00,531862
Frantisek Korenek_146817,Frantisek Korenek,-3,0,20,33,-13,53,2021-10-05 00:30:00,531863
Vitalii Zharskiy_926793920,Vitalii Zharskiy,-1,0,45,44,1,89,2021-10-05 00:30:00,531864
K Novak_25531,K Novak,2,1,42,33,9,75,2021-10-05 00:30:00,531865
P Bondarenko_113924,P Bondarenko,-1,0,45,48,-3,93,2021-10-05 00:31:00,531866
Va Ivanov_113957,Va Ivanov,3,1,36,23,13,59,2021-10-05 00:45:00,531867
V Chahur_113884,V Chahur,2,1,44,36,8,80,2021-10-05 00:45:00,531868
Maksym Balakiriev_146419,Maksym Balakiriev,2,1,45,37,8,82,2021-10-05 00:55:00,531869
Andrii Lukatskyi_146818,Andrii Lukatskyi,-3,0,23,33,-10,56,2021-10-05 00:55:00,531870
Serhij Maksymiv_1060528096,Serhij Maksymiv,-1,0,37,45,-8,82,2021-10-05 01:00:00,531871
S Martyukhin_113925,S Martyukhin,1,1,48,40,8,88,2021-10-05 01:04:00,531872
E Ilyukhin_113885,E Ilyukhin,-3,0,32,39,-7,71,2021-10-05 01:16:00,531873
E Kalashnikov_113958,E Kalashnikov,-2,0,40,44,-4,84,2021-10-05 01:16:00,531874
Serhii Smyrnov_146819,Serhii Smyrnov,-1,0,43,50,-7,93,2021-10-05 01:25:00,531875
Mykola Polysynskyi_146420,Mykola Polysynskyi,3,1,33,19,14,52,2021-10-05 01:25:00,531876
Serhii Rutskyi_398538245,Serhii Rutskyi,-3,0,20,33,-13,53,2021-10-05 01:30:00,531877
K Churin_113926,K Churin,-3,0,21,33,-12,54,2021-10-05 01:37:00,531878
A Ilin_113886,A Ilin,-3,0,24,33,-9,57,2021-10-05 01:45:00,531879
N Zhurba_113959,N Zhurba,-2,0,27,41,-14,68,2021-10-05 01:45:00,531880
Maksym Balakiriev_146421,Maksym Balakiriev,-1,0,42,48,-6,90,2021-10-05 01:55:00,531881
Vitalii Zharskiy_506831367,Vitalii Zharskiy,1,1,47,39,8,86,2021-10-05 02:00:00,531882
S Martyukhin_113927,S Martyukhin,3,1,34,22,12,56,2021-10-05 02:01:00,531883
E Kalashnikov_113960,E Kalashnikov,-1,0,46,48,-2,94,2021-10-05 02:16:00,531884
E Ilyukhin_113887,E Ilyukhin,2,1,39,26,13,65,2021-10-05 02:16:00,531885
Pavlo Volkov_146422,Pavlo Volkov,-3,0,16,34,-18,50,2021-10-05 02:25:00,531886
Andrii Zeniuk_1151726182,Andrii Zeniuk,-1,0,45,50,-5,95,2021-10-05 02:30:00,531887
T Shatilov_113928,T Shatilov,3,1,34,21,13,55,2021-10-05 02:32:00,531888
M Minkov_113888,M Minkov,3,1,33,12,21,45,2021-10-05 02:45:00,531889
A Girevenkov_113961,A Girevenkov,-3,0,25,35,-10,60,2021-10-05 02:46:00,531890
Viktor Vakhrushev_146423,Viktor Vakhrushev,2,1,46,37,9,83,2021-10-05 02:55:00,531891
Liubomyr Sheshurak_1182031598,Liubomyr Sheshurak,3,1,33,14,19,47,2021-10-05 03:00:00,531892
P Bondarenko_113929,P Bondarenko,-3,0,19,33,-14,52,2021-10-05 03:00:00,531893
Va Ivanov_113962,Va Ivanov,1,1,50,46,4,96,2021-10-05 03:15:00,531894
V Chahur_113889,V Chahur,1,1,55,46,9,101,2021-10-05 03:15:00,531895
Mykola Polysynskyi_146424,Mykola Polysynskyi,3,1,33,14,19,47,2021-10-05 03:25:00,531896
Vitalii Zharskiy_926829789,Vitalii Zharskiy,-3,0,16,33,-17,49,2021-10-05 03:30:00,531897
S Ogai_113930,S Ogai,2,1,43,29,14,72,2021-10-05 03:30:00,531898
T Yusipov_113963,T Yusipov,2,1,37,27,10,64,2021-10-05 03:48:00,531899
Maksym Balakiriev_146425,Maksym Balakiriev,-2,0,30,40,-10,70,2021-10-05 03:55:00,531900
O Kutuzov_113890,O Kutuzov,-3,0,21,33,-12,54,2021-10-05 03:56:00,531901
T Shatilov_113931,T Shatilov,-3,0,20,33,-13,53,2021-10-05 04:00:00,531902
M Minkov_113891,M Minkov,2,1,42,26,16,68,2021-10-05 04:15:00,531903
A Girevenkov_113964,A Girevenkov,2,1,41,25,16,66,2021-10-05 04:18:00,531904
Pavlo Volkov_146426,Pavlo Volkov,1,1,47,52,-5,99,2021-10-05 04:25:00,531905
T Shatilov_114119,T Shatilov,-1,0,44,50,-6,94,2021-10-05 04:30:00,531906
E Ilyukhin_114121,E Ilyukhin,1,1,47,46,1,93,2021-10-05 04:45:00,531907
T Yusipov_114123,T Yusipov,-3,0,24,36,-12,60,2021-10-05 04:45:00,531908
Viktor Vakhrushev_146427,Viktor Vakhrushev,3,1,33,18,15,51,2021-10-05 04:55:00,531909
S Ogai_114120,S Ogai,-1,0,46,50,-4,96,2021-10-05 05:00:00,531910
A Girevenkov_114124,A Girevenkov,-1,0,47,47,0,94,2021-10-05 05:16:00,531911
V Chahur_114122,V Chahur,3,1,35,27,8,62,2021-10-05 05:19:00,531912
Mykola Polysynskyi_146428,Mykola Polysynskyi,-1,0,44,49,-5,93,2021-10-05 05:25:00,531913
Pavlo Volkov_146429,Pavlo Volkov,2,1,41,32,9,73,2021-10-05 05:55:00,531914
Artem Lisechko_146430,Artem Lisechko,2,1,43,34,9,77,2021-10-05 06:25:00,531915
Pavlo Volkov_146431,Pavlo Volkov,3,1,33,20,13,53,2021-10-05 06:55:00,531916
Maksym Balakiriev_146432,Maksym Balakiriev,2,1,43,34,9,77,2021-10-05 07:25:00,531917
M Chernyavskiy_114037,M Chernyavskiy,3,1,33,19,14,52,2021-10-05 07:30:00,531918
M Marchenko_113999,M Marchenko,-2,0,36,43,-7,79,2021-10-05 07:48:00,531919
K Olshakov_114073,K Olshakov,2,1,53,46,7,99,2021-10-05 07:49:00,531920
Igor Sukovatyi_873743733,Igor Sukovatyi,3,1,37,29,8,66,2021-10-05 07:50:00,531921
Nataliia Svydnytska_146451,Nataliia Svydnytska,3,1,33,13,20,46,2021-10-05 07:50:00,531922
Mykhailo Presniakov_424201405,Mykhailo Presniakov,1,1,50,38,12,88,2021-10-05 07:55:00,531923
Yevhen Korol_146712,Yevhen Korol,-2,0,32,43,-11,75,2021-10-05 08:00:00,531924
A Vorozheykin_114038,A Vorozheykin,2,1,42,37,5,79,2021-10-05 08:01:00,531925
Serhii Pitsyk_146724,Serhii Pitsyk,-2,0,33,37,-4,70,2021-10-05 08:05:00,531926
Anastasiia Zabolotna_146491,Anastasiia Zabolotna,2,1,40,31,9,71,2021-10-05 08:10:00,531927
Stepan Grygorenko_146506,Stepan Grygorenko,-2,0,25,40,-15,65,2021-10-05 08:15:00,531928
V Sinkovskiy_114000,V Sinkovskiy,-2,0,36,43,-7,79,2021-10-05 08:20:00,531929
Olha Umantsyv_146452,Olha Umantsyv,-2,0,26,41,-15,67,2021-10-05 08:20:00,531930
V Bazilevskiy_114074,V Bazilevskiy,-1,0,49,52,-3,101,2021-10-05 08:22:00,531931
Anatolii Yakovenko_2119145946,Anatolii Yakovenko,2,1,42,39,3,81,2021-10-05 08:25:00,531932
Eduard Rubtsov_322476085,Eduard Rubtsov,3,1,33,20,13,53,2021-10-05 08:30:00,531933
Andrii Skliarenko_146713,Andrii Skliarenko,-2,0,30,41,-11,71,2021-10-05 08:30:00,531934
V Vologzhanin_114039,V Vologzhanin,1,1,50,48,2,98,2021-10-05 08:30:00,531935
Serhii Khandetskyi_146725,Serhii Khandetskyi,2,1,45,39,6,84,2021-10-05 08:35:00,531936
Ruslan Kovalchuk_1856303581,Ruslan Kovalchuk,3,1,33,21,12,54,2021-10-05 08:40:00,531937
Anastasia Degteva_146492,Anastasia Degteva,3,1,33,17,16,50,2021-10-05 08:40:00,531938
Stefan Yakimenko_146734,Stefan Yakimenko,-3,0,15,33,-18,48,2021-10-05 08:45:00,531939
Andrii Kotik_1897459363,Andrii Kotik,-2,0,21,42,-21,63,2021-10-05 08:45:00,531940
Volodymyr Voronenkov_146521,Volodymyr Voronenkov,2,1,45,33,12,78,2021-10-05 08:50:00,531941
Romana Faflei_146453,Romana Faflei,2,1,42,29,13,71,2021-10-05 08:50:00,531942
O Kharlakin_114001,O Kharlakin,1,1,45,46,-1,91,2021-10-05 08:50:00,531943
Oleksandr Staryi_552286738,Oleksandr Staryi,3,1,33,22,11,55,2021-10-05 08:50:00,531944
Davyd Symonchuk_82155094,Davyd Symonchuk,-2,0,30,38,-8,68,2021-10-05 08:55:00,531945
Nikita Trofimov_1358154499,Nikita Trofimov,-2,0,26,42,-16,68,2021-10-05 08:55:00,531946
Yevhen Bielokon_146746,Yevhen Bielokon,2,1,37,36,1,73,2021-10-05 08:55:00,531947
Jan Satrapa_146678,Jan Satrapa,2,1,44,34,10,78,2021-10-05 09:00:00,531948
Andrii Skliarenko_146714,Andrii Skliarenko,1,1,50,44,6,94,2021-10-05 09:00:00,531949
Mykhailo Urban_146546,Mykhailo Urban,2,1,42,40,2,82,2021-10-05 09:00:00,531950
Igor Sukovatyi_1756059049,Igor Sukovatyi,3,1,43,34,9,77,2021-10-05 09:00:00,531951
I Sergeevich_114040,I Sergeevich,3,1,34,23,11,57,2021-10-05 09:02:00,531952
M Kolar_25502,M Kolar,1,1,51,51,0,102,2021-10-05 09:03:00,531953
Serhii Pitsyk_146726,Serhii Pitsyk,-3,0,13,33,-20,46,2021-10-05 09:05:00,531954
Andrey Pereiaslov_792074009,Andrey Pereiaslov,-1,0,43,47,-4,90,2021-10-05 09:05:00,531955
S Simonov_114075,S Simonov,1,1,52,39,13,91,2021-10-05 09:07:00,531956
Olha Panchyshyn_146493,Olha Panchyshyn,1,1,47,47,0,94,2021-10-05 09:10:00,531957
Vitalii Vasko_146735,Vitalii Vasko,3,1,34,22,12,56,2021-10-05 09:15:00,531958
Ruslan Kovalchuk_239876031,Ruslan Kovalchuk,3,1,34,24,10,58,2021-10-05 09:15:00,531959
I Iskenderov_114002,I Iskenderov,2,1,41,24,17,65,2021-10-05 09:16:00,531960
Olha Umantsyv_146454,Olha Umantsyv,-2,0,35,40,-5,75,2021-10-05 09:20:00,531961
Vadym Nechyporuk_1470433281,Vadym Nechyporuk,-1,0,51,48,3,99,2021-10-05 09:20:00,531962
Kyrylo Yurchenko_146522,Kyrylo Yurchenko,2,1,37,36,1,73,2021-10-05 09:20:00,531963
Vitalii Kobets_146747,Vitalii Kobets,3,1,34,26,8,60,2021-10-05 09:25:00,531964
Vladyslav Van_401355581,Vladyslav Van,2,1,36,23,13,59,2021-10-05 09:25:00,531965
Yevhen Korol_146715,Yevhen Korol,3,1,35,28,7,63,2021-10-05 09:30:00,531966
Bohdan Kohut_168744703,Bohdan Kohut,-1,0,46,49,-3,95,2021-10-05 09:30:00,531967
Serhii Prus_146547,Serhii Prus,2,1,40,31,9,71,2021-10-05 09:30:00,531968
Valentyn Korovychenko_1341551943,Valentyn Korovychenko,1,1,46,45,1,91,2021-10-05 09:30:00,531969
Petr Fiser_146679,Petr Fiser,-3,0,24,34,-10,58,2021-10-05 09:30:00,531970
V Vologzhanin_114041,V Vologzhanin,1,1,56,51,5,107,2021-10-05 09:31:00,531971
Uriy Sandulenko_1003963376,Uriy Sandulenko,-1,0,49,51,-2,100,2021-10-05 09:35:00,531972
Taras Yemelianov_146727,Taras Yemelianov,3,1,33,8,25,41,2021-10-05 09:35:00,531973
Anastasia Degteva_146494,Anastasia Degteva,3,1,34,22,12,56,2021-10-05 09:40:00,531974
Eduard Rubtsov_610546915,Eduard Rubtsov,3,1,33,17,16,50,2021-10-05 09:40:00,531975
R Hasmanda_25503,R Hasmanda,3,1,34,20,14,54,2021-10-05 09:40:00,531976
D Kolesnikov_114076,D Kolesnikov,-2,0,31,42,-11,73,2021-10-05 09:45:00,531977
Stefan Yakimenko_146509,Stefan Yakimenko,3,1,33,24,9,57,2021-10-05 09:45:00,531978
O Kharlakin_114003,O Kharlakin,1,1,49,45,4,94,2021-10-05 09:50:00,531979
Nataliia Svydnytska_146455,Nataliia Svydnytska,3,1,33,7,26,40,2021-10-05 09:50:00,531980
Andrii Halych_1476533530,Andrii Halych,3,1,33,15,18,48,2021-10-05 09:50:00,531981
Volodymyr Voronenkov_146523,Volodymyr Voronenkov,-1,0,51,55,-4,106,2021-10-05 09:50:00,531982
Andrii Kotik_1208415950,Andrii Kotik,3,1,33,20,13,53,2021-10-05 09:55:00,531983
Roman Yushko_146748,Roman Yushko,1,1,47,45,2,92,2021-10-05 09:55:00,531984
Fedir Balbas_146716,Fedir Balbas,2,1,41,33,8,74,2021-10-05 10:00:00,531985
Petr Fiser_146680,Petr Fiser,2,1,38,32,6,70,2021-10-05 10:00:00,531986
Anatolii Nikolenko_146548,Anatolii Nikolenko,2,1,42,38,4,80,2021-10-05 10:00:00,531987
Oleksandr Staryi_930241423,Oleksandr Staryi,2,1,39,28,11,67,2021-10-05 10:00:00,531988
J Veselka_25504,J Veselka,-3,0,24,34,-10,58,2021-10-05 10:04:00,531989
Davyd Symonchuk_602910533,Davyd Symonchuk,3,1,34,23,11,57,2021-10-05 10:05:00,531990
Nikita Trofimov_577862198,Nikita Trofimov,2,1,38,31,7,69,2021-10-05 10:05:00,531991
Serhii Khandetskyi_146728,Serhii Khandetskyi,-2,0,32,39,-7,71,2021-10-05 10:05:00,531992
A Vorozheykin_114042,A Vorozheykin,-3,0,19,34,-15,53,2021-10-05 10:06:00,531993
Anastasiia Zabolotna_146495,Anastasiia Zabolotna,-3,0,22,33,-11,55,2021-10-05 10:10:00,531994
Anatolii Yakovenko_671045858,Anatolii Yakovenko,-3,0,22,34,-12,56,2021-10-05 10:10:00,531995
S Simonov_114077,S Simonov,3,1,33,22,11,55,2021-10-05 10:12:00,531996
Mykhailo Presniakov_1810361233,Mykhailo Presniakov,1,1,46,43,3,89,2021-10-05 10:15:00,531997
Stepan Grygorenko_146736,Stepan Grygorenko,-1,0,46,48,-2,94,2021-10-05 10:15:00,531998
Olena Kutkova_146456,Olena Kutkova,-3,0,24,33,-9,57,2021-10-05 10:20:00,531999
Andrii Lukatskyi_146524,Andrii Lukatskyi,-3,0,27,33,-6,60,2021-10-05 10:20:00,532000
V Sinkovskiy_114004,V Sinkovskiy,-2,0,33,43,-10,76,2021-10-05 10:22:00,532001
Vitalii Kobets_146749,Vitalii Kobets,1,1,50,42,8,92,2021-10-05 10:25:00,532002
Ruslan Kovalchuk_1327935122,Ruslan Kovalchuk,-2,0,30,40,-10,70,2021-10-05 10:25:00,532003
A Vorozheykin_114125,A Vorozheykin,1,1,49,40,9,89,2021-10-05 10:30:00,532004
Serhii Prus_146549,Serhii Prus,-3,0,15,33,-18,48,2021-10-05 10:30:00,532005
Valentyn Yunchyk_1351518984,Valentyn Yunchyk,-3,0,27,34,-7,61,2021-10-05 10:30:00,532006
Yevhen Korol_146717,Yevhen Korol,-3,0,24,34,-10,58,2021-10-05 10:30:00,532007
Jan Satrapa_146681,Jan Satrapa,-2,0,31,40,-9,71,2021-10-05 10:30:00,532008
J Pozarsky_25505,J Pozarsky,1,1,55,49,6,104,2021-10-05 10:31:00,532009
Oleksandr Levchenko_200025347,Oleksandr Levchenko,-1,0,43,54,-11,97,2021-10-05 10:35:00,532010
V Bazilevskiy_114078,V Bazilevskiy,3,1,33,21,12,54,2021-10-05 10:35:00,532011
Serhii Pitsyk_146729,Serhii Pitsyk,-2,0,18,42,-24,60,2021-10-05 10:35:00,532012
Sergey Filatov_1320681620,Sergey Filatov,-2,0,37,38,-1,75,2021-10-05 10:40:00,532013
Valerii Melnyk_516893366,Valerii Melnyk,1,1,51,51,0,102,2021-10-05 10:40:00,532014
Aniuta Muliarchuk_146496,Aniuta Muliarchuk,2,1,39,28,11,67,2021-10-05 10:40:00,532015
Marat Yakubov_146737,Marat Yakubov,-2,0,32,44,-12,76,2021-10-05 10:45:00,532016
Igor Sukovatyi_1053188569,Igor Sukovatyi,1,1,48,35,13,83,2021-10-05 10:45:00,532017
V Sinkovskiy_114127,V Sinkovskiy,2,1,38,38,0,76,2021-10-05 10:48:00,532018
Viacheslav Kovalenko_1601059683,Viacheslav Kovalenko,-2,0,37,49,-12,86,2021-10-05 10:50:00,532019
Kyrylo Yurchenko_146525,Kyrylo Yurchenko,-2,0,30,45,-15,75,2021-10-05 10:50:00,532020
Romana Faflei_146457,Romana Faflei,-3,0,14,33,-19,47,2021-10-05 10:50:00,532021
Yevhen Bielokon_146750,Yevhen Bielokon,3,1,33,21,12,54,2021-10-05 10:55:00,532022
D Kolesnikov_114129,D Kolesnikov,2,1,43,33,10,76,2021-10-05 10:57:00,532023
Mykhailo Urban_146550,Mykhailo Urban,2,1,39,33,6,72,2021-10-05 11:00:00,532024
Maksym Mrykh_146718,Maksym Mrykh,-3,0,27,34,-7,61,2021-10-05 11:00:00,532025
Jiri Cermak_146682,Jiri Cermak,2,1,41,27,14,68,2021-10-05 11:00:00,532026
Andrii Halych_663202779,Andrii Halych,1,1,48,40,8,88,2021-10-05 11:00:00,532027
V Vologzhanin_114126,V Vologzhanin,1,1,53,49,4,102,2021-10-05 11:00:00,532028
Vadym Nechyporuk_1554379769,Vadym Nechyporuk,2,1,39,38,1,77,2021-10-05 11:05:00,532029
Serhii Khandetskyi_146730,Serhii Khandetskyi,3,1,37,26,11,63,2021-10-05 11:05:00,532030
J Veselka_25506,J Veselka,-3,0,10,33,-23,43,2021-10-05 11:09:00,532031
Vladyslav Van_1978405762,Vladyslav Van,3,1,33,20,13,53,2021-10-05 11:10:00,532032
Olha Panchyshyn_146497,Olha Panchyshyn,-3,0,20,33,-13,53,2021-10-05 11:10:00,532033
Valentyn Korovychenko_384636366,Valentyn Korovychenko,2,1,42,41,1,83,2021-10-05 11:15:00,532034
Vitalii Vasko_146738,Vitalii Vasko,-2,0,21,43,-22,64,2021-10-05 11:15:00,532035
Bohdan Kohut_425037932,Bohdan Kohut,1,1,49,47,2,96,2021-10-05 11:15:00,532036
I Iskenderov_114128,I Iskenderov,2,1,40,35,5,75,2021-10-05 11:18:00,532037
Uriy Sandulenko_1599466424,Uriy Sandulenko,-1,0,36,50,-14,86,2021-10-05 11:20:00,532038
Olha Umantsyv_146458,Olha Umantsyv,-1,0,47,45,2,92,2021-10-05 11:20:00,532039
Volodymyr Voronenkov_146526,Volodymyr Voronenkov,-2,0,27,43,-16,70,2021-10-05 11:20:00,532040
V Bazilevskiy_114130,V Bazilevskiy,3,1,33,13,20,46,2021-10-05 11:22:00,532041
Andrii Hrytsai_146751,Andrii Hrytsai,-1,0,43,43,0,86,2021-10-05 11:25:00,532042
Andrey Pereiaslov_1095643296,Andrey Pereiaslov,-3,0,24,35,-11,59,2021-10-05 11:25:00,532043
Andrii Skliarenko_146719,Andrii Skliarenko,2,1,40,36,4,76,2021-10-05 11:30:00,532044
Jan Satrapa_146683,Jan Satrapa,2,1,39,34,5,73,2021-10-05 11:30:00,532045
Oleh Holiak_146551,Oleh Holiak,2,1,39,32,7,71,2021-10-05 11:30:00,532046
R Hasmanda_25507,R Hasmanda,2,1,42,32,10,74,2021-10-05 11:32:00,532047
Taras Yemelianov_146731,Taras Yemelianov,3,1,33,17,16,50,2021-10-05 11:35:00,532048
Oleg Mikluha_622061610,Oleg Mikluha,1,1,57,54,3,111,2021-10-05 11:35:00,532049
E Makarenkov_114043,E Makarenkov,-3,0,19,33,-14,52,2021-10-05 11:35:00,532050
Andrii Kotik_1992874015,Andrii Kotik,1,1,53,45,8,98,2021-10-05 11:40:00,532051
Anastasia Degteva_146498,Anastasia Degteva,3,1,33,18,15,51,2021-10-05 11:40:00,532052
Oleksandr Staryi_1241800601,Oleksandr Staryi,3,1,35,17,18,52,2021-10-05 11:45:00,532053
Stefan Yakimenko_146739,Stefan Yakimenko,1,1,46,43,3,89,2021-10-05 11:45:00,532054
I Novikov_114005,I Novikov,2,1,39,33,6,72,2021-10-05 11:48:00,532055
Nataliia Svydnytska_146459,Nataliia Svydnytska,-1,0,41,55,-14,96,2021-10-05 11:50:00,532056
A Golyshev_114079,A Golyshev,3,1,33,18,15,51,2021-10-05 11:50:00,532057
Kyrylo Yurchenko_146527,Kyrylo Yurchenko,3,1,36,23,13,59,2021-10-05 11:50:00,532058
Davyd Symonchuk_711821159,Davyd Symonchuk,-2,0,27,43,-16,70,2021-10-05 11:50:00,532059
Nikita Trofimov_1502868638,Nikita Trofimov,-3,0,25,35,-10,60,2021-10-05 11:50:00,532060
Anatolii Yakovenko_893478115,Anatolii Yakovenko,3,1,33,18,15,51,2021-10-05 11:55:00,532061
Roman Yushko_146752,Roman Yushko,2,1,40,38,2,78,2021-10-05 11:55:00,532062
Anatolii Nikolenko_146552,Anatolii Nikolenko,-3,0,19,33,-14,52,2021-10-05 12:00:00,532063
Fedir Balbas_146720,Fedir Balbas,-3,0,14,33,-19,47,2021-10-05 12:00:00,532064
A Zirin_114044,A Zirin,-1,0,49,53,-4,102,2021-10-05 12:00:00,532065
Eduard Rubtsov_383904935,Eduard Rubtsov,3,1,34,25,9,59,2021-10-05 12:00:00,532066
Serhii Pitsyk_146732,Serhii Pitsyk,-2,0,32,41,-9,73,2021-10-05 12:05:00,532067
David Picha_146820,David Picha,-2,0,40,47,-7,87,2021-10-05 12:05:00,532068
J Veselka_25532,J Veselka,-1,0,48,48,0,96,2021-10-05 12:09:00,532069
Andrii Karpenko_938676270,Andrii Karpenko,-1,0,42,46,-4,88,2021-10-05 12:10:00,532070
Anastasiia Zabolotna_146499,Anastasiia Zabolotna,3,1,33,20,13,53,2021-10-05 12:10:00,532071
Valentyn Yunchyk_927358006,Valentyn Yunchyk,-3,0,24,33,-9,57,2021-10-05 12:15:00,532072
Stepan Grygorenko_146740,Stepan Grygorenko,-3,0,15,33,-18,48,2021-10-05 12:15:00,532073
S Nikulin_114080,S Nikulin,3,1,34,20,14,54,2021-10-05 12:16:00,532074
Oleksandr Levchenko_69033792,Oleksandr Levchenko,-2,0,25,36,-11,61,2021-10-05 12:20:00,532075
Olena Kutkova_146460,Olena Kutkova,3,1,33,12,21,45,2021-10-05 12:20:00,532076
A Lobanov_114006,A Lobanov,-1,0,44,46,-2,90,2021-10-05 12:20:00,532077
Andrii Lukatskyi_146528,Andrii Lukatskyi,-3,0,23,33,-10,56,2021-10-05 12:20:00,532078
Valerii Melnyk_620482112,Valerii Melnyk,1,1,48,45,3,93,2021-10-05 12:25:00,532079
Vitalii Kobets_146753,Vitalii Kobets,2,1,36,34,2,70,2021-10-05 12:25:00,532080
Sergey Filatov_2009485644,Sergey Filatov,3,1,33,27,6,60,2021-10-05 12:25:00,532081
Maksym Mrykh_146721,Maksym Mrykh,1,1,50,48,2,98,2021-10-05 12:30:00,532082
Serhii Prus_146553,Serhii Prus,-3,0,16,33,-17,49,2021-10-05 12:30:00,532083
Serhii Skachenko_1939648836,Serhii Skachenko,-1,0,48,51,-3,99,2021-10-05 12:30:00,532084
Mykhailo Presniakov_1288170131,Mykhailo Presniakov,-3,0,24,37,-13,61,2021-10-05 12:35:00,532085
Jan Satrapa_146821,Jan Satrapa,-2,0,35,43,-8,78,2021-10-05 12:35:00,532086
Maksym Marchuk_146733,Maksym Marchuk,2,1,41,34,7,75,2021-10-05 12:35:00,532087
V Kutin_114045,V Kutin,1,1,42,41,1,83,2021-10-05 12:36:00,532088
Aniuta Muliarchuk_146500,Aniuta Muliarchuk,-2,0,31,38,-7,69,2021-10-05 12:40:00,532089
J Pozarsky_25533,J Pozarsky,2,1,44,34,10,78,2021-10-05 12:45:00,532090
Marat Yakubov_146741,Marat Yakubov,-1,0,42,46,-4,88,2021-10-05 12:45:00,532091
Ruslan Kovalchuk_1908104514,Ruslan Kovalchuk,-3,0,24,35,-11,59,2021-10-05 12:45:00,532092
E Mishutin_114081,E Mishutin,-1,0,41,50,-9,91,2021-10-05 12:46:00,532093
Volodymyr Voronenkov_146529,Volodymyr Voronenkov,-2,0,35,43,-8,78,2021-10-05 12:50:00,532094
Vadym Nechyporuk_480313475,Vadym Nechyporuk,-3,0,23,35,-12,58,2021-10-05 12:50:00,532095
Yevhen Bielokon_146754,Yevhen Bielokon,-2,0,33,41,-8,74,2021-10-05 12:55:00,532096
Vladyslav Van_1342862697,Vladyslav Van,3,1,33,16,17,49,2021-10-05 12:55:00,532097
Maksym Mrykh_146722,Maksym Mrykh,2,1,39,27,12,66,2021-10-05 13:00:00,532098
Valentyn Korovychenko_1794273825,Valentyn Korovychenko,-3,0,24,34,-10,58,2021-10-05 13:00:00,532099
Bohdan Kohut_838459075,Bohdan Kohut,1,1,48,49,-1,97,2021-10-05 13:00:00,532100
Mykhailo Urban_146554,Mykhailo Urban,1,1,42,36,6,78,2021-10-05 13:00:00,532101
Josef Ruzicka_146684,Josef Ruzicka,-2,0,37,42,-5,79,2021-10-05 13:00:00,532102
A Frolov_114007,A Frolov,2,1,37,30,7,67,2021-10-05 13:01:00,532103
A Ekzhanov_114046,A Ekzhanov,3,1,33,27,6,60,2021-10-05 13:05:00,532104
Igor Sukovatyi_944828054,Igor Sukovatyi,-2,0,29,43,-14,72,2021-10-05 13:05:00,532105
Taras Yemelianov_146822,Taras Yemelianov,2,1,42,32,10,74,2021-10-05 13:10:00,532106
Viacheslav Kovalenko_23822888,Viacheslav Kovalenko,1,1,52,49,3,101,2021-10-05 13:10:00,532107
Olha Panchyshyn_146501,Olha Panchyshyn,1,1,48,43,5,91,2021-10-05 13:10:00,532108
Vitalii Vasko_146742,Vitalii Vasko,-2,0,42,41,1,83,2021-10-05 13:15:00,532109
E Markelov_114082,E Markelov,-2,0,28,44,-16,72,2021-10-05 13:16:00,532110
J Svec_25508,J Svec,-1,0,49,46,3,95,2021-10-05 13:16:00,532111
V Pak_114189,V Pak,-2,0,14,24,-10,38,2021-10-05 13:20:00,532112
Roman Zholubak_146530,Roman Zholubak,-3,0,17,33,-16,50,2021-10-05 13:20:00,532113
Nataliia Svydnytska_146462,Nataliia Svydnytska,3,1,35,24,11,59,2021-10-05 13:20:00,532114
Andrii Hrytsai_146755,Andrii Hrytsai,2,1,41,35,6,76,2021-10-05 13:25:00,532115
Nazarii Hrytsyienko_1625071837,Nazarii Hrytsyienko,-3,0,22,33,-11,55,2021-10-05 13:25:00,532116
I Kovalev_114008,I Kovalev,-3,0,10,33,-23,43,2021-10-05 13:28:00,532117
Oleh Holiak_146555,Oleh Holiak,2,1,35,31,4,66,2021-10-05 13:30:00,532118
Mykhailo Vivatenko_1462282367,Mykhailo Vivatenko,-2,0,27,39,-12,66,2021-10-05 13:30:00,532119
Fedir Balbas_146723,Fedir Balbas,2,1,38,26,12,64,2021-10-05 13:30:00,532120
Adam Khalaila_146685,Adam Khalaila,-3,0,30,36,-6,66,2021-10-05 13:30:00,532121
V Kutin_114047,V Kutin,2,1,45,40,5,85,2021-10-05 13:31:00,532122
Yevhen Pysmennyi_2122941380,Yevhen Pysmennyi,-1,0,46,45,1,91,2021-10-05 13:35:00,532123
Yevhen Masko_372321448,Yevhen Masko,1,1,54,46,8,100,2021-10-05 13:35:00,532124
O Aratskaya_114190,O Aratskaya,-1,0,22,29,-7,51,2021-10-05 13:40:00,532125
Anastasiia Zabolotna_146502,Anastasiia Zabolotna,-2,0,28,39,-11,67,2021-10-05 13:40:00,532126
Ihor Oranskyi_146823,Ihor Oranskyi,1,1,51,53,-2,104,2021-10-05 13:40:00,532127
Serhii Skachenko_2058286179,Serhii Skachenko,3,1,33,21,12,54,2021-10-05 13:40:00,532128
Stepan Grygorenko_146517,Stepan Grygorenko,1,1,47,46,1,93,2021-10-05 13:45:00,532129
Andrey Pereiaslov_621891870,Andrey Pereiaslov,2,1,52,48,4,100,2021-10-05 13:45:00,532130
E Mishutin_114083,E Mishutin,3,1,35,28,7,63,2021-10-05 13:46:00,532131
A Frolov_114009,A Frolov,-3,0,6,33,-27,39,2021-10-05 13:49:00,532132
Mariia Topchyi_146463,Mariia Topchyi,1,1,51,43,8,94,2021-10-05 13:50:00,532133
M-n Regner_25509,M-n Regner,1,1,41,46,-5,87,2021-10-05 13:50:00,532134
Roman Zholubak_147089,Roman Zholubak,2,1,43,31,12,74,2021-10-05 13:50:00,532135
Roman Yushko_146756,Roman Yushko,-3,0,20,33,-13,53,2021-10-05 13:55:00,532136
Andrii Kotik_90824023,Andrii Kotik,-3,0,30,37,-7,67,2021-10-05 14:00:00,532137
Adam Khalaila_146686,Adam Khalaila,2,1,44,37,7,81,2021-10-05 14:00:00,532138
A Zirin_114048,A Zirin,-2,0,29,35,-6,64,2021-10-05 14:00:00,532139
Anatolii Nikolenko_146556,Anatolii Nikolenko,-2,0,34,43,-9,77,2021-10-05 14:00:00,532140
O Aratskaya_114191,O Aratskaya,-1,0,27,29,-2,56,2021-10-05 14:00:00,532141
Oleksandr Staryi_1420853204,Oleksandr Staryi,-3,0,20,33,-13,53,2021-10-05 14:05:00,532142
Yuliia Voloshyna_146503,Yuliia Voloshyna,-2,0,32,40,-8,72,2021-10-05 14:10:00,532143
Davyd Symonchuk_1879618528,Davyd Symonchuk,2,1,39,30,9,69,2021-10-05 14:10:00,532144
Nikita Trofimov_418511095,Nikita Trofimov,-1,0,43,50,-7,93,2021-10-05 14:10:00,532145
Oleksandr Osadchyi_146743,Oleksandr Osadchyi,2,1,40,31,9,71,2021-10-05 14:15:00,532146
Rodion Pirveli_1422360741,Rodion Pirveli,-3,0,20,33,-13,53,2021-10-05 14:15:00,532147
S Nikulin_114084,S Nikulin,-2,0,37,43,-6,80,2021-10-05 14:16:00,532148
Z Kasinski_25510,Z Kasinski,-1,0,47,45,2,92,2021-10-05 14:18:00,532149
A Lobanov_114010,A Lobanov,-1,0,45,56,-11,101,2021-10-05 14:18:00,532150
E Samsonova_114192,E Samsonova,-2,0,14,24,-10,38,2021-10-05 14:20:00,532151
Vadym Bochkovskyi_147090,Vadym Bochkovskyi,3,1,33,25,8,58,2021-10-05 14:20:00,532152
Mykhailo Presniakov_894874052,Mykhailo Presniakov,-3,0,17,33,-16,50,2021-10-05 14:20:00,532153
Nataliia Svydnytska_146464,Nataliia Svydnytska,-2,0,32,48,-16,80,2021-10-05 14:20:00,532154
Yevhen Bielokon_146757,Yevhen Bielokon,1,1,50,44,6,94,2021-10-05 14:25:00,532155
Josef Ruzicka_146687,Josef Ruzicka,-2,0,42,48,-6,90,2021-10-05 14:30:00,532156
Mykhailo Urban_146557,Mykhailo Urban,2,1,39,36,3,75,2021-10-05 14:30:00,532157
A Zirin_114215,A Zirin,1,1,47,46,1,93,2021-10-05 14:30:00,532158
Dmytro Vakhta_2085737852,Dmytro Vakhta,-1,0,41,48,-7,89,2021-10-05 14:35:00,532159
Anastasiia Zabolotna_146504,Anastasiia Zabolotna,1,1,42,45,-3,87,2021-10-05 14:40:00,532160
Mykhailo Vivatenko_1462458783,Mykhailo Vivatenko,-1,0,45,44,1,89,2021-10-05 14:40:00,532161
Nikita Trofimov_1841022483,Nikita Trofimov,1,1,51,47,4,98,2021-10-05 14:45:00,532162
Stepan Grygorenko_146744,Stepan Grygorenko,2,1,40,34,6,74,2021-10-05 14:45:00,532163
Valentyn Korovychenko_1069526560,Valentyn Korovychenko,2,1,41,32,9,73,2021-10-05 14:45:00,532164
E Markelov_114217,E Markelov,-1,0,42,52,-10,94,2021-10-05 14:47:00,532165
P Pycha_25511,P Pycha,3,1,36,24,12,60,2021-10-05 14:47:00,532166
Andrii Peretiatko_146758,Andrii Peretiatko,2,1,39,32,7,71,2021-10-05 14:55:00,532167
Andrii Kostiuk_258745786,Andrii Kostiuk,3,1,34,25,9,59,2021-10-05 14:55:00,532168
I Kovalev_114219,I Kovalev,-1,0,45,51,-6,96,2021-10-05 14:59:00,532169
Tomas Krenek_146688,Tomas Krenek,-3,0,27,34,-7,61,2021-10-05 15:00:00,532170
A Ekzhanov_114216,A Ekzhanov,-2,0,29,41,-12,70,2021-10-05 15:00:00,532171
Oleh Hil_146558,Oleh Hil,-3,0,14,33,-19,47,2021-10-05 15:00:00,532172
Z Kasinski_25512,Z Kasinski,-1,0,42,52,-10,94,2021-10-05 15:06:00,532173
Vadym Nechyporuk_480560610,Vadym Nechyporuk,-2,0,36,48,-12,84,2021-10-05 15:10:00,532174
Anastasia Degteva_146505,Anastasia Degteva,-1,0,55,52,3,107,2021-10-05 15:10:00,532175
Stefan Yakimenko_146745,Stefan Yakimenko,-1,0,36,49,-13,85,2021-10-05 15:15:00,532176
Oleksandr Staryi_458319820,Oleksandr Staryi,-3,0,23,35,-12,58,2021-10-05 15:15:00,532177
S Nikulin_114218,S Nikulin,-3,0,26,37,-11,63,2021-10-05 15:17:00,532178
Denys Pesternikov_146561,Denys Pesternikov,2,1,38,31,7,69,2021-10-05 15:20:00,532179
Bohdan Kohut_36393489,Bohdan Kohut,2,1,41,30,11,71,2021-10-05 15:20:00,532180
Sergey Filatov_446132967,Sergey Filatov,-2,0,25,42,-17,67,2021-10-05 15:20:00,532181
Yevhen Bielokon_146759,Yevhen Bielokon,-1,0,47,52,-5,99,2021-10-05 15:25:00,532182
Rodion Kapinus_146576,Rodion Kapinus,-1,0,43,48,-5,91,2021-10-05 15:30:00,532183
Mykhailo Presniakov_2011197891,Mykhailo Presniakov,3,1,33,21,12,54,2021-10-05 15:30:00,532184
Josef Ruzicka_146689,Josef Ruzicka,-1,0,46,53,-7,99,2021-10-05 15:30:00,532185
Mykhailo Urban_146559,Mykhailo Urban,-2,0,40,41,-1,81,2021-10-05 15:30:00,532186
S Muslikov_114051,S Muslikov,2,1,40,32,8,72,2021-10-05 15:30:00,532187
M-n Regner_25513,M-n Regner,2,1,38,34,4,72,2021-10-05 15:31:00,532188
A Frolov_114220,A Frolov,-1,0,40,50,-10,90,2021-10-05 15:34:00,532189
Artem Lisechko_146761,Artem Lisechko,-2,0,39,44,-5,83,2021-10-05 15:35:00,532190
Nikita Korbut_241075859,Nikita Korbut,-1,0,48,48,0,96,2021-10-05 15:35:00,532191
Viktor Chyzh_146606,Viktor Chyzh,3,1,34,22,12,56,2021-10-05 15:40:00,532192
Artem Tkachenko_1198731547,Artem Tkachenko,-1,0,46,53,-7,99,2021-10-05 15:40:00,532193
Anastasia Holiak_146621,Anastasia Holiak,1,1,53,44,9,97,2021-10-05 15:45:00,532194
A Ilin_114085,A Ilin,2,1,37,26,11,63,2021-10-05 15:46:00,532195
Nazar Mosiuk_146562,Nazar Mosiuk,-3,0,16,33,-17,49,2021-10-05 15:50:00,532196
Oleksii Haponov_2048110051,Oleksii Haponov,-1,0,42,47,-5,89,2021-10-05 15:50:00,532197
Spartak Abalmaz_1356905354,Spartak Abalmaz,2,1,37,28,9,65,2021-10-05 15:55:00,532198
Vitalii Kobets_146760,Vitalii Kobets,3,1,33,22,11,55,2021-10-05 15:55:00,532199
Dmytro Lazuryk_146577,Dmytro Lazuryk,3,1,33,19,14,52,2021-10-05 16:00:00,532200
Serhii Prus_146560,Serhii Prus,3,1,33,20,13,53,2021-10-05 16:00:00,532201
Z Kasinski_25558,Z Kasinski,-3,0,20,34,-14,54,2021-10-05 16:02:00,532202
V Nemashkalo_114052,V Nemashkalo,2,1,35,35,0,70,2021-10-05 16:05:00,532203
Eduard Rubtsov_1613529736,Eduard Rubtsov,-3,0,22,33,-11,55,2021-10-05 16:05:00,532204
Maksym Balakiriev_146762,Maksym Balakiriev,-2,0,33,41,-8,74,2021-10-05 16:05:00,532205
A Duka_114011,A Duka,-2,0,27,37,-10,64,2021-10-05 16:08:00,532206
Vitalii Mukhin_146607,Vitalii Mukhin,-2,0,34,43,-9,77,2021-10-05 16:10:00,532207
Serhii Gergeliuk_1381760732,Serhii Gergeliuk,-2,0,42,50,-8,92,2021-10-05 16:10:00,532208
Dmytro Belanchyk_638574181,Dmytro Belanchyk,-2,0,38,41,-3,79,2021-10-05 16:15:00,532209
Yaroslava Pachich_146622,Yaroslava Pachich,2,1,40,27,13,67,2021-10-05 16:15:00,532210
D Balakin_114086,D Balakin,2,1,42,29,13,71,2021-10-05 16:16:00,532211
Oleh Bindas_146563,Oleh Bindas,-2,0,44,44,0,88,2021-10-05 16:20:00,532212
Josef Ruzicka_147091,Josef Ruzicka,2,1,39,31,8,70,2021-10-05 16:20:00,532213
Oleksandr Kostiuk_125059193,Oleksandr Kostiuk,-2,0,36,40,-4,76,2021-10-05 16:20:00,532214
Anastasiia Havelia_146776,Anastasiia Havelia,-2,0,36,43,-7,79,2021-10-05 16:25:00,532215
Andrii Hordii_445500793,Andrii Hordii,2,1,40,36,4,76,2021-10-05 16:25:00,532216
V Demidov_114012,V Demidov,-1,0,45,52,-7,97,2021-10-05 16:28:00,532217
M-n Regner_25559,M-n Regner,2,1,40,36,4,76,2021-10-05 16:29:00,532218
Dmytro Derevinskyi_2123204414,Dmytro Derevinskyi,3,1,34,27,7,61,2021-10-05 16:30:00,532219
Ivan Fedoryshyn_146578,Ivan Fedoryshyn,-1,0,44,49,-5,93,2021-10-05 16:30:00,532220
M Gusev_114053,M Gusev,1,1,45,41,4,86,2021-10-05 16:34:00,532221
Maksim Ovcharenko_27407710,Maksim Ovcharenko,-3,0,20,34,-14,54,2021-10-05 16:35:00,532222
Mykola Polysynskyi_146763,Mykola Polysynskyi,2,1,40,38,2,78,2021-10-05 16:35:00,532223
Anatolii Kovalenko_146608,Anatolii Kovalenko,1,1,47,45,2,92,2021-10-05 16:40:00,532224
Lev Kuzyo_74670069,Lev Kuzyo,-3,0,21,33,-12,54,2021-10-05 16:40:00,532225
Rehyna Rudzei_146623,Rehyna Rudzei,2,1,42,29,13,71,2021-10-05 16:45:00,532226
Nikita Korbut_1322262498,Nikita Korbut,1,1,51,41,10,92,2021-10-05 16:45:00,532227
E Tyurin_114087,E Tyurin,-2,0,36,43,-7,79,2021-10-05 16:46:00,532228
Nazar Mosiuk_146564,Nazar Mosiuk,-1,0,41,49,-8,90,2021-10-05 16:50:00,532229
Tomas Krenek_147092,Tomas Krenek,-2,0,29,43,-14,72,2021-10-05 16:50:00,532230
Artem Tkachenko_124719028,Artem Tkachenko,3,1,34,25,9,59,2021-10-05 16:50:00,532231
Andrii Tsikhotskyi_1080349271,Andrii Tsikhotskyi,-1,0,51,50,1,101,2021-10-05 16:55:00,532232
Anastasiia Fedorenko_146777,Anastasiia Fedorenko,1,1,46,48,-2,94,2021-10-05 16:55:00,532233
A Merezhko_114013,A Merezhko,2,1,41,26,15,67,2021-10-05 16:59:00,532234
L Protiva_25514,L Protiva,-1,0,53,58,-5,111,2021-10-05 17:00:00,532235
Oleksii Haponov_1610225753,Oleksii Haponov,1,1,48,44,4,92,2021-10-05 17:00:00,532236
Dmytro Lazuryk_146579,Dmytro Lazuryk,-3,0,23,33,-10,56,2021-10-05 17:00:00,532237
Ondrej Malecek_146690,Ondrej Malecek,2,1,38,31,7,69,2021-10-05 17:00:00,532238
Spartak Abalmaz_1902325927,Spartak Abalmaz,-1,0,47,48,-1,95,2021-10-05 17:05:00,532239
Maksym Balakiriev_146764,Maksym Balakiriev,-2,0,39,45,-6,84,2021-10-05 17:05:00,532240
Maksim Ovcharenko_2087658250,Maksim Ovcharenko,-3,0,25,34,-9,59,2021-10-05 17:10:00,532241
Vitalii Mukhin_146609,Vitalii Mukhin,-2,0,31,41,-10,72,2021-10-05 17:10:00,532242
M Sverdlov_114054,M Sverdlov,-1,0,43,47,-4,90,2021-10-05 17:12:00,532243
Oleksandr Kovalov_1342821006,Oleksandr Kovalov,-3,0,17,33,-16,50,2021-10-05 17:15:00,532244
Yaroslava Pachich_146624,Yaroslava Pachich,3,1,33,18,15,51,2021-10-05 17:15:00,532245
A Vlasov_114088,A Vlasov,1,1,47,41,6,88,2021-10-05 17:16:00,532246
Oleksiy Sapronov_225028771,Oleksiy Sapronov,-2,0,32,43,-11,75,2021-10-05 17:20:00,532247
Denys Pesternikov_146565,Denys Pesternikov,-3,0,14,33,-19,47,2021-10-05 17:20:00,532248
V Vologzhanin_114014,V Vologzhanin,-1,0,46,43,3,89,2021-10-05 17:20:00,532249
Pavlo Vasylchuk_1899892099,Pavlo Vasylchuk,1,1,50,47,3,97,2021-10-05 17:25:00,532250
Anastasiia Havelia_146778,Anastasiia Havelia,1,1,54,48,6,102,2021-10-05 17:25:00,532251
Rodion Kapinus_146580,Rodion Kapinus,3,1,34,19,15,53,2021-10-05 17:30:00,532252
Petr Semrad_146691,Petr Semrad,1,1,49,44,5,93,2021-10-05 17:30:00,532253
Oleksandr Kostiuk_586846,Oleksandr Kostiuk,2,1,45,35,10,80,2021-10-05 17:30:00,532254
Andrii Hordii_274687226,Andrii Hordii,-3,0,22,33,-11,55,2021-10-05 17:35:00,532255
Artem Lisechko_146765,Artem Lisechko,2,1,43,33,10,76,2021-10-05 17:35:00,532256
P Bradac_25515,P Bradac,2,1,39,27,12,66,2021-10-05 17:35:00,532257
Viktor Chyzh_146610,Viktor Chyzh,-2,0,32,43,-11,75,2021-10-05 17:40:00,532258
Dmytro Derevinskyi_433629625,Dmytro Derevinskyi,-1,0,45,41,4,86,2021-10-05 17:40:00,532259
Anastasia Holiak_146625,Anastasia Holiak,1,1,52,54,-2,106,2021-10-05 17:45:00,532260
Oleksandr Kovalov_1525957770,Oleksandr Kovalov,-3,0,25,33,-8,58,2021-10-05 17:45:00,532261
A Merezhko_114015,A Merezhko,-3,0,34,40,-6,74,2021-10-05 17:50:00,532262
Yevhen Trunov_146566,Yevhen Trunov,-3,0,16,33,-17,49,2021-10-05 17:50:00,532263
Maksim Ovcharenko_1696564367,Maksim Ovcharenko,2,1,36,30,6,66,2021-10-05 17:50:00,532264
Vasyl Kondratenko_146786,Vasyl Kondratenko,2,1,40,23,17,63,2021-10-05 17:50:00,532265
E Tyurin_114089,E Tyurin,2,1,39,26,13,65,2021-10-05 17:50:00,532266
M Gusev_114055,M Gusev,-3,0,28,35,-7,63,2021-10-05 17:51:00,532267
Iryna Ahalakova_146779,Iryna Ahalakova,1,1,48,44,4,92,2021-10-05 17:55:00,532268
Serhii Gergeliuk_343555705,Serhii Gergeliuk,-1,0,45,50,-5,95,2021-10-05 17:55:00,532269
Dmytro Belanchyk_387200203,Dmytro Belanchyk,1,1,42,43,-1,85,2021-10-05 18:00:00,532270
Petr Semrad_146692,Petr Semrad,3,1,33,19,14,52,2021-10-05 18:00:00,532271
Serhii Rak_146581,Serhii Rak,1,1,48,42,6,90,2021-10-05 18:00:00,532272
jr. Hruska_25516,jr. Hruska,2,1,39,28,11,67,2021-10-05 18:01:00,532273
Roman Kuvaiev_146766,Roman Kuvaiev,-2,0,30,43,-13,73,2021-10-05 18:05:00,532274
Bogdan Stasiuk_332126597,Bogdan Stasiuk,-2,0,33,45,-12,78,2021-10-05 18:05:00,532275
Oleksii Haponov_328216682,Oleksii Haponov,1,1,48,39,9,87,2021-10-05 18:10:00,532276
Serhii Burdelnyi_146611,Serhii Burdelnyi,-3,0,24,33,-9,57,2021-10-05 18:10:00,532277
V Nemashkalo_114056,V Nemashkalo,3,1,34,26,8,60,2021-10-05 18:15:00,532278
Yuliia Khilinska_146626,Yuliia Khilinska,2,1,40,32,8,72,2021-10-05 18:15:00,532279
Spartak Abalmaz_412221662,Spartak Abalmaz,3,1,33,15,18,48,2021-10-05 18:15:00,532280
D Balakin_114090,D Balakin,3,1,38,31,7,69,2021-10-05 18:16:00,532281
V Demidov_114016,V Demidov,3,1,33,26,7,59,2021-10-05 18:17:00,532282
Oleh Bindas_146567,Oleh Bindas,1,1,50,40,10,90,2021-10-05 18:20:00,532283
Maksim Ovcharenko_1895945082,Maksim Ovcharenko,-3,0,21,33,-12,54,2021-10-05 18:20:00,532284
Bohdan Havryliuk_146787,Bohdan Havryliuk,-3,0,12,33,-21,45,2021-10-05 18:20:00,532285
Anastasiia Fedorenko_146780,Anastasiia Fedorenko,2,1,36,32,4,68,2021-10-05 18:25:00,532286
Lev Kuzyo_2075910188,Lev Kuzyo,-2,0,32,39,-7,71,2021-10-05 18:25:00,532287
Ivan Fedoryshyn_146582,Ivan Fedoryshyn,-1,0,47,54,-7,101,2021-10-05 18:30:00,532288
Ondrej Malecek_146693,Ondrej Malecek,2,1,43,38,5,81,2021-10-05 18:30:00,532289
Nikita Korbut_510074549,Nikita Korbut,3,1,36,27,9,63,2021-10-05 18:30:00,532290
M Protiva_25517,M Protiva,-1,0,44,50,-6,94,2021-10-05 18:31:00,532291
Mykola Polysynskyi_146767,Mykola Polysynskyi,-1,0,47,51,-4,98,2021-10-05 18:35:00,532292
Artem Tkachenko_471662103,Artem Tkachenko,3,1,33,18,15,51,2021-10-05 18:35:00,532293
Andrii Tsikhotskyi_41398532,Andrii Tsikhotskyi,-1,0,44,51,-7,95,2021-10-05 18:40:00,532294
Anatolii Kovalenko_146612,Anatolii Kovalenko,1,1,46,42,4,88,2021-10-05 18:40:00,532295
M Gusev_114245,M Gusev,-3,0,16,33,-17,49,2021-10-05 18:43:00,532296
Rehyna Rudzei_146627,Rehyna Rudzei,1,1,52,41,11,93,2021-10-05 18:45:00,532297
Vasyl Verbianyi_1010369350,Vasyl Verbianyi,3,1,36,18,18,54,2021-10-05 18:45:00,532298
A Duka_114243,A Duka,2,1,44,35,9,79,2021-10-05 18:46:00,532299
A Vlasov_114247,A Vlasov,-2,0,32,40,-8,72,2021-10-05 18:47:00,532300
Nazar Mosiuk_146568,Nazar Mosiuk,1,1,47,47,0,94,2021-10-05 18:50:00,532301
Oleksandr Borysiuk_146788,Oleksandr Borysiuk,-3,0,26,34,-8,60,2021-10-05 18:50:00,532302
Ihor Kuznetsov_663935894,Ihor Kuznetsov,-2,0,33,39,-6,72,2021-10-05 18:50:00,532303
Maksim Ovcharenko_1952131654,Maksim Ovcharenko,-2,0,25,39,-14,64,2021-10-05 18:55:00,532304
Anastasiia Havelia_146781,Anastasiia Havelia,2,1,49,34,15,83,2021-10-05 18:55:00,532305
Oleksandr Kovalov_1328986330,Oleksandr Kovalov,-2,0,36,43,-7,79,2021-10-05 19:00:00,532306
Dmytro Lazuryk_146583,Dmytro Lazuryk,1,1,50,45,5,95,2021-10-05 19:00:00,532307
Filip Marat_146694,Filip Marat,3,1,33,20,13,53,2021-10-05 19:00:00,532308
jr. Hruska_25518,jr. Hruska,-2,0,28,41,-13,69,2021-10-05 19:04:00,532309
M Sverdlov_114246,M Sverdlov,2,1,41,34,7,75,2021-10-05 19:05:00,532310
Oleksiy Sapronov_361055847,Oleksiy Sapronov,1,1,46,42,4,88,2021-10-05 19:05:00,532311
Maksym Balakiriev_146768,Maksym Balakiriev,-2,0,38,43,-5,81,2021-10-05 19:05:00,532312
Pavlo Vasylchuk_467109052,Pavlo Vasylchuk,-3,0,20,33,-13,53,2021-10-05 19:10:00,532313
Vitalii Mukhin_146613,Vitalii Mukhin,-2,0,29,40,-11,69,2021-10-05 19:10:00,532314
Yaroslava Pachich_146628,Yaroslava Pachich,-1,0,50,54,-4,104,2021-10-05 19:15:00,532315
Oleksandr Kostiuk_1387841672,Oleksandr Kostiuk,1,1,47,41,6,88,2021-10-05 19:15:00,532316
V Demidov_114244,V Demidov,-2,0,32,44,-12,76,2021-10-05 19:16:00,532317
A Ilin_114248,A Ilin,2,1,39,37,2,76,2021-10-05 19:16:00,532318
Bohdan Havryliuk_146789,Bohdan Havryliuk,2,1,37,34,3,71,2021-10-05 19:20:00,532319
Nazarii Danyliuk_1038242855,Nazarii Danyliuk,3,1,33,18,15,51,2021-10-05 19:20:00,532320
Denys Pesternikov_146569,Denys Pesternikov,2,1,41,28,13,69,2021-10-05 19:20:00,532321
Spartak Abalmaz_1356756755,Spartak Abalmaz,-1,0,43,44,-1,87,2021-10-05 19:25:00,532322
Anastasiia Fedorenko_146782,Anastasiia Fedorenko,-1,0,40,47,-7,87,2021-10-05 19:25:00,532323
Ondrej Malecek_146695,Ondrej Malecek,-3,0,18,35,-17,53,2021-10-05 19:30:00,532324
Rodion Kapinus_146584,Rodion Kapinus,2,1,37,23,14,60,2021-10-05 19:30:00,532325
Oleksandr Kovalov_958967904,Oleksandr Kovalov,3,1,33,22,11,55,2021-10-05 19:30:00,532326
P Bradac_25519,P Bradac,3,1,35,21,14,56,2021-10-05 19:32:00,532327
Artem Lisechko_146769,Artem Lisechko,2,1,39,29,10,68,2021-10-05 19:35:00,532328
Maksim Ovcharenko_725643868,Maksim Ovcharenko,2,1,37,37,0,74,2021-10-05 19:35:00,532329
S Burov_114057,S Burov,2,1,42,35,7,77,2021-10-05 19:35:00,532330
Serhii Gergeliuk_1465208224,Serhii Gergeliuk,-2,0,36,38,-2,74,2021-10-05 19:40:00,532331
Viktor Chyzh_146614,Viktor Chyzh,-1,0,49,51,-2,100,2021-10-05 19:40:00,532332
Dmytro Belanchyk_1953099088,Dmytro Belanchyk,-3,0,22,33,-11,55,2021-10-05 19:45:00,532333
B Grebenyuk_114017,B Grebenyuk,-2,0,34,37,-3,71,2021-10-05 19:45:00,532334
Anastasia Holiak_146629,Anastasia Holiak,3,1,33,23,10,56,2021-10-05 19:45:00,532335
E Glazun_114091,E Glazun,2,1,39,34,5,73,2021-10-05 19:47:00,532336
Vasyl Kondratenko_146650,Vasyl Kondratenko,-3,0,27,35,-8,62,2021-10-05 19:50:00,532337
Yevhen Trunov_146570,Yevhen Trunov,-3,0,26,36,-10,62,2021-10-05 19:50:00,532338
Bogdan Stasiuk_210141953,Bogdan Stasiuk,-2,0,33,44,-11,77,2021-10-05 19:50:00,532339
Oleksii Haponov_179346200,Oleksii Haponov,3,1,33,21,12,54,2021-10-05 19:55:00,532340
Iryna Ahalakova_146783,Iryna Ahalakova,1,1,50,38,12,88,2021-10-05 19:55:00,532341
Dmytro Derevinskyi_1142121238,Dmytro Derevinskyi,2,1,41,31,10,72,2021-10-05 20:00:00,532342
Serhii Rak_146585,Serhii Rak,-2,0,35,43,-8,78,2021-10-05 20:00:00,532343
L Protiva_25560,L Protiva,2,1,39,32,7,71,2021-10-05 20:00:00,532344
Jachym Sebl_147138,Jachym Sebl,2,1,41,39,2,80,2021-10-05 20:00:00,532345
V Chernov_114058,V Chernov,-3,0,22,33,-11,55,2021-10-05 20:01:00,532346
Roman Kuvaiev_146770,Roman Kuvaiev,-1,0,44,49,-5,93,2021-10-05 20:05:00,532347
Oleksii Tiutiunnyk_1503573143,Oleksii Tiutiunnyk,-3,0,21,33,-12,54,2021-10-05 20:05:00,532348
Oleksandr Yarovoi_904857236,Oleksandr Yarovoi,1,1,46,50,-4,96,2021-10-05 20:10:00,532349
Serhii Burdelnyi_146615,Serhii Burdelnyi,2,1,38,32,6,70,2021-10-05 20:10:00,532350
A Sirotkin_114092,A Sirotkin,-1,0,40,53,-13,93,2021-10-05 20:15:00,532351
D Petrochenko_114018,D Petrochenko,1,1,45,48,-3,93,2021-10-05 20:15:00,532352
Vitalii Krivenko_1962453886,Vitalii Krivenko,3,1,33,15,18,48,2021-10-05 20:15:00,532353
Yuliia Khilinska_146630,Yuliia Khilinska,3,1,33,22,11,55,2021-10-05 20:15:00,532354
Oleh Bindas_146571,Oleh Bindas,-2,0,33,39,-6,72,2021-10-05 20:20:00,532355
Vitalii Protopopov_712314340,Vitalii Protopopov,-2,0,28,40,-12,68,2021-10-05 20:20:00,532356
Anastasiia Havelia_146784,Anastasiia Havelia,2,1,40,22,18,62,2021-10-05 20:25:00,532357
Andrii Tsikhotskyi_1129350861,Andrii Tsikhotskyi,1,1,55,47,8,102,2021-10-05 20:25:00,532358
Nazarii Danyliuk_1978045591,Nazarii Danyliuk,-2,0,36,39,-3,75,2021-10-05 20:30:00,532359
Artem Slashchev_114059,Artem Slashchev,-1,0,41,46,-5,87,2021-10-05 20:30:00,532360
M Protiva_25561,M Protiva,2,1,37,33,4,70,2021-10-05 20:30:00,532361
Petr Semrad_147139,Petr Semrad,-2,0,39,45,-6,84,2021-10-05 20:30:00,532362
Ivan Fedoryshyn_146586,Ivan Fedoryshyn,1,1,52,44,8,96,2021-10-05 20:30:00,532363
Spartak Abalmaz_1684614362,Spartak Abalmaz,1,1,52,38,14,90,2021-10-05 20:35:00,532364
Mykola Polysynskyi_146771,Mykola Polysynskyi,-3,0,28,36,-8,64,2021-10-05 20:35:00,532365
Oleksii Tiutiunnyk_640572946,Oleksii Tiutiunnyk,-3,0,20,35,-15,55,2021-10-05 20:40:00,532366
Anatolii Kovalenko_146616,Anatolii Kovalenko,-3,0,24,33,-9,57,2021-10-05 20:40:00,532367
Rehyna Rudzei_146631,Rehyna Rudzei,-3,0,27,35,-8,62,2021-10-05 20:45:00,532368
Serhii Kiilo_1847852189,Serhii Kiilo,1,1,41,42,-1,83,2021-10-05 20:45:00,532369
D Razinkov_114019,D Razinkov,3,1,33,13,20,46,2021-10-05 20:49:00,532370
I Afanasev_114093,I Afanasev,1,1,46,43,3,89,2021-10-05 20:50:00,532371
Oleksandr Borysiuk_146791,Oleksandr Borysiuk,2,1,42,35,7,77,2021-10-05 20:50:00,532372
Nikita Korbut_1052381413,Nikita Korbut,-1,0,48,43,5,91,2021-10-05 20:50:00,532373
Denys Pesternikov_146572,Denys Pesternikov,1,1,47,40,7,87,2021-10-05 20:50:00,532374
Artem Tkachenko_615807587,Artem Tkachenko,3,1,33,16,17,49,2021-10-05 20:55:00,532375
Viktoriia Anarmetova_146785,Viktoriia Anarmetova,3,1,33,23,10,56,2021-10-05 20:55:00,532376
Libor Matysek_146696,Libor Matysek,-2,0,38,45,-7,83,2021-10-05 21:00:00,532377
Rodion Kapinus_146587,Rodion Kapinus,-2,0,33,39,-6,72,2021-10-05 21:00:00,532378
I Zemit_114060,I Zemit,1,1,52,49,3,101,2021-10-05 21:00:00,532379
Serhii Hilitukha_2118478993,Serhii Hilitukha,2,1,42,35,7,77,2021-10-05 21:00:00,532380
Jr. Obeslo_25520,Jr. Obeslo,3,1,33,17,16,50,2021-10-05 21:01:00,532381
Artem Lisechko_146772,Artem Lisechko,-1,0,40,44,-4,84,2021-10-05 21:05:00,532382
Oleksii Haponov_659571916,Oleksii Haponov,-1,0,45,45,0,90,2021-10-05 21:05:00,532383
Viktor Chyzh_146617,Viktor Chyzh,3,1,33,23,10,56,2021-10-05 21:10:00,532384
Dmytro Derevinskyi_796775871,Dmytro Derevinskyi,1,1,45,45,0,90,2021-10-05 21:10:00,532385
Yu Merkushin_114094,Yu Merkushin,-2,0,39,43,-4,82,2021-10-05 21:15:00,532386
Anastasia Holiak_146632,Anastasia Holiak,1,1,40,43,-3,83,2021-10-05 21:15:00,532387
Oleksandr Yarovoi_1208081349,Oleksandr Yarovoi,-2,0,37,41,-4,78,2021-10-05 21:15:00,532388
E Markelov_114020,E Markelov,-3,0,21,33,-12,54,2021-10-05 21:15:00,532389
Oleksii Tiutiunnyk_809284186,Oleksii Tiutiunnyk,-2,0,34,42,-8,76,2021-10-05 21:20:00,532390
Yaroslav Kravets_146573,Yaroslav Kravets,2,1,38,35,3,73,2021-10-05 21:20:00,532391
Iryna Ahalakova_147140,Iryna Ahalakova,1,1,50,50,0,100,2021-10-05 21:25:00,532392
Adam Krasutskyi_328650914,Adam Krasutskyi,1,1,49,49,0,98,2021-10-05 21:25:00,532393
Z Bilek_25521,Z Bilek,1,1,46,43,3,89,2021-10-05 21:30:00,532394
Vitalii Protopopov_1522012834,Vitalii Protopopov,2,1,42,28,14,70,2021-10-05 21:30:00,532395
Tomas Vorisek_146697,Tomas Vorisek,1,1,50,39,11,89,2021-10-05 21:30:00,532396
Ivan Efimenko_146588,Ivan Efimenko,-3,0,21,33,-12,54,2021-10-05 21:30:00,532397
Viktor Vakhrushev_146773,Viktor Vakhrushev,-3,0,19,33,-14,52,2021-10-05 21:35:00,532398
Oleksandr Kostiuk_1157376448,Oleksandr Kostiuk,-1,0,43,47,-4,90,2021-10-05 21:35:00,532399
Artem Slashchev_114061,Artem Slashchev,2,1,43,34,9,77,2021-10-05 21:37:00,532400
Nazarii Danyliuk_1003512621,Nazarii Danyliuk,-1,0,41,50,-9,91,2021-10-05 21:40:00,532401
Kostiantyn Tsoi_146618,Kostiantyn Tsoi,2,1,39,37,2,76,2021-10-05 21:40:00,532402
Spartak Abalmaz_1361858345,Spartak Abalmaz,1,1,57,53,4,110,2021-10-05 21:45:00,532403
Oksana Kregul_146633,Oksana Kregul,-2,0,31,44,-13,75,2021-10-05 21:45:00,532404
I Afanasev_114095,I Afanasev,1,1,48,46,2,94,2021-10-05 21:45:00,532405
D Razinkov_114021,D Razinkov,-2,0,33,41,-8,74,2021-10-05 21:45:00,532406
Denys Pesternikov_146574,Denys Pesternikov,-2,0,42,44,-2,86,2021-10-05 21:50:00,532407
Vasyl Kondratenko_146793,Vasyl Kondratenko,-2,0,32,44,-12,76,2021-10-05 21:50:00,532408
Serhii Kiilo_452620124,Serhii Kiilo,1,1,47,36,11,83,2021-10-05 21:50:00,532409
Viktoriia Anarmetova_147141,Viktoriia Anarmetova,1,1,50,40,10,90,2021-10-05 21:55:00,532410
Oleksandr Yarovoi_1470055581,Oleksandr Yarovoi,2,1,45,34,11,79,2021-10-05 21:55:00,532411
Tomas Vorisek_146698,Tomas Vorisek,-2,0,28,43,-15,71,2021-10-05 22:00:00,532412
Rodion Kapinus_146589,Rodion Kapinus,-1,0,44,47,-3,91,2021-10-05 22:00:00,532413
D Brumlich_25522,D Brumlich,2,1,45,41,4,86,2021-10-05 22:00:00,532414
Nikita Korbut_867993729,Nikita Korbut,-2,0,31,44,-13,75,2021-10-05 22:00:00,532415
V Chernov_114062,V Chernov,3,1,34,25,9,59,2021-10-05 22:03:00,532416
Alexander Leonenko_450783891,Alexander Leonenko,1,1,48,50,-2,98,2021-10-05 22:05:00,532417
Artem Lisechko_146774,Artem Lisechko,-1,0,47,54,-7,101,2021-10-05 22:05:00,532418
Viktor Chyzh_146619,Viktor Chyzh,1,1,55,48,7,103,2021-10-05 22:10:00,532419
Mykola Tovkach_370606694,Mykola Tovkach,2,1,47,42,5,89,2021-10-05 22:10:00,532420
D Petrochenko_114022,D Petrochenko,2,1,45,38,7,83,2021-10-05 22:14:00,532421
Andrii Hordii_1956093263,Andrii Hordii,-1,0,48,46,2,94,2021-10-05 22:15:00,532422
Anastasia Holiak_146634,Anastasia Holiak,-1,0,48,51,-3,99,2021-10-05 22:15:00,532423
A Sirotkin_114096,A Sirotkin,-3,0,14,33,-19,47,2021-10-05 22:15:00,532424
Ihor Kuznetsov_391352694,Ihor Kuznetsov,1,1,47,41,6,88,2021-10-05 22:20:00,532425
Nazar Mosiuk_146575,Nazar Mosiuk,-3,0,14,33,-19,47,2021-10-05 22:20:00,532426
Mykola Zakladnyi_134767002,Mykola Zakladnyi,1,1,51,46,5,97,2021-10-05 22:25:00,532427
Jr. Mecl_25523,Jr. Mecl,-3,0,24,34,-10,58,2021-10-05 22:30:00,532428
Dmytro Lazuryk_146590,Dmytro Lazuryk,-2,0,29,41,-12,70,2021-10-05 22:30:00,532429
Libor Matysek_146699,Libor Matysek,2,1,41,33,8,74,2021-10-05 22:30:00,532430
I Zemit_114249,I Zemit,-3,0,18,33,-15,51,2021-10-05 22:30:00,532431
Oleksii Tiutiunnyk_240112598,Oleksii Tiutiunnyk,3,1,36,29,7,65,2021-10-05 22:30:00,532432
Maksym Balakiriev_146775,Maksym Balakiriev,3,1,33,17,16,50,2021-10-05 22:35:00,532433
Vitalii Mukhin_146620,Vitalii Mukhin,-1,0,49,48,1,97,2021-10-05 22:40:00,532434
Yaroslava Pachich_146635,Yaroslava Pachich,1,1,49,45,4,94,2021-10-05 22:45:00,532435
Oleksandr Kostiuk_1112669461,Oleksandr Kostiuk,-2,0,30,40,-10,70,2021-10-05 22:45:00,532436
Yu Merkushin_114251,Yu Merkushin,2,1,39,30,9,69,2021-10-05 22:47:00,532437
B Grebenyuk_114253,B Grebenyuk,2,1,43,33,10,76,2021-10-05 22:47:00,532438
Oleksandr Borysiuk_146795,Oleksandr Borysiuk,2,1,41,27,14,68,2021-10-05 22:50:00,532439
Petr Silhan_146700,Petr Silhan,-1,0,41,43,-2,84,2021-10-05 23:00:00,532440
S Burov_114250,S Burov,-1,0,40,45,-5,85,2021-10-05 23:00:00,532441
D Brumlich_25524,D Brumlich,3,1,35,27,8,62,2021-10-05 23:00:00,532442
Mykola Zakladnyi_1378890395,Mykola Zakladnyi,-1,0,41,47,-6,88,2021-10-05 23:00:00,532443
Prokhor Puhach_971031000,Prokhor Puhach,1,1,46,42,4,88,2021-10-05 23:05:00,532444
E Markelov_114254,E Markelov,-3,0,27,34,-7,61,2021-10-05 23:14:00,532445
E Glazun_114252,E Glazun,2,1,40,28,12,68,2021-10-05 23:15:00,532446
Vasyl Kondratenko_146796,Vasyl Kondratenko,-1,0,52,48,4,100,2021-10-05 23:20:00,532447
Z Bilek_25525,Z Bilek,2,1,37,28,9,65,2021-10-05 23:30:00,532448
Libor Matysek_146701,Libor Matysek,-1,0,43,52,-9,95,2021-10-05 23:30:00,532449
V Sidorin_114063,V Sidorin,2,1,43,39,4,82,2021-10-05 23:31:00,532450
Oleksandr Dziabura_1312716482,Oleksandr Dziabura,3,1,33,21,12,54,2021-10-05 23:35:00,532451
Oleksandr Medvedyev_677097462,Oleksandr Medvedyev,-2,0,42,47,-5,89,2021-10-05 23:45:00,532452
A Serebrennikov_114025,A Serebrennikov,1,1,53,47,6,100,2021-10-05 23:46:00,532453
Andrii Melchenko_146797,Andrii Melchenko,-1,0,45,44,1,89,2021-10-05 23:50:00,532454
T Yusipov_114097,T Yusipov,2,1,41,32,9,73,2021-10-05 23:54:00,532455
O Kutuzov_118495,O Kutuzov,1,1,50,44,6,94,2021-10-06 00:01:00,532456
L Protiva_26527,L Protiva,-2,0,30,43,-13,73,2021-10-06 00:02:00,532457
D Korneev_118450,D Korneev,-3,0,23,34,-11,57,2021-10-06 00:03:00,532458
Mykola Lytvynenko_1630608649,Mykola Lytvynenko,-3,0,26,34,-8,60,2021-10-06 00:05:00,532459
Oleksandr Medvedyev_818229565,Oleksandr Medvedyev,-2,0,38,42,-4,80,2021-10-06 00:15:00,532460
David Brichacek_155891,David Brichacek,3,1,33,19,14,52,2021-10-06 00:15:00,532461
A Volkov_118530,A Volkov,-1,0,47,53,-6,100,2021-10-06 00:16:00,532462
Dmytro Lazuryk_155570,Dmytro Lazuryk,-2,0,30,42,-12,72,2021-10-06 00:20:00,532463
Z Bilek_26528,Z Bilek,-2,0,29,37,-8,66,2021-10-06 00:30:00,532464
I Ramensky_118496,I Ramensky,2,1,39,30,9,69,2021-10-06 00:32:00,532465
P Bondarenko_118451,P Bondarenko,-3,0,17,33,-16,50,2021-10-06 00:32:00,532466
Davyd Symonchuk_2115795829,Davyd Symonchuk,1,1,44,46,-2,90,2021-10-06 00:35:00,532467
Petr Provaznik_155892,Petr Provaznik,3,1,33,21,12,54,2021-10-06 00:45:00,532468
Volodymyr Tuchkevych_229694007,Volodymyr Tuchkevych,1,1,56,49,7,105,2021-10-06 00:45:00,532469
Dmytro Gudimenko_155571,Dmytro Gudimenko,-2,0,34,39,-5,73,2021-10-06 00:50:00,532470
K Malahov_118497,K Malahov,1,1,49,49,0,98,2021-10-06 00:54:00,532471
Va Ivanov_118531,Va Ivanov,3,1,34,20,14,54,2021-10-06 00:56:00,532472
V Sidorin_118452,V Sidorin,2,1,41,35,6,76,2021-10-06 01:01:00,532473
Serhii Ponomarenko_1411787436,Serhii Ponomarenko,1,1,54,47,7,101,2021-10-06 01:05:00,532474
Viktor Bosak_1328703318,Viktor Bosak,-2,0,32,37,-5,69,2021-10-06 01:15:00,532475
A Petrov_118532,A Petrov,-2,0,31,40,-9,71,2021-10-06 01:20:00,532476
D Korneev_118453,D Korneev,-1,0,40,46,-6,86,2021-10-06 01:33:00,532477
Mykola Lytvynenko_269537136,Mykola Lytvynenko,-3,0,16,33,-17,49,2021-10-06 01:35:00,532478
V Shirshov_118498,V Shirshov,3,1,33,24,9,57,2021-10-06 01:35:00,532479
Oleksandr Medvedyev_1621276035,Oleksandr Medvedyev,-2,0,30,37,-7,67,2021-10-06 01:45:00,532480
A Volkov_118533,A Volkov,-3,0,24,33,-9,57,2021-10-06 01:49:00,532481
I Ramensky_118499,I Ramensky,-3,0,20,35,-15,55,2021-10-06 01:52:00,532482
Oleksandr Kovalchuk_155523,Oleksandr Kovalchuk,-2,0,34,40,-6,74,2021-10-06 01:55:00,532483
V Sidorin_118454,V Sidorin,-2,0,33,40,-7,73,2021-10-06 02:02:00,532484
Davyd Symonchuk_1640077911,Davyd Symonchuk,-2,0,30,35,-5,65,2021-10-06 02:05:00,532485
Volodymyr Tuchkevych_1632936756,Volodymyr Tuchkevych,-3,0,25,39,-14,64,2021-10-06 02:15:00,532486
A Petrov_118534,A Petrov,-2,0,39,45,-6,84,2021-10-06 02:17:00,532487
V Shirshov_118500,V Shirshov,2,1,37,34,3,71,2021-10-06 02:17:00,532488
Andrii Kovrikov_155524,Andrii Kovrikov,1,1,52,46,6,98,2021-10-06 02:25:00,532489
N Sukharnikov_118455,N Sukharnikov,2,1,39,31,8,70,2021-10-06 02:30:00,532490
Serhii Ponomarenko_785923749,Serhii Ponomarenko,-1,0,40,53,-13,93,2021-10-06 02:35:00,532491
Viktor Bosak_1832260025,Viktor Bosak,3,1,37,30,7,67,2021-10-06 02:45:00,532492
I Mihaylov_118501,I Mihaylov,-3,0,25,34,-9,59,2021-10-06 02:48:00,532493
Yu Merkushin_118535,Yu Merkushin,-2,0,36,38,-2,74,2021-10-06 02:55:00,532494
Oleksandr Kovalchuk_155525,Oleksandr Kovalchuk,3,1,33,20,13,53,2021-10-06 02:55:00,532495
P Bondarenko_118456,P Bondarenko,2,1,47,41,6,88,2021-10-06 03:00:00,532496
Mykola Lytvynenko_524405004,Mykola Lytvynenko,-1,0,43,52,-9,95,2021-10-06 03:05:00,532497
K Malahov_118502,K Malahov,3,1,33,22,11,55,2021-10-06 03:14:00,532498
Oleksandr Medvedyev_662054919,Oleksandr Medvedyev,1,1,51,39,12,90,2021-10-06 03:15:00,532499
Va Ivanov_118536,Va Ivanov,2,1,41,32,9,73,2021-10-06 03:19:00,532500
Serhii Tkachev_155526,Serhii Tkachev,-2,0,34,43,-9,77,2021-10-06 03:25:00,532501
Zh Tsybikov_118457,Zh Tsybikov,2,1,44,27,17,71,2021-10-06 03:30:00,532502
Denys Vakulenko_891142876,Denys Vakulenko,2,1,40,33,7,73,2021-10-06 03:35:00,532503
Igor Demchuk_922170389,Igor Demchuk,3,1,33,16,17,49,2021-10-06 03:45:00,532504
O Kutuzov_118503,O Kutuzov,2,1,43,35,8,78,2021-10-06 03:45:00,532505
Andrii Kovrikov_155527,Andrii Kovrikov,2,1,39,33,6,72,2021-10-06 03:55:00,532506
V Safonov_118537,V Safonov,-2,0,38,46,-8,84,2021-10-06 03:58:00,532507
N Sukharnikov_118458,N Sukharnikov,-2,0,32,44,-12,76,2021-10-06 04:01:00,532508
Davyd Symonchuk_1170997393,Davyd Symonchuk,2,1,39,36,3,75,2021-10-06 04:05:00,532509
Volodymyr Tuchkevych_1055598089,Volodymyr Tuchkevych,-3,0,21,33,-12,54,2021-10-06 04:15:00,532510
I Mihaylov_118504,I Mihaylov,-2,0,33,36,-3,69,2021-10-06 04:24:00,532511
Oleksandr Kovalchuk_155528,Oleksandr Kovalchuk,-2,0,33,41,-8,74,2021-10-06 04:25:00,532512
Yu Merkushin_118538,Yu Merkushin,-3,0,24,37,-13,61,2021-10-06 04:26:00,532513
Sergey Filatov_1804606695,Sergey Filatov,3,1,34,25,9,59,2021-10-06 04:35:00,532514
N Sukharnikov_118714,N Sukharnikov,3,1,33,24,9,57,2021-10-06 04:37:00,532515
Igor Demchuk_942842916,Igor Demchuk,1,1,46,43,3,89,2021-10-06 04:45:00,532516
A Petrov_118716,A Petrov,1,1,46,42,4,88,2021-10-06 04:48:00,532517
V Shirshov_118718,V Shirshov,-2,0,32,40,-8,72,2021-10-06 04:55:00,532518
Andrii Kovrikov_155529,Andrii Kovrikov,-3,0,28,35,-7,63,2021-10-06 04:55:00,532519
P Bondarenko_118715,P Bondarenko,2,1,39,31,8,70,2021-10-06 05:00:00,532520
Davyd Symonchuk_1639828598,Davyd Symonchuk,2,1,45,34,11,79,2021-10-06 05:05:00,532521
A Volkov_118717,A Volkov,1,1,48,40,8,88,2021-10-06 05:15:00,532522
Oleksandr Medvedyev_66172970,Oleksandr Medvedyev,1,1,45,38,7,83,2021-10-06 05:15:00,532523
O Kutuzov_118719,O Kutuzov,2,1,43,34,9,77,2021-10-06 05:16:00,532524
Serhii Tkachev_155530,Serhii Tkachev,-3,0,21,33,-12,54,2021-10-06 05:25:00,532525
Oleksandr Kovalchuk_155531,Oleksandr Kovalchuk,-3,0,26,34,-8,60,2021-10-06 05:55:00,532526
Oleksandr Dukhovenko_155532,Oleksandr Dukhovenko,3,1,34,24,10,58,2021-10-06 06:25:00,532527
Yevhen Kyi_155895,Yevhen Kyi,-3,0,20,33,-13,53,2021-10-06 06:55:00,532528
Oleksandr Dukhovenko_155896,Oleksandr Dukhovenko,3,1,33,24,9,57,2021-10-06 07:25:00,532529
A Bogomolov_118623,A Bogomolov,1,1,48,40,8,88,2021-10-06 07:31:00,532530
A Zirin_118570,A Zirin,3,1,34,25,9,59,2021-10-06 07:48:00,532531
Ihor Kvak_155597,Ihor Kvak,2,1,44,33,11,77,2021-10-06 07:50:00,532532
Serhii Boiko_892274368,Serhii Boiko,-1,0,49,54,-5,103,2021-10-06 07:50:00,532533
Ruslan Hripun_1055062778,Ruslan Hripun,-2,0,30,40,-10,70,2021-10-06 07:55:00,532534
A Duka_118624,A Duka,-3,0,19,33,-14,52,2021-10-06 08:00:00,532535
Andrii Dombrovskyi_155612,Andrii Dombrovskyi,-2,0,31,44,-13,75,2021-10-06 08:00:00,532536
Dmytro Tsurkalenko_155842,Dmytro Tsurkalenko,-2,0,30,38,-8,68,2021-10-06 08:05:00,532537
Yuliia Tryhub_155639,Yuliia Tryhub,-2,0,24,39,-15,63,2021-10-06 08:10:00,532538
I Tolmachev_118658,I Tolmachev,-1,0,44,52,-8,96,2021-10-06 08:15:00,532539
D Tikhnenko_118571,D Tikhnenko,3,1,33,16,17,49,2021-10-06 08:15:00,532540
Serhii Solomko_155649,Serhii Solomko,3,1,33,8,25,41,2021-10-06 08:15:00,532541
Volodymyr Hera_155598,Volodymyr Hera,-1,0,46,56,-10,102,2021-10-06 08:20:00,532542
Denys Shcherbak_919344723,Denys Shcherbak,-2,0,30,39,-9,69,2021-10-06 08:25:00,532543
Andrii Selin_775127834,Andrii Selin,-3,0,20,33,-13,53,2021-10-06 08:30:00,532544
A Kolmin_118625,A Kolmin,3,1,33,24,9,57,2021-10-06 08:30:00,532545
Yevhenii Honchar_155613,Yevhenii Honchar,3,1,34,23,11,57,2021-10-06 08:30:00,532546
Volodymyr Plishylo_763773422,Volodymyr Plishylo,1,1,40,42,-2,82,2021-10-06 08:35:00,532547
Valerii Danchenko_155625,Valerii Danchenko,-1,0,46,47,-1,93,2021-10-06 08:35:00,532548
Olha Yureneva_155640,Olha Yureneva,1,1,48,44,4,92,2021-10-06 08:40:00,532549
Nikita Korbut_1671568816,Nikita Korbut,-1,0,44,51,-7,95,2021-10-06 08:40:00,532550
V Tsvetkov_118659,V Tsvetkov,-2,0,32,44,-12,76,2021-10-06 08:45:00,532551
Dmytro Khairov_155650,Dmytro Khairov,1,1,53,39,14,92,2021-10-06 08:45:00,532552
Nazarii Hrytsyienko_968372924,Nazarii Hrytsyienko,2,1,43,29,14,72,2021-10-06 08:45:00,532553
V Mishakin_118572,V Mishakin,-2,0,29,42,-13,71,2021-10-06 08:47:00,532554
Nazarii Danyliuk_317558376,Nazarii Danyliuk,-2,0,26,38,-12,64,2021-10-06 08:50:00,532555
Oleksandr Osadchyi_155664,Oleksandr Osadchyi,3,1,33,21,12,54,2021-10-06 08:50:00,532556
Serhii Ponomarov_155599,Serhii Ponomarov,-3,0,26,38,-12,64,2021-10-06 08:50:00,532557
Pavlo Zaderei_2027406831,Pavlo Zaderei,2,1,40,34,6,74,2021-10-06 08:55:00,532558
Serhii Baranovskyi_1990418310,Serhii Baranovskyi,3,1,33,20,13,53,2021-10-06 08:55:00,532559
Vitalii Sydorenko_155674,Vitalii Sydorenko,-1,0,47,42,5,89,2021-10-06 08:55:00,532560
Matej Beran_155816,Matej Beran,-2,0,32,42,-10,74,2021-10-06 09:00:00,532561
Yevhenii Honchar_155614,Yevhenii Honchar,3,1,36,28,8,64,2021-10-06 09:00:00,532562
M-n Regner_26497,M-n Regner,2,1,41,27,14,68,2021-10-06 09:00:00,532563
Serhii Boiko_390566955,Serhii Boiko,1,1,51,47,4,98,2021-10-06 09:00:00,532564
P Vshivkov_118626,P Vshivkov,3,1,33,21,12,54,2021-10-06 09:00:00,532565
Yaroslav Ivasiuk_155689,Yaroslav Ivasiuk,-3,0,18,33,-15,51,2021-10-06 09:00:00,532566
Kostiantyn Nesterenko_155843,Kostiantyn Nesterenko,-1,0,46,49,-3,95,2021-10-06 09:05:00,532567
Ruslan Hripun_1516269553,Ruslan Hripun,2,1,42,29,13,71,2021-10-06 09:05:00,532568
Anatolii Lievshin_534842187,Anatolii Lievshin,3,1,38,30,8,68,2021-10-06 09:10:00,532569
Yuliia Tryhub_155641,Yuliia Tryhub,-1,0,59,63,-4,122,2021-10-06 09:10:00,532570
Roman Shtukovanyi_225864486,Roman Shtukovanyi,-2,0,30,44,-14,74,2021-10-06 09:15:00,532571
Yu Gavrilov_118660,Yu Gavrilov,2,1,39,22,17,61,2021-10-06 09:15:00,532572
Serhii Semenets_155651,Serhii Semenets,1,1,59,53,6,112,2021-10-06 09:15:00,532573
V Staroverov_118573,V Staroverov,1,1,45,41,4,86,2021-10-06 09:16:00,532574
Volodymyr Hera_155600,Volodymyr Hera,-1,0,44,53,-9,97,2021-10-06 09:20:00,532575
Andrii Kotik_1375765463,Andrii Kotik,1,1,51,40,11,91,2021-10-06 09:20:00,532576
Kostiantyn Klymenko_155665,Kostiantyn Klymenko,-2,0,29,42,-13,71,2021-10-06 09:20:00,532577
Ruslan Tolstykh_155675,Ruslan Tolstykh,1,1,51,54,-3,105,2021-10-06 09:25:00,532578
Nazarii Kovalchuk_482034420,Nazarii Kovalchuk,-2,0,39,47,-8,86,2021-10-06 09:25:00,532579
J Svec_26498,J Svec,-1,0,40,49,-9,89,2021-10-06 09:29:00,532580
A Kolmin_118627,A Kolmin,2,1,37,33,4,70,2021-10-06 09:30:00,532581
Bohdan Pyrtyk_155690,Bohdan Pyrtyk,3,1,35,27,8,62,2021-10-06 09:30:00,532582
Roman Cherevko_650647844,Roman Cherevko,-2,0,25,40,-15,65,2021-10-06 09:30:00,532583
Aleksandr Redkov_1219785105,Aleksandr Redkov,2,1,39,29,10,68,2021-10-06 09:30:00,532584
Jakub Jenicek_155817,Jakub Jenicek,3,1,34,21,13,55,2021-10-06 09:30:00,532585
Andrii Dombrovskyi_155615,Andrii Dombrovskyi,-2,0,36,43,-7,79,2021-10-06 09:30:00,532586
Valerii Danchenko_155627,Valerii Danchenko,1,1,57,49,8,106,2021-10-06 09:35:00,532587
Anton Molochko_1943014050,Anton Molochko,2,1,42,37,5,79,2021-10-06 09:35:00,532588
Anastasiia Kozak_155642,Anastasiia Kozak,2,1,48,49,-1,97,2021-10-06 09:40:00,532589
Vіtalіy Krokhmal_388808628,Vіtalіy Krokhmal,1,1,51,43,8,94,2021-10-06 09:40:00,532590
Dmytro Khairov_155652,Dmytro Khairov,-2,0,34,44,-10,78,2021-10-06 09:45:00,532591
V Tsvetkov_118661,V Tsvetkov,1,1,56,51,5,107,2021-10-06 09:45:00,532592
Volodymyr Plishylo_189607194,Volodymyr Plishylo,2,1,43,25,18,68,2021-10-06 09:45:00,532593
V Mishakin_118574,V Mishakin,2,1,43,29,14,72,2021-10-06 09:45:00,532594
Oleksandr Osadchyi_155666,Oleksandr Osadchyi,3,1,36,24,12,60,2021-10-06 09:50:00,532595
Nikita Korbut_1871576537,Nikita Korbut,2,1,44,32,12,76,2021-10-06 09:50:00,532596
Ihor Kvak_155601,Ihor Kvak,2,1,39,35,4,74,2021-10-06 09:50:00,532597
Nazarii Hrytsyienko_1007031291,Nazarii Hrytsyienko,-2,0,32,43,-11,75,2021-10-06 09:55:00,532598
Volodymyr Tymchenko_155851,Volodymyr Tymchenko,-3,0,30,43,-13,73,2021-10-06 09:55:00,532599
Jakub Jenicek_155818,Jakub Jenicek,1,1,56,51,5,107,2021-10-06 10:00:00,532600
Yaroslav Ivasiuk_155691,Yaroslav Ivasiuk,3,1,33,22,11,55,2021-10-06 10:00:00,532601
Nazarii Danyliuk_1073012940,Nazarii Danyliuk,-1,0,50,52,-2,102,2021-10-06 10:00:00,532602
Andrii Matiushenko_155616,Andrii Matiushenko,-1,0,39,42,-3,81,2021-10-06 10:00:00,532603
A Duka_118628,A Duka,3,1,33,21,12,54,2021-10-06 10:00:00,532604
T Andrle_26499,T Andrle,-3,0,14,33,-19,47,2021-10-06 10:04:00,532605
Serhii Baranovskyi_955522387,Serhii Baranovskyi,-1,0,38,47,-9,85,2021-10-06 10:05:00,532606
Pavlo Zaderei_294167972,Pavlo Zaderei,3,1,33,21,12,54,2021-10-06 10:05:00,532607
Dmytro Tsurkalenko_155844,Dmytro Tsurkalenko,-1,0,47,52,-5,99,2021-10-06 10:05:00,532608
Denys Shcherbak_1243888829,Denys Shcherbak,-1,0,42,42,0,84,2021-10-06 10:10:00,532609
Olha Yureneva_155643,Olha Yureneva,-3,0,21,33,-12,54,2021-10-06 10:10:00,532610
I Tolmachev_118662,I Tolmachev,0,1,0,0,0,0,2021-10-06 10:15:00,532611
Serhii Solomko_155653,Serhii Solomko,1,1,50,49,1,99,2021-10-06 10:15:00,532612
Andrii Selin_1675649809,Andrii Selin,-3,0,24,33,-9,57,2021-10-06 10:15:00,532613
D Tikhnenko_118575,D Tikhnenko,-2,0,37,41,-4,78,2021-10-06 10:18:00,532614
Vitalii Mukhin_155667,Vitalii Mukhin,-2,0,26,41,-15,67,2021-10-06 10:20:00,532615
Yaroslav Tebenko_155602,Yaroslav Tebenko,-1,0,52,51,1,103,2021-10-06 10:20:00,532616
Maksym Nikolenko_1963484312,Maksym Nikolenko,3,1,33,17,16,50,2021-10-06 10:20:00,532617
Yu Gavrilov_118722,Yu Gavrilov,-3,0,26,34,-8,60,2021-10-06 10:20:00,532618
Serhii Zazymko_612768288,Serhii Zazymko,2,1,45,27,18,72,2021-10-06 10:25:00,532619
Ruslan Tolstykh_155677,Ruslan Tolstykh,-3,0,24,34,-10,58,2021-10-06 10:25:00,532620
A Bogomolov_118720,A Bogomolov,-1,0,42,47,-5,89,2021-10-06 10:30:00,532621
Ihor Petrivskyi_155692,Ihor Petrivskyi,3,1,34,25,9,59,2021-10-06 10:30:00,532622
Z Kasinski_26500,Z Kasinski,-1,0,55,53,2,108,2021-10-06 10:30:00,532623
Andrii Kotik_10732147,Andrii Kotik,2,1,42,32,10,74,2021-10-06 10:30:00,532624
Andrii Dombrovskyi_155617,Andrii Dombrovskyi,-3,0,18,33,-15,51,2021-10-06 10:30:00,532625
Oleksandr Gress_155629,Oleksandr Gress,-3,0,25,35,-10,60,2021-10-06 10:35:00,532626
Vasyl Kushnir_476877489,Vasyl Kushnir,-2,0,27,39,-12,66,2021-10-06 10:35:00,532627
Roman Cherevko_1208703358,Roman Cherevko,-3,0,21,35,-14,56,2021-10-06 10:40:00,532628
Yuliia Tryhub_155644,Yuliia Tryhub,2,1,45,38,7,83,2021-10-06 10:40:00,532629
Aleksandr Redkov_945675090,Aleksandr Redkov,2,1,41,29,12,70,2021-10-06 10:40:00,532630
Serhii Boiko_336916497,Serhii Boiko,-1,0,49,54,-5,103,2021-10-06 10:45:00,532631
Kostiantyn Tsoi_155654,Kostiantyn Tsoi,3,1,33,18,15,51,2021-10-06 10:45:00,532632
Serhii Ponomarov_155603,Serhii Ponomarov,3,1,34,24,10,58,2021-10-06 10:50:00,532633
Ruslan Hripun_1205524634,Ruslan Hripun,-2,0,36,42,-6,78,2021-10-06 10:50:00,532634
Kostiantyn Klymenko_155668,Kostiantyn Klymenko,-1,0,44,56,-12,100,2021-10-06 10:50:00,532635
V Staroverov_118723,V Staroverov,-3,0,25,40,-15,65,2021-10-06 10:51:00,532636
Vitalii Sydorenko_155852,Vitalii Sydorenko,2,1,47,37,10,84,2021-10-06 10:55:00,532637
Anatolii Lievshin_1735681821,Anatolii Lievshin,-2,0,28,42,-14,70,2021-10-06 10:55:00,532638
P Vshivkov_118721,P Vshivkov,-2,0,37,43,-6,80,2021-10-06 11:00:00,532639
Bohdan Pyrtyk_155693,Bohdan Pyrtyk,2,1,38,33,5,71,2021-10-06 11:00:00,532640
Nikita Vilenchyts_155618,Nikita Vilenchyts,-1,0,54,58,-4,112,2021-10-06 11:00:00,532641
Jonas Kulveit_155820,Jonas Kulveit,-3,0,18,33,-15,51,2021-10-06 11:00:00,532642
Roman Shtukovanyi_1299216910,Roman Shtukovanyi,-1,0,41,49,-8,90,2021-10-06 11:00:00,532643
Kostiantyn Nesterenko_155845,Kostiantyn Nesterenko,-3,0,25,34,-9,59,2021-10-06 11:05:00,532644
Nazarii Hrytsyienko_1042277754,Nazarii Hrytsyienko,2,1,40,31,9,71,2021-10-06 11:05:00,532645
T Andrle_26501,T Andrle,-1,0,47,48,-1,95,2021-10-06 11:06:00,532646
Olha Yureneva_155645,Olha Yureneva,-2,0,37,43,-6,80,2021-10-06 11:10:00,532647
Nazarii Kovalchuk_1571459583,Nazarii Kovalchuk,-3,0,26,35,-9,61,2021-10-06 11:10:00,532648
Serhii Semenets_155655,Serhii Semenets,-1,0,47,40,7,87,2021-10-06 11:15:00,532649
Serhii Baranovskyi_534386312,Serhii Baranovskyi,-2,0,40,44,-4,84,2021-10-06 11:15:00,532650
Pavlo Zaderei_1096831578,Pavlo Zaderei,2,1,39,33,6,72,2021-10-06 11:15:00,532651
D Tikhnenko_118724,D Tikhnenko,-2,0,35,40,-5,75,2021-10-06 11:17:00,532652
Oleksandr Osadchyi_155669,Oleksandr Osadchyi,1,1,50,46,4,96,2021-10-06 11:20:00,532653
Anton Molochko_1469624503,Anton Molochko,2,1,43,34,9,77,2021-10-06 11:20:00,532654
Volodymyr Hera_155604,Volodymyr Hera,-3,0,27,34,-7,61,2021-10-06 11:20:00,532655
Vіtalіy Krokhmal_19196690,Vіtalіy Krokhmal,-1,0,48,53,-5,101,2021-10-06 11:25:00,532656
Serhii Chuliukov_155853,Serhii Chuliukov,3,1,33,19,14,52,2021-10-06 11:25:00,532657
Yaroslav Ivasiuk_155694,Yaroslav Ivasiuk,-2,0,30,41,-11,71,2021-10-06 11:30:00,532658
Yevhenii Honchar_155619,Yevhenii Honchar,2,1,44,33,11,77,2021-10-06 11:30:00,532659
Volodymyr Plishylo_386457410,Volodymyr Plishylo,-3,0,19,33,-14,52,2021-10-06 11:30:00,532660
J Svec_26502,J Svec,-2,0,22,37,-15,59,2021-10-06 11:34:00,532661
Nikita Korbut_702753566,Nikita Korbut,2,1,44,37,7,81,2021-10-06 11:35:00,532662
M Ilichev_118629,M Ilichev,-1,0,52,54,-2,106,2021-10-06 11:35:00,532663
Valerii Danchenko_155631,Valerii Danchenko,1,1,47,46,1,93,2021-10-06 11:35:00,532664
Anastasiia Kozak_155646,Anastasiia Kozak,-2,0,40,43,-3,83,2021-10-06 11:40:00,532665
Dmytro Vakhta_586837387,Dmytro Vakhta,-1,0,48,50,-2,98,2021-10-06 11:40:00,532666
A Libatskii_118663,A Libatskii,1,1,49,41,8,90,2021-10-06 11:45:00,532667
Nazarii Danyliuk_683720456,Nazarii Danyliuk,-2,0,29,46,-17,75,2021-10-06 11:45:00,532668
Dmytro Khairov_155656,Dmytro Khairov,-1,0,49,43,6,92,2021-10-06 11:45:00,532669
V Putilovsky_118576,V Putilovsky,3,1,34,24,10,58,2021-10-06 11:46:00,532670
Valentyn Yunchyk_1694753774,Valentyn Yunchyk,1,1,45,44,1,89,2021-10-06 11:50:00,532671
Kostiantyn Klymenko_155670,Kostiantyn Klymenko,3,1,33,18,15,51,2021-10-06 11:50:00,532672
Ihor Kvak_155605,Ihor Kvak,3,1,35,28,7,63,2021-10-06 11:50:00,532673
Michael Rikun_823550177,Michael Rikun,2,1,47,37,10,84,2021-10-06 11:50:00,532674
Denys Shcherbak_1145829925,Denys Shcherbak,2,1,39,31,8,70,2021-10-06 11:55:00,532675
Volodymyr Tymchenko_155854,Volodymyr Tymchenko,1,1,45,47,-2,92,2021-10-06 11:55:00,532676
Andrii Selin_2126136465,Andrii Selin,1,1,53,45,8,98,2021-10-06 12:00:00,532677
Tomas Krenek_155902,Tomas Krenek,1,1,48,37,11,85,2021-10-06 12:00:00,532678
Andrii Matiushenko_155620,Andrii Matiushenko,1,1,52,45,7,97,2021-10-06 12:00:00,532679
Bohdan Pyrtyk_155695,Bohdan Pyrtyk,3,1,33,17,16,50,2021-10-06 12:00:00,532680
Dmytro Tsurkalenko_155846,Dmytro Tsurkalenko,1,1,54,50,4,104,2021-10-06 12:05:00,532681
Maksym Nikolenko_238692881,Maksym Nikolenko,2,1,41,37,4,78,2021-10-06 12:05:00,532682
T Andrle_26529,T Andrle,-3,0,19,34,-15,53,2021-10-06 12:06:00,532683
Yuliia Tryhub_155647,Yuliia Tryhub,2,1,45,38,7,83,2021-10-06 12:10:00,532684
Serhii Zazymko_1850035265,Serhii Zazymko,2,1,41,32,9,73,2021-10-06 12:10:00,532685
Andrii Kotik_1907304930,Andrii Kotik,-1,0,52,46,6,98,2021-10-06 12:15:00,532686
M Cheklin_118664,M Cheklin,-2,0,36,38,-2,74,2021-10-06 12:15:00,532687
Serhii Solomko_155657,Serhii Solomko,3,1,33,12,21,45,2021-10-06 12:15:00,532688
R Pavlenko_118577,R Pavlenko,3,1,37,28,9,65,2021-10-06 12:17:00,532689
A Kozlov_118630,A Kozlov,-1,0,46,48,-2,94,2021-10-06 12:18:00,532690
Vitalii Mukhin_155671,Vitalii Mukhin,1,1,45,44,1,89,2021-10-06 12:20:00,532691
Yaroslav Tebenko_155606,Yaroslav Tebenko,2,1,42,40,2,82,2021-10-06 12:20:00,532692
Vasyl Kushnir_1646496117,Vasyl Kushnir,-1,0,63,60,3,123,2021-10-06 12:20:00,532693
Ruslan Tolstykh_155855,Ruslan Tolstykh,-1,0,46,46,0,92,2021-10-06 12:25:00,532694
Serhii Baranovskyi_2024883524,Serhii Baranovskyi,2,1,43,36,7,79,2021-10-06 12:25:00,532695
Pavlo Zaderei_1947973873,Pavlo Zaderei,-1,0,51,53,-2,104,2021-10-06 12:25:00,532696
Nikita Vilenchyts_155621,Nikita Vilenchyts,-3,0,15,33,-18,48,2021-10-06 12:30:00,532697
Z Kasinski_26530,Z Kasinski,2,1,40,32,8,72,2021-10-06 12:30:00,532698
Ihor Petrivskyi_155696,Ihor Petrivskyi,-1,0,45,43,2,88,2021-10-06 12:30:00,532699
Oleksandr Levadnyi_1624669652,Oleksandr Levadnyi,2,1,44,35,9,79,2021-10-06 12:30:00,532700
Oleksandr Gress_155633,Oleksandr Gress,2,1,41,33,8,74,2021-10-06 12:35:00,532701
Dmytro Kryshtal_1603765217,Dmytro Kryshtal,1,1,44,47,-3,91,2021-10-06 12:35:00,532702
Yevheniia Severyna_155648,Yevheniia Severyna,1,1,61,56,5,117,2021-10-06 12:40:00,532703
Anatolii Lievshin_1601155421,Anatolii Lievshin,-3,0,26,37,-11,63,2021-10-06 12:40:00,532704
Kostiantyn Tsoi_155658,Kostiantyn Tsoi,2,1,44,34,10,78,2021-10-06 12:45:00,532705
Roman Shtukovanyi_1265731975,Roman Shtukovanyi,-1,0,42,48,-6,90,2021-10-06 12:45:00,532706
A Lobanov_118578,A Lobanov,-3,0,27,33,-6,60,2021-10-06 12:46:00,532707
R Arutiunov_118665,R Arutiunov,1,1,51,48,3,99,2021-10-06 12:46:00,532708
Serhii Ponomarov_155607,Serhii Ponomarov,1,1,49,45,4,94,2021-10-06 12:50:00,532709
Oleksandr Osadchyi_155672,Oleksandr Osadchyi,-1,0,48,53,-5,101,2021-10-06 12:50:00,532710
Nazarii Hrytsyienko_1609111010,Nazarii Hrytsyienko,-3,0,19,33,-14,52,2021-10-06 12:50:00,532711
D Mikheev_118631,D Mikheev,3,1,33,17,16,50,2021-10-06 12:51:00,532712
Vitalii Sydorenko_155682,Vitalii Sydorenko,-2,0,27,42,-15,69,2021-10-06 12:55:00,532713
Nazarii Kovalchuk_1521882531,Nazarii Kovalchuk,1,1,50,44,6,94,2021-10-06 12:55:00,532714
Nikita Vilenchyts_155622,Nikita Vilenchyts,3,1,34,24,10,58,2021-10-06 13:00:00,532715
Aleksandr Redkov_1387378649,Aleksandr Redkov,2,1,43,35,8,78,2021-10-06 13:00:00,532716
Vaclav Coubal_155822,Vaclav Coubal,3,1,33,21,12,54,2021-10-06 13:00:00,532717
Roman Cherevko_1201905702,Roman Cherevko,-3,0,19,33,-14,52,2021-10-06 13:00:00,532718
Yaroslav Ivasiuk_155697,Yaroslav Ivasiuk,-2,0,30,41,-11,71,2021-10-06 13:00:00,532719
jr. Milata_26503,jr. Milata,-1,0,50,49,1,99,2021-10-06 13:01:00,532720
Serhii Boiko_601056262,Serhii Boiko,-2,0,34,42,-8,76,2021-10-06 13:05:00,532721
Ruslan Hripun_752864804,Ruslan Hripun,-2,0,30,40,-10,70,2021-10-06 13:10:00,532722
T Razinkov_118632,T Razinkov,-3,0,25,33,-8,58,2021-10-06 13:11:00,532723
Dmytro Dubrovin_2130214194,Dmytro Dubrovin,-1,0,41,51,-10,92,2021-10-06 13:15:00,532724
Serhii Semenets_155659,Serhii Semenets,-3,0,23,33,-10,56,2021-10-06 13:15:00,532725
I Lednev_118666,I Lednev,-3,0,22,33,-11,55,2021-10-06 13:16:00,532726
I Minchenkov_118579,I Minchenkov,-3,0,18,33,-15,51,2021-10-06 13:17:00,532727
Serhii Burdelnyi_155673,Serhii Burdelnyi,-2,0,34,41,-7,75,2021-10-06 13:20:00,532728
Kyrylo Yehorov_2051804923,Kyrylo Yehorov,2,1,44,38,6,82,2021-10-06 13:20:00,532729
Ihor Kvak_155608,Ihor Kvak,2,1,41,32,9,73,2021-10-06 13:20:00,532730
Olha Yureneva_155904,Olha Yureneva,-3,0,21,33,-12,54,2021-10-06 13:25:00,532731
Serhii Chuliukov_155856,Serhii Chuliukov,-2,0,38,41,-3,79,2021-10-06 13:25:00,532732
Andrii Kotik_258489887,Andrii Kotik,2,1,46,37,9,83,2021-10-06 13:25:00,532733
Ivan Kryvyi_155698,Ivan Kryvyi,-2,0,36,41,-5,77,2021-10-06 13:30:00,532734
Patrik Sturma_155823,Patrik Sturma,-3,0,20,33,-13,53,2021-10-06 13:30:00,532735
Andrii Matiushenko_155623,Andrii Matiushenko,3,1,39,33,6,72,2021-10-06 13:30:00,532736
Vasyl Verbianyi_173567843,Vasyl Verbianyi,3,1,33,19,14,52,2021-10-06 13:30:00,532737
D Mikheev_118633,D Mikheev,-2,0,32,44,-12,76,2021-10-06 13:32:00,532738
M Kolar_26504,M Kolar,1,1,48,39,9,87,2021-10-06 13:35:00,532739
Dmytro Tsurkalenko_155848,Dmytro Tsurkalenko,3,1,33,18,15,51,2021-10-06 13:35:00,532740
Pavlo Zaderei_294344388,Pavlo Zaderei,2,1,41,29,12,70,2021-10-06 13:35:00,532741
Serhii Baranovskyi_322186803,Serhii Baranovskyi,2,1,41,35,6,76,2021-10-06 13:35:00,532742
Serhii Boiko_285708194,Serhii Boiko,1,1,53,41,12,94,2021-10-06 13:40:00,532743
Andrii Selin_1429548387,Andrii Selin,2,1,39,33,6,72,2021-10-06 13:45:00,532744
R Arutiunov_118667,R Arutiunov,-2,0,29,36,-7,65,2021-10-06 13:45:00,532745
Serhii Solomko_155660,Serhii Solomko,-2,0,26,41,-15,67,2021-10-06 13:45:00,532746
A Lobanov_118580,A Lobanov,-2,0,27,37,-10,64,2021-10-06 13:47:00,532747
Oleksandr Kalynevych_155609,Oleksandr Kalynevych,-3,0,30,38,-8,68,2021-10-06 13:50:00,532748
Volodymyr Plishylo_2015551609,Volodymyr Plishylo,1,1,41,44,-3,85,2021-10-06 13:50:00,532749
Nikita Korbut_44329849,Nikita Korbut,3,1,33,26,7,59,2021-10-06 13:55:00,532750
Volodymyr Tymchenko_155857,Volodymyr Tymchenko,-1,0,45,51,-6,96,2021-10-06 13:55:00,532751
Nadiia Harmash_155905,Nadiia Harmash,2,1,38,29,9,67,2021-10-06 13:55:00,532752
Patrik Sturma_155824,Patrik Sturma,2,1,39,27,12,66,2021-10-06 14:00:00,532753
A Kozlov_118634,A Kozlov,-2,0,30,36,-6,66,2021-10-06 14:00:00,532754
Nazarii Hrytsyienko_303215288,Nazarii Hrytsyienko,2,1,47,41,6,88,2021-10-06 14:00:00,532755
Nazarii Danyliuk_2118048489,Nazarii Danyliuk,2,1,41,38,3,79,2021-10-06 14:05:00,532756
Ivan Kryvyi_155906,Ivan Kryvyi,-2,0,35,41,-6,76,2021-10-06 14:05:00,532757
T Varnuska_26505,T Varnuska,2,1,42,31,11,73,2021-10-06 14:09:00,532758
Vitalii Mukhin_155908,Vitalii Mukhin,-3,0,30,40,-10,70,2021-10-06 14:10:00,532759
Roman Cherevko_559723673,Roman Cherevko,-3,0,25,34,-9,59,2021-10-06 14:10:00,532760
Aleksandr Redkov_134554935,Aleksandr Redkov,3,1,34,18,16,52,2021-10-06 14:10:00,532761
Stanislav Shapiro_155661,Stanislav Shapiro,1,1,51,45,6,96,2021-10-06 14:15:00,532762
R Pavlenko_118581,R Pavlenko,2,1,43,36,7,79,2021-10-06 14:15:00,532763
M Cheklin_118668,M Cheklin,3,1,33,18,15,51,2021-10-06 14:15:00,532764
Denys Shcherbak_1873381841,Denys Shcherbak,-3,0,30,38,-8,68,2021-10-06 14:15:00,532765
Ihor Kvak_155610,Ihor Kvak,3,1,33,16,17,49,2021-10-06 14:20:00,532766
Serhii Kinash_1066091240,Serhii Kinash,1,1,47,43,4,90,2021-10-06 14:20:00,532767
Vitalii Sydorenko_155685,Vitalii Sydorenko,-2,0,37,44,-7,81,2021-10-06 14:25:00,532768
Dmytro Dubrovin_2130037774,Dmytro Dubrovin,-3,0,26,33,-7,59,2021-10-06 14:25:00,532769
Vaclav Coubal_155825,Vaclav Coubal,-2,0,33,44,-11,77,2021-10-06 14:30:00,532770
M Ilichev_118752,M Ilichev,1,1,52,47,5,99,2021-10-06 14:30:00,532771
Serhii Gergeliuk_250809831,Serhii Gergeliuk,1,1,50,48,2,98,2021-10-06 14:30:00,532772
R Pavelka_26506,R Pavelka,1,1,55,46,9,101,2021-10-06 14:31:00,532773
Vasyl Lutskyi_155907,Vasyl Lutskyi,1,1,56,41,15,97,2021-10-06 14:35:00,532774
Dmytro Tsurkalenko_155849,Dmytro Tsurkalenko,2,1,46,39,7,85,2021-10-06 14:35:00,532775
Andrii Kotik_1879487814,Andrii Kotik,3,1,37,31,6,68,2021-10-06 14:35:00,532776
Volodymyr Melnykov_155909,Volodymyr Melnykov,1,1,46,39,7,85,2021-10-06 14:40:00,532777
Nazarii Danyliuk_460332746,Nazarii Danyliuk,-2,0,24,42,-18,66,2021-10-06 14:40:00,532778
Serhii Solomko_155662,Serhii Solomko,-1,0,44,53,-9,97,2021-10-06 14:45:00,532779
Pavlo Zaderei_1096724986,Pavlo Zaderei,-1,0,46,56,-10,102,2021-10-06 14:45:00,532780
Serhii Baranovskyi_534632424,Serhii Baranovskyi,3,1,35,17,18,52,2021-10-06 14:45:00,532781
A Libatskii_118754,A Libatskii,3,1,36,27,9,63,2021-10-06 14:45:00,532782
A Lobanov_118756,A Lobanov,-1,0,44,52,-8,96,2021-10-06 14:46:00,532783
Volodymyr Hera_155611,Volodymyr Hera,3,1,33,18,15,51,2021-10-06 14:50:00,532784
Hennadii Portnov_155686,Hennadii Portnov,3,1,39,30,9,69,2021-10-06 14:55:00,532785
Volodymyr Plishylo_1191058673,Volodymyr Plishylo,1,1,56,57,-1,113,2021-10-06 15:00:00,532786
Jiri Cermak_155826,Jiri Cermak,3,1,33,19,14,52,2021-10-06 15:00:00,532787
T Razinkov_118753,T Razinkov,-3,0,20,33,-13,53,2021-10-06 15:03:00,532788
Valerii Danchenko_155850,Valerii Danchenko,-1,0,39,48,-9,87,2021-10-06 15:05:00,532789
Serhii Zazymko_467856631,Serhii Zazymko,1,1,44,39,5,83,2021-10-06 15:05:00,532790
Vadym Nechyporuk_871650604,Vadym Nechyporuk,2,1,41,33,8,74,2021-10-06 15:10:00,532791
T Varnuska_26507,T Varnuska,3,1,33,21,12,54,2021-10-06 15:14:00,532792
R Arutiunov_118755,R Arutiunov,-3,0,13,33,-20,46,2021-10-06 15:15:00,532793
Volodymyr Maksiuta_1855079646,Volodymyr Maksiuta,-3,0,25,34,-9,59,2021-10-06 15:15:00,532794
Dmytro Khairov_155663,Dmytro Khairov,2,1,40,25,15,65,2021-10-06 15:15:00,532795
V Putilovsky_118757,V Putilovsky,-2,0,42,40,2,82,2021-10-06 15:17:00,532796
Serhii Rak_155860,Serhii Rak,3,1,33,22,11,55,2021-10-06 15:20:00,532797
Valentyn Yunchyk_900162423,Valentyn Yunchyk,1,1,54,51,3,105,2021-10-06 15:20:00,532798
Michael Rikun_823686500,Michael Rikun,1,1,49,42,7,91,2021-10-06 15:20:00,532799
Vitalii Sydorenko_155858,Vitalii Sydorenko,1,1,46,44,2,90,2021-10-06 15:25:00,532800
S Kulikov_118635,S Kulikov,-3,0,22,33,-11,55,2021-10-06 15:29:00,532801
Yuliia Ishchenko_155699,Yuliia Ishchenko,-2,0,28,42,-14,70,2021-10-06 15:30:00,532802
Vaclav Coubal_155827,Vaclav Coubal,2,1,41,27,14,68,2021-10-06 15:30:00,532803
M Kolar_26508,M Kolar,1,1,51,38,13,89,2021-10-06 15:33:00,532804
Yevhen Bielokon_155716,Yevhen Bielokon,-2,0,31,40,-9,71,2021-10-06 15:35:00,532805
Oleksiy Molochko_587785142,Oleksiy Molochko,-2,0,39,39,0,78,2021-10-06 15:35:00,532806
Iulii Khomutovskyi_155870,Iulii Khomutovskyi,2,1,42,32,10,74,2021-10-06 15:40:00,532807
Iryna Aseieva_1511383981,Iryna Aseieva,1,1,45,43,2,88,2021-10-06 15:40:00,532808
Roman Zholubak_155746,Roman Zholubak,2,1,43,35,8,78,2021-10-06 15:45:00,532809
S Maksakov_118669,S Maksakov,-3,0,23,33,-10,56,2021-10-06 15:47:00,532810
O Soldusov_118582,O Soldusov,1,1,53,43,10,96,2021-10-06 15:47:00,532811
Stanislav Nikolenko_155861,Stanislav Nikolenko,2,1,38,32,6,70,2021-10-06 15:50:00,532812
Serhii Rutskyi_1544934665,Serhii Rutskyi,-2,0,36,42,-6,78,2021-10-06 15:50:00,532813
Ruslan Tolstykh_155859,Ruslan Tolstykh,3,1,33,25,8,58,2021-10-06 15:55:00,532814
Yevhen Masko_1578896067,Yevhen Masko,2,1,43,37,6,80,2021-10-06 15:55:00,532815
E Anisimov_118636,E Anisimov,1,1,51,43,8,94,2021-10-06 15:59:00,532816
Alina Bohdanova_155700,Alina Bohdanova,2,1,42,32,10,74,2021-10-06 16:00:00,532817
Dmitriy Pereyaslovskyi_155717,Dmitriy Pereyaslovskyi,2,1,41,38,3,79,2021-10-06 16:05:00,532818
Christian Kratochvil_155910,Christian Kratochvil,2,1,40,39,1,79,2021-10-06 16:05:00,532819
Viktor Antonenko_155871,Viktor Antonenko,2,1,40,32,8,72,2021-10-06 16:10:00,532820
Maksym Samaray_1229335476,Maksym Samaray,-3,0,26,34,-8,60,2021-10-06 16:10:00,532821
jr. Milata_26555,jr. Milata,-2,0,32,42,-10,74,2021-10-06 16:11:00,532822
D Evlahin_118670,D Evlahin,-2,0,31,40,-9,71,2021-10-06 16:15:00,532823
Alina Kurtenko_691067983,Alina Kurtenko,3,1,33,25,8,58,2021-10-06 16:15:00,532824
Denys Pesternikov_155747,Denys Pesternikov,-1,0,42,49,-7,91,2021-10-06 16:15:00,532825
E Voronkov_118583,E Voronkov,-2,0,28,42,-14,70,2021-10-06 16:18:00,532826
Illia Semeniuk_503162388,Illia Semeniuk,-1,0,35,46,-11,81,2021-10-06 16:20:00,532827
Serhii Rak_155862,Serhii Rak,-2,0,34,39,-5,73,2021-10-06 16:20:00,532828
Maksym Balakiriev_155756,Maksym Balakiriev,3,1,33,19,14,52,2021-10-06 16:25:00,532829
Andrii Zeniuk_805820402,Andrii Zeniuk,3,1,33,21,12,54,2021-10-06 16:25:00,532830
Roman Derypaska_316753392,Roman Derypaska,2,1,45,35,10,80,2021-10-06 16:30:00,532831
Mariia Voitekhova_155701,Mariia Voitekhova,-1,0,44,44,0,88,2021-10-06 16:30:00,532832
M Kolar_26556,M Kolar,-3,0,19,33,-14,52,2021-10-06 16:35:00,532833
Vasyl Shepel_787358745,Vasyl Shepel,-1,0,43,53,-10,96,2021-10-06 16:35:00,532834
Jiri Cermak_155911,Jiri Cermak,3,1,33,22,11,55,2021-10-06 16:35:00,532835
Roman Yushko_155718,Roman Yushko,-3,0,19,33,-14,52,2021-10-06 16:35:00,532836
Illia Yanishevskiy_829796546,Illia Yanishevskiy,-2,0,30,43,-13,73,2021-10-06 16:40:00,532837
M Gusev_118637,M Gusev,2,1,46,38,8,84,2021-10-06 16:40:00,532838
Valerii Shepil_155872,Valerii Shepil,1,1,51,45,6,96,2021-10-06 16:40:00,532839
K Simonov_118584,K Simonov,1,1,49,43,6,92,2021-10-06 16:45:00,532840
Oleksiy Molochko_1145254850,Oleksiy Molochko,3,1,33,18,15,51,2021-10-06 16:45:00,532841
Roman Zholubak_155748,Roman Zholubak,2,1,41,35,6,76,2021-10-06 16:45:00,532842
I Ramensky_118671,I Ramensky,2,1,40,24,16,64,2021-10-06 16:47:00,532843
Iryna Aseieva_462965909,Iryna Aseieva,3,1,34,22,12,56,2021-10-06 16:50:00,532844
Andrii Nakliutskyi_155863,Andrii Nakliutskyi,2,1,39,32,7,71,2021-10-06 16:50:00,532845
Serhii Berezynskyi_908434608,Serhii Berezynskyi,2,1,42,33,9,75,2021-10-06 16:55:00,532846
Ruslan Onishchenko_155757,Ruslan Onishchenko,2,1,43,27,16,70,2021-10-06 16:55:00,532847
Serhii Rutskyi_892846762,Serhii Rutskyi,3,1,33,16,17,49,2021-10-06 17:00:00,532848
Maxim Suvorov_155828,Maxim Suvorov,1,1,45,36,9,81,2021-10-06 17:00:00,532849
Alina Bohdanova_155702,Alina Bohdanova,-2,0,38,44,-6,82,2021-10-06 17:00:00,532850
M Protiva_26509,M Protiva,-2,0,34,35,-1,69,2021-10-06 17:02:00,532851
Yevhen Masko_728985214,Yevhen Masko,1,1,51,45,6,96,2021-10-06 17:05:00,532852
Dmitriy Pereyaslovskyi_155719,Dmitriy Pereyaslovskyi,-1,0,50,51,-1,101,2021-10-06 17:05:00,532853
Viktor Antonenko_155873,Viktor Antonenko,2,1,44,37,7,81,2021-10-06 17:10:00,532854
Vasyl Shepel_1775039590,Vasyl Shepel,-3,0,22,33,-11,55,2021-10-06 17:10:00,532855
A Yakovlev_118638,A Yakovlev,1,1,56,50,6,106,2021-10-06 17:12:00,532856
Borys Buriak_1874069927,Borys Buriak,-2,0,29,44,-15,73,2021-10-06 17:15:00,532857
Andrii Lukatskyi_155749,Andrii Lukatskyi,-2,0,38,47,-9,85,2021-10-06 17:15:00,532858
Stanislav Nikolenko_155864,Stanislav Nikolenko,1,1,51,45,6,96,2021-10-06 17:20:00,532859
Evgeniy Gudimenko_1711306069,Evgeniy Gudimenko,-3,0,26,37,-11,63,2021-10-06 17:20:00,532860
I Abelmasov_118672,I Abelmasov,2,1,42,33,9,75,2021-10-06 17:20:00,532861
S Lanovenko_118585,S Lanovenko,2,1,45,36,9,81,2021-10-06 17:23:00,532862
Anna Miklukha_1714913210,Anna Miklukha,-3,0,22,33,-11,55,2021-10-06 17:25:00,532863
Serhii Khandetskyi_155758,Serhii Khandetskyi,1,1,49,48,1,97,2021-10-06 17:25:00,532864
T Postelt_26510,T Postelt,-1,0,45,49,-4,94,2021-10-06 17:30:00,532865
Tomas Krenek_155829,Tomas Krenek,-3,0,18,33,-15,51,2021-10-06 17:30:00,532866
Illia Semeniuk_267588257,Illia Semeniuk,2,1,41,32,9,73,2021-10-06 17:30:00,532867
Yuliia Ishchenko_155703,Yuliia Ishchenko,-2,0,33,37,-4,70,2021-10-06 17:30:00,532868
Yevhen Bielokon_155720,Yevhen Bielokon,2,1,42,30,12,72,2021-10-06 17:35:00,532869
Andrii Zeniuk_242372848,Andrii Zeniuk,1,1,49,44,5,93,2021-10-06 17:35:00,532870
Roman Derypaska_1139703996,Roman Derypaska,-2,0,37,49,-12,86,2021-10-06 17:40:00,532871
Iulii Khomutovskyi_155874,Iulii Khomutovskyi,-2,0,33,43,-10,76,2021-10-06 17:40:00,532872
Denys Pesternikov_155750,Denys Pesternikov,-1,0,46,50,-4,96,2021-10-06 17:45:00,532873
Illia Yanishevskiy_1574183136,Illia Yanishevskiy,-2,0,23,36,-13,59,2021-10-06 17:45:00,532874
K Simonov_118586,K Simonov,-3,0,25,36,-11,61,2021-10-06 17:47:00,532875
I Ramensky_118673,I Ramensky,-1,0,44,51,-7,95,2021-10-06 17:47:00,532876
M Gusev_118639,M Gusev,3,1,33,19,14,52,2021-10-06 17:48:00,532877
Dmytro Gudimenko_155771,Dmytro Gudimenko,3,1,33,21,12,54,2021-10-06 17:50:00,532878
Serhii Rak_155865,Serhii Rak,2,1,48,39,9,87,2021-10-06 17:50:00,532879
Vasyl Shepel_1977516394,Vasyl Shepel,1,1,45,45,0,90,2021-10-06 17:50:00,532880
Ruslan Onishchenko_155759,Ruslan Onishchenko,1,1,46,39,7,85,2021-10-06 17:55:00,532881
Maksym Samaray_2135188423,Maksym Samaray,3,1,33,24,9,57,2021-10-06 17:55:00,532882
Alina Kurtenko_1924706280,Alina Kurtenko,2,1,40,37,3,77,2021-10-06 18:00:00,532883
Tomas Krenek_155830,Tomas Krenek,1,1,47,41,6,88,2021-10-06 18:00:00,532884
Oleksandra Tsiupko_155704,Oleksandra Tsiupko,2,1,43,40,3,83,2021-10-06 18:00:00,532885
Oleh Skoryk_155721,Oleh Skoryk,-3,0,25,33,-8,58,2021-10-06 18:05:00,532886
Serhii Berezynskyi_1687667055,Serhii Berezynskyi,-3,0,20,34,-14,54,2021-10-06 18:05:00,532887
Ja Zajicek_26511,Ja Zajicek,-1,0,46,54,-8,100,2021-10-06 18:07:00,532888
E Anisimov_118640,E Anisimov,3,1,34,24,10,58,2021-10-06 18:07:00,532889
Serhii Rutskyi_143083670,Serhii Rutskyi,3,1,33,19,14,52,2021-10-06 18:10:00,532890
Oleh Ponomarenko_155875,Oleh Ponomarenko,1,1,53,49,4,102,2021-10-06 18:10:00,532891
Yevhen Masko_28336238,Yevhen Masko,-2,0,36,45,-9,81,2021-10-06 18:15:00,532892
Roman Zholubak_155751,Roman Zholubak,3,1,36,23,13,59,2021-10-06 18:15:00,532893
E Voronkov_118587,E Voronkov,-2,0,28,41,-13,69,2021-10-06 18:15:00,532894
D Evlahin_118674,D Evlahin,2,1,42,29,13,71,2021-10-06 18:18:00,532895
Yurii Kurishchenko_155772,Yurii Kurishchenko,2,1,38,30,8,68,2021-10-06 18:20:00,532896
Borys Buriak_152835817,Borys Buriak,-2,0,30,40,-10,70,2021-10-06 18:20:00,532897
Stanislav Nikolenko_155866,Stanislav Nikolenko,3,1,34,18,16,52,2021-10-06 18:20:00,532898
Illia Yanishevskiy_1171857422,Illia Yanishevskiy,-1,0,49,46,3,95,2021-10-06 18:25:00,532899
Maksym Balakiriev_155760,Maksym Balakiriev,-3,0,18,33,-15,51,2021-10-06 18:25:00,532900
Maxim Suvorov_155831,Maxim Suvorov,3,1,33,22,11,55,2021-10-06 18:30:00,532901
S Kulikov_118856,S Kulikov,-1,0,41,50,-9,91,2021-10-06 18:30:00,532902
Oleksiy Molochko_1227706087,Oleksiy Molochko,-1,0,48,52,-4,100,2021-10-06 18:30:00,532903
Mariia Voitekhova_155705,Mariia Voitekhova,2,1,41,28,13,69,2021-10-06 18:30:00,532904
Roman Yushko_155722,Roman Yushko,-1,0,50,46,4,96,2021-10-06 18:35:00,532905
Iryna Aseieva_1553771329,Iryna Aseieva,1,1,56,53,3,109,2021-10-06 18:35:00,532906
Valerii Shepil_155876,Valerii Shepil,2,1,45,38,7,83,2021-10-06 18:40:00,532907
Illia Semeniuk_1698737137,Illia Semeniuk,2,1,42,25,17,67,2021-10-06 18:40:00,532908
Petro Tsolik_2065750954,Petro Tsolik,-2,0,39,38,1,77,2021-10-06 18:45:00,532909
Denys Pesternikov_155752,Denys Pesternikov,3,1,33,22,11,55,2021-10-06 18:45:00,532910
S Maksakov_118858,S Maksakov,1,1,51,42,9,93,2021-10-06 18:46:00,532911
E Voronkov_118860,E Voronkov,-3,0,13,33,-20,46,2021-10-06 18:46:00,532912
Jo Medek_26512,Jo Medek,2,1,40,25,15,65,2021-10-06 18:49:00,532913
Valeriy Vlasenko_155773,Valeriy Vlasenko,-1,0,46,51,-5,97,2021-10-06 18:50:00,532914
Nikita Trofimov_1585645192,Nikita Trofimov,-2,0,29,39,-10,68,2021-10-06 18:50:00,532915
Andrii Nakliutskyi_155867,Andrii Nakliutskyi,-1,0,48,45,3,93,2021-10-06 18:50:00,532916
Serhii Pitsyk_155761,Serhii Pitsyk,-1,0,48,57,-9,105,2021-10-06 18:55:00,532917
Mykola Zakladnyi_1422507766,Mykola Zakladnyi,2,1,44,31,13,75,2021-10-06 18:55:00,532918
Alina Bohdanova_155706,Alina Bohdanova,1,1,46,43,3,89,2021-10-06 19:00:00,532919
Vasyl Shepel_2138769704,Vasyl Shepel,-2,0,44,53,-9,97,2021-10-06 19:00:00,532920
Jan Hrncir_155832,Jan Hrncir,-2,0,41,47,-6,88,2021-10-06 19:00:00,532921
E Anisimov_118857,E Anisimov,3,1,38,23,15,61,2021-10-06 19:01:00,532922
Dmitriy Pereyaslovskyi_155723,Dmitriy Pereyaslovskyi,1,1,47,44,3,91,2021-10-06 19:05:00,532923
Evgeniy Gudimenko_479618510,Evgeniy Gudimenko,-2,0,34,36,-2,70,2021-10-06 19:05:00,532924
Anna Miklukha_1356386990,Anna Miklukha,-2,0,44,49,-5,93,2021-10-06 19:10:00,532925
Viktor Antonenko_155877,Viktor Antonenko,2,1,41,32,9,73,2021-10-06 19:10:00,532926
Ja Zajicek_26513,Ja Zajicek,-3,0,21,33,-12,54,2021-10-06 19:11:00,532927
Andrii Lukatskyi_155753,Andrii Lukatskyi,-3,0,20,34,-14,54,2021-10-06 19:15:00,532928
Mykola Tovkach_658429494,Mykola Tovkach,-2,0,35,42,-7,77,2021-10-06 19:15:00,532929
O Soldusov_118861,O Soldusov,2,1,39,32,7,71,2021-10-06 19:16:00,532930
I Ramensky_118859,I Ramensky,-3,0,22,33,-11,55,2021-10-06 19:16:00,532931
Vitalii Zharskiy_1466812990,Vitalii Zharskiy,3,1,35,25,10,60,2021-10-06 19:20:00,532932
Yurii Kurishchenko_155774,Yurii Kurishchenko,-3,0,24,34,-10,58,2021-10-06 19:20:00,532933
Serhii Rak_155868,Serhii Rak,3,1,33,19,14,52,2021-10-06 19:20:00,532934
Yevhen Masko_1579048890,Yevhen Masko,-1,0,47,49,-2,96,2021-10-06 19:25:00,532935
Serhii Khandetskyi_155762,Serhii Khandetskyi,3,1,34,21,13,55,2021-10-06 19:25:00,532936
Yuliia Ishchenko_155707,Yuliia Ishchenko,-1,0,44,46,-2,90,2021-10-06 19:30:00,532937
Maxim Suvorov_155833,Maxim Suvorov,3,1,33,24,9,57,2021-10-06 19:30:00,532938
Illia Yanishevskiy_815071994,Illia Yanishevskiy,3,1,33,21,12,54,2021-10-06 19:30:00,532939
T Postelt_26514,T Postelt,-3,0,16,33,-17,49,2021-10-06 19:31:00,532940
V Staroverov_118641,V Staroverov,-3,0,20,33,-13,53,2021-10-06 19:31:00,532941
Yevhen Bielokon_155724,Yevhen Bielokon,3,1,33,18,15,51,2021-10-06 19:35:00,532942
Oleksandr Brezytskyi_1754256941,Oleksandr Brezytskyi,-3,0,24,33,-9,57,2021-10-06 19:35:00,532943
Maksym Samaray_69722117,Maksym Samaray,1,1,52,45,7,97,2021-10-06 19:40:00,532944
Iulii Khomutovskyi_155878,Iulii Khomutovskyi,-3,0,16,33,-17,49,2021-10-06 19:40:00,532945
Alina Kurtenko_665273188,Alina Kurtenko,-2,0,31,44,-13,75,2021-10-06 19:45:00,532946
Roman Zholubak_155754,Roman Zholubak,1,1,51,49,2,100,2021-10-06 19:45:00,532947
B Grebenyuk_118588,B Grebenyuk,-3,0,27,34,-7,61,2021-10-06 19:47:00,532948
Al-i Zhelubenkov_118675,Al-i Zhelubenkov,1,1,51,49,2,100,2021-10-06 19:48:00,532949
Serhii Berezynskyi_824862098,Serhii Berezynskyi,-1,0,44,51,-7,95,2021-10-06 19:50:00,532950
Dmytro Gudimenko_155775,Dmytro Gudimenko,2,1,39,34,5,73,2021-10-06 19:50:00,532951
Oleksandr Hordiichuk_155869,Oleksandr Hordiichuk,2,1,43,40,3,83,2021-10-06 19:50:00,532952
Ruslan Onishchenko_155763,Ruslan Onishchenko,2,1,42,26,16,68,2021-10-06 19:55:00,532953
Serhii Rutskyi_245136034,Serhii Rutskyi,-2,0,32,38,-6,70,2021-10-06 19:55:00,532954
Daniel Salomon_156168,Daniel Salomon,2,1,41,34,7,75,2021-10-06 20:00:00,532955
Roman Derypaska_1596025860,Roman Derypaska,-2,0,36,43,-7,79,2021-10-06 20:00:00,532956
Oleksandra Tsiupko_155708,Oleksandra Tsiupko,2,1,44,33,11,77,2021-10-06 20:00:00,532957
V Chernov_118642,V Chernov,-3,0,21,33,-12,54,2021-10-06 20:01:00,532958
Oleh Skoryk_155725,Oleh Skoryk,2,1,42,35,7,77,2021-10-06 20:05:00,532959
Oleksandr Tuzhylin_1771779655,Oleksandr Tuzhylin,-1,0,50,54,-4,104,2021-10-06 20:05:00,532960
T Postelt_26557,T Postelt,-2,0,37,44,-7,81,2021-10-06 20:06:00,532961
Gennadii Zakladnyi_6214865,Gennadii Zakladnyi,-2,0,37,38,-1,75,2021-10-06 20:10:00,532962
Oleh Ponomarenko_155879,Oleh Ponomarenko,3,1,33,16,17,49,2021-10-06 20:10:00,532963
Dmytro Halai_1655098156,Dmytro Halai,-2,0,37,46,-9,83,2021-10-06 20:15:00,532964
Volodymyr Chornobab_155755,Volodymyr Chornobab,-3,0,22,33,-11,55,2021-10-06 20:15:00,532965
D Petrochenko_118589,D Petrochenko,-2,0,38,37,1,75,2021-10-06 20:17:00,532966
Dmytro Lazuryk_155776,Dmytro Lazuryk,-1,0,44,52,-8,96,2021-10-06 20:20:00,532967
Viktoria Kurtenko_1109597152,Viktoria Kurtenko,3,1,33,15,18,48,2021-10-06 20:20:00,532968
A Frolov_118676,A Frolov,3,1,33,19,14,52,2021-10-06 20:22:00,532969
Maksym Balakiriev_155764,Maksym Balakiriev,-1,0,49,48,1,97,2021-10-06 20:25:00,532970
Illia Semeniuk_1939298139,Illia Semeniuk,-2,0,36,43,-7,79,2021-10-06 20:25:00,532971
Stanislav Nikolenko_156170,Stanislav Nikolenko,-2,0,38,45,-7,83,2021-10-06 20:30:00,532972
Vitalii Zharskiy_1244624541,Vitalii Zharskiy,1,1,46,45,1,91,2021-10-06 20:30:00,532973
Mariia Voitekhova_155709,Mariia Voitekhova,-2,0,28,42,-14,70,2021-10-06 20:30:00,532974
Jan Hrncir_156169,Jan Hrncir,-2,0,39,37,2,76,2021-10-06 20:30:00,532975
G Bardyshev_118643,G Bardyshev,-2,0,43,47,-4,90,2021-10-06 20:31:00,532976
M Protiva_26558,M Protiva,-2,0,41,50,-9,91,2021-10-06 20:34:00,532977
Yevhen Masko_511347441,Yevhen Masko,-1,0,40,42,-2,82,2021-10-06 20:35:00,532978
Roman Yushko_155726,Roman Yushko,-2,0,20,39,-19,59,2021-10-06 20:35:00,532979
Valerii Shepil_155880,Valerii Shepil,-2,0,37,43,-6,80,2021-10-06 20:40:00,532980
Oleksandr Tuzhylin_1002733000,Oleksandr Tuzhylin,2,1,42,24,18,66,2021-10-06 20:40:00,532981
S Kaplan_118677,S Kaplan,-3,0,14,33,-19,47,2021-10-06 20:45:00,532982
Valerii Melnyk_271374323,Valerii Melnyk,-2,0,35,45,-10,80,2021-10-06 20:45:00,532983
S Nikulin_118590,S Nikulin,2,1,39,31,8,70,2021-10-06 20:46:00,532984
Andrii Lukatskyi_156172,Andrii Lukatskyi,1,1,53,51,2,104,2021-10-06 20:50:00,532985
Oleksiy Molochko_942328362,Oleksiy Molochko,1,1,52,43,9,95,2021-10-06 20:50:00,532986
Valeriy Vlasenko_155777,Valeriy Vlasenko,1,1,45,51,-6,96,2021-10-06 20:50:00,532987
Iryna Aseieva_1488068240,Iryna Aseieva,2,1,43,29,14,72,2021-10-06 20:55:00,532988
Serhii Pitsyk_155765,Serhii Pitsyk,-3,0,19,34,-15,53,2021-10-06 20:55:00,532989
Serhii Berezynskyi_327183004,Serhii Berezynskyi,1,1,48,41,7,89,2021-10-06 21:00:00,532990
Jan Jr Krames_155834,Jan Jr Krames,-2,0,30,41,-11,71,2021-10-06 21:00:00,532991
Yuliia Ishchenko_155710,Yuliia Ishchenko,2,1,42,34,8,76,2021-10-06 21:00:00,532992
Volodymyr Kuzmych_156171,Volodymyr Kuzmych,2,1,45,39,6,84,2021-10-06 21:00:00,532993
S Kuzmin_118644,S Kuzmin,3,1,34,21,13,55,2021-10-06 21:01:00,532994
Yevhen Bielokon_155727,Yevhen Bielokon,-2,0,27,42,-15,69,2021-10-06 21:05:00,532995
Serhii Rutskyi_923876400,Serhii Rutskyi,1,1,52,42,10,94,2021-10-06 21:05:00,532996
O Kucirek_26515,O Kucirek,1,1,45,42,3,87,2021-10-06 21:06:00,532997
Roman Derypaska_235064502,Roman Derypaska,-1,0,48,53,-5,101,2021-10-06 21:10:00,532998
Iulii Khomutovskyi_155881,Iulii Khomutovskyi,2,1,44,33,11,77,2021-10-06 21:10:00,532999
Gennadii Zakladnyi_14448875,Gennadii Zakladnyi,-3,0,24,37,-13,61,2021-10-06 21:15:00,533000
D Merzlikin_118678,D Merzlikin,3,1,38,31,7,69,2021-10-06 21:16:00,533001
E Markelov_118591,E Markelov,-2,0,25,35,-10,60,2021-10-06 21:16:00,533002
Oleksandr Tuzhylin_59896223,Oleksandr Tuzhylin,1,1,50,37,13,87,2021-10-06 21:20:00,533003
Serhii Smyrnov_156173,Serhii Smyrnov,1,1,43,37,6,80,2021-10-06 21:20:00,533004
Yurii Kurishchenko_155778,Yurii Kurishchenko,-2,0,27,40,-13,67,2021-10-06 21:20:00,533005
Evgeniy Gudimenko_1512889066,Evgeniy Gudimenko,2,1,46,41,5,87,2021-10-06 21:25:00,533006
Serhii Khandetskyi_155766,Serhii Khandetskyi,2,1,37,29,8,66,2021-10-06 21:25:00,533007
Martin Stusek_155835,Martin Stusek,-1,0,43,50,-7,93,2021-10-06 21:30:00,533008
Svitlana Yureneva_155711,Svitlana Yureneva,-1,0,34,48,-14,82,2021-10-06 21:30:00,533009
Vikroriya Pryshchepa_989365603,Vikroriya Pryshchepa,-3,0,23,34,-11,57,2021-10-06 21:30:00,533010
G Bardyshev_118645,G Bardyshev,-2,0,35,42,-7,77,2021-10-06 21:32:00,533011
Yurii Reva_155728,Yurii Reva,-2,0,36,40,-4,76,2021-10-06 21:35:00,533012
Illia Semeniuk_459673185,Illia Semeniuk,-2,0,37,42,-5,79,2021-10-06 21:35:00,533013
V Pecka_26516,V Pecka,2,1,43,34,9,77,2021-10-06 21:36:00,533014
Vitalii Zharskiy_1796125157,Vitalii Zharskiy,2,1,45,41,4,86,2021-10-06 21:40:00,533015
Volodymyr Kononikhin_155882,Volodymyr Kononikhin,2,1,41,27,14,68,2021-10-06 21:40:00,533016
Yevhen Masko_1922043077,Yevhen Masko,1,1,50,46,4,96,2021-10-06 21:45:00,533017
S Nikulin_118592,S Nikulin,-2,0,30,43,-13,73,2021-10-06 21:48:00,533018
S Kaplan_118679,S Kaplan,3,1,34,24,10,58,2021-10-06 21:49:00,533019
Dmytro Gudimenko_155779,Dmytro Gudimenko,1,1,49,52,-3,101,2021-10-06 21:50:00,533020
Valerii Melnyk_1943642626,Valerii Melnyk,-3,0,11,33,-22,44,2021-10-06 21:50:00,533021
Gennadii Zakladnyi_140981177,Gennadii Zakladnyi,-1,0,48,47,1,95,2021-10-06 21:55:00,533022
Maksym Balakiriev_155767,Maksym Balakiriev,-2,0,25,42,-17,67,2021-10-06 21:55:00,533023
V Chernov_118646,V Chernov,1,1,51,44,7,95,2021-10-06 22:00:00,533024
Oleksiy Molochko_1743460996,Oleksiy Molochko,-2,0,35,39,-4,74,2021-10-06 22:00:00,533025
Yuliia Ishchenko_155712,Yuliia Ishchenko,-2,0,32,40,-8,72,2021-10-06 22:00:00,533026
Martin Stusek_155836,Martin Stusek,-2,0,33,44,-11,77,2021-10-06 22:00:00,533027
K Novak_26517,K Novak,3,1,33,24,9,57,2021-10-06 22:01:00,533028
Viktoria Kurtenko_1758642952,Viktoria Kurtenko,1,1,51,51,0,102,2021-10-06 22:05:00,533029
Yevhen Bielokon_155729,Yevhen Bielokon,-3,0,17,33,-16,50,2021-10-06 22:05:00,533030
Serhii Berezynskyi_1410782694,Serhii Berezynskyi,2,1,36,35,1,71,2021-10-06 22:10:00,533031
Iulii Khomutovskyi_155883,Iulii Khomutovskyi,-1,0,46,49,-3,95,2021-10-06 22:10:00,533032
Andrii Zeniuk_349108776,Andrii Zeniuk,3,1,33,18,15,51,2021-10-06 22:15:00,533033
D Petrochenko_118593,D Petrochenko,2,1,42,37,5,79,2021-10-06 22:16:00,533034
A Frolov_118680,A Frolov,2,1,44,33,11,77,2021-10-06 22:18:00,533035
Nikita Trofimov_1478764544,Nikita Trofimov,3,1,36,27,9,63,2021-10-06 22:20:00,533036
Dmytro Lazuryk_155780,Dmytro Lazuryk,-1,0,45,47,-2,92,2021-10-06 22:20:00,533037
Ihor Oranskyi_155768,Ihor Oranskyi,2,1,40,35,5,75,2021-10-06 22:25:00,533038
Vitalii Lievshin_191832959,Vitalii Lievshin,-2,0,35,45,-10,80,2021-10-06 22:25:00,533039
Alina Bohdanova_155713,Alina Bohdanova,-2,0,36,40,-4,76,2021-10-06 22:30:00,533040
Oleksandr Tuzhylin_553244175,Oleksandr Tuzhylin,2,1,47,45,2,92,2021-10-06 22:30:00,533041
Jan Jr Krames_155837,Jan Jr Krames,1,1,44,42,2,86,2021-10-06 22:30:00,533042
M Cmunt_26518,M Cmunt,-1,0,47,50,-3,97,2021-10-06 22:30:00,533043
V Chernov_118872,V Chernov,3,1,36,27,9,63,2021-10-06 22:34:00,533044
Dmitriy Pereyaslovskyi_155730,Dmitriy Pereyaslovskyi,2,1,40,29,11,69,2021-10-06 22:35:00,533045
Viktor Antonenko_155884,Viktor Antonenko,3,1,33,21,12,54,2021-10-06 22:40:00,533046
Roman Rybachuk_431776225,Roman Rybachuk,-3,0,27,36,-9,63,2021-10-06 22:45:00,533047
S Kaplan_118876,S Kaplan,1,1,42,37,5,79,2021-10-06 22:48:00,533048
B Grebenyuk_118874,B Grebenyuk,-3,0,17,33,-16,50,2021-10-06 22:49:00,533049
Valeriy Vlasenko_155781,Valeriy Vlasenko,-2,0,21,42,-21,63,2021-10-06 22:50:00,533050
Maksym Balakiriev_155769,Maksym Balakiriev,-2,0,35,44,-9,79,2021-10-06 22:55:00,533051
Petr Silhan_155838,Petr Silhan,3,1,33,17,16,50,2021-10-06 23:00:00,533052
G Bardyshev_118873,G Bardyshev,-2,0,26,42,-16,68,2021-10-06 23:00:00,533053
Valerii Melnyk_936917429,Valerii Melnyk,1,1,55,54,1,109,2021-10-06 23:00:00,533054
Andrii Sitak_1920892164,Andrii Sitak,-1,0,47,50,-3,97,2021-10-06 23:05:00,533055
K Novak_26519,K Novak,-1,0,45,53,-8,98,2021-10-06 23:11:00,533056
A Frolov_118877,A Frolov,2,1,40,40,0,80,2021-10-06 23:15:00,533057
D Petrochenko_118875,D Petrochenko,2,1,44,33,11,77,2021-10-06 23:16:00,533058
Dmytro Gudimenko_155782,Dmytro Gudimenko,3,1,33,18,15,51,2021-10-06 23:20:00,533059
Ruslan Onishchenko_155770,Ruslan Onishchenko,3,1,33,20,13,53,2021-10-06 23:25:00,533060
Jan Jr Krames_155839,Jan Jr Krames,-2,0,37,43,-6,80,2021-10-06 23:30:00,533061
R Pavlenko_118647,R Pavlenko,2,1,42,30,12,72,2021-10-06 23:31:00,533062
Sergey Filatov_1058976942,Sergey Filatov,-1,0,50,54,-4,104,2021-10-06 23:35:00,533063
Mykola Treshchetka_976428454,Mykola Treshchetka,1,1,55,53,2,108,2021-10-06 23:45:00,533064
V Pecka_26520,V Pecka,2,1,45,35,10,80,2021-10-06 23:46:00,533065
A Serebrennikov_118681,A Serebrennikov,-2,0,33,39,-6,72,2021-10-06 23:47:00,533066
E Ilyukhin_118594,E Ilyukhin,-2,0,39,37,2,76,2021-10-06 23:49:00,533067
Illia Valchuk_155783,Illia Valchuk,1,1,45,40,5,85,2021-10-06 23:50:00,533068
Jan Sr Krames_164681,Jan Sr Krames,-3,0,25,34,-9,59,2021-10-07 00:00:00,533069
D Petrochenko_122815,D Petrochenko,2,1,43,19,24,62,2021-10-07 00:00:00,533070
S Ogai_122626,S Ogai,1,1,55,52,3,107,2021-10-07 00:01:00,533071
Artem Lisechko_164295,Artem Lisechko,-2,0,30,44,-14,74,2021-10-07 00:05:00,533072
T Zahradnik_27489,T Zahradnik,1,1,49,33,16,82,2021-10-07 00:07:00,533073
Dmytro Yaremchuk_291435456,Dmytro Yaremchuk,-3,0,14,33,-19,47,2021-10-07 00:10:00,533074
Ivan Katkov_1086048882,Ivan Katkov,3,1,33,21,12,54,2021-10-07 00:15:00,533075
Oleksandr Mykhalus_270145916,Oleksandr Mykhalus,3,1,38,30,8,68,2021-10-07 00:15:00,533076
A Petrov_122663,A Petrov,-3,0,19,33,-14,52,2021-10-07 00:16:00,533077
I Soldatov_122817,I Soldatov,3,1,33,18,15,51,2021-10-07 00:18:00,533078
Valentyn Lutsenko_164293,Valentyn Lutsenko,-2,0,33,41,-8,74,2021-10-07 00:20:00,533079
Igor Trydukh_164310,Igor Trydukh,-3,0,24,33,-9,57,2021-10-07 00:25:00,533080
Dominik Pasek_164682,Dominik Pasek,2,1,44,34,10,78,2021-10-07 00:30:00,533081
R Rose_27490,R Rose,-3,0,22,34,-12,56,2021-10-07 00:31:00,533082
Dmitriy Pereyaslovskyi_164296,Dmitriy Pereyaslovskyi,-2,0,34,41,-7,75,2021-10-07 00:35:00,533083
I Novikov_122627,I Novikov,-3,0,25,35,-10,60,2021-10-07 00:42:00,533084
D Sayanov_122662,D Sayanov,-2,0,37,47,-10,84,2021-10-07 00:45:00,533085
Yurii Novokhatskyi_1203627722,Yurii Novokhatskyi,-2,0,34,35,-1,69,2021-10-07 00:45:00,533086
Vitalii Klimov_164294,Vitalii Klimov,1,1,50,44,6,94,2021-10-07 00:50:00,533087
Vitalii Kyilo_164311,Vitalii Kyilo,1,1,45,50,-5,95,2021-10-07 00:55:00,533088
Dmytro Yaremchuk_2070994268,Dmytro Yaremchuk,3,1,33,19,14,52,2021-10-07 01:00:00,533089
V Putilovsky_122628,V Putilovsky,-1,0,49,47,2,96,2021-10-07 01:00:00,533090
Ivan Mai_1354551559,Ivan Mai,-3,0,21,33,-12,54,2021-10-07 01:05:00,533091
Serhii Levin_164297,Serhii Levin,-1,0,46,41,5,87,2021-10-07 01:05:00,533092
I Soldatov_122664,I Soldatov,3,1,34,23,11,57,2021-10-07 01:15:00,533093
Maxim Naumchuk_1262575429,Maxim Naumchuk,3,1,33,17,16,50,2021-10-07 01:15:00,533094
Andriy Zaitsev_1865542981,Andriy Zaitsev,-1,0,48,48,0,96,2021-10-07 01:20:00,533095
Serhii Sokolov_164312,Serhii Sokolov,3,1,33,18,15,51,2021-10-07 01:25:00,533096
S Ogai_122629,S Ogai,-1,0,55,59,-4,114,2021-10-07 01:30:00,533097
Dmitriy Pereyaslovskyi_164298,Dmitriy Pereyaslovskyi,-2,0,32,42,-10,74,2021-10-07 01:35:00,533098
D Sayanov_122665,D Sayanov,-3,0,18,33,-15,51,2021-10-07 01:45:00,533099
Oleksandr Mykhalus_279991626,Oleksandr Mykhalus,-2,0,39,51,-12,90,2021-10-07 01:45:00,533100
Dmytro Baistriuchenko_528138672,Dmytro Baistriuchenko,2,1,42,35,7,77,2021-10-07 01:50:00,533101
Vitalii Kyilo_164313,Vitalii Kyilo,-3,0,19,33,-14,52,2021-10-07 01:55:00,533102
Artem Lisechko_164299,Artem Lisechko,-2,0,27,42,-15,69,2021-10-07 02:05:00,533103
V Putilovsky_122630,V Putilovsky,-2,0,43,42,1,85,2021-10-07 02:13:00,533104
Yurii Novokhatskyi_723577579,Yurii Novokhatskyi,-1,0,40,46,-6,86,2021-10-07 02:15:00,533105
I Soldatov_122666,I Soldatov,3,1,34,26,8,60,2021-10-07 02:15:00,533106
Andriy Zaitsev_1481085615,Andriy Zaitsev,-2,0,30,41,-11,71,2021-10-07 02:20:00,533107
Igor Trydukh_164314,Igor Trydukh,2,1,47,36,11,83,2021-10-07 02:25:00,533108
Viktor Vakhrushev_164300,Viktor Vakhrushev,2,1,38,35,3,73,2021-10-07 02:35:00,533109
N Sukharnikov_122631,N Sukharnikov,2,1,36,33,3,69,2021-10-07 02:39:00,533110
Maxim Naumchuk_1315238310,Maxim Naumchuk,2,1,45,40,5,85,2021-10-07 02:45:00,533111
A Girevenkov_122667,A Girevenkov,3,1,33,20,13,53,2021-10-07 02:45:00,533112
Vitalii Marushchak_1781118557,Vitalii Marushchak,-2,0,22,42,-20,64,2021-10-07 02:50:00,533113
Hryhorii Kulishov_164315,Hryhorii Kulishov,3,1,33,17,16,50,2021-10-07 02:55:00,533114
I Novikov_122632,I Novikov,1,1,45,44,1,89,2021-10-07 03:03:00,533115
Serhii Levin_164301,Serhii Levin,2,1,42,26,16,68,2021-10-07 03:05:00,533116
A Petrov_122668,A Petrov,-2,0,40,45,-5,85,2021-10-07 03:14:00,533117
Oleksandr Mykhalus_721816546,Oleksandr Mykhalus,2,1,42,29,13,71,2021-10-07 03:15:00,533118
Dmytro Baistriuchenko_1886416715,Dmytro Baistriuchenko,-3,0,18,33,-15,51,2021-10-07 03:20:00,533119
Serhii Sokolov_164316,Serhii Sokolov,-3,0,27,34,-7,61,2021-10-07 03:25:00,533120
Dmitriy Pereyaslovskyi_164302,Dmitriy Pereyaslovskyi,-3,0,31,38,-7,69,2021-10-07 03:35:00,533121
T Turabekov_122633,T Turabekov,-1,0,47,48,-1,95,2021-10-07 03:36:00,533122
Vadim Gerashenko_1336913550,Vadim Gerashenko,-3,0,26,33,-7,59,2021-10-07 03:45:00,533123
N Zhurba_122669,N Zhurba,-2,0,26,43,-17,69,2021-10-07 03:47:00,533124
Andriy Zaitsev_150752835,Andriy Zaitsev,1,1,47,37,10,84,2021-10-07 03:50:00,533125
Vitalii Kyilo_164317,Vitalii Kyilo,-2,0,40,44,-4,84,2021-10-07 03:55:00,533126
Artem Lisechko_164303,Artem Lisechko,-3,0,22,33,-11,55,2021-10-07 04:05:00,533127
N Sukharnikov_122634,N Sukharnikov,2,1,36,34,2,70,2021-10-07 04:06:00,533128
Yurii Novokhatskyi_1326401948,Yurii Novokhatskyi,-3,0,18,35,-17,53,2021-10-07 04:15:00,533129
A Girevenkov_122670,A Girevenkov,-3,0,30,36,-6,66,2021-10-07 04:15:00,533130
Vitalii Marushchak_1340946553,Vitalii Marushchak,-1,0,40,50,-10,90,2021-10-07 04:20:00,533131
Igor Trydukh_164318,Igor Trydukh,-2,0,31,43,-12,74,2021-10-07 04:25:00,533132
I Novikov_122818,I Novikov,-1,0,42,41,1,83,2021-10-07 04:34:00,533133
Viktor Vakhrushev_164304,Viktor Vakhrushev,1,1,51,42,9,93,2021-10-07 04:35:00,533134
Vadim Gerashenko_1801999383,Vadim Gerashenko,1,1,50,45,5,95,2021-10-07 04:45:00,533135
D Sayanov_122821,D Sayanov,2,1,45,38,7,83,2021-10-07 04:47:00,533136
Dmytro Baistriuchenko_1685821002,Dmytro Baistriuchenko,3,1,33,18,15,51,2021-10-07 04:50:00,533137
Hryhorii Kulishov_164319,Hryhorii Kulishov,3,1,33,21,12,54,2021-10-07 04:55:00,533138
N Sukharnikov_122819,N Sukharnikov,2,1,38,34,4,72,2021-10-07 05:03:00,533139
Serhii Levin_164305,Serhii Levin,2,1,43,31,12,74,2021-10-07 05:05:00,533140
Mykola Treshchetka_5754491,Mykola Treshchetka,2,1,42,31,11,73,2021-10-07 05:15:00,533141
A Petrov_122820,A Petrov,2,1,43,37,6,80,2021-10-07 05:15:00,533142
Ivan Kozyr_1760234303,Ivan Kozyr,-1,0,42,40,2,82,2021-10-07 05:20:00,533143
Serhii Sokolov_164320,Serhii Sokolov,-2,0,33,40,-7,73,2021-10-07 05:25:00,533144
Artem Lisechko_164306,Artem Lisechko,-3,0,25,35,-10,60,2021-10-07 05:35:00,533145
Andriy Zaitsev_1552356594,Andriy Zaitsev,3,1,33,19,14,52,2021-10-07 05:50:00,533146
Igor Trydukh_164321,Igor Trydukh,2,1,44,33,11,77,2021-10-07 05:55:00,533147
Mykola Polysynskyi_164307,Mykola Polysynskyi,-2,0,36,42,-6,78,2021-10-07 06:05:00,533148
Ivan Kozyr_1642966009,Ivan Kozyr,3,1,37,25,12,62,2021-10-07 06:20:00,533149
Borys Kostiuk_164322,Borys Kostiuk,-2,0,36,41,-5,77,2021-10-07 06:25:00,533150
Artem Lisechko_164308,Artem Lisechko,-2,0,29,38,-9,67,2021-10-07 06:35:00,533151
Andriy Zaitsev_1480949292,Andriy Zaitsev,-2,0,33,41,-8,74,2021-10-07 06:50:00,533152
Igor Trydukh_164323,Igor Trydukh,-3,0,27,37,-10,64,2021-10-07 06:55:00,533153
Dmitriy Pereyaslovskyi_164309,Dmitriy Pereyaslovskyi,-2,0,30,43,-13,73,2021-10-07 07:05:00,533154
Vitalii Kyilo_164324,Vitalii Kyilo,-1,0,37,47,-10,84,2021-10-07 07:25:00,533155
O Belugin_122731,O Belugin,-2,0,34,42,-8,76,2021-10-07 07:36:00,533156
D Kolesnikov_122767,D Kolesnikov,-2,0,34,45,-11,79,2021-10-07 07:46:00,533157
V Klimentev_122697,V Klimentev,2,1,42,37,5,79,2021-10-07 07:47:00,533158
Ivan Pytsko_164656,Ivan Pytsko,-2,0,27,41,-14,68,2021-10-07 07:50:00,533159
Lev Kats_1776370863,Lev Kats,1,1,48,44,4,92,2021-10-07 07:50:00,533160
Ihor Kuznetsov_1107580468,Ihor Kuznetsov,-3,0,19,33,-14,52,2021-10-07 07:55:00,533161
Roman Zholubak_164631,Roman Zholubak,-3,0,32,38,-6,70,2021-10-07 08:00:00,533162
A Kolmin_122732,A Kolmin,3,1,33,22,11,55,2021-10-07 08:00:00,533163
Vitalii Sydorenko_164388,Vitalii Sydorenko,-2,0,28,41,-13,69,2021-10-07 08:05:00,533164
Yuliia Khilinska_164428,Yuliia Khilinska,3,1,33,25,8,58,2021-10-07 08:10:00,533165
Vladyslav Mishchenko_164457,Vladyslav Mishchenko,-2,0,37,44,-7,81,2021-10-07 08:15:00,533166
S Muslikov_122698,S Muslikov,2,1,42,30,12,72,2021-10-07 08:16:00,533167
I Tolmachev_122768,I Tolmachev,3,1,33,15,18,48,2021-10-07 08:16:00,533168
Volodymyr Kuzmych_164657,Volodymyr Kuzmych,-2,0,33,41,-8,74,2021-10-07 08:20:00,533169
Roman Cherevko_713864466,Roman Cherevko,-1,0,43,44,-1,87,2021-10-07 08:25:00,533170
A Kononenko_122733,A Kononenko,-1,0,43,53,-10,96,2021-10-07 08:30:00,533171
Oleksii Degtiariov_164632,Oleksii Degtiariov,-1,0,48,47,1,95,2021-10-07 08:30:00,533172
Illia Yanishevskiy_1826650072,Illia Yanishevskiy,-1,0,49,52,-3,101,2021-10-07 08:30:00,533173
Roman Reznichenko_1660782786,Roman Reznichenko,3,1,35,27,8,62,2021-10-07 08:35:00,533174
Kostiantyn Kovalchuk_164389,Kostiantyn Kovalchuk,2,1,39,33,6,72,2021-10-07 08:35:00,533175
Lilia Melnikova_1741691051,Lilia Melnikova,2,1,41,40,1,81,2021-10-07 08:40:00,533176
Anastasia Holiak_164429,Anastasia Holiak,2,1,38,32,6,70,2021-10-07 08:40:00,533177
Oleksandr Kostiuk_1744910268,Oleksandr Kostiuk,-1,0,46,50,-4,96,2021-10-07 08:45:00,533178
Oleksandr Ivchuk_164458,Oleksandr Ivchuk,-2,0,35,41,-6,76,2021-10-07 08:45:00,533179
V Bazilevskiy_122769,V Bazilevskiy,1,1,43,38,5,81,2021-10-07 08:47:00,533180
R Agababyan_122699,R Agababyan,-2,0,36,44,-8,80,2021-10-07 08:48:00,533181
Volodymyr Plishylo_1030381425,Volodymyr Plishylo,-2,0,28,42,-14,70,2021-10-07 08:50:00,533182
Oleh Chulanov_164658,Oleh Chulanov,-1,0,45,55,-10,100,2021-10-07 08:50:00,533183
Suren Vlasian_164472,Suren Vlasian,3,1,36,25,11,61,2021-10-07 08:50:00,533184
Davyd Symonchuk_905186006,Davyd Symonchuk,-2,0,36,38,-2,74,2021-10-07 08:55:00,533185
Andrii Peretiatko_164403,Andrii Peretiatko,-2,0,26,41,-15,67,2021-10-07 08:55:00,533186
Vadym Grushko_479725835,Vadym Grushko,-2,0,30,44,-14,74,2021-10-07 08:55:00,533187
A Barton_27461,A Barton,1,1,48,49,-1,97,2021-10-07 09:00:00,533188
M Chernyavskiy_122734,M Chernyavskiy,-1,0,46,45,1,91,2021-10-07 09:00:00,533189
Jan Hrncir_164607,Jan Hrncir,-2,0,26,39,-13,65,2021-10-07 09:00:00,533190
Oleksandr Levadnyi_604755034,Oleksandr Levadnyi,-1,0,48,43,5,91,2021-10-07 09:00:00,533191
Roman Zholubak_164633,Roman Zholubak,3,1,33,23,10,56,2021-10-07 09:00:00,533192
Bohdan Zaika_2083769559,Bohdan Zaika,-2,0,31,43,-12,74,2021-10-07 09:05:00,533193
Hennadii Portnov_164390,Hennadii Portnov,-1,0,44,52,-8,96,2021-10-07 09:05:00,533194
Uryi Leymanovskyi_1403369790,Uryi Leymanovskyi,2,1,40,34,6,74,2021-10-07 09:10:00,533195
Yuliia Khilinska_164430,Yuliia Khilinska,-2,0,38,42,-4,80,2021-10-07 09:10:00,533196
Larisa Starikova_1192124469,Larisa Starikova,2,1,39,31,8,70,2021-10-07 09:15:00,533197
Oleksandr Borysiuk_164459,Oleksandr Borysiuk,2,1,43,29,14,72,2021-10-07 09:15:00,533198
V Pronin_122770,V Pronin,-1,0,44,49,-5,93,2021-10-07 09:15:00,533199
S Lanovenko_122700,S Lanovenko,1,1,48,49,-1,97,2021-10-07 09:19:00,533200
Roman Vashchuk_135243702,Roman Vashchuk,-3,0,22,34,-12,56,2021-10-07 09:20:00,533201
Volodymyr Kuzmych_164659,Volodymyr Kuzmych,1,1,51,46,5,97,2021-10-07 09:20:00,533202
Yurii Kolos_164473,Yurii Kolos,1,1,53,48,5,101,2021-10-07 09:20:00,533203
Ruslan Onishchenko_164404,Ruslan Onishchenko,3,1,33,20,13,53,2021-10-07 09:25:00,533204
Nazarii Danyliuk_271188455,Nazarii Danyliuk,2,1,38,32,6,70,2021-10-07 09:25:00,533205
Dmytro Dubrovin_2058786380,Dmytro Dubrovin,-3,0,22,33,-11,55,2021-10-07 09:30:00,533206
R Rose_27462,R Rose,-2,0,26,43,-17,69,2021-10-07 09:30:00,533207
Mykhailo Mosiuk_164634,Mykhailo Mosiuk,-3,0,18,33,-15,51,2021-10-07 09:30:00,533208
Eduard Rubtsov_1623839820,Eduard Rubtsov,3,1,33,17,16,50,2021-10-07 09:30:00,533209
Martin Sulc_164608,Martin Sulc,-3,0,18,33,-15,51,2021-10-07 09:30:00,533210
Kostiantyn Kovalchuk_164391,Kostiantyn Kovalchuk,1,1,49,46,3,95,2021-10-07 09:35:00,533211
Roman Cherevko_1448746968,Roman Cherevko,2,1,37,32,5,69,2021-10-07 09:35:00,533212
A Kononenko_122735,A Kononenko,-3,0,19,33,-14,52,2021-10-07 09:38:00,533213
Oksana Kregul_164431,Oksana Kregul,-2,0,31,44,-13,75,2021-10-07 09:40:00,533214
Illia Yanishevskiy_1935922696,Illia Yanishevskiy,-3,0,23,37,-14,60,2021-10-07 09:40:00,533215
V Bazilevskiy_122771,V Bazilevskiy,3,1,33,21,12,54,2021-10-07 09:45:00,533216
Oleksandr Ivchuk_164460,Oleksandr Ivchuk,1,1,62,54,8,116,2021-10-07 09:45:00,533217
Roman Reznichenko_1136459287,Roman Reznichenko,-2,0,30,39,-9,69,2021-10-07 09:45:00,533218
Ivan Pytsko_164660,Ivan Pytsko,3,1,33,14,19,47,2021-10-07 09:50:00,533219
Serhii Mishchenko_164474,Serhii Mishchenko,-2,0,34,41,-7,75,2021-10-07 09:50:00,533220
Lilia Melnikova_1495948626,Lilia Melnikova,-3,0,14,33,-19,47,2021-10-07 09:50:00,533221
Oleksandr Kostiuk_453322298,Oleksandr Kostiuk,-3,0,28,37,-9,65,2021-10-07 09:55:00,533222
Serhii Pitsyk_164405,Serhii Pitsyk,2,1,40,31,9,71,2021-10-07 09:55:00,533223
Martin Sulc_164609,Martin Sulc,-3,0,22,33,-11,55,2021-10-07 10:00:00,533224
Oleksii Degtiariov_164635,Oleksii Degtiariov,2,1,43,34,9,77,2021-10-07 10:00:00,533225
Ja Kanera_27463,Ja Kanera,3,1,33,19,14,52,2021-10-07 10:00:00,533226
Volodymyr Plishylo_640973791,Volodymyr Plishylo,-2,0,39,45,-6,84,2021-10-07 10:00:00,533227
A Kolmin_122736,A Kolmin,3,1,38,31,7,69,2021-10-07 10:01:00,533228
Vadym Grushko_525654634,Vadym Grushko,-1,0,45,57,-12,102,2021-10-07 10:05:00,533229
R Agababyan_122701,R Agababyan,-1,0,40,49,-9,89,2021-10-07 10:05:00,533230
Vitalii Sydorenko_164392,Vitalii Sydorenko,2,1,43,33,10,76,2021-10-07 10:05:00,533231
Oleksandr Zhukovskyi_2016460816,Oleksandr Zhukovskyi,1,1,49,36,13,85,2021-10-07 10:05:00,533232
Anastasia Holiak_164432,Anastasia Holiak,-3,0,18,33,-15,51,2021-10-07 10:10:00,533233
Lev Kats_500236174,Lev Kats,2,1,44,33,11,77,2021-10-07 10:10:00,533234
Vladyslav Mishchenko_164461,Vladyslav Mishchenko,-2,0,34,45,-11,79,2021-10-07 10:15:00,533235
Ihor Kuznetsov_2042332821,Ihor Kuznetsov,-2,0,35,36,-1,71,2021-10-07 10:15:00,533236
I Tolmachev_122772,I Tolmachev,2,1,40,38,2,78,2021-10-07 10:16:00,533237
Volodymyr Korobko_164661,Volodymyr Korobko,-3,0,14,33,-19,47,2021-10-07 10:20:00,533238
Illia Semeniuk_1823417864,Illia Semeniuk,-2,0,24,42,-18,66,2021-10-07 10:20:00,533239
Yurii Kolos_164475,Yurii Kolos,2,1,42,36,6,78,2021-10-07 10:20:00,533240
Ruslan Onishchenko_164406,Ruslan Onishchenko,1,1,38,41,-3,79,2021-10-07 10:25:00,533241
Tatiana Bairak_2087394586,Tatiana Bairak,3,1,33,24,9,57,2021-10-07 10:25:00,533242
Bogdan Stasiuk_49512040,Bogdan Stasiuk,2,1,38,37,1,75,2021-10-07 10:30:00,533243
P Bradac_27464,P Bradac,2,1,42,31,11,73,2021-10-07 10:30:00,533244
Roman Zholubak_164636,Roman Zholubak,-1,0,43,49,-6,92,2021-10-07 10:30:00,533245
A Kononenko_122824,A Kononenko,2,1,35,29,6,64,2021-10-07 10:30:00,533246
Jan Hrncir_164610,Jan Hrncir,-1,0,43,49,-6,92,2021-10-07 10:30:00,533247
S Muslikov_122702,S Muslikov,3,1,34,20,14,54,2021-10-07 10:32:00,533248
Oleksii Haponov_839582833,Oleksii Haponov,-2,0,32,44,-12,76,2021-10-07 10:35:00,533249
Volodymyr Vasiukov_164393,Volodymyr Vasiukov,1,1,60,54,6,114,2021-10-07 10:35:00,533250
Dmytro Dubrovin_1570438251,Dmytro Dubrovin,-2,0,24,41,-17,65,2021-10-07 10:40:00,533251
Yuliia Khilinska_164433,Yuliia Khilinska,3,1,35,20,15,55,2021-10-07 10:40:00,533252
Eduard Rubtsov_61883013,Eduard Rubtsov,-1,0,44,43,1,87,2021-10-07 10:40:00,533253
Oleksandr Kolbasenko_164462,Oleksandr Kolbasenko,2,1,37,29,8,66,2021-10-07 10:45:00,533254
Serhii Hohenko_1426084388,Serhii Hohenko,1,1,47,43,4,90,2021-10-07 10:45:00,533255
D Kolesnikov_122826,D Kolesnikov,-3,0,20,33,-13,53,2021-10-07 10:46:00,533256
Oleh Chulanov_164662,Oleh Chulanov,1,1,50,48,2,98,2021-10-07 10:50:00,533257
Serhii Kiilo_1352780394,Serhii Kiilo,3,1,36,30,6,66,2021-10-07 10:50:00,533258
Suren Vlasian_164476,Suren Vlasian,1,1,49,46,3,95,2021-10-07 10:50:00,533259
Andrii Peretiatko_164407,Andrii Peretiatko,2,1,40,23,17,63,2021-10-07 10:55:00,533260
Uryi Leymanovskyi_1756156306,Uryi Leymanovskyi,1,1,46,34,12,80,2021-10-07 10:55:00,533261
R Agababyan_122828,R Agababyan,2,1,39,32,7,71,2021-10-07 10:58:00,533262
M Chernyavskiy_122825,M Chernyavskiy,3,1,34,23,11,57,2021-10-07 11:00:00,533263
Milan Obertik_164611,Milan Obertik,-3,0,22,33,-11,55,2021-10-07 11:00:00,533264
Oleksii Degtiariov_164637,Oleksii Degtiariov,3,1,36,17,19,53,2021-10-07 11:00:00,533265
Larisa Starikova_640683178,Larisa Starikova,-3,0,22,34,-12,56,2021-10-07 11:00:00,533266
Ja Kanera_27465,Ja Kanera,2,1,42,27,15,69,2021-10-07 11:02:00,533267
Hennadii Portnov_164394,Hennadii Portnov,3,1,39,29,10,68,2021-10-07 11:05:00,533268
Roman Vashchuk_1721358329,Roman Vashchuk,-2,0,34,43,-9,77,2021-10-07 11:05:00,533269
Nazarii Danyliuk_1940119377,Nazarii Danyliuk,2,1,45,35,10,80,2021-10-07 11:10:00,533270
Anastasia Holiak_164434,Anastasia Holiak,-2,0,30,42,-12,72,2021-10-07 11:10:00,533271
Davyd Symonchuk_1650616702,Davyd Symonchuk,-2,0,34,37,-3,71,2021-10-07 11:15:00,533272
V Bazilevskiy_122827,V Bazilevskiy,-1,0,41,50,-9,91,2021-10-07 11:15:00,533273
Oleksandr Borysiuk_164463,Oleksandr Borysiuk,1,1,49,44,5,93,2021-10-07 11:15:00,533274
Vadym Grushko_800182682,Vadym Grushko,-3,0,20,33,-13,53,2021-10-07 11:15:00,533275
Oleh Volynets_164477,Oleh Volynets,-3,0,24,35,-11,59,2021-10-07 11:20:00,533276
Volodymyr Kuzmych_164663,Volodymyr Kuzmych,1,1,50,50,0,100,2021-10-07 11:20:00,533277
Oleksandr Levadnyi_1839256756,Oleksandr Levadnyi,-3,0,12,33,-21,45,2021-10-07 11:20:00,533278
S Lanovenko_122829,S Lanovenko,2,1,42,39,3,81,2021-10-07 11:23:00,533279
Ihor Oranskyi_164408,Ihor Oranskyi,-3,0,21,33,-12,54,2021-10-07 11:25:00,533280
Bohdan Zaika_2055806643,Bohdan Zaika,-2,0,35,39,-4,74,2021-10-07 11:25:00,533281
R Rose_27466,R Rose,3,1,33,24,9,57,2021-10-07 11:29:00,533282
Jan Hrncir_164612,Jan Hrncir,2,1,41,28,13,69,2021-10-07 11:30:00,533283
Mykhailo Mosiuk_164638,Mykhailo Mosiuk,3,1,33,20,13,53,2021-10-07 11:30:00,533284
Roman Reznichenko_312131805,Roman Reznichenko,2,1,43,36,7,79,2021-10-07 11:30:00,533285
M Marchenko_122737,M Marchenko,1,1,40,48,-8,88,2021-10-07 11:32:00,533286
Kostiantyn Kovalchuk_164395,Kostiantyn Kovalchuk,2,1,48,36,12,84,2021-10-07 11:35:00,533287
Lilia Melnikova_2076316664,Lilia Melnikova,-3,0,19,34,-15,53,2021-10-07 11:35:00,533288
Oksana Kregul_164435,Oksana Kregul,-3,0,24,34,-10,58,2021-10-07 11:40:00,533289
Oleksandr Kostiuk_338023588,Oleksandr Kostiuk,1,1,46,48,-2,94,2021-10-07 11:40:00,533290
Oleksandr Ivchuk_164464,Oleksandr Ivchuk,-1,0,41,52,-11,93,2021-10-07 11:45:00,533291
Volodymyr Plishylo_1184966984,Volodymyr Plishylo,2,1,41,32,9,73,2021-10-07 11:45:00,533292
A Innazarov_122773,A Innazarov,-1,0,51,47,4,98,2021-10-07 11:47:00,533293
Dmytro Alekseenko_1986509036,Dmytro Alekseenko,-2,0,36,38,-2,74,2021-10-07 11:50:00,533294
Ivan Pytsko_164664,Ivan Pytsko,-3,0,22,33,-11,55,2021-10-07 11:50:00,533295
Mykola Lytvynenko_1273446609,Mykola Lytvynenko,2,1,40,28,12,68,2021-10-07 11:50:00,533296
Serhii Mishchenko_164478,Serhii Mishchenko,2,1,40,31,9,71,2021-10-07 11:50:00,533297
Roman Cherevko_262954398,Roman Cherevko,-1,0,49,45,4,94,2021-10-07 11:55:00,533298
Serhii Pitsyk_164409,Serhii Pitsyk,-1,0,42,47,-5,89,2021-10-07 11:55:00,533299
E Masokin_122703,E Masokin,1,1,49,43,6,92,2021-10-07 11:58:00,533300
Roman Zholubak_164639,Roman Zholubak,-1,0,48,43,5,91,2021-10-07 12:00:00,533301
A Barton_27491,A Barton,1,1,41,35,6,76,2021-10-07 12:00:00,533302
Illia Yanishevskiy_1151567303,Illia Yanishevskiy,-3,0,25,34,-9,59,2021-10-07 12:00:00,533303
A Mohnachev_122738,A Mohnachev,-1,0,41,44,-3,85,2021-10-07 12:02:00,533304
Illia Semeniuk_771528386,Illia Semeniuk,1,1,48,47,1,95,2021-10-07 12:05:00,533305
Vitalii Sydorenko_164396,Vitalii Sydorenko,-2,0,32,39,-7,71,2021-10-07 12:05:00,533306
Tomas Cerveny_164902,Tomas Cerveny,3,1,33,22,11,55,2021-10-07 12:05:00,533307
Yuliia Khilinska_164436,Yuliia Khilinska,-2,0,32,43,-11,75,2021-10-07 12:10:00,533308
Tatiana Bairak_211071791,Tatiana Bairak,-2,0,39,45,-6,84,2021-10-07 12:10:00,533309
Vladyslav Mishchenko_164465,Vladyslav Mishchenko,-1,0,52,52,0,104,2021-10-07 12:15:00,533310
Bogdan Stasiuk_1414446059,Bogdan Stasiuk,-3,0,22,34,-12,56,2021-10-07 12:15:00,533311
Yurii Kolos_164479,Yurii Kolos,1,1,46,39,7,85,2021-10-07 12:20:00,533312
Volodymyr Korobko_164665,Volodymyr Korobko,2,1,41,28,13,69,2021-10-07 12:20:00,533313
Oleksii Haponov_1360326931,Oleksii Haponov,-3,0,20,33,-13,53,2021-10-07 12:20:00,533314
S Korolev_122774,S Korolev,2,1,40,32,8,72,2021-10-07 12:20:00,533315
Oleksandr Zhukovskyi_2069411791,Oleksandr Zhukovskyi,1,1,47,47,0,94,2021-10-07 12:25:00,533316
Vadym Grushko_607749877,Vadym Grushko,-3,0,22,34,-12,56,2021-10-07 12:25:00,533317
Ruslan Onishchenko_164410,Ruslan Onishchenko,-1,0,47,48,-1,95,2021-10-07 12:25:00,533318
M Ilichev_122704,M Ilichev,3,1,33,24,9,57,2021-10-07 12:26:00,533319
P Bradac_27492,P Bradac,1,1,45,44,1,89,2021-10-07 12:30:00,533320
Lev Kats_275654987,Lev Kats,1,1,50,41,9,91,2021-10-07 12:30:00,533321
Vladyslav Ratushniak_164640,Vladyslav Ratushniak,2,1,45,35,10,80,2021-10-07 12:30:00,533322
V Dakhin_122739,V Dakhin,2,1,40,36,4,76,2021-10-07 12:34:00,533323
Martin Sulc_164903,Martin Sulc,-1,0,43,52,-9,95,2021-10-07 12:35:00,533324
Volodymyr Vasiukov_164397,Volodymyr Vasiukov,1,1,47,46,1,93,2021-10-07 12:35:00,533325
Ihor Kuznetsov_745433732,Ihor Kuznetsov,1,1,45,46,-1,91,2021-10-07 12:35:00,533326
Uryi Leymanovskyi_1055757095,Uryi Leymanovskyi,3,1,38,25,13,63,2021-10-07 12:40:00,533327
Nataliia Konovalova_164437,Nataliia Konovalova,-2,0,22,38,-16,60,2021-10-07 12:40:00,533328
Oleksandr Kolbasenko_164466,Oleksandr Kolbasenko,1,1,49,42,7,91,2021-10-07 12:45:00,533329
Larisa Starikova_465464059,Larisa Starikova,-3,0,15,33,-18,48,2021-10-07 12:45:00,533330
E Glazun_122705,E Glazun,-3,0,17,33,-16,50,2021-10-07 12:49:00,533331
Suren Vlasian_164480,Suren Vlasian,-2,0,35,41,-6,76,2021-10-07 12:50:00,533332
Roman Vashchuk_1770570516,Roman Vashchuk,-3,0,22,34,-12,56,2021-10-07 12:50:00,533333
Oleh Chulanov_164666,Oleh Chulanov,-3,0,17,34,-17,51,2021-10-07 12:50:00,533334
Al Kuznetsov_122775,Al Kuznetsov,1,1,47,46,1,93,2021-10-07 12:50:00,533335
Nazarii Danyliuk_1810029247,Nazarii Danyliuk,-1,0,48,54,-6,102,2021-10-07 12:55:00,533336
Andrii Peretiatko_164411,Andrii Peretiatko,2,1,42,35,7,77,2021-10-07 12:55:00,533337
Filip Vesely_164613,Filip Vesely,-3,0,20,34,-14,54,2021-10-07 13:00:00,533338
Eduard Rubtsov_102070554,Eduard Rubtsov,-3,0,20,33,-13,53,2021-10-07 13:00:00,533339
Dmytro Dubrovin_770358913,Dmytro Dubrovin,2,1,41,32,9,73,2021-10-07 13:00:00,533340
K Brozik_27467,K Brozik,2,1,41,29,12,70,2021-10-07 13:01:00,533341
A Suslov_122740,A Suslov,-2,0,35,45,-10,80,2021-10-07 13:02:00,533342
Mykhailo Mosiuk_164904,Mykhailo Mosiuk,2,1,40,34,6,74,2021-10-07 13:05:00,533343
Hennadii Portnov_164398,Hennadii Portnov,2,1,44,27,17,71,2021-10-07 13:05:00,533344
Serhii Hohenko_2147483111,Serhii Hohenko,3,1,33,14,19,47,2021-10-07 13:05:00,533345
Nataliia Konovalova_164906,Nataliia Konovalova,1,1,53,49,4,102,2021-10-07 13:10:00,533346
Serhii Kiilo_508385547,Serhii Kiilo,-3,0,25,36,-11,61,2021-10-07 13:10:00,533347
Oleksandr Borysiuk_164467,Oleksandr Borysiuk,3,1,33,17,16,50,2021-10-07 13:15:00,533348
Vadym Shvydkyi_98205374,Vadym Shvydkyi,-2,0,38,38,0,76,2021-10-07 13:15:00,533349
E Shishko_122706,E Shishko,2,1,42,34,8,76,2021-10-07 13:16:00,533350
Olga Melnyk_1055119500,Olga Melnyk,2,1,42,30,12,72,2021-10-07 13:20:00,533351
Ivan Pytsko_164667,Ivan Pytsko,-2,0,29,40,-11,69,2021-10-07 13:20:00,533352
Oleh Volynets_164481,Oleh Volynets,-1,0,42,51,-9,93,2021-10-07 13:20:00,533353
V Petrov_122776,V Petrov,2,1,39,34,5,73,2021-10-07 13:23:00,533354
Ihor Oranskyi_164412,Ihor Oranskyi,-3,0,26,33,-7,59,2021-10-07 13:25:00,533355
Andrii Tsikhotskyi_1285723880,Andrii Tsikhotskyi,-1,0,46,51,-5,97,2021-10-07 13:25:00,533356
Dominik Horak_164614,Dominik Horak,-2,0,32,39,-7,71,2021-10-07 13:30:00,533357
Nazarii Kovalchuk_1621615426,Nazarii Kovalchuk,-2,0,35,38,-3,73,2021-10-07 13:30:00,533358
Ja Kanera_27468,Ja Kanera,2,1,42,30,12,72,2021-10-07 13:30:00,533359
V Dakhin_122741,V Dakhin,-1,0,39,47,-8,86,2021-10-07 13:33:00,533360
Vladyslav Ratushniak_164905,Vladyslav Ratushniak,-2,0,32,36,-4,68,2021-10-07 13:35:00,533361
Vadym Grushko_1353518390,Vadym Grushko,1,1,47,43,4,90,2021-10-07 13:35:00,533362
Vitalii Sydorenko_164399,Vitalii Sydorenko,-3,0,21,34,-13,55,2021-10-07 13:35:00,533363
Davyd Symonchuk_851471564,Davyd Symonchuk,2,1,51,47,4,98,2021-10-07 13:35:00,533364
Polina Nerush_164907,Polina Nerush,1,1,47,41,6,88,2021-10-07 13:40:00,533365
Oleksandr Levadnyi_1547249758,Oleksandr Levadnyi,-3,0,25,34,-9,59,2021-10-07 13:40:00,533366
Vladyslav Mishchenko_164468,Vladyslav Mishchenko,-1,0,44,51,-7,95,2021-10-07 13:45:00,533367
Bohdan Zaika_1240637647,Bohdan Zaika,1,1,50,42,8,92,2021-10-07 13:45:00,533368
E Glazun_122707,E Glazun,2,1,41,37,4,78,2021-10-07 13:47:00,533369
Al Kuznetsov_122777,Al Kuznetsov,1,1,47,46,1,93,2021-10-07 13:48:00,533370
Roman Reznichenko_1533036802,Roman Reznichenko,-2,0,35,43,-8,78,2021-10-07 13:50:00,533371
Valerii Tatarynov_164668,Valerii Tatarynov,3,1,33,9,24,42,2021-10-07 13:50:00,533372
Serhii Mishchenko_164482,Serhii Mishchenko,-2,0,37,44,-7,81,2021-10-07 13:50:00,533373
Lilia Melnikova_1674966677,Lilia Melnikova,2,1,41,36,5,77,2021-10-07 13:55:00,533374
Serhii Pitsyk_164413,Serhii Pitsyk,-2,0,37,44,-7,81,2021-10-07 13:55:00,533375
M Huk_27469,M Huk,1,1,51,47,4,98,2021-10-07 14:00:00,533376
Dominik Horak_164615,Dominik Horak,-2,0,35,43,-8,78,2021-10-07 14:00:00,533377
Oleksandr Kostiuk_1940313629,Oleksandr Kostiuk,1,1,49,36,13,85,2021-10-07 14:00:00,533378
A Mohnachev_122742,A Mohnachev,3,1,35,27,8,62,2021-10-07 14:04:00,533379
Serhii Chuliukov_164400,Serhii Chuliukov,3,1,33,23,10,56,2021-10-07 14:05:00,533380
Volodymyr Plishylo_1773760793,Volodymyr Plishylo,2,1,44,32,12,76,2021-10-07 14:05:00,533381
Mykola Lytvynenko_202085820,Mykola Lytvynenko,2,1,43,35,8,78,2021-10-07 14:10:00,533382
Eduard Rubtsov_61744644,Eduard Rubtsov,-1,0,41,39,2,80,2021-10-07 14:10:00,533383
Vadym Ishchuk_164469,Vadym Ishchuk,1,1,43,42,1,85,2021-10-07 14:15:00,533384
Lev Kats_388919078,Lev Kats,-1,0,36,46,-10,82,2021-10-07 14:15:00,533385
M Ilichev_122708,M Ilichev,1,1,55,51,4,106,2021-10-07 14:16:00,533386
Ihor Kuznetsov_99267900,Ihor Kuznetsov,3,1,33,21,12,54,2021-10-07 14:20:00,533387
Ivan Pytsko_164669,Ivan Pytsko,-3,0,25,34,-9,59,2021-10-07 14:20:00,533388
Suren Vlasian_164483,Suren Vlasian,-2,0,27,40,-13,67,2021-10-07 14:20:00,533389
S Korolev_122778,S Korolev,2,1,45,37,8,82,2021-10-07 14:22:00,533390
Andrii Peretiatko_164414,Andrii Peretiatko,-1,0,45,51,-6,96,2021-10-07 14:25:00,533391
Vadym Shvydkyi_1560014128,Vadym Shvydkyi,-2,0,34,41,-7,75,2021-10-07 14:25:00,533392
Filip Vesely_164616,Filip Vesely,-1,0,54,57,-3,111,2021-10-07 14:30:00,533393
Olga Melnyk_1903870793,Olga Melnyk,3,1,33,18,15,51,2021-10-07 14:30:00,533394
jr. Havlik_27470,jr. Havlik,-3,0,21,33,-12,54,2021-10-07 14:30:00,533395
M Marchenko_122830,M Marchenko,-1,0,43,50,-7,93,2021-10-07 14:31:00,533396
Vitalii Sydorenko_164401,Vitalii Sydorenko,1,1,49,37,12,86,2021-10-07 14:35:00,533397
Andrii Tsikhotskyi_2147329550,Andrii Tsikhotskyi,2,1,41,36,5,77,2021-10-07 14:35:00,533398
Nazarii Danyliuk_1501539260,Nazarii Danyliuk,1,1,41,45,-4,86,2021-10-07 14:40:00,533399
Vadym Grushko_563202822,Vadym Grushko,-2,0,28,40,-12,68,2021-10-07 14:45:00,533400
Vladyslav Mishchenko_164470,Vladyslav Mishchenko,2,1,41,28,13,69,2021-10-07 14:45:00,533401
Oleksandr Zhukovskyi_958719891,Oleksandr Zhukovskyi,1,1,50,47,3,97,2021-10-07 14:45:00,533402
Volodymyr Kuzmych_164670,Volodymyr Kuzmych,-3,0,19,33,-14,52,2021-10-07 14:50:00,533403
Vitalii Klimov_164484,Vitalii Klimov,-3,0,25,33,-8,58,2021-10-07 14:50:00,533404
Oleksii Krutko_1750911993,Oleksii Krutko,-3,0,32,38,-6,70,2021-10-07 14:50:00,533405
A Innazarov_122890,A Innazarov,2,1,39,33,6,72,2021-10-07 14:53:00,533406
Maksym Marchuk_164415,Maksym Marchuk,-3,0,18,33,-15,51,2021-10-07 14:55:00,533407
Stanislav Harenko_2088242156,Stanislav Harenko,-2,0,32,44,-12,76,2021-10-07 14:55:00,533408
E Glazun_122902,E Glazun,3,1,34,22,12,56,2021-10-07 14:58:00,533409
Adam Sochor_164617,Adam Sochor,-1,0,44,46,-2,90,2021-10-07 15:00:00,533410
Andrii Shcherinskyi_1091691255,Andrii Shcherinskyi,-2,0,26,43,-17,69,2021-10-07 15:00:00,533411
M Huk_27471,M Huk,3,1,34,26,8,60,2021-10-07 15:00:00,533412
V Dakhin_122831,V Dakhin,-3,0,19,33,-14,52,2021-10-07 15:04:00,533413
Kostiantyn Kovalchuk_164402,Kostiantyn Kovalchuk,2,1,49,41,8,90,2021-10-07 15:05:00,533414
Tatiana Bairak_528344926,Tatiana Bairak,-3,0,17,33,-16,50,2021-10-07 15:05:00,533415
Bogdan Stasiuk_339874461,Bogdan Stasiuk,-1,0,51,52,-1,103,2021-10-07 15:10:00,533416
Oleksandr Ivchuk_164471,Oleksandr Ivchuk,-3,0,16,33,-17,49,2021-10-07 15:15:00,533417
Nazarii Kovalchuk_522340897,Nazarii Kovalchuk,1,1,51,46,5,97,2021-10-07 15:15:00,533418
M Ilichev_122903,M Ilichev,3,1,34,25,9,59,2021-10-07 15:17:00,533419
S Korolev_122891,S Korolev,3,1,33,25,8,58,2021-10-07 15:18:00,533420
Mykola Belia_164487,Mykola Belia,2,1,37,38,-1,75,2021-10-07 15:20:00,533421
Dmytro Alekseenko_1986649451,Dmytro Alekseenko,3,1,33,18,15,51,2021-10-07 15:20:00,533422
Davyd Symonchuk_845528761,Davyd Symonchuk,-2,0,24,42,-18,66,2021-10-07 15:20:00,533423
Suren Vlasian_164485,Suren Vlasian,-3,0,24,36,-12,60,2021-10-07 15:20:00,533424
Lev Kats_234860705,Lev Kats,2,1,41,27,14,68,2021-10-07 15:25:00,533425
Andrii Peretiatko_164416,Andrii Peretiatko,-1,0,41,51,-10,92,2021-10-07 15:25:00,533426
I Pandur_122743,I Pandur,-3,0,27,35,-8,62,2021-10-07 15:29:00,533427
Dmytro Kunchurov_164502,Dmytro Kunchurov,3,1,33,13,20,46,2021-10-07 15:30:00,533428
Ja Kanera_27472,Ja Kanera,3,1,34,25,9,59,2021-10-07 15:30:00,533429
Filip Vesely_164618,Filip Vesely,-1,0,45,53,-8,98,2021-10-07 15:30:00,533430
Ihor Kuznetsov_1857675405,Ihor Kuznetsov,-3,0,24,33,-9,57,2021-10-07 15:30:00,533431
Valentyn Korovychenko_1832985332,Valentyn Korovychenko,1,1,47,42,5,89,2021-10-07 15:35:00,533432
Viacheslav Isakov_164517,Viacheslav Isakov,2,1,37,30,7,67,2021-10-07 15:35:00,533433
Ilya Parnyvoda_164527,Ilya Parnyvoda,1,1,47,41,6,88,2021-10-07 15:40:00,533434
Andrii Troyan_1747461539,Andrii Troyan,-3,0,15,33,-18,48,2021-10-07 15:40:00,533435
Alisa Dubrova_164537,Alisa Dubrova,3,1,33,15,18,48,2021-10-07 15:45:00,533436
I Poletaev_122787,I Poletaev,2,1,40,35,5,75,2021-10-07 15:46:00,533437
P Medvedev_122709,P Medvedev,-2,0,35,44,-9,79,2021-10-07 15:46:00,533438
Oleksandr Hainovskyi_1574770411,Oleksandr Hainovskyi,3,1,34,25,9,59,2021-10-07 15:50:00,533439
Yurii Kolos_164486,Yurii Kolos,-3,0,15,33,-18,48,2021-10-07 15:50:00,533440
Ihor Kvak_164488,Ihor Kvak,2,1,39,26,13,65,2021-10-07 15:50:00,533441
Mykhailo Presniakov_267632518,Mykhailo Presniakov,2,1,44,28,16,72,2021-10-07 15:55:00,533442
Ruslan Onishchenko_164417,Ruslan Onishchenko,1,1,49,45,4,94,2021-10-07 15:55:00,533443
Sergey Filatov_1062811445,Sergey Filatov,3,1,33,20,13,53,2021-10-07 15:55:00,533444
jr. Havlik_27517,jr. Havlik,-1,0,54,55,-1,109,2021-10-07 16:00:00,533445
Roman Cherevko_176775729,Roman Cherevko,1,1,50,42,8,92,2021-10-07 16:00:00,533446
Serhii Bidnyk_164503,Serhii Bidnyk,-2,0,39,41,-2,80,2021-10-07 16:00:00,533447
E Anisimov_122744,E Anisimov,1,1,52,48,4,100,2021-10-07 16:02:00,533448
Illia Yanishevskiy_715649218,Illia Yanishevskiy,2,1,40,26,14,66,2021-10-07 16:05:00,533449
Igor Shyndel_164518,Igor Shyndel,1,1,50,45,5,95,2021-10-07 16:05:00,533450
Egor Kovpak_164528,Egor Kovpak,1,1,49,43,6,92,2021-10-07 16:10:00,533451
Denys Shcherbak_1996462259,Denys Shcherbak,-2,0,26,40,-14,66,2021-10-07 16:10:00,533452
Andrii Isaiev_389611149,Andrii Isaiev,-2,0,33,42,-9,75,2021-10-07 16:15:00,533453
Liliya Andrieieva_164538,Liliya Andrieieva,-1,0,45,48,-3,93,2021-10-07 16:15:00,533454
G Evglevskiy_122788,G Evglevskiy,3,1,33,20,13,53,2021-10-07 16:16:00,533455
R Pavlenko_122710,R Pavlenko,2,1,35,28,7,63,2021-10-07 16:16:00,533456
Roman Mazur_164489,Roman Mazur,2,1,39,28,11,67,2021-10-07 16:20:00,533457
Dmytro Lohosha_1804853433,Dmytro Lohosha,2,1,41,35,6,76,2021-10-07 16:20:00,533458
Filip Marat_164908,Filip Marat,-3,0,23,33,-10,56,2021-10-07 16:25:00,533459
Oleksii Romaniv_2119446687,Oleksii Romaniv,-1,0,41,46,-5,87,2021-10-07 16:25:00,533460
Artem Lisechko_164547,Artem Lisechko,-2,0,31,44,-13,75,2021-10-07 16:25:00,533461
M Huk_27518,M Huk,-1,0,36,46,-10,82,2021-10-07 16:29:00,533462
Davyd Symonchuk_1566996993,Davyd Symonchuk,2,1,39,38,1,77,2021-10-07 16:30:00,533463
Vitaliy Khamurda_689242548,Vitaliy Khamurda,1,1,50,45,5,95,2021-10-07 16:30:00,533464
Valerii Davydov_164504,Valerii Davydov,-3,0,25,36,-11,61,2021-10-07 16:30:00,533465
Oleksandr Levadnyi_603652313,Oleksandr Levadnyi,-1,0,47,41,6,88,2021-10-07 16:35:00,533466
Viacheslav Isakov_164519,Viacheslav Isakov,-2,0,33,43,-10,76,2021-10-07 16:35:00,533467
Ilya Parnyvoda_164529,Ilya Parnyvoda,3,1,35,23,12,58,2021-10-07 16:40:00,533468
Illia Yanishevskiy_1918785356,Illia Yanishevskiy,2,1,40,29,11,69,2021-10-07 16:40:00,533469
Ir Kim_122745,Ir Kim,3,1,33,17,16,50,2021-10-07 16:43:00,533470
Alisa Dubrova_164539,Alisa Dubrova,2,1,41,32,9,73,2021-10-07 16:45:00,533471
Valentyn Korovychenko_339004609,Valentyn Korovychenko,-1,0,42,51,-9,93,2021-10-07 16:45:00,533472
I Nirkov_122789,I Nirkov,-3,0,23,34,-11,57,2021-10-07 16:45:00,533473
V Kalachev_122711,V Kalachev,3,1,33,17,16,50,2021-10-07 16:45:00,533474
Andrii Troyan_1682057840,Andrii Troyan,1,1,47,49,-2,96,2021-10-07 16:50:00,533475
Ihor Kvak_164490,Ihor Kvak,-1,0,43,46,-3,89,2021-10-07 16:50:00,533476
Serhiy Tkachuk_225589022,Serhiy Tkachuk,3,1,33,12,21,45,2021-10-07 16:55:00,533477
Viktor Vakhrushev_164548,Viktor Vakhrushev,1,1,48,50,-2,98,2021-10-07 16:55:00,533478
Dominik Horak_164909,Dominik Horak,-1,0,40,47,-7,87,2021-10-07 16:55:00,533479
Oleksandr Hainovskyi_1192974939,Oleksandr Hainovskyi,-2,0,31,42,-11,73,2021-10-07 17:00:00,533480
Marek Kulisek_164619,Marek Kulisek,-3,0,15,33,-18,48,2021-10-07 17:00:00,533481
Serhii Bidnyk_164505,Serhii Bidnyk,-1,0,48,47,1,95,2021-10-07 17:00:00,533482
Ja Zajicek_27473,Ja Zajicek,-2,0,31,47,-16,78,2021-10-07 17:01:00,533483
M Sverdlov_122746,M Sverdlov,3,1,33,24,9,57,2021-10-07 17:02:00,533484
Dmytro Dubrovin_1415249477,Dmytro Dubrovin,-2,0,32,45,-13,77,2021-10-07 17:05:00,533485
Mykhailo Presniakov_1570317036,Mykhailo Presniakov,-3,0,16,33,-17,49,2021-10-07 17:05:00,533486
Maksym Tytskyi_164520,Maksym Tytskyi,1,1,49,48,1,97,2021-10-07 17:05:00,533487
Sviatoslav Sachuk_164530,Sviatoslav Sachuk,-1,0,50,48,2,98,2021-10-07 17:10:00,533488
Anton Molochko_1285795570,Anton Molochko,2,1,42,32,10,74,2021-10-07 17:10:00,533489
A Lobanov_122712,A Lobanov,0,1,30,27,3,57,2021-10-07 17:15:00,533490
Ihor Kuznetsov_2042157296,Ihor Kuznetsov,1,1,51,48,3,99,2021-10-07 17:15:00,533491
Olha Kurpa_164540,Olha Kurpa,-3,0,25,35,-10,60,2021-10-07 17:15:00,533492
A Vaschenko_122790,A Vaschenko,0,1,29,30,-1,59,2021-10-07 17:17:00,533493
Mykola Belia_164491,Mykola Belia,-1,0,49,53,-4,102,2021-10-07 17:20:00,533494
Uryi Schepanskyi_1124661485,Uryi Schepanskyi,2,1,43,35,8,78,2021-10-07 17:20:00,533495
Serhii Levin_164549,Serhii Levin,3,1,33,25,8,58,2021-10-07 17:25:00,533496
Dmitriy Zaporozhets_2017479730,Dmitriy Zaporozhets,2,1,41,31,10,72,2021-10-07 17:25:00,533497
Dmytro Kunchurov_164506,Dmytro Kunchurov,3,1,34,24,10,58,2021-10-07 17:30:00,533498
Dmytro Lohosha_751305097,Dmytro Lohosha,-1,0,37,48,-11,85,2021-10-07 17:30:00,533499
Martin Sulc_164620,Martin Sulc,3,1,35,27,8,62,2021-10-07 17:30:00,533500
Ir Kim_122747,Ir Kim,0,1,0,0,0,0,2021-10-07 17:30:00,533501
Z Bilek_27474,Z Bilek,-2,0,25,40,-15,65,2021-10-07 17:33:00,533502
Oleksandr Staryi_1319522675,Oleksandr Staryi,-2,0,38,44,-6,82,2021-10-07 17:35:00,533503
Igor Shyndel_164521,Igor Shyndel,-1,0,51,51,0,102,2021-10-07 17:35:00,533504
Vitaliy Khamurda_2145942982,Vitaliy Khamurda,2,1,39,34,5,73,2021-10-07 17:40:00,533505
Egor Kovpak_164531,Egor Kovpak,2,1,45,40,5,85,2021-10-07 17:40:00,533506
Andrii Baklykov_1146790164,Andrii Baklykov,2,1,46,36,10,82,2021-10-07 17:40:00,533507
Serhii Hohenko_1111278365,Serhii Hohenko,-2,0,37,40,-3,77,2021-10-07 17:45:00,533508
Liliya Andrieieva_164541,Liliya Andrieieva,-3,0,21,33,-12,54,2021-10-07 17:45:00,533509
I Nirkov_122791,I Nirkov,0,1,0,0,0,0,2021-10-07 17:45:00,533510
V Kalachev_122713,V Kalachev,0,1,0,0,0,0,2021-10-07 17:45:00,533511
Ihor Vasylyshyn_164562,Ihor Vasylyshyn,1,1,54,45,9,99,2021-10-07 17:50:00,533512
Serhii Hot_164492,Serhii Hot,2,1,39,30,9,69,2021-10-07 17:50:00,533513
Serhii Kiilo_508246155,Serhii Kiilo,1,1,52,42,10,94,2021-10-07 17:50:00,533514
Viktor Vakhrushev_164550,Viktor Vakhrushev,-2,0,34,37,-3,71,2021-10-07 17:55:00,533515
Denys Shcherbak_2117643610,Denys Shcherbak,-3,0,24,33,-9,57,2021-10-07 17:55:00,533516
Maksym Kozhevnikov_164507,Maksym Kozhevnikov,2,1,43,34,9,77,2021-10-07 18:00:00,533517
Andrii Isaiev_1832532408,Andrii Isaiev,3,1,33,23,10,56,2021-10-07 18:00:00,533518
E Anisimov_122748,E Anisimov,0,1,0,0,0,0,2021-10-07 18:00:00,533519
Jo Medek_27475,Jo Medek,1,1,50,44,6,94,2021-10-07 18:00:00,533520
Martin Sulc_164621,Martin Sulc,2,1,43,34,9,77,2021-10-07 18:00:00,533521
Andrii Khvysiuk_2057320272,Andrii Khvysiuk,-1,0,43,53,-10,96,2021-10-07 18:05:00,533522
Viacheslav Isakov_164522,Viacheslav Isakov,1,1,51,41,10,92,2021-10-07 18:05:00,533523
Ilya Parnyvoda_164532,Ilya Parnyvoda,1,1,55,43,12,98,2021-10-07 18:10:00,533524
Oleksii Romaniv_2028574886,Oleksii Romaniv,-1,0,46,50,-4,96,2021-10-07 18:10:00,533525
Davyd Symonchuk_1750530582,Davyd Symonchuk,1,1,49,45,4,94,2021-10-07 18:15:00,533526
Alisa Dubrova_164542,Alisa Dubrova,3,1,33,16,17,49,2021-10-07 18:15:00,533527
R Pavlenko_122714,R Pavlenko,0,1,0,0,0,0,2021-10-07 18:15:00,533528
G Evglevskiy_122792,G Evglevskiy,0,1,0,0,0,0,2021-10-07 18:15:00,533529
Mykhailo Presniakov_1017043030,Mykhailo Presniakov,2,1,43,32,11,75,2021-10-07 18:15:00,533530
Kostiantyn Klymenko_164563,Kostiantyn Klymenko,-1,0,51,48,3,99,2021-10-07 18:20:00,533531
Roman Mazur_164493,Roman Mazur,-3,0,19,33,-14,52,2021-10-07 18:20:00,533532
Vadym Komar_1061308497,Vadym Komar,1,1,43,40,3,83,2021-10-07 18:20:00,533533
Dmytro Derevinskyi_1457428562,Dmytro Derevinskyi,-2,0,34,42,-8,76,2021-10-07 18:25:00,533534
Artem Lisechko_164551,Artem Lisechko,-2,0,33,47,-14,80,2021-10-07 18:25:00,533535
Marek Kulisek_164622,Marek Kulisek,-2,0,27,43,-16,70,2021-10-07 18:30:00,533536
Valentyn Korovychenko_1025746832,Valentyn Korovychenko,-2,0,35,41,-6,76,2021-10-07 18:30:00,533537
Valerii Davydov_164508,Valerii Davydov,-3,0,23,33,-10,56,2021-10-07 18:30:00,533538
L Boruvka_27476,L Boruvka,3,1,35,25,10,60,2021-10-07 18:35:00,533539
Andrii Troyan_1325887196,Andrii Troyan,-1,0,37,43,-6,80,2021-10-07 18:35:00,533540
Igor Shyndel_164523,Igor Shyndel,2,1,47,38,9,85,2021-10-07 18:35:00,533541
Egor Kovpak_164533,Egor Kovpak,2,1,43,31,12,74,2021-10-07 18:40:00,533542
Serhiy Tkachuk_1429929087,Serhiy Tkachuk,2,1,42,32,10,74,2021-10-07 18:40:00,533543
Oleksandr Hainovskyi_487521830,Oleksandr Hainovskyi,-1,0,46,48,-2,94,2021-10-07 18:45:00,533544
Liliya Andrieieva_164543,Liliya Andrieieva,-3,0,18,33,-15,51,2021-10-07 18:45:00,533545
Spartak Abalmaz_454281419,Spartak Abalmaz,-2,0,26,41,-15,67,2021-10-07 18:50:00,533546
Sergey Filatov_812603793,Sergey Filatov,-2,0,37,41,-4,78,2021-10-07 18:50:00,533547
Ihor Kvak_164494,Ihor Kvak,3,1,36,28,8,64,2021-10-07 18:50:00,533548
Yevhen Churpita_164564,Yevhen Churpita,1,1,49,50,-1,99,2021-10-07 18:50:00,533549
Maksym Balakiriev_164552,Maksym Balakiriev,3,1,33,15,18,48,2021-10-07 18:55:00,533550
Dmytro Mischenko_1022115896,Dmytro Mischenko,-1,0,45,50,-5,95,2021-10-07 18:55:00,533551
Dominik Pasek_164623,Dominik Pasek,-3,0,22,33,-11,55,2021-10-07 19:00:00,533552
Serhii Bidnyk_164509,Serhii Bidnyk,-2,0,32,36,-4,68,2021-10-07 19:00:00,533553
Dmytro Derevinskyi_943117647,Dmytro Derevinskyi,-2,0,39,45,-6,84,2021-10-07 19:00:00,533554
Jo Medek_27477,Jo Medek,-2,0,40,49,-9,89,2021-10-07 19:04:00,533555
Uryi Schepanskyi_1788723395,Uryi Schepanskyi,-3,0,19,33,-14,52,2021-10-07 19:05:00,533556
Maksym Tytskyi_164524,Maksym Tytskyi,2,1,39,31,8,70,2021-10-07 19:05:00,533557
Dmitriy Zaporozhets_616441991,Dmitriy Zaporozhets,3,1,36,30,6,66,2021-10-07 19:10:00,533558
Sviatoslav Sachuk_164534,Sviatoslav Sachuk,1,1,41,38,3,79,2021-10-07 19:10:00,533559
Olha Kurpa_164544,Olha Kurpa,-3,0,19,33,-14,52,2021-10-07 19:15:00,533560
Dmytro Lohosha_637281067,Dmytro Lohosha,1,1,47,36,11,83,2021-10-07 19:15:00,533561
Kostiantyn Klymenko_164565,Kostiantyn Klymenko,2,1,36,28,8,64,2021-10-07 19:20:00,533562
Mykola Belia_164495,Mykola Belia,-3,0,23,36,-13,59,2021-10-07 19:20:00,533563
Oleksandr Staryi_321009246,Oleksandr Staryi,-3,0,20,33,-13,53,2021-10-07 19:20:00,533564
Serhii Levin_164553,Serhii Levin,1,1,44,43,1,87,2021-10-07 19:25:00,533565
Mykhailo Presniakov_268057723,Mykhailo Presniakov,3,1,33,13,20,46,2021-10-07 19:25:00,533566
Vadym Komar_1379739064,Vadym Komar,3,1,33,23,10,56,2021-10-07 19:30:00,533567
Marek Kulisek_164624,Marek Kulisek,-2,0,30,40,-10,70,2021-10-07 19:30:00,533568
Dmytro Kunchurov_164510,Dmytro Kunchurov,-1,0,46,49,-3,95,2021-10-07 19:30:00,533569
Z Bilek_27478,Z Bilek,2,1,42,35,7,77,2021-10-07 19:34:00,533570
Viacheslav Isakov_164525,Viacheslav Isakov,-2,0,32,36,-4,68,2021-10-07 19:35:00,533571
Oleksandr Semenets_565713513,Oleksandr Semenets,-3,0,21,34,-13,55,2021-10-07 19:35:00,533572
Ilya Parnyvoda_164535,Ilya Parnyvoda,1,1,46,40,6,86,2021-10-07 19:40:00,533573
Denys Shcherbak_1355433353,Denys Shcherbak,3,1,35,24,11,59,2021-10-07 19:40:00,533574
Alisa Dubrova_164545,Alisa Dubrova,3,1,33,11,22,44,2021-10-07 19:45:00,533575
Andrii Isaiev_170040595,Andrii Isaiev,3,1,37,30,7,67,2021-10-07 19:45:00,533576
Serhii Hot_164496,Serhii Hot,1,1,48,49,-1,97,2021-10-07 19:50:00,533577
Andrii Khvysiuk_767363131,Andrii Khvysiuk,-3,0,21,35,-14,56,2021-10-07 19:50:00,533578
Ihor Vasylyshyn_164566,Ihor Vasylyshyn,-3,0,32,38,-6,70,2021-10-07 19:50:00,533579
Viktor Vakhrushev_164554,Viktor Vakhrushev,-2,0,25,41,-16,66,2021-10-07 19:55:00,533580
Oleksii Romaniv_218136955,Oleksii Romaniv,-2,0,42,48,-6,90,2021-10-07 19:55:00,533581
Vitaliy Khamurda_940275804,Vitaliy Khamurda,-2,0,28,41,-13,69,2021-10-07 20:00:00,533582
Maksym Kozhevnikov_164511,Maksym Kozhevnikov,-3,0,26,35,-9,61,2021-10-07 20:00:00,533583
Roman Hnoievoi_164526,Roman Hnoievoi,3,1,34,28,6,62,2021-10-07 20:05:00,533584
Dmytro Mischenko_1137426103,Dmytro Mischenko,3,1,33,20,13,53,2021-10-07 20:05:00,533585
Ja Zajicek_27519,Ja Zajicek,1,1,51,44,7,95,2021-10-07 20:08:00,533586
Oleksandr Budnikov_164536,Oleksandr Budnikov,2,1,38,25,13,63,2021-10-07 20:10:00,533587
Dmytro Derevinskyi_83829309,Dmytro Derevinskyi,2,1,36,35,1,71,2021-10-07 20:10:00,533588
Dominik Pasek_165049,Dominik Pasek,2,1,49,40,9,89,2021-10-07 20:10:00,533589
Kateryna Somova_164546,Kateryna Somova,1,1,46,50,-4,96,2021-10-07 20:15:00,533590
Anatolii Lievshin_1100318826,Anatolii Lievshin,3,1,34,25,9,59,2021-10-07 20:15:00,533591
Roman Mazur_164497,Roman Mazur,-3,0,25,35,-10,60,2021-10-07 20:20:00,533592
Kostiantyn Seliuk_164567,Kostiantyn Seliuk,3,1,33,18,15,51,2021-10-07 20:20:00,533593
Dmytro Belanchyk_118123068,Dmytro Belanchyk,-2,0,35,42,-7,77,2021-10-07 20:20:00,533594
Artem Lisechko_164555,Artem Lisechko,-2,0,34,44,-10,78,2021-10-07 20:25:00,533595
Serhiy Tkachuk_564000419,Serhiy Tkachuk,-2,0,34,42,-8,76,2021-10-07 20:25:00,533596
Dmytro Kalyniuk_1861901665,Dmytro Kalyniuk,-3,0,13,33,-20,46,2021-10-07 20:30:00,533597
Valerii Davydov_164512,Valerii Davydov,-2,0,40,46,-6,86,2021-10-07 20:30:00,533598
Mykhailo Presniakov_750037915,Mykhailo Presniakov,-2,0,37,38,-1,75,2021-10-07 20:35:00,533599
Maksym Tytskyi_165053,Maksym Tytskyi,-3,0,28,35,-7,63,2021-10-07 20:40:00,533600
Martin Kocvara_165050,Martin Kocvara,-2,0,33,40,-7,73,2021-10-07 20:40:00,533601
Oleksandr Budnikov_165051,Oleksandr Budnikov,2,1,40,27,13,67,2021-10-07 20:40:00,533602
Vadym Komar_1571239513,Vadym Komar,-3,0,23,33,-10,56,2021-10-07 20:40:00,533603
Oleksandr Semenets_129880305,Oleksandr Semenets,1,1,55,45,10,100,2021-10-07 20:45:00,533604
Jo Medek_27520,Jo Medek,-3,0,29,38,-9,67,2021-10-07 20:46:00,533605
Valentyn Korovychenko_828496811,Valentyn Korovychenko,2,1,40,32,8,72,2021-10-07 20:50:00,533606
Yevhen Churpita_164568,Yevhen Churpita,2,1,38,33,5,71,2021-10-07 20:50:00,533607
Mykola Belia_164498,Mykola Belia,1,1,56,54,2,110,2021-10-07 20:50:00,533608
Maksym Balakiriev_164556,Maksym Balakiriev,2,1,40,23,17,63,2021-10-07 20:55:00,533609
Andrii Troyan_518655192,Andrii Troyan,-3,0,24,33,-9,57,2021-10-07 20:55:00,533610
Frantisek Korenek_164625,Frantisek Korenek,-2,0,30,40,-10,70,2021-10-07 21:00:00,533611
Dmytro Kunchurov_164513,Dmytro Kunchurov,1,1,50,46,4,96,2021-10-07 21:00:00,533612
Maksym Skhabovskyi_1099803400,Maksym Skhabovskyi,-2,0,30,41,-11,71,2021-10-07 21:00:00,533613
Marharyta Saltanovska_165055,Marharyta Saltanovska,3,1,33,19,14,52,2021-10-07 21:00:00,533614
Oleksandr Hainovskyi_1862214594,Oleksandr Hainovskyi,2,1,42,34,8,76,2021-10-07 21:05:00,533615
Roman Makarenko_165054,Roman Makarenko,2,1,48,35,13,83,2021-10-07 21:10:00,533616
Vitaliy Khamurda_447809076,Vitaliy Khamurda,2,1,47,38,9,85,2021-10-07 21:10:00,533617
Egor Kovpak_165052,Egor Kovpak,1,1,50,35,15,85,2021-10-07 21:10:00,533618
Dmytro Mischenko_1547917376,Dmytro Mischenko,-3,0,24,33,-9,57,2021-10-07 21:15:00,533619
M-n Regner_27479,M-n Regner,-1,0,46,53,-7,99,2021-10-07 21:17:00,533620
Kostiantyn Klymenko_164569,Kostiantyn Klymenko,-3,0,22,34,-12,56,2021-10-07 21:20:00,533621
Vadym Komar_752349923,Vadym Komar,2,1,44,35,9,79,2021-10-07 21:20:00,533622
Oleh Hudyma_164499,Oleh Hudyma,3,1,33,13,20,46,2021-10-07 21:20:00,533623
Serhii Levin_164557,Serhii Levin,3,1,33,14,19,47,2021-10-07 21:25:00,533624
Denys Shcherbak_276245260,Denys Shcherbak,2,1,42,31,11,73,2021-10-07 21:25:00,533625
Kateryna Somova_165056,Kateryna Somova,-3,0,30,37,-7,67,2021-10-07 21:30:00,533626
Vladyslav Pavliuk_164514,Vladyslav Pavliuk,3,1,36,28,8,64,2021-10-07 21:30:00,533627
Alexander Leonenko_742192772,Alexander Leonenko,3,1,33,21,12,54,2021-10-07 21:30:00,533628
Petr Kubat_164626,Petr Kubat,-3,0,20,33,-13,53,2021-10-07 21:30:00,533629
Dmytro Lohosha_777459138,Dmytro Lohosha,-3,0,25,36,-11,61,2021-10-07 21:35:00,533630
Dmytro Kalyniuk_2043628976,Dmytro Kalyniuk,1,1,57,47,10,104,2021-10-07 21:40:00,533631
Mykhailo Presniakov_1519994333,Mykhailo Presniakov,-2,0,27,42,-15,69,2021-10-07 21:45:00,533632
M Kolar_27480,M Kolar,-2,0,38,41,-3,79,2021-10-07 21:47:00,533633
Mykola Belia_164500,Mykola Belia,-2,0,35,43,-8,78,2021-10-07 21:50:00,533634
Ihor Vasylyshyn_164570,Ihor Vasylyshyn,-2,0,35,43,-8,78,2021-10-07 21:50:00,533635
Andrii Selin_1855901746,Andrii Selin,2,1,39,34,5,73,2021-10-07 21:50:00,533636
Artem Lisechko_164558,Artem Lisechko,2,1,44,39,5,83,2021-10-07 21:55:00,533637
Vadym Komar_1643053202,Vadym Komar,2,1,39,37,2,76,2021-10-07 21:55:00,533638
Uryi Schepanskyi_1710312092,Uryi Schepanskyi,3,1,33,18,15,51,2021-10-07 22:00:00,533639
Dmytro Kunchurov_164515,Dmytro Kunchurov,-3,0,26,33,-7,59,2021-10-07 22:00:00,533640
Petr Kubat_164627,Petr Kubat,-2,0,32,43,-11,75,2021-10-07 22:00:00,533641
Andrii Isaiev_1194313691,Andrii Isaiev,-2,0,30,42,-12,72,2021-10-07 22:05:00,533642
Maksym Skhabovskyi_1030352133,Maksym Skhabovskyi,-3,0,21,33,-12,54,2021-10-07 22:10:00,533643
Oleksandr Hainovskyi_1946177111,Oleksandr Hainovskyi,1,1,44,45,-1,89,2021-10-07 22:15:00,533644
O Kucirek_27481,O Kucirek,-3,0,27,35,-8,62,2021-10-07 22:18:00,533645
Kostiantyn Seliuk_164571,Kostiantyn Seliuk,2,1,39,30,9,69,2021-10-07 22:20:00,533646
Ihor Kvak_164501,Ihor Kvak,3,1,33,19,14,52,2021-10-07 22:20:00,533647
Spartak Abalmaz_1733551181,Spartak Abalmaz,3,1,33,18,15,51,2021-10-07 22:20:00,533648
Dmytro Derevinskyi_1578692659,Dmytro Derevinskyi,2,1,41,29,12,70,2021-10-07 22:25:00,533649
Dmitriy Pereyaslovskyi_164559,Dmitriy Pereyaslovskyi,-2,0,30,42,-12,72,2021-10-07 22:25:00,533650
Frantisek Korenek_164628,Frantisek Korenek,1,1,50,47,3,97,2021-10-07 22:30:00,533651
Serhii Bidnyk_164516,Serhii Bidnyk,3,1,33,17,16,50,2021-10-07 22:30:00,533652
T Varnuska_27482,T Varnuska,3,1,33,20,13,53,2021-10-07 22:40:00,533653
Oleg Gavryluk_1169760635,Oleg Gavryluk,-1,0,44,47,-3,91,2021-10-07 22:45:00,533654
Yevhen Churpita_164572,Yevhen Churpita,2,1,37,36,1,73,2021-10-07 22:50:00,533655
Artem Lisechko_164560,Artem Lisechko,-2,0,35,42,-7,77,2021-10-07 22:55:00,533656
Jonas Kulveit_164629,Jonas Kulveit,3,1,37,29,8,66,2021-10-07 23:00:00,533657
Dmytro Baistriuchenko_630992092,Dmytro Baistriuchenko,3,1,36,17,19,53,2021-10-07 23:00:00,533658
O Kucirek_27483,O Kucirek,-3,0,17,33,-16,50,2021-10-07 23:00:00,533659
Ihor Vasylyshyn_164573,Ihor Vasylyshyn,2,1,40,32,8,72,2021-10-07 23:20:00,533660
Viktor Vakhrushev_164561,Viktor Vakhrushev,-1,0,47,54,-7,101,2021-10-07 23:25:00,533661
Vitalii Marushchak_840012141,Vitalii Marushchak,-2,0,29,41,-12,70,2021-10-07 23:30:00,533662
M Kolar_27484,M Kolar,-2,0,30,41,-11,71,2021-10-07 23:30:00,533663
Frantisek Korenek_164630,Frantisek Korenek,3,1,33,8,25,41,2021-10-07 23:30:00,533664
Volodymyr Tuchkevych_238878400,Volodymyr Tuchkevych,1,1,44,46,-2,90,2021-10-07 23:45:00,533665
Serhii Dovzhenko_164574,Serhii Dovzhenko,2,1,42,26,16,68,2021-10-07 23:50:00,533666
P Semeshin_122793,P Semeshin,3,1,38,32,6,70,2021-10-07 23:57:00,533667
Jakub Figel_173581,Jakub Figel,3,1,33,15,18,48,2021-10-08 00:00:00,533668
R Rose_28497,R Rose,-2,0,27,42,-15,69,2021-10-08 00:00:00,533669
Samvel Melkumian_750155187,Samvel Melkumian,-3,0,24,33,-9,57,2021-10-08 00:05:00,533670
S Ogai_126790,S Ogai,-3,0,21,33,-12,54,2021-10-08 00:14:00,533671
Sergii Lugovskyi_2078615029,Sergii Lugovskyi,-1,0,43,49,-6,92,2021-10-08 00:15:00,533672
S Myagkov_126756,S Myagkov,-1,0,46,51,-5,97,2021-10-08 00:16:00,533673
A Serebrennikov_126824,A Serebrennikov,2,1,39,34,5,73,2021-10-08 00:16:00,533674
Dmytro Gudimenko_173583,Dmytro Gudimenko,2,1,42,30,12,72,2021-10-08 00:20:00,533675
Oleksandr Dukhovenko_173261,Oleksandr Dukhovenko,1,1,49,37,12,86,2021-10-08 00:25:00,533676
P Gireth_28498,P Gireth,-2,0,34,46,-12,80,2021-10-08 00:30:00,533677
Jan Holan_173582,Jan Holan,2,1,44,42,2,86,2021-10-08 00:30:00,533678
Oleksandr Yarovoi_1276328557,Oleksandr Yarovoi,2,1,40,35,5,75,2021-10-08 00:35:00,533679
Va Ivanov_126791,Va Ivanov,-2,0,43,43,0,86,2021-10-08 00:40:00,533680
Roman Rybachuk_1306058241,Roman Rybachuk,3,1,33,22,11,55,2021-10-08 00:45:00,533681
A Volkov_126825,A Volkov,1,1,49,43,6,92,2021-10-08 00:45:00,533682
A Ilin_126757,A Ilin,3,1,36,24,12,60,2021-10-08 00:49:00,533683
Andrii Dombrovskyi_173584,Andrii Dombrovskyi,1,1,49,42,7,91,2021-10-08 00:50:00,533684
Oleksandr Kovalchuk_173262,Oleksandr Kovalchuk,-1,0,50,55,-5,105,2021-10-08 00:55:00,533685
Oleg Kuravsky_540894937,Oleg Kuravsky,2,1,43,37,6,80,2021-10-08 01:00:00,533686
Vitalii Solovei_1174499112,Vitalii Solovei,3,1,34,24,10,58,2021-10-08 01:05:00,533687
D Evlahin_126792,D Evlahin,1,1,55,43,12,98,2021-10-08 01:09:00,533688
Yu Merkushin_126826,Yu Merkushin,-3,0,19,33,-14,52,2021-10-08 01:15:00,533689
Sergii Lugovskyi_124732766,Sergii Lugovskyi,3,1,33,19,14,52,2021-10-08 01:15:00,533690
Yu Lbov_126758,Yu Lbov,-2,0,38,43,-5,81,2021-10-08 01:17:00,533691
Artem Chepurnyi_173263,Artem Chepurnyi,3,1,34,19,15,53,2021-10-08 01:25:00,533692
Mykhailo Vivatenko_1004359292,Mykhailo Vivatenko,-1,0,39,46,-7,85,2021-10-08 01:30:00,533693
Samvel Melkumian_2124056874,Samvel Melkumian,-1,0,45,45,0,90,2021-10-08 01:35:00,533694
S Ogai_126793,S Ogai,-3,0,18,33,-15,51,2021-10-08 01:41:00,533695
Roman Rybachuk_425985282,Roman Rybachuk,-3,0,24,35,-11,59,2021-10-08 01:45:00,533696
S Myagkov_126759,S Myagkov,-2,0,29,37,-8,66,2021-10-08 01:46:00,533697
A Serebrennikov_126827,A Serebrennikov,-3,0,28,35,-7,63,2021-10-08 01:47:00,533698
Oleksandr Kovalchuk_173264,Oleksandr Kovalchuk,-3,0,25,34,-9,59,2021-10-08 01:55:00,533699
Oleg Kuravsky_1983465351,Oleg Kuravsky,3,1,33,24,9,57,2021-10-08 02:00:00,533700
D Evlahin_126794,D Evlahin,-1,0,36,51,-15,87,2021-10-08 02:04:00,533701
Oleksandr Yarovoi_1899125413,Oleksandr Yarovoi,-2,0,33,44,-11,77,2021-10-08 02:05:00,533702
Yu Merkushin_126828,Yu Merkushin,-2,0,39,43,-4,82,2021-10-08 02:15:00,533703
Mykola Tovkach_1917882130,Mykola Tovkach,3,1,33,21,12,54,2021-10-08 02:15:00,533704
Yu Lbov_126760,Yu Lbov,3,1,37,30,7,67,2021-10-08 02:17:00,533705
Oleksandr Dukhovenko_173265,Oleksandr Dukhovenko,-3,0,20,33,-13,53,2021-10-08 02:25:00,533706
Mykhailo Vivatenko_241039948,Mykhailo Vivatenko,1,1,47,37,10,84,2021-10-08 02:30:00,533707
E Ilyukhin_126795,E Ilyukhin,-3,0,22,34,-12,56,2021-10-08 02:30:00,533708
Vitalii Solovei_1937217055,Vitalii Solovei,-1,0,39,51,-12,90,2021-10-08 02:35:00,533709
V Shirshov_126761,V Shirshov,-1,0,50,44,6,94,2021-10-08 02:45:00,533710
Sergii Lugovskyi_43741174,Sergii Lugovskyi,-1,0,45,48,-3,93,2021-10-08 02:45:00,533711
E Kalashnikov_126829,E Kalashnikov,2,1,38,31,7,69,2021-10-08 02:45:00,533712
Andrii Kovrikov_173266,Andrii Kovrikov,3,1,33,18,15,51,2021-10-08 02:55:00,533713
Oleg Kuravsky_2009552659,Oleg Kuravsky,-2,0,29,39,-10,68,2021-10-08 03:00:00,533714
Va Ivanov_126796,Va Ivanov,2,1,42,29,13,71,2021-10-08 03:01:00,533715
Samvel Melkumian_1053474708,Samvel Melkumian,-2,0,37,44,-7,81,2021-10-08 03:05:00,533716
Roman Rybachuk_1306014943,Roman Rybachuk,3,1,33,19,14,52,2021-10-08 03:15:00,533717
A Volkov_126830,A Volkov,-1,0,47,54,-7,101,2021-10-08 03:16:00,533718
A Ilin_126762,A Ilin,-2,0,31,42,-11,73,2021-10-08 03:20:00,533719
Artem Chepurnyi_173267,Artem Chepurnyi,1,1,53,46,7,99,2021-10-08 03:25:00,533720
Ihor Syniavskyi_1022836187,Ihor Syniavskyi,3,1,35,25,10,60,2021-10-08 03:30:00,533721
V Safonov_126797,V Safonov,2,1,41,25,16,66,2021-10-08 03:33:00,533722
Serhii Matviienko_1039067716,Serhii Matviienko,1,1,52,42,10,94,2021-10-08 03:35:00,533723
D Sayanov_126831,D Sayanov,3,1,33,25,8,58,2021-10-08 03:45:00,533724
Sergii Lugovskyi_198470729,Sergii Lugovskyi,-3,0,28,36,-8,64,2021-10-08 03:45:00,533725
O Kutuzov_126763,O Kutuzov,2,1,43,37,6,80,2021-10-08 03:49:00,533726
Oleksandr Kovalchuk_173268,Oleksandr Kovalchuk,-2,0,37,41,-4,78,2021-10-08 03:55:00,533727
Artur Moriak_950587611,Artur Moriak,1,1,44,40,4,84,2021-10-08 04:00:00,533728
E Ilyukhin_126798,E Ilyukhin,-3,0,16,33,-17,49,2021-10-08 04:04:00,533729
Oleksandr Yarovoi_278360825,Oleksandr Yarovoi,3,1,33,14,19,47,2021-10-08 04:05:00,533730
E Kalashnikov_126832,E Kalashnikov,-2,0,27,41,-14,68,2021-10-08 04:15:00,533731
Roman Rybachuk_425878690,Roman Rybachuk,-2,0,34,37,-3,71,2021-10-08 04:15:00,533732
V Shirshov_126764,V Shirshov,-2,0,30,42,-12,72,2021-10-08 04:18:00,533733
Oleksandr Dukhovenko_173269,Oleksandr Dukhovenko,-1,0,34,49,-15,83,2021-10-08 04:25:00,533734
Oleg Kuravsky_541069439,Oleg Kuravsky,-3,0,18,33,-15,51,2021-10-08 04:30:00,533735
E Ilyukhin_126977,E Ilyukhin,-1,0,47,47,0,94,2021-10-08 04:32:00,533736
Ivan Fashchevskyi_1298115087,Ivan Fashchevskyi,-2,0,33,42,-9,75,2021-10-08 04:35:00,533737
Sergii Lugovskyi_860912514,Sergii Lugovskyi,-1,0,47,49,-2,96,2021-10-08 04:45:00,533738
Yu Merkushin_126979,Yu Merkushin,2,1,44,37,7,81,2021-10-08 04:46:00,533739
S Myagkov_126981,S Myagkov,2,1,41,38,3,79,2021-10-08 04:50:00,533740
Andrii Kovrikov_173270,Andrii Kovrikov,-3,0,21,33,-12,54,2021-10-08 04:55:00,533741
Artur Moriak_1606326260,Artur Moriak,1,1,49,41,8,90,2021-10-08 05:00:00,533742
Serhii Matviienko_1718448476,Serhii Matviienko,-3,0,23,34,-11,57,2021-10-08 05:05:00,533743
Va Ivanov_126978,Va Ivanov,-1,0,46,48,-2,94,2021-10-08 05:06:00,533744
Illia Semeniuk_1211861771,Illia Semeniuk,1,1,60,56,4,116,2021-10-08 05:15:00,533745
A Volkov_126980,A Volkov,2,1,45,33,12,78,2021-10-08 05:16:00,533746
Yu Lbov_126982,Yu Lbov,-3,0,14,33,-19,47,2021-10-08 05:18:00,533747
Artem Chepurnyi_173271,Artem Chepurnyi,-3,0,22,33,-11,55,2021-10-08 05:25:00,533748
Oleg Kuravsky_2009477584,Oleg Kuravsky,-1,0,51,48,3,99,2021-10-08 05:30:00,533749
Oleksandr Dukhovenko_173272,Oleksandr Dukhovenko,-2,0,31,46,-15,77,2021-10-08 05:55:00,533750
Artur Moriak_125461667,Artur Moriak,1,1,52,45,7,97,2021-10-08 06:00:00,533751
Volodymyr Chornobab_173273,Volodymyr Chornobab,-1,0,43,46,-3,89,2021-10-08 06:25:00,533752
Mykhailo Vivatenko_444693247,Mykhailo Vivatenko,-2,0,35,42,-7,77,2021-10-08 06:30:00,533753
Oleksandr Dukhovenko_173274,Oleksandr Dukhovenko,-1,0,43,47,-4,90,2021-10-08 06:55:00,533754
Oleksandr Kovalchuk_173275,Oleksandr Kovalchuk,-3,0,28,34,-6,62,2021-10-08 07:25:00,533755
I Sergeevich_126931,I Sergeevich,-1,0,41,43,-2,84,2021-10-08 07:30:00,533756
A Lobanov_126895,A Lobanov,2,1,39,31,8,70,2021-10-08 07:49:00,533757
Andriy Chermenskyi_54271937,Andriy Chermenskyi,-3,0,22,33,-11,55,2021-10-08 07:50:00,533758
V Rudenko_126855,V Rudenko,2,1,41,35,6,76,2021-10-08 07:52:00,533759
Anton Maslov_1224035608,Anton Maslov,1,1,45,46,-1,91,2021-10-08 07:55:00,533760
A Kolmin_126932,A Kolmin,-1,0,46,47,-1,93,2021-10-08 08:05:00,533761
I Minchenkov_126896,I Minchenkov,-1,0,46,52,-6,98,2021-10-08 08:17:00,533762
E Tsvetkov_126856,E Tsvetkov,1,1,60,51,9,111,2021-10-08 08:19:00,533763
Serhii Skachenko_163319605,Serhii Skachenko,-1,0,49,52,-3,101,2021-10-08 08:25:00,533764
Viacheslav Yarovoi_1625163789,Viacheslav Yarovoi,2,1,42,30,12,72,2021-10-08 08:30:00,533765
Anton Myrza_452671346,Anton Myrza,2,1,44,27,17,71,2021-10-08 08:35:00,533766
Dmytro Belanchyk_1504358335,Dmytro Belanchyk,1,1,41,47,-6,88,2021-10-08 08:40:00,533767
Volodymyr Tuchkevych_1753412987,Volodymyr Tuchkevych,1,1,46,42,4,88,2021-10-08 08:45:00,533768
Grigoriy Oliynik_783492177,Grigoriy Oliynik,-3,0,22,33,-11,55,2021-10-08 08:50:00,533769
A Zabrodin_126933,A Zabrodin,-3,0,25,36,-11,61,2021-10-08 08:53:00,533770
V Putilovsky_126897,V Putilovsky,1,1,49,45,4,94,2021-10-08 08:54:00,533771
Yevhen Masko_1133041481,Yevhen Masko,-2,0,31,40,-9,71,2021-10-08 08:55:00,533772
Oleksandr Semenets_1518086541,Oleksandr Semenets,2,1,40,37,3,77,2021-10-08 08:55:00,533773
D Bogdanov_126857,D Bogdanov,-1,0,36,46,-10,82,2021-10-08 09:00:00,533774
T Postelt_28469,T Postelt,-2,0,27,42,-15,69,2021-10-08 09:00:00,533775
Andriy Chermenskyi_940514814,Andriy Chermenskyi,1,1,49,42,7,91,2021-10-08 09:00:00,533776
Oleksandr Lysak_1798245609,Oleksandr Lysak,-3,0,22,34,-12,56,2021-10-08 09:05:00,533777
Anatolii Zapletniuk_1556266998,Anatolii Zapletniuk,2,1,47,38,9,85,2021-10-08 09:10:00,533778
M Chernyavskiy_126934,M Chernyavskiy,3,1,33,22,11,55,2021-10-08 09:15:00,533779
Artem Nesterenko_1536399891,Artem Nesterenko,-1,0,42,52,-10,94,2021-10-08 09:15:00,533780
Oleksandr Kostiuk_1285006808,Oleksandr Kostiuk,-1,0,49,46,3,95,2021-10-08 09:20:00,533781
Vasyl Ludchak_2028893878,Vasyl Ludchak,-2,0,37,44,-7,81,2021-10-08 09:25:00,533782
I Novikov_126898,I Novikov,-2,0,31,41,-10,72,2021-10-08 09:29:00,533783
P Macela_28470,P Macela,-1,0,42,40,2,82,2021-10-08 09:30:00,533784
Roman Derypaska_1632205464,Roman Derypaska,3,1,33,23,10,56,2021-10-08 09:30:00,533785
Pavlo Zaderei_1701407043,Pavlo Zaderei,2,1,43,25,18,68,2021-10-08 09:30:00,533786
I Meteleshko_126858,I Meteleshko,-2,0,37,40,-3,77,2021-10-08 09:33:00,533787
Igor Sukovatyi_1005731927,Igor Sukovatyi,-2,0,40,44,-4,84,2021-10-08 09:35:00,533788
A Zabrodin_126935,A Zabrodin,-1,0,49,55,-6,104,2021-10-08 09:36:00,533789
Viacheslav Yarovoi_159786518,Viacheslav Yarovoi,-1,0,46,45,1,91,2021-10-08 09:40:00,533790
Anton Myrza_759538014,Anton Myrza,-3,0,29,35,-6,64,2021-10-08 09:45:00,533791
Dmytro Belanchyk_1205292418,Dmytro Belanchyk,3,1,33,20,13,53,2021-10-08 09:50:00,533792
V Putilovsky_126899,V Putilovsky,-2,0,37,40,-3,77,2021-10-08 09:52:00,533793
Volodymyr Tuchkevych_1728094956,Volodymyr Tuchkevych,-1,0,48,53,-5,101,2021-10-08 09:55:00,533794
D Bogdanov_126859,D Bogdanov,2,1,41,34,7,75,2021-10-08 09:59:00,533795
Grigoriy Oliynik_2142176220,Grigoriy Oliynik,3,1,33,16,17,49,2021-10-08 10:00:00,533796
Jo Medek_28471,Jo Medek,3,1,33,24,9,57,2021-10-08 10:01:00,533797
Yevhen Masko_1564597323,Yevhen Masko,-1,0,43,52,-9,95,2021-10-08 10:05:00,533798
Oleksandr Semenets_970032014,Oleksandr Semenets,3,1,35,27,8,62,2021-10-08 10:05:00,533799
Serhii Skachenko_880582416,Serhii Skachenko,2,1,39,36,3,75,2021-10-08 10:10:00,533800
A Kolmin_126936,A Kolmin,2,1,37,26,11,63,2021-10-08 10:11:00,533801
Anton Maslov_1524233824,Anton Maslov,-1,0,45,52,-7,97,2021-10-08 10:15:00,533802
I Minchenkov_126900,I Minchenkov,1,1,49,50,-1,99,2021-10-08 10:18:00,533803
Anatolii Zapletniuk_570858797,Anatolii Zapletniuk,-1,0,47,52,-5,99,2021-10-08 10:20:00,533804
E Tsvetkov_126860,E Tsvetkov,-2,0,38,41,-3,79,2021-10-08 10:22:00,533805
Andriy Kurtenko_947310617,Andriy Kurtenko,-3,0,20,33,-13,53,2021-10-08 10:25:00,533806
Ja Zajicek_28472,Ja Zajicek,3,1,38,29,9,67,2021-10-08 10:30:00,533807
Roman Pinchuk_50560536,Roman Pinchuk,2,1,37,28,9,65,2021-10-08 10:30:00,533808
Vasyl Ludchak_1871251422,Vasyl Ludchak,-2,0,35,44,-9,79,2021-10-08 10:35:00,533809
Serhii Baranovskyi_1707505249,Serhii Baranovskyi,3,1,34,21,13,55,2021-10-08 10:40:00,533810
Andrii Kaptanovskyi_647299168,Andrii Kaptanovskyi,-3,0,14,33,-19,47,2021-10-08 10:40:00,533811
A Zabrodin_126983,A Zabrodin,1,1,48,42,6,90,2021-10-08 10:42:00,533812
Andriy Chermenskyi_721819399,Andriy Chermenskyi,3,1,35,26,9,61,2021-10-08 10:45:00,533813
I Meteleshko_126985,I Meteleshko,-3,0,13,33,-20,46,2021-10-08 10:48:00,533814
Oleh Obidnyi_528154312,Oleh Obidnyi,3,1,33,8,25,41,2021-10-08 10:50:00,533815
Anton Myrza_632908459,Anton Myrza,-3,0,27,33,-6,60,2021-10-08 10:55:00,533816
I Novikov_126987,I Novikov,2,1,39,39,0,78,2021-10-08 10:59:00,533817
Artem Nesterenko_325442912,Artem Nesterenko,-2,0,36,41,-5,77,2021-10-08 11:00:00,533818
Jo Medek_28473,Jo Medek,3,1,33,21,12,54,2021-10-08 11:04:00,533819
Oleksandr Kostiuk_1236389063,Oleksandr Kostiuk,-2,0,31,38,-7,69,2021-10-08 11:05:00,533820
Grigoriy Oliynik_1257162243,Grigoriy Oliynik,3,1,33,19,14,52,2021-10-08 11:10:00,533821
Roman Derypaska_770550924,Roman Derypaska,-1,0,42,50,-8,92,2021-10-08 11:15:00,533822
Pavlo Zaderei_2067022447,Pavlo Zaderei,-2,0,33,43,-10,76,2021-10-08 11:15:00,533823
E Tsvetkov_126986,E Tsvetkov,-2,0,38,39,-1,77,2021-10-08 11:16:00,533824
Igor Sukovatyi_688936052,Igor Sukovatyi,-3,0,25,36,-11,61,2021-10-08 11:20:00,533825
I Sergeevich_126984,I Sergeevich,-1,0,48,53,-5,101,2021-10-08 11:25:00,533826
Oleksandr Lysak_1205033249,Oleksandr Lysak,-3,0,24,33,-9,57,2021-10-08 11:25:00,533827
V Putilovsky_126988,V Putilovsky,-3,0,18,33,-15,51,2021-10-08 11:27:00,533828
Yevhenii Holoborodko_1459261459,Yevhenii Holoborodko,-3,0,27,35,-8,62,2021-10-08 11:30:00,533829
P Macela_28474,P Macela,2,1,42,28,14,70,2021-10-08 11:30:00,533830
Dmytro Belanchyk_1352412358,Dmytro Belanchyk,-3,0,21,33,-12,54,2021-10-08 11:35:00,533831
Volodymyr Tuchkevych_67105282,Volodymyr Tuchkevych,-2,0,45,46,-1,91,2021-10-08 11:40:00,533832
Ruslan Kovalchuk_33991268,Ruslan Kovalchuk,-3,0,24,35,-11,59,2021-10-08 11:45:00,533833
V Zhigalov_126861,V Zhigalov,1,1,49,47,2,96,2021-10-08 11:46:00,533834
A Zirin_126901,A Zirin,1,1,52,54,-2,106,2021-10-08 11:48:00,533835
Yevhen Masko_1511423384,Yevhen Masko,1,1,47,38,9,85,2021-10-08 11:50:00,533836
Oleksandr Semenets_1244694081,Oleksandr Semenets,-2,0,39,53,-14,92,2021-10-08 11:50:00,533837
Serhii Skachenko_1209422092,Serhii Skachenko,2,1,47,44,3,91,2021-10-08 11:55:00,533838
Viacheslav Yarovoi_102321715,Viacheslav Yarovoi,-2,0,38,45,-7,83,2021-10-08 12:00:00,533839
T Postelt_28499,T Postelt,-3,0,26,34,-8,60,2021-10-08 12:00:00,533840
Anatolii Zapletniuk_636363292,Anatolii Zapletniuk,-3,0,30,38,-8,68,2021-10-08 12:05:00,533841
Andriy Kurtenko_478601376,Andriy Kurtenko,-1,0,51,49,2,100,2021-10-08 12:10:00,533842
M Ilichev_126937,M Ilichev,2,1,45,37,8,82,2021-10-08 12:12:00,533843
Roman Pinchuk_737109764,Roman Pinchuk,1,1,54,53,1,107,2021-10-08 12:15:00,533844
N Pashkov_126862,N Pashkov,-3,0,26,34,-8,60,2021-10-08 12:18:00,533845
Ihor Syniavskyi_146632904,Ihor Syniavskyi,-1,0,44,44,0,88,2021-10-08 12:20:00,533846
A Kazakov_126902,A Kazakov,-2,0,40,40,0,80,2021-10-08 12:24:00,533847
Andrii Kaptanovskyi_216265642,Andrii Kaptanovskyi,-1,0,48,49,-1,97,2021-10-08 12:25:00,533848
Serhii Baranovskyi_1803645374,Serhii Baranovskyi,-2,0,37,41,-4,78,2021-10-08 12:25:00,533849
Ja Zajicek_28500,Ja Zajicek,-2,0,32,45,-13,77,2021-10-08 12:30:00,533850
Denys Nemchenko_86297010,Denys Nemchenko,-2,0,27,42,-15,69,2021-10-08 12:30:00,533851
Anton Maslov_2060916167,Anton Maslov,3,1,33,21,12,54,2021-10-08 12:35:00,533852
D Sayanov_126938,D Sayanov,-1,0,51,55,-4,106,2021-10-08 12:40:00,533853
Anton Myrza_1654474653,Anton Myrza,3,1,33,20,13,53,2021-10-08 12:40:00,533854
Artem Nesterenko_1677182677,Artem Nesterenko,-2,0,27,41,-14,68,2021-10-08 12:45:00,533855
P Vshivkov_126863,P Vshivkov,2,1,37,29,8,66,2021-10-08 12:47:00,533856
Oleksandr Kostiuk_989304541,Oleksandr Kostiuk,-1,0,46,49,-3,95,2021-10-08 12:50:00,533857
A Komarov_126903,A Komarov,1,1,43,42,1,85,2021-10-08 12:50:00,533858
Grigoriy Oliynik_1025904227,Grigoriy Oliynik,-2,0,32,44,-12,76,2021-10-08 12:55:00,533859
Pavlo Zaderei_117533550,Pavlo Zaderei,2,1,40,31,9,71,2021-10-08 13:00:00,533860
Roman Derypaska_379788100,Roman Derypaska,3,1,33,20,13,53,2021-10-08 13:00:00,533861
E Mares_28475,E Mares,1,1,46,43,3,89,2021-10-08 13:01:00,533862
Andriy Chermenskyi_348457472,Andriy Chermenskyi,-2,0,28,38,-10,66,2021-10-08 13:05:00,533863
Oleh Obidnyi_1802678626,Oleh Obidnyi,2,1,36,32,4,68,2021-10-08 13:10:00,533864
A Kozlov_126939,A Kozlov,-3,0,19,33,-14,52,2021-10-08 13:13:00,533865
Anatolii Zapletniuk_1556503914,Anatolii Zapletniuk,-2,0,44,48,-4,92,2021-10-08 13:15:00,533866
O Manuylov_126864,O Manuylov,1,1,49,47,2,96,2021-10-08 13:20:00,533867
M Dukhin_126904,M Dukhin,-2,0,31,38,-7,69,2021-10-08 13:20:00,533868
Yurii Parahailo_1458399169,Yurii Parahailo,3,1,33,18,15,51,2021-10-08 13:20:00,533869
Serhii Hilitukha_1726575072,Serhii Hilitukha,-3,0,24,36,-12,60,2021-10-08 13:25:00,533870
Ihor Syniavskyi_905839570,Ihor Syniavskyi,-2,0,27,43,-16,70,2021-10-08 13:30:00,533871
F Pusch_28476,F Pusch,-2,0,40,46,-6,86,2021-10-08 13:30:00,533872
D Mikheev_126940,D Mikheev,-1,0,39,49,-10,88,2021-10-08 13:32:00,533873
Roman Cherevko_1347749264,Roman Cherevko,2,1,41,36,5,77,2021-10-08 13:35:00,533874
Dmytro Baistriuchenko_994265411,Dmytro Baistriuchenko,3,1,33,16,17,49,2021-10-08 13:35:00,533875
Andriy Chermenskyi_1858946177,Andriy Chermenskyi,3,1,33,19,14,52,2021-10-08 13:40:00,533876
Oleksandr Lysak_1299153968,Oleksandr Lysak,1,1,45,44,1,89,2021-10-08 13:45:00,533877
A Komarov_126905,A Komarov,2,1,42,34,8,76,2021-10-08 13:48:00,533878
Anton Myrza_1232416089,Anton Myrza,-1,0,50,38,12,88,2021-10-08 13:50:00,533879
P Vshivkov_126865,P Vshivkov,-3,0,22,36,-14,58,2021-10-08 13:54:00,533880
Dmytro Belanchyk_358040106,Dmytro Belanchyk,1,1,56,41,15,97,2021-10-08 13:55:00,533881
M Huk_28477,M Huk,-2,0,36,44,-8,80,2021-10-08 14:00:00,533882
Volodymyr Tuchkevych_1742504904,Volodymyr Tuchkevych,-2,0,26,41,-15,67,2021-10-08 14:00:00,533883
Grigoriy Oliynik_893733426,Grigoriy Oliynik,2,1,42,31,11,73,2021-10-08 14:05:00,533884
A Kozlov_126941,A Kozlov,2,1,36,37,-1,73,2021-10-08 14:10:00,533885
Yevhen Masko_1261344705,Yevhen Masko,-3,0,20,33,-13,53,2021-10-08 14:10:00,533886
Oleksandr Semenets_1475584573,Oleksandr Semenets,-3,0,20,34,-14,54,2021-10-08 14:10:00,533887
Denys Nemchenko_770611373,Denys Nemchenko,3,1,33,12,21,45,2021-10-08 14:15:00,533888
A Kazakov_126906,A Kazakov,2,1,43,31,12,74,2021-10-08 14:16:00,533889
N Pashkov_126866,N Pashkov,3,1,38,32,6,70,2021-10-08 14:18:00,533890
Anton Maslov_846937601,Anton Maslov,2,1,43,38,5,81,2021-10-08 14:20:00,533891
Anatolii Zapletniuk_2123646200,Anatolii Zapletniuk,2,1,38,34,4,72,2021-10-08 14:25:00,533892
Andriy Kurtenko_478527324,Andriy Kurtenko,-3,0,21,33,-12,54,2021-10-08 14:30:00,533893
Jo Kutifel_28478,Jo Kutifel,2,1,44,38,6,82,2021-10-08 14:30:00,533894
D Sayanov_126942,D Sayanov,-1,0,48,45,3,93,2021-10-08 14:33:00,533895
Serhii Hilitukha_386239396,Serhii Hilitukha,-2,0,29,41,-12,70,2021-10-08 14:35:00,533896
Ihor Syniavskyi_210054068,Ihor Syniavskyi,-3,0,22,33,-11,55,2021-10-08 14:40:00,533897
Aleksandr Redkov_883472867,Aleksandr Redkov,-2,0,37,45,-8,82,2021-10-08 14:45:00,533898
Yevhen Masko_1539271857,Yevhen Masko,1,1,48,45,3,93,2021-10-08 14:45:00,533899
V Zhigalov_127041,V Zhigalov,-2,0,42,45,-3,87,2021-10-08 14:46:00,533900
M Dukhin_127043,M Dukhin,-3,0,16,33,-17,49,2021-10-08 14:51:00,533901
Nodar Kukava_1326839600,Nodar Kukava,2,1,39,32,7,71,2021-10-08 14:55:00,533902
M Huk_28479,M Huk,-2,0,32,44,-12,76,2021-10-08 15:00:00,533903
Yevhenii Holoborodko_1705731610,Yevhenii Holoborodko,-2,0,28,45,-17,73,2021-10-08 15:00:00,533904
Yurii Parahailo_896676566,Yurii Parahailo,1,1,47,40,7,87,2021-10-08 15:05:00,533905
Andrii Tsikhotskyi_2096354968,Andrii Tsikhotskyi,-2,0,37,41,-4,78,2021-10-08 15:10:00,533906
D Mikheev_127045,D Mikheev,-2,0,34,42,-8,76,2021-10-08 15:11:00,533907
Vasyl Ludchak_500289030,Vasyl Ludchak,-2,0,32,45,-13,77,2021-10-08 15:15:00,533908
P Vshivkov_127042,P Vshivkov,3,1,33,25,8,58,2021-10-08 15:16:00,533909
A Kazakov_127044,A Kazakov,-2,0,34,42,-8,76,2021-10-08 15:16:00,533910
Oleksandr Semenets_1004389459,Oleksandr Semenets,-1,0,44,56,-12,100,2021-10-08 15:20:00,533911
Roman Derypaska_1373626268,Roman Derypaska,2,1,39,40,-1,79,2021-10-08 15:20:00,533912
F Pusch_28480,F Pusch,-1,0,44,52,-8,96,2021-10-08 15:30:00,533913
Anton Maslov_301588669,Anton Maslov,1,1,52,52,0,104,2021-10-08 15:30:00,533914
Oleksiy Sapronov_343124221,Oleksiy Sapronov,-3,0,15,33,-18,48,2021-10-08 15:35:00,533915
Alina Kurtenko_1759163259,Alina Kurtenko,-3,0,18,33,-15,51,2021-10-08 15:40:00,533916
A Kozlov_127046,A Kozlov,-3,0,16,33,-17,49,2021-10-08 15:41:00,533917
O Kutuzov_126887,O Kutuzov,-1,0,52,56,-4,108,2021-10-08 15:45:00,533918
A Golyshev_126909,A Golyshev,2,1,41,34,7,75,2021-10-08 15:48:00,533919
Maksym Mykhailovych_692939281,Maksym Mykhailovych,1,1,49,48,1,97,2021-10-08 15:50:00,533920
Dmytro Derevinskyi_547974841,Dmytro Derevinskyi,-1,0,42,47,-5,89,2021-10-08 15:55:00,533921
E Anisimov_126943,E Anisimov,1,1,47,44,3,91,2021-10-08 16:00:00,533922
F Pusch_28525,F Pusch,-3,0,24,34,-10,58,2021-10-08 16:00:00,533923
Viacheslav Yarovoi_363482635,Viacheslav Yarovoi,-1,0,46,48,-2,94,2021-10-08 16:05:00,533924
Adam Krasutskyi_2024451571,Adam Krasutskyi,1,1,49,48,1,97,2021-10-08 16:10:00,533925
Yulia Hodko_738175828,Yulia Hodko,3,1,33,24,9,57,2021-10-08 16:15:00,533926
O Nikiforov_126910,O Nikiforov,3,1,33,18,15,51,2021-10-08 16:16:00,533927
Dmytro Vakhta_68151970,Dmytro Vakhta,2,1,41,26,15,67,2021-10-08 16:20:00,533928
V Beliakov_126888,V Beliakov,1,1,46,40,6,86,2021-10-08 16:22:00,533929
Volodymyr Plishylo_1038045360,Volodymyr Plishylo,2,1,35,30,5,65,2021-10-08 16:25:00,533930
Jo Kutifel_28526,Jo Kutifel,-2,0,34,42,-8,76,2021-10-08 16:29:00,533931
Pavlo Plushch_2054494843,Pavlo Plushch,3,1,34,23,11,57,2021-10-08 16:30:00,533932
Ivan Kozyr_410305040,Ivan Kozyr,1,1,52,43,9,95,2021-10-08 16:35:00,533933
V Nemashkalo_126944,V Nemashkalo,-1,0,36,42,-6,78,2021-10-08 16:36:00,533934
Anton Veliiev_1388066025,Anton Veliiev,-1,0,47,47,0,94,2021-10-08 16:40:00,533935
Oleksiy Sapronov_1218903454,Oleksiy Sapronov,-1,0,42,50,-8,92,2021-10-08 16:45:00,533936
D Andreev_126911,D Andreev,-2,0,32,39,-7,71,2021-10-08 16:46:00,533937
Alina Kurtenko_629442260,Alina Kurtenko,3,1,33,19,14,52,2021-10-08 16:50:00,533938
Vadym Nechyporuk_1810387670,Vadym Nechyporuk,3,1,34,20,14,54,2021-10-08 16:55:00,533939
K Bystrushkin_126889,K Bystrushkin,2,1,36,29,7,65,2021-10-08 16:58:00,533940
Maksym Mykhailovych_1463492445,Maksym Mykhailovych,-3,0,30,37,-7,67,2021-10-08 17:00:00,533941
A Barton_28481,A Barton,-2,0,35,38,-3,73,2021-10-08 17:00:00,533942
V Staroverov_126945,V Staroverov,2,1,44,33,11,77,2021-10-08 17:05:00,533943
Dmytro Derevinskyi_1517604250,Dmytro Derevinskyi,1,1,44,45,-1,89,2021-10-08 17:05:00,533944
Ivan Kozyr_380088320,Ivan Kozyr,-1,0,42,48,-6,90,2021-10-08 17:10:00,533945
V Tsvetkov_126912,V Tsvetkov,-1,0,50,56,-6,106,2021-10-08 17:15:00,533946
Viacheslav Kovalenko_238303901,Viacheslav Kovalenko,-1,0,47,50,-3,97,2021-10-08 17:15:00,533947
I Abelmasov_126890,I Abelmasov,-1,0,48,47,1,95,2021-10-08 17:20:00,533948
Adam Krasutskyi_90124333,Adam Krasutskyi,-2,0,32,40,-8,72,2021-10-08 17:20:00,533949
Iryna Aseieva_1929458052,Iryna Aseieva,-3,0,30,38,-8,68,2021-10-08 17:25:00,533950
M Gusev_126946,M Gusev,1,1,51,53,-2,104,2021-10-08 17:28:00,533951
Oliver Korp_28482,Oliver Korp,1,1,48,44,4,92,2021-10-08 17:30:00,533952
Dmytro Vakhta_995700243,Dmytro Vakhta,-1,0,51,52,-1,103,2021-10-08 17:30:00,533953
Viktor Bedriichuk_691126051,Viktor Bedriichuk,-2,0,43,44,-1,87,2021-10-08 17:35:00,533954
Serhii Pokidko_1476655519,Serhii Pokidko,2,1,46,28,18,74,2021-10-08 17:40:00,533955
Anton Veliiev_1720390386,Anton Veliiev,-1,0,47,55,-8,102,2021-10-08 17:45:00,533956
D Andreev_126913,D Andreev,3,1,33,25,8,58,2021-10-08 17:48:00,533957
Ivan Kozyr_1101716805,Ivan Kozyr,-2,0,39,38,1,77,2021-10-08 17:50:00,533958
Oleksiy Sapronov_1245715148,Oleksiy Sapronov,-2,0,33,43,-10,76,2021-10-08 17:55:00,533959
K Bystrushkin_126891,K Bystrushkin,-3,0,22,36,-14,58,2021-10-08 17:59:00,533960
Jr. Mecl_28483,Jr. Mecl,3,1,33,19,14,52,2021-10-08 18:00:00,533961
Alina Kurtenko_641789497,Alina Kurtenko,2,1,41,36,5,77,2021-10-08 18:00:00,533962
Valentyn Yunchyk_860167131,Valentyn Yunchyk,-2,0,32,40,-8,72,2021-10-08 18:05:00,533963
Volodymyr Plishylo_2112122720,Volodymyr Plishylo,-2,0,40,44,-4,84,2021-10-08 18:10:00,533964
V Staroverov_126947,V Staroverov,-1,0,40,46,-6,86,2021-10-08 18:12:00,533965
Pavlo Plushch_963851989,Pavlo Plushch,1,1,43,41,2,84,2021-10-08 18:15:00,533966
O Nikiforov_126914,O Nikiforov,3,1,33,12,21,45,2021-10-08 18:16:00,533967
V Beliakov_126892,V Beliakov,2,1,44,35,9,79,2021-10-08 18:18:00,533968
Viacheslav Kovalenko_1093544164,Viacheslav Kovalenko,-2,0,39,45,-6,84,2021-10-08 18:20:00,533969
Anton Veliiev_1021235625,Anton Veliiev,1,1,48,42,6,90,2021-10-08 18:25:00,533970
K Brozik_28484,K Brozik,-1,0,56,58,-2,114,2021-10-08 18:30:00,533971
Nikita Korbut_184820822,Nikita Korbut,3,1,33,25,8,58,2021-10-08 18:30:00,533972
Iryna Aseieva_1483616981,Iryna Aseieva,2,1,47,41,6,88,2021-10-08 18:35:00,533973
Vadym Nechyporuk_204279852,Vadym Nechyporuk,-1,0,42,49,-7,91,2021-10-08 18:40:00,533974
Maksym Mykhailovych_1631907583,Maksym Mykhailovych,-1,0,48,47,1,95,2021-10-08 18:45:00,533975
V Nemashkalo_126948,V Nemashkalo,3,1,38,30,8,68,2021-10-08 18:46:00,533976
V Tsvetkov_127097,V Tsvetkov,2,1,37,32,5,69,2021-10-08 18:46:00,533977
Dmytro Derevinskyi_1151179916,Dmytro Derevinskyi,-1,0,48,50,-2,98,2021-10-08 18:50:00,533978
O Kutuzov_127099,O Kutuzov,1,1,51,51,0,102,2021-10-08 18:51:00,533979
Roman Reznichenko_1895646701,Roman Reznichenko,-2,0,25,40,-15,65,2021-10-08 18:55:00,533980
Ivan Kozyr_22933014,Ivan Kozyr,-1,0,43,48,-5,91,2021-10-08 19:00:00,533981
Jr. Mecl_28485,Jr. Mecl,-2,0,24,42,-18,66,2021-10-08 19:03:00,533982
Adam Krasutskyi_1402335756,Adam Krasutskyi,2,1,42,31,11,73,2021-10-08 19:05:00,533983
Viktoria Kurtenko_1439026468,Viktoria Kurtenko,3,1,33,14,19,47,2021-10-08 19:10:00,533984
A Golyshev_127098,A Golyshev,-3,0,28,36,-8,64,2021-10-08 19:14:00,533985
Dmytro Vakhta_1127277652,Dmytro Vakhta,-1,0,45,45,0,90,2021-10-08 19:15:00,533986
Viktor Bedriichuk_1274324756,Viktor Bedriichuk,-2,0,39,47,-8,86,2021-10-08 19:20:00,533987
E Anisimov_127101,E Anisimov,2,1,40,27,13,67,2021-10-08 19:22:00,533988
I Abelmasov_127100,I Abelmasov,-1,0,46,47,-1,93,2021-10-08 19:24:00,533989
Serhii Pokidko_2063065154,Serhii Pokidko,-1,0,49,47,2,96,2021-10-08 19:25:00,533990
Ivan Kozyr_22929945,Ivan Kozyr,-1,0,42,48,-6,90,2021-10-08 19:30:00,533991
Oliver Korp_28486,Oliver Korp,2,1,40,32,8,72,2021-10-08 19:30:00,533992
Viacheslav Kovalenko_1332778413,Viacheslav Kovalenko,-3,0,17,33,-16,50,2021-10-08 19:35:00,533993
Oleksiy Sapronov_1075300464,Oleksiy Sapronov,-1,0,49,55,-6,104,2021-10-08 19:40:00,533994
M Gusev_127102,M Gusev,-2,0,30,42,-12,72,2021-10-08 19:44:00,533995
S Korolev_126915,S Korolev,-1,0,46,49,-3,95,2021-10-08 19:45:00,533996
Veronika Andriushchenko_872197355,Veronika Andriushchenko,2,1,38,31,7,69,2021-10-08 19:45:00,533997
Valentyn Yunchyk_1261143235,Valentyn Yunchyk,-3,0,24,33,-9,57,2021-10-08 19:50:00,533998
Volodymyr Plishylo_454271917,Volodymyr Plishylo,3,1,33,23,10,56,2021-10-08 19:55:00,533999
A Barton_28527,A Barton,-1,0,42,39,3,81,2021-10-08 20:00:00,534000
Pavlo Plushch_710786102,Pavlo Plushch,2,1,43,37,6,80,2021-10-08 20:00:00,534001
D Kolesnikov_126869,D Kolesnikov,2,1,45,37,8,82,2021-10-08 20:01:00,534002
Vitalii Vovk_417791173,Vitalii Vovk,-2,0,33,41,-8,74,2021-10-08 20:05:00,534003
Denys Vakulenko_298591601,Denys Vakulenko,-1,0,45,49,-4,94,2021-10-08 20:10:00,534004
S Kuzmin_126949,S Kuzmin,2,1,40,28,12,68,2021-10-08 20:13:00,534005
Adam Krasutskyi_713106525,Adam Krasutskyi,1,1,46,47,-1,93,2021-10-08 20:15:00,534006
Alina Kurtenko_1630985949,Alina Kurtenko,1,1,49,53,-4,102,2021-10-08 20:20:00,534007
P Pinkovskii_126916,P Pinkovskii,2,1,45,33,12,78,2021-10-08 20:22:00,534008
Vadym Nechyporuk_2022613001,Vadym Nechyporuk,-1,0,45,56,-11,101,2021-10-08 20:25:00,534009
I Soldatov_126870,I Soldatov,-1,0,57,58,-1,115,2021-10-08 20:26:00,534010
Andrii Hordii_1165180882,Andrii Hordii,1,1,43,47,-4,90,2021-10-08 20:30:00,534011
K Brozik_28528,K Brozik,-3,0,26,36,-10,62,2021-10-08 20:30:00,534012
Vadym Komar_2111867136,Vadym Komar,1,1,46,50,-4,96,2021-10-08 20:35:00,534013
M Dukhin_126950,M Dukhin,-1,0,45,48,-3,93,2021-10-08 20:37:00,534014
Vitalii Vovk_152468722,Vitalii Vovk,3,1,33,19,14,52,2021-10-08 20:40:00,534015
Serhii Ponomarenko_281849670,Serhii Ponomarenko,2,1,45,39,6,84,2021-10-08 20:45:00,534016
S Kaplan_126917,S Kaplan,-3,0,19,33,-14,52,2021-10-08 20:48:00,534017
Oleksiy Sapronov_20346121,Oleksiy Sapronov,1,1,49,47,2,96,2021-10-08 20:50:00,534018
Nazarii Hrytsyienko_1279686136,Nazarii Hrytsyienko,2,1,45,37,8,82,2021-10-08 21:00:00,534019
T Andrle_28487,T Andrle,1,1,41,41,0,82,2021-10-08 21:00:00,534020
Maksym Mykhailovych_577352537,Maksym Mykhailovych,-1,0,48,55,-7,103,2021-10-08 21:05:00,534021
D Tikhnenko_126951,D Tikhnenko,1,1,42,37,5,79,2021-10-08 21:09:00,534022
S Nikulin_126871,S Nikulin,2,1,38,34,4,72,2021-10-08 21:10:00,534023
Dmytro Derevinskyi_991505599,Dmytro Derevinskyi,-3,0,19,33,-14,52,2021-10-08 21:10:00,534024
Denys Vakulenko_539103630,Denys Vakulenko,2,1,42,40,2,82,2021-10-08 21:15:00,534025
M Pronkin_126918,M Pronkin,-3,0,24,34,-10,58,2021-10-08 21:16:00,534026
Vitalii Vovk_1355912914,Vitalii Vovk,-2,0,25,42,-17,67,2021-10-08 21:20:00,534027
Adam Krasutskyi_1282726731,Adam Krasutskyi,3,1,34,25,9,59,2021-10-08 21:25:00,534028
O Pastorek_28488,O Pastorek,-2,0,34,43,-9,77,2021-10-08 21:30:00,534029
E Markelov_126872,E Markelov,1,1,51,47,4,98,2021-10-08 21:33:00,534030
I Zemit_126952,I Zemit,-2,0,30,43,-13,73,2021-10-08 21:34:00,534031
Dmytro Vakhta_655994294,Dmytro Vakhta,-3,0,23,35,-12,58,2021-10-08 21:35:00,534032
Viktor Bedriichuk_433638468,Viktor Bedriichuk,1,1,53,48,5,101,2021-10-08 21:40:00,534033
Dmytro Derevinskyi_1004690955,Dmytro Derevinskyi,2,1,42,32,10,74,2021-10-08 21:45:00,534034
S Kaplan_126919,S Kaplan,-3,0,22,34,-12,56,2021-10-08 21:46:00,534035
Serhii Ponomarenko_543700931,Serhii Ponomarenko,-2,0,35,44,-9,79,2021-10-08 21:50:00,534036
Denys Vakulenko_1545433854,Denys Vakulenko,-3,0,23,33,-10,56,2021-10-08 21:55:00,534037
D Tikhnenko_126953,D Tikhnenko,-1,0,43,47,-4,90,2021-10-08 22:00:00,534038
Nikita Korbut_1236913126,Nikita Korbut,1,1,55,46,9,101,2021-10-08 22:00:00,534039
M Cmunt_28489,M Cmunt,3,1,33,17,16,50,2021-10-08 22:03:00,534040
S Nikulin_126873,S Nikulin,-2,0,31,45,-14,76,2021-10-08 22:09:00,534041
Valentyn Yunchyk_482527124,Valentyn Yunchyk,1,1,53,40,13,93,2021-10-08 22:10:00,534042
P Pinkovskii_126920,P Pinkovskii,-1,0,42,48,-6,90,2021-10-08 22:15:00,534043
Volodymyr Plishylo_643841412,Volodymyr Plishylo,3,1,33,19,14,52,2021-10-08 22:15:00,534044
Serhii Pokidko_1997762683,Serhii Pokidko,-1,0,42,52,-10,94,2021-10-08 22:20:00,534045
Lev Kuzyo_949994501,Lev Kuzyo,-3,0,12,33,-21,45,2021-10-08 22:25:00,534046
M Dukhin_126954,M Dukhin,-1,0,48,62,-14,110,2021-10-08 22:26:00,534047
Vitalii Vovk_451558996,Vitalii Vovk,1,1,47,45,2,92,2021-10-08 22:30:00,534048
O Kucirek_28490,O Kucirek,2,1,44,33,11,77,2021-10-08 22:30:00,534049
I Soldatov_126874,I Soldatov,3,1,39,26,13,65,2021-10-08 22:34:00,534050
Andrii Kotik_532039768,Andrii Kotik,3,1,40,32,8,72,2021-10-08 22:45:00,534051
S Kaplan_127103,S Kaplan,-3,0,18,33,-15,51,2021-10-08 22:50:00,534052
D Kolesnikov_127105,D Kolesnikov,3,1,33,17,16,50,2021-10-08 22:59:00,534053
Lev Kuzyo_613329007,Lev Kuzyo,-3,0,22,35,-13,57,2021-10-08 23:00:00,534054
M Cmunt_28491,M Cmunt,3,1,35,22,13,57,2021-10-08 23:00:00,534055
Vitalii Vovk_788187157,Vitalii Vovk,-1,0,39,46,-7,85,2021-10-08 23:05:00,534056
I Zemit_127107,I Zemit,-3,0,26,33,-7,59,2021-10-08 23:13:00,534057
S Korolev_127104,S Korolev,2,1,37,31,6,68,2021-10-08 23:15:00,534058
S Nikulin_127106,S Nikulin,3,1,34,22,12,56,2021-10-08 23:15:00,534059
O Pastorek_28492,O Pastorek,1,1,51,52,-1,103,2021-10-08 23:31:00,534060
D Tikhnenko_127108,D Tikhnenko,-2,0,29,40,-11,69,2021-10-08 23:33:00,534061
Samvel Melkumian_90370561,Samvel Melkumian,-2,0,35,38,-3,73,2021-10-08 23:35:00,534062
Ihor Matsehora_1030143063,Ihor Matsehora,1,1,46,45,1,91,2021-10-08 23:45:00,534063
A Ilin_126875,A Ilin,2,1,41,32,9,73,2021-10-08 23:46:00,534064
A Girevenkov_126921,A Girevenkov,-3,0,26,35,-9,61,2021-10-08 23:47:00,534065
D Sayanov_126955,D Sayanov,3,1,36,25,11,61,2021-10-08 23:55:00,534066
Yaroslav Vorsuliak_962168878,Yaroslav Vorsuliak,1,1,47,39,8,86,2021-11-01 00:00:00,534067
A Serebrennikov_96856,A Serebrennikov,2,1,37,36,1,73,2021-11-01 00:01:00,534068
E Kalashnikov_96902,E Kalashnikov,-2,0,35,43,-8,78,2021-11-01 00:15:00,534069
I Novikov_96918,I Novikov,2,1,35,33,2,68,2021-11-01 00:18:00,534070
Stepan Nykyforuk_1576049131,Stepan Nykyforuk,-2,0,29,39,-10,68,2021-11-01 00:30:00,534071
V Putilovsky_96857,V Putilovsky,1,1,51,49,2,100,2021-11-01 00:36:00,534072
I Soldatov_96903,I Soldatov,3,1,33,25,8,58,2021-11-01 00:45:00,534073
N Sukharnikov_96919,N Sukharnikov,-3,0,21,36,-15,57,2021-11-01 00:46:00,534074
Petro Tsolik_2096063056,Petro Tsolik,-2,0,29,42,-13,71,2021-11-01 01:00:00,534075
S Myagkov_96858,S Myagkov,3,1,33,19,14,52,2021-11-01 01:06:00,534076
N Lyfenko_96904,N Lyfenko,3,1,37,25,12,62,2021-11-01 01:15:00,534077
O Kutuzov_96920,O Kutuzov,2,1,39,28,11,67,2021-11-01 01:16:00,534078
Yaroslav Vorsuliak_111016154,Yaroslav Vorsuliak,3,1,36,29,7,65,2021-11-01 01:30:00,534079
A Serebrennikov_96859,A Serebrennikov,-3,0,26,34,-8,60,2021-11-01 01:32:00,534080
E Kalashnikov_96905,E Kalashnikov,-2,0,37,42,-5,79,2021-11-01 01:45:00,534081
I Novikov_96921,I Novikov,-3,0,20,33,-13,53,2021-11-01 01:46:00,534082
Stepan Nykyforuk_1858737954,Stepan Nykyforuk,1,1,53,43,10,96,2021-11-01 02:00:00,534083
S Myagkov_96860,S Myagkov,2,1,44,29,15,73,2021-11-01 02:00:00,534084
N Lyfenko_96906,N Lyfenko,-3,0,19,33,-14,52,2021-11-01 02:16:00,534085
O Kutuzov_96922,O Kutuzov,-3,0,19,33,-14,52,2021-11-01 02:16:00,534086
Petro Tsolik_583807820,Petro Tsolik,2,1,38,25,13,63,2021-11-01 02:30:00,534087
A Pravednov_96861,A Pravednov,-3,0,20,33,-13,53,2021-11-01 02:31:00,534088
V Sidorin_96923,V Sidorin,-3,0,21,33,-12,54,2021-11-01 02:44:00,534089
A Volkov_96907,A Volkov,3,1,34,23,11,57,2021-11-01 02:49:00,534090
Volodymyr Ivasiv_1020910839,Volodymyr Ivasiv,3,1,37,22,15,59,2021-11-01 03:00:00,534091
V Putilovsky_96862,V Putilovsky,-2,0,30,40,-10,70,2021-11-01 03:01:00,534092
N Sukharnikov_96924,N Sukharnikov,-2,0,33,39,-6,72,2021-11-01 03:16:00,534093
I Soldatov_96908,I Soldatov,-2,0,32,41,-9,73,2021-11-01 03:17:00,534094
Yaroslav Vorsuliak_1042438201,Yaroslav Vorsuliak,-3,0,15,33,-18,48,2021-11-01 03:30:00,534095
D Petrov_96863,D Petrov,-2,0,38,43,-5,81,2021-11-01 03:31:00,534096
N Tarasenkov_96925,N Tarasenkov,2,1,42,38,4,80,2021-11-01 03:46:00,534097
V Safonov_96909,V Safonov,2,1,41,27,14,68,2021-11-01 03:59:00,534098
Stepan Nykyforuk_244310608,Stepan Nykyforuk,-2,0,32,42,-10,74,2021-11-01 04:00:00,534099
A Pravednov_96864,A Pravednov,-3,0,24,33,-9,57,2021-11-01 04:01:00,534100
V Sidorin_96926,V Sidorin,-3,0,17,33,-16,50,2021-11-01 04:18:00,534101
A Volkov_96910,A Volkov,-3,0,28,38,-10,66,2021-11-01 04:21:00,534102
Petro Tsolik_1480595010,Petro Tsolik,-1,0,37,46,-9,83,2021-11-01 04:30:00,534103
D Petrov_97065,D Petrov,-3,0,18,33,-15,51,2021-11-01 04:30:00,534104
O Kutuzov_97067,O Kutuzov,-2,0,30,41,-11,71,2021-11-01 04:46:00,534105
A Volkov_97069,A Volkov,2,1,43,30,13,73,2021-11-01 04:47:00,534106
V Putilovsky_97066,V Putilovsky,2,1,44,33,11,77,2021-11-01 05:02:00,534107
N Sukharnikov_97068,N Sukharnikov,2,1,38,34,4,72,2021-11-01 05:15:00,534108
V Safonov_97070,V Safonov,3,1,33,22,11,55,2021-11-01 05:17:00,534109
P Vshivkov_96979,P Vshivkov,-2,0,27,39,-12,66,2021-11-01 07:31:00,534110
K Olshakov_96945,K Olshakov,1,1,48,36,12,84,2021-11-01 07:45:00,534111
A Savinskiy_96957,A Savinskiy,2,1,39,34,5,73,2021-11-01 07:47:00,534112
Igor Sukovatyi_1526473863,Igor Sukovatyi,-1,0,48,51,-3,99,2021-11-01 07:50:00,534113
Roman Vakarash_2133505213,Roman Vakarash,2,1,42,32,10,74,2021-11-01 07:55:00,534114
A Zabrodin_96980,A Zabrodin,1,1,51,51,0,102,2021-11-01 08:01:00,534115
I Tolmachev_96946,I Tolmachev,-2,0,24,42,-18,66,2021-11-01 08:15:00,534116
O Kharlakin_96958,O Kharlakin,2,1,43,33,10,76,2021-11-01 08:16:00,534117
Anatolii Yakovenko_1405284473,Anatolii Yakovenko,-3,0,25,36,-11,61,2021-11-01 08:25:00,534118
Kyrylo Yehorov_1436505479,Kyrylo Yehorov,-2,0,29,39,-10,68,2021-11-01 08:30:00,534119
A Andreev_96981,A Andreev,-2,0,38,41,-3,79,2021-11-01 08:33:00,534120
Vitalii Krivenko_1584877531,Vitalii Krivenko,1,1,55,51,4,106,2021-11-01 08:35:00,534121
Volodymyr Tuchkevych_2025872072,Volodymyr Tuchkevych,-2,0,28,38,-10,66,2021-11-01 08:40:00,534122
Bogdan Stasiuk_585123298,Bogdan Stasiuk,3,1,33,23,10,56,2021-11-01 08:45:00,534123
S Homutov_96947,S Homutov,-2,0,32,42,-10,74,2021-11-01 08:45:00,534124
V Sinkovskiy_96959,V Sinkovskiy,-3,0,16,33,-17,49,2021-11-01 08:46:00,534125
Yevhenii Faflei_708610642,Yevhenii Faflei,3,1,34,22,12,56,2021-11-01 08:50:00,534126
Michael Rikun_408262913,Michael Rikun,3,1,33,22,11,55,2021-11-01 08:55:00,534127
Oleksii Horbanenko_33822464,Oleksii Horbanenko,-2,0,31,42,-11,73,2021-11-01 08:55:00,534128
Serhii Skachenko_2130466106,Serhii Skachenko,-3,0,27,39,-12,66,2021-11-01 09:00:00,534129
A Kolmin_96982,A Kolmin,2,1,42,29,13,71,2021-11-01 09:00:00,534130
Vadym Komar_189564670,Vadym Komar,-3,0,22,33,-11,55,2021-11-01 09:05:00,534131
Tymur Kozenkov_1890534420,Tymur Kozenkov,2,1,36,34,2,70,2021-11-01 09:10:00,534132
A Shmakov_96960,A Shmakov,-1,0,40,49,-9,89,2021-11-01 09:15:00,534133
Bohdan Panchenko_1242822049,Bohdan Panchenko,-1,0,47,52,-5,99,2021-11-01 09:15:00,534134
A Arutiunyan_96948,A Arutiunyan,2,1,41,25,16,66,2021-11-01 09:16:00,534135
Igor Demchuk_1381405112,Igor Demchuk,-3,0,16,33,-17,49,2021-11-01 09:20:00,534136
Oleg Kuravsky_1707653102,Oleg Kuravsky,-2,0,36,38,-2,74,2021-11-01 09:25:00,534137
Yevhenii Kibka_219421121,Yevhenii Kibka,2,1,44,35,9,79,2021-11-01 09:30:00,534138
Valeriy Petukhov_1545735106,Valeriy Petukhov,1,1,48,47,1,95,2021-11-01 09:30:00,534139
A Andreev_96983,A Andreev,2,1,45,32,13,77,2021-11-01 09:30:00,534140
Anatolii Yakovenko_906571636,Anatolii Yakovenko,3,1,33,17,16,50,2021-11-01 09:35:00,534141
Kyrylo Yehorov_1576908763,Kyrylo Yehorov,2,1,44,34,10,78,2021-11-01 09:40:00,534142
S Homutov_96949,S Homutov,-2,0,35,36,-1,71,2021-11-01 09:45:00,534143
Vitalii Krivenko_1854841425,Vitalii Krivenko,-2,0,35,44,-9,79,2021-11-01 09:45:00,534144
V Sinkovskiy_96961,V Sinkovskiy,-3,0,17,33,-16,50,2021-11-01 09:46:00,534145
Volodymyr Tuchkevych_1662259655,Volodymyr Tuchkevych,-1,0,43,53,-10,96,2021-11-01 09:50:00,534146
Bogdan Stasiuk_951605585,Bogdan Stasiuk,2,1,40,36,4,76,2021-11-01 09:55:00,534147
A Zabrodin_96984,A Zabrodin,-2,0,34,42,-8,76,2021-11-01 09:59:00,534148
Yevhenii Faflei_1923603086,Yevhenii Faflei,2,1,42,27,15,69,2021-11-01 10:00:00,534149
M-l Regner_21627,M-l Regner,2,1,45,35,10,80,2021-11-01 10:02:00,534150
Oleksii Horbanenko_1261881158,Oleksii Horbanenko,3,1,35,22,13,57,2021-11-01 10:05:00,534151
Michael Rikun_1596917871,Michael Rikun,-2,0,32,41,-9,73,2021-11-01 10:05:00,534152
Igor Sukovatyi_845957674,Igor Sukovatyi,2,1,41,35,6,76,2021-11-01 10:10:00,534153
O Kharlakin_96962,O Kharlakin,-1,0,41,50,-9,91,2021-11-01 10:15:00,534154
I Tolmachev_96950,I Tolmachev,-3,0,14,33,-19,47,2021-11-01 10:15:00,534155
Roman Vakarash_274936898,Roman Vakarash,-1,0,45,54,-9,99,2021-11-01 10:15:00,534156
Dmytro Baistriuchenko_277077618,Dmytro Baistriuchenko,-3,0,18,33,-15,51,2021-11-01 10:20:00,534157
Serhii Hilitukha_1436371616,Serhii Hilitukha,3,1,33,19,14,52,2021-11-01 10:25:00,534158
F Just_21628,F Just,-2,0,35,42,-7,77,2021-11-01 10:30:00,534159
Viktor Bosak_574412603,Viktor Bosak,-2,0,33,37,-4,70,2021-11-01 10:30:00,534160
Dmytro Kalyniuk_1295610514,Dmytro Kalyniuk,2,1,41,35,6,76,2021-11-01 10:35:00,534161
A Zabrodin_97076,A Zabrodin,-2,0,35,39,-4,74,2021-11-01 10:36:00,534162
Valerii Melnyk_544018928,Valerii Melnyk,3,1,34,23,11,57,2021-11-01 10:40:00,534163
Pavlo Zaderei_946719408,Pavlo Zaderei,-1,0,50,52,-2,102,2021-11-01 10:40:00,534164
Dmytro Alekseenko_728928417,Dmytro Alekseenko,1,1,51,40,11,91,2021-11-01 10:45:00,534165
I Tolmachev_97074,I Tolmachev,-3,0,13,33,-20,46,2021-11-01 10:46:00,534166
V Sinkovskiy_97078,V Sinkovskiy,2,1,43,39,4,82,2021-11-01 10:46:00,534167
Igor Kozhenkov_740859615,Igor Kozhenkov,2,1,44,35,9,79,2021-11-01 10:50:00,534168
Tymur Kozenkov_1083615602,Tymur Kozenkov,2,1,48,34,14,82,2021-11-01 10:55:00,534169
Bohdan Panchenko_1769769279,Bohdan Panchenko,3,1,33,18,15,51,2021-11-01 11:00:00,534170
Ja Svoboda_21629,Ja Svoboda,-2,0,29,38,-9,67,2021-11-01 11:00:00,534171
P Vshivkov_97077,P Vshivkov,2,1,40,39,1,79,2021-11-01 11:00:00,534172
Igor Demchuk_633204806,Igor Demchuk,-3,0,26,35,-9,61,2021-11-01 11:05:00,534173
Oleg Kuravsky_167175742,Oleg Kuravsky,-1,0,55,54,1,109,2021-11-01 11:10:00,534174
A Arutiunyan_97075,A Arutiunyan,-2,0,28,43,-15,71,2021-11-01 11:15:00,534175
Valeriy Petukhov_24853339,Valeriy Petukhov,1,1,46,44,2,90,2021-11-01 11:15:00,534176
O Kharlakin_97079,O Kharlakin,-3,0,27,39,-12,66,2021-11-01 11:15:00,534177
Yevhenii Kibka_1930745278,Yevhenii Kibka,-2,0,40,44,-4,84,2021-11-01 11:15:00,534178
Serhii Skachenko_1265125363,Serhii Skachenko,-1,0,49,53,-4,102,2021-11-01 11:20:00,534179
Vadym Komar_1956900816,Vadym Komar,1,1,49,43,6,92,2021-11-01 11:25:00,534180
Vitalii Krivenko_1491338553,Vitalii Krivenko,-1,0,42,48,-6,90,2021-11-01 11:30:00,534181
T Batthyany_21630,T Batthyany,-3,0,21,35,-14,56,2021-11-01 11:31:00,534182
V Rachkov_96987,V Rachkov,-1,0,48,51,-3,99,2021-11-01 11:35:00,534183
Volodymyr Tuchkevych_1752560310,Volodymyr Tuchkevych,3,1,34,24,10,58,2021-11-01 11:35:00,534184
Bogdan Stasiuk_298252618,Bogdan Stasiuk,2,1,40,31,9,71,2021-11-01 11:40:00,534185
Yevhenii Faflei_547982631,Yevhenii Faflei,1,1,56,50,6,106,2021-11-01 11:45:00,534186
A Lobanov_96963,A Lobanov,-2,0,37,39,-2,76,2021-11-01 11:45:00,534187
S Nikulin_96951,S Nikulin,-1,0,49,53,-4,102,2021-11-01 11:46:00,534188
Oleksii Horbanenko_955473600,Oleksii Horbanenko,-1,0,38,47,-9,85,2021-11-01 11:50:00,534189
Michael Rikun_458945915,Michael Rikun,1,1,50,45,5,95,2021-11-01 11:50:00,534190
Anatolii Yakovenko_621335249,Anatolii Yakovenko,2,1,41,34,7,75,2021-11-01 11:55:00,534191
Ja Svoboda_21631,Ja Svoboda,-2,0,37,43,-6,80,2021-11-01 12:00:00,534192
V Beliakov_96988,V Beliakov,3,1,33,19,14,52,2021-11-01 12:00:00,534193
Kyrylo Yehorov_209750588,Kyrylo Yehorov,-1,0,38,47,-9,85,2021-11-01 12:00:00,534194
Dmytro Baistriuchenko_1161687819,Dmytro Baistriuchenko,-2,0,23,37,-14,60,2021-11-01 12:05:00,534195
Serhii Hilitukha_336339103,Serhii Hilitukha,3,1,35,23,12,58,2021-11-01 12:10:00,534196
Viktor Bosak_1916419757,Viktor Bosak,2,1,44,35,9,79,2021-11-01 12:15:00,534197
T Yusipov_96964,T Yusipov,-3,0,24,34,-10,58,2021-11-01 12:17:00,534198
Dmytro Kalyniuk_925505602,Dmytro Kalyniuk,-3,0,25,34,-9,59,2021-11-01 12:20:00,534199
D Razinkov_96952,D Razinkov,-1,0,46,51,-5,97,2021-11-01 12:21:00,534200
Pavlo Zaderei_795285829,Pavlo Zaderei,-1,0,40,49,-9,89,2021-11-01 12:25:00,534201
Valerii Melnyk_1065621975,Valerii Melnyk,1,1,48,50,-2,98,2021-11-01 12:25:00,534202
Igor Sukovatyi_1814230968,Igor Sukovatyi,1,1,51,52,-1,103,2021-11-01 12:30:00,534203
F Just_21632,F Just,2,1,41,34,7,75,2021-11-01 12:31:00,534204
V Kutin_96989,V Kutin,-3,0,14,33,-19,47,2021-11-01 12:32:00,534205
Roman Vakarash_525136283,Roman Vakarash,-1,0,47,51,-4,98,2021-11-01 12:35:00,534206
Tymur Kozenkov_2032037696,Tymur Kozenkov,-3,0,23,33,-10,56,2021-11-01 12:40:00,534207
Bohdan Panchenko_1653455350,Bohdan Panchenko,2,1,44,39,5,83,2021-11-01 12:45:00,534208
Zh Tsybikov_96965,Zh Tsybikov,-3,0,20,36,-16,56,2021-11-01 12:45:00,534209
Igor Demchuk_415020264,Igor Demchuk,1,1,43,44,-1,87,2021-11-01 12:50:00,534210
Oleg Kuravsky_1472054114,Oleg Kuravsky,3,1,33,17,16,50,2021-11-01 12:55:00,534211
D Mikheev_96953,D Mikheev,-1,0,43,51,-8,94,2021-11-01 12:58:00,534212
Valeriy Petukhov_633894325,Valeriy Petukhov,-2,0,40,44,-4,84,2021-11-01 13:00:00,534213
Yevhenii Kibka_1723433950,Yevhenii Kibka,-1,0,50,54,-4,104,2021-11-01 13:00:00,534214
V Mishakin_96990,V Mishakin,2,1,45,34,11,79,2021-11-01 13:01:00,534215
T Batthyany_21658,T Batthyany,-2,0,36,39,-3,75,2021-11-01 13:02:00,534216
Dmytro Alekseenko_825426391,Dmytro Alekseenko,-3,0,26,34,-8,60,2021-11-01 13:05:00,534217
Igor Kozhenkov_1313177026,Igor Kozhenkov,3,1,33,23,10,56,2021-11-01 13:10:00,534218
R Pavlenko_96966,R Pavlenko,1,1,41,45,-4,86,2021-11-01 13:15:00,534219
Oleksandr Seluchenko_320498584,Oleksandr Seluchenko,-3,0,22,33,-11,55,2021-11-01 13:15:00,534220
Serhii Dibrova_1410454959,Serhii Dibrova,-3,0,30,36,-6,66,2021-11-01 13:20:00,534221
M Lysenko_97083,M Lysenko,-2,0,2,23,-21,25,2021-11-01 13:20:00,534222
Andrey Krysak_2055785052,Andrey Krysak,1,1,47,44,3,91,2021-11-01 13:25:00,534223
A Klavdenkov_96954,A Klavdenkov,1,1,48,39,9,87,2021-11-01 13:28:00,534224
V Kutin_96991,V Kutin,-1,0,47,47,0,94,2021-11-01 13:30:00,534225
Ihor Syniavskyi_1613559171,Ihor Syniavskyi,-2,0,36,38,-2,74,2021-11-01 13:30:00,534226
M-l Regner_21659,M-l Regner,-1,0,47,44,3,91,2021-11-01 13:31:00,534227
Serhii Rutskyi_1998468654,Serhii Rutskyi,-1,0,49,54,-5,103,2021-11-01 13:35:00,534228
Mykola Telnoi_1143324354,Mykola Telnoi,3,1,34,22,12,56,2021-11-01 13:35:00,534229
Serhii Skachenko_1962580344,Serhii Skachenko,-2,0,32,42,-10,74,2021-11-01 13:40:00,534230
O Aratskaya_97084,O Aratskaya,-1,0,30,36,-6,66,2021-11-01 13:40:00,534231
Vadym Komar_18083508,Vadym Komar,-1,0,45,48,-3,93,2021-11-01 13:45:00,534232
Zh Tsybikov_96967,Zh Tsybikov,2,1,40,32,8,72,2021-11-01 13:47:00,534233
Vitalii Krivenko_1593071761,Vitalii Krivenko,3,1,33,14,19,47,2021-11-01 13:50:00,534234
Volodymyr Tuchkevych_583296608,Volodymyr Tuchkevych,-1,0,39,46,-7,85,2021-11-01 13:55:00,534235
O Aratskaya_97085,O Aratskaya,2,1,24,4,20,28,2021-11-01 14:00:00,534236
Bogdan Stasiuk_1865124310,Bogdan Stasiuk,-2,0,36,41,-5,77,2021-11-01 14:00:00,534237
V Beliakov_96992,V Beliakov,1,1,46,40,6,86,2021-11-01 14:00:00,534238
D Mikheev_96955,D Mikheev,-1,0,47,53,-6,100,2021-11-01 14:01:00,534239
Yevhenii Faflei_1992383720,Yevhenii Faflei,-3,0,22,34,-12,56,2021-11-01 14:05:00,534240
R Hasmanda_21633,R Hasmanda,2,1,42,31,11,73,2021-11-01 14:09:00,534241
Oleksii Horbanenko_379456620,Oleksii Horbanenko,-2,0,36,38,-2,74,2021-11-01 14:10:00,534242
Michael Rikun_1296985466,Michael Rikun,-1,0,47,53,-6,100,2021-11-01 14:10:00,534243
Igor Sukovatyi_1381665905,Igor Sukovatyi,3,1,33,15,18,48,2021-11-01 14:15:00,534244
T Yusipov_96968,T Yusipov,2,1,41,36,5,77,2021-11-01 14:16:00,534245
Roman Vakarash_273699135,Roman Vakarash,3,1,34,22,12,56,2021-11-01 14:20:00,534246
E Samsonova_97086,E Samsonova,-1,0,20,31,-11,51,2021-11-01 14:20:00,534247
Tymur Kozenkov_249579109,Tymur Kozenkov,2,1,39,36,3,75,2021-11-01 14:25:00,534248
Volodymyr Tuchkevych_1713501851,Volodymyr Tuchkevych,-2,0,30,36,-6,66,2021-11-01 14:30:00,534249
V Kutin_97087,V Kutin,-3,0,23,33,-10,56,2021-11-01 14:31:00,534250
Igor Demchuk_1736125745,Igor Demchuk,-1,0,41,51,-10,92,2021-11-01 14:35:00,534251
Ja Prokupek_21634,Ja Prokupek,-1,0,54,54,0,108,2021-11-01 14:37:00,534252
D Razinkov_96956,D Razinkov,-3,0,22,35,-13,57,2021-11-01 14:37:00,534253
Oleg Kuravsky_1983332747,Oleg Kuravsky,-1,0,45,48,-3,93,2021-11-01 14:40:00,534254
T Yusipov_97089,T Yusipov,-1,0,41,49,-8,90,2021-11-01 14:45:00,534255
Oleksii Horbanenko_1751967170,Oleksii Horbanenko,1,1,52,52,0,104,2021-11-01 14:45:00,534256
Serhii Rutskyi_1012030739,Serhii Rutskyi,-1,0,38,49,-11,87,2021-11-01 14:45:00,534257
Illia Hubariev_2081068167,Illia Hubariev,3,1,39,27,12,66,2021-11-01 14:50:00,534258
Oleksandr Dziabura_2101996837,Oleksandr Dziabura,1,1,46,44,2,90,2021-11-01 14:55:00,534259
Vitalii Krivenko_715835683,Vitalii Krivenko,-2,0,32,42,-10,74,2021-11-01 15:00:00,534260
V Beliakov_97088,V Beliakov,1,1,44,42,2,86,2021-11-01 15:00:00,534261
D Razinkov_97094,D Razinkov,2,1,42,36,6,78,2021-11-01 15:04:00,534262
Bohdan Panchenko_1496428891,Bohdan Panchenko,3,1,34,19,15,53,2021-11-01 15:05:00,534263
Viktor Bosak_768305527,Viktor Bosak,-2,0,36,44,-8,80,2021-11-01 15:10:00,534264
T Varnuska_21635,T Varnuska,2,1,43,36,7,79,2021-11-01 15:10:00,534265
Oleksandr Levchenko_2052566743,Oleksandr Levchenko,-2,0,35,40,-5,75,2021-11-01 15:15:00,534266
Zh Tsybikov_97090,Zh Tsybikov,2,1,40,23,17,63,2021-11-01 15:19:00,534267
Mykola Telnoi_431245453,Mykola Telnoi,-1,0,49,49,0,98,2021-11-01 15:20:00,534268
Dmytro Dubrovin_754231399,Dmytro Dubrovin,2,1,42,34,8,76,2021-11-01 15:20:00,534269
Igor Sukovatyi_1813794728,Igor Sukovatyi,1,1,49,49,0,98,2021-11-01 15:25:00,534270
Roman Vakarash_1866468950,Roman Vakarash,2,1,37,33,4,70,2021-11-01 15:30:00,534271
S Nikulin_97095,S Nikulin,1,1,54,46,8,100,2021-11-01 15:31:00,534272
V Chernov_96993,V Chernov,3,1,33,19,14,52,2021-11-01 15:32:00,534273
Samvel Melkumian_611639988,Samvel Melkumian,-2,0,42,45,-3,87,2021-11-01 15:35:00,534274
Ja Berger_21636,Ja Berger,3,1,33,18,15,51,2021-11-01 15:38:00,534275
Andrey Guchok_925030368,Andrey Guchok,-3,0,26,35,-9,61,2021-11-01 15:40:00,534276
A Zabrodin_96969,A Zabrodin,1,1,48,44,4,92,2021-11-01 15:46:00,534277
Volodymyr Plishylo_1001911784,Volodymyr Plishylo,1,1,55,50,5,105,2021-11-01 15:50:00,534278
Vitalii Solovei_160293434,Vitalii Solovei,1,1,46,42,4,88,2021-11-01 15:55:00,534279
D Tikhnenko_96994,D Tikhnenko,2,1,42,33,9,75,2021-11-01 15:59:00,534280
Anatolii Yakovenko_573551307,Anatolii Yakovenko,-1,0,42,46,-4,88,2021-11-01 16:00:00,534281
T Varnuska_21637,T Varnuska,3,1,33,25,8,58,2021-11-01 16:00:00,534282
Kyrylo Yehorov_1406551807,Kyrylo Yehorov,1,1,48,43,5,91,2021-11-01 16:05:00,534283
V Kalachev_97015,V Kalachev,1,1,50,49,1,99,2021-11-01 16:08:00,534284
Mykhailo Sokur_435974102,Mykhailo Sokur,2,1,45,38,7,83,2021-11-01 16:10:00,534285
Anton Myrza_291391245,Anton Myrza,1,1,46,38,8,84,2021-11-01 16:15:00,534286
Andrii Kotik_636998034,Andrii Kotik,-2,0,37,45,-8,82,2021-11-01 16:20:00,534287
A Poprocky_96970,A Poprocky,-3,0,27,34,-7,61,2021-11-01 16:20:00,534288
Andrii Hordii_1685042856,Andrii Hordii,-2,0,33,41,-8,74,2021-11-01 16:25:00,534289
Serhii Pokidko_1569766310,Serhii Pokidko,-1,0,50,51,-1,101,2021-11-01 16:30:00,534290
A Yakovlev_96995,A Yakovlev,1,1,49,44,5,93,2021-11-01 16:31:00,534291
Ja Prokupek_21638,Ja Prokupek,2,1,41,36,5,77,2021-11-01 16:31:00,534292
Oleksandr Tuzhylin_616142551,Oleksandr Tuzhylin,-1,0,39,48,-9,87,2021-11-01 16:35:00,534293
Ivan Mai_1954523834,Ivan Mai,-2,0,30,41,-11,71,2021-11-01 16:40:00,534294
A Menshikov_97016,A Menshikov,-2,0,27,42,-15,69,2021-11-01 16:41:00,534295
Samvel Melkumian_844939973,Samvel Melkumian,-3,0,16,33,-17,49,2021-11-01 16:45:00,534296
E Anisimov_96971,E Anisimov,-2,0,36,43,-7,79,2021-11-01 16:45:00,534297
Andrey Guchok_737960990,Andrey Guchok,-2,0,33,40,-7,73,2021-11-01 16:50:00,534298
Nazarii Mosiuk_883202568,Nazarii Mosiuk,-3,0,21,33,-12,54,2021-11-01 16:55:00,534299
P Semeshin_97017,P Semeshin,-2,0,29,42,-13,71,2021-11-01 16:58:00,534300
Volodymyr Plishylo_1114775812,Volodymyr Plishylo,1,1,44,41,3,85,2021-11-01 17:00:00,534301
Ja Berger_21684,Ja Berger,1,1,50,44,6,94,2021-11-01 17:02:00,534302
A Sadkov_96996,A Sadkov,-2,0,32,40,-8,72,2021-11-01 17:03:00,534303
Vitalii Solovei_2080673491,Vitalii Solovei,3,1,34,22,12,56,2021-11-01 17:05:00,534304
Oleksandr Tuzhylin_1429139503,Oleksandr Tuzhylin,2,1,44,24,20,68,2021-11-01 17:10:00,534305
Bohdan Kohut_1325585705,Bohdan Kohut,-2,0,43,44,-1,87,2021-11-01 17:15:00,534306
E Madan_96972,E Madan,-2,0,38,42,-4,80,2021-11-01 17:16:00,534307
Nikita Korbut_695929508,Nikita Korbut,1,1,51,52,-1,103,2021-11-01 17:20:00,534308
D Evlahin_97018,D Evlahin,2,1,36,26,10,62,2021-11-01 17:21:00,534309
Volodymyr Tsyhanenko_1383289879,Volodymyr Tsyhanenko,3,1,35,26,9,61,2021-11-01 17:25:00,534310
Andrii Kotik_745910943,Andrii Kotik,-3,0,22,34,-12,56,2021-11-01 17:30:00,534311
A Yakovlev_96997,A Yakovlev,3,1,35,26,9,61,2021-11-01 17:30:00,534312
R Hasmanda_21685,R Hasmanda,2,1,41,32,9,73,2021-11-01 17:33:00,534313
Vasyl Kushnir_1773599396,Vasyl Kushnir,-1,0,49,45,4,94,2021-11-01 17:35:00,534314
Dmytro Derevinskyi_1309146036,Dmytro Derevinskyi,2,1,44,37,7,81,2021-11-01 17:40:00,534315
Bohdan Kohut_1084983583,Bohdan Kohut,-3,0,25,34,-9,59,2021-11-01 17:45:00,534316
E Anisimov_96973,E Anisimov,-3,0,24,33,-9,57,2021-11-01 17:46:00,534317
P Semeshin_97019,P Semeshin,1,1,47,44,3,91,2021-11-01 17:46:00,534318
Oleksandr Tuzhylin_1935980522,Oleksandr Tuzhylin,3,1,36,25,11,61,2021-11-01 17:50:00,534319
Mykhailo Sokur_2130328521,Mykhailo Sokur,-1,0,46,43,3,89,2021-11-01 17:55:00,534320
Anton Myrza_1951066377,Anton Myrza,1,1,48,36,12,84,2021-11-01 18:00:00,534321
D Tikhnenko_96998,D Tikhnenko,-2,0,42,45,-3,87,2021-11-01 18:00:00,534322
Nazarii Hrytsyienko_1603342078,Nazarii Hrytsyienko,-2,0,29,42,-13,71,2021-11-01 18:05:00,534323
Andrii Hordii_1597410759,Andrii Hordii,-1,0,47,52,-5,99,2021-11-01 18:10:00,534324
P Facek_21639,P Facek,2,1,39,34,5,73,2021-11-01 18:12:00,534325
Serhii Pokidko_1001094389,Serhii Pokidko,2,1,41,36,5,77,2021-11-01 18:15:00,534326
A Poprocky_96974,A Poprocky,1,1,46,42,4,88,2021-11-01 18:15:00,534327
A Menshikov_97020,A Menshikov,-3,0,26,35,-9,61,2021-11-01 18:16:00,534328
Oleksandr Tuzhylin_1355382093,Oleksandr Tuzhylin,-2,0,31,40,-9,71,2021-11-01 18:20:00,534329
Ivan Mai_189289269,Ivan Mai,3,1,33,24,9,57,2021-11-01 18:25:00,534330
Samvel Melkumian_1600253890,Samvel Melkumian,-1,0,42,47,-5,89,2021-11-01 18:30:00,534331
A Sadkov_97168,A Sadkov,3,1,34,24,10,58,2021-11-01 18:33:00,534332
Andrey Guchok_1797954877,Andrey Guchok,-3,0,14,33,-19,47,2021-11-01 18:35:00,534333
M Kolar_21640,M Kolar,-1,0,44,48,-4,92,2021-11-01 18:39:00,534334
Nazarii Mosiuk_1758561153,Nazarii Mosiuk,-3,0,12,33,-21,45,2021-11-01 18:40:00,534335
Volodymyr Plishylo_597288077,Volodymyr Plishylo,2,1,43,37,6,80,2021-11-01 18:45:00,534336
A Menshikov_97170,A Menshikov,-3,0,24,36,-12,60,2021-11-01 18:47:00,534337
Vitalii Solovei_2039161766,Vitalii Solovei,-3,0,21,33,-12,54,2021-11-01 18:50:00,534338
E Anisimov_97172,E Anisimov,1,1,51,44,7,95,2021-11-01 18:51:00,534339
Oleksandr Tuzhylin_1844302715,Oleksandr Tuzhylin,3,1,33,13,20,46,2021-11-01 18:55:00,534340
Bohdan Kohut_1100551509,Bohdan Kohut,-2,0,29,39,-10,68,2021-11-01 19:00:00,534341
D Tikhnenko_97169,D Tikhnenko,-1,0,52,55,-3,107,2021-11-01 19:00:00,534342
Nikita Korbut_71266068,Nikita Korbut,-2,0,25,41,-16,66,2021-11-01 19:05:00,534343
Volodymyr Tsyhanenko_253102585,Volodymyr Tsyhanenko,2,1,42,33,9,75,2021-11-01 19:10:00,534344
Jan Vrabec_21641,Jan Vrabec,3,1,33,16,17,49,2021-11-01 19:12:00,534345
Andrii Kotik_898329591,Andrii Kotik,1,1,48,41,7,89,2021-11-01 19:15:00,534346
P Semeshin_97171,P Semeshin,-2,0,31,40,-9,71,2021-11-01 19:15:00,534347
Vasyl Kushnir_1797980933,Vasyl Kushnir,2,1,47,32,15,79,2021-11-01 19:20:00,534348
A Poprocky_97173,A Poprocky,-3,0,22,34,-12,56,2021-11-01 19:23:00,534349
Dmytro Derevinskyi_2105567919,Dmytro Derevinskyi,1,1,48,47,1,95,2021-11-01 19:25:00,534350
Bohdan Kohut_2106978183,Bohdan Kohut,-2,0,42,47,-5,89,2021-11-01 19:30:00,534351
Ja Knot_21642,Ja Knot,-1,0,45,50,-5,95,2021-11-01 19:33:00,534352
Oleksandr Tuzhylin_1336853805,Oleksandr Tuzhylin,-1,0,38,44,-6,82,2021-11-01 19:35:00,534353
Z Abanokov_96999,Z Abanokov,-1,0,37,49,-12,86,2021-11-01 19:37:00,534354
Mykhailo Sokur_447927108,Mykhailo Sokur,-2,0,35,38,-3,73,2021-11-01 19:40:00,534355
Anton Myrza_662054031,Anton Myrza,2,1,45,38,7,83,2021-11-01 19:45:00,534356
A Yanshaev_97043,A Yanshaev,2,1,39,30,9,69,2021-11-01 19:47:00,534357
I Korogodskii_97027,I Korogodskii,1,1,55,45,10,100,2021-11-01 19:48:00,534358
Nazarii Hrytsyienko_1166959128,Nazarii Hrytsyienko,2,1,38,36,2,74,2021-11-01 19:50:00,534359
Andrii Hordii_345567090,Andrii Hordii,1,1,45,46,-1,91,2021-11-01 19:55:00,534360
Serhii Pokidko_603948452,Serhii Pokidko,-2,0,34,47,-13,81,2021-11-01 20:00:00,534361
O Pronin_97000,O Pronin,-3,0,20,33,-13,53,2021-11-01 20:03:00,534362
Oleksandr Brezytskyi_237554983,Oleksandr Brezytskyi,2,1,41,23,18,64,2021-11-01 20:05:00,534363
Maksym Zhuravliov_493109480,Maksym Zhuravliov,-2,0,33,44,-11,77,2021-11-01 20:10:00,534364
Jan Vrabec_21643,Jan Vrabec,1,1,49,45,4,94,2021-11-01 20:10:00,534365
Serhii Matviienko_387697447,Serhii Matviienko,-1,0,37,47,-10,84,2021-11-01 20:15:00,534366
I Moshkov_97044,I Moshkov,-2,0,38,41,-3,79,2021-11-01 20:16:00,534367
Yevhenii Holoborodko_1873529052,Yevhenii Holoborodko,-3,0,30,36,-6,66,2021-11-01 20:20:00,534368
A Afanasev_97028,A Afanasev,3,1,33,22,11,55,2021-11-01 20:23:00,534369
Nazarii Mosiuk_2110564124,Nazarii Mosiuk,2,1,39,37,2,76,2021-11-01 20:25:00,534370
V Chahur_97001,V Chahur,3,1,33,15,18,48,2021-11-01 20:29:00,534371
Nazarii Kovalchuk_1764064344,Nazarii Kovalchuk,1,1,47,43,4,90,2021-11-01 20:30:00,534372
Vitaliy Khamurda_24056714,Vitaliy Khamurda,-2,0,37,42,-5,79,2021-11-01 20:35:00,534373
Oleksandr Brezytskyi_1263924052,Oleksandr Brezytskyi,2,1,38,31,7,69,2021-11-01 20:40:00,534374
M Kolar_21644,M Kolar,-2,0,34,43,-9,77,2021-11-01 20:42:00,534375
Prokhor Puhach_1361225266,Prokhor Puhach,2,1,42,29,13,71,2021-11-01 20:45:00,534376
Ya Troyanov_97029,Ya Troyanov,1,1,49,39,10,88,2021-11-01 20:46:00,534377
M Minchenkov_97045,M Minchenkov,-3,0,27,33,-6,60,2021-11-01 20:47:00,534378
Samvel Melkumian_1482835631,Samvel Melkumian,1,1,47,46,1,93,2021-11-01 20:50:00,534379
Andrey Guchok_1897818990,Andrey Guchok,-2,0,31,40,-9,71,2021-11-01 20:55:00,534380
V Kasatkin_97002,V Kasatkin,2,1,42,31,11,73,2021-11-01 21:00:00,534381
Vadym Nechyporuk_1382326612,Vadym Nechyporuk,3,1,33,19,14,52,2021-11-01 21:00:00,534382
Volodymyr Plishylo_1296563771,Volodymyr Plishylo,2,1,41,38,3,79,2021-11-01 21:05:00,534383
Vitalii Solovei_728766384,Vitalii Solovei,-1,0,37,43,-6,80,2021-11-01 21:10:00,534384
Ja Knot_21686,Ja Knot,-2,0,32,41,-9,73,2021-11-01 21:12:00,534385
Maksym Zhuravliov_1472527067,Maksym Zhuravliov,-3,0,17,33,-16,50,2021-11-01 21:15:00,534386
A Klavdenkov_97046,A Klavdenkov,2,1,41,36,5,77,2021-11-01 21:16:00,534387
A Sirotkin_97030,A Sirotkin,-2,0,39,46,-7,85,2021-11-01 21:17:00,534388
Oleksandr Brezytskyi_1300420362,Oleksandr Brezytskyi,1,1,52,42,10,94,2021-11-01 21:20:00,534389
Samvel Melkumian_154647136,Samvel Melkumian,1,1,48,43,5,91,2021-11-01 21:25:00,534390
V Chahur_97003,V Chahur,-1,0,41,48,-7,89,2021-11-01 21:30:00,534391
Yevhenii Holoborodko_1873426556,Yevhenii Holoborodko,-2,0,42,43,-1,85,2021-11-01 21:30:00,534392
Andrii Kotik_1583180049,Andrii Kotik,1,1,55,48,7,103,2021-11-01 21:35:00,534393
Nazarii Danyliuk_1761164402,Nazarii Danyliuk,1,1,48,48,0,96,2021-11-01 21:40:00,534394
P Facek_21687,P Facek,-1,0,53,59,-6,112,2021-11-01 21:41:00,534395
Zakharia Tiuliagin_339413336,Zakharia Tiuliagin,2,1,40,25,15,65,2021-11-01 21:45:00,534396
M Minchenkov_97047,M Minchenkov,3,1,34,25,9,59,2021-11-01 21:48:00,534397
Ya Troyanov_97031,Ya Troyanov,-3,0,25,34,-9,59,2021-11-01 21:48:00,534398
Prokhor Puhach_1905154671,Prokhor Puhach,1,1,54,46,8,100,2021-11-01 21:50:00,534399
Maksym Zhuravliov_1969802239,Maksym Zhuravliov,-2,0,37,43,-6,80,2021-11-01 21:55:00,534400
Nikita Korbut_898481723,Nikita Korbut,0,1,0,0,0,0,2021-11-01 22:00:00,534401
O Pronin_97004,O Pronin,1,1,51,44,7,95,2021-11-01 22:01:00,534402
Volodymyr Tsyhanenko_1056117657,Volodymyr Tsyhanenko,-2,0,29,42,-13,71,2021-11-01 22:05:00,534403
Andrii Kotik_756036184,Andrii Kotik,-1,0,44,51,-7,95,2021-11-01 22:10:00,534404
Nazarii Kovalchuk_1569234861,Nazarii Kovalchuk,-1,0,53,52,1,105,2021-11-01 22:15:00,534405
I Moshkov_97048,I Moshkov,-3,0,26,33,-7,59,2021-11-01 22:16:00,534406
A Afanasev_97032,A Afanasev,3,1,33,24,9,57,2021-11-01 22:17:00,534407
Serhii Pokidko_1653994650,Serhii Pokidko,-1,0,44,53,-9,97,2021-11-01 22:20:00,534408
Yaroslav Ivanytsia_1283599095,Yaroslav Ivanytsia,-2,0,40,45,-5,85,2021-11-01 22:25:00,534409
M Blinka_21645,M Blinka,3,1,33,19,14,52,2021-11-01 22:27:00,534410
Oleksandr Brezytskyi_1737792671,Oleksandr Brezytskyi,3,1,33,24,9,57,2021-11-01 22:30:00,534411
Z Abanokov_97206,Z Abanokov,2,1,45,35,10,80,2021-11-01 22:36:00,534412
Viktor Didukh_1719953528,Viktor Didukh,-3,0,13,33,-20,46,2021-11-01 22:45:00,534413
I Moshkov_97208,I Moshkov,-2,0,37,40,-3,77,2021-11-01 22:46:00,534414
Ya Troyanov_97210,Ya Troyanov,-1,0,48,45,3,93,2021-11-01 22:47:00,534415
Ja Zlamal_21646,Ja Zlamal,2,1,40,31,9,71,2021-11-01 22:47:00,534416
Yaroslav Ivanytsia_946933465,Yaroslav Ivanytsia,2,1,38,28,10,66,2021-11-01 23:00:00,534417
V Chahur_97207,V Chahur,1,1,46,45,1,91,2021-11-01 23:00:00,534418
Prokhor Puhach_1637370499,Prokhor Puhach,-2,0,30,43,-13,73,2021-11-01 23:05:00,534419
M Minchenkov_97209,M Minchenkov,2,1,39,27,12,66,2021-11-01 23:16:00,534420
Ja Boruvka_21647,Ja Boruvka,-2,0,37,42,-5,79,2021-11-01 23:17:00,534421
A Sirotkin_97211,A Sirotkin,-3,0,17,33,-16,50,2021-11-01 23:21:00,534422
Pavlo Vasylchuk_846185486,Pavlo Vasylchuk,1,1,47,41,6,88,2021-11-01 23:35:00,534423
R Pavlenko_97005,R Pavlenko,2,1,43,29,14,72,2021-11-01 23:37:00,534424
Oleksandr Kuharchuk_170421154,Oleksandr Kuharchuk,3,1,34,26,8,60,2021-11-01 23:45:00,534425
I Novikov_97049,I Novikov,-1,0,48,51,-3,99,2021-11-01 23:46:00,534426
N Lyfenko_97033,N Lyfenko,1,1,50,46,4,96,2021-11-01 23:46:00,534427
R Vyborny_21648,R Vyborny,1,1,48,46,2,94,2021-11-01 23:49:00,534428
Andrii Baklykov_199048359,Andrii Baklykov,1,1,43,44,-1,87,2021-11-02 00:05:00,534429
S Ogai_101139,S Ogai,-3,0,30,36,-6,66,2021-11-02 00:12:00,534430
Iurii Prokhoruk_307533648,Iurii Prokhoruk,3,1,34,19,15,53,2021-11-02 00:15:00,534431
R Pavlenko_101173,R Pavlenko,2,1,44,42,2,86,2021-11-02 00:17:00,534432
I Novikov_101099,I Novikov,2,1,44,35,9,79,2021-11-02 00:18:00,534433
Borys Kostiuk_119672,Borys Kostiuk,-2,0,33,41,-8,74,2021-11-02 00:20:00,534434
Oleksandr Sulym_119586,Oleksandr Sulym,3,1,35,29,6,64,2021-11-02 00:25:00,534435
Ji Louda_22622,Ji Louda,3,1,36,26,10,62,2021-11-02 00:30:00,534436
D Petrov_101140,D Petrov,-3,0,21,33,-12,54,2021-11-02 00:33:00,534437
Denys Shcherbak_2069742220,Denys Shcherbak,-2,0,32,38,-6,70,2021-11-02 00:35:00,534438
Viktor Trachuk_880016656,Viktor Trachuk,-1,0,45,51,-6,96,2021-11-02 00:45:00,534439
I Ramensky_101100,I Ramensky,-2,0,24,39,-15,63,2021-11-02 00:47:00,534440
A Volkov_101174,A Volkov,-2,0,33,43,-10,76,2021-11-02 00:47:00,534441
Ruslan Khripun_119673,Ruslan Khripun,-3,0,23,33,-10,56,2021-11-02 00:50:00,534442
K Brozik_22657,K Brozik,1,1,49,47,2,96,2021-11-02 01:00:00,534443
A Fedosov_101141,A Fedosov,-1,0,48,48,0,96,2021-11-02 01:01:00,534444
Andrii Baklykov_1773637647,Andrii Baklykov,3,1,33,22,11,55,2021-11-02 01:05:00,534445
R Kobytov_101175,R Kobytov,1,1,52,48,4,100,2021-11-02 01:15:00,534446
Serhiy Tkachuk_613074493,Serhiy Tkachuk,-2,0,43,45,-2,88,2021-11-02 01:15:00,534447
K Churin_101101,K Churin,2,1,43,29,14,72,2021-11-02 01:17:00,534448
Roman Malynka_119587,Roman Malynka,-2,0,27,40,-13,67,2021-11-02 01:25:00,534449
Ruslan Khripun_119977,Ruslan Khripun,-1,0,38,46,-8,84,2021-11-02 01:25:00,534450
S Ogai_101142,S Ogai,2,1,48,39,9,87,2021-11-02 01:31:00,534451
Ji Louda_22658,Ji Louda,-2,0,38,47,-9,85,2021-11-02 01:31:00,534452
Denys Shcherbak_2127969964,Denys Shcherbak,2,1,44,36,8,80,2021-11-02 01:35:00,534453
Iurii Prokhoruk_884237629,Iurii Prokhoruk,3,1,33,22,11,55,2021-11-02 01:45:00,534454
I Novikov_101102,I Novikov,3,1,35,19,16,54,2021-11-02 01:47:00,534455
R Pavlenko_101176,R Pavlenko,-2,0,27,38,-11,65,2021-11-02 01:50:00,534456
Oleksandr Dukhovenko_119588,Oleksandr Dukhovenko,-3,0,27,33,-6,60,2021-11-02 01:55:00,534457
Serhii Mishchenko_119978,Serhii Mishchenko,-3,0,16,33,-17,49,2021-11-02 01:55:00,534458
A Fedosov_101143,A Fedosov,1,1,47,46,1,93,2021-11-02 02:02:00,534459
Mykola Lytvynenko_583253039,Mykola Lytvynenko,3,1,34,25,9,59,2021-11-02 02:05:00,534460
Viktor Trachuk_1096712168,Viktor Trachuk,3,1,33,24,9,57,2021-11-02 02:15:00,534461
R Kobytov_101177,R Kobytov,-2,0,35,42,-7,77,2021-11-02 02:16:00,534462
K Churin_101103,K Churin,2,1,42,33,9,75,2021-11-02 02:17:00,534463
Volodymyr Chornobab_119589,Volodymyr Chornobab,1,1,51,47,4,98,2021-11-02 02:25:00,534464
Denys Shcherbak_1474222334,Denys Shcherbak,-1,0,47,52,-5,99,2021-11-02 02:35:00,534465
A Petrov_101144,A Petrov,1,1,47,44,3,91,2021-11-02 02:38:00,534466
V Sidorin_101104,V Sidorin,-3,0,24,35,-11,59,2021-11-02 02:45:00,534467
Serhiy Tkachuk_874184397,Serhiy Tkachuk,-1,0,47,46,1,93,2021-11-02 02:45:00,534468
Yu Merkushin_101178,Yu Merkushin,-1,0,44,47,-3,91,2021-11-02 02:46:00,534469
Oleksandr Dukhovenko_119590,Oleksandr Dukhovenko,3,1,33,21,12,54,2021-11-02 02:55:00,534470
Andrii Baklykov_199225798,Andrii Baklykov,-1,0,52,51,1,103,2021-11-02 03:05:00,534471
Iurii Prokhoruk_522802290,Iurii Prokhoruk,2,1,37,33,4,70,2021-11-02 03:15:00,534472
I Ramensky_101105,I Ramensky,3,1,33,22,11,55,2021-11-02 03:15:00,534473
A Volkov_101179,A Volkov,2,1,41,37,4,78,2021-11-02 03:17:00,534474
D Petrov_101145,D Petrov,-3,0,19,33,-14,52,2021-11-02 03:19:00,534475
Roman Malynka_119591,Roman Malynka,-1,0,43,47,-4,90,2021-11-02 03:25:00,534476
Denys Shcherbak_2069773869,Denys Shcherbak,2,1,40,29,11,69,2021-11-02 03:35:00,534477
A Serebrennikov_101146,A Serebrennikov,-1,0,44,49,-5,93,2021-11-02 03:36:00,534478
Viktor Kotov_1045484383,Viktor Kotov,-2,0,34,41,-7,75,2021-11-02 03:45:00,534479
E Ilyukhin_101106,E Ilyukhin,1,1,56,42,14,98,2021-11-02 03:46:00,534480
Va Ivanov_101180,Va Ivanov,1,1,49,41,8,90,2021-11-02 03:51:00,534481
Oleksandr Ivashkin_119592,Oleksandr Ivashkin,-2,0,31,43,-12,74,2021-11-02 03:55:00,534482
Andrii Baklykov_1773747572,Andrii Baklykov,3,1,33,23,10,56,2021-11-02 04:05:00,534483
A Petrov_101147,A Petrov,2,1,49,41,8,90,2021-11-02 04:07:00,534484
Viktor Trachuk_2098528247,Viktor Trachuk,1,1,52,48,4,100,2021-11-02 04:15:00,534485
V Sidorin_101107,V Sidorin,3,1,34,24,10,58,2021-11-02 04:18:00,534486
Yu Merkushin_101181,Yu Merkushin,2,1,41,31,10,72,2021-11-02 04:19:00,534487
Volodymyr Chornobab_119593,Volodymyr Chornobab,-3,0,30,37,-7,67,2021-11-02 04:25:00,534488
Denys Shcherbak_2127929735,Denys Shcherbak,3,1,35,22,13,57,2021-11-02 04:35:00,534489
A Serebrennikov_101338,A Serebrennikov,3,1,34,26,8,60,2021-11-02 04:40:00,534490
Viktor Kotov_704221988,Viktor Kotov,2,1,45,38,7,83,2021-11-02 04:45:00,534491
V Sidorin_101340,V Sidorin,-3,0,21,34,-13,55,2021-11-02 04:46:00,534492
Yu Merkushin_101342,Yu Merkushin,2,1,43,32,11,75,2021-11-02 04:50:00,534493
Oleksandr Dukhovenko_119594,Oleksandr Dukhovenko,1,1,42,42,0,84,2021-11-02 04:55:00,534494
A Fedosov_101339,A Fedosov,1,1,57,47,10,104,2021-11-02 05:02:00,534495
Mykola Lytvynenko_1291139966,Mykola Lytvynenko,-2,0,27,35,-8,62,2021-11-02 05:05:00,534496
Viktor Trachuk_2098564248,Viktor Trachuk,-2,0,35,40,-5,75,2021-11-02 05:15:00,534497
E Ilyukhin_101341,E Ilyukhin,3,1,33,19,14,52,2021-11-02 05:16:00,534498
R Pavlenko_101343,R Pavlenko,-3,0,16,33,-17,49,2021-11-02 05:16:00,534499
Roman Malynka_119595,Roman Malynka,2,1,46,35,11,81,2021-11-02 05:25:00,534500
Oleksandr Ivashkin_119596,Oleksandr Ivashkin,-3,0,22,33,-11,55,2021-11-02 05:55:00,534501
Volodymyr Chornobab_119597,Volodymyr Chornobab,-3,0,20,34,-14,54,2021-11-02 06:25:00,534502
Roman Malynka_119598,Roman Malynka,1,1,48,49,-1,97,2021-11-02 06:55:00,534503
Volodymyr Lutskii_119599,Volodymyr Lutskii,-1,0,40,49,-9,89,2021-11-02 07:25:00,534504
P Vshivkov_101258,P Vshivkov,-3,0,17,33,-16,50,2021-11-02 07:31:00,534505
S Homutov_101292,S Homutov,-1,0,44,51,-7,95,2021-11-02 07:48:00,534506
V Kutin_101222,V Kutin,-2,0,37,48,-11,85,2021-11-02 07:50:00,534507
Volodymyr Plishylo_1963949870,Volodymyr Plishylo,1,1,51,47,4,98,2021-11-02 07:50:00,534508
Bohdan Zaika_2064485910,Bohdan Zaika,2,1,36,27,9,63,2021-11-02 07:55:00,534509
Roman Malynka_119600,Roman Malynka,3,1,33,20,13,53,2021-11-02 07:55:00,534510
G Karpovkin_101259,G Karpovkin,1,1,44,47,-3,91,2021-11-02 08:01:00,534511
A Zirin_101223,A Zirin,-2,0,30,43,-13,73,2021-11-02 08:19:00,534512
A Lisov_101293,A Lisov,3,1,33,11,22,44,2021-11-02 08:22:00,534513
Davyd Symonchuk_1054927857,Davyd Symonchuk,3,1,33,19,14,52,2021-11-02 08:25:00,534514
Oleksandr Dukhovenko_119601,Oleksandr Dukhovenko,-3,0,18,35,-17,53,2021-11-02 08:25:00,534515
O Belugin_101260,O Belugin,-3,0,26,35,-9,61,2021-11-02 08:30:00,534516
Oleg Gavryluk_1191754566,Oleg Gavryluk,2,1,42,35,7,77,2021-11-02 08:30:00,534517
Nazarii Hrytsyienko_1227020625,Nazarii Hrytsyienko,2,1,40,36,4,76,2021-11-02 08:35:00,534518
Pavlo Chyzh_426045424,Pavlo Chyzh,-1,0,39,46,-7,85,2021-11-02 08:40:00,534519
Andrii Khvysiuk_1938864300,Andrii Khvysiuk,1,1,51,49,2,100,2021-11-02 08:45:00,534520
I Tolmachev_101294,I Tolmachev,1,1,47,53,-6,100,2021-11-02 08:46:00,534521
V Nemashkalo_101224,V Nemashkalo,-2,0,44,48,-4,92,2021-11-02 08:49:00,534522
Vasyl Kushnir_392152769,Vasyl Kushnir,1,1,46,43,3,89,2021-11-02 08:50:00,534523
Pavlo Zaderei_125892004,Pavlo Zaderei,-3,0,23,34,-11,57,2021-11-02 08:55:00,534524
Vsevolod Kheresko_119969,Vsevolod Kheresko,1,1,48,44,4,92,2021-11-02 08:55:00,534525
Serhii Tsybulin_1405132157,Serhii Tsybulin,-3,0,20,33,-13,53,2021-11-02 08:55:00,534526
V Vologzhanin_101261,V Vologzhanin,-3,0,28,35,-7,63,2021-11-02 09:00:00,534527
Oleksandr Kolbasenko_119938,Oleksandr Kolbasenko,-3,0,24,33,-9,57,2021-11-02 09:00:00,534528
Vitalii Vovk_575252553,Vitalii Vovk,1,1,45,40,5,85,2021-11-02 09:00:00,534529
Kateryna Hubska_119693,Kateryna Hubska,-3,0,21,33,-12,54,2021-11-02 09:05:00,534530
Oleksandr Hubarev_206745210,Oleksandr Hubarev,2,1,39,30,9,69,2021-11-02 09:05:00,534531
Olha Panchyshyn_119727,Olha Panchyshyn,1,1,48,47,1,95,2021-11-02 09:10:00,534532
Anton Molochko_1537912709,Anton Molochko,-1,0,49,46,3,95,2021-11-02 09:10:00,534533
Artem Nesterenko_2001221112,Artem Nesterenko,-3,0,22,33,-11,55,2021-11-02 09:15:00,534534
Vitalii Mukhin_119888,Vitalii Mukhin,-2,0,34,37,-3,71,2021-11-02 09:15:00,534535
Roman Vashchuk_640424000,Roman Vashchuk,3,1,33,16,17,49,2021-11-02 09:20:00,534536
M Dukhin_101225,M Dukhin,1,1,46,40,6,86,2021-11-02 09:21:00,534537
O Nikiforov_101295,O Nikiforov,-1,0,46,50,-4,96,2021-11-02 09:22:00,534538
Nazarii Danyliuk_1907051884,Nazarii Danyliuk,2,1,40,37,3,77,2021-11-02 09:25:00,534539
Oleh Holiak_119679,Oleh Holiak,-3,0,15,33,-18,48,2021-11-02 09:25:00,534540
Mykyta Ruban_757807478,Mykyta Ruban,1,1,45,44,1,89,2021-11-02 09:30:00,534541
Maksym Mrykh_119939,Maksym Mrykh,-1,0,36,47,-11,83,2021-11-02 09:30:00,534542
Aleksandr Redkov_24177544,Aleksandr Redkov,-2,0,35,44,-9,79,2021-11-02 09:30:00,534543
O Belugin_101262,O Belugin,-3,0,15,33,-18,48,2021-11-02 09:32:00,534544
Davyd Symonchuk_641328967,Davyd Symonchuk,3,1,33,20,13,53,2021-11-02 09:35:00,534545
Marharyta Saltanovska_119694,Marharyta Saltanovska,-2,0,33,40,-7,73,2021-11-02 09:35:00,534546
Yuliia Plaksina_119704,Yuliia Plaksina,-1,0,42,51,-9,93,2021-11-02 09:40:00,534547
Oleg Gavryluk_669353362,Oleg Gavryluk,-3,0,23,33,-10,56,2021-11-02 09:40:00,534548
Oleksandr Goncharuk_119889,Oleksandr Goncharuk,-1,0,46,52,-6,98,2021-11-02 09:45:00,534549
Nazarii Hrytsyienko_1500229283,Nazarii Hrytsyienko,-2,0,37,41,-4,78,2021-11-02 09:45:00,534550
I Tolmachev_101296,I Tolmachev,-3,0,19,35,-16,54,2021-11-02 09:49:00,534551
Pavlo Chyzh_2084163264,Pavlo Chyzh,2,1,44,36,8,80,2021-11-02 09:50:00,534552
Ruslan Khripun_119950,Ruslan Khripun,2,1,41,30,11,71,2021-11-02 09:50:00,534553
V Nemashkalo_101226,V Nemashkalo,1,1,51,54,-3,105,2021-11-02 09:54:00,534554
Roman Makarenko_119751,Roman Makarenko,-1,0,40,50,-10,90,2021-11-02 09:55:00,534555
Serhii Hot_119680,Serhii Hot,3,1,34,24,10,58,2021-11-02 09:55:00,534556
Andrii Khvysiuk_432913340,Andrii Khvysiuk,-1,0,46,51,-5,97,2021-11-02 09:55:00,534557
Vasyl Kushnir_408484200,Vasyl Kushnir,2,1,40,28,12,68,2021-11-02 10:00:00,534558
Maksym Mrykh_119940,Maksym Mrykh,-3,0,27,35,-8,62,2021-11-02 10:00:00,534559
G Karpovkin_101263,G Karpovkin,-3,0,10,33,-23,43,2021-11-02 10:01:00,534560
T Varnuska_22629,T Varnuska,-1,0,48,51,-3,99,2021-11-02 10:02:00,534561
Pavlo Zaderei_1778343899,Pavlo Zaderei,-1,0,55,63,-8,118,2021-11-02 10:05:00,534562
Serhii Tsybulin_1731656604,Serhii Tsybulin,-2,0,33,43,-10,76,2021-11-02 10:05:00,534563
Kateryna Hubska_119695,Kateryna Hubska,-3,0,13,33,-20,46,2021-11-02 10:05:00,534564
Volodymyr Plishylo_1698174164,Volodymyr Plishylo,3,1,33,15,18,48,2021-11-02 10:10:00,534565
Tamara Kravchuk_119728,Tamara Kravchuk,3,1,35,23,12,58,2021-11-02 10:10:00,534566
Bohdan Zaika_1573905632,Bohdan Zaika,-1,0,48,52,-4,100,2021-11-02 10:15:00,534567
Marat Yakubov_119890,Marat Yakubov,1,1,50,47,3,97,2021-11-02 10:15:00,534568
A Lisov_101297,A Lisov,-3,0,12,33,-21,45,2021-11-02 10:17:00,534569
Serhii Mishchenko_119951,Serhii Mishchenko,2,1,41,39,2,80,2021-11-02 10:20:00,534570
Andrii Kotik_21308199,Andrii Kotik,-3,0,21,33,-12,54,2021-11-02 10:20:00,534571
Oleh Holiak_119681,Oleh Holiak,-3,0,16,33,-17,49,2021-11-02 10:25:00,534572
Andrii Dombrovskyi_119752,Andrii Dombrovskyi,-1,0,38,52,-14,90,2021-11-02 10:25:00,534573
Artem Tkachenko_702855059,Artem Tkachenko,3,1,33,20,13,53,2021-11-02 10:25:00,534574
A Zirin_101227,A Zirin,1,1,45,48,-3,93,2021-11-02 10:28:00,534575
Oleksandr Kolbasenko_119941,Oleksandr Kolbasenko,3,1,36,23,13,59,2021-11-02 10:30:00,534576
Roman Vashchuk_727409085,Roman Vashchuk,-1,0,42,47,-5,89,2021-11-02 10:30:00,534577
O Belugin_101344,O Belugin,-1,0,47,52,-5,99,2021-11-02 10:31:00,534578
Ja Knot_22630,Ja Knot,-3,0,26,34,-8,60,2021-11-02 10:33:00,534579
Nazarii Danyliuk_260362869,Nazarii Danyliuk,2,1,45,34,11,79,2021-11-02 10:35:00,534580
Anastasiia Gordinskaya-Sheiko_119696,Anastasiia Gordinskaya-Sheiko,-3,0,25,34,-9,59,2021-11-02 10:35:00,534581
Valerii Melnyk_1134989995,Valerii Melnyk,2,1,42,30,12,72,2021-11-02 10:40:00,534582
Yuliia Plaksina_119706,Yuliia Plaksina,-3,0,16,33,-17,49,2021-11-02 10:40:00,534583
Aleksandr Redkov_721696743,Aleksandr Redkov,-1,0,51,46,5,97,2021-11-02 10:40:00,534584
Nazarii Mosiuk_665184948,Nazarii Mosiuk,2,1,43,37,6,80,2021-11-02 10:45:00,534585
Oleksandr Goncharuk_119891,Oleksandr Goncharuk,-2,0,31,36,-5,67,2021-11-02 10:45:00,534586
I Tolmachev_101346,I Tolmachev,-2,0,34,41,-7,75,2021-11-02 10:46:00,534587
Serhii Mishchenko_119952,Serhii Mishchenko,1,1,43,42,1,85,2021-11-02 10:50:00,534588
Vladimir Malashevsky_766166714,Vladimir Malashevsky,-3,0,10,33,-23,43,2021-11-02 10:50:00,534589
Serhii Diachenko_119753,Serhii Diachenko,-2,0,29,43,-14,72,2021-11-02 10:55:00,534590
Vsevolod Kheresko_119970,Vsevolod Kheresko,-1,0,45,43,2,88,2021-11-02 10:55:00,534591
Anton Molochko_957460777,Anton Molochko,-3,0,22,36,-14,58,2021-11-02 10:55:00,534592
Artem Nesterenko_1747596899,Artem Nesterenko,-2,0,39,41,-2,80,2021-11-02 11:00:00,534593
Fedir Balbas_119942,Fedir Balbas,-3,0,20,34,-14,54,2021-11-02 11:00:00,534594
Jo Belovsky_22631,Jo Belovsky,-2,0,33,39,-6,72,2021-11-02 11:01:00,534595
P Vshivkov_101345,P Vshivkov,-3,0,15,33,-18,48,2021-11-02 11:01:00,534596
A Zirin_101348,A Zirin,-2,0,38,39,-1,77,2021-11-02 11:02:00,534597
Marharyta Saltanovska_119697,Marharyta Saltanovska,3,1,37,31,6,68,2021-11-02 11:05:00,534598
Andrii Khvysiuk_1571871160,Andrii Khvysiuk,-2,0,27,38,-11,65,2021-11-02 11:05:00,534599
Olha Panchyshyn_119729,Olha Panchyshyn,-3,0,21,34,-13,55,2021-11-02 11:10:00,534600
Vasyl Kushnir_205598128,Vasyl Kushnir,-1,0,37,51,-14,88,2021-11-02 11:10:00,534601
Mykyta Ruban_566914618,Mykyta Ruban,2,1,43,39,4,82,2021-11-02 11:15:00,534602
Pavlo Zaderei_340897185,Pavlo Zaderei,2,1,42,35,7,77,2021-11-02 11:15:00,534603
Vitalii Mukhin_119892,Vitalii Mukhin,1,1,47,43,4,90,2021-11-02 11:15:00,534604
A Lisov_101347,A Lisov,-2,0,24,42,-18,66,2021-11-02 11:17:00,534605
Vitalii Vovk_1890347471,Vitalii Vovk,2,1,40,35,5,75,2021-11-02 11:20:00,534606
Ruslan Khripun_119953,Ruslan Khripun,-2,0,31,39,-8,70,2021-11-02 11:20:00,534607
Mykhailo Hlaholev_119683,Mykhailo Hlaholev,1,1,51,47,4,98,2021-11-02 11:25:00,534608
Andrii Dombrovskyi_119754,Andrii Dombrovskyi,-1,0,49,55,-6,104,2021-11-02 11:25:00,534609
Oleksandr Hubarev_1497602086,Oleksandr Hubarev,3,1,33,11,22,44,2021-11-02 11:25:00,534610
V Nemashkalo_101349,V Nemashkalo,3,1,35,26,9,61,2021-11-02 11:26:00,534611
I Afanasev_101264,I Afanasev,2,1,34,32,2,66,2021-11-02 11:30:00,534612
Nazarii Hrytsyienko_279663719,Nazarii Hrytsyienko,-2,0,30,39,-9,69,2021-11-02 11:30:00,534613
Oleksandr Kolbasenko_119943,Oleksandr Kolbasenko,2,1,37,28,9,65,2021-11-02 11:30:00,534614
A Barbora_22632,A Barbora,2,1,42,30,12,72,2021-11-02 11:31:00,534615
Kateryna Hubska_119698,Kateryna Hubska,-1,0,40,49,-9,89,2021-11-02 11:35:00,534616
Pavlo Chyzh_880781156,Pavlo Chyzh,-3,0,17,33,-16,50,2021-11-02 11:35:00,534617
Andrey Guchok_1630621125,Andrey Guchok,3,1,33,19,14,52,2021-11-02 11:40:00,534618
Liliia Nerush_119708,Liliia Nerush,-3,0,24,34,-10,58,2021-11-02 11:40:00,534619
Stefan Yakimenko_119893,Stefan Yakimenko,2,1,41,28,13,69,2021-11-02 11:45:00,534620
Nazarii Kovalchuk_1112168564,Nazarii Kovalchuk,3,1,33,18,15,51,2021-11-02 11:45:00,534621
E Grishaev_101298,E Grishaev,2,1,38,33,5,71,2021-11-02 11:47:00,534622
Mykola Ulianchych_119954,Mykola Ulianchych,-3,0,15,33,-18,48,2021-11-02 11:50:00,534623
Valeriy Petukhov_1534281780,Valeriy Petukhov,2,1,41,33,8,74,2021-11-02 11:50:00,534624
Serhii Tsybulin_2126229391,Serhii Tsybulin,1,1,41,42,-1,83,2021-11-02 11:50:00,534625
M Ilichev_101230,M Ilichev,2,1,39,33,6,72,2021-11-02 11:53:00,534626
Roman Makarenko_119755,Roman Makarenko,-1,0,46,51,-5,97,2021-11-02 11:55:00,534627
Serhii Hot_119684,Serhii Hot,2,1,42,38,4,80,2021-11-02 11:55:00,534628
Davyd Symonchuk_2012872573,Davyd Symonchuk,3,1,35,25,10,60,2021-11-02 11:55:00,534629
Oleg Gavryluk_616488331,Oleg Gavryluk,-2,0,26,36,-10,62,2021-11-02 12:00:00,534630
Yevhen Hasan_119944,Yevhen Hasan,3,1,35,24,11,59,2021-11-02 12:00:00,534631
D Mikheev_101265,D Mikheev,-2,0,35,42,-7,77,2021-11-02 12:01:00,534632
Jo Belovsky_22633,Jo Belovsky,-3,0,19,33,-14,52,2021-11-02 12:01:00,534633
Marharyta Saltanovska_119699,Marharyta Saltanovska,-3,0,29,35,-6,64,2021-11-02 12:05:00,534634
Andrii Kotik_1040231092,Andrii Kotik,-2,0,34,44,-10,78,2021-11-02 12:05:00,534635
Tamara Kravchuk_119730,Tamara Kravchuk,-3,0,23,33,-10,56,2021-11-02 12:10:00,534636
Artem Tkachenko_173423159,Artem Tkachenko,-1,0,44,49,-5,93,2021-11-02 12:10:00,534637
Roman Vashchuk_414996856,Roman Vashchuk,3,1,33,11,22,44,2021-11-02 12:15:00,534638
Marat Yakubov_119894,Marat Yakubov,1,1,55,49,6,104,2021-11-02 12:15:00,534639
V Evlampiev_101299,V Evlampiev,-2,0,38,44,-6,82,2021-11-02 12:15:00,534640
A Pravednov_101231,A Pravednov,1,1,49,42,7,91,2021-11-02 12:17:00,534641
Andrii Hordii_386230232,Andrii Hordii,-3,0,22,33,-11,55,2021-11-02 12:20:00,534642
Ruslan Khripun_119955,Ruslan Khripun,2,1,43,33,10,76,2021-11-02 12:20:00,534643
Oleksandr Lykhytskyi_119756,Oleksandr Lykhytskyi,-1,0,40,45,-5,85,2021-11-02 12:25:00,534644
Pavlo Zaderei_700580190,Pavlo Zaderei,-1,0,36,50,-14,86,2021-11-02 12:25:00,534645
Oleh Holiak_119685,Oleh Holiak,-2,0,27,41,-14,68,2021-11-02 12:25:00,534646
Valerii Melnyk_2041801737,Valerii Melnyk,-2,0,33,44,-11,77,2021-11-02 12:25:00,534647
Ja Knot_22634,Ja Knot,3,1,34,24,10,58,2021-11-02 12:29:00,534648
Maksym Mrykh_119945,Maksym Mrykh,-3,0,12,33,-21,45,2021-11-02 12:30:00,534649
Volodymyr Plishylo_1108733072,Volodymyr Plishylo,3,1,35,22,13,57,2021-11-02 12:30:00,534650
I Minchenkov_101266,I Minchenkov,-2,0,29,42,-13,71,2021-11-02 12:31:00,534651
Anastasiia Gordinskaya-Sheiko_119700,Anastasiia Gordinskaya-Sheiko,-1,0,48,47,1,95,2021-11-02 12:35:00,534652
Bohdan Zaika_696889386,Bohdan Zaika,-2,0,29,44,-15,73,2021-11-02 12:35:00,534653
Anton Molochko_881606447,Anton Molochko,-1,0,43,52,-9,95,2021-11-02 12:40:00,534654
Oleksandr Goncharuk_119895,Oleksandr Goncharuk,1,1,43,43,0,86,2021-11-02 12:45:00,534655
Artem Nesterenko_1256303873,Artem Nesterenko,-1,0,41,47,-6,88,2021-11-02 12:45:00,534656
N Kurilchik_101300,N Kurilchik,-1,0,39,42,-3,81,2021-11-02 12:49:00,534657
Andrii Khvysiuk_264428481,Andrii Khvysiuk,-2,0,25,38,-13,63,2021-11-02 12:50:00,534658
Borys Kostiuk_119956,Borys Kostiuk,1,1,46,42,4,88,2021-11-02 12:50:00,534659
A Lobanov_101232,A Lobanov,-3,0,16,33,-17,49,2021-11-02 12:55:00,534660
Serhii Diachenko_119757,Serhii Diachenko,1,1,51,51,0,102,2021-11-02 12:55:00,534661
Vasyl Kushnir_272567591,Vasyl Kushnir,-2,0,34,38,-4,72,2021-11-02 12:55:00,534662
Vsevolod Kheresko_119971,Vsevolod Kheresko,-1,0,34,44,-10,78,2021-11-02 12:55:00,534663
Aleksandr Redkov_1880924126,Aleksandr Redkov,-1,0,41,41,0,82,2021-11-02 13:00:00,534664
Mykyta Ruban_910176091,Mykyta Ruban,2,1,42,32,10,74,2021-11-02 13:00:00,534665
Fedir Balbas_119946,Fedir Balbas,-1,0,46,41,5,87,2021-11-02 13:00:00,534666
E Markelov_101267,E Markelov,3,1,33,19,14,52,2021-11-02 13:00:00,534667
Nazarii Mosiuk_403370717,Nazarii Mosiuk,-2,0,32,37,-5,69,2021-11-02 13:05:00,534668
Kateryna Hubska_119701,Kateryna Hubska,-3,0,25,36,-11,61,2021-11-02 13:05:00,534669
Jo Belovsky_22659,Jo Belovsky,-1,0,43,47,-4,90,2021-11-02 13:07:00,534670
Olha Panchyshyn_119731,Olha Panchyshyn,1,1,44,44,0,88,2021-11-02 13:10:00,534671
Vladimir Malashevsky_1599599717,Vladimir Malashevsky,-2,0,29,37,-8,66,2021-11-02 13:10:00,534672
Vasyl Verbianyi_1046596341,Vasyl Verbianyi,-3,0,14,33,-19,47,2021-11-02 13:15:00,534673
Vitalii Mukhin_119896,Vitalii Mukhin,3,1,33,20,13,53,2021-11-02 13:15:00,534674
A Kozlov_101233,A Kozlov,-3,0,12,33,-21,45,2021-11-02 13:17:00,534675
I Buyanin_101301,I Buyanin,-2,0,38,46,-8,84,2021-11-02 13:18:00,534676
Dmytro Lohosha_802958707,Dmytro Lohosha,-3,0,15,33,-18,48,2021-11-02 13:20:00,534677
Serhii Mishchenko_119957,Serhii Mishchenko,3,1,36,27,9,63,2021-11-02 13:20:00,534678
Mykhailo Hlaholev_119687,Mykhailo Hlaholev,1,1,56,54,2,110,2021-11-02 13:25:00,534679
Andrii Dombrovskyi_119758,Andrii Dombrovskyi,2,1,47,42,5,89,2021-11-02 13:25:00,534680
Roman Vashchuk_553968428,Roman Vashchuk,1,1,53,49,4,102,2021-11-02 13:25:00,534681
Yevhen Hasan_119947,Yevhen Hasan,2,1,42,34,8,76,2021-11-02 13:30:00,534682
Andrii Hordii_1447612450,Andrii Hordii,-2,0,29,44,-15,73,2021-11-02 13:30:00,534683
I Minchenkov_101268,I Minchenkov,3,1,35,22,13,57,2021-11-02 13:30:00,534684
Pavlo Zaderei_1778380795,Pavlo Zaderei,-2,0,39,42,-3,81,2021-11-02 13:35:00,534685
Maksym Nikolenko_468894830,Maksym Nikolenko,-3,0,28,36,-8,64,2021-11-02 13:35:00,534686
Anastasiia Ostapenko_119702,Anastasiia Ostapenko,-3,0,22,33,-11,55,2021-11-02 13:35:00,534687
T Varnuska_22660,T Varnuska,-1,0,43,45,-2,88,2021-11-02 13:38:00,534688
Liliia Nerush_119712,Liliia Nerush,1,1,53,52,1,105,2021-11-02 13:40:00,534689
Vitalii Vovk_1510477283,Vitalii Vovk,3,1,33,18,15,51,2021-11-02 13:40:00,534690
Oleksandr Hubarev_1549087124,Oleksandr Hubarev,-3,0,17,33,-16,50,2021-11-02 13:45:00,534691
Stefan Yakimenko_119897,Stefan Yakimenko,2,1,45,33,12,78,2021-11-02 13:45:00,534692
A Lobanov_101234,A Lobanov,-2,0,35,43,-8,78,2021-11-02 13:45:00,534693
Nazarii Hrytsyienko_1956553241,Nazarii Hrytsyienko,-1,0,44,52,-8,96,2021-11-02 13:50:00,534694
Mykola Ulianchych_119958,Mykola Ulianchych,-1,0,49,53,-4,102,2021-11-02 13:50:00,534695
N Kurilchik_101302,N Kurilchik,2,1,42,26,16,68,2021-11-02 13:54:00,534696
Roman Makarenko_119759,Roman Makarenko,2,1,46,39,7,85,2021-11-02 13:55:00,534697
Pavlo Chyzh_28534404,Pavlo Chyzh,-2,0,34,40,-6,74,2021-11-02 13:55:00,534698
Serhii Hot_119688,Serhii Hot,-3,0,15,33,-18,48,2021-11-02 13:55:00,534699
Yevhen Hasan_119948,Yevhen Hasan,-1,0,43,44,-1,87,2021-11-02 14:00:00,534700
D Mikheev_101269,D Mikheev,3,1,33,14,19,47,2021-11-02 14:00:00,534701
Andrii Khvysiuk_579175686,Andrii Khvysiuk,-3,0,20,33,-13,53,2021-11-02 14:00:00,534702
Anastasiia Gordinskaya-Sheiko_120079,Anastasiia Gordinskaya-Sheiko,3,1,41,30,11,71,2021-11-02 14:05:00,534703
Vasyl Kushnir_1938678491,Vasyl Kushnir,-1,0,43,49,-6,92,2021-11-02 14:05:00,534704
Tamara Kravchuk_119732,Tamara Kravchuk,-3,0,22,36,-14,58,2021-11-02 14:10:00,534705
Aleksandr Redkov_816213886,Aleksandr Redkov,2,1,44,37,7,81,2021-11-02 14:10:00,534706
Serhii Tsybulin_795632389,Serhii Tsybulin,-3,0,22,33,-11,55,2021-11-02 14:10:00,534707
A Pravednov_101235,A Pravednov,3,1,35,23,12,58,2021-11-02 14:15:00,534708
Volodymyr Plishylo_737879870,Volodymyr Plishylo,-1,0,43,50,-7,93,2021-11-02 14:15:00,534709
Marat Yakubov_119898,Marat Yakubov,-2,0,32,38,-6,70,2021-11-02 14:15:00,534710
M Cinibulk_22635,M Cinibulk,3,1,33,17,16,50,2021-11-02 14:16:00,534711
V Evlampiev_101303,V Evlampiev,3,1,33,11,22,44,2021-11-02 14:16:00,534712
Bohdan Zaika_1798818132,Bohdan Zaika,1,1,44,41,3,85,2021-11-02 14:20:00,534713
Borys Kostiuk_119959,Borys Kostiuk,2,1,43,33,10,76,2021-11-02 14:20:00,534714
Oleksandr Lykhytskyi_119760,Oleksandr Lykhytskyi,1,1,43,46,-3,89,2021-11-02 14:25:00,534715
Anton Molochko_1818046587,Anton Molochko,3,1,33,23,10,56,2021-11-02 14:25:00,534716
Vsevolod Kheresko_119972,Vsevolod Kheresko,3,1,34,26,8,60,2021-11-02 14:25:00,534717
D Mikheev_101391,D Mikheev,1,1,55,51,4,106,2021-11-02 14:30:00,534718
Fedir Balbas_119949,Fedir Balbas,2,1,44,36,8,80,2021-11-02 14:30:00,534719
Artem Nesterenko_284965177,Artem Nesterenko,2,1,42,31,11,73,2021-11-02 14:30:00,534720
J Vojtech_22636,J Vojtech,-3,0,17,33,-16,50,2021-11-02 14:33:00,534721
Roman Vashchuk_3878022,Roman Vashchuk,2,1,43,39,4,82,2021-11-02 14:35:00,534722
Oksana Kolosovska_120080,Oksana Kolosovska,-2,0,34,42,-8,76,2021-11-02 14:35:00,534723
Andrii Hordii_312198055,Andrii Hordii,1,1,56,55,1,111,2021-11-02 14:40:00,534724
I Buyanin_101393,I Buyanin,3,1,33,17,16,50,2021-11-02 14:45:00,534725
Valerii Melnyk_395543048,Valerii Melnyk,3,1,33,18,15,51,2021-11-02 14:45:00,534726
Vitalii Mukhin_119747,Vitalii Mukhin,1,1,47,36,11,83,2021-11-02 14:45:00,534727
Pavlo Zaderei_644748095,Pavlo Zaderei,-2,0,29,42,-13,71,2021-11-02 14:45:00,534728
Borys Kostiuk_119960,Borys Kostiuk,-3,0,23,36,-13,59,2021-11-02 14:50:00,534729
Oleksandr Kovalov_46732687,Oleksandr Kovalov,-2,0,34,44,-10,78,2021-11-02 14:50:00,534730
A Lobanov_101396,A Lobanov,-3,0,27,35,-8,62,2021-11-02 14:51:00,534731
Bohdan Pyrtyk_119690,Bohdan Pyrtyk,2,1,40,35,5,75,2021-11-02 14:55:00,534732
Serhii Diachenko_119761,Serhii Diachenko,3,1,36,30,6,66,2021-11-02 14:55:00,534733
Borys Buriak_35066618,Borys Buriak,1,1,52,53,-1,105,2021-11-02 14:55:00,534734
Sr. Korp_22637,Sr. Korp,-3,0,20,37,-17,57,2021-11-02 14:59:00,534735
Vasyl Verbianyi_822090785,Vasyl Verbianyi,-1,0,43,48,-5,91,2021-11-02 15:00:00,534736
I Afanasev_101392,I Afanasev,3,1,33,22,11,55,2021-11-02 15:00:00,534737
Artem Tkachenko_848244244,Artem Tkachenko,3,1,35,22,13,57,2021-11-02 15:05:00,534738
Maryna Slashchova_119715,Maryna Slashchova,2,1,49,43,6,92,2021-11-02 15:10:00,534739
Roman Pinchuk_1609902992,Roman Pinchuk,1,1,46,50,-4,96,2021-11-02 15:10:00,534740
Serhii Yatsenko_119899,Serhii Yatsenko,-3,0,21,34,-13,55,2021-11-02 15:15:00,534741
V Evlampiev_101394,V Evlampiev,2,1,43,34,9,77,2021-11-02 15:15:00,534742
Nazarii Danyliuk_841329572,Nazarii Danyliuk,-1,0,39,49,-10,88,2021-11-02 15:15:00,534743
M Ilichev_101395,M Ilichev,1,1,51,47,4,98,2021-11-02 15:16:00,534744
Valentyn Yunchyk_1708234950,Valentyn Yunchyk,-3,0,22,33,-11,55,2021-11-02 15:20:00,534745
Mykola Ulianchych_119961,Mykola Ulianchych,2,1,38,31,7,69,2021-11-02 15:20:00,534746
Valeriy Petukhov_165769319,Valeriy Petukhov,1,1,52,45,7,97,2021-11-02 15:20:00,534747
Volodymyr Plishylo_1168624302,Volodymyr Plishylo,-2,0,36,41,-5,77,2021-11-02 15:25:00,534748
Roman Makarenko_119762,Roman Makarenko,-3,0,21,33,-12,54,2021-11-02 15:25:00,534749
Vsevolod Kheresko_119973,Vsevolod Kheresko,-1,0,40,51,-11,91,2021-11-02 15:25:00,534750
M Klement_22638,M Klement,1,1,48,36,12,84,2021-11-02 15:29:00,534751
Bohdan Zaika_1654187263,Bohdan Zaika,3,1,33,19,14,52,2021-11-02 15:30:00,534752
S Muslikov_101270,S Muslikov,3,1,33,18,15,51,2021-11-02 15:30:00,534753
Viktor Bedriichuk_1543374997,Viktor Bedriichuk,-1,0,51,52,-1,103,2021-11-02 15:35:00,534754
Vladyslav Batenko_1175462405,Vladyslav Batenko,-3,0,22,36,-14,58,2021-11-02 15:40:00,534755
Olha Panchyshyn_119734,Olha Panchyshyn,3,1,41,35,6,76,2021-11-02 15:40:00,534756
Vitalii Mukhin_119900,Vitalii Mukhin,3,1,33,16,17,49,2021-11-02 15:45:00,534757
I Abelmasov_101304,I Abelmasov,-3,0,31,37,-6,68,2021-11-02 15:49:00,534758
Petro Tsolik_1702567119,Petro Tsolik,-3,0,17,33,-16,50,2021-11-02 15:50:00,534759
I Meteleshko_101236,I Meteleshko,-3,0,27,35,-8,62,2021-11-02 15:51:00,534760
Oleh Holiak_119692,Oleh Holiak,-2,0,35,43,-8,78,2021-11-02 15:55:00,534761
Tymur Karchevskyi_119763,Tymur Karchevskyi,1,1,52,48,4,100,2021-11-02 15:55:00,534762
Vadym Smetenko_341374294,Vadym Smetenko,-1,0,42,44,-2,86,2021-11-02 15:55:00,534763
Davyd Symonchuk_336164945,Davyd Symonchuk,-1,0,45,44,1,89,2021-11-02 16:00:00,534764
A Yakovlev_101271,A Yakovlev,-3,0,23,34,-11,57,2021-11-02 16:00:00,534765
Sr. Korp_22639,Sr. Korp,-2,0,31,43,-12,74,2021-11-02 16:01:00,534766
Oleg Gavryluk_712988447,Oleg Gavryluk,1,1,53,53,0,106,2021-11-02 16:05:00,534767
Oleksandr Bondarchuk_1582474027,Oleksandr Bondarchuk,3,1,37,26,11,63,2021-11-02 16:10:00,534768
Vadim Sidorenko_2121885968,Vadim Sidorenko,2,1,37,33,4,70,2021-11-02 16:15:00,534769
Oleksandr Goncharuk_119901,Oleksandr Goncharuk,-3,0,27,34,-7,61,2021-11-02 16:15:00,534770
A Poprocky_101237,A Poprocky,2,1,37,34,3,71,2021-11-02 16:16:00,534771
M Minkov_101305,M Minkov,1,1,46,37,9,83,2021-11-02 16:18:00,534772
Viktor Bosak_317247249,Viktor Bosak,2,1,39,26,13,65,2021-11-02 16:20:00,534773
Roman Makarenko_119764,Roman Makarenko,3,1,34,23,11,57,2021-11-02 16:25:00,534774
Anatolii Dulich_119766,Anatolii Dulich,2,1,41,33,8,74,2021-11-02 16:25:00,534775
Vasyl Aksenin_1813979426,Vasyl Aksenin,-1,0,45,52,-7,97,2021-11-02 16:25:00,534776
J Vojtech_22640,J Vojtech,2,1,43,34,9,77,2021-11-02 16:30:00,534777
Dmytro Lazuryk_119902,Dmytro Lazuryk,2,1,45,43,2,88,2021-11-02 16:30:00,534778
Maksym Butkov_860424513,Maksym Butkov,1,1,49,52,-3,101,2021-11-02 16:30:00,534779
M Sverdlov_101272,M Sverdlov,-3,0,19,33,-14,52,2021-11-02 16:30:00,534780
Yevhen Bielokon_119781,Yevhen Bielokon,3,1,33,20,13,53,2021-11-02 16:35:00,534781
Iryna Aseieva_1030910978,Iryna Aseieva,2,1,43,32,11,75,2021-11-02 16:35:00,534782
Viktor Yevtodii_119912,Viktor Yevtodii,2,1,40,41,-1,81,2021-11-02 16:40:00,534783
Tatiana Tatianina_1485813847,Tatiana Tatianina,-3,0,22,33,-11,55,2021-11-02 16:40:00,534784
Viktor Bereza_119813,Viktor Bereza,3,1,33,25,8,58,2021-11-02 16:45:00,534785
Viktor Bedriichuk_283841130,Viktor Bedriichuk,-1,0,44,49,-5,93,2021-11-02 16:45:00,534786
V Vologzhanin_101238,V Vologzhanin,3,1,36,22,14,58,2021-11-02 16:47:00,534787
D Evlahin_101306,D Evlahin,1,1,53,42,11,95,2021-11-02 16:47:00,534788
Vadim Sidorenko_298772972,Vadim Sidorenko,-2,0,30,42,-12,72,2021-11-02 16:50:00,534789
Volodymyr Korobko_119767,Volodymyr Korobko,3,1,34,25,9,59,2021-11-02 16:55:00,534790
Igor Demchuk_1521198885,Igor Demchuk,-1,0,39,49,-10,88,2021-11-02 16:55:00,534791
Andrii Dombrovskyi_119765,Andrii Dombrovskyi,1,1,46,47,-1,93,2021-11-02 16:55:00,534792
V Selkin_101273,V Selkin,-2,0,33,44,-11,77,2021-11-02 17:00:00,534793
Petro Tsolik_2047648760,Petro Tsolik,2,1,43,36,7,79,2021-11-02 17:00:00,534794
Ivan Fedoryshyn_119962,Ivan Fedoryshyn,-2,0,36,44,-8,80,2021-11-02 17:00:00,534795
Sr. Korp_22686,Sr. Korp,1,1,51,46,5,97,2021-11-02 17:01:00,534796
Vadym Smetenko_1763445658,Vadym Smetenko,-3,0,22,33,-11,55,2021-11-02 17:05:00,534797
Hennadii Portnov_119782,Hennadii Portnov,-2,0,35,43,-8,78,2021-11-02 17:05:00,534798
Iryna Aseieva_1123045842,Iryna Aseieva,-3,0,15,33,-18,48,2021-11-02 17:10:00,534799
Illia Valchuk_119913,Illia Valchuk,1,1,50,45,5,95,2021-11-02 17:10:00,534800
Nataliia Khmilevska_194802618,Nataliia Khmilevska,1,1,49,40,9,89,2021-11-02 17:15:00,534801
Sergii Skhabitskiy_119814,Sergii Skhabitskiy,-2,0,29,40,-11,69,2021-11-02 17:15:00,534802
E Kharchenko_101307,E Kharchenko,1,1,50,45,5,95,2021-11-02 17:17:00,534803
E Madan_101239,E Madan,1,1,48,38,10,86,2021-11-02 17:17:00,534804
Vitalii Boiko_417452682,Vitalii Boiko,-2,0,35,42,-7,77,2021-11-02 17:20:00,534805
Volodymyr Lutskii_119843,Volodymyr Lutskii,-1,0,47,49,-2,96,2021-11-02 17:25:00,534806
Vladyslav Batenko_338587579,Vladyslav Batenko,1,1,51,45,6,96,2021-11-02 17:25:00,534807
Anton Kernos_119768,Anton Kernos,3,1,36,29,7,65,2021-11-02 17:25:00,534808
Viktor Bosak_992305315,Viktor Bosak,-2,0,34,40,-6,74,2021-11-02 17:30:00,534809
Dmytro Lazuryk_119963,Dmytro Lazuryk,2,1,36,36,0,72,2021-11-02 17:30:00,534810
M Sverdlov_101274,M Sverdlov,3,1,33,13,20,46,2021-11-02 17:30:00,534811
Dmitriy Pereyaslovskyi_119783,Dmitriy Pereyaslovskyi,-2,0,39,42,-3,81,2021-11-02 17:35:00,534812
Yaroslav Vorsuliak_39002363,Yaroslav Vorsuliak,2,1,40,29,11,69,2021-11-02 17:35:00,534813
M Klement_22685,M Klement,-2,0,31,41,-10,72,2021-11-02 17:36:00,534814
Oleksandr Alieksieev_119800,Oleksandr Alieksieev,3,1,33,17,16,50,2021-11-02 17:40:00,534815
Vadym Grushko_1926963654,Vadym Grushko,3,1,33,22,11,55,2021-11-02 17:40:00,534816
Tatiana Tatianina_315023032,Tatiana Tatianina,-2,0,35,37,-2,72,2021-11-02 17:45:00,534817
D Evlahin_101308,D Evlahin,-3,0,22,34,-12,56,2021-11-02 17:46:00,534818
Iryna Aseieva_128690347,Iryna Aseieva,2,1,42,35,7,77,2021-11-02 17:50:00,534819
V Vologzhanin_101240,V Vologzhanin,-3,0,24,35,-11,59,2021-11-02 17:53:00,534820
Oleksandr Bondarchuk_1194280017,Oleksandr Bondarchuk,1,1,48,41,7,89,2021-11-02 17:55:00,534821
Oleksandr Ivashkin_119844,Oleksandr Ivashkin,-3,0,25,35,-10,60,2021-11-02 17:55:00,534822
Volodymyr Korobko_119769,Volodymyr Korobko,-1,0,46,51,-5,97,2021-11-02 17:55:00,534823
A Yakovlev_101275,A Yakovlev,2,1,38,34,4,72,2021-11-02 18:00:00,534824
Nikita Zinov_1638985685,Nikita Zinov,3,1,33,18,15,51,2021-11-02 18:00:00,534825
Oleksandr Zhyrnov_119964,Oleksandr Zhyrnov,3,1,37,28,9,65,2021-11-02 18:00:00,534826
O Kucirek_22641,O Kucirek,-3,0,19,34,-15,53,2021-11-02 18:02:00,534827
Hennadii Portnov_119784,Hennadii Portnov,-2,0,30,41,-11,71,2021-11-02 18:05:00,534828
Bogdan Stasiuk_1738423316,Bogdan Stasiuk,2,1,47,45,2,92,2021-11-02 18:05:00,534829
Illia Valchuk_119914,Illia Valchuk,2,1,39,34,5,73,2021-11-02 18:10:00,534830
Vasyl Aksenin_45080076,Vasyl Aksenin,3,1,33,21,12,54,2021-11-02 18:10:00,534831
Maksym Butkov_14478602,Maksym Butkov,-1,0,45,47,-2,92,2021-11-02 18:15:00,534832
Sergii Skhabitskiy_119816,Sergii Skhabitskiy,1,1,48,44,4,92,2021-11-02 18:15:00,534833
A Poprocky_101241,A Poprocky,-3,0,22,36,-14,58,2021-11-02 18:16:00,534834
M Minkov_101309,M Minkov,-2,0,35,42,-7,77,2021-11-02 18:17:00,534835
Nataliia Khmilevska_1776532323,Nataliia Khmilevska,3,1,33,15,18,48,2021-11-02 18:20:00,534836
Oleksandr Dukhovenko_119845,Oleksandr Dukhovenko,2,1,41,41,0,82,2021-11-02 18:25:00,534837
Tatiana Tatianina_807543827,Tatiana Tatianina,-3,0,19,34,-15,53,2021-11-02 18:25:00,534838
Anatolii Dulich_119770,Anatolii Dulich,1,1,49,42,7,91,2021-11-02 18:25:00,534839
Viktor Bedriichuk_683417512,Viktor Bedriichuk,1,1,51,49,2,100,2021-11-02 18:30:00,534840
V Selkin_101465,V Selkin,-2,0,30,43,-13,73,2021-11-02 18:30:00,534841
Ivan Fedoryshyn_119965,Ivan Fedoryshyn,1,1,50,40,10,90,2021-11-02 18:30:00,534842
D Pazout_22642,D Pazout,-2,0,37,43,-6,80,2021-11-02 18:31:00,534843
Vladyslav Batenko_1152216023,Vladyslav Batenko,2,1,41,30,11,71,2021-11-02 18:35:00,534844
Yevhen Bielokon_119785,Yevhen Bielokon,3,1,34,21,13,55,2021-11-02 18:35:00,534845
Igor Demchuk_697213986,Igor Demchuk,-3,0,28,35,-7,63,2021-11-02 18:40:00,534846
Viktor Yevtodii_119915,Viktor Yevtodii,-2,0,37,42,-5,79,2021-11-02 18:40:00,534847
Petro Tsolik_2007519848,Petro Tsolik,-1,0,47,46,1,93,2021-11-02 18:45:00,534848
I Meteleshko_101467,I Meteleshko,-2,0,35,40,-5,75,2021-11-02 18:48:00,534849
D Evlahin_101469,D Evlahin,-3,0,22,33,-11,55,2021-11-02 18:49:00,534850
Vadym Smetenko_2074076307,Vadym Smetenko,-1,0,41,46,-5,87,2021-11-02 18:50:00,534851
Yaroslav Tebenko_119771,Yaroslav Tebenko,-1,0,48,44,4,92,2021-11-02 18:55:00,534852
Oleksandr Ivashkin_119846,Oleksandr Ivashkin,-1,0,44,49,-5,93,2021-11-02 18:55:00,534853
Halyna Telna_459006092,Halyna Telna,2,1,43,40,3,83,2021-11-02 18:55:00,534854
Iryna Aseieva_1627902353,Iryna Aseieva,3,1,37,27,10,64,2021-11-02 19:00:00,534855
M Sverdlov_101466,M Sverdlov,2,1,39,31,8,70,2021-11-02 19:00:00,534856
Dmytro Lazuryk_119966,Dmytro Lazuryk,-3,0,20,33,-13,53,2021-11-02 19:00:00,534857
M Kolar_22643,M Kolar,2,1,39,32,7,71,2021-11-02 19:04:00,534858
Vitalii Boiko_1644633340,Vitalii Boiko,3,1,33,22,11,55,2021-11-02 19:05:00,534859
Valerii Onykyienko_119786,Valerii Onykyienko,-1,0,42,40,2,82,2021-11-02 19:05:00,534860
Maksym Mykytiuk_499925785,Maksym Mykytiuk,1,1,48,42,6,90,2021-11-02 19:10:00,534861
Volodymyr Okopnyi_119916,Volodymyr Okopnyi,-2,0,30,43,-13,73,2021-11-02 19:10:00,534862
Viktor Bosak_1023593681,Viktor Bosak,-2,0,30,43,-13,73,2021-11-02 19:15:00,534863
Ihor Dmytruk_119818,Ihor Dmytruk,1,1,48,45,3,93,2021-11-02 19:15:00,534864
M Minkov_101470,M Minkov,-3,0,23,33,-10,56,2021-11-02 19:16:00,534865
A Poprocky_101468,A Poprocky,3,1,33,22,11,55,2021-11-02 19:17:00,534866
Yaroslav Vorsuliak_628305827,Yaroslav Vorsuliak,-2,0,33,36,-3,69,2021-11-02 19:20:00,534867
Serhii Nemtsov_119829,Serhii Nemtsov,3,1,33,18,15,51,2021-11-02 19:20:00,534868
Volodymyr Lutskii_119847,Volodymyr Lutskii,1,1,49,41,8,90,2021-11-02 19:25:00,534869
Anton Kernos_119772,Anton Kernos,1,1,48,45,3,93,2021-11-02 19:25:00,534870
Vadym Grushko_1026128292,Vadym Grushko,2,1,41,36,5,77,2021-11-02 19:25:00,534871
P Facek_22644,P Facek,3,1,33,24,9,57,2021-11-02 19:30:00,534872
Ivan Fedoryshyn_119908,Ivan Fedoryshyn,-1,0,45,50,-5,95,2021-11-02 19:30:00,534873
Ulyana Palamarchuk_566394808,Ulyana Palamarchuk,-2,0,31,39,-8,70,2021-11-02 19:30:00,534874
V Beliakov_101276,V Beliakov,1,1,59,56,3,115,2021-11-02 19:31:00,534875
Dmitriy Pereyaslovskyi_119787,Dmitriy Pereyaslovskyi,3,1,33,19,14,52,2021-11-02 19:35:00,534876
Nataliia Khmilevska_1218522156,Nataliia Khmilevska,3,1,33,22,11,55,2021-11-02 19:35:00,534877
Oleksandr Bondarchuk_44688582,Oleksandr Bondarchuk,3,1,35,23,12,58,2021-11-02 19:40:00,534878
Oleksandr Alieksieev_119917,Oleksandr Alieksieev,2,1,42,29,13,71,2021-11-02 19:40:00,534879
Vladyslav Batenko_1152176689,Vladyslav Batenko,-2,0,29,42,-13,71,2021-11-02 19:45:00,534880
D Komarov_101310,D Komarov,3,1,33,21,12,54,2021-11-02 19:46:00,534881
S Nikulin_101242,S Nikulin,-1,0,49,51,-2,100,2021-11-02 19:47:00,534882
Andrii Lukatskyi_119830,Andrii Lukatskyi,1,1,48,49,-1,97,2021-11-02 19:50:00,534883
Bogdan Stasiuk_1145267003,Bogdan Stasiuk,2,1,41,29,12,70,2021-11-02 19:50:00,534884
Vasyl Aksenin_1861495216,Vasyl Aksenin,2,1,42,29,13,71,2021-11-02 19:55:00,534885
Volodymyr Korobko_119773,Volodymyr Korobko,1,1,47,44,3,91,2021-11-02 19:55:00,534886
Roman Malynka_119848,Roman Malynka,-2,0,26,39,-13,65,2021-11-02 19:55:00,534887
Oleksandr Zhyrnov_119967,Oleksandr Zhyrnov,-2,0,36,43,-7,79,2021-11-02 20:00:00,534888
Maksym Butkov_1973918980,Maksym Butkov,1,1,50,49,1,99,2021-11-02 20:00:00,534889
M Kolar_22645,M Kolar,2,1,46,37,9,83,2021-11-02 20:01:00,534890
Rodion Pirveli_915633186,Rodion Pirveli,1,1,46,46,0,92,2021-11-02 20:05:00,534891
Hennadii Portnov_119788,Hennadii Portnov,1,1,50,47,3,97,2021-11-02 20:05:00,534892
Illia Valchuk_119918,Illia Valchuk,2,1,42,28,14,70,2021-11-02 20:10:00,534893
Roman Tsubera_252951694,Roman Tsubera,1,1,45,50,-5,95,2021-11-02 20:10:00,534894
Oleksiy Molochko_573171382,Oleksiy Molochko,3,1,36,24,12,60,2021-11-02 20:15:00,534895
Sergii Skhabitskiy_119820,Sergii Skhabitskiy,-2,0,34,40,-6,74,2021-11-02 20:15:00,534896
Al-i Zhelubenkov_101311,Al-i Zhelubenkov,-3,0,23,33,-10,56,2021-11-02 20:15:00,534897
V Zhulyabin_101277,V Zhulyabin,2,1,38,28,10,66,2021-11-02 20:16:00,534898
A Gribkov_101243,A Gribkov,-2,0,34,39,-5,73,2021-11-02 20:18:00,534899
Vladyslav Batenko_1776562640,Vladyslav Batenko,3,1,33,8,25,41,2021-11-02 20:20:00,534900
Serhii Nemtsov_119831,Serhii Nemtsov,3,1,36,27,9,63,2021-11-02 20:20:00,534901
Oleksandr Dukhovenko_119849,Oleksandr Dukhovenko,-3,0,22,34,-12,56,2021-11-02 20:25:00,534902
Igor Demchuk_1758646596,Igor Demchuk,-1,0,46,46,0,92,2021-11-02 20:25:00,534903
Anatolii Dulich_119774,Anatolii Dulich,1,1,46,33,13,79,2021-11-02 20:25:00,534904
Stepan Nykyforuk_1724948990,Stepan Nykyforuk,2,1,43,29,14,72,2021-11-02 20:30:00,534905
Dmytro Lazuryk_119910,Dmytro Lazuryk,1,1,50,43,7,93,2021-11-02 20:30:00,534906
D Pazout_22646,D Pazout,1,1,52,48,4,100,2021-11-02 20:31:00,534907
Yevhen Bielokon_119789,Yevhen Bielokon,1,1,45,41,4,86,2021-11-02 20:35:00,534908
D Lavrinenko_101278,D Lavrinenko,-3,0,31,39,-8,70,2021-11-02 20:35:00,534909
Vіtalіy Krokhmal_1540614944,Vіtalіy Krokhmal,1,1,52,51,1,103,2021-11-02 20:35:00,534910
Rodion Pirveli_1922521498,Rodion Pirveli,-2,0,34,38,-4,72,2021-11-02 20:40:00,534911
Viktor Yevtodii_119919,Viktor Yevtodii,-2,0,32,43,-11,75,2021-11-02 20:40:00,534912
Serhii Skachenko_373924067,Serhii Skachenko,1,1,44,44,0,88,2021-11-02 20:45:00,534913
Viktor Bereza_119821,Viktor Bereza,-1,0,38,45,-7,83,2021-11-02 20:45:00,534914
A Frolov_101312,A Frolov,-3,0,20,33,-13,53,2021-11-02 20:45:00,534915
A Yanshaev_101244,A Yanshaev,1,1,48,45,3,93,2021-11-02 20:46:00,534916
Roman Zholubak_119832,Roman Zholubak,-2,0,29,42,-13,71,2021-11-02 20:50:00,534917
Viktor Bedriichuk_583268289,Viktor Bedriichuk,-2,0,40,46,-6,86,2021-11-02 20:50:00,534918
Oleksandr Ivashkin_119850,Oleksandr Ivashkin,1,1,48,49,-1,97,2021-11-02 20:55:00,534919
Yaroslav Tebenko_119775,Yaroslav Tebenko,-2,0,38,45,-7,83,2021-11-02 20:55:00,534920
Maksym Mykytiuk_1023925370,Maksym Mykytiuk,-2,0,32,41,-9,73,2021-11-02 20:55:00,534921
Andrey Krysak_1835405668,Andrey Krysak,2,1,38,36,2,74,2021-11-02 21:00:00,534922
Artem Yurkov_119968,Artem Yurkov,-2,0,48,52,-4,100,2021-11-02 21:00:00,534923
S Kuzmin_101279,S Kuzmin,3,1,33,18,15,51,2021-11-02 21:02:00,534924
O Kucirek_22688,O Kucirek,3,1,34,24,10,58,2021-11-02 21:03:00,534925
Valerii Onykyienko_119790,Valerii Onykyienko,-3,0,22,33,-11,55,2021-11-02 21:05:00,534926
Petro Tsolik_1883016301,Petro Tsolik,-2,0,33,40,-7,73,2021-11-02 21:05:00,534927
Volodymyr Okopnyi_119920,Volodymyr Okopnyi,-1,0,39,48,-9,87,2021-11-02 21:10:00,534928
Vadym Smetenko_546920855,Vadym Smetenko,-2,0,39,42,-3,81,2021-11-02 21:10:00,534929
Roman Tsubera_1650232786,Roman Tsubera,-2,0,31,42,-11,73,2021-11-02 21:15:00,534930
Ihor Dmytruk_119822,Ihor Dmytruk,-1,0,43,50,-7,93,2021-11-02 21:15:00,534931
E Kabanov_101313,E Kabanov,2,1,43,34,9,77,2021-11-02 21:16:00,534932
M Andrusenko_101245,M Andrusenko,1,1,54,51,3,105,2021-11-02 21:19:00,534933
Mykhailo Trunov_119833,Mykhailo Trunov,1,1,49,47,2,96,2021-11-02 21:20:00,534934
Rodion Pirveli_337262257,Rodion Pirveli,-3,0,25,33,-8,58,2021-11-02 21:20:00,534935
Volodymyr Lutskii_119851,Volodymyr Lutskii,2,1,40,39,1,79,2021-11-02 21:25:00,534936
Anton Kernos_119776,Anton Kernos,2,1,44,35,9,79,2021-11-02 21:25:00,534937
Viktor Bedriichuk_1243044390,Viktor Bedriichuk,-3,0,19,33,-14,52,2021-11-02 21:25:00,534938
D Lavrinenko_101280,D Lavrinenko,1,1,49,43,6,92,2021-11-02 21:30:00,534939
Oleksandr Zhyrnov_120283,Oleksandr Zhyrnov,1,1,46,48,-2,94,2021-11-02 21:30:00,534940
Vadim Sidorenko_510866209,Vadim Sidorenko,2,1,44,34,10,78,2021-11-02 21:30:00,534941
P Facek_22687,P Facek,-1,0,47,46,1,93,2021-11-02 21:30:00,534942
Viktor Bosak_1577567549,Viktor Bosak,-3,0,26,34,-8,60,2021-11-02 21:35:00,534943
Dmitriy Pereyaslovskyi_119791,Dmitriy Pereyaslovskyi,2,1,45,30,15,75,2021-11-02 21:35:00,534944
Oleksandr Alieksieev_119921,Oleksandr Alieksieev,1,1,47,43,4,90,2021-11-02 21:40:00,534945
Petro Tsolik_398918185,Petro Tsolik,2,1,40,35,5,75,2021-11-02 21:40:00,534946
Oleksandr Naida_1056422930,Oleksandr Naida,-2,0,31,37,-6,68,2021-11-02 21:45:00,534947
A Frolov_101314,A Frolov,-2,0,38,40,-2,78,2021-11-02 21:46:00,534948
Serhii Skachenko_1097975163,Serhii Skachenko,-3,0,18,33,-15,51,2021-11-02 21:50:00,534949
Andrii Lukatskyi_119834,Andrii Lukatskyi,2,1,44,29,15,73,2021-11-02 21:50:00,534950
Anatolii Dulich_119777,Anatolii Dulich,1,1,49,42,7,91,2021-11-02 21:55:00,534951
Roman Malynka_119852,Roman Malynka,-2,0,30,41,-11,71,2021-11-02 21:55:00,534952
Roman Tsubera_1199116037,Roman Tsubera,2,1,42,38,4,80,2021-11-02 21:55:00,534953
A Yanshaev_101246,A Yanshaev,-3,0,25,33,-8,58,2021-11-02 21:56:00,534954
Rodion Kapinus_120284,Rodion Kapinus,1,1,45,45,0,90,2021-11-02 22:00:00,534955
V Zhulyabin_101281,V Zhulyabin,-1,0,47,46,1,93,2021-11-02 22:00:00,534956
Oleksiy Molochko_955954684,Oleksiy Molochko,-3,0,20,33,-13,53,2021-11-02 22:00:00,534957
Maksym Mykytiuk_1950252848,Maksym Mykytiuk,3,1,33,21,12,54,2021-11-02 22:05:00,534958
Yevhen Bielokon_119792,Yevhen Bielokon,1,1,49,32,17,81,2021-11-02 22:05:00,534959
Jo Medek_22647,Jo Medek,-1,0,48,52,-4,100,2021-11-02 22:06:00,534960
Viktor Yevtodii_119922,Viktor Yevtodii,-1,0,41,46,-5,87,2021-11-02 22:10:00,534961
Igor Demchuk_202691740,Igor Demchuk,-2,0,32,40,-8,72,2021-11-02 22:10:00,534962
Viktor Bereza_119824,Viktor Bereza,-2,0,36,42,-6,78,2021-11-02 22:15:00,534963
Al-i Zhelubenkov_101315,Al-i Zhelubenkov,-2,0,28,40,-12,68,2021-11-02 22:15:00,534964
Vasyl Aksenin_120345940,Vasyl Aksenin,2,1,43,35,8,78,2021-11-02 22:15:00,534965
A Gribkov_101247,A Gribkov,2,1,40,27,13,67,2021-11-02 22:18:00,534966
Serhii Nemtsov_119835,Serhii Nemtsov,-3,0,26,36,-10,62,2021-11-02 22:20:00,534967
Vadym Grushko_786263015,Vadym Grushko,3,1,33,16,17,49,2021-11-02 22:20:00,534968
Volodymyr Hera_119778,Volodymyr Hera,1,1,43,40,3,83,2021-11-02 22:25:00,534969
Lev Kuzyo_1860814799,Lev Kuzyo,-3,0,23,35,-12,58,2021-11-02 22:25:00,534970
Oleksandr Dukhovenko_119853,Oleksandr Dukhovenko,-3,0,14,33,-19,47,2021-11-02 22:25:00,534971
Rodion Pirveli_181079333,Rodion Pirveli,-1,0,43,51,-8,94,2021-11-02 22:30:00,534972
Kostiantyn Kovalchuk_119793,Kostiantyn Kovalchuk,2,1,44,32,12,76,2021-11-02 22:35:00,534973
Anatolii Nazarov_119923,Anatolii Nazarov,-2,0,36,43,-7,79,2021-11-02 22:40:00,534974
D Lavrinenko_101471,D Lavrinenko,1,1,41,45,-4,86,2021-11-02 22:40:00,534975
Ja Merta_22648,Ja Merta,-2,0,38,38,0,76,2021-11-02 22:40:00,534976
Andrii Sydoruk_119825,Andrii Sydoruk,-1,0,40,49,-9,89,2021-11-02 22:45:00,534977
Andrey Krysak_1724384771,Andrey Krysak,-2,0,28,37,-9,65,2021-11-02 22:45:00,534978
Al-i Zhelubenkov_101473,Al-i Zhelubenkov,2,1,43,32,11,75,2021-11-02 22:46:00,534979
Roman Zholubak_119836,Roman Zholubak,-3,0,24,34,-10,58,2021-11-02 22:50:00,534980
S Nikulin_101475,S Nikulin,3,1,34,21,13,55,2021-11-02 22:52:00,534981
Anatolii Dulich_119779,Anatolii Dulich,-1,0,46,54,-8,100,2021-11-02 22:55:00,534982
Volodymyr Lutskii_119854,Volodymyr Lutskii,-2,0,38,43,-5,81,2021-11-02 22:55:00,534983
Rodion Pirveli_337331953,Rodion Pirveli,-1,0,51,46,5,97,2021-11-02 23:00:00,534984
Yevhen Bielokon_119794,Yevhen Bielokon,3,1,33,24,9,57,2021-11-02 23:05:00,534985
Roman Tsubera_1102227081,Roman Tsubera,2,1,47,40,7,87,2021-11-02 23:05:00,534986
S Kuzmin_101472,S Kuzmin,-1,0,37,47,-10,84,2021-11-02 23:06:00,534987
L Boruvka_22649,L Boruvka,-3,0,20,33,-13,53,2021-11-02 23:08:00,534988
Viktor Yevtodii_119924,Viktor Yevtodii,3,1,33,21,12,54,2021-11-02 23:10:00,534989
A Yanshaev_101476,A Yanshaev,1,1,43,43,0,86,2021-11-02 23:15:00,534990
Viktor Bereza_119826,Viktor Bereza,3,1,35,22,13,57,2021-11-02 23:15:00,534991
E Kabanov_101474,E Kabanov,-1,0,45,48,-3,93,2021-11-02 23:17:00,534992
Mykhailo Trunov_119837,Mykhailo Trunov,-2,0,36,36,0,72,2021-11-02 23:20:00,534993
Volodymyr Chornobab_119855,Volodymyr Chornobab,2,1,40,25,15,65,2021-11-02 23:25:00,534994
Volodymyr Korobko_119780,Volodymyr Korobko,2,1,45,38,7,83,2021-11-02 23:25:00,534995
R Vyborny_22650,R Vyborny,1,1,52,43,9,95,2021-11-02 23:34:00,534996
Hennadii Portnov_119795,Hennadii Portnov,-2,0,34,46,-12,80,2021-11-02 23:35:00,534997
Sergey Filatov_1035215757,Sergey Filatov,3,1,34,23,11,57,2021-11-02 23:35:00,534998
Illia Valchuk_119925,Illia Valchuk,-2,0,32,42,-10,74,2021-11-02 23:40:00,534999
Zh Tsybikov_101282,Zh Tsybikov,2,1,44,30,14,74,2021-11-02 23:41:00,535000
O Kutuzov_101248,O Kutuzov,2,1,39,37,2,76,2021-11-02 23:44:00,535001
Volodymyr Tuchkevych_1244102556,Volodymyr Tuchkevych,-2,0,36,46,-10,82,2021-11-02 23:45:00,535002
R Pavlenko_101316,R Pavlenko,-3,0,21,33,-12,54,2021-11-02 23:47:00,535003
Andrii Lukatskyi_119838,Andrii Lukatskyi,-3,0,24,34,-10,58,2021-11-02 23:50:00,535004
Volodymyr Lutskii_119856,Volodymyr Lutskii,-2,0,38,42,-4,80,2021-11-02 23:55:00,535005
N Zhurba_105236,N Zhurba,-2,0,37,38,-1,75,2021-11-03 00:00:00,535006
David Bochnak_128056,David Bochnak,-2,0,36,39,-3,75,2021-11-03 00:00:00,535007
P Gireth_23528,P Gireth,-3,0,23,33,-10,56,2021-11-03 00:00:00,535008
Volodymyr Plishylo_1723732527,Volodymyr Plishylo,1,1,47,51,-4,98,2021-11-03 00:05:00,535009
Sergii Lugovskyi_431929648,Sergii Lugovskyi,1,1,51,48,3,99,2021-11-03 00:15:00,535010
O Shagarov_105272,O Shagarov,-1,0,51,57,-6,108,2021-11-03 00:16:00,535011
D Balakin_105202,D Balakin,2,1,43,34,9,77,2021-11-03 00:16:00,535012
Andrii Skliarenko_128223,Andrii Skliarenko,1,1,44,45,-1,89,2021-11-03 00:20:00,535013
Oleksandr Ivashkin_128154,Oleksandr Ivashkin,-1,0,37,51,-14,88,2021-11-03 00:25:00,535014
R Jamrich_23529,R Jamrich,1,1,52,49,3,101,2021-11-03 00:29:00,535015
Dominik Pasek_128057,Dominik Pasek,3,1,34,19,15,53,2021-11-03 00:30:00,535016
A Petrov_105237,A Petrov,1,1,47,38,9,85,2021-11-03 00:31:00,535017
Mykola Lytvynenko_1955829260,Mykola Lytvynenko,-2,0,30,43,-13,73,2021-11-03 00:35:00,535018
Roman Rybachuk_513310570,Roman Rybachuk,-1,0,50,44,6,94,2021-11-03 00:45:00,535019
K Churin_105203,K Churin,-2,0,30,39,-9,69,2021-11-03 00:45:00,535020
Oleksandr Buberenko_128224,Oleksandr Buberenko,3,1,34,22,12,56,2021-11-03 00:50:00,535021
A Volkov_105273,A Volkov,1,1,45,44,1,89,2021-11-03 00:56:00,535022
Yu Merkushin_105238,Yu Merkushin,-2,0,36,46,-10,82,2021-11-03 01:02:00,535023
David Bochnak_128683,David Bochnak,2,1,45,33,12,78,2021-11-03 01:05:00,535024
Anton Riabukhin_1608613077,Anton Riabukhin,-2,0,27,38,-11,65,2021-11-03 01:05:00,535025
P Gireth_23566,P Gireth,2,1,41,38,3,79,2021-11-03 01:06:00,535026
Sergii Lugovskyi_1338685663,Sergii Lugovskyi,-3,0,20,33,-13,53,2021-11-03 01:15:00,535027
O Kutuzov_105204,O Kutuzov,1,1,50,48,2,98,2021-11-03 01:16:00,535028
Anatolii Nazarov_128685,Anatolii Nazarov,3,1,33,19,14,52,2021-11-03 01:25:00,535029
Oleksandr Paniotov_128257,Oleksandr Paniotov,-2,0,34,41,-7,75,2021-11-03 01:25:00,535030
V Marshalov_105274,V Marshalov,-2,0,34,37,-3,71,2021-11-03 01:27:00,535031
Ma Klimenta_23567,Ma Klimenta,2,1,40,29,11,69,2021-11-03 01:30:00,535032
N Zhurba_105239,N Zhurba,2,1,47,42,5,89,2021-11-03 01:30:00,535033
Sebastian Ghariani_128684,Sebastian Ghariani,-3,0,31,37,-6,68,2021-11-03 01:35:00,535034
Volodymyr Plishylo_1665103133,Volodymyr Plishylo,3,1,36,23,13,59,2021-11-03 01:35:00,535035
Roman Rybachuk_1670619767,Roman Rybachuk,-3,0,21,33,-12,54,2021-11-03 01:45:00,535036
D Balakin_105205,D Balakin,1,1,46,42,4,88,2021-11-03 01:46:00,535037
O Shagarov_105275,O Shagarov,2,1,38,37,1,75,2021-11-03 01:55:00,535038
Serhii Bondarenko_128258,Serhii Bondarenko,2,1,37,31,6,68,2021-11-03 01:55:00,535039
Oleksandr Buberenko_128686,Oleksandr Buberenko,1,1,51,42,9,93,2021-11-03 01:55:00,535040
Yu Merkushin_105240,Yu Merkushin,3,1,33,16,17,49,2021-11-03 02:00:00,535041
Mykola Lytvynenko_566083341,Mykola Lytvynenko,-1,0,49,39,10,88,2021-11-03 02:05:00,535042
Serhii Berezynskyi_470109454,Serhii Berezynskyi,-1,0,46,46,0,92,2021-11-03 02:15:00,535043
O Kutuzov_105206,O Kutuzov,-3,0,14,33,-19,47,2021-11-03 02:20:00,535044
V Marshalov_105276,V Marshalov,2,1,46,36,10,82,2021-11-03 02:25:00,535045
Oleksandr Paniotov_128259,Oleksandr Paniotov,-2,0,40,45,-5,85,2021-11-03 02:25:00,535046
V Safonov_105241,V Safonov,1,1,51,44,7,95,2021-11-03 02:31:00,535047
Anton Riabukhin_1478013140,Anton Riabukhin,2,1,40,38,2,78,2021-11-03 02:35:00,535048
Sergii Lugovskyi_1873252162,Sergii Lugovskyi,-2,0,36,38,-2,74,2021-11-03 02:45:00,535049
V Sidorin_105207,V Sidorin,-2,0,36,41,-5,77,2021-11-03 02:45:00,535050
N Lyfenko_105277,N Lyfenko,1,1,53,45,8,98,2021-11-03 02:51:00,535051
Oleksandr Gomilko_128260,Oleksandr Gomilko,1,1,50,44,6,94,2021-11-03 02:55:00,535052
A Petrov_105242,A Petrov,-3,0,24,35,-11,59,2021-11-03 03:00:00,535053
Volodymyr Plishylo_1538229757,Volodymyr Plishylo,2,1,44,31,13,75,2021-11-03 03:05:00,535054
Roman Rybachuk_1665693120,Roman Rybachuk,2,1,46,37,9,83,2021-11-03 03:15:00,535055
K Churin_105208,K Churin,-2,0,31,41,-10,72,2021-11-03 03:15:00,535056
A Volkov_105278,A Volkov,-2,0,29,38,-9,67,2021-11-03 03:25:00,535057
Serhii Bondarenko_128261,Serhii Bondarenko,3,1,33,21,12,54,2021-11-03 03:25:00,535058
R Pavlenko_105243,R Pavlenko,-2,0,37,41,-4,78,2021-11-03 03:31:00,535059
Sergey Filatov_662714644,Sergey Filatov,-3,0,22,35,-13,57,2021-11-03 03:35:00,535060
M Minkov_105209,M Minkov,-2,0,28,40,-12,68,2021-11-03 03:45:00,535061
Sergii Lugovskyi_431968722,Sergii Lugovskyi,-2,0,30,44,-14,74,2021-11-03 03:45:00,535062
Va Ivanov_105279,Va Ivanov,3,1,33,21,12,54,2021-11-03 03:50:00,535063
Oleksandr Paniotov_128262,Oleksandr Paniotov,1,1,48,48,0,96,2021-11-03 03:55:00,535064
V Safonov_105244,V Safonov,-3,0,22,33,-11,55,2021-11-03 04:00:00,535065
Mykola Lytvynenko_1794564939,Mykola Lytvynenko,-2,0,26,41,-15,67,2021-11-03 04:05:00,535066
Roman Rybachuk_1827534121,Roman Rybachuk,1,1,46,42,4,88,2021-11-03 04:15:00,535067
N Lyfenko_105280,N Lyfenko,1,1,46,43,3,89,2021-11-03 04:16:00,535068
V Sidorin_105210,V Sidorin,1,1,50,47,3,97,2021-11-03 04:16:00,535069
Serhii Bondarenko_128263,Serhii Bondarenko,-3,0,23,33,-10,56,2021-11-03 04:25:00,535070
A Petrov_105435,A Petrov,-2,0,41,48,-7,89,2021-11-03 04:29:00,535071
Mykola Lytvynenko_1955685512,Mykola Lytvynenko,-2,0,37,41,-4,78,2021-11-03 04:35:00,535072
Sergii Lugovskyi_1338652991,Sergii Lugovskyi,1,1,48,47,1,95,2021-11-03 04:45:00,535073
O Shagarov_105437,O Shagarov,3,1,33,19,14,52,2021-11-03 04:49:00,535074
V Sidorin_105439,V Sidorin,-2,0,37,40,-3,77,2021-11-03 04:50:00,535075
Oleksandr Gomilko_128264,Oleksandr Gomilko,1,1,44,48,-4,92,2021-11-03 04:55:00,535076
V Safonov_105436,V Safonov,2,1,42,26,16,68,2021-11-03 05:00:00,535077
Anton Riabukhin_1496525478,Anton Riabukhin,3,1,36,28,8,64,2021-11-03 05:05:00,535078
Ruslan Novak_106326999,Ruslan Novak,1,1,46,45,1,91,2021-11-03 05:15:00,535079
M Minkov_105440,M Minkov,2,1,42,39,3,81,2021-11-03 05:17:00,535080
V Marshalov_105438,V Marshalov,-2,0,36,39,-3,75,2021-11-03 05:17:00,535081
Oleksandr Paniotov_128265,Oleksandr Paniotov,2,1,41,37,4,78,2021-11-03 05:25:00,535082
Ruslan Solomko_128266,Ruslan Solomko,-1,0,52,55,-3,107,2021-11-03 05:55:00,535083
Oleksandr Liushnia_128687,Oleksandr Liushnia,3,1,33,22,11,55,2021-11-03 06:50:00,535084
Ruslan Solomko_128688,Ruslan Solomko,-2,0,35,46,-11,81,2021-11-03 07:20:00,535085
S Ovechkin_105355,S Ovechkin,-1,0,48,49,-1,97,2021-11-03 07:36:00,535086
A Zirin_105315,A Zirin,3,1,33,17,16,50,2021-11-03 07:46:00,535087
Yu Gavrilov_105389,Yu Gavrilov,-1,0,43,48,-5,91,2021-11-03 07:47:00,535088
Nazarii Kovalchuk_181503934,Nazarii Kovalchuk,-1,0,49,48,1,97,2021-11-03 07:50:00,535089
Anatolii Chaplianka_463418800,Anatolii Chaplianka,1,1,39,45,-6,84,2021-11-03 07:55:00,535090
A Zabrodin_105356,A Zabrodin,3,1,33,26,7,59,2021-11-03 08:09:00,535091
D Popov_105316,D Popov,1,1,52,47,5,99,2021-11-03 08:14:00,535092
V Tsvetkov_105390,V Tsvetkov,2,1,37,33,4,70,2021-11-03 08:19:00,535093
Oleksii Krutko_419494897,Oleksii Krutko,-2,0,36,36,0,72,2021-11-03 08:25:00,535094
Kyrylo Yehorov_1833867784,Kyrylo Yehorov,-1,0,50,51,-1,101,2021-11-03 08:30:00,535095
A Bogomolov_105357,A Bogomolov,-2,0,27,40,-13,67,2021-11-03 08:33:00,535096
Maksym Nikolenko_1316150596,Maksym Nikolenko,-3,0,13,33,-20,46,2021-11-03 08:35:00,535097
Olena Telezhynska_1267154953,Olena Telezhynska,-2,0,30,41,-11,71,2021-11-03 08:40:00,535098
A Arutiunyan_105391,A Arutiunyan,2,1,40,34,6,74,2021-11-03 08:45:00,535099
Roman Vashchuk_460064374,Roman Vashchuk,-2,0,28,41,-13,69,2021-11-03 08:45:00,535100
V Nemashkalo_105317,V Nemashkalo,-3,0,15,34,-19,49,2021-11-03 08:46:00,535101
Vitalii Zharskiy_1345996032,Vitalii Zharskiy,-3,0,23,33,-10,56,2021-11-03 08:50:00,535102
Dmytro Kozak_128674,Dmytro Kozak,3,1,33,16,17,49,2021-11-03 08:50:00,535103
Pavlo Zaderei_1690242578,Pavlo Zaderei,-1,0,47,52,-5,99,2021-11-03 08:55:00,535104
Yevhen Masko_324257077,Yevhen Masko,-2,0,32,44,-12,76,2021-11-03 08:55:00,535105
Serhii Tsybulin_2029408769,Serhii Tsybulin,-2,0,31,43,-12,74,2021-11-03 09:00:00,535106
Oleh Filenko_128588,Oleh Filenko,3,1,35,27,8,62,2021-11-03 09:00:00,535107
V Selkin_105358,V Selkin,-3,0,14,33,-19,47,2021-11-03 09:01:00,535108
Kateryna Hubska_128308,Kateryna Hubska,-1,0,43,51,-8,94,2021-11-03 09:05:00,535109
Oleksandr Dziabura_681022873,Oleksandr Dziabura,1,1,53,50,3,103,2021-11-03 09:05:00,535110
Dmytro Prokopenko_128654,Dmytro Prokopenko,3,1,33,21,12,54,2021-11-03 09:10:00,535111
Oleksii Haponov_144160496,Oleksii Haponov,2,1,40,33,7,73,2021-11-03 09:10:00,535112
Yu Lbov_105318,Yu Lbov,-2,0,29,40,-11,69,2021-11-03 09:15:00,535113
Yaroslava Prykhodko_2094018333,Yaroslava Prykhodko,2,1,42,35,7,77,2021-11-03 09:15:00,535114
Oleksandr Lymarenko_128562,Oleksandr Lymarenko,-2,0,32,41,-9,73,2021-11-03 09:15:00,535115
O Nikiforov_105392,O Nikiforov,-1,0,42,51,-9,93,2021-11-03 09:15:00,535116
Taras Mokryi_128675,Taras Mokryi,-3,0,19,33,-14,52,2021-11-03 09:20:00,535117
Andrey Guchok_2022677565,Andrey Guchok,-3,0,18,35,-17,53,2021-11-03 09:20:00,535118
Yaroslav Vorsuliak_1180523031,Yaroslav Vorsuliak,2,1,41,25,16,66,2021-11-03 09:25:00,535119
Serhii Baranovskyi_87553708,Serhii Baranovskyi,-1,0,40,44,-4,84,2021-11-03 09:30:00,535120
Vladyslav Ratushniak_128589,Vladyslav Ratushniak,-3,0,15,33,-18,48,2021-11-03 09:30:00,535121
Michael Rikun_882299962,Michael Rikun,2,1,44,38,6,82,2021-11-03 09:30:00,535122
A Bogomolov_105359,A Bogomolov,-3,0,18,33,-15,51,2021-11-03 09:31:00,535123
Marharyta Saltanovska_128309,Marharyta Saltanovska,-1,0,48,53,-5,101,2021-11-03 09:35:00,535124
Oleksii Krutko_708869258,Oleksii Krutko,-2,0,31,42,-11,73,2021-11-03 09:35:00,535125
Kyrylo Yehorov_1014329674,Kyrylo Yehorov,2,1,41,31,10,72,2021-11-03 09:40:00,535126
Volodymyr Kazmyrchuk_128655,Volodymyr Kazmyrchuk,-2,0,33,41,-8,74,2021-11-03 09:40:00,535127
V Nemashkalo_105319,V Nemashkalo,-1,0,45,52,-7,97,2021-11-03 09:44:00,535128
Volodymyr Melnykov_128563,Volodymyr Melnykov,2,1,40,29,11,69,2021-11-03 09:45:00,535129
Oleksii Haponov_1764313757,Oleksii Haponov,3,1,33,22,11,55,2021-11-03 09:45:00,535130
A Arutiunyan_105393,A Arutiunyan,1,1,50,43,7,93,2021-11-03 09:47:00,535131
Artem Yurkov_128605,Artem Yurkov,-1,0,43,51,-8,94,2021-11-03 09:50:00,535132
Dmytro Kozak_128676,Dmytro Kozak,2,1,38,34,4,72,2021-11-03 09:50:00,535133
Olena Telezhynska_1101627146,Olena Telezhynska,-1,0,42,49,-7,91,2021-11-03 09:50:00,535134
Vadym Reva_128649,Vadym Reva,2,1,42,29,13,71,2021-11-03 09:55:00,535135
Roman Vashchuk_681725581,Roman Vashchuk,3,1,33,12,21,45,2021-11-03 09:55:00,535136
Vitalii Zharskiy_953758424,Vitalii Zharskiy,-2,0,29,40,-11,69,2021-11-03 10:00:00,535137
Petr Kubat_128524,Petr Kubat,2,1,41,40,1,81,2021-11-03 10:00:00,535138
Kyrylo Yurchenko_128590,Kyrylo Yurchenko,-3,0,26,33,-7,59,2021-11-03 10:00:00,535139
M Protiva_23536,M Protiva,-1,0,49,49,0,98,2021-11-03 10:01:00,535140
A Zabrodin_105360,A Zabrodin,-1,0,50,48,2,98,2021-11-03 10:01:00,535141
Roman Derypaska_653010108,Roman Derypaska,-1,0,54,53,1,107,2021-11-03 10:05:00,535142
Pavlo Zaderei_310543098,Pavlo Zaderei,2,1,41,37,4,78,2021-11-03 10:05:00,535143
Anastasiia Gordinskaya-Sheiko_128310,Anastasiia Gordinskaya-Sheiko,-1,0,41,47,-6,88,2021-11-03 10:05:00,535144
Nazarii Kovalchuk_1255266342,Nazarii Kovalchuk,1,1,54,46,8,100,2021-11-03 10:10:00,535145
Anatolii Chaplianka_973922455,Anatolii Chaplianka,-2,0,34,41,-7,75,2021-11-03 10:15:00,535146
Valerii Hries_128550,Valerii Hries,2,1,42,36,6,78,2021-11-03 10:15:00,535147
V Tsvetkov_105394,V Tsvetkov,2,1,43,29,14,72,2021-11-03 10:17:00,535148
D Popov_105320,D Popov,-2,0,29,41,-12,70,2021-11-03 10:17:00,535149
Vasyl Lutskyi_128677,Vasyl Lutskyi,3,1,33,20,13,53,2021-11-03 10:20:00,535150
Maksym Nikolenko_119969150,Maksym Nikolenko,1,1,45,42,3,87,2021-11-03 10:20:00,535151
Dmytro Rehotun_128606,Dmytro Rehotun,-2,0,29,38,-9,67,2021-11-03 10:20:00,535152
Anna Miklukha_388262426,Anna Miklukha,3,1,33,14,19,47,2021-11-03 10:25:00,535153
Volodymyr Butko_128354,Volodymyr Butko,-2,0,30,41,-11,71,2021-11-03 10:25:00,535154
Vladyslav Ratushniak_128591,Vladyslav Ratushniak,-2,0,31,35,-4,66,2021-11-03 10:30:00,535155
Viktor Bosak_1007231095,Viktor Bosak,-1,0,49,49,0,98,2021-11-03 10:30:00,535156
Frantisek Korenek_128525,Frantisek Korenek,-3,0,22,34,-12,56,2021-11-03 10:30:00,535157
Z Bilek_23537,Z Bilek,-1,0,38,47,-9,85,2021-11-03 10:35:00,535158
Marharyta Saltanovska_128311,Marharyta Saltanovska,-2,0,40,47,-7,87,2021-11-03 10:35:00,535159
Petro Tsolik_596302398,Petro Tsolik,-3,0,12,33,-21,45,2021-11-03 10:35:00,535160
Oleksandr Mytsyk_128657,Oleksandr Mytsyk,-1,0,53,51,2,104,2021-11-03 10:40:00,535161
Yevhen Masko_960999155,Yevhen Masko,1,1,45,42,3,87,2021-11-03 10:40:00,535162
Michael Rikun_1477436777,Michael Rikun,-2,0,31,42,-11,73,2021-11-03 10:40:00,535163
Volodymyr Melnykov_128564,Volodymyr Melnykov,-1,0,44,45,-1,89,2021-11-03 10:45:00,535164
Oleksandr Levadnyi_1220969207,Oleksandr Levadnyi,-2,0,35,40,-5,75,2021-11-03 10:45:00,535165
V Nemashkalo_105441,V Nemashkalo,-1,0,39,48,-9,87,2021-11-03 10:45:00,535166
A Bogomolov_105443,A Bogomolov,-2,0,24,38,-14,62,2021-11-03 10:46:00,535167
Yu Gavrilov_105445,Yu Gavrilov,3,1,33,18,15,51,2021-11-03 10:46:00,535168
Taras Mokryi_128678,Taras Mokryi,-2,0,44,47,-3,91,2021-11-03 10:50:00,535169
Rodion Kapinus_128607,Rodion Kapinus,3,1,34,19,15,53,2021-11-03 10:50:00,535170
Serhii Kinash_404759838,Serhii Kinash,2,1,40,27,13,67,2021-11-03 10:50:00,535171
Uryi Schepanskyi_352597814,Uryi Schepanskyi,3,1,34,22,12,56,2021-11-03 10:55:00,535172
Andrii Sydorenko_128355,Andrii Sydorenko,2,1,38,33,5,71,2021-11-03 10:55:00,535173
Frantisek Korenek_128526,Frantisek Korenek,1,1,47,44,3,91,2021-11-03 11:00:00,535174
Oleh Filenko_128592,Oleh Filenko,-1,0,42,42,0,84,2021-11-03 11:00:00,535175
Yaroslava Prykhodko_919197137,Yaroslava Prykhodko,1,1,57,54,3,111,2021-11-03 11:00:00,535176
P Macela_23538,P Macela,-3,0,23,33,-10,56,2021-11-03 11:03:00,535177
Kateryna Hubska_128312,Kateryna Hubska,-1,0,46,40,6,86,2021-11-03 11:05:00,535178
Andrey Guchok_907727463,Andrey Guchok,3,1,33,16,17,49,2021-11-03 11:05:00,535179
S Ovechkin_105444,S Ovechkin,-1,0,52,55,-3,107,2021-11-03 11:07:00,535180
Yaroslav Vorsuliak_177292277,Yaroslav Vorsuliak,-3,0,23,34,-11,57,2021-11-03 11:10:00,535181
Volodymyr Kazmyrchuk_128658,Volodymyr Kazmyrchuk,-2,0,29,41,-12,70,2021-11-03 11:10:00,535182
Pavlo Zaderei_60488860,Pavlo Zaderei,2,1,47,41,6,88,2021-11-03 11:15:00,535183
Oleksandr Lymarenko_128552,Oleksandr Lymarenko,3,1,33,16,17,49,2021-11-03 11:15:00,535184
D Popov_105442,D Popov,-2,0,40,38,2,78,2021-11-03 11:15:00,535185
A Arutiunyan_105446,A Arutiunyan,-2,0,35,43,-8,78,2021-11-03 11:15:00,535186
Roman Derypaska_339448920,Roman Derypaska,3,1,33,15,18,48,2021-11-03 11:15:00,535187
Dmytro Kozak_128679,Dmytro Kozak,-3,0,23,35,-12,58,2021-11-03 11:20:00,535188
Serhii Tsybulin_1284102020,Serhii Tsybulin,-1,0,46,53,-7,99,2021-11-03 11:20:00,535189
Dmytro Rehotun_128608,Dmytro Rehotun,-1,0,46,52,-6,98,2021-11-03 11:20:00,535190
Volodymyr Butko_128650,Volodymyr Butko,3,1,33,19,14,52,2021-11-03 11:25:00,535191
Oleksandr Dziabura_97252916,Oleksandr Dziabura,-2,0,30,42,-12,72,2021-11-03 11:25:00,535192
Petr Kubat_128527,Petr Kubat,-1,0,47,48,-1,95,2021-11-03 11:30:00,535193
Maksym Nikolenko_2053802704,Maksym Nikolenko,1,1,47,43,4,90,2021-11-03 11:30:00,535194
Oleksii Rybka_128593,Oleksii Rybka,-3,0,12,33,-21,45,2021-11-03 11:30:00,535195
L Protiva_23539,L Protiva,-1,0,47,57,-10,104,2021-11-03 11:30:00,535196
Anastasiia Ostapenko_128313,Anastasiia Ostapenko,3,1,34,23,11,57,2021-11-03 11:35:00,535197
Olena Telezhynska_2131247941,Olena Telezhynska,3,1,35,22,13,57,2021-11-03 11:35:00,535198
Roman Vashchuk_1204173380,Roman Vashchuk,3,1,35,28,7,63,2021-11-03 11:40:00,535199
Dmytro Prokopenko_128659,Dmytro Prokopenko,2,1,42,34,8,76,2021-11-03 11:40:00,535200
Vitalii Zharskiy_1102258613,Vitalii Zharskiy,2,1,44,33,11,77,2021-11-03 11:45:00,535201
Kostiantyn Seliuk_128565,Kostiantyn Seliuk,1,1,53,56,-3,109,2021-11-03 11:45:00,535202
N Kurilchik_105395,N Kurilchik,-3,0,26,33,-7,59,2021-11-03 11:46:00,535203
A Kozlov_105327,A Kozlov,-1,0,50,54,-4,104,2021-11-03 11:46:00,535204
Nikita Trofimov_935195199,Nikita Trofimov,-2,0,41,47,-6,88,2021-11-03 11:50:00,535205
Anton Veliiev_534013957,Anton Veliiev,1,1,52,45,7,97,2021-11-03 11:50:00,535206
I Minchenkov_105361,I Minchenkov,2,1,42,32,10,74,2021-11-03 11:50:00,535207
Artem Yurkov_128609,Artem Yurkov,-3,0,24,34,-10,58,2021-11-03 11:50:00,535208
Taras Mokryi_128680,Taras Mokryi,-1,0,47,53,-6,100,2021-11-03 11:50:00,535209
Oleksii Krutko_1514877991,Oleksii Krutko,3,1,35,24,11,59,2021-11-03 11:55:00,535210
Vadym Reva_128357,Vadym Reva,-1,0,43,48,-5,91,2021-11-03 11:55:00,535211
Kyrylo Yehorov_154236214,Kyrylo Yehorov,1,1,54,47,7,101,2021-11-03 12:00:00,535212
Kyrylo Yurchenko_128594,Kyrylo Yurchenko,-3,0,19,33,-14,52,2021-11-03 12:00:00,535213
Josef Ruzicka_128528,Josef Ruzicka,1,1,49,37,12,86,2021-11-03 12:00:00,535214
P Macela_23540,P Macela,1,1,49,44,5,93,2021-11-03 12:03:00,535215
Volodymyr Maksiuta_1626473037,Volodymyr Maksiuta,3,1,33,21,12,54,2021-11-03 12:05:00,535216
Anastasiia Gordinskaya-Sheiko_128314,Anastasiia Gordinskaya-Sheiko,2,1,43,33,10,76,2021-11-03 12:05:00,535217
Anna Miklukha_1715691893,Anna Miklukha,2,1,42,31,11,73,2021-11-03 12:10:00,535218
Volodymyr Kazmyrchuk_128660,Volodymyr Kazmyrchuk,1,1,46,40,6,86,2021-11-03 12:10:00,535219
Viktor Bosak_1977252343,Viktor Bosak,3,1,33,6,27,39,2021-11-03 12:15:00,535220
Valerii Hries_128566,Valerii Hries,1,1,53,42,11,95,2021-11-03 12:15:00,535221
I Poletaev_105396,I Poletaev,-3,0,17,33,-16,50,2021-11-03 12:15:00,535222
D Mikheev_105362,D Mikheev,-3,0,23,34,-11,57,2021-11-03 12:19:00,535223
Vasyl Lutskyi_128681,Vasyl Lutskyi,3,1,34,19,15,53,2021-11-03 12:20:00,535224
Andrii Skliarenko_128610,Andrii Skliarenko,-1,0,40,44,-4,84,2021-11-03 12:20:00,535225
Petro Tsolik_1879256990,Petro Tsolik,-1,0,45,53,-8,98,2021-11-03 12:20:00,535226
S Ogai_105328,S Ogai,-2,0,39,48,-9,87,2021-11-03 12:24:00,535227
Hennadii Buianover_128358,Hennadii Buianover,1,1,48,43,5,91,2021-11-03 12:25:00,535228
Serhii Baranovskyi_2058051683,Serhii Baranovskyi,2,1,39,19,20,58,2021-11-03 12:25:00,535229
Pavlo Zaderei_321643516,Pavlo Zaderei,-3,0,20,34,-14,54,2021-11-03 12:25:00,535230
Nazarii Kovalchuk_1449221175,Nazarii Kovalchuk,-2,0,35,43,-8,78,2021-11-03 12:30:00,535231
Petr Kubat_128529,Petr Kubat,2,1,40,33,7,73,2021-11-03 12:30:00,535232
Vladyslav Ratushniak_128595,Vladyslav Ratushniak,3,1,34,20,14,54,2021-11-03 12:30:00,535233
Marharyta Saltanovska_128315,Marharyta Saltanovska,-2,0,30,38,-8,68,2021-11-03 12:35:00,535234
Anatolii Chaplianka_1393629826,Anatolii Chaplianka,1,1,47,35,12,82,2021-11-03 12:35:00,535235
Z Bilek_23541,Z Bilek,2,1,41,33,8,74,2021-11-03 12:37:00,535236
Maksym Nikolenko_1437832292,Maksym Nikolenko,1,1,51,41,10,92,2021-11-03 12:40:00,535237
Oleksandr Mytsyk_128661,Oleksandr Mytsyk,-1,0,41,47,-6,88,2021-11-03 12:40:00,535238
A Potapkov_105363,A Potapkov,-1,0,42,45,-3,87,2021-11-03 12:43:00,535239
V Evlampiev_105397,V Evlampiev,-3,0,26,34,-8,60,2021-11-03 12:45:00,535240
Volodymyr Melnykov_128567,Volodymyr Melnykov,3,1,34,23,11,57,2021-11-03 12:45:00,535241
Yaroslava Prykhodko_1884423776,Yaroslava Prykhodko,3,1,33,27,6,60,2021-11-03 12:45:00,535242
Andrey Guchok_1303694577,Andrey Guchok,-3,0,24,33,-9,57,2021-11-03 12:50:00,535243
Dmytro Kozak_128682,Dmytro Kozak,-3,0,28,37,-9,65,2021-11-03 12:50:00,535244
Rodion Kapinus_128611,Rodion Kapinus,-3,0,18,33,-15,51,2021-11-03 12:50:00,535245
A Lobanov_105329,A Lobanov,-2,0,31,40,-9,71,2021-11-03 12:53:00,535246
Andrii Sydorenko_128651,Andrii Sydorenko,2,1,42,32,10,74,2021-11-03 12:55:00,535247
Yaroslav Vorsuliak_1113747077,Yaroslav Vorsuliak,-1,0,44,52,-8,96,2021-11-03 12:55:00,535248
Michael Rikun_1756518236,Michael Rikun,-1,0,42,41,1,83,2021-11-03 13:00:00,535249
Yevhen Masko_462286577,Yevhen Masko,-3,0,25,36,-11,61,2021-11-03 13:00:00,535250
Oleh Filenko_128596,Oleh Filenko,-3,0,19,34,-15,53,2021-11-03 13:00:00,535251
Kateryna Hubska_128316,Kateryna Hubska,3,1,33,15,18,48,2021-11-03 13:05:00,535252
Oleksandr Levadnyi_1774491915,Oleksandr Levadnyi,1,1,47,44,3,91,2021-11-03 13:05:00,535253
M Protiva_23568,M Protiva,2,1,41,36,5,77,2021-11-03 13:06:00,535254
Sebastian Ghariani_128689,Sebastian Ghariani,2,1,42,27,15,69,2021-11-03 13:10:00,535255
Dmytro Prokopenko_128662,Dmytro Prokopenko,2,1,42,35,7,77,2021-11-03 13:10:00,535256
Serhii Kinash_1326213991,Serhii Kinash,3,1,33,22,11,55,2021-11-03 13:10:00,535257
M Ilichev_105364,M Ilichev,2,1,41,31,10,72,2021-11-03 13:14:00,535258
O Suharkov_105398,O Suharkov,3,1,33,19,14,52,2021-11-03 13:15:00,535259
Oleksandr Lymarenko_128568,Oleksandr Lymarenko,-2,0,42,46,-4,88,2021-11-03 13:15:00,535260
Maksym Nikolenko_2024167945,Maksym Nikolenko,2,1,39,23,16,62,2021-11-03 13:15:00,535261
Zh Tsybikov_105330,Zh Tsybikov,-2,0,32,39,-7,71,2021-11-03 13:20:00,535262
Rostyslav Fylypiv_128673,Rostyslav Fylypiv,2,1,40,31,9,71,2021-11-03 13:20:00,535263
Dmytro Rehotun_128612,Dmytro Rehotun,3,1,35,26,9,61,2021-11-03 13:20:00,535264
Ulyana Palamarchuk_1924914103,Ulyana Palamarchuk,1,1,41,44,-3,85,2021-11-03 13:20:00,535265
Igor Demchuk_1092749148,Igor Demchuk,3,1,33,10,23,43,2021-11-03 13:25:00,535266
Volodymyr Butko_128360,Volodymyr Butko,-1,0,41,51,-10,92,2021-11-03 13:25:00,535267
Volodymyr Ivasiv_843392813,Volodymyr Ivasiv,-1,0,39,46,-7,85,2021-11-03 13:30:00,535268
P Macela_23569,P Macela,2,1,39,31,8,70,2021-11-03 13:30:00,535269
Oleksii Rybka_128597,Oleksii Rybka,1,1,52,48,4,100,2021-11-03 13:30:00,535270
Pavlo Zaderei_1459666202,Pavlo Zaderei,2,1,40,33,7,73,2021-11-03 13:35:00,535271
Anastasiia Ostapenko_128317,Anastasiia Ostapenko,-2,0,33,44,-11,77,2021-11-03 13:35:00,535272
Lev Kats_834236512,Lev Kats,-2,0,28,37,-9,65,2021-11-03 13:35:00,535273
A Potapkov_105365,A Potapkov,2,1,37,36,1,73,2021-11-03 13:38:00,535274
Serhii Tsybulin_1289457013,Serhii Tsybulin,2,1,43,20,23,63,2021-11-03 13:40:00,535275
Josef Ruzicka_128690,Josef Ruzicka,1,1,52,45,7,97,2021-11-03 13:40:00,535276
Sergii Skhabitskiy_128663,Sergii Skhabitskiy,-3,0,14,33,-19,47,2021-11-03 13:40:00,535277
Oleksandr Dziabura_1533694632,Oleksandr Dziabura,2,1,39,34,5,73,2021-11-03 13:45:00,535278
Kostiantyn Seliuk_128569,Kostiantyn Seliuk,-2,0,25,40,-15,65,2021-11-03 13:45:00,535279
V Evlampiev_105399,V Evlampiev,-1,0,41,51,-10,92,2021-11-03 13:46:00,535280
A Lobanov_105331,A Lobanov,-1,0,42,50,-8,92,2021-11-03 13:48:00,535281
Artem Yurkov_128613,Artem Yurkov,3,1,33,23,10,56,2021-11-03 13:50:00,535282
Vasyl Lutskyi_128691,Vasyl Lutskyi,3,1,33,11,22,44,2021-11-03 13:50:00,535283
Volodymyr Maksiuta_1211342630,Volodymyr Maksiuta,-1,0,45,50,-5,95,2021-11-03 13:50:00,535284
Vadym Reva_128361,Vadym Reva,-3,0,25,38,-13,63,2021-11-03 13:55:00,535285
Olena Telezhynska_2014925119,Olena Telezhynska,1,1,46,46,0,92,2021-11-03 13:55:00,535286
Kyrylo Yurchenko_128598,Kyrylo Yurchenko,-3,0,24,33,-9,57,2021-11-03 14:00:00,535287
Roman Vashchuk_1772575995,Roman Vashchuk,2,1,41,32,9,73,2021-11-03 14:00:00,535288
Vaclav Ezr_128530,Vaclav Ezr,-2,0,23,41,-18,64,2021-11-03 14:00:00,535289
M Flanderka_23542,M Flanderka,1,1,50,41,9,91,2021-11-03 14:00:00,535290
D Mikheev_105366,D Mikheev,-2,0,40,48,-8,88,2021-11-03 14:02:00,535291
Vitalii Zharskiy_1337435005,Vitalii Zharskiy,2,1,42,40,2,82,2021-11-03 14:05:00,535292
Anastasiia Gordinskaya-Sheiko_128318,Anastasiia Gordinskaya-Sheiko,3,1,33,23,10,56,2021-11-03 14:05:00,535293
Roman Derypaska_1090806661,Roman Derypaska,3,1,34,26,8,60,2021-11-03 14:10:00,535294
Sergii Skhabitskiy_128693,Sergii Skhabitskiy,3,1,34,24,10,58,2021-11-03 14:10:00,535295
Michael Rikun_828457092,Michael Rikun,-2,0,28,36,-8,64,2021-11-03 14:10:00,535296
Valerii Hries_128570,Valerii Hries,-3,0,30,38,-8,68,2021-11-03 14:15:00,535297
Nazarii Kovalchuk_439279378,Nazarii Kovalchuk,1,1,46,45,1,91,2021-11-03 14:15:00,535298
I Poletaev_105400,I Poletaev,-1,0,52,59,-7,111,2021-11-03 14:16:00,535299
Andrii Skliarenko_128614,Andrii Skliarenko,-2,0,32,40,-8,72,2021-11-03 14:20:00,535300
Anatolii Chaplianka_1745352545,Anatolii Chaplianka,-1,0,48,52,-4,100,2021-11-03 14:20:00,535301
S Ogai_105332,S Ogai,-2,0,26,42,-16,68,2021-11-03 14:20:00,535302
Vlas Barei_128692,Vlas Barei,-2,0,37,46,-9,83,2021-11-03 14:20:00,535303
Oleksii Haponov_1658568154,Oleksii Haponov,-3,0,27,36,-9,63,2021-11-03 14:25:00,535304
Hennadii Buianover_128652,Hennadii Buianover,1,1,47,35,12,82,2021-11-03 14:25:00,535305
Ulyana Palamarchuk_256041504,Ulyana Palamarchuk,-1,0,46,52,-6,98,2021-11-03 14:30:00,535306
Oleh Filenko_128599,Oleh Filenko,3,1,33,24,9,57,2021-11-03 14:30:00,535307
Krystof Prida_128531,Krystof Prida,3,1,33,20,13,53,2021-11-03 14:30:00,535308
Jo Belovsky_23543,Jo Belovsky,-1,0,49,49,0,98,2021-11-03 14:32:00,535309
D Mikheev_105509,D Mikheev,2,1,40,37,3,77,2021-11-03 14:33:00,535310
Andrey Guchok_1000359339,Andrey Guchok,-2,0,29,41,-12,70,2021-11-03 14:35:00,535311
Kateryna Hubska_128319,Kateryna Hubska,3,1,35,20,15,55,2021-11-03 14:35:00,535312
Yaroslav Vorsuliak_548557576,Yaroslav Vorsuliak,-3,0,27,34,-7,61,2021-11-03 14:40:00,535313
Bohdan Havryliuk_128694,Bohdan Havryliuk,3,1,33,19,14,52,2021-11-03 14:40:00,535314
Serhii Baranovskyi_849688410,Serhii Baranovskyi,-3,0,22,35,-13,57,2021-11-03 14:45:00,535315
Pavlo Zaderei_36225476,Pavlo Zaderei,2,1,41,27,14,68,2021-11-03 14:45:00,535316
Oleksandr Lymarenko_128571,Oleksandr Lymarenko,2,1,43,29,14,72,2021-11-03 14:45:00,535317
S Ogai_105517,S Ogai,2,1,42,36,6,78,2021-11-03 14:49:00,535318
Rodion Kapinus_128615,Rodion Kapinus,2,1,43,30,13,73,2021-11-03 14:50:00,535319
Oleksandr Shkurupii_548637109,Oleksandr Shkurupii,-2,0,42,47,-5,89,2021-11-03 14:50:00,535320
Andrii Sydorenko_128363,Andrii Sydorenko,3,1,33,22,11,55,2021-11-03 14:55:00,535321
Oleksandr Semenets_1402537301,Oleksandr Semenets,3,1,33,24,9,57,2021-11-03 14:55:00,535322
I Poletaev_105519,I Poletaev,1,1,50,48,2,98,2021-11-03 14:58:00,535323
Volodymyr Maksiuta_1704873370,Volodymyr Maksiuta,2,1,43,35,8,78,2021-11-03 15:00:00,535324
Dmytro Pysar_128600,Dmytro Pysar,3,1,33,21,12,54,2021-11-03 15:00:00,535325
Krystof Prida_128532,Krystof Prida,2,1,44,26,18,70,2021-11-03 15:00:00,535326
O Janku_23544,O Janku,1,1,46,41,5,87,2021-11-03 15:02:00,535327
A Potapkov_105510,A Potapkov,-3,0,25,33,-8,58,2021-11-03 15:04:00,535328
Oksana Kolosovska_128320,Oksana Kolosovska,-3,0,10,33,-23,43,2021-11-03 15:05:00,535329
Olena Telezhynska_413253808,Olena Telezhynska,1,1,50,45,5,95,2021-11-03 15:05:00,535330
Roman Vashchuk_724209096,Roman Vashchuk,1,1,48,43,5,91,2021-11-03 15:10:00,535331
Dmytro Khairov_128572,Dmytro Khairov,2,1,43,31,12,74,2021-11-03 15:15:00,535332
Volodymyr Ivasiv_1307618160,Volodymyr Ivasiv,-2,0,42,46,-4,88,2021-11-03 15:15:00,535333
Zh Tsybikov_105518,Zh Tsybikov,-3,0,20,35,-15,55,2021-11-03 15:19:00,535334
Artem Yurkov_128616,Artem Yurkov,3,1,36,25,11,61,2021-11-03 15:20:00,535335
Yevhen Masko_1573027341,Yevhen Masko,-3,0,23,34,-11,57,2021-11-03 15:20:00,535336
Anton Veliiev_534152194,Anton Veliiev,1,1,51,43,8,94,2021-11-03 15:20:00,535337
Vadym Reva_128364,Vadym Reva,2,1,38,29,9,67,2021-11-03 15:25:00,535338
Nazarii Kovalchuk_912059889,Nazarii Kovalchuk,-1,0,30,47,-17,77,2021-11-03 15:25:00,535339
N Kurilchik_105520,N Kurilchik,-2,0,36,45,-9,81,2021-11-03 15:30:00,535340
Anatolii Chaplianka_1732274148,Anatolii Chaplianka,-2,0,40,41,-1,81,2021-11-03 15:30:00,535341
Oleh Filenko_128601,Oleh Filenko,-3,0,20,33,-13,53,2021-11-03 15:30:00,535342
T Varnuska_23545,T Varnuska,1,1,51,40,11,91,2021-11-03 15:30:00,535343
Vaclav Ezr_128533,Vaclav Ezr,-3,0,17,35,-18,52,2021-11-03 15:30:00,535344
M Gusev_105367,M Gusev,1,1,45,39,6,84,2021-11-03 15:33:00,535345
Oleksiy Molochko_360394098,Oleksiy Molochko,1,1,50,53,-3,103,2021-11-03 15:35:00,535346
Bohdan Panchenko_660843417,Bohdan Panchenko,-1,0,47,50,-3,97,2021-11-03 15:40:00,535347
Oleksandr Lymarenko_128560,Oleksandr Lymarenko,1,1,43,47,-4,90,2021-11-03 15:45:00,535348
N Pashkov_105333,N Pashkov,-3,0,28,38,-10,66,2021-11-03 15:47:00,535349
Oleksandr Kasatiy_1516225955,Oleksandr Kasatiy,3,1,35,21,14,56,2021-11-03 15:50:00,535350
Mykola Ulianchych_128617,Mykola Ulianchych,-2,0,38,38,0,76,2021-11-03 15:50:00,535351
Nikita Trofimov_1608725779,Nikita Trofimov,1,1,48,37,11,85,2021-11-03 15:55:00,535352
Oleksandr Gress_128653,Oleksandr Gress,3,1,33,15,18,48,2021-11-03 15:55:00,535353
I Novikov_105401,I Novikov,3,1,33,13,20,46,2021-11-03 15:57:00,535354
Oleksii Krutko_1840449900,Oleksii Krutko,-3,0,25,34,-9,59,2021-11-03 16:00:00,535355
Petr Dvorak_128534,Petr Dvorak,-3,0,23,34,-11,57,2021-11-03 16:00:00,535356
Vladyslav Ratushniak_128602,Vladyslav Ratushniak,-2,0,44,47,-3,91,2021-11-03 16:00:00,535357
O Janku_23546,O Janku,-1,0,44,42,2,86,2021-11-03 16:01:00,535358
Marharyta Saltanovska_128322,Marharyta Saltanovska,-1,0,51,48,3,99,2021-11-03 16:05:00,535359
A Yakovlev_105368,A Yakovlev,-2,0,37,44,-7,81,2021-11-03 16:05:00,535360
Kyrylo Yehorov_1715720314,Kyrylo Yehorov,1,1,53,49,4,102,2021-11-03 16:05:00,535361
Dmytro Halai_2071935579,Dmytro Halai,1,1,46,41,5,87,2021-11-03 16:10:00,535362
G Karpovkin_105334,G Karpovkin,-2,0,27,42,-15,69,2021-11-03 16:15:00,535363
Igor Kunda_1127395274,Igor Kunda,3,1,33,15,18,48,2021-11-03 16:15:00,535364
Volodymyr Melnykov_128573,Volodymyr Melnykov,3,1,33,20,13,53,2021-11-03 16:15:00,535365
D Molodtsov_105402,D Molodtsov,1,1,57,57,0,114,2021-11-03 16:17:00,535366
Mykola Treshchetka_409425532,Mykola Treshchetka,-1,0,37,46,-9,83,2021-11-03 16:20:00,535367
Artem Yurkov_128618,Artem Yurkov,2,1,39,32,7,71,2021-11-03 16:20:00,535368
Stanislav Nikolenko_128370,Stanislav Nikolenko,2,1,42,32,10,74,2021-11-03 16:20:00,535369
Mykhailo Vivatenko_689657782,Mykhailo Vivatenko,-2,0,31,41,-10,72,2021-11-03 16:25:00,535370
Vadym Reva_128366,Vadym Reva,2,1,41,23,18,64,2021-11-03 16:25:00,535371
Olena Nalisnikovska_128574,Olena Nalisnikovska,3,1,33,23,10,56,2021-11-03 16:30:00,535372
Roman Derypaska_1001650214,Roman Derypaska,-2,0,33,40,-7,73,2021-11-03 16:30:00,535373
Vaclav Ezr_128535,Vaclav Ezr,-3,0,24,33,-9,57,2021-11-03 16:30:00,535374
A Alekseyev_105369,A Alekseyev,2,1,42,24,18,66,2021-11-03 16:31:00,535375
Jo Belovsky_23547,Jo Belovsky,-3,0,26,37,-11,63,2021-11-03 16:31:00,535376
Taras Bonishchuk_128400,Taras Bonishchuk,2,1,40,36,4,76,2021-11-03 16:35:00,535377
Yuliia Yemelianenko_1339557749,Yuliia Yemelianenko,3,1,33,22,11,55,2021-11-03 16:35:00,535378
Tatiana Bairak_1418512488,Tatiana Bairak,2,1,45,34,11,79,2021-11-03 16:40:00,535379
Dmytro Kunchurov_128430,Dmytro Kunchurov,-2,0,36,44,-8,80,2021-11-03 16:40:00,535380
Dmytro Halai_1775889362,Dmytro Halai,-3,0,22,33,-11,55,2021-11-03 16:45:00,535381
Serhii Dovzhenko_128445,Serhii Dovzhenko,1,1,52,49,3,101,2021-11-03 16:45:00,535382
A Poprocky_105335,A Poprocky,3,1,33,20,13,53,2021-11-03 16:47:00,535383
Nikita Zinov_1415089078,Nikita Zinov,2,1,42,26,16,68,2021-11-03 16:50:00,535384
Nazarii Sydorak_128371,Nazarii Sydorak,3,1,34,24,10,58,2021-11-03 16:50:00,535385
Dmytro Rehotun_128619,Dmytro Rehotun,-1,0,47,53,-6,100,2021-11-03 16:50:00,535386
Volodymyr Butko_128367,Volodymyr Butko,-2,0,40,46,-6,86,2021-11-03 16:55:00,535387
Aleksandr Tulenin_1398017143,Aleksandr Tulenin,2,1,42,30,12,72,2021-11-03 16:55:00,535388
Oleksandr Kasatiy_1195547015,Oleksandr Kasatiy,-2,0,35,42,-7,77,2021-11-03 17:00:00,535389
Oleksandra Tsiupko_128575,Oleksandra Tsiupko,-3,0,23,34,-11,57,2021-11-03 17:00:00,535390
Jo Belovsky_23594,Jo Belovsky,-2,0,43,48,-5,91,2021-11-03 17:00:00,535391
M Sverdlov_105370,M Sverdlov,2,1,41,30,11,71,2021-11-03 17:01:00,535392
Roman Yushko_128401,Roman Yushko,-2,0,43,48,-5,91,2021-11-03 17:05:00,535393
Serhii Baranovskyi_1276778077,Serhii Baranovskyi,-1,0,46,50,-4,96,2021-11-03 17:05:00,535394
Petr Dvorak_128845,Petr Dvorak,-2,0,29,42,-13,71,2021-11-03 17:05:00,535395
A Frolov_105403,A Frolov,1,1,42,34,8,76,2021-11-03 17:07:00,535396
Yuliia Yemelianenko_837360191,Yuliia Yemelianenko,-1,0,46,53,-7,99,2021-11-03 17:10:00,535397
Valerii Shepil_128431,Valerii Shepil,-1,0,37,51,-14,88,2021-11-03 17:10:00,535398
Serhii Yatsenko_128446,Serhii Yatsenko,2,1,40,31,9,71,2021-11-03 17:15:00,535399
Yana Zakladna_117487699,Yana Zakladna,3,1,33,21,12,54,2021-11-03 17:15:00,535400
E Madan_105336,E Madan,3,1,36,24,12,60,2021-11-03 17:16:00,535401
Anton Kernos_128634,Anton Kernos,-3,0,25,35,-10,60,2021-11-03 17:20:00,535402
Oleksiy Molochko_1352518393,Oleksiy Molochko,2,1,40,34,6,74,2021-11-03 17:20:00,535403
Bohdan Panchenko_356792646,Bohdan Panchenko,-1,0,44,50,-6,94,2021-11-03 17:25:00,535404
Oleksandr Liushnia_128462,Oleksandr Liushnia,1,1,51,56,-5,107,2021-11-03 17:25:00,535405
Alina Novosad_128576,Alina Novosad,2,1,38,29,9,67,2021-11-03 17:30:00,535406
Mykola Treshchetka_1087129411,Mykola Treshchetka,-3,0,22,33,-11,55,2021-11-03 17:30:00,535407
A Alekseyev_105371,A Alekseyev,1,1,52,44,8,96,2021-11-03 17:31:00,535408
O Janku_23595,O Janku,2,1,38,31,7,69,2021-11-03 17:32:00,535409
Dmitriy Pereyaslovskyi_128402,Dmitriy Pereyaslovskyi,-3,0,28,36,-8,64,2021-11-03 17:35:00,535410
Ihor Syniavskyi_866509207,Ihor Syniavskyi,1,1,50,49,1,99,2021-11-03 17:35:00,535411
Jakub Merta_128846,Jakub Merta,1,1,46,43,3,89,2021-11-03 17:35:00,535412
Maksym Kozhevnikov_128432,Maksym Kozhevnikov,1,1,49,49,0,98,2021-11-03 17:40:00,535413
Lev Kats_1961035187,Lev Kats,-1,0,45,42,3,87,2021-11-03 17:40:00,535414
P Khramkov_105404,P Khramkov,2,1,41,31,10,72,2021-11-03 17:45:00,535415
A Poprocky_105337,A Poprocky,1,1,51,45,6,96,2021-11-03 17:45:00,535416
Tatiana Bairak_294457707,Tatiana Bairak,-2,0,31,40,-9,71,2021-11-03 17:45:00,535417
Anatolii Kostenko_128447,Anatolii Kostenko,3,1,33,21,12,54,2021-11-03 17:45:00,535418
Yuliia Yemelianenko_414200164,Yuliia Yemelianenko,2,1,44,33,11,77,2021-11-03 17:50:00,535419
Nazarii Sydorak_128373,Nazarii Sydorak,2,1,37,36,1,73,2021-11-03 17:50:00,535420
Andrii Herasymenko_1685114833,Andrii Herasymenko,2,1,40,30,10,70,2021-11-03 17:55:00,535421
Yurii Kolesnyk_128463,Yurii Kolesnyk,1,1,47,43,4,90,2021-11-03 17:55:00,535422
Nikita Zinov_1647527608,Nikita Zinov,1,1,52,43,9,95,2021-11-03 18:00:00,535423
Miloslav Kuba_128536,Miloslav Kuba,-2,0,24,40,-16,64,2021-11-03 18:00:00,535424
Oleksandra Tsiupko_128577,Oleksandra Tsiupko,-2,0,32,42,-10,74,2021-11-03 18:00:00,535425
Ja Kanera_23548,Ja Kanera,3,1,33,25,8,58,2021-11-03 18:02:00,535426
A Yakovlev_105372,A Yakovlev,1,1,51,39,12,90,2021-11-03 18:04:00,535427
A Frolov_105405,A Frolov,2,1,41,28,13,69,2021-11-03 18:05:00,535428
Roman Yushko_128403,Roman Yushko,-1,0,45,50,-5,95,2021-11-03 18:05:00,535429
Maxim Naumchuk_1223008067,Maxim Naumchuk,-2,0,34,39,-5,73,2021-11-03 18:05:00,535430
Valerii Shepil_128433,Valerii Shepil,2,1,43,26,17,69,2021-11-03 18:10:00,535431
Mykhailo Vivatenko_1290463382,Mykhailo Vivatenko,-1,0,39,44,-5,83,2021-11-03 18:10:00,535432
Serhii Yatsenko_128448,Serhii Yatsenko,3,1,33,22,11,55,2021-11-03 18:15:00,535433
Nikita Trofimov_231247719,Nikita Trofimov,1,1,54,56,-2,110,2021-11-03 18:15:00,535434
G Karpovkin_105338,G Karpovkin,3,1,33,20,13,53,2021-11-03 18:18:00,535435
Stanislav Nikolenko_128635,Stanislav Nikolenko,2,1,38,25,13,63,2021-11-03 18:20:00,535436
Yana Zakladna_585882464,Yana Zakladna,-2,0,32,41,-9,73,2021-11-03 18:20:00,535437
Roman Hnoievoi_128464,Roman Hnoievoi,-3,0,19,33,-14,52,2021-11-03 18:25:00,535438
Tatiana Bairak_1226616544,Tatiana Bairak,3,1,33,16,17,49,2021-11-03 18:25:00,535439
D Molodtsov_105406,D Molodtsov,3,1,33,24,9,57,2021-11-03 18:27:00,535440
Jo Kutifel_23549,Jo Kutifel,-3,0,23,35,-12,58,2021-11-03 18:29:00,535441
Olena Nalisnikovska_128578,Olena Nalisnikovska,3,1,37,24,13,61,2021-11-03 18:30:00,535442
Matej Beran_128537,Matej Beran,-2,0,38,39,-1,77,2021-11-03 18:30:00,535443
Oleksiy Molochko_1801411262,Oleksiy Molochko,-1,0,43,54,-11,97,2021-11-03 18:30:00,535444
Taras Bonishchuk_128404,Taras Bonishchuk,-1,0,46,45,1,91,2021-11-03 18:35:00,535445
Bohdan Panchenko_419014975,Bohdan Panchenko,1,1,52,44,8,96,2021-11-03 18:35:00,535446
A Yakovlev_105565,A Yakovlev,2,1,43,44,-1,87,2021-11-03 18:39:00,535447
Dmytro Kunchurov_128434,Dmytro Kunchurov,3,1,34,24,10,58,2021-11-03 18:40:00,535448
Aleksandr Tulenin_38286747,Aleksandr Tulenin,-3,0,27,36,-9,63,2021-11-03 18:40:00,535449
Serhii Dovzhenko_128449,Serhii Dovzhenko,3,1,35,27,8,62,2021-11-03 18:45:00,535450
Oleksandr Kasatiy_1076139135,Oleksandr Kasatiy,-1,0,47,48,-1,95,2021-11-03 18:45:00,535451
N Pashkov_105567,N Pashkov,2,1,41,29,12,70,2021-11-03 18:47:00,535452
Volodymyr Okopnyi_128375,Volodymyr Okopnyi,-2,0,33,41,-8,74,2021-11-03 18:50:00,535453
Sviatoslav Sachuk_128620,Sviatoslav Sachuk,3,1,33,23,10,56,2021-11-03 18:50:00,535454
Yevhen Masko_2117548209,Yevhen Masko,2,1,38,37,1,75,2021-11-03 18:50:00,535455
Yulija Rechytska_1951373251,Yulija Rechytska,-3,0,21,36,-15,57,2021-11-03 18:55:00,535456
Yurii Kolesnyk_128465,Yurii Kolesnyk,-2,0,28,42,-14,70,2021-11-03 18:55:00,535457
P Khramkov_105569,P Khramkov,-1,0,40,48,-8,88,2021-11-03 18:56:00,535458
Matej Beran_128538,Matej Beran,-3,0,26,34,-8,60,2021-11-03 19:00:00,535459
Svitlana Yureneva_128579,Svitlana Yureneva,3,1,33,19,14,52,2021-11-03 19:00:00,535460
Yuliia Yemelianenko_1695455982,Yuliia Yemelianenko,-1,0,44,52,-8,96,2021-11-03 19:00:00,535461
Ma Klimenta_23550,Ma Klimenta,3,1,33,24,9,57,2021-11-03 19:01:00,535462
M Sverdlov_105566,M Sverdlov,-3,0,26,38,-12,64,2021-11-03 19:05:00,535463
Uriy Sandulenko_1696966824,Uriy Sandulenko,-1,0,44,43,1,87,2021-11-03 19:05:00,535464
Oleh Skoryk_128405,Oleh Skoryk,-2,0,35,42,-7,77,2021-11-03 19:05:00,535465
Igor Kunda_305094706,Igor Kunda,-2,0,28,42,-14,70,2021-11-03 19:10:00,535466
Serhii Trushkovskyi_128435,Serhii Trushkovskyi,-2,0,31,42,-11,73,2021-11-03 19:10:00,535467
Oleksandr Bryzhevatyi_128450,Oleksandr Bryzhevatyi,1,1,38,44,-6,82,2021-11-03 19:15:00,535468
Mykola Treshchetka_1120666278,Mykola Treshchetka,1,1,53,42,11,95,2021-11-03 19:15:00,535469
D Molodtsov_105570,D Molodtsov,-3,0,21,33,-12,54,2021-11-03 19:17:00,535470
E Madan_105568,E Madan,-2,0,29,40,-11,69,2021-11-03 19:17:00,535471
Anton Kernos_128636,Anton Kernos,-1,0,44,53,-9,97,2021-11-03 19:20:00,535472
Ihor Syniavskyi_1396149754,Ihor Syniavskyi,-3,0,19,33,-14,52,2021-11-03 19:20:00,535473
Oleksandr Sulym_128621,Oleksandr Sulym,-1,0,42,48,-6,90,2021-11-03 19:20:00,535474
Oleksandr Liushnia_128466,Oleksandr Liushnia,2,1,42,32,10,74,2021-11-03 19:25:00,535475
Roman Cherevko_436238524,Roman Cherevko,1,1,48,41,7,89,2021-11-03 19:25:00,535476
A Zikmund_23551,A Zikmund,-1,0,45,51,-6,96,2021-11-03 19:30:00,535477
Yana Zakladna_1851067878,Yana Zakladna,-2,0,30,41,-11,71,2021-11-03 19:30:00,535478
Miloslav Kuba_128539,Miloslav Kuba,-2,0,32,42,-10,74,2021-11-03 19:30:00,535479
Alina Novosad_128580,Alina Novosad,-2,0,34,45,-11,79,2021-11-03 19:30:00,535480
O Pronin_105373,O Pronin,-2,0,30,43,-13,73,2021-11-03 19:32:00,535481
Dmitriy Pereyaslovskyi_128406,Dmitriy Pereyaslovskyi,-2,0,27,41,-14,68,2021-11-03 19:35:00,535482
Tatiana Bairak_294678180,Tatiana Bairak,-1,0,41,46,-5,87,2021-11-03 19:35:00,535483
Maksym Kozhevnikov_128436,Maksym Kozhevnikov,-1,0,39,48,-9,87,2021-11-03 19:40:00,535484
Oleksiy Molochko_568779972,Oleksiy Molochko,-3,0,22,33,-11,55,2021-11-03 19:40:00,535485
S Nikulin_105339,S Nikulin,-3,0,21,35,-14,56,2021-11-03 19:45:00,535486
Anatolii Kostenko_128451,Anatolii Kostenko,1,1,51,47,4,98,2021-11-03 19:45:00,535487
Nikita Zinov_1579663978,Nikita Zinov,1,1,48,45,3,93,2021-11-03 19:45:00,535488
S Kaplan_105407,S Kaplan,-3,0,19,33,-14,52,2021-11-03 19:47:00,535489
Nazarii Sydorak_128377,Nazarii Sydorak,2,1,40,29,11,69,2021-11-03 19:50:00,535490
Maxim Naumchuk_1239655063,Maxim Naumchuk,-3,0,21,33,-12,54,2021-11-03 19:50:00,535491
Roman Makarenko_128622,Roman Makarenko,2,1,40,27,13,67,2021-11-03 19:50:00,535492
Mykhailo Vivatenko_1794790993,Mykhailo Vivatenko,2,1,44,27,17,71,2021-11-03 19:55:00,535493
Serhii Bondarenko_128467,Serhii Bondarenko,3,1,33,25,8,58,2021-11-03 19:55:00,535494
Oleksandra Tsiupko_128392,Oleksandra Tsiupko,-2,0,34,40,-6,74,2021-11-03 20:00:00,535495
Ma Klimenta_23552,Ma Klimenta,-1,0,46,48,-2,94,2021-11-03 20:00:00,535496
Matej Zaboj_128540,Matej Zaboj,1,1,54,50,4,104,2021-11-03 20:00:00,535497
V Shirshov_105374,V Shirshov,-1,0,41,49,-8,90,2021-11-03 20:00:00,535498
Yevhen Masko_758681681,Yevhen Masko,2,1,35,31,4,66,2021-11-03 20:00:00,535499
Roman Yushko_128407,Roman Yushko,-3,0,26,35,-9,61,2021-11-03 20:05:00,535500
Oleksandr Brezytskyi_1990526747,Oleksandr Brezytskyi,3,1,35,26,9,61,2021-11-03 20:05:00,535501
Valerii Shepil_128437,Valerii Shepil,2,1,44,37,7,81,2021-11-03 20:10:00,535502
Yaroslav Ivanytsia_1473522372,Yaroslav Ivanytsia,3,1,33,18,15,51,2021-11-03 20:10:00,535503
D Merzlikin_105408,D Merzlikin,3,1,35,23,12,58,2021-11-03 20:15:00,535504
Serhii Yatsenko_128452,Serhii Yatsenko,-3,0,26,35,-9,61,2021-11-03 20:15:00,535505
A Yanshaev_105340,A Yanshaev,-3,0,33,39,-6,72,2021-11-03 20:15:00,535506
Oleksiy Molochko_2070678881,Oleksiy Molochko,2,1,42,30,12,72,2021-11-03 20:15:00,535507
Stanislav Nikolenko_128378,Stanislav Nikolenko,-2,0,37,45,-8,82,2021-11-03 20:20:00,535508
Oleksandr Sulym_128480,Oleksandr Sulym,-2,0,35,38,-3,73,2021-11-03 20:20:00,535509
Vitalii Krivenko_380729976,Vitalii Krivenko,-3,0,17,33,-16,50,2021-11-03 20:20:00,535510
Roman Hnoievoi_128468,Roman Hnoievoi,2,1,42,29,13,71,2021-11-03 20:25:00,535511
Aleksandr Tulenin_32767344,Aleksandr Tulenin,-1,0,47,53,-6,100,2021-11-03 20:25:00,535512
Olena Nalisnikovska_128581,Olena Nalisnikovska,3,1,33,16,17,49,2021-11-03 20:30:00,535513
Jo Kutifel_23553,Jo Kutifel,3,1,34,21,13,55,2021-11-03 20:30:00,535514
Artur Moriak_2071902108,Artur Moriak,-2,0,31,37,-6,68,2021-11-03 20:30:00,535515
Miloslav Kuba_128541,Miloslav Kuba,3,1,33,19,14,52,2021-11-03 20:30:00,535516
Taras Bonishchuk_128408,Taras Bonishchuk,-1,0,52,55,-3,107,2021-11-03 20:35:00,535517
Serhii Baranovskyi_1598947902,Serhii Baranovskyi,3,1,33,20,13,53,2021-11-03 20:35:00,535518
A Gerasimov_105375,A Gerasimov,3,1,33,14,19,47,2021-11-03 20:37:00,535519
Oleksandr Brezytskyi_1006529505,Oleksandr Brezytskyi,-1,0,46,53,-7,99,2021-11-03 20:40:00,535520
Dmytro Kunchurov_128438,Dmytro Kunchurov,2,1,42,31,11,73,2021-11-03 20:40:00,535521
Serhii Dovzhenko_128453,Serhii Dovzhenko,2,1,39,35,4,74,2021-11-03 20:45:00,535522
Illia Yanishevskiy_1810424198,Illia Yanishevskiy,-2,0,36,46,-10,82,2021-11-03 20:45:00,535523
Al-i Zhelubenkov_105409,Al-i Zhelubenkov,2,1,41,34,7,75,2021-11-03 20:45:00,535524
D Tunitsyn_105341,D Tunitsyn,-3,0,28,35,-7,63,2021-11-03 20:46:00,535525
Sviatoslav Sachuk_128623,Sviatoslav Sachuk,-1,0,42,47,-5,89,2021-11-03 20:50:00,535526
Volodymyr Okopnyi_128379,Volodymyr Okopnyi,2,1,42,35,7,77,2021-11-03 20:50:00,535527
Uriy Sandulenko_2055358041,Uriy Sandulenko,2,1,40,39,1,79,2021-11-03 20:50:00,535528
Yurii Kolesnyk_128469,Yurii Kolesnyk,1,1,48,47,1,95,2021-11-03 20:55:00,535529
Bohdan Panchenko_1326936884,Bohdan Panchenko,-2,0,35,38,-3,73,2021-11-03 20:55:00,535530
Svitlana Yureneva_128582,Svitlana Yureneva,1,1,44,42,2,86,2021-11-03 21:00:00,535531
Ja Kanera_23596,Ja Kanera,-1,0,47,48,-1,95,2021-11-03 21:00:00,535532
Serhiy Tkachuk_1863369058,Serhiy Tkachuk,3,1,34,26,8,60,2021-11-03 21:00:00,535533
S Burov_105376,S Burov,-2,0,38,43,-5,81,2021-11-03 21:01:00,535534
Oleh Skoryk_128409,Oleh Skoryk,-3,0,26,34,-8,60,2021-11-03 21:05:00,535535
Matej Beran_128991,Matej Beran,3,1,33,20,13,53,2021-11-03 21:05:00,535536
Oleksandr Kasatiy_1985522543,Oleksandr Kasatiy,3,1,36,27,9,63,2021-11-03 21:05:00,535537
Serhii Trushkovskyi_128439,Serhii Trushkovskyi,1,1,44,39,5,83,2021-11-03 21:10:00,535538
Serhii Baranovskyi_450025085,Serhii Baranovskyi,1,1,51,43,8,94,2021-11-03 21:10:00,535539
A Frolov_105410,A Frolov,2,1,51,47,4,98,2021-11-03 21:15:00,535540
Oleksandr Bryzhevatyi_128454,Oleksandr Bryzhevatyi,3,1,33,18,15,51,2021-11-03 21:15:00,535541
Yaroslav Ivanytsia_2115285564,Yaroslav Ivanytsia,-2,0,37,42,-5,79,2021-11-03 21:15:00,535542
E Kryuchkov_105342,E Kryuchkov,-3,0,29,36,-7,65,2021-11-03 21:15:00,535543
Oleksandr Brezytskyi_1482325612,Oleksandr Brezytskyi,2,1,42,32,10,74,2021-11-03 21:20:00,535544
Viktor Yevtodii_128624,Viktor Yevtodii,1,1,50,38,12,88,2021-11-03 21:20:00,535545
Anton Kernos_128637,Anton Kernos,-3,0,17,33,-16,50,2021-11-03 21:20:00,535546
Dmytro Halai_1809994313,Dmytro Halai,3,1,33,23,10,56,2021-11-03 21:25:00,535547
Oleksandr Liushnia_128470,Oleksandr Liushnia,-2,0,33,40,-7,73,2021-11-03 21:25:00,535548
Bohdan Panchenko_452543154,Bohdan Panchenko,3,1,33,16,17,49,2021-11-03 21:30:00,535549
Jo Kutifel_23597,Jo Kutifel,3,1,33,21,12,54,2021-11-03 21:30:00,535550
A Gerasimov_105377,A Gerasimov,1,1,46,49,-3,95,2021-11-03 21:35:00,535551
Dmitriy Pereyaslovskyi_128410,Dmitriy Pereyaslovskyi,2,1,44,36,8,80,2021-11-03 21:35:00,535552
Erik Mares_128992,Erik Mares,-2,0,29,39,-10,68,2021-11-03 21:35:00,535553
Mykola Treshchetka_1483922933,Mykola Treshchetka,-2,0,38,44,-6,82,2021-11-03 21:35:00,535554
Mykhailo Vivatenko_1543961626,Mykhailo Vivatenko,-3,0,23,33,-10,56,2021-11-03 21:40:00,535555
Maksym Kozhevnikov_128440,Maksym Kozhevnikov,-2,0,36,42,-6,78,2021-11-03 21:40:00,535556
Roman Derypaska_196049928,Roman Derypaska,2,1,40,27,13,67,2021-11-03 21:45:00,535557
Anatolii Kostenko_128455,Anatolii Kostenko,-2,0,32,42,-10,74,2021-11-03 21:45:00,535558
D Tunitsyn_105343,D Tunitsyn,2,1,53,49,4,102,2021-11-03 21:45:00,535559
Al-i Zhelubenkov_105411,Al-i Zhelubenkov,-2,0,28,37,-9,65,2021-11-03 21:47:00,535560
Roman Makarenko_128625,Roman Makarenko,2,1,37,35,2,72,2021-11-03 21:50:00,535561
Stanislav Nikolenko_128381,Stanislav Nikolenko,-2,0,30,40,-10,70,2021-11-03 21:50:00,535562
Illia Yanishevskiy_1382283930,Illia Yanishevskiy,1,1,47,49,-2,96,2021-11-03 21:50:00,535563
Serhii Bondarenko_128471,Serhii Bondarenko,-2,0,39,40,-1,79,2021-11-03 21:55:00,535564
Yaroslav Ivanytsia_509525523,Yaroslav Ivanytsia,3,1,33,22,11,55,2021-11-03 21:55:00,535565
Uriy Sandulenko_1522241552,Uriy Sandulenko,2,1,41,29,12,70,2021-11-03 22:00:00,535566
Libor Matysek_128542,Libor Matysek,-3,0,17,33,-16,50,2021-11-03 22:00:00,535567
Olena Nalisnikovska_128584,Olena Nalisnikovska,3,1,33,18,15,51,2021-11-03 22:00:00,535568
V Pecka_23554,V Pecka,2,1,38,34,4,72,2021-11-03 22:02:00,535569
V Shirshov_105378,V Shirshov,3,1,35,28,7,63,2021-11-03 22:02:00,535570
Taras Bonishchuk_128411,Taras Bonishchuk,1,1,42,46,-4,88,2021-11-03 22:05:00,535571
Illia Semeniuk_1571888478,Illia Semeniuk,2,1,41,28,13,69,2021-11-03 22:05:00,535572
Mykola Treshchetka_1309397909,Mykola Treshchetka,3,1,33,18,15,51,2021-11-03 22:10:00,535573
Dmytro Kunchurov_128441,Dmytro Kunchurov,-3,0,23,34,-11,57,2021-11-03 22:10:00,535574
Serhii Dovzhenko_128456,Serhii Dovzhenko,-3,0,26,37,-11,63,2021-11-03 22:15:00,535575
Ihor Syniavskyi_2111576300,Ihor Syniavskyi,-3,0,23,33,-10,56,2021-11-03 22:15:00,535576
D Merzlikin_105412,D Merzlikin,-1,0,46,43,3,89,2021-11-03 22:16:00,535577
A Yanshaev_105344,A Yanshaev,2,1,40,31,9,71,2021-11-03 22:19:00,535578
Lev Kats_975960970,Lev Kats,-2,0,32,42,-10,74,2021-11-03 22:20:00,535579
Volodymyr Korobko_128382,Volodymyr Korobko,1,1,49,41,8,90,2021-11-03 22:20:00,535580
Oleksandr Sulym_128484,Oleksandr Sulym,3,1,33,20,13,53,2021-11-03 22:20:00,535581
Roman Hnoievoi_128472,Roman Hnoievoi,-3,0,20,33,-13,53,2021-11-03 22:25:00,535582
Oleksandr Kramarenko_1506995580,Oleksandr Kramarenko,2,1,45,38,7,83,2021-11-03 22:25:00,535583
D Pazout_23555,D Pazout,2,1,41,34,7,75,2021-11-03 22:30:00,535584
Miroslav Stepka_128543,Miroslav Stepka,2,1,39,37,2,76,2021-11-03 22:30:00,535585
Oleksandr Brezytskyi_743624817,Oleksandr Brezytskyi,1,1,49,46,3,95,2021-11-03 22:30:00,535586
O Pronin_105571,O Pronin,2,1,46,41,5,87,2021-11-03 22:34:00,535587
Yurii Reva_128412,Yurii Reva,-2,0,33,36,-3,69,2021-11-03 22:35:00,535588
Volodymyr Kononikhin_128442,Volodymyr Kononikhin,-2,0,32,43,-11,75,2021-11-03 22:40:00,535589
Oleh Pereguda_128457,Oleh Pereguda,-2,0,40,46,-6,86,2021-11-03 22:45:00,535590
Oleg Shevchuk_1812465088,Oleg Shevchuk,-3,0,11,33,-22,44,2021-11-03 22:45:00,535591
Sviatoslav Sachuk_128626,Sviatoslav Sachuk,3,1,33,18,15,51,2021-11-03 22:50:00,535592
Stanislav Nikolenko_128383,Stanislav Nikolenko,2,1,47,35,12,82,2021-11-03 22:50:00,535593
S Kaplan_105575,S Kaplan,2,1,37,30,7,67,2021-11-03 22:50:00,535594
S Nikulin_105573,S Nikulin,3,1,34,24,10,58,2021-11-03 22:50:00,535595
Oleksandr Liushnia_128473,Oleksandr Liushnia,-1,0,51,48,3,99,2021-11-03 22:55:00,535596
Miroslav Stepka_128544,Miroslav Stepka,1,1,45,43,2,88,2021-11-03 23:00:00,535597
J Veselka_23556,J Veselka,1,1,53,45,8,98,2021-11-03 23:00:00,535598
Oleksandr Kramarenko_637070664,Oleksandr Kramarenko,-1,0,40,51,-11,91,2021-11-03 23:00:00,535599
Olena Nalisnikovska_128586,Olena Nalisnikovska,1,1,51,39,12,90,2021-11-03 23:00:00,535600
V Shirshov_105572,V Shirshov,-3,0,24,36,-12,60,2021-11-03 23:01:00,535601
Yaroslav Ivanytsia_919831806,Yaroslav Ivanytsia,-3,0,20,33,-13,53,2021-11-03 23:05:00,535602
Taras Bonishchuk_128413,Taras Bonishchuk,-3,0,19,33,-14,52,2021-11-03 23:05:00,535603
Dmytro Kunchurov_128443,Dmytro Kunchurov,1,1,51,44,7,95,2021-11-03 23:10:00,535604
Serhii Dovzhenko_128458,Serhii Dovzhenko,3,1,35,26,9,61,2021-11-03 23:15:00,535605
D Tunitsyn_105574,D Tunitsyn,-3,0,24,33,-9,57,2021-11-03 23:16:00,535606
D Merzlikin_105576,D Merzlikin,-1,0,54,54,0,108,2021-11-03 23:16:00,535607
Viktor Yevtodii_128486,Viktor Yevtodii,-2,0,29,42,-13,71,2021-11-03 23:20:00,535608
Nazarii Sydorak_128638,Nazarii Sydorak,3,1,34,22,12,56,2021-11-03 23:20:00,535609
Serhii Chelpanov_128474,Serhii Chelpanov,1,1,43,37,6,80,2021-11-03 23:25:00,535610
Oleksandra Tsiupko_128587,Oleksandra Tsiupko,-1,0,34,47,-13,81,2021-11-03 23:30:00,535611
Libor Matysek_128545,Libor Matysek,-3,0,18,33,-15,51,2021-11-03 23:30:00,535612
N Zhurba_105379,N Zhurba,2,1,44,35,9,79,2021-11-03 23:32:00,535613
Ja Prokupek_23557,Ja Prokupek,3,1,34,21,13,55,2021-11-03 23:35:00,535614
Roman Yushko_128414,Roman Yushko,1,1,48,40,8,88,2021-11-03 23:35:00,535615
Volodymyr Plishylo_343707199,Volodymyr Plishylo,-3,0,25,34,-9,59,2021-11-03 23:35:00,535616
Valerii Shepil_128444,Valerii Shepil,-1,0,49,47,2,96,2021-11-03 23:40:00,535617
A Vlasov_105345,A Vlasov,1,1,51,46,5,97,2021-11-03 23:45:00,535618
Serhii Hilitukha_420601845,Serhii Hilitukha,-2,0,32,43,-11,75,2021-11-03 23:45:00,535619
Serhii Yatsenko_128459,Serhii Yatsenko,2,1,42,36,6,78,2021-11-03 23:45:00,535620
Roman Makarenko_128627,Roman Makarenko,1,1,53,42,11,95,2021-11-03 23:50:00,535621
Yu Merkushin_105413,Yu Merkushin,-1,0,42,45,-3,87,2021-11-03 23:53:00,535622
Oleksandr Liushnia_128475,Oleksandr Liushnia,-1,0,36,40,-4,76,2021-11-03 23:55:00,535623
Iryna Aseieva_1439286552,Iryna Aseieva,2,1,40,33,7,73,2021-11-04 00:00:00,535624
V Putilovsky_109531,V Putilovsky,1,1,49,42,7,91,2021-11-04 00:01:00,535625
T Vorisek_24552,T Vorisek,3,1,33,23,10,56,2021-11-04 00:05:00,535626
Erik Mares_137807,Erik Mares,-1,0,40,49,-9,89,2021-11-04 00:05:00,535627
Iryna Ahalakova_137407,Iryna Ahalakova,1,1,45,41,4,86,2021-11-04 00:05:00,535628
I Mihaylov_109491,I Mihaylov,-3,0,21,33,-12,54,2021-11-04 00:15:00,535629
Yevhen Trunov_137809,Yevhen Trunov,3,1,37,25,12,62,2021-11-04 00:20:00,535630
A Girevenkov_109565,A Girevenkov,1,1,50,41,9,91,2021-11-04 00:21:00,535631
Maksym Tytskyi_137422,Maksym Tytskyi,1,1,47,45,2,92,2021-11-04 00:25:00,535632
L Boruvka_24589,L Boruvka,1,1,44,40,4,84,2021-11-04 00:28:00,535633
Halyna Telna_1040863791,Halyna Telna,-1,0,39,50,-11,89,2021-11-04 00:30:00,535634
A Pravednov_109532,A Pravednov,1,1,48,45,3,93,2021-11-04 00:30:00,535635
David Bochnak_137808,David Bochnak,-2,0,30,40,-10,70,2021-11-04 00:35:00,535636
Viktoriia Anarmetova_137408,Viktoriia Anarmetova,1,1,47,45,2,92,2021-11-04 00:35:00,535637
D Balakin_109492,D Balakin,-2,0,39,41,-2,80,2021-11-04 00:45:00,535638
Mykhailo Teteruk_137810,Mykhailo Teteruk,-1,0,37,46,-9,83,2021-11-04 00:50:00,535639
R Kobytov_109566,R Kobytov,2,1,43,36,7,79,2021-11-04 00:51:00,535640
Dmytro Rehotun_137423,Dmytro Rehotun,-3,0,18,33,-15,51,2021-11-04 00:55:00,535641
M Vavra_24590,M Vavra,-3,0,20,33,-13,53,2021-11-04 00:58:00,535642
Iryna Aseieva_944430664,Iryna Aseieva,3,1,33,16,17,49,2021-11-04 01:00:00,535643
D Korneev_109533,D Korneev,1,1,44,50,-6,94,2021-11-04 01:03:00,535644
Anastasiia Havelia_137409,Anastasiia Havelia,-2,0,24,41,-17,65,2021-11-04 01:05:00,535645
A Vlasov_109493,A Vlasov,1,1,50,43,7,93,2021-11-04 01:16:00,535646
O Shagarov_109567,O Shagarov,-1,0,44,55,-11,99,2021-11-04 01:18:00,535647
Serhii Bondarenko_137424,Serhii Bondarenko,1,1,47,38,9,85,2021-11-04 01:25:00,535648
Tatiana Tatianina_371545848,Tatiana Tatianina,2,1,43,40,3,83,2021-11-04 01:30:00,535649
Viktoriia Anarmetova_137410,Viktoriia Anarmetova,-3,0,24,38,-14,62,2021-11-04 01:35:00,535650
V Putilovsky_109534,V Putilovsky,-1,0,38,47,-9,85,2021-11-04 01:45:00,535651
I Mihaylov_109494,I Mihaylov,2,1,40,29,11,69,2021-11-04 01:45:00,535652
A Girevenkov_109568,A Girevenkov,-2,0,27,39,-12,66,2021-11-04 01:50:00,535653
Dmytro Rehotun_137425,Dmytro Rehotun,-2,0,31,42,-11,73,2021-11-04 01:55:00,535654
Halyna Telna_338891417,Halyna Telna,1,1,50,49,1,99,2021-11-04 02:00:00,535655
Iryna Ahalakova_137411,Iryna Ahalakova,-3,0,21,34,-13,55,2021-11-04 02:05:00,535656
D Korneev_109535,D Korneev,-2,0,37,43,-6,80,2021-11-04 02:14:00,535657
O Shagarov_109569,O Shagarov,3,1,34,22,12,56,2021-11-04 02:16:00,535658
A Vlasov_109495,A Vlasov,3,1,34,28,6,62,2021-11-04 02:16:00,535659
Maksym Tytskyi_137426,Maksym Tytskyi,-2,0,37,43,-6,80,2021-11-04 02:25:00,535660
Iryna Aseieva_944393640,Iryna Aseieva,3,1,33,24,9,57,2021-11-04 02:30:00,535661
Olena Nikitchenko_137412,Olena Nikitchenko,2,1,38,19,19,57,2021-11-04 02:35:00,535662
A Petrov_109536,A Petrov,3,1,33,25,8,58,2021-11-04 02:39:00,535663
D Evlahin_109496,D Evlahin,-1,0,40,51,-11,91,2021-11-04 02:46:00,535664
A Tsitselskii_109570,A Tsitselskii,1,1,42,45,-3,87,2021-11-04 02:46:00,535665
Roman Hnoievoi_137427,Roman Hnoievoi,1,1,53,53,0,106,2021-11-04 02:55:00,535666
A Pravednov_109537,A Pravednov,-2,0,38,44,-6,82,2021-11-04 03:00:00,535667
Halyna Telna_1040687375,Halyna Telna,-3,0,31,37,-6,68,2021-11-04 03:00:00,535668
Anastasiia Havelia_137413,Anastasiia Havelia,-3,0,10,33,-23,43,2021-11-04 03:05:00,535669
D Balakin_109497,D Balakin,-3,0,22,33,-11,55,2021-11-04 03:16:00,535670
R Kobytov_109571,R Kobytov,1,1,54,50,4,104,2021-11-04 03:17:00,535671
Serhii Bondarenko_137428,Serhii Bondarenko,2,1,44,39,5,83,2021-11-04 03:25:00,535672
Iryna Aseieva_1439319352,Iryna Aseieva,3,1,33,22,11,55,2021-11-04 03:30:00,535673
T Turabekov_109538,T Turabekov,-2,0,37,43,-6,80,2021-11-04 03:31:00,535674
Viktoriia Anarmetova_137414,Viktoriia Anarmetova,-2,0,35,41,-6,76,2021-11-04 03:35:00,535675
V Sidorin_109498,V Sidorin,-1,0,40,55,-15,95,2021-11-04 03:45:00,535676
V Safonov_109572,V Safonov,-2,0,28,43,-15,71,2021-11-04 03:47:00,535677
Dmytro Rehotun_137429,Dmytro Rehotun,-1,0,45,49,-4,94,2021-11-04 03:55:00,535678
Halyna Telna_1947263537,Halyna Telna,3,1,33,16,17,49,2021-11-04 04:00:00,535679
A Petrov_109539,A Petrov,3,1,35,26,9,61,2021-11-04 04:00:00,535680
Iryna Ahalakova_137415,Iryna Ahalakova,-3,0,27,36,-9,63,2021-11-04 04:05:00,535681
D Evlahin_109499,D Evlahin,-3,0,12,33,-21,45,2021-11-04 04:15:00,535682
A Tsitselskii_109573,A Tsitselskii,2,1,39,36,3,75,2021-11-04 04:16:00,535683
Maksym Tytskyi_137430,Maksym Tytskyi,-2,0,35,44,-9,79,2021-11-04 04:25:00,535684
Tatiana Tatianina_1591956857,Tatiana Tatianina,3,1,34,23,11,57,2021-11-04 04:30:00,535685
Olena Nikitchenko_137416,Olena Nikitchenko,-2,0,34,37,-3,71,2021-11-04 04:35:00,535686
A Pravednov_109730,A Pravednov,2,1,49,45,4,94,2021-11-04 04:39:00,535687
D Balakin_109728,D Balakin,-2,0,38,42,-4,80,2021-11-04 04:47:00,535688
O Shagarov_109732,O Shagarov,2,1,42,33,9,75,2021-11-04 04:50:00,535689
Roman Hnoievoi_137431,Roman Hnoievoi,-1,0,44,50,-6,94,2021-11-04 04:55:00,535690
Anastasiia Havelia_137417,Anastasiia Havelia,3,1,33,23,10,56,2021-11-04 05:05:00,535691
D Korneev_109731,D Korneev,-3,0,24,36,-12,60,2021-11-04 05:09:00,535692
I Mihaylov_109729,I Mihaylov,1,1,43,50,-7,93,2021-11-04 05:16:00,535693
R Kobytov_109733,R Kobytov,1,1,45,43,2,88,2021-11-04 05:16:00,535694
Serhii Bondarenko_137432,Serhii Bondarenko,-2,0,31,35,-4,66,2021-11-04 05:25:00,535695
Iryna Ahalakova_137418,Iryna Ahalakova,2,1,40,32,8,72,2021-11-04 05:35:00,535696
Maksym Tytskyi_137433,Maksym Tytskyi,-3,0,27,35,-8,62,2021-11-04 05:55:00,535697
Hanna Babii_137419,Hanna Babii,-3,0,18,33,-15,51,2021-11-04 06:05:00,535698
Ruslan Solomko_137434,Ruslan Solomko,2,1,39,34,5,73,2021-11-04 06:25:00,535699
Iryna Ahalakova_137420,Iryna Ahalakova,3,1,34,23,11,57,2021-11-04 06:35:00,535700
Maksym Tytskyi_137435,Maksym Tytskyi,3,1,33,23,10,56,2021-11-04 06:55:00,535701
Viktoriia Anarmetova_137421,Viktoriia Anarmetova,1,1,45,43,2,88,2021-11-04 07:05:00,535702
Dmytro Rehotun_137436,Dmytro Rehotun,1,1,45,45,0,90,2021-11-04 07:25:00,535703
V Vologzhanin_109648,V Vologzhanin,3,1,33,22,11,55,2021-11-04 07:35:00,535704
V Sinkovskiy_109614,V Sinkovskiy,2,1,41,34,7,75,2021-11-04 07:50:00,535705
Stanislav Nikolenko_137622,Stanislav Nikolenko,-2,0,31,42,-11,73,2021-11-04 07:50:00,535706
E Kryuchkov_109682,E Kryuchkov,-1,0,39,50,-11,89,2021-11-04 07:50:00,535707
Nikita Trofimov_1591331263,Nikita Trofimov,-2,0,31,41,-10,72,2021-11-04 07:50:00,535708
Oleh Obidnyi_1915978945,Oleh Obidnyi,3,1,33,23,10,56,2021-11-04 07:55:00,535709
Anzhela Hassan_137612,Anzhela Hassan,2,1,41,24,17,65,2021-11-04 08:00:00,535710
A Merezhko_109649,A Merezhko,-3,0,22,33,-11,55,2021-11-04 08:00:00,535711
Serhii Tkachev_137597,Serhii Tkachev,3,1,34,18,16,52,2021-11-04 08:05:00,535712
Oleksandr Budnikov_137582,Oleksandr Budnikov,-2,0,37,41,-4,78,2021-11-04 08:10:00,535713
Vasyl Kondratenko_137791,Vasyl Kondratenko,2,1,40,29,11,69,2021-11-04 08:15:00,535714
A Savinskiy_109615,A Savinskiy,-2,0,32,37,-5,69,2021-11-04 08:17:00,535715
Serhii Rak_137623,Serhii Rak,2,1,43,34,9,77,2021-11-04 08:20:00,535716
V Bazilevskiy_109683,V Bazilevskiy,-1,0,37,51,-14,88,2021-11-04 08:21:00,535717
Serhii Boiko_1939714501,Serhii Boiko,-3,0,21,36,-15,57,2021-11-04 08:25:00,535718
Viacheslav Yarovoi_1311760639,Viacheslav Yarovoi,-1,0,50,53,-3,103,2021-11-04 08:30:00,535719
Elena Kyrychenko_137613,Elena Kyrychenko,2,1,45,34,11,79,2021-11-04 08:30:00,535720
A Bogomolov_109650,A Bogomolov,-2,0,45,56,-11,101,2021-11-04 08:31:00,535721
Tymur Kozenkov_1193002191,Tymur Kozenkov,-1,0,43,49,-6,92,2021-11-04 08:35:00,535722
Oleksandr Kovalchuk_137598,Oleksandr Kovalchuk,1,1,51,42,9,93,2021-11-04 08:35:00,535723
Artem Tkachenko_1063767022,Artem Tkachenko,-2,0,34,43,-9,77,2021-11-04 08:40:00,535724
Oleksandr Ivchuk_137583,Oleksandr Ivchuk,2,1,44,30,14,74,2021-11-04 08:40:00,535725
Vadym Nechyporuk_1473702782,Vadym Nechyporuk,3,1,33,19,14,52,2021-11-04 08:45:00,535726
Oleksandr Lymarenko_137792,Oleksandr Lymarenko,-2,0,36,44,-8,80,2021-11-04 08:45:00,535727
I Pandur_109616,I Pandur,1,1,54,47,7,101,2021-11-04 08:47:00,535728
A Trushkin_109684,A Trushkin,-1,0,42,51,-9,93,2021-11-04 08:49:00,535729
Yurii Shmyndra_137572,Yurii Shmyndra,-2,0,33,43,-10,76,2021-11-04 08:50:00,535730
Vasyl Ludchak_210300828,Vasyl Ludchak,-2,0,36,44,-8,80,2021-11-04 08:50:00,535731
Stanislav Nikolenko_137624,Stanislav Nikolenko,-3,0,25,33,-8,58,2021-11-04 08:50:00,535732
Mykola Lytvynenko_928224546,Mykola Lytvynenko,-1,0,50,46,4,96,2021-11-04 08:55:00,535733
Roksolana Kurdova_137562,Roksolana Kurdova,3,1,33,24,9,57,2021-11-04 08:55:00,535734
Petr Dvorak_137729,Petr Dvorak,-3,0,14,33,-19,47,2021-11-04 09:00:00,535735
Oleksii Krutko_2123793252,Oleksii Krutko,1,1,54,47,7,101,2021-11-04 09:00:00,535736
O Kucirek_24561,O Kucirek,-3,0,15,33,-18,48,2021-11-04 09:00:00,535737
Anzhela Hassan_137614,Anzhela Hassan,-3,0,14,33,-19,47,2021-11-04 09:00:00,535738
A Kononenko_109651,A Kononenko,-2,0,34,42,-8,76,2021-11-04 09:04:00,535739
Igor Shyndel_137599,Igor Shyndel,-3,0,22,34,-12,56,2021-11-04 09:05:00,535740
Sergey Demidov_2031065113,Sergey Demidov,-2,0,31,39,-8,70,2021-11-04 09:05:00,535741
Anatolii Nazarov_137584,Anatolii Nazarov,3,1,33,16,17,49,2021-11-04 09:10:00,535742
Igor Kunda_1675763715,Igor Kunda,2,1,40,31,9,71,2021-11-04 09:10:00,535743
Viktor Kotov_116870081,Viktor Kotov,2,1,41,28,13,69,2021-11-04 09:15:00,535744
Oleksandr Lymarenko_137793,Oleksandr Lymarenko,-1,0,44,50,-6,94,2021-11-04 09:15:00,535745
Ir Kim_109617,Ir Kim,-2,0,27,42,-15,69,2021-11-04 09:17:00,535746
A Klavdenkov_109685,A Klavdenkov,2,1,43,33,10,76,2021-11-04 09:19:00,535747
Volodymyr Korobko_137625,Volodymyr Korobko,-2,0,24,40,-16,64,2021-11-04 09:20:00,535748
Yevhen Trunov_137573,Yevhen Trunov,3,1,33,17,16,50,2021-11-04 09:20:00,535749
Dmytro Vakhta_68076756,Dmytro Vakhta,-2,0,38,39,-1,77,2021-11-04 09:20:00,535750
Yevheniia Severyna_137563,Yevheniia Severyna,3,1,33,13,20,46,2021-11-04 09:25:00,535751
Ivan Syniavskyi_740370112,Ivan Syniavskyi,-2,0,33,43,-10,76,2021-11-04 09:25:00,535752
Dmytro Dubrovin_1370024536,Dmytro Dubrovin,-2,0,32,42,-10,74,2021-11-04 09:30:00,535753
Tomas Beran_137730,Tomas Beran,2,1,43,34,9,77,2021-11-04 09:30:00,535754
M Janousek_24562,M Janousek,-3,0,15,33,-18,48,2021-11-04 09:30:00,535755
Liliya Andrieieva_137615,Liliya Andrieieva,3,1,33,21,12,54,2021-11-04 09:30:00,535756
A Bogomolov_109652,A Bogomolov,3,1,33,18,15,51,2021-11-04 09:31:00,535757
Oleksandr Kovalchuk_137600,Oleksandr Kovalchuk,2,1,41,26,15,67,2021-11-04 09:35:00,535758
Serhii Boiko_222574975,Serhii Boiko,1,1,52,39,13,91,2021-11-04 09:35:00,535759
Viacheslav Yarovoi_853220881,Viacheslav Yarovoi,-1,0,45,50,-5,95,2021-11-04 09:40:00,535760
Oleksandr Ivchuk_137585,Oleksandr Ivchuk,-1,0,45,50,-5,95,2021-11-04 09:40:00,535761
Igor Kunda_143786972,Igor Kunda,-1,0,39,49,-10,88,2021-11-04 09:45:00,535762
Vasyl Kondratenko_137794,Vasyl Kondratenko,3,1,33,16,17,49,2021-11-04 09:45:00,535763
I Pandur_109618,I Pandur,-1,0,47,48,-1,95,2021-11-04 09:47:00,535764
Artem Tkachenko_1609536841,Artem Tkachenko,1,1,48,42,6,90,2021-11-04 09:50:00,535765
Serhii Rak_137626,Serhii Rak,-1,0,36,47,-11,83,2021-11-04 09:50:00,535766
A Trushkin_109686,A Trushkin,2,1,42,33,9,75,2021-11-04 09:50:00,535767
Yurii Shmyndra_137574,Yurii Shmyndra,-1,0,44,45,-1,89,2021-11-04 09:50:00,535768
Roksolana Kurdova_137564,Roksolana Kurdova,3,1,43,37,6,80,2021-11-04 09:55:00,535769
Vadym Nechyporuk_1163360354,Vadym Nechyporuk,-2,0,26,43,-17,69,2021-11-04 09:55:00,535770
A Merezhko_109653,A Merezhko,2,1,38,32,6,70,2021-11-04 10:00:00,535771
T Andrle_24563,T Andrle,-1,0,47,46,1,93,2021-11-04 10:00:00,535772
Vasyl Ludchak_394671855,Vasyl Ludchak,-1,0,42,50,-8,92,2021-11-04 10:00:00,535773
Tomas Beran_137731,Tomas Beran,-3,0,17,33,-16,50,2021-11-04 10:00:00,535774
Elena Kyrychenko_137616,Elena Kyrychenko,1,1,46,43,3,89,2021-11-04 10:00:00,535775
Mykola Lytvynenko_465929620,Mykola Lytvynenko,2,1,42,27,15,69,2021-11-04 10:05:00,535776
Serhii Tkachev_137601,Serhii Tkachev,-1,0,44,48,-4,92,2021-11-04 10:05:00,535777
Nikita Trofimov_1501321685,Nikita Trofimov,-1,0,47,47,0,94,2021-11-04 10:10:00,535778
Oleksandr Budnikov_137586,Oleksandr Budnikov,-1,0,46,54,-8,100,2021-11-04 10:10:00,535779
Sergii Skhabitskiy_137795,Sergii Skhabitskiy,1,1,44,36,8,80,2021-11-04 10:15:00,535780
Oleh Obidnyi_78943180,Oleh Obidnyi,1,1,56,52,4,108,2021-11-04 10:15:00,535781
A Savinskiy_109619,A Savinskiy,-2,0,36,40,-4,76,2021-11-04 10:19:00,535782
Stanislav Nikolenko_137627,Stanislav Nikolenko,-1,0,45,50,-5,95,2021-11-04 10:20:00,535783
Tymur Kozenkov_1496596795,Tymur Kozenkov,-3,0,22,33,-11,55,2021-11-04 10:20:00,535784
Oleksandr Zaporozhets_137575,Oleksandr Zaporozhets,2,1,44,32,12,76,2021-11-04 10:20:00,535785
V Bazilevskiy_109687,V Bazilevskiy,1,1,49,52,-3,101,2021-11-04 10:21:00,535786
Andrii Halych_1775952626,Andrii Halych,-2,0,34,40,-6,74,2021-11-04 10:25:00,535787
Anastasiia Gordinskaya-Sheiko_137565,Anastasiia Gordinskaya-Sheiko,2,1,45,39,6,84,2021-11-04 10:25:00,535788
Andrii Kotik_1073118184,Andrii Kotik,1,1,46,45,1,91,2021-11-04 10:30:00,535789
S Novota_24564,S Novota,2,1,41,29,12,70,2021-11-04 10:30:00,535790
Petr Dvorak_137732,Petr Dvorak,-2,0,37,43,-6,80,2021-11-04 10:30:00,535791
Anzhela Hassan_137617,Anzhela Hassan,1,1,51,51,0,102,2021-11-04 10:30:00,535792
Vasyl Pleshkan_727495373,Vasyl Pleshkan,-1,0,49,49,0,98,2021-11-04 10:35:00,535793
Yevhen Kyi_137602,Yevhen Kyi,2,1,39,25,14,64,2021-11-04 10:35:00,535794
Sergey Filatov_33502638,Sergey Filatov,-1,0,47,46,1,93,2021-11-04 10:40:00,535795
Egor Kovpak_137587,Egor Kovpak,3,1,35,23,12,58,2021-11-04 10:40:00,535796
Vasyl Kondratenko_137778,Vasyl Kondratenko,2,1,41,32,9,73,2021-11-04 10:45:00,535797
Roman Derypaska_100755379,Roman Derypaska,-2,0,32,42,-10,74,2021-11-04 10:45:00,535798
Ir Kim_109736,Ir Kim,3,1,33,21,12,54,2021-11-04 10:47:00,535799
A Kononenko_109734,A Kononenko,-1,0,39,46,-7,85,2021-11-04 10:49:00,535800
Alexey Hladkykh_1810439250,Alexey Hladkykh,1,1,49,48,1,97,2021-11-04 10:50:00,535801
Serhii Rak_137628,Serhii Rak,-3,0,22,34,-12,56,2021-11-04 10:50:00,535802
Yevhen Trunov_137576,Yevhen Trunov,-2,0,23,40,-17,63,2021-11-04 10:50:00,535803
Yevheniia Severyna_137566,Yevheniia Severyna,-1,0,40,46,-6,86,2021-11-04 10:55:00,535804
Oleksandr Seluchenko_1699352363,Oleksandr Seluchenko,-3,0,19,35,-16,54,2021-11-04 10:55:00,535805
Elena Kyrychenko_137618,Elena Kyrychenko,3,1,36,28,8,64,2021-11-04 11:00:00,535806
Viktor Kotov_951685180,Viktor Kotov,-1,0,40,45,-5,85,2021-11-04 11:00:00,535807
Frantisek Camr_137733,Frantisek Camr,1,1,48,45,3,93,2021-11-04 11:00:00,535808
T Andrle_24565,T Andrle,-3,0,22,33,-11,55,2021-11-04 11:01:00,535809
V Bazilevskiy_109738,V Bazilevskiy,1,1,50,37,13,87,2021-11-04 11:03:00,535810
Dmytro Vakhta_1630706369,Dmytro Vakhta,-2,0,41,50,-9,91,2021-11-04 11:05:00,535811
Igor Shyndel_137603,Igor Shyndel,-3,0,24,33,-9,57,2021-11-04 11:05:00,535812
Ivan Syniavskyi_1876346913,Ivan Syniavskyi,1,1,44,40,4,84,2021-11-04 11:10:00,535813
Anatolii Nazarov_137588,Anatolii Nazarov,2,1,38,26,12,64,2021-11-04 11:10:00,535814
Dmytro Dubrovin_1105661984,Dmytro Dubrovin,3,1,33,17,16,50,2021-11-04 11:15:00,535815
Oleksandr Mytsyk_137796,Oleksandr Mytsyk,-3,0,27,34,-7,61,2021-11-04 11:15:00,535816
I Pandur_109737,I Pandur,3,1,33,25,8,58,2021-11-04 11:18:00,535817
Yurii Shmyndra_137577,Yurii Shmyndra,2,1,42,35,7,77,2021-11-04 11:20:00,535818
Volodymyr Korobko_137629,Volodymyr Korobko,-2,0,34,44,-10,78,2021-11-04 11:20:00,535819
V Vologzhanin_109735,V Vologzhanin,-1,0,51,54,-3,105,2021-11-04 11:20:00,535820
Oleksii Krutko_532397461,Oleksii Krutko,-3,0,18,33,-15,51,2021-11-04 11:20:00,535821
Roksolana Kurdova_137567,Roksolana Kurdova,-3,0,28,35,-7,63,2021-11-04 11:25:00,535822
Sergey Demidov_408597555,Sergey Demidov,-1,0,48,49,-1,97,2021-11-04 11:25:00,535823
Petr Dvorak_137734,Petr Dvorak,-3,0,20,33,-13,53,2021-11-04 11:30:00,535824
M Janousek_24566,M Janousek,-1,0,43,54,-11,97,2021-11-04 11:30:00,535825
Tymur Kozenkov_2072932445,Tymur Kozenkov,-3,0,21,33,-12,54,2021-11-04 11:30:00,535826
Liliya Andrieieva_137619,Liliya Andrieieva,-2,0,37,47,-10,84,2021-11-04 11:30:00,535827
A Klavdenkov_109739,A Klavdenkov,1,1,46,44,2,90,2021-11-04 11:31:00,535828
Oleksandr Kovalchuk_137604,Oleksandr Kovalchuk,3,1,33,13,20,46,2021-11-04 11:35:00,535829
Artem Tkachenko_1251381803,Artem Tkachenko,-3,0,24,35,-11,59,2021-11-04 11:35:00,535830
Vadym Nechyporuk_1449922734,Vadym Nechyporuk,3,1,34,26,8,60,2021-11-04 11:40:00,535831
Oleksandr Ivchuk_137589,Oleksandr Ivchuk,-2,0,39,44,-5,83,2021-11-04 11:40:00,535832
I Kovalev_109620,I Kovalev,-2,0,30,40,-10,70,2021-11-04 11:45:00,535833
Vasyl Ludchak_1090246419,Vasyl Ludchak,-1,0,47,52,-5,99,2021-11-04 11:45:00,535834
Oleksandr Lymarenko_137780,Oleksandr Lymarenko,-1,0,44,45,-1,89,2021-11-04 11:45:00,535835
Stanislav Nikolenko_137630,Stanislav Nikolenko,-2,0,31,38,-7,69,2021-11-04 11:50:00,535836
Mykola Lytvynenko_28288019,Mykola Lytvynenko,2,1,37,36,1,73,2021-11-04 11:50:00,535837
Yevhen Trunov_137578,Yevhen Trunov,3,1,33,25,8,58,2021-11-04 11:50:00,535838
Yevheniia Severyna_137568,Yevheniia Severyna,3,1,33,17,16,50,2021-11-04 11:55:00,535839
Serhii Boiko_713158262,Serhii Boiko,-3,0,25,33,-8,58,2021-11-04 11:55:00,535840
D Balakin_109654,D Balakin,-3,0,33,39,-6,72,2021-11-04 11:59:00,535841
Viacheslav Yarovoi_528420840,Viacheslav Yarovoi,-2,0,26,42,-16,68,2021-11-04 12:00:00,535842
Tomas Beran_138002,Tomas Beran,-2,0,35,39,-4,74,2021-11-04 12:00:00,535843
Anzhela Hassan_137620,Anzhela Hassan,-3,0,20,33,-13,53,2021-11-04 12:00:00,535844
R Arutiunov_109688,R Arutiunov,-3,0,30,37,-7,67,2021-11-04 12:03:00,535845
Illia Semeniuk_1525182382,Illia Semeniuk,1,1,51,40,11,91,2021-11-04 12:05:00,535846
Serhii Tkachev_137605,Serhii Tkachev,2,1,40,28,12,68,2021-11-04 12:05:00,535847
M Janousek_24591,M Janousek,3,1,33,26,7,59,2021-11-04 12:09:00,535848
Andrii Halych_617621485,Andrii Halych,3,1,35,23,12,58,2021-11-04 12:10:00,535849
Oleksandr Budnikov_137590,Oleksandr Budnikov,3,1,34,23,11,57,2021-11-04 12:10:00,535850
Sergii Skhabitskiy_137797,Sergii Skhabitskiy,-2,0,26,38,-12,64,2021-11-04 12:15:00,535851
Andrii Kotik_367255365,Andrii Kotik,3,1,33,19,14,52,2021-11-04 12:15:00,535852
I Novikov_109621,I Novikov,2,1,46,31,15,77,2021-11-04 12:15:00,535853
Vasyl Pleshkan_1441852338,Vasyl Pleshkan,-3,0,30,38,-8,68,2021-11-04 12:20:00,535854
Andrii Nakliutskyi_137631,Andrii Nakliutskyi,1,1,50,42,8,92,2021-11-04 12:20:00,535855
Oleksandr Zaporozhets_137579,Oleksandr Zaporozhets,2,1,40,24,16,64,2021-11-04 12:20:00,535856
A Slachshilin_109689,A Slachshilin,2,1,42,31,11,73,2021-11-04 12:22:00,535857
I Ramensky_109655,I Ramensky,-3,0,28,37,-9,65,2021-11-04 12:23:00,535858
Sergey Filatov_1761987649,Sergey Filatov,3,1,33,16,17,49,2021-11-04 12:25:00,535859
Anastasiia Gordinskaya-Sheiko_137569,Anastasiia Gordinskaya-Sheiko,-3,0,23,33,-10,56,2021-11-04 12:25:00,535860
Nikita Trofimov_1487081333,Nikita Trofimov,-2,0,32,45,-13,77,2021-11-04 12:30:00,535861
O Kucirek_24592,O Kucirek,-2,0,35,45,-10,80,2021-11-04 12:30:00,535862
Nadiia Kovtun_137621,Nadiia Kovtun,-3,0,17,33,-16,50,2021-11-04 12:30:00,535863
Tomas Vorisek_138003,Tomas Vorisek,1,1,53,34,19,87,2021-11-04 12:30:00,535864
Oleh Obidnyi_25041709,Oleh Obidnyi,1,1,52,50,2,102,2021-11-04 12:35:00,535865
Yevhen Kyi_137606,Yevhen Kyi,-1,0,44,46,-2,90,2021-11-04 12:35:00,535866
Tymur Kozenkov_2072821369,Tymur Kozenkov,-2,0,37,45,-8,82,2021-11-04 12:40:00,535867
Egor Kovpak_137591,Egor Kovpak,-2,0,33,41,-8,74,2021-11-04 12:40:00,535868
Oleksandr Mytsyk_137798,Oleksandr Mytsyk,1,1,53,46,7,99,2021-11-04 12:45:00,535869
Viktor Kotov_1962199975,Viktor Kotov,3,1,33,19,14,52,2021-11-04 12:45:00,535870
E Shishko_109622,E Shishko,-1,0,44,46,-2,90,2021-11-04 12:45:00,535871
D Molodtsov_109656,D Molodtsov,-3,0,24,34,-10,58,2021-11-04 12:50:00,535872
Dmytro Vakhta_507143470,Dmytro Vakhta,3,1,36,26,10,62,2021-11-04 12:50:00,535873
Yurii Shmyndra_137580,Yurii Shmyndra,-2,0,28,39,-11,67,2021-11-04 12:50:00,535874
Ya Bazhinov_109690,Ya Bazhinov,-2,0,39,43,-4,82,2021-11-04 12:53:00,535875
Ivan Syniavskyi_549025892,Ivan Syniavskyi,-3,0,19,33,-14,52,2021-11-04 12:55:00,535876
Roksolana Kurdova_137570,Roksolana Kurdova,-2,0,41,43,-2,84,2021-11-04 12:55:00,535877
Liliya Andrieieva_138004,Liliya Andrieieva,1,1,44,38,6,82,2021-11-04 13:00:00,535878
Dmytro Dubrovin_1546495012,Dmytro Dubrovin,-3,0,21,33,-12,54,2021-11-04 13:00:00,535879
Krystof Prida_137735,Krystof Prida,-2,0,33,41,-8,74,2021-11-04 13:00:00,535880
Volodymyr Korobko_138006,Volodymyr Korobko,-2,0,30,39,-9,69,2021-11-04 13:05:00,535881
Roman Derypaska_416619344,Roman Derypaska,1,1,45,42,3,87,2021-11-04 13:05:00,535882
Igor Shyndel_137607,Igor Shyndel,2,1,47,42,5,89,2021-11-04 13:05:00,535883
Anatolii Nazarov_137592,Anatolii Nazarov,-2,0,36,41,-5,77,2021-11-04 13:10:00,535884
Alexey Hladkykh_1970990687,Alexey Hladkykh,1,1,55,49,6,104,2021-11-04 13:10:00,535885
A Tretyakov_109623,A Tretyakov,-2,0,37,44,-7,81,2021-11-04 13:15:00,535886
S Bilyuga_109657,S Bilyuga,2,1,42,35,7,77,2021-11-04 13:15:00,535887
Tymur Kozenkov_760316554,Tymur Kozenkov,-2,0,38,40,-2,78,2021-11-04 13:15:00,535888
Oleksandr Mytsyk_137799,Oleksandr Mytsyk,1,1,52,42,10,94,2021-11-04 13:15:00,535889
O Suharkov_109691,O Suharkov,-3,0,20,33,-13,53,2021-11-04 13:16:00,535890
Oleksii Hrymovskyi_137581,Oleksii Hrymovskyi,-3,0,25,33,-8,58,2021-11-04 13:20:00,535891
Iurii Prokhoruk_161553768,Iurii Prokhoruk,-3,0,18,34,-16,52,2021-11-04 13:20:00,535892
P Macela_24567,P Macela,-3,0,25,33,-8,58,2021-11-04 13:20:00,535893
Andrii Baklykov_1434957358,Andrii Baklykov,1,1,47,40,7,87,2021-11-04 13:25:00,535894
Alisa Dubrova_137571,Alisa Dubrova,-3,0,22,35,-13,57,2021-11-04 13:25:00,535895
Jan Holan_137736,Jan Holan,3,1,33,25,8,58,2021-11-04 13:30:00,535896
Ihor Solomianyi_1367757087,Ihor Solomianyi,-3,0,25,35,-10,60,2021-11-04 13:30:00,535897
Kateryna Somova_138005,Kateryna Somova,-1,0,46,47,-1,93,2021-11-04 13:30:00,535898
Serhii Tkachev_137608,Serhii Tkachev,2,1,41,27,14,68,2021-11-04 13:35:00,535899
Oleksandr Hordiichuk_138007,Oleksandr Hordiichuk,1,1,52,46,6,98,2021-11-04 13:35:00,535900
Oleksandr Zhukovskyi_1284865029,Oleksandr Zhukovskyi,1,1,54,45,9,99,2021-11-04 13:35:00,535901
D Molodtsov_109658,D Molodtsov,1,1,51,50,1,101,2021-11-04 13:40:00,535902
Oleksandr Budnikov_137593,Oleksandr Budnikov,-1,0,39,46,-7,85,2021-11-04 13:40:00,535903
Oleksii Krutko_528966347,Oleksii Krutko,-2,0,37,47,-10,84,2021-11-04 13:40:00,535904
Sergey Demidov_194619901,Sergey Demidov,-2,0,33,36,-3,69,2021-11-04 13:45:00,535905
Sergii Skhabitskiy_137800,Sergii Skhabitskiy,1,1,60,55,5,115,2021-11-04 13:45:00,535906
E Shishko_109624,E Shishko,2,1,40,30,10,70,2021-11-04 13:45:00,535907
L Souchek_24568,L Souchek,-3,0,22,34,-12,56,2021-11-04 13:46:00,535908
Ya Bazhinov_109692,Ya Bazhinov,3,1,33,25,8,58,2021-11-04 13:49:00,535909
Oleksii Hrymovskyi_138008,Oleksii Hrymovskyi,-2,0,35,42,-7,77,2021-11-04 13:50:00,535910
Illia Semeniuk_1246154121,Illia Semeniuk,2,1,42,29,13,71,2021-11-04 13:50:00,535911
Anastasiia Gordinskaya-Sheiko_138010,Anastasiia Gordinskaya-Sheiko,-2,0,31,39,-8,70,2021-11-04 13:55:00,535912
Artem Tkachenko_816243688,Artem Tkachenko,1,1,51,41,10,92,2021-11-04 13:55:00,535913
Vadym Nechyporuk_1449075543,Vadym Nechyporuk,2,1,42,34,8,76,2021-11-04 14:00:00,535914
Jan Holan_137737,Jan Holan,1,1,51,49,2,100,2021-11-04 14:00:00,535915
Viacheslav Isakov_137609,Viacheslav Isakov,-3,0,14,33,-19,47,2021-11-04 14:05:00,535916
M Protiva_24569,M Protiva,2,1,39,39,0,78,2021-11-04 14:05:00,535917
Vasyl Ludchak_1533278331,Vasyl Ludchak,-1,0,49,51,-2,100,2021-11-04 14:05:00,535918
Mykola Lytvynenko_466550969,Mykola Lytvynenko,1,1,49,39,10,88,2021-11-04 14:10:00,535919
Fedir Balbas_137594,Fedir Balbas,2,1,41,32,9,73,2021-11-04 14:10:00,535920
I Ramensky_109659,I Ramensky,3,1,34,24,10,58,2021-11-04 14:14:00,535921
Nikita Trofimov_948304447,Nikita Trofimov,2,1,37,35,2,72,2021-11-04 14:15:00,535922
I Novikov_109625,I Novikov,-1,0,43,52,-9,95,2021-11-04 14:16:00,535923
Oleh Obidnyi_1960380320,Oleh Obidnyi,1,1,51,44,7,95,2021-11-04 14:20:00,535924
Mykhailo Teteruk_138009,Mykhailo Teteruk,2,1,41,28,13,69,2021-11-04 14:20:00,535925
A Slachshilin_109693,A Slachshilin,-1,0,45,50,-5,95,2021-11-04 14:22:00,535926
Igor Kunda_61032561,Igor Kunda,2,1,40,34,6,74,2021-11-04 14:25:00,535927
Yuliia Tryhub_138011,Yuliia Tryhub,2,1,43,36,7,79,2021-11-04 14:25:00,535928
Krystof Prida_137738,Krystof Prida,-3,0,22,35,-13,57,2021-11-04 14:30:00,535929
Iurii Prokhoruk_978539686,Iurii Prokhoruk,-3,0,18,33,-15,51,2021-11-04 14:30:00,535930
Serhii Tkachev_137610,Serhii Tkachev,-3,0,26,33,-7,59,2021-11-04 14:35:00,535931
Dmytro Vakhta_1630954659,Dmytro Vakhta,2,1,40,26,14,66,2021-11-04 14:35:00,535932
Ja Zajicek_24570,Ja Zajicek,2,1,39,24,15,63,2021-11-04 14:36:00,535933
Ivan Syniavskyi_68190677,Ivan Syniavskyi,-3,0,23,33,-10,56,2021-11-04 14:40:00,535934
Oleksandr Budnikov_137595,Oleksandr Budnikov,2,1,41,28,13,69,2021-11-04 14:40:00,535935
D Balakin_109740,D Balakin,-3,0,14,33,-19,47,2021-11-04 14:41:00,535936
Dmytro Dubrovin_327505286,Dmytro Dubrovin,-3,0,27,39,-12,66,2021-11-04 14:45:00,535937
A Tretyakov_109742,A Tretyakov,-2,0,30,42,-12,72,2021-11-04 14:50:00,535938
Lev Kats_1854401499,Lev Kats,2,1,42,31,11,73,2021-11-04 14:50:00,535939
Andrii Chupovskyi_235540318,Andrii Chupovskyi,3,1,35,27,8,62,2021-11-04 14:55:00,535940
Jakub Figel_137739,Jakub Figel,3,1,33,18,15,51,2021-11-04 15:00:00,535941
Illia Semeniuk_748203223,Illia Semeniuk,3,1,33,22,11,55,2021-11-04 15:00:00,535942
D Molodtsov_109741,D Molodtsov,-2,0,34,41,-7,75,2021-11-04 15:00:00,535943
O Suharkov_109744,O Suharkov,1,1,45,45,0,90,2021-11-04 15:00:00,535944
M Protiva_24571,M Protiva,1,1,41,34,7,75,2021-11-04 15:03:00,535945
Oleksandr Kovalchuk_137611,Oleksandr Kovalchuk,3,1,35,15,20,50,2021-11-04 15:05:00,535946
Andrii Halych_1751522763,Andrii Halych,3,1,37,30,7,67,2021-11-04 15:05:00,535947
Andrii Kotik_768458189,Andrii Kotik,-1,0,34,47,-13,81,2021-11-04 15:10:00,535948
Oleksandr Ivchuk_137596,Oleksandr Ivchuk,-3,0,19,33,-14,52,2021-11-04 15:10:00,535949
Ihor Solomianyi_308829326,Ihor Solomianyi,-1,0,49,54,-5,103,2021-11-04 15:15:00,535950
I Kovalev_109743,I Kovalev,2,1,46,44,2,90,2021-11-04 15:15:00,535951
Oleksandr Shpak_137699,Oleksandr Shpak,2,1,38,35,3,73,2021-11-04 15:20:00,535952
Mykola Lytvynenko_1389696360,Mykola Lytvynenko,-1,0,44,44,0,88,2021-11-04 15:20:00,535953
Nikita Trofimov_1221283088,Nikita Trofimov,-1,0,49,56,-7,105,2021-11-04 15:25:00,535954
R Arutiunov_109745,R Arutiunov,-2,0,32,42,-10,74,2021-11-04 15:29:00,535955
Oleh Obidnyi_1258556906,Oleh Obidnyi,-3,0,28,37,-9,65,2021-11-04 15:30:00,535956
Roman Zholubak_137689,Roman Zholubak,-1,0,36,42,-6,78,2021-11-04 15:30:00,535957
Krystof Prida_137740,Krystof Prida,-2,0,34,42,-8,76,2021-11-04 15:30:00,535958
A Zabrodin_109660,A Zabrodin,-3,0,25,35,-10,60,2021-11-04 15:32:00,535959
Oleksandr Tkachenko_1928406211,Oleksandr Tkachenko,1,1,46,42,4,88,2021-11-04 15:35:00,535960
L Souchek_24572,L Souchek,-3,0,24,35,-11,59,2021-11-04 15:35:00,535961
Nataliia Kosmina_137677,Nataliia Kosmina,1,1,41,37,4,78,2021-11-04 15:35:00,535962
Daniil Gabrelian_581976600,Daniil Gabrelian,2,1,36,35,1,71,2021-11-04 15:40:00,535963
Tetyana Mudrak_137667,Tetyana Mudrak,3,1,33,15,18,48,2021-11-04 15:40:00,535964
Oleh Pereguda_137657,Oleh Pereguda,2,1,40,26,14,66,2021-11-04 15:45:00,535965
Mykhailo Hlaholev_137700,Mykhailo Hlaholev,-2,0,34,43,-9,77,2021-11-04 15:50:00,535966
Artur Moriak_1905824505,Artur Moriak,-3,0,24,33,-9,57,2021-11-04 15:50:00,535967
Yu Gavrilov_109626,Yu Gavrilov,-2,0,28,36,-8,64,2021-11-04 15:50:00,535968
P Pinkovskii_109694,P Pinkovskii,1,1,51,52,-1,103,2021-11-04 15:56:00,535969
Volodymyr Chornobab_137690,Volodymyr Chornobab,-3,0,17,33,-16,50,2021-11-04 16:00:00,535970
Serhii Boiko_697494783,Serhii Boiko,-1,0,49,48,1,97,2021-11-04 16:00:00,535971
L Souchek_24617,L Souchek,2,1,39,33,6,72,2021-11-04 16:01:00,535972
V Zubkov_109661,V Zubkov,-1,0,50,57,-7,107,2021-11-04 16:02:00,535973
Anastasiia Ostapenko_137678,Anastasiia Ostapenko,-1,0,47,53,-6,100,2021-11-04 16:05:00,535974
Viacheslav Yarovoi_615709553,Viacheslav Yarovoi,2,1,43,28,15,71,2021-11-04 16:05:00,535975
Jaromir Zlamal_138022,Jaromir Zlamal,-2,0,31,41,-10,72,2021-11-04 16:05:00,535976
Polina Nerush_137668,Polina Nerush,1,1,42,47,-5,89,2021-11-04 16:10:00,535977
Anatolii Lievshin_1044247093,Anatolii Lievshin,-3,0,23,34,-11,57,2021-11-04 16:10:00,535978
Adam Krasutskyi_85440115,Adam Krasutskyi,-2,0,28,42,-14,70,2021-11-04 16:15:00,535979
Serhii Yatsenko_137658,Serhii Yatsenko,-2,0,31,41,-10,72,2021-11-04 16:15:00,535980
O Nikiforov_109627,O Nikiforov,-2,0,37,41,-4,78,2021-11-04 16:17:00,535981
Andrii Khvysiuk_565078332,Andrii Khvysiuk,1,1,42,45,-3,87,2021-11-04 16:20:00,535982
Vladyslav-Ivan Sheremeta_137701,Vladyslav-Ivan Sheremeta,3,1,33,15,18,48,2021-11-04 16:20:00,535983
Oleg Kuravsky_1585709906,Oleg Kuravsky,-1,0,43,47,-4,90,2021-11-04 16:25:00,535984
Oleksandr Gomilko_137642,Oleksandr Gomilko,-3,0,18,33,-15,51,2021-11-04 16:25:00,535985
V Petrov_109695,V Petrov,-1,0,43,54,-11,97,2021-11-04 16:27:00,535986
I Meteleshko_109662,I Meteleshko,-1,0,39,43,-4,82,2021-11-04 16:29:00,535987
Roman Zholubak_137691,Roman Zholubak,-3,0,22,33,-11,55,2021-11-04 16:30:00,535988
Ja Zajicek_24618,Ja Zajicek,2,1,45,39,6,84,2021-11-04 16:30:00,535989
Jakub Figel_138023,Jakub Figel,3,1,37,28,9,65,2021-11-04 16:35:00,535990
Serhii Boiko_1933909671,Serhii Boiko,3,1,40,34,6,74,2021-11-04 16:35:00,535991
Anastasiia Ostapenko_137679,Anastasiia Ostapenko,-2,0,37,42,-5,79,2021-11-04 16:35:00,535992
Sergey Demidov_371541858,Sergey Demidov,-3,0,15,35,-20,50,2021-11-04 16:40:00,535993
Tetyana Mudrak_137669,Tetyana Mudrak,1,1,49,43,6,92,2021-11-04 16:40:00,535994
Oleksandr Tkachenko_1622121479,Oleksandr Tkachenko,-1,0,53,53,0,106,2021-11-04 16:45:00,535995
E Kupryakov_109628,E Kupryakov,3,1,33,13,20,46,2021-11-04 16:45:00,535996
Oleh Pereguda_137659,Oleh Pereguda,1,1,43,41,2,84,2021-11-04 16:45:00,535997
Daniil Gabrelian_1401605403,Daniil Gabrelian,-3,0,17,33,-16,50,2021-11-04 16:50:00,535998
Mykhailo Hlaholev_137702,Mykhailo Hlaholev,-3,0,19,33,-14,52,2021-11-04 16:50:00,535999
Oleksandr Kalynevych_971402396,Oleksandr Kalynevych,-3,0,18,34,-16,52,2021-11-04 16:55:00,536000
Roman Hnoievoi_137643,Roman Hnoievoi,2,1,40,38,2,78,2021-11-04 16:55:00,536001
Oleksii Degtiariov_137692,Oleksii Degtiariov,1,1,49,42,7,91,2021-11-04 17:00:00,536002
V Fedorov_109696,V Fedorov,-2,0,36,44,-8,80,2021-11-04 17:00:00,536003
Martin Filipek_137741,Martin Filipek,3,1,34,22,12,56,2021-11-04 17:00:00,536004
A Yakovlev_109663,A Yakovlev,3,1,33,19,14,52,2021-11-04 17:00:00,536005
Artur Moriak_745765895,Artur Moriak,2,1,37,28,9,65,2021-11-04 17:00:00,536006
Nataliia Kosmina_137680,Nataliia Kosmina,-2,0,37,40,-3,77,2021-11-04 17:05:00,536007
Yurii Teteria_519493230,Yurii Teteria,-2,0,39,42,-3,81,2021-11-04 17:10:00,536008
Svitlana Tsoma_137670,Svitlana Tsoma,2,1,42,33,9,75,2021-11-04 17:10:00,536009
jr. Hruska_24573,jr. Hruska,3,1,33,25,8,58,2021-11-04 17:13:00,536010
Serhii Solomko_137660,Serhii Solomko,-3,0,29,36,-7,65,2021-11-04 17:15:00,536011
Oleksandr Soloviov_1286494959,Oleksandr Soloviov,-2,0,31,40,-9,71,2021-11-04 17:15:00,536012
K Nosov_109629,K Nosov,2,1,41,31,10,72,2021-11-04 17:16:00,536013
Oleksandr Shpak_137703,Oleksandr Shpak,-1,0,49,46,3,95,2021-11-04 17:20:00,536014
Oleksii Haponov_516732221,Oleksii Haponov,1,1,43,34,9,77,2021-11-04 17:20:00,536015
A Innazarov_109697,A Innazarov,1,1,50,39,11,89,2021-11-04 17:24:00,536016
Dmytro Rehotun_137644,Dmytro Rehotun,-3,0,21,33,-12,54,2021-11-04 17:25:00,536017
Nikita Korbut_1569315107,Nikita Korbut,3,1,34,23,11,57,2021-11-04 17:25:00,536018
Volodymyr Chornobab_137693,Volodymyr Chornobab,-3,0,25,33,-8,58,2021-11-04 17:30:00,536019
Andrii Khvysiuk_1534466203,Andrii Khvysiuk,-2,0,36,42,-6,78,2021-11-04 17:30:00,536020
Josef Ruzicka_137742,Josef Ruzicka,-3,0,26,33,-7,59,2021-11-04 17:30:00,536021
Ma Klimenta_24574,Ma Klimenta,3,1,36,27,9,63,2021-11-04 17:31:00,536022
I Meteleshko_109664,I Meteleshko,-3,0,16,33,-17,49,2021-11-04 17:33:00,536023
Oleksandr Hainovskyi_850117306,Oleksandr Hainovskyi,-2,0,29,39,-10,68,2021-11-04 17:35:00,536024
Iryna Hrushko_137681,Iryna Hrushko,3,1,33,18,15,51,2021-11-04 17:35:00,536025
Polina Nerush_137671,Polina Nerush,2,1,42,32,10,74,2021-11-04 17:40:00,536026
Serhii Yatsenko_137661,Serhii Yatsenko,2,1,39,29,10,68,2021-11-04 17:45:00,536027
Oleksii Krutko_1622105610,Oleksii Krutko,-2,0,29,42,-13,71,2021-11-04 17:45:00,536028
E Kupryakov_109630,E Kupryakov,-3,0,25,37,-12,62,2021-11-04 17:47:00,536029
Vasyl Moshovskyi_137704,Vasyl Moshovskyi,-3,0,30,37,-7,67,2021-11-04 17:50:00,536030
Oleh Obidnyi_1258622246,Oleh Obidnyi,1,1,46,39,7,85,2021-11-04 17:50:00,536031
Roman Hnoievoi_137645,Roman Hnoievoi,-2,0,31,39,-8,70,2021-11-04 17:55:00,536032
Anatolii Lievshin_539049251,Anatolii Lievshin,-1,0,46,51,-5,97,2021-11-04 17:55:00,536033
V Fedorov_109698,V Fedorov,2,1,40,32,8,72,2021-11-04 17:58:00,536034
L Souchek_24575,L Souchek,2,1,46,38,8,84,2021-11-04 18:00:00,536035
Josef Ruzicka_137743,Josef Ruzicka,3,1,33,19,14,52,2021-11-04 18:00:00,536036
V Zubkov_109665,V Zubkov,3,1,33,11,22,44,2021-11-04 18:00:00,536037
Adam Krasutskyi_603004175,Adam Krasutskyi,2,1,41,36,5,77,2021-11-04 18:00:00,536038
Roman Zholubak_137694,Roman Zholubak,-3,0,17,33,-16,50,2021-11-04 18:00:00,536039
Oleg Gavryluk_800621370,Oleg Gavryluk,3,1,33,17,16,50,2021-11-04 18:05:00,536040
Nataliia Kosmina_137682,Nataliia Kosmina,3,1,33,20,13,53,2021-11-04 18:05:00,536041
Oleg Kuravsky_2126875878,Oleg Kuravsky,-2,0,31,40,-9,71,2021-11-04 18:10:00,536042
Tetyana Mudrak_137672,Tetyana Mudrak,1,1,49,40,9,89,2021-11-04 18:10:00,536043
Oleh Pereguda_137662,Oleh Pereguda,2,1,44,34,10,78,2021-11-04 18:15:00,536044
O Nikiforov_109631,O Nikiforov,-1,0,45,54,-9,99,2021-11-04 18:16:00,536045
Vladyslav-Ivan Sheremeta_137705,Vladyslav-Ivan Sheremeta,-2,0,29,42,-13,71,2021-11-04 18:20:00,536046
Prokhor Puhach_748262576,Prokhor Puhach,-2,0,37,42,-5,79,2021-11-04 18:20:00,536047
V Petrov_109699,V Petrov,-1,0,43,49,-6,92,2021-11-04 18:22:00,536048
Oleksii Tiutiunnyk_1050462453,Oleksii Tiutiunnyk,2,1,39,34,5,73,2021-11-04 18:25:00,536049
Oleksandr Gomilko_137646,Oleksandr Gomilko,2,1,39,35,4,74,2021-11-04 18:25:00,536050
Martin Filipek_137744,Martin Filipek,1,1,51,43,8,94,2021-11-04 18:30:00,536051
Volodymyr Chornobab_137695,Volodymyr Chornobab,-2,0,29,43,-14,72,2021-11-04 18:30:00,536052
Oleksandr Tkachenko_593140097,Oleksandr Tkachenko,3,1,33,17,16,50,2021-11-04 18:30:00,536053
A Zabrodin_109815,A Zabrodin,-3,0,27,37,-10,64,2021-11-04 18:30:00,536054
L Protiva_24576,L Protiva,-1,0,43,45,-2,88,2021-11-04 18:31:00,536055
Daniil Gabrelian_91083938,Daniil Gabrelian,-1,0,35,53,-18,88,2021-11-04 18:35:00,536056
Polina Nerush_137673,Polina Nerush,-2,0,24,39,-15,63,2021-11-04 18:40:00,536057
Oleksandr Kalynevych_1043049924,Oleksandr Kalynevych,-2,0,31,42,-11,73,2021-11-04 18:40:00,536058
Serhii Yatsenko_137663,Serhii Yatsenko,2,1,42,26,16,68,2021-11-04 18:45:00,536059
Artur Moriak_1740433947,Artur Moriak,-3,0,24,33,-9,57,2021-11-04 18:45:00,536060
O Nikiforov_109840,O Nikiforov,-1,0,40,45,-5,85,2021-11-04 18:49:00,536061
Mykhailo Hlaholev_137706,Mykhailo Hlaholev,1,1,48,51,-3,99,2021-11-04 18:50:00,536062
Yurii Kolesnyk_137647,Yurii Kolesnyk,-3,0,27,37,-10,64,2021-11-04 18:55:00,536063
Oleksandr Brezytskyi_1866277419,Oleksandr Brezytskyi,1,1,47,44,3,91,2021-11-04 18:55:00,536064
V Petrov_109852,V Petrov,1,1,50,43,7,93,2021-11-04 18:56:00,536065
Oleksii Degtiariov_137696,Oleksii Degtiariov,1,1,46,49,-3,95,2021-11-04 19:00:00,536066
V Zubkov_109814,V Zubkov,3,1,33,22,11,55,2021-11-04 19:00:00,536067
Oleksii Tiutiunnyk_808767498,Oleksii Tiutiunnyk,1,1,49,46,3,95,2021-11-04 19:00:00,536068
Martin Sulc_137745,Martin Sulc,1,1,48,49,-1,97,2021-11-04 19:00:00,536069
L Souchek_24577,L Souchek,-2,0,36,40,-4,76,2021-11-04 19:01:00,536070
Oleksii Haponov_1061839764,Oleksii Haponov,-2,0,31,40,-9,71,2021-11-04 19:05:00,536071
Anastasiia Ostapenko_137684,Anastasiia Ostapenko,-1,0,36,49,-13,85,2021-11-04 19:05:00,536072
Svitlana Tsoma_137674,Svitlana Tsoma,-1,0,42,49,-7,91,2021-11-04 19:10:00,536073
Nikita Korbut_994211170,Nikita Korbut,-1,0,43,47,-4,90,2021-11-04 19:10:00,536074
Serhii Solomko_137664,Serhii Solomko,2,1,42,32,10,74,2021-11-04 19:15:00,536075
Andrii Khvysiuk_807571172,Andrii Khvysiuk,-1,0,49,57,-8,106,2021-11-04 19:15:00,536076
E Kupryakov_109841,E Kupryakov,-1,0,47,52,-5,99,2021-11-04 19:17:00,536077
Kostiantyn Klymenko_137763,Kostiantyn Klymenko,3,1,36,26,10,62,2021-11-04 19:20:00,536078
Oleksandr Hainovskyi_1996252869,Oleksandr Hainovskyi,2,1,42,34,8,76,2021-11-04 19:20:00,536079
Oleksandr Shpak_137707,Oleksandr Shpak,2,1,40,30,10,70,2021-11-04 19:20:00,536080
Dmytro Rehotun_137648,Dmytro Rehotun,-3,0,25,34,-9,59,2021-11-04 19:25:00,536081
V Fedorov_109853,V Fedorov,1,1,49,45,4,94,2021-11-04 19:28:00,536082
Martin Filipek_137746,Martin Filipek,-2,0,27,41,-14,68,2021-11-04 19:30:00,536083
Prokhor Puhach_1488071169,Prokhor Puhach,3,1,34,22,12,56,2021-11-04 19:30:00,536084
Ma Klimenta_24578,Ma Klimenta,-2,0,25,41,-16,66,2021-11-04 19:30:00,536085
Roman Zholubak_137697,Roman Zholubak,3,1,35,23,12,58,2021-11-04 19:30:00,536086
V Staroverov_109666,V Staroverov,-3,0,16,33,-17,49,2021-11-04 19:32:00,536087
Iryna Hrushko_137685,Iryna Hrushko,1,1,49,45,4,94,2021-11-04 19:35:00,536088
Mykola Zakladnyi_1509742060,Mykola Zakladnyi,-3,0,23,33,-10,56,2021-11-04 19:35:00,536089
Anatolii Lievshin_1708567483,Anatolii Lievshin,-3,0,26,34,-8,60,2021-11-04 19:40:00,536090
Tetyana Mudrak_137675,Tetyana Mudrak,-1,0,43,46,-3,89,2021-11-04 19:40:00,536091
Oleh Pereguda_137665,Oleh Pereguda,-1,0,46,46,0,92,2021-11-04 19:45:00,536092
Adam Krasutskyi_475233664,Adam Krasutskyi,3,1,36,28,8,64,2021-11-04 19:45:00,536093
Oleg Gavryluk_2023004928,Oleg Gavryluk,-1,0,40,47,-7,87,2021-11-04 19:50:00,536094
Vitalii Novykov_137764,Vitalii Novykov,3,1,33,25,8,58,2021-11-04 19:50:00,536095
Vasyl Moshovskyi_137708,Vasyl Moshovskyi,-1,0,40,46,-6,86,2021-11-04 19:50:00,536096
D Razinkov_109632,D Razinkov,-2,0,33,37,-4,70,2021-11-04 19:51:00,536097
Oleg Kuravsky_698173269,Oleg Kuravsky,-3,0,21,34,-13,55,2021-11-04 19:55:00,536098
Roman Hnoievoi_137649,Roman Hnoievoi,-3,0,19,33,-14,52,2021-11-04 19:55:00,536099
Oleksandr Ivashkin_137698,Oleksandr Ivashkin,1,1,50,42,8,92,2021-11-04 20:00:00,536100
L Souchek_24619,L Souchek,-1,0,39,52,-13,91,2021-11-04 20:01:00,536101
K Malahov_109667,K Malahov,-1,0,39,50,-11,89,2021-11-04 20:01:00,536102
M Davydov_109700,M Davydov,-3,0,23,34,-11,57,2021-11-04 20:04:00,536103
Oleksandr Brezytskyi_267370391,Oleksandr Brezytskyi,-1,0,41,49,-8,90,2021-11-04 20:05:00,536104
Anzhela Sydorko_137676,Anzhela Sydorko,1,1,46,47,-1,93,2021-11-04 20:10:00,536105
Oleksii Tiutiunnyk_454449125,Oleksii Tiutiunnyk,3,1,33,21,12,54,2021-11-04 20:10:00,536106
Davyd Symonchuk_415198839,Davyd Symonchuk,-1,0,42,49,-7,91,2021-11-04 20:15:00,536107
Marat Yakubov_137666,Marat Yakubov,-3,0,14,33,-19,47,2021-11-04 20:15:00,536108
Adam Khalaila_138129,Adam Khalaila,-3,0,25,35,-10,60,2021-11-04 20:15:00,536109
M Andrusenko_109633,M Andrusenko,1,1,57,49,8,106,2021-11-04 20:18:00,536110
Vladyslav-Ivan Sheremeta_137709,Vladyslav-Ivan Sheremeta,-2,0,26,38,-12,64,2021-11-04 20:20:00,536111
Kostiantyn Klymenko_137765,Kostiantyn Klymenko,-3,0,11,33,-22,44,2021-11-04 20:20:00,536112
Oleksandr Zhuravlov_1435952382,Oleksandr Zhuravlov,-2,0,29,43,-14,72,2021-11-04 20:20:00,536113
E Ilyukhin_109701,E Ilyukhin,-3,0,25,37,-12,62,2021-11-04 20:23:00,536114
Oleksandr Kalynevych_158968827,Oleksandr Kalynevych,-2,0,25,42,-17,67,2021-11-04 20:25:00,536115
Oleksandr Gomilko_137650,Oleksandr Gomilko,-1,0,39,49,-10,88,2021-11-04 20:25:00,536116
Dmytro Kalyniuk_1056197767,Dmytro Kalyniuk,2,1,40,32,8,72,2021-11-04 20:30:00,536117
Ma Klimenta_24620,Ma Klimenta,-2,0,27,38,-11,65,2021-11-04 20:30:00,536118
S Burov_109668,S Burov,3,1,33,22,11,55,2021-11-04 20:31:00,536119
Vadym Bochkovskyi_138131,Vadym Bochkovskyi,-2,0,31,41,-10,72,2021-11-04 20:40:00,536120
Prokhor Puhach_333649148,Prokhor Puhach,-2,0,37,42,-5,79,2021-11-04 20:40:00,536121
Serhii Yatsenko_138133,Serhii Yatsenko,1,1,52,39,13,91,2021-11-04 20:45:00,536122
Mykola Zakladnyi_2058354146,Mykola Zakladnyi,-2,0,33,39,-6,72,2021-11-04 20:45:00,536123
Martin Sulc_138130,Martin Sulc,1,1,45,36,9,81,2021-11-04 20:45:00,536124
P Khramkov_109702,P Khramkov,-3,0,29,36,-7,65,2021-11-04 20:47:00,536125
Serhii Dovzhenko_137766,Serhii Dovzhenko,3,1,33,16,17,49,2021-11-04 20:50:00,536126
Oleksandr Shpak_137710,Oleksandr Shpak,2,1,42,32,10,74,2021-11-04 20:50:00,536127
Oleksandr Tkachenko_1968808334,Oleksandr Tkachenko,-2,0,34,42,-8,76,2021-11-04 20:50:00,536128
E Markelov_109634,E Markelov,-1,0,47,54,-7,101,2021-11-04 20:50:00,536129
Daniil Gabrelian_1032675934,Daniil Gabrelian,-2,0,29,42,-13,71,2021-11-04 20:55:00,536130
Yurii Kolesnyk_137651,Yurii Kolesnyk,-2,0,32,44,-12,76,2021-11-04 20:55:00,536131
Dmytro Lohosha_327362389,Dmytro Lohosha,2,1,45,33,12,78,2021-11-04 21:00:00,536132
Dominik Pasek_137747,Dominik Pasek,-3,0,15,33,-18,48,2021-11-04 21:00:00,536133
I Zemit_109669,I Zemit,-1,0,48,51,-3,99,2021-11-04 21:01:00,536134
T Vorisek_24579,T Vorisek,-2,0,33,43,-10,76,2021-11-04 21:04:00,536135
Iryna Hrushko_137688,Iryna Hrushko,-3,0,22,33,-11,55,2021-11-04 21:05:00,536136
Artur Moriak_1041715438,Artur Moriak,1,1,46,41,5,87,2021-11-04 21:05:00,536137
Oleksandr Ivashkin_138132,Oleksandr Ivashkin,-3,0,19,33,-14,52,2021-11-04 21:10:00,536138
Oleksandr Brezytskyi_2072747922,Oleksandr Brezytskyi,-1,0,43,49,-6,92,2021-11-04 21:15:00,536139
Vitalii Mukhin_138134,Vitalii Mukhin,2,1,43,33,10,76,2021-11-04 21:15:00,536140
P Zjuzikov_109703,P Zjuzikov,3,1,33,15,18,48,2021-11-04 21:17:00,536141
Mykhailo Urban_137711,Mykhailo Urban,-3,0,11,33,-22,44,2021-11-04 21:20:00,536142
Prokhor Puhach_1773373457,Prokhor Puhach,-2,0,34,47,-13,81,2021-11-04 21:20:00,536143
Vitalii Novykov_137767,Vitalii Novykov,2,1,39,37,2,76,2021-11-04 21:20:00,536144
V Marshalov_109635,V Marshalov,2,1,42,34,8,76,2021-11-04 21:21:00,536145
Dmytro Rehotun_137652,Dmytro Rehotun,-2,0,31,38,-7,69,2021-11-04 21:25:00,536146
Davyd Symonchuk_1469293781,Davyd Symonchuk,-1,0,57,61,-4,118,2021-11-04 21:25:00,536147
Daniil Gabrelian_1662995339,Daniil Gabrelian,-2,0,32,42,-10,74,2021-11-04 21:30:00,536148
Polina Nerush_138135,Polina Nerush,1,1,50,44,6,94,2021-11-04 21:30:00,536149
Maxim Suvorov_137748,Maxim Suvorov,-3,0,20,33,-13,53,2021-11-04 21:30:00,536150
Andrii Khvysiuk_1358586533,Andrii Khvysiuk,-3,0,32,38,-6,70,2021-11-04 21:35:00,536151
S Burov_109670,S Burov,-1,0,50,51,-1,101,2021-11-04 21:35:00,536152
Oleksandr Kasatiy_210275356,Oleksandr Kasatiy,3,1,33,16,17,49,2021-11-04 21:40:00,536153
L Boruvka_24580,L Boruvka,3,1,34,19,15,53,2021-11-04 21:41:00,536154
P Khramkov_109704,P Khramkov,1,1,53,44,9,97,2021-11-04 21:46:00,536155
Oleksandr Shpak_137712,Oleksandr Shpak,-3,0,26,34,-8,60,2021-11-04 21:50:00,536156
E Markelov_109636,E Markelov,-3,0,15,33,-18,48,2021-11-04 21:50:00,536157
Oleksandr Yarovoi_1536532568,Oleksandr Yarovoi,1,1,51,45,6,96,2021-11-04 21:50:00,536158
Kostiantyn Klymenko_137768,Kostiantyn Klymenko,-1,0,49,56,-7,105,2021-11-04 21:50:00,536159
Prokhor Puhach_1303478294,Prokhor Puhach,-2,0,34,40,-6,74,2021-11-04 21:55:00,536160
Oleksandr Gomilko_137653,Oleksandr Gomilko,-3,0,13,33,-20,46,2021-11-04 21:55:00,536161
Oleksandr Tkachenko_892037701,Oleksandr Tkachenko,2,1,43,28,15,71,2021-11-04 22:00:00,536162
Yaroslava Pachich_138136,Yaroslava Pachich,3,1,33,19,14,52,2021-11-04 22:00:00,536163
Maxim Suvorov_137749,Maxim Suvorov,-3,0,20,33,-13,53,2021-11-04 22:00:00,536164
K Malahov_109671,K Malahov,2,1,41,25,16,66,2021-11-04 22:04:00,536165
Adam Krasutskyi_132521027,Adam Krasutskyi,3,1,34,25,9,59,2021-11-04 22:05:00,536166
Ja Boruvka_24581,Ja Boruvka,1,1,53,49,4,102,2021-11-04 22:05:00,536167
Oleksandr Kalynevych_1985130221,Oleksandr Kalynevych,2,1,39,31,8,70,2021-11-04 22:10:00,536168
Oleksandr Hainovskyi_1717824028,Oleksandr Hainovskyi,-1,0,38,50,-12,88,2021-11-04 22:15:00,536169
M Andrusenko_109637,M Andrusenko,2,1,44,38,6,82,2021-11-04 22:15:00,536170
E Ilyukhin_109705,E Ilyukhin,-2,0,35,43,-8,78,2021-11-04 22:17:00,536171
Mykhailo Hlaholev_137713,Mykhailo Hlaholev,3,1,33,24,9,57,2021-11-04 22:20:00,536172
Vitalii Novykov_137769,Vitalii Novykov,2,1,43,32,11,75,2021-11-04 22:20:00,536173
Maksym Tytskyi_137654,Maksym Tytskyi,3,1,36,22,14,58,2021-11-04 22:25:00,536174
Oleksii Tiutiunnyk_2108173478,Oleksii Tiutiunnyk,1,1,51,45,6,96,2021-11-04 22:25:00,536175
Dominik Pasek_137750,Dominik Pasek,-3,0,23,34,-11,57,2021-11-04 22:30:00,536176
V Staroverov_109854,V Staroverov,-3,0,26,34,-8,60,2021-11-04 22:31:00,536177
Oleg Gavryluk_1151519564,Oleg Gavryluk,-2,0,32,40,-8,72,2021-11-04 22:45:00,536178
E Markelov_109856,E Markelov,1,1,48,43,5,91,2021-11-04 22:49:00,536179
M Vavra_24582,M Vavra,-3,0,21,33,-12,54,2021-11-04 22:49:00,536180
E Ilyukhin_109858,E Ilyukhin,2,1,43,36,7,79,2021-11-04 22:49:00,536181
Serhii Dovzhenko_137770,Serhii Dovzhenko,-1,0,46,44,2,90,2021-11-04 22:50:00,536182
Oleksandr Gomilko_137655,Oleksandr Gomilko,1,1,45,42,3,87,2021-11-04 22:55:00,536183
I Zemit_109855,I Zemit,-3,0,18,33,-15,51,2021-11-04 23:00:00,536184
Yaroslav Vorsuliak_1520993774,Yaroslav Vorsuliak,-2,0,38,50,-12,88,2021-11-04 23:00:00,536185
Matej Zaboj_137751,Matej Zaboj,3,1,38,27,11,65,2021-11-04 23:00:00,536186
M Davydov_109859,M Davydov,1,1,52,40,12,92,2021-11-04 23:15:00,536187
M Andrusenko_109857,M Andrusenko,1,1,49,46,3,95,2021-11-04 23:17:00,536188
Kostiantyn Klymenko_137771,Kostiantyn Klymenko,3,1,35,28,7,63,2021-11-04 23:20:00,536189
Ja Boruvka_24583,Ja Boruvka,3,1,34,27,7,61,2021-11-04 23:21:00,536190
Roman Hnoievoi_137656,Roman Hnoievoi,-1,0,37,44,-7,81,2021-11-04 23:25:00,536191
S Ogai_109672,S Ogai,-1,0,46,50,-4,96,2021-11-04 23:30:00,536192
Oleksii Tkachuk_1655131838,Oleksii Tkachuk,-1,0,39,49,-10,88,2021-11-04 23:30:00,536193
Dominik Pasek_137752,Dominik Pasek,2,1,42,36,6,78,2021-11-04 23:30:00,536194
Serhii Burdelnyi_137772,Serhii Burdelnyi,-2,0,36,41,-5,77,2021-11-04 23:50:00,536195
A Golyshev_109706,A Golyshev,2,1,42,44,-2,86,2021-11-04 23:51:00,536196
L Boruvka_24584,L Boruvka,1,1,52,50,2,102,2021-11-04 23:51:00,536197
I Mihaylov_109638,I Mihaylov,-3,0,21,34,-13,55,2021-11-04 23:51:00,536198
Jr. Mecl_25562,Jr. Mecl,3,1,33,22,11,55,2021-11-05 00:00:00,536199
I Novikov_114064,I Novikov,1,1,54,48,6,102,2021-11-05 00:03:00,536200
Pavlo Plushch_1191497949,Pavlo Plushch,2,1,41,30,11,71,2021-11-05 00:05:00,536201
Roman Vashchuk_735950049,Roman Vashchuk,2,1,37,33,4,70,2021-11-05 00:15:00,536202
A Petrov_114098,A Petrov,3,1,35,29,6,64,2021-11-05 00:17:00,536203
Petr Silhan_147142,Petr Silhan,-1,0,45,53,-8,98,2021-11-05 00:20:00,536204
Hryhorii Kulishov_146800,Hryhorii Kulishov,-1,0,47,51,-4,98,2021-11-05 00:25:00,536205
O Kutuzov_114026,O Kutuzov,2,1,41,33,8,74,2021-11-05 00:25:00,536206
D Brumlich_25563,D Brumlich,-1,0,45,50,-5,95,2021-11-05 00:30:00,536207
Oleksandr Dziabura_837008174,Oleksandr Dziabura,3,1,33,24,9,57,2021-11-05 00:35:00,536208
A Uezdin_114065,A Uezdin,3,1,35,21,14,56,2021-11-05 00:36:00,536209
Oleksandr Medvedyev_1717179167,Oleksandr Medvedyev,1,1,52,50,2,102,2021-11-05 00:45:00,536210
I Mihaylov_114027,I Mihaylov,2,1,48,37,11,85,2021-11-05 00:47:00,536211
A Volkov_114099,A Volkov,2,1,39,35,4,74,2021-11-05 00:47:00,536212
Jaromir Zlamal_147143,Jaromir Zlamal,1,1,46,47,-1,93,2021-11-05 00:50:00,536213
Bohdan Havryliuk_146799,Bohdan Havryliuk,-3,0,20,33,-13,53,2021-11-05 00:50:00,536214
Pavlo Khakhamidi_146801,Pavlo Khakhamidi,3,1,34,17,17,51,2021-11-05 00:55:00,536215
T Turabekov_114066,T Turabekov,2,1,44,32,12,76,2021-11-05 01:00:00,536216
Oleksii Tkachuk_1130208165,Oleksii Tkachuk,-2,0,31,37,-6,68,2021-11-05 01:00:00,536217
Ivan Fashchevskyi_797173165,Ivan Fashchevskyi,2,1,45,34,11,79,2021-11-05 01:05:00,536218
Igor Demchuk_556936824,Igor Demchuk,-1,0,36,48,-12,84,2021-11-05 01:15:00,536219
O Shagarov_114100,O Shagarov,1,1,47,39,8,86,2021-11-05 01:16:00,536220
D Evlahin_114028,D Evlahin,-2,0,37,42,-5,79,2021-11-05 01:20:00,536221
Igor Trydukh_146802,Igor Trydukh,-2,0,35,41,-6,76,2021-11-05 01:25:00,536222
Yaroslav Vorsuliak_1475264641,Yaroslav Vorsuliak,3,1,34,22,12,56,2021-11-05 01:30:00,536223
I Novikov_114067,I Novikov,-3,0,19,33,-14,52,2021-11-05 01:31:00,536224
Pavlo Plushch_1994619220,Pavlo Plushch,-1,0,46,57,-11,103,2021-11-05 01:35:00,536225
Roman Vashchuk_245943237,Roman Vashchuk,-1,0,44,40,4,84,2021-11-05 01:45:00,536226
A Petrov_114101,A Petrov,-1,0,50,47,3,97,2021-11-05 01:46:00,536227
O Kutuzov_114029,O Kutuzov,2,1,41,23,18,64,2021-11-05 01:47:00,536228
Pavlo Khakhamidi_146803,Pavlo Khakhamidi,3,1,33,24,9,57,2021-11-05 01:55:00,536229
Oleksii Tkachuk_1332054772,Oleksii Tkachuk,2,1,39,35,4,74,2021-11-05 02:00:00,536230
T Turabekov_114068,T Turabekov,1,1,55,50,5,105,2021-11-05 02:00:00,536231
Oleksandr Dziabura_1355896306,Oleksandr Dziabura,2,1,44,36,8,80,2021-11-05 02:05:00,536232
D Evlahin_114030,D Evlahin,-3,0,23,33,-10,56,2021-11-05 02:15:00,536233
Oleksandr Medvedyev_1617831746,Oleksandr Medvedyev,-2,0,39,41,-2,80,2021-11-05 02:15:00,536234
O Shagarov_114102,O Shagarov,-3,0,22,33,-11,55,2021-11-05 02:24:00,536235
Hryhorii Kulishov_146804,Hryhorii Kulishov,-1,0,39,48,-9,87,2021-11-05 02:25:00,536236
Oleg Savenkov_350558274,Oleg Savenkov,3,1,33,21,12,54,2021-11-05 02:30:00,536237
S Ogai_114069,S Ogai,2,1,43,28,15,71,2021-11-05 02:31:00,536238
Ivan Fashchevskyi_1278539835,Ivan Fashchevskyi,-2,0,27,43,-16,70,2021-11-05 02:35:00,536239
Igor Demchuk_162010869,Igor Demchuk,-3,0,22,33,-11,55,2021-11-05 02:45:00,536240
V Safonov_114103,V Safonov,-1,0,40,50,-10,90,2021-11-05 02:45:00,536241
A Ilin_114031,A Ilin,-2,0,33,39,-6,72,2021-11-05 02:45:00,536242
Borys Kostiuk_146805,Borys Kostiuk,3,1,34,25,9,59,2021-11-05 02:55:00,536243
Yaroslav Vorsuliak_740581801,Yaroslav Vorsuliak,-3,0,23,33,-10,56,2021-11-05 03:00:00,536244
A Uezdin_114070,A Uezdin,-1,0,49,51,-2,100,2021-11-05 03:01:00,536245
Pavlo Plushch_1455323233,Pavlo Plushch,1,1,50,48,2,98,2021-11-05 03:05:00,536246
I Mihaylov_114032,I Mihaylov,2,1,43,34,9,77,2021-11-05 03:15:00,536247
Roman Vashchuk_663584833,Roman Vashchuk,-3,0,25,35,-10,60,2021-11-05 03:15:00,536248
A Volkov_114104,A Volkov,-2,0,23,38,-15,61,2021-11-05 03:22:00,536249
Igor Trydukh_146806,Igor Trydukh,1,1,50,48,2,98,2021-11-05 03:25:00,536250
Oleksii Tkachuk_907213653,Oleksii Tkachuk,-2,0,26,38,-12,64,2021-11-05 03:30:00,536251
V Sidorin_114071,V Sidorin,-1,0,42,48,-6,90,2021-11-05 03:32:00,536252
Stepan Nykyforuk_1723338409,Stepan Nykyforuk,-2,0,39,46,-7,85,2021-11-05 03:35:00,536253
Viktor Bosak_842107037,Viktor Bosak,-2,0,38,45,-7,83,2021-11-05 03:45:00,536254
A Serebrennikov_114033,A Serebrennikov,1,1,52,45,7,97,2021-11-05 03:46:00,536255
T Yusipov_114105,T Yusipov,3,1,33,20,13,53,2021-11-05 03:46:00,536256
Pavlo Khakhamidi_146807,Pavlo Khakhamidi,1,1,46,40,6,86,2021-11-05 03:55:00,536257
Oleg Savenkov_940292533,Oleg Savenkov,-3,0,19,33,-14,52,2021-11-05 04:00:00,536258
S Ogai_114072,S Ogai,1,1,47,38,9,85,2021-11-05 04:01:00,536259
Oleksandr Dziabura_849582118,Oleksandr Dziabura,-1,0,43,52,-9,95,2021-11-05 04:05:00,536260
Oleksandr Medvedyev_1550061189,Oleksandr Medvedyev,-2,0,40,45,-5,85,2021-11-05 04:15:00,536261
A Ilin_114034,A Ilin,2,1,42,35,7,77,2021-11-05 04:17:00,536262
V Safonov_114106,V Safonov,-2,0,34,40,-6,74,2021-11-05 04:18:00,536263
Hryhorii Kulishov_146808,Hryhorii Kulishov,-2,0,35,40,-5,75,2021-11-05 04:25:00,536264
Yaroslav Vorsuliak_698714707,Yaroslav Vorsuliak,2,1,46,33,13,79,2021-11-05 04:30:00,536265
I Novikov_114257,I Novikov,-3,0,23,35,-12,58,2021-11-05 04:33:00,536266
Ivan Fashchevskyi_1278751233,Ivan Fashchevskyi,1,1,50,47,3,97,2021-11-05 04:35:00,536267
Igor Demchuk_1517770778,Igor Demchuk,-1,0,39,46,-7,85,2021-11-05 04:45:00,536268
O Shagarov_114259,O Shagarov,1,1,54,41,13,95,2021-11-05 04:48:00,536269
I Mihaylov_114261,I Mihaylov,-1,0,37,46,-9,83,2021-11-05 04:49:00,536270
Borys Kostiuk_146670,Borys Kostiuk,3,1,33,19,14,52,2021-11-05 04:55:00,536271
Yevhenii Faflei_1285508191,Yevhenii Faflei,-1,0,44,44,0,88,2021-11-05 05:00:00,536272
A Uezdin_114258,A Uezdin,2,1,42,34,8,76,2021-11-05 05:00:00,536273
Pavlo Plushch_570672597,Pavlo Plushch,-2,0,22,41,-19,63,2021-11-05 05:05:00,536274
Viktor Bosak_697140946,Viktor Bosak,-3,0,18,35,-17,53,2021-11-05 05:15:00,536275
A Serebrennikov_114262,A Serebrennikov,3,1,33,20,13,53,2021-11-05 05:16:00,536276
Igor Trydukh_146809,Igor Trydukh,-3,0,19,33,-14,52,2021-11-05 05:25:00,536277
A Volkov_114260,A Volkov,1,1,53,43,10,96,2021-11-05 05:29:00,536278
Oleksii Tkachuk_574095908,Oleksii Tkachuk,2,1,45,37,8,82,2021-11-05 05:30:00,536279
Hryhorii Kulishov_146810,Hryhorii Kulishov,-1,0,48,53,-5,101,2021-11-05 05:55:00,536280
Oleg Savenkov_1147368801,Oleg Savenkov,-1,0,38,48,-10,86,2021-11-05 06:00:00,536281
Serhii Sokolov_146811,Serhii Sokolov,1,1,47,45,2,92,2021-11-05 06:25:00,536282
Yaroslav Vorsuliak_99389971,Yaroslav Vorsuliak,-2,0,31,43,-12,74,2021-11-05 06:30:00,536283
Hryhorii Kulishov_146812,Hryhorii Kulishov,3,1,35,17,18,52,2021-11-05 06:55:00,536284
Pavlo Khakhamidi_146813,Pavlo Khakhamidi,-1,0,42,44,-2,86,2021-11-05 07:25:00,536285
A Vorozheykin_114165,A Vorozheykin,-2,0,39,43,-4,82,2021-11-05 07:33:00,536286
E Tsvetkov_114131,E Tsvetkov,1,1,47,48,-1,95,2021-11-05 07:45:00,536287
A Arutiunyan_114203,A Arutiunyan,-1,0,53,60,-7,113,2021-11-05 07:46:00,536288
Denys Pesternikov_146869,Denys Pesternikov,-3,0,26,34,-8,60,2021-11-05 07:50:00,536289
Igor Sukovatyi_1152234679,Igor Sukovatyi,1,1,45,35,10,80,2021-11-05 07:50:00,536290
Eduard Rubtsov_797067584,Eduard Rubtsov,2,1,44,32,12,76,2021-11-05 07:55:00,536291
Dmytro Lazuryk_147100,Dmytro Lazuryk,2,1,47,42,5,89,2021-11-05 08:00:00,536292
A Duka_114166,A Duka,-3,0,17,33,-16,50,2021-11-05 08:01:00,536293
Mykola Polysynskyi_146936,Mykola Polysynskyi,2,1,44,33,11,77,2021-11-05 08:05:00,536294
Viktor Chyzh_147109,Viktor Chyzh,1,1,42,40,2,82,2021-11-05 08:10:00,536295
Anastasia Holiak_147128,Anastasia Holiak,1,1,52,52,0,104,2021-11-05 08:15:00,536296
O Kharlakin_114132,O Kharlakin,-2,0,37,40,-3,77,2021-11-05 08:18:00,536297
Oleh Bindas_147093,Oleh Bindas,1,1,55,54,1,109,2021-11-05 08:20:00,536298
I Poletaev_114204,I Poletaev,-2,0,25,41,-16,66,2021-11-05 08:22:00,536299
Anatolii Yakovenko_840957555,Anatolii Yakovenko,1,1,47,46,1,93,2021-11-05 08:25:00,536300
Rodion Kapinus_147101,Rodion Kapinus,1,1,47,39,8,86,2021-11-05 08:30:00,536301
Andrey Pereiaslov_979725953,Andrey Pereiaslov,2,1,40,31,9,71,2021-11-05 08:30:00,536302
A Andreev_114167,A Andreev,2,1,54,53,1,107,2021-11-05 08:32:00,536303
Anatolii Zapletniuk_1162838741,Anatolii Zapletniuk,-2,0,24,40,-16,64,2021-11-05 08:35:00,536304
Maksym Balakiriev_146937,Maksym Balakiriev,1,1,41,47,-6,88,2021-11-05 08:35:00,536305
Vitalii Mukhin_147110,Vitalii Mukhin,-1,0,50,53,-3,103,2021-11-05 08:40:00,536306
Aleksandr Melnikov_1110939199,Aleksandr Melnikov,2,1,43,30,13,73,2021-11-05 08:40:00,536307
Yuliia Khilinska_147129,Yuliia Khilinska,-2,0,31,37,-6,68,2021-11-05 08:45:00,536308
Valentyn Yunchyk_424425211,Valentyn Yunchyk,-1,0,43,48,-5,91,2021-11-05 08:45:00,536309
A Pisar_114133,A Pisar,-3,0,24,33,-9,57,2021-11-05 08:49:00,536310
Denys Pesternikov_146871,Denys Pesternikov,2,1,41,21,20,62,2021-11-05 08:50:00,536311
Bohdan Havryliuk_147074,Bohdan Havryliuk,-2,0,28,39,-11,67,2021-11-05 08:50:00,536312
Vasyl Pleshkan_496669204,Vasyl Pleshkan,-1,0,46,48,-2,94,2021-11-05 08:50:00,536313
S Homutov_114205,S Homutov,3,1,35,23,12,58,2021-11-05 08:50:00,536314
Kostiantyn Kovalchuk_147044,Kostiantyn Kovalchuk,-3,0,21,33,-12,54,2021-11-05 08:55:00,536315
Alexey Gamyanin_616746089,Alexey Gamyanin,3,1,33,18,15,51,2021-11-05 08:55:00,536316
Maksym Nikolenko_662091505,Maksym Nikolenko,-2,0,23,41,-18,64,2021-11-05 08:55:00,536317
Igor Sukovatyi_635097367,Igor Sukovatyi,-2,0,32,44,-12,76,2021-11-05 09:00:00,536318
Ivan Fedoryshyn_146896,Ivan Fedoryshyn,-2,0,35,43,-8,78,2021-11-05 09:00:00,536319
Lukas Adamec_146991,Lukas Adamec,-2,0,38,41,-3,79,2021-11-05 09:00:00,536320
Jo Kutifel_25534,Jo Kutifel,2,1,40,33,7,73,2021-11-05 09:01:00,536321
P Vshivkov_114168,P Vshivkov,3,1,33,25,8,58,2021-11-05 09:02:00,536322
Serhii Pitsyk_146938,Serhii Pitsyk,-2,0,28,41,-13,69,2021-11-05 09:05:00,536323
Andrii Kostiuk_1481931651,Andrii Kostiuk,-1,0,49,49,0,98,2021-11-05 09:05:00,536324
Anton Myrza_1177624332,Anton Myrza,1,1,46,41,5,87,2021-11-05 09:10:00,536325
Dmytro Khairov_146963,Dmytro Khairov,3,1,33,19,14,52,2021-11-05 09:10:00,536326
Anastasia Holiak_147130,Anastasia Holiak,-1,0,43,52,-9,95,2021-11-05 09:15:00,536327
Andrii Halych_2058838392,Andrii Halych,2,1,42,19,23,61,2021-11-05 09:15:00,536328
A Zabrodin_114134,A Zabrodin,-2,0,35,44,-9,79,2021-11-05 09:16:00,536329
Yu Gavrilov_114206,Yu Gavrilov,1,1,49,51,-2,100,2021-11-05 09:19:00,536330
Oleksandr Lymarenko_147075,Oleksandr Lymarenko,-2,0,39,46,-7,85,2021-11-05 09:20:00,536331
Dmytro Vakhta_1823744214,Dmytro Vakhta,-1,0,51,49,2,100,2021-11-05 09:20:00,536332
Nazar Mosiuk_147094,Nazar Mosiuk,-2,0,35,35,0,70,2021-11-05 09:20:00,536333
Oleg Kuravsky_785205782,Oleg Kuravsky,-1,0,47,44,3,91,2021-11-05 09:25:00,536334
Dmytro Tsurkalenko_147045,Dmytro Tsurkalenko,-3,0,18,33,-15,51,2021-11-05 09:25:00,536335
A Andreev_114169,A Andreev,-3,0,18,33,-15,51,2021-11-05 09:30:00,536336
M Huk_25535,M Huk,-3,0,24,33,-9,57,2021-11-05 09:30:00,536337
Bohdan Zaika_26973417,Bohdan Zaika,3,1,35,22,13,57,2021-11-05 09:30:00,536338
Rodion Kapinus_147102,Rodion Kapinus,-1,0,41,44,-3,85,2021-11-05 09:30:00,536339
Tomas Kanka_146992,Tomas Kanka,2,1,41,25,16,66,2021-11-05 09:30:00,536340
Bohdan Kohut_1913046108,Bohdan Kohut,1,1,46,47,-1,93,2021-11-05 09:30:00,536341
Serhii Skachenko_905272058,Serhii Skachenko,2,1,43,28,15,71,2021-11-05 09:35:00,536342
Maksym Balakiriev_146939,Maksym Balakiriev,-2,0,37,42,-5,79,2021-11-05 09:35:00,536343
Andrey Pereiaslov_1834213413,Andrey Pereiaslov,-1,0,43,50,-7,93,2021-11-05 09:40:00,536344
Vitalii Mukhin_147111,Vitalii Mukhin,2,1,35,29,6,64,2021-11-05 09:40:00,536345
Anatolii Zapletniuk_1150974292,Anatolii Zapletniuk,2,1,39,35,4,74,2021-11-05 09:45:00,536346
Yaroslava Pachich_147131,Yaroslava Pachich,2,1,42,33,9,75,2021-11-05 09:45:00,536347
A Pisar_114135,A Pisar,2,1,45,29,16,74,2021-11-05 09:49:00,536348
Andrii Halych_30889999,Andrii Halych,2,1,38,29,9,67,2021-11-05 09:50:00,536349
Oleh Bindas_147095,Oleh Bindas,-1,0,43,46,-3,89,2021-11-05 09:50:00,536350
S Homutov_114207,S Homutov,-3,0,23,35,-12,58,2021-11-05 09:50:00,536351
Denys Kozlov_147076,Denys Kozlov,3,1,34,26,8,60,2021-11-05 09:50:00,536352
Valentyn Yunchyk_1474620418,Valentyn Yunchyk,3,1,34,25,9,59,2021-11-05 09:55:00,536353
Ruslan Tolstykh_147046,Ruslan Tolstykh,3,1,34,19,15,53,2021-11-05 09:55:00,536354
jr. Havlik_25536,jr. Havlik,2,1,41,30,11,71,2021-11-05 09:59:00,536355
Vasyl Pleshkan_1478288501,Vasyl Pleshkan,3,1,37,31,6,68,2021-11-05 10:00:00,536356
Tomas Kanka_146993,Tomas Kanka,2,1,46,41,5,87,2021-11-05 10:00:00,536357
Dmytro Lazuryk_146898,Dmytro Lazuryk,2,1,40,30,10,70,2021-11-05 10:00:00,536358
P Samsonov_113989,P Samsonov,2,1,24,13,11,37,2021-11-05 10:00:00,536359
A Duka_114170,A Duka,2,1,38,30,8,68,2021-11-05 10:01:00,536360
Maksym Nikolenko_413378795,Maksym Nikolenko,-3,0,20,33,-13,53,2021-11-05 10:05:00,536361
Mykola Polysynskyi_146940,Mykola Polysynskyi,1,1,54,47,7,101,2021-11-05 10:05:00,536362
Alexey Gamyanin_983643162,Alexey Gamyanin,1,1,52,45,7,97,2021-11-05 10:05:00,536363
Anatolii Yakovenko_2000929220,Anatolii Yakovenko,-3,0,15,33,-18,48,2021-11-05 10:10:00,536364
Viktor Chyzh_147112,Viktor Chyzh,3,1,34,16,18,50,2021-11-05 10:10:00,536365
Yuliia Khilinska_147132,Yuliia Khilinska,3,1,34,24,10,58,2021-11-05 10:15:00,536366
Eduard Rubtsov_369571264,Eduard Rubtsov,3,1,33,8,25,41,2021-11-05 10:15:00,536367
O Kharlakin_114136,O Kharlakin,1,1,46,45,1,91,2021-11-05 10:17:00,536368
I Poletaev_114208,I Poletaev,3,1,33,20,13,53,2021-11-05 10:17:00,536369
Denys Pesternikov_147096,Denys Pesternikov,3,1,33,10,23,43,2021-11-05 10:20:00,536370
Dmitriy Zaporozhets_32016274,Dmitriy Zaporozhets,2,1,41,28,13,69,2021-11-05 10:20:00,536371
Oleksandr Lymarenko_147077,Oleksandr Lymarenko,1,1,45,45,0,90,2021-11-05 10:20:00,536372
E Samsonova_113990,E Samsonova,2,1,25,11,14,36,2021-11-05 10:20:00,536373
Dmytro Tsurkalenko_147047,Dmytro Tsurkalenko,-3,0,23,34,-11,57,2021-11-05 10:25:00,536374
Aleksandr Melnikov_405045959,Aleksandr Melnikov,-2,0,32,37,-5,69,2021-11-05 10:25:00,536375
Vadym Nechyporuk_6806097,Vadym Nechyporuk,-2,0,38,44,-6,82,2021-11-05 10:30:00,536376
Ivan Efimenko_147103,Ivan Efimenko,-2,0,35,42,-7,77,2021-11-05 10:30:00,536377
Lukas Adamec_146994,Lukas Adamec,-3,0,25,33,-8,58,2021-11-05 10:30:00,536378
A Vorozheykin_114263,A Vorozheykin,-3,0,22,34,-12,56,2021-11-05 10:30:00,536379
T Postelt_25537,T Postelt,-1,0,44,49,-5,93,2021-11-05 10:30:00,536380
Andrii Peretiatko_146941,Andrii Peretiatko,1,1,51,41,10,92,2021-11-05 10:35:00,536381
Oleksandr Staryi_1024949817,Oleksandr Staryi,1,1,55,46,9,101,2021-11-05 10:35:00,536382
Valerii Melnyk_954767421,Valerii Melnyk,3,1,35,24,11,59,2021-11-05 10:40:00,536383
O Aratskaya_113991,O Aratskaya,-1,0,16,31,-15,47,2021-11-05 10:40:00,536384
Bohdan Zaika_1005376010,Bohdan Zaika,-2,0,31,43,-12,74,2021-11-05 10:40:00,536385
Kostiantyn Klymenko_146966,Kostiantyn Klymenko,-2,0,38,42,-4,80,2021-11-05 10:40:00,536386
Anastasia Holiak_147133,Anastasia Holiak,-2,0,31,42,-11,73,2021-11-05 10:45:00,536387
Igor Sukovatyi_1218279548,Igor Sukovatyi,1,1,47,45,2,92,2021-11-05 10:45:00,536388
A Arutiunyan_114265,A Arutiunyan,-3,0,22,34,-12,56,2021-11-05 10:46:00,536389
A Zabrodin_114267,A Zabrodin,-2,0,39,44,-5,83,2021-11-05 10:48:00,536390
Oleh Bindas_147097,Oleh Bindas,-1,0,41,49,-8,90,2021-11-05 10:50:00,536391
Bohdan Havryliuk_147078,Bohdan Havryliuk,2,1,44,33,11,77,2021-11-05 10:50:00,536392
Mykhailo Presniakov_1714339977,Mykhailo Presniakov,1,1,49,50,-1,99,2021-11-05 10:50:00,536393
Kostiantyn Kovalchuk_147048,Kostiantyn Kovalchuk,1,1,53,44,9,97,2021-11-05 10:55:00,536394
Anton Myrza_146303571,Anton Myrza,-1,0,57,55,2,112,2021-11-05 10:55:00,536395
jr. Havlik_25538,jr. Havlik,-3,0,27,34,-7,61,2021-11-05 10:59:00,536396
Ondrej Malecek_146995,Ondrej Malecek,1,1,52,44,8,96,2021-11-05 11:00:00,536397
Ivan Fedoryshyn_147104,Ivan Fedoryshyn,-1,0,48,58,-10,106,2021-11-05 11:00:00,536398
Oleg Mikluha_1807627330,Oleg Mikluha,-3,0,27,37,-10,64,2021-11-05 11:00:00,536399
V Pak_113992,V Pak,-2,0,10,23,-13,33,2021-11-05 11:00:00,536400
A Andreev_114264,A Andreev,-2,0,36,44,-8,80,2021-11-05 11:01:00,536401
Dmytro Vakhta_836607650,Dmytro Vakhta,2,1,42,34,8,76,2021-11-05 11:05:00,536402
Serhii Pitsyk_146942,Serhii Pitsyk,-2,0,32,42,-10,74,2021-11-05 11:05:00,536403
Oleg Kuravsky_2053929646,Oleg Kuravsky,2,1,44,28,16,72,2021-11-05 11:10:00,536404
Dmytro Khairov_146967,Dmytro Khairov,-3,0,20,33,-13,53,2021-11-05 11:10:00,536405
Alexey Gamyanin_193972202,Alexey Gamyanin,2,1,43,28,15,71,2021-11-05 11:15:00,536406
Bohdan Kohut_1032139376,Bohdan Kohut,3,1,33,21,12,54,2021-11-05 11:15:00,536407
Yuliia Khilinska_147134,Yuliia Khilinska,1,1,48,43,5,91,2021-11-05 11:15:00,536408
S Homutov_114266,S Homutov,2,1,42,32,10,74,2021-11-05 11:16:00,536409
O Kharlakin_114268,O Kharlakin,1,1,47,38,9,85,2021-11-05 11:17:00,536410
Nazar Mosiuk_147098,Nazar Mosiuk,-3,0,23,33,-10,56,2021-11-05 11:20:00,536411
Serhii Skachenko_1427296224,Serhii Skachenko,-2,0,32,47,-15,79,2021-11-05 11:20:00,536412
Sergii Skhabitskiy_147079,Sergii Skhabitskiy,-1,0,41,49,-8,90,2021-11-05 11:20:00,536413
E Samsonova_113993,E Samsonova,2,1,23,13,10,36,2021-11-05 11:20:00,536414
Andrii Kostiuk_346958063,Andrii Kostiuk,-3,0,25,33,-8,58,2021-11-05 11:25:00,536415
Hennadii Portnov_147049,Hennadii Portnov,-3,0,28,36,-8,64,2021-11-05 11:25:00,536416
M Huk_25539,M Huk,2,1,39,27,12,66,2021-11-05 11:29:00,536417
Anatolii Zapletniuk_1119111613,Anatolii Zapletniuk,2,1,45,34,11,79,2021-11-05 11:30:00,536418
Rodion Kapinus_146901,Rodion Kapinus,2,1,40,35,5,75,2021-11-05 11:30:00,536419
Lukas Adamec_146996,Lukas Adamec,2,1,40,32,8,72,2021-11-05 11:30:00,536420
E Kalashnikov_114171,E Kalashnikov,2,1,40,28,12,68,2021-11-05 11:31:00,536421
Aleksandr Melnikov_1790240668,Aleksandr Melnikov,-2,0,37,46,-9,83,2021-11-05 11:35:00,536422
Maksym Balakiriev_146943,Maksym Balakiriev,2,1,40,29,11,69,2021-11-05 11:35:00,536423
Tatyana De_113994,Tatyana De,-1,0,24,31,-7,55,2021-11-05 11:40:00,536424
Vitalii Mukhin_147113,Vitalii Mukhin,-2,0,32,38,-6,70,2021-11-05 11:40:00,536425
Valentyn Yunchyk_230641485,Valentyn Yunchyk,2,1,38,31,7,69,2021-11-05 11:40:00,536426
Vasyl Pleshkan_126837058,Vasyl Pleshkan,-3,0,21,35,-14,56,2021-11-05 11:45:00,536427
O Manuylov_114137,O Manuylov,1,1,50,43,7,93,2021-11-05 11:45:00,536428
Yaroslava Pachich_147135,Yaroslava Pachich,3,1,33,17,16,50,2021-11-05 11:45:00,536429
A Mohnachev_114209,A Mohnachev,-3,0,23,33,-10,56,2021-11-05 11:48:00,536430
Serhii Poliakov_1862713879,Serhii Poliakov,-1,0,43,52,-9,95,2021-11-05 11:50:00,536431
Denys Kozlov_147080,Denys Kozlov,1,1,53,52,1,105,2021-11-05 11:50:00,536432
Denys Pesternikov_147099,Denys Pesternikov,-2,0,36,43,-7,79,2021-11-05 11:50:00,536433
Maksym Nikolenko_1927778800,Maksym Nikolenko,-3,0,18,33,-15,51,2021-11-05 11:50:00,536434
Anatolii Yakovenko_1942103547,Anatolii Yakovenko,-1,0,43,51,-8,94,2021-11-05 11:55:00,536435
Ruslan Tolstykh_147050,Ruslan Tolstykh,3,1,33,26,7,59,2021-11-05 11:55:00,536436
Jo Kutifel_25564,Jo Kutifel,-2,0,32,42,-10,74,2021-11-05 11:59:00,536437
Dmytro Lazuryk_147105,Dmytro Lazuryk,2,1,37,26,11,63,2021-11-05 12:00:00,536438
Andrey Pereiaslov_1646977294,Andrey Pereiaslov,2,1,42,37,5,79,2021-11-05 12:00:00,536439
N Zhurba_114172,N Zhurba,3,1,33,26,7,59,2021-11-05 12:00:00,536440
P Samsonov_113995,P Samsonov,2,1,24,19,5,43,2021-11-05 12:00:00,536441
Mykola Polysynskyi_146944,Mykola Polysynskyi,1,1,51,44,7,95,2021-11-05 12:05:00,536442
Dmitriy Zaporozhets_2128580820,Dmitriy Zaporozhets,-3,0,26,35,-9,61,2021-11-05 12:05:00,536443
Frantisek Korenek_147144,Frantisek Korenek,3,1,39,31,8,70,2021-11-05 12:05:00,536444
Ruslan Kovalchuk_1126271148,Ruslan Kovalchuk,2,1,43,32,11,75,2021-11-05 12:10:00,536445
Viktor Chyzh_147114,Viktor Chyzh,-2,0,43,48,-5,91,2021-11-05 12:10:00,536446
Anastasia Holiak_147136,Anastasia Holiak,2,1,37,30,7,67,2021-11-05 12:15:00,536447
A Kazakov_114210,A Kazakov,1,1,51,45,6,96,2021-11-05 12:15:00,536448
Vadym Nechyporuk_338452275,Vadym Nechyporuk,-1,0,43,50,-7,93,2021-11-05 12:15:00,536449
A Andreev_114138,A Andreev,1,1,44,48,-4,92,2021-11-05 12:17:00,536450
Oleksandr Staryi_1691128854,Oleksandr Staryi,1,1,49,43,6,92,2021-11-05 12:20:00,536451
Yaroslav Kravets_146878,Yaroslav Kravets,-3,0,22,36,-14,58,2021-11-05 12:20:00,536452
Oleksandr Lymarenko_147081,Oleksandr Lymarenko,-2,0,27,40,-13,67,2021-11-05 12:20:00,536453
O Aratskaya_113996,O Aratskaya,1,1,35,19,16,54,2021-11-05 12:20:00,536454
Alexey Gamyanin_587106913,Alexey Gamyanin,-1,0,48,51,-3,99,2021-11-05 12:25:00,536455
Dmytro Tsurkalenko_147051,Dmytro Tsurkalenko,1,1,50,45,5,95,2021-11-05 12:25:00,536456
Valerii Melnyk_837609560,Valerii Melnyk,2,1,39,36,3,75,2021-11-05 12:25:00,536457
M Huk_25565,M Huk,2,1,39,28,11,67,2021-11-05 12:29:00,536458
A Potapkov_114173,A Potapkov,-1,0,47,57,-10,104,2021-11-05 12:30:00,536459
Ivan Efimenko_147106,Ivan Efimenko,1,1,50,50,0,100,2021-11-05 12:30:00,536460
Rodion Pirveli_1370235995,Rodion Pirveli,-1,0,42,51,-9,93,2021-11-05 12:30:00,536461
Eduard Rubtsov_20413334,Eduard Rubtsov,2,1,41,35,6,76,2021-11-05 12:35:00,536462
Andrii Peretiatko_146945,Andrii Peretiatko,-1,0,42,54,-12,96,2021-11-05 12:35:00,536463
Ondrej Malecek_147145,Ondrej Malecek,1,1,49,45,4,94,2021-11-05 12:35:00,536464
Tatyana De_113997,Tatyana De,-1,0,24,31,-7,55,2021-11-05 12:40:00,536465
Anton Myrza_1275997770,Anton Myrza,2,1,42,30,12,72,2021-11-05 12:40:00,536466
Kostiantyn Klymenko_146970,Kostiantyn Klymenko,2,1,44,32,12,76,2021-11-05 12:40:00,536467
Rehyna Rudzei_147137,Rehyna Rudzei,3,1,33,11,22,44,2021-11-05 12:45:00,536468
Aleksandr Melnikov_986908368,Aleksandr Melnikov,-3,0,28,38,-10,66,2021-11-05 12:45:00,536469
D Popov_114211,D Popov,1,1,50,38,12,88,2021-11-05 12:48:00,536470
Bohdan Havryliuk_147082,Bohdan Havryliuk,3,1,33,19,14,52,2021-11-05 12:50:00,536471
Dmytro Vakhta_2067302904,Dmytro Vakhta,2,1,42,38,4,80,2021-11-05 12:50:00,536472
I Sergeevich_114139,I Sergeevich,1,1,42,39,3,81,2021-11-05 12:51:00,536473
Oleg Kuravsky_2081586699,Oleg Kuravsky,-1,0,49,50,-1,99,2021-11-05 12:55:00,536474
Oleh Bindas_147146,Oleh Bindas,3,1,33,25,8,58,2021-11-05 12:55:00,536475
Kostiantyn Kovalchuk_147052,Kostiantyn Kovalchuk,-2,0,36,44,-8,80,2021-11-05 12:55:00,536476
M Klement_25540,M Klement,-2,0,38,42,-4,80,2021-11-05 12:59:00,536477
Ivan Fedoryshyn_147107,Ivan Fedoryshyn,-2,0,36,41,-5,77,2021-11-05 13:00:00,536478
Bohdan Zaika_81345151,Bohdan Zaika,1,1,51,45,6,96,2021-11-05 13:00:00,536479
Dominik Pasek_147012,Dominik Pasek,-2,0,37,42,-5,79,2021-11-05 13:00:00,536480
V Pak_113998,V Pak,-2,0,12,23,-11,35,2021-11-05 13:00:00,536481
Bohdan Kohut_2043516400,Bohdan Kohut,-1,0,49,49,0,98,2021-11-05 13:00:00,536482
Serhii Pitsyk_146946,Serhii Pitsyk,1,1,49,50,-1,99,2021-11-05 13:05:00,536483
Igor Sukovatyi_1588268465,Igor Sukovatyi,3,1,33,20,13,53,2021-11-05 13:05:00,536484
T Razinkov_114174,T Razinkov,-1,0,38,45,-7,83,2021-11-05 13:06:00,536485
Dmytro Khairov_146971,Dmytro Khairov,-2,0,32,44,-12,76,2021-11-05 13:10:00,536486
Mykhailo Presniakov_1085219034,Mykhailo Presniakov,2,1,42,31,11,73,2021-11-05 13:10:00,536487
Dmytro Kalyniuk_330540765,Dmytro Kalyniuk,-3,0,27,34,-7,61,2021-11-05 13:15:00,536488
Rehyna Rudzei_147148,Rehyna Rudzei,-3,0,24,33,-9,57,2021-11-05 13:15:00,536489
M Dukhin_114212,M Dukhin,-2,0,34,44,-10,78,2021-11-05 13:16:00,536490
Aleksandr Melnikov_1389797419,Aleksandr Melnikov,3,1,36,29,7,65,2021-11-05 13:20:00,536491
Sergii Skhabitskiy_147083,Sergii Skhabitskiy,-2,0,33,43,-10,76,2021-11-05 13:20:00,536492
A Poprocky_114140,A Poprocky,1,1,48,39,9,87,2021-11-05 13:21:00,536493
Hennadii Portnov_147053,Hennadii Portnov,2,1,42,33,9,75,2021-11-05 13:25:00,536494
Mykhailo Kistechko_147147,Mykhailo Kistechko,-2,0,36,46,-10,82,2021-11-05 13:25:00,536495
Andrii Kotik_426948028,Andrii Kotik,-3,0,19,34,-15,53,2021-11-05 13:25:00,536496
Sr. Korp_25541,Sr. Korp,2,1,41,37,4,78,2021-11-05 13:29:00,536497
Mykhailo Vivatenko_1806640448,Mykhailo Vivatenko,-1,0,39,48,-9,87,2021-11-05 13:30:00,536498
Robert Jamrich_147013,Robert Jamrich,-1,0,46,51,-5,97,2021-11-05 13:30:00,536499
Dmytro Lazuryk_146905,Dmytro Lazuryk,-3,0,25,33,-8,58,2021-11-05 13:30:00,536500
Alexey Gamyanin_1080357498,Alexey Gamyanin,-3,0,14,33,-19,47,2021-11-05 13:35:00,536501
Nikita Trofimov_884316460,Nikita Trofimov,-3,0,25,33,-8,58,2021-11-05 13:35:00,536502
Mykola Polysynskyi_146947,Mykola Polysynskyi,-2,0,33,45,-12,78,2021-11-05 13:35:00,536503
A Potapkov_114175,A Potapkov,-3,0,25,34,-9,59,2021-11-05 13:35:00,536504
Anatolii Yakovenko_751550552,Anatolii Yakovenko,-3,0,17,34,-17,51,2021-11-05 13:40:00,536505
Viktor Chyzh_147115,Viktor Chyzh,2,1,41,37,4,78,2021-11-05 13:40:00,536506
Anastasia Holiak_147149,Anastasia Holiak,2,1,42,26,16,68,2021-11-05 13:45:00,536507
Andrii Kostiuk_1138625913,Andrii Kostiuk,2,1,42,30,12,72,2021-11-05 13:45:00,536508
D Popov_114213,D Popov,-2,0,35,38,-3,73,2021-11-05 13:46:00,536509
Denys Kozlov_147084,Denys Kozlov,1,1,53,48,5,101,2021-11-05 13:50:00,536510
Anatolii Zapletniuk_84594905,Anatolii Zapletniuk,-3,0,23,33,-10,56,2021-11-05 13:50:00,536511
I Sergeevich_114141,I Sergeevich,2,1,41,26,15,67,2021-11-05 13:54:00,536512
Ruslan Kovalchuk_1318001439,Ruslan Kovalchuk,-2,0,30,43,-13,73,2021-11-05 13:55:00,536513
Ruslan Tolstykh_147054,Ruslan Tolstykh,1,1,47,42,5,89,2021-11-05 13:55:00,536514
T Holik_25542,T Holik,2,1,43,39,4,82,2021-11-05 13:59:00,536515
Valentyn Yunchyk_298032193,Valentyn Yunchyk,-2,0,42,47,-5,89,2021-11-05 14:00:00,536516
Serhii Rak_147108,Serhii Rak,2,1,44,40,4,84,2021-11-05 14:00:00,536517
Robert Jamrich_147014,Robert Jamrich,2,1,43,38,5,81,2021-11-05 14:00:00,536518
N Zhurba_114176,N Zhurba,-1,0,40,47,-7,87,2021-11-05 14:00:00,536519
Vasyl Pleshkan_860876409,Vasyl Pleshkan,1,1,49,47,2,96,2021-11-05 14:05:00,536520
Artem Lisechko_146948,Artem Lisechko,2,1,44,29,15,73,2021-11-05 14:05:00,536521
Anatolii Kovalenko_146973,Anatolii Kovalenko,1,1,49,38,11,87,2021-11-05 14:10:00,536522
Bohdan Zaika_532534619,Bohdan Zaika,-3,0,20,33,-13,53,2021-11-05 14:10:00,536523
Maksym Nikolenko_977772709,Maksym Nikolenko,-3,0,11,33,-22,44,2021-11-05 14:10:00,536524
Igor Sukovatyi_1015509139,Igor Sukovatyi,2,1,40,37,3,77,2021-11-05 14:15:00,536525
A Kazakov_114214,A Kazakov,2,1,42,34,8,76,2021-11-05 14:17:00,536526
Eduard Rubtsov_995397212,Eduard Rubtsov,2,1,41,28,13,69,2021-11-05 14:20:00,536527
A Andreev_114142,A Andreev,3,1,33,19,14,52,2021-11-05 14:20:00,536528
Bohdan Havryliuk_147085,Bohdan Havryliuk,3,1,33,19,14,52,2021-11-05 14:20:00,536529
Dmitriy Zaporozhets_825663682,Dmitriy Zaporozhets,-3,0,31,39,-8,70,2021-11-05 14:25:00,536530
Kostiantyn Kovalchuk_147055,Kostiantyn Kovalchuk,3,1,33,20,13,53,2021-11-05 14:25:00,536531
Dmytro Lazuryk_146907,Dmytro Lazuryk,-2,0,36,44,-8,80,2021-11-05 14:30:00,536532
Dominik Pasek_147015,Dominik Pasek,1,1,47,47,0,94,2021-11-05 14:30:00,536533
Andrii Halych_944331981,Andrii Halych,3,1,34,18,16,52,2021-11-05 14:30:00,536534
M Cinibulk_25543,M Cinibulk,2,1,42,36,6,78,2021-11-05 14:30:00,536535
A Potapkov_114361,A Potapkov,-1,0,47,42,5,89,2021-11-05 14:33:00,536536
Andrii Kotik_427126622,Andrii Kotik,-3,0,25,33,-8,58,2021-11-05 14:35:00,536537
Mykola Polysynskyi_146949,Mykola Polysynskyi,-2,0,31,41,-10,72,2021-11-05 14:35:00,536538
Oleg Kuravsky_930563996,Oleg Kuravsky,2,1,41,29,12,70,2021-11-05 14:40:00,536539
Viktor Chyzh_147116,Viktor Chyzh,1,1,50,42,8,92,2021-11-05 14:40:00,536540
Nikita Trofimov_787602124,Nikita Trofimov,3,1,33,21,12,54,2021-11-05 14:45:00,536541
Alexey Gamyanin_2062941046,Alexey Gamyanin,-1,0,41,51,-10,92,2021-11-05 14:45:00,536542
O Manuylov_114363,O Manuylov,1,1,44,42,2,86,2021-11-05 14:46:00,536543
A Mohnachev_114365,A Mohnachev,1,1,56,51,5,107,2021-11-05 14:48:00,536544
Andrii Obishchenko_147086,Andrii Obishchenko,-3,0,20,33,-13,53,2021-11-05 14:50:00,536545
Oleksandr Melashenko_147056,Oleksandr Melashenko,1,1,45,45,0,90,2021-11-05 14:55:00,536546
Ivan Kozyr_1631579521,Ivan Kozyr,1,1,49,44,5,93,2021-11-05 14:55:00,536547
T Holik_25544,T Holik,-2,0,41,46,-5,87,2021-11-05 14:59:00,536548
Rodion Kapinus_146908,Rodion Kapinus,3,1,33,26,7,59,2021-11-05 15:00:00,536549
Anton Myrza_1722066460,Anton Myrza,-3,0,14,33,-19,47,2021-11-05 15:00:00,536550
Tomas Krenek_147016,Tomas Krenek,2,1,40,32,8,72,2021-11-05 15:00:00,536551
N Zhurba_114362,N Zhurba,1,1,47,43,4,90,2021-11-05 15:04:00,536552
Maksym Balakiriev_146950,Maksym Balakiriev,1,1,43,49,-6,92,2021-11-05 15:05:00,536553
Ruslan Kovalchuk_439467298,Ruslan Kovalchuk,-1,0,49,44,5,93,2021-11-05 15:05:00,536554
Vitalii Mukhin_147117,Vitalii Mukhin,3,1,35,25,10,60,2021-11-05 15:10:00,536555
Valentyn Yunchyk_298064993,Valentyn Yunchyk,-3,0,29,37,-8,66,2021-11-05 15:10:00,536556
Mykhailo Vivatenko_710317106,Mykhailo Vivatenko,-3,0,25,33,-8,58,2021-11-05 15:15:00,536557
I Sergeevich_114364,I Sergeevich,-1,0,46,48,-2,94,2021-11-05 15:16:00,536558
M Dukhin_114366,M Dukhin,1,1,45,39,6,84,2021-11-05 15:18:00,536559
Bohdan Havryliuk_147087,Bohdan Havryliuk,3,1,35,18,17,53,2021-11-05 15:20:00,536560
Yaroslav Tebenko_147118,Yaroslav Tebenko,-1,0,51,49,2,100,2021-11-05 15:20:00,536561
Serhii Poliakov_1862856340,Serhii Poliakov,-2,0,40,38,2,78,2021-11-05 15:20:00,536562
Valerii Melnyk_678654550,Valerii Melnyk,-1,0,52,53,-1,105,2021-11-05 15:20:00,536563
Kostiantyn Kovalchuk_147057,Kostiantyn Kovalchuk,1,1,47,49,-2,96,2021-11-05 15:25:00,536564
Sr. Korp_25545,Sr. Korp,-2,0,35,37,-2,72,2021-11-05 15:29:00,536565
Dominik Pasek_147017,Dominik Pasek,-1,0,55,59,-4,114,2021-11-05 15:30:00,536566
Eduard Rubtsov_582251201,Eduard Rubtsov,3,1,35,24,11,59,2021-11-05 15:30:00,536567
Dmytro Kunchurov_146839,Dmytro Kunchurov,3,1,33,23,10,56,2021-11-05 15:30:00,536568
Pavlo Khakhamidi_146854,Pavlo Khakhamidi,-1,0,49,46,3,95,2021-11-05 15:35:00,536569
E Anisimov_114177,E Anisimov,3,1,33,18,15,51,2021-11-05 15:35:00,536570
Nikita Korbut_194449900,Nikita Korbut,2,1,41,34,7,75,2021-11-05 15:35:00,536571
Anastasiia Mydvetska_146879,Anastasiia Mydvetska,-3,0,21,33,-12,54,2021-11-05 15:40:00,536572
Pavlo Vasylchuk_2132351371,Pavlo Vasylchuk,-3,0,15,33,-18,48,2021-11-05 15:40:00,536573
Maksym Mrykh_146909,Maksym Mrykh,2,1,40,37,3,77,2021-11-05 15:45:00,536574
A Golubeva_114221,A Golubeva,3,1,38,29,9,67,2021-11-05 15:48:00,536575
A Gerasimov_114143,A Gerasimov,2,1,39,29,10,68,2021-11-05 15:49:00,536576
Oleksandr Lymarenko_147088,Oleksandr Lymarenko,-1,0,47,50,-3,97,2021-11-05 15:50:00,536577
Oleh Chulanov_147119,Oleh Chulanov,2,1,42,23,19,65,2021-11-05 15:50:00,536578
Vasyl Kushnir_423542260,Vasyl Kushnir,2,1,42,37,5,79,2021-11-05 15:50:00,536579
Serhii Kubrak_573228283,Serhii Kubrak,-3,0,23,35,-12,58,2021-11-05 15:55:00,536580
Dmytro Tsurkalenko_147058,Dmytro Tsurkalenko,-2,0,29,43,-14,72,2021-11-05 15:55:00,536581
Oleh Ilin_146840,Oleh Ilin,1,1,52,48,4,100,2021-11-05 16:00:00,536582
S Kulikov_114178,S Kulikov,-2,0,32,40,-8,72,2021-11-05 16:00:00,536583
M Klement_25590,M Klement,3,1,33,21,12,54,2021-11-05 16:00:00,536584
Igor Trydukh_146855,Igor Trydukh,-2,0,35,40,-5,75,2021-11-05 16:05:00,536585
Andrey Pereiaslov_1942032156,Andrey Pereiaslov,1,1,51,42,9,93,2021-11-05 16:05:00,536586
Serhii Gergeliuk_784305665,Serhii Gergeliuk,1,1,53,45,8,98,2021-11-05 16:10:00,536587
Anastasiia Kozak_146880,Anastasiia Kozak,-1,0,41,43,-2,84,2021-11-05 16:10:00,536588
Artem Tkachenko_246866632,Artem Tkachenko,3,1,33,19,14,52,2021-11-05 16:15:00,536589
Andrii Skliarenko_146910,Andrii Skliarenko,-3,0,20,34,-14,54,2021-11-05 16:15:00,536590
V Kandybina_114222,V Kandybina,-2,0,31,40,-9,71,2021-11-05 16:16:00,536591
Yaroslav Tebenko_147120,Yaroslav Tebenko,-2,0,29,43,-14,72,2021-11-05 16:20:00,536592
Roman Rybachuk_10899665,Roman Rybachuk,3,1,38,32,6,70,2021-11-05 16:20:00,536593
Serhii Tkachev_146921,Serhii Tkachev,-1,0,38,47,-9,85,2021-11-05 16:25:00,536594
Daniel Salomon_147239,Daniel Salomon,3,1,34,21,13,55,2021-11-05 16:25:00,536595
Andrii Hordii_1916635193,Andrii Hordii,-2,0,36,46,-10,82,2021-11-05 16:25:00,536596
Maksym Kozhevnikov_146841,Maksym Kozhevnikov,3,1,33,21,12,54,2021-11-05 16:30:00,536597
Ihor Kuznetsov_513244275,Ihor Kuznetsov,-2,0,28,43,-15,71,2021-11-05 16:30:00,536598
Lev Kuzyo_1067910499,Lev Kuzyo,2,1,41,24,17,65,2021-11-05 16:35:00,536599
Hryhorii Kulishov_146856,Hryhorii Kulishov,3,1,33,20,13,53,2021-11-05 16:35:00,536600
Yevhenii Kryvorotko_616591828,Yevhenii Kryvorotko,2,1,41,34,7,75,2021-11-05 16:40:00,536601
Oleksandra Tsiupko_146881,Oleksandra Tsiupko,-1,0,43,46,-3,89,2021-11-05 16:40:00,536602
Andrii Skliarenko_146911,Andrii Skliarenko,3,1,33,24,9,57,2021-11-05 16:45:00,536603
Serhii Gergeliuk_193865485,Serhii Gergeliuk,-1,0,47,51,-4,98,2021-11-05 16:45:00,536604
Serhii Ponomarov_147121,Serhii Ponomarov,-2,0,40,44,-4,84,2021-11-05 16:50:00,536605
Pavlo Vasylchuk_290995544,Pavlo Vasylchuk,-1,0,40,46,-6,86,2021-11-05 16:50:00,536606
Tomas Krenek_147240,Tomas Krenek,-3,0,25,34,-9,59,2021-11-05 16:55:00,536607
Serhii Berezynskyi_1821501127,Serhii Berezynskyi,-1,0,43,48,-5,91,2021-11-05 16:55:00,536608
Oleksandr Mishchenko_146922,Oleksandr Mishchenko,1,1,55,44,11,99,2021-11-05 16:55:00,536609
V Selkin_114179,V Selkin,-3,0,15,33,-18,48,2021-11-05 16:59:00,536610
M Minkov_114144,M Minkov,-3,0,24,36,-12,60,2021-11-05 16:59:00,536611
Matej Beran_147032,Matej Beran,-3,0,18,33,-15,51,2021-11-05 17:00:00,536612
Vasyl Kushnir_147505788,Vasyl Kushnir,1,1,47,43,4,90,2021-11-05 17:00:00,536613
Sr. Korp_25591,Sr. Korp,-3,0,26,35,-9,61,2021-11-05 17:00:00,536614
Oleh Ilin_146842,Oleh Ilin,-1,0,42,49,-7,91,2021-11-05 17:00:00,536615
Igor Trydukh_146857,Igor Trydukh,-3,0,24,33,-9,57,2021-11-05 17:05:00,536616
Serhii Kubrak_656719701,Serhii Kubrak,1,1,51,43,8,94,2021-11-05 17:05:00,536617
Anastasiia Kozak_146882,Anastasiia Kozak,-3,0,21,34,-13,55,2021-11-05 17:10:00,536618
Lev Kuzyo_850992980,Lev Kuzyo,3,1,36,27,9,63,2021-11-05 17:10:00,536619
P Medvedev_114145,P Medvedev,3,1,33,18,15,51,2021-11-05 17:12:00,536620
Ir Kim_114180,Ir Kim,2,1,45,38,7,83,2021-11-05 17:13:00,536621
Maksim Ovcharenko_852270886,Maksim Ovcharenko,2,1,42,36,6,78,2021-11-05 17:15:00,536622
Maksym Mrykh_146912,Maksym Mrykh,1,1,47,38,9,85,2021-11-05 17:15:00,536623
Nikita Korbut_629073586,Nikita Korbut,-3,0,14,33,-19,47,2021-11-05 17:20:00,536624
Oleh Chulanov_147122,Oleh Chulanov,-3,0,17,33,-16,50,2021-11-05 17:20:00,536625
A Shabanova_114223,A Shabanova,3,1,34,25,9,59,2021-11-05 17:20:00,536626
Andrii Isaiev_599833234,Andrii Isaiev,1,1,53,50,3,103,2021-11-05 17:25:00,536627
L Boruvka_25546,L Boruvka,-2,0,33,41,-8,74,2021-11-05 17:25:00,536628
Pavlo Babenko_146923,Pavlo Babenko,-3,0,22,33,-11,55,2021-11-05 17:25:00,536629
I Abelmasov_114146,I Abelmasov,-2,0,32,37,-5,69,2021-11-05 17:25:00,536630
Dmytro Kunchurov_146843,Dmytro Kunchurov,-1,0,40,48,-8,88,2021-11-05 17:30:00,536631
Tomas Beran_147033,Tomas Beran,2,1,40,32,8,72,2021-11-05 17:30:00,536632
Roman Rybachuk_879091110,Roman Rybachuk,1,1,51,41,10,92,2021-11-05 17:30:00,536633
Pavlo Khakhamidi_146858,Pavlo Khakhamidi,-1,0,44,43,1,87,2021-11-05 17:35:00,536634
Oleksii Haponov_888271976,Oleksii Haponov,-3,0,24,34,-10,58,2021-11-05 17:35:00,536635
V Selkin_114181,V Selkin,1,1,46,44,2,90,2021-11-05 17:39:00,536636
N Malinina_114224,N Malinina,-1,0,48,52,-4,100,2021-11-05 17:39:00,536637
Anastasiia Mydvetska_146883,Anastasiia Mydvetska,-3,0,23,34,-11,57,2021-11-05 17:40:00,536638
Dmytro Derevinskyi_226343133,Dmytro Derevinskyi,-1,0,48,44,4,92,2021-11-05 17:40:00,536639
Sviatoslav Sachuk_146913,Sviatoslav Sachuk,-2,0,42,46,-4,88,2021-11-05 17:45:00,536640
Maksim Ovcharenko_1324229646,Maksim Ovcharenko,1,1,53,53,0,106,2021-11-05 17:45:00,536641
P Medvedev_114147,P Medvedev,-1,0,49,45,4,94,2021-11-05 17:49:00,536642
Yaroslav Tebenko_147123,Yaroslav Tebenko,2,1,36,36,0,72,2021-11-05 17:50:00,536643
Lev Kuzyo_33928953,Lev Kuzyo,-2,0,33,43,-10,76,2021-11-05 17:50:00,536644
M Parizek_25547,M Parizek,-1,0,43,50,-7,93,2021-11-05 17:51:00,536645
Oleksandr Mishchenko_146924,Oleksandr Mishchenko,2,1,39,36,3,75,2021-11-05 17:55:00,536646
Oleksiy Sapronov_1440043042,Oleksiy Sapronov,1,1,45,43,2,88,2021-11-05 17:55:00,536647
Tomas Beran_147034,Tomas Beran,-1,0,44,49,-5,93,2021-11-05 18:00:00,536648
Artem Tkachenko_1861478208,Artem Tkachenko,2,1,41,30,11,71,2021-11-05 18:00:00,536649
Valerii Davydov_146844,Valerii Davydov,-1,0,34,48,-14,82,2021-11-05 18:00:00,536650
Borys Kostiuk_146859,Borys Kostiuk,-3,0,21,33,-12,54,2021-11-05 18:05:00,536651
Sergii Lugovskyi_1195692935,Sergii Lugovskyi,1,1,52,40,12,92,2021-11-05 18:05:00,536652
A Shabanova_114225,A Shabanova,-2,0,27,38,-11,65,2021-11-05 18:07:00,536653
Nadiia Harmash_146884,Nadiia Harmash,-3,0,12,33,-21,45,2021-11-05 18:10:00,536654
Andrii Hordii_541012296,Andrii Hordii,-1,0,40,52,-12,92,2021-11-05 18:10:00,536655
S Kulikov_114182,S Kulikov,-2,0,36,40,-4,76,2021-11-05 18:14:00,536656
Ihor Kuznetsov_286742486,Ihor Kuznetsov,-3,0,9,33,-24,42,2021-11-05 18:15:00,536657
Maksym Mrykh_146914,Maksym Mrykh,-2,0,30,47,-17,77,2021-11-05 18:15:00,536658
M Minkov_114148,M Minkov,-1,0,46,37,9,83,2021-11-05 18:17:00,536659
Lev Kuzyo_1961020601,Lev Kuzyo,-2,0,32,35,-3,67,2021-11-05 18:20:00,536660
Oleh Chulanov_147124,Oleh Chulanov,2,1,42,26,16,68,2021-11-05 18:20:00,536661
Jo Medek_25548,Jo Medek,2,1,40,29,11,69,2021-11-05 18:22:00,536662
Serhii Tkachev_146925,Serhii Tkachev,2,1,44,34,10,78,2021-11-05 18:25:00,536663
Yevhenii Kryvorotko_1084378591,Yevhenii Kryvorotko,3,1,33,22,11,55,2021-11-05 18:25:00,536664
V Kandybina_114226,V Kandybina,1,1,55,44,11,99,2021-11-05 18:27:00,536665
Nikita Korbut_253887923,Nikita Korbut,-2,0,40,41,-1,81,2021-11-05 18:30:00,536666
Matej Beran_147035,Matej Beran,-1,0,45,51,-6,96,2021-11-05 18:30:00,536667
Maksym Kozhevnikov_146845,Maksym Kozhevnikov,3,1,33,20,13,53,2021-11-05 18:30:00,536668
S Kulikov_114377,S Kulikov,-3,0,29,36,-7,65,2021-11-05 18:35:00,536669
Hryhorii Kulishov_146860,Hryhorii Kulishov,3,1,33,14,19,47,2021-11-05 18:35:00,536670
Pavlo Vasylchuk_2118586665,Pavlo Vasylchuk,-3,0,23,33,-10,56,2021-11-05 18:35:00,536671
Serhii Berezynskyi_1753312351,Serhii Berezynskyi,-1,0,49,50,-1,99,2021-11-05 18:40:00,536672
Oleksandra Tsiupko_146885,Oleksandra Tsiupko,2,1,44,42,2,86,2021-11-05 18:40:00,536673
Yevhen Skorobahatyi_146915,Yevhen Skorobahatyi,-1,0,41,39,2,80,2021-11-05 18:45:00,536674
Ja Boruvka_25549,Ja Boruvka,2,1,42,39,3,81,2021-11-05 18:45:00,536675
Vasyl Kushnir_435501613,Vasyl Kushnir,-1,0,41,44,-3,85,2021-11-05 18:45:00,536676
I Abelmasov_114379,I Abelmasov,-1,0,45,46,-1,91,2021-11-05 18:45:00,536677
Serhii Kubrak_1942524218,Serhii Kubrak,-3,0,25,33,-8,58,2021-11-05 18:50:00,536678
Serhii Ponomarov_147125,Serhii Ponomarov,-2,0,44,48,-4,92,2021-11-05 18:50:00,536679
Maksim Ovcharenko_852450239,Maksim Ovcharenko,2,1,44,38,6,82,2021-11-05 18:55:00,536680
Artem Chepurnyi_146926,Artem Chepurnyi,3,1,36,24,12,60,2021-11-05 18:55:00,536681
V Selkin_114378,V Selkin,-3,0,20,33,-13,53,2021-11-05 19:00:00,536682
Lev Kuzyo_850635029,Lev Kuzyo,-2,0,31,39,-8,70,2021-11-05 19:00:00,536683
Vaclav Ezr_147036,Vaclav Ezr,-3,0,29,39,-10,68,2021-11-05 19:00:00,536684
N Malinina_114381,N Malinina,3,1,33,19,14,52,2021-11-05 19:03:00,536685
Vitalii Krivenko_645961251,Vitalii Krivenko,1,1,47,37,10,84,2021-11-05 19:05:00,536686
Igor Trydukh_146861,Igor Trydukh,-3,0,18,33,-15,51,2021-11-05 19:05:00,536687
Anastasiia Kozak_146886,Anastasiia Kozak,3,1,36,30,6,66,2021-11-05 19:10:00,536688
Andrii Isaiev_1163649411,Andrii Isaiev,3,1,33,17,16,50,2021-11-05 19:10:00,536689
Roman Rybachuk_1492375993,Roman Rybachuk,-3,0,22,35,-13,57,2021-11-05 19:15:00,536690
Andrii Skliarenko_146916,Andrii Skliarenko,2,1,36,27,9,63,2021-11-05 19:15:00,536691
Jo Medek_25550,Jo Medek,-2,0,32,39,-7,71,2021-11-05 19:16:00,536692
A Gerasimov_114380,A Gerasimov,-3,0,19,34,-15,53,2021-11-05 19:16:00,536693
Dmytro Gudimenko_146951,Dmytro Gudimenko,-3,0,22,33,-11,55,2021-11-05 19:20:00,536694
Oleksii Haponov_925636903,Oleksii Haponov,-3,0,23,34,-11,57,2021-11-05 19:20:00,536695
Yaroslav Tebenko_147126,Yaroslav Tebenko,-2,0,23,40,-17,63,2021-11-05 19:20:00,536696
V Kandybina_114382,V Kandybina,-3,0,27,34,-7,61,2021-11-05 19:21:00,536697
Pavlo Babenko_146927,Pavlo Babenko,2,1,41,30,11,71,2021-11-05 19:25:00,536698
Dmytro Derevinskyi_299176065,Dmytro Derevinskyi,1,1,49,44,5,93,2021-11-05 19:25:00,536699
Maksim Ovcharenko_1161169464,Maksim Ovcharenko,2,1,43,37,6,80,2021-11-05 19:30:00,536700
Dmytro Kunchurov_146847,Dmytro Kunchurov,-2,0,40,44,-4,84,2021-11-05 19:30:00,536701
Matej Beran_147037,Matej Beran,2,1,37,37,0,74,2021-11-05 19:30:00,536702
D Tikhnenko_114183,D Tikhnenko,-1,0,46,47,-1,93,2021-11-05 19:30:00,536703
Lev Kuzyo_206941692,Lev Kuzyo,-2,0,35,39,-4,74,2021-11-05 19:35:00,536704
Pavlo Khakhamidi_146862,Pavlo Khakhamidi,-2,0,40,50,-10,90,2021-11-05 19:35:00,536705
Nikita Korbut_489310773,Nikita Korbut,2,1,38,21,17,59,2021-11-05 19:40:00,536706
Anastasiia Mydvetska_146887,Anastasiia Mydvetska,1,1,48,45,3,93,2021-11-05 19:40:00,536707
M Parizek_25551,M Parizek,-3,0,19,33,-14,52,2021-11-05 19:41:00,536708
Sviatoslav Sachuk_146917,Sviatoslav Sachuk,-2,0,36,42,-6,78,2021-11-05 19:45:00,536709
Artem Tkachenko_2063004155,Artem Tkachenko,2,1,43,31,12,74,2021-11-05 19:45:00,536710
V Rahmanov_114227,V Rahmanov,-3,0,24,33,-9,57,2021-11-05 19:45:00,536711
S Nikulin_114149,S Nikulin,-1,0,46,48,-2,94,2021-11-05 19:46:00,536712
Sergii Lugovskyi_521956423,Sergii Lugovskyi,2,1,39,33,6,72,2021-11-05 19:50:00,536713
Oleh Kapeliukha_147127,Oleh Kapeliukha,-2,0,39,42,-3,81,2021-11-05 19:50:00,536714
Artem Yurkov_146952,Artem Yurkov,-1,0,47,50,-3,97,2021-11-05 19:50:00,536715
Oleksandr Mishchenko_146928,Oleksandr Mishchenko,-2,0,37,43,-6,80,2021-11-05 19:55:00,536716
Andrii Hordii_469342177,Andrii Hordii,-2,0,33,42,-9,75,2021-11-05 19:55:00,536717
Ihor Kuznetsov_1738904920,Ihor Kuznetsov,-3,0,21,33,-12,54,2021-11-05 20:00:00,536718
Valerii Davydov_146848,Valerii Davydov,1,1,44,43,1,87,2021-11-05 20:00:00,536719
M Parizek_25592,M Parizek,-1,0,47,56,-9,103,2021-11-05 20:04:00,536720
Borys Kostiuk_146863,Borys Kostiuk,-1,0,43,50,-7,93,2021-11-05 20:05:00,536721
Denys Vakulenko_1708623886,Denys Vakulenko,-3,0,24,33,-9,57,2021-11-05 20:05:00,536722
O Pronin_114184,O Pronin,1,1,50,38,12,88,2021-11-05 20:06:00,536723
Nadiia Harmash_146888,Nadiia Harmash,-2,0,30,43,-13,73,2021-11-05 20:10:00,536724
Vitalii Vovk_1040535004,Vitalii Vovk,-3,0,17,33,-16,50,2021-11-05 20:10:00,536725
A Shirshov_114228,A Shirshov,2,1,41,28,13,69,2021-11-05 20:15:00,536726
Yevhen Skorobahatyi_146918,Yevhen Skorobahatyi,-2,0,36,39,-3,75,2021-11-05 20:15:00,536727
Nikita Korbut_1986113448,Nikita Korbut,-1,0,43,49,-6,92,2021-11-05 20:15:00,536728
Vitalii Protopopov_664723549,Vitalii Protopopov,-1,0,51,58,-7,109,2021-11-05 20:20:00,536729
Dmytro Gudimenko_146953,Dmytro Gudimenko,1,1,46,36,10,82,2021-11-05 20:20:00,536730
Vaclav Ezr_147380,Vaclav Ezr,3,1,33,16,17,49,2021-11-05 20:20:00,536731
N Lyfenko_114150,N Lyfenko,2,1,43,31,12,74,2021-11-05 20:22:00,536732
Serhii Tkachev_146929,Serhii Tkachev,3,1,33,18,15,51,2021-11-05 20:25:00,536733
Serhii Berezynskyi_1408681214,Serhii Berezynskyi,1,1,46,40,6,86,2021-11-05 20:25:00,536734
Nazarii Danyliuk_1881467754,Nazarii Danyliuk,1,1,49,41,8,90,2021-11-05 20:30:00,536735
Maksym Kozhevnikov_146849,Maksym Kozhevnikov,-2,0,27,43,-16,70,2021-11-05 20:30:00,536736
Artem Slashchev_114185,Artem Slashchev,3,1,33,24,9,57,2021-11-05 20:32:00,536737
Spartak Abalmaz_480728219,Spartak Abalmaz,-3,0,22,33,-11,55,2021-11-05 20:35:00,536738
Hryhorii Kulishov_146864,Hryhorii Kulishov,-1,0,51,51,0,102,2021-11-05 20:35:00,536739
Oleh Kapeliukha_147382,Oleh Kapeliukha,-1,0,47,51,-4,98,2021-11-05 20:35:00,536740
Denys Vakulenko_1699047814,Denys Vakulenko,-3,0,22,34,-12,56,2021-11-05 20:40:00,536741
Oleksandra Tsiupko_146889,Oleksandra Tsiupko,-3,0,23,33,-10,56,2021-11-05 20:40:00,536742
Jo Medek_25593,Jo Medek,-1,0,44,52,-8,96,2021-11-05 20:44:00,536743
Anton Riabukhin_1668321112,Anton Riabukhin,-2,0,32,44,-12,76,2021-11-05 20:45:00,536744
Yevhen Skorobahatyi_146919,Yevhen Skorobahatyi,-3,0,21,33,-12,54,2021-11-05 20:45:00,536745
R Homenko_114229,R Homenko,3,1,33,21,12,54,2021-11-05 20:46:00,536746
I Soldatov_114151,I Soldatov,-1,0,43,50,-7,93,2021-11-05 20:47:00,536747
Yurii Kurishchenko_146954,Yurii Kurishchenko,-1,0,42,39,3,81,2021-11-05 20:50:00,536748
Jakub Merta_147381,Jakub Merta,2,1,39,33,6,72,2021-11-05 20:50:00,536749
Vitalii Krivenko_60586030,Vitalii Krivenko,2,1,39,31,8,70,2021-11-05 20:50:00,536750
Artem Chepurnyi_146930,Artem Chepurnyi,2,1,49,41,8,90,2021-11-05 20:55:00,536751
Pavlo Vasylchuk_1727894679,Pavlo Vasylchuk,-2,0,29,43,-14,72,2021-11-05 20:55:00,536752
Illia Semeniuk_1634925018,Illia Semeniuk,2,1,40,34,6,74,2021-11-05 21:00:00,536753
Krystof Prida_147038,Krystof Prida,-2,0,34,42,-8,76,2021-11-05 21:00:00,536754
S Kuzmin_114186,S Kuzmin,2,1,40,35,5,75,2021-11-05 21:02:00,536755
Vasyl Kushnir_2102456376,Vasyl Kushnir,-3,0,23,33,-10,56,2021-11-05 21:05:00,536756
Serhii Kunynets_147383,Serhii Kunynets,3,1,33,21,12,54,2021-11-05 21:05:00,536757
Pavlo Khakhamidi_146865,Pavlo Khakhamidi,-3,0,20,33,-13,53,2021-11-05 21:05:00,536758
Serhii Kubrak_592022935,Serhii Kubrak,3,1,35,25,10,60,2021-11-05 21:10:00,536759
Anastasiia Mydvetska_146890,Anastasiia Mydvetska,3,1,33,17,16,50,2021-11-05 21:10:00,536760
Vitalii Vovk_481793056,Vitalii Vovk,-1,0,41,43,-2,84,2021-11-05 21:15:00,536761
Sviatoslav Sachuk_146920,Sviatoslav Sachuk,-2,0,33,43,-10,76,2021-11-05 21:15:00,536762
V Petrov_114230,V Petrov,-2,0,37,45,-8,82,2021-11-05 21:16:00,536763
Denys Vakulenko_1448883355,Denys Vakulenko,-1,0,40,48,-8,88,2021-11-05 21:20:00,536764
Artem Yurkov_146955,Artem Yurkov,-2,0,39,39,0,78,2021-11-05 21:20:00,536765
V Marshalov_114152,V Marshalov,-1,0,51,49,2,100,2021-11-05 21:20:00,536766
Pavlo Babenko_146931,Pavlo Babenko,-1,0,48,51,-3,99,2021-11-05 21:25:00,536767
Serhii Gergeliuk_1656297711,Serhii Gergeliuk,2,1,42,34,8,76,2021-11-05 21:25:00,536768
Ja Prokupek_25552,Ja Prokupek,2,1,37,29,8,66,2021-11-05 21:29:00,536769
Iulii Khomutovskyi_146851,Iulii Khomutovskyi,2,1,44,26,18,70,2021-11-05 21:30:00,536770
Tomas Vorisek_147039,Tomas Vorisek,1,1,52,50,2,102,2021-11-05 21:30:00,536771
Vitalii Protopopov_664690749,Vitalii Protopopov,1,1,51,49,2,100,2021-11-05 21:30:00,536772
Artem Slashchev_114187,Artem Slashchev,-2,0,39,39,0,78,2021-11-05 21:31:00,536773
Roman Rybachuk_2087160176,Roman Rybachuk,-1,0,48,49,-1,97,2021-11-05 21:35:00,536774
Maksym Marchuk_146866,Maksym Marchuk,-1,0,48,51,-3,99,2021-11-05 21:35:00,536775
Oleksii Haponov_321095138,Oleksii Haponov,-2,0,36,40,-4,76,2021-11-05 21:40:00,536776
Yana Mykhailyk_146891,Yana Mykhailyk,-2,0,32,43,-11,75,2021-11-05 21:40:00,536777
Vitalii Solovei_644912306,Vitalii Solovei,3,1,34,19,15,53,2021-11-05 21:45:00,536778
M Smrcek_25553,M Smrcek,3,1,35,23,12,58,2021-11-05 21:47:00,536779
Anton Riabukhin_1450379268,Anton Riabukhin,-1,0,38,47,-9,85,2021-11-05 21:50:00,536780
Dmytro Gudimenko_146956,Dmytro Gudimenko,-1,0,42,49,-7,91,2021-11-05 21:50:00,536781
R Homenko_114231,R Homenko,-2,0,31,42,-11,73,2021-11-05 21:52:00,536782
Vitalii Vovk_80929927,Vitalii Vovk,-1,0,45,52,-7,97,2021-11-05 21:55:00,536783
Serhii Tkachev_146932,Serhii Tkachev,1,1,54,55,-1,109,2021-11-05 21:55:00,536784
I Soldatov_114153,I Soldatov,2,1,44,40,4,84,2021-11-05 21:59:00,536785
Tomas Vorisek_147040,Tomas Vorisek,-1,0,52,51,1,103,2021-11-05 22:00:00,536786
Dmytro Kunchurov_146852,Dmytro Kunchurov,2,1,43,34,9,77,2021-11-05 22:00:00,536787
Vitalii Krivenko_1744060686,Vitalii Krivenko,1,1,63,54,9,117,2021-11-05 22:00:00,536788
O Pronin_114188,O Pronin,3,1,33,21,12,54,2021-11-05 22:01:00,536789
Ji Bartos_25554,Ji Bartos,3,1,33,22,11,55,2021-11-05 22:05:00,536790
Pavlo Khakhamidi_146867,Pavlo Khakhamidi,1,1,51,41,10,92,2021-11-05 22:05:00,536791
Andrii Isaiev_706864416,Andrii Isaiev,-2,0,30,41,-11,71,2021-11-05 22:05:00,536792
Anastasiia Mydvetska_146892,Anastasiia Mydvetska,2,1,41,37,4,78,2021-11-05 22:10:00,536793
Illia Semeniuk_210678231,Illia Semeniuk,1,1,54,38,16,92,2021-11-05 22:10:00,536794
Vasyl Verbianyi_1236745065,Vasyl Verbianyi,-1,0,55,53,2,108,2021-11-05 22:15:00,536795
A Shirshov_114232,A Shirshov,1,1,48,41,7,89,2021-11-05 22:17:00,536796
Dmytro Derevinskyi_1052609167,Dmytro Derevinskyi,-3,0,31,37,-6,68,2021-11-05 22:20:00,536797
Artem Yurkov_146957,Artem Yurkov,-2,0,31,42,-11,73,2021-11-05 22:20:00,536798
Serhii Chelpanov_146933,Serhii Chelpanov,3,1,36,25,11,61,2021-11-05 22:25:00,536799
Serhii Zemiantsev_500020380,Serhii Zemiantsev,-1,0,40,49,-9,89,2021-11-05 22:25:00,536800
D Tikhnenko_114384,D Tikhnenko,3,1,35,24,11,59,2021-11-05 22:30:00,536801
Denys Vakulenko_1284469986,Denys Vakulenko,3,1,33,21,12,54,2021-11-05 22:30:00,536802
Krystof Prida_147041,Krystof Prida,-2,0,35,43,-8,78,2021-11-05 22:30:00,536803
N Lyfenko_114154,N Lyfenko,-2,0,32,42,-10,74,2021-11-05 22:31:00,536804
D Pazout_25555,D Pazout,-2,0,35,44,-9,79,2021-11-05 22:32:00,536805
Igor Trydukh_146868,Igor Trydukh,-2,0,34,42,-8,76,2021-11-05 22:35:00,536806
Anastasiia Kozak_146893,Anastasiia Kozak,-2,0,29,42,-13,71,2021-11-05 22:40:00,536807
Serhii Berezynskyi_371006815,Serhii Berezynskyi,3,1,40,30,10,70,2021-11-05 22:45:00,536808
Yurii Kurishchenko_146958,Yurii Kurishchenko,-2,0,33,42,-9,75,2021-11-05 22:50:00,536809
Serhii Tkachev_146934,Serhii Tkachev,-2,0,32,39,-7,71,2021-11-05 22:55:00,536810
V Rahmanov_114385,V Rahmanov,2,1,43,34,9,77,2021-11-05 22:55:00,536811
V Marshalov_114387,V Marshalov,3,1,33,21,12,54,2021-11-05 22:56:00,536812
Jan Holan_147042,Jan Holan,1,1,40,40,0,80,2021-11-05 23:00:00,536813
Denys Vakulenko_1448813659,Denys Vakulenko,3,1,33,26,7,59,2021-11-05 23:00:00,536814
Ji Bartos_25556,Ji Bartos,3,1,37,20,17,57,2021-11-05 23:01:00,536815
O Pronin_114383,O Pronin,-3,0,23,35,-12,58,2021-11-05 23:04:00,536816
Serhii Zemiantsev_1298082409,Serhii Zemiantsev,2,1,45,41,4,86,2021-11-05 23:05:00,536817
V Petrov_114386,V Petrov,-3,0,22,34,-12,56,2021-11-05 23:19:00,536818
Dmytro Gudimenko_146959,Dmytro Gudimenko,-2,0,36,42,-6,78,2021-11-05 23:20:00,536819
N Lyfenko_114388,N Lyfenko,1,1,51,52,-1,103,2021-11-05 23:20:00,536820
Oleksandr Mishchenko_146935,Oleksandr Mishchenko,3,1,33,23,10,56,2021-11-05 23:25:00,536821
Krystof Prida_147043,Krystof Prida,-3,0,13,33,-20,46,2021-11-05 23:30:00,536822
M Smrcek_25557,M Smrcek,-1,0,40,53,-13,93,2021-11-05 23:31:00,536823
T Turabekov_114193,T Turabekov,-2,0,40,41,-1,81,2021-11-05 23:32:00,536824
Stepan Nykyforuk_1886065816,Stepan Nykyforuk,1,1,51,41,10,92,2021-11-05 23:35:00,536825
Viktor Trachuk_1544212397,Viktor Trachuk,3,1,33,20,13,53,2021-11-05 23:45:00,536826
T Yusipov_114233,T Yusipov,-3,0,24,33,-9,57,2021-11-05 23:48:00,536827
Viacheslav Isakov_146960,Viacheslav Isakov,2,1,39,32,7,71,2021-11-05 23:50:00,536828
M Minkov_114155,M Minkov,-1,0,36,43,-7,79,2021-11-05 23:55:00,536829
T Turabekov_118648,T Turabekov,1,1,50,47,3,97,2021-11-06 00:00:00,536830
Iryna Ahalakova_155786,Iryna Ahalakova,-2,0,38,44,-6,82,2021-11-06 00:05:00,536831
Denys Vakulenko_1918457686,Denys Vakulenko,-3,0,24,34,-10,58,2021-11-06 00:05:00,536832
Jindrich Pansky_156183,Jindrich Pansky,2,1,40,29,11,69,2021-11-06 00:15:00,536833
A Volkov_118682,A Volkov,2,1,44,39,5,83,2021-11-06 00:15:00,536834
Oleksandr Mykhalus_138890386,Oleksandr Mykhalus,-3,0,18,33,-15,51,2021-11-06 00:15:00,536835
O Kucirek_26559,O Kucirek,-2,0,29,42,-13,71,2021-11-06 00:15:00,536836
V Shirshov_118595,V Shirshov,1,1,49,48,1,97,2021-11-06 00:19:00,536837
Dmytro Gudimenko_155784,Dmytro Gudimenko,1,1,48,52,-4,100,2021-11-06 00:20:00,536838
Oleksandr Gomilko_155801,Oleksandr Gomilko,1,1,59,62,-3,121,2021-11-06 00:25:00,536839
D Ignatev_118649,D Ignatev,3,1,33,19,14,52,2021-11-06 00:31:00,536840
Sergey Filatov_1663107126,Sergey Filatov,-1,0,46,48,-2,94,2021-11-06 00:35:00,536841
Liudmyla Kabakova_155787,Liudmyla Kabakova,-1,0,46,44,2,90,2021-11-06 00:35:00,536842
M Cmunt_26560,M Cmunt,-2,0,37,45,-8,82,2021-11-06 00:36:00,536843
Mykola Treshchetka_1340624682,Mykola Treshchetka,2,1,44,34,10,78,2021-11-06 00:45:00,536844
Martin Stusek_156184,Martin Stusek,-2,0,36,40,-4,76,2021-11-06 00:45:00,536845
Va Ivanov_118683,Va Ivanov,-1,0,45,47,-2,92,2021-11-06 00:48:00,536846
Yurii Kurishchenko_155785,Yurii Kurishchenko,2,1,37,40,-3,77,2021-11-06 00:50:00,536847
A Suntsov_118596,A Suntsov,1,1,46,35,11,81,2021-11-06 00:51:00,536848
Oleksandr Kovalchuk_155897,Oleksandr Kovalchuk,-1,0,48,50,-2,98,2021-11-06 00:55:00,536849
S Ogai_118650,S Ogai,-1,0,41,51,-10,92,2021-11-06 01:01:00,536850
Davyd Symonchuk_1606413293,Davyd Symonchuk,1,1,44,43,1,87,2021-11-06 01:05:00,536851
Hanna Babii_155788,Hanna Babii,-3,0,14,33,-19,47,2021-11-06 01:05:00,536852
Oleh Formaziuk_885917064,Oleh Formaziuk,2,1,44,32,12,76,2021-11-06 01:15:00,536853
A Gerasimov_118597,A Gerasimov,2,1,41,40,1,81,2021-11-06 01:18:00,536854
P Bondarenko_118684,P Bondarenko,-2,0,41,50,-9,91,2021-11-06 01:20:00,536855
Viacheslav Isakov_155803,Viacheslav Isakov,3,1,38,32,6,70,2021-11-06 01:25:00,536856
T Turabekov_118651,T Turabekov,1,1,49,44,5,93,2021-11-06 01:34:00,536857
Liudmyla Kabakova_155789,Liudmyla Kabakova,-3,0,17,33,-16,50,2021-11-06 01:35:00,536858
Denys Vakulenko_958504716,Denys Vakulenko,-2,0,39,40,-1,79,2021-11-06 01:35:00,536859
Oleksandr Mykhalus_584374630,Oleksandr Mykhalus,-3,0,12,33,-21,45,2021-11-06 01:45:00,536860
A Volkov_118685,A Volkov,2,1,40,28,12,68,2021-11-06 01:49:00,536861
V Shirshov_118598,V Shirshov,-2,0,33,40,-7,73,2021-11-06 01:49:00,536862
Oleksandr Kovalchuk_155898,Oleksandr Kovalchuk,2,1,36,29,7,65,2021-11-06 01:55:00,536863
S Ogai_118652,S Ogai,1,1,50,49,1,99,2021-11-06 02:02:00,536864
Iryna Ahalakova_155790,Iryna Ahalakova,-2,0,31,42,-11,73,2021-11-06 02:05:00,536865
Sergey Filatov_1653283431,Sergey Filatov,3,1,34,18,16,52,2021-11-06 02:05:00,536866
Mykola Treshchetka_216834377,Mykola Treshchetka,-3,0,14,33,-19,47,2021-11-06 02:15:00,536867
A Gerasimov_118599,A Gerasimov,2,1,36,33,3,69,2021-11-06 02:16:00,536868
P Bondarenko_118686,P Bondarenko,-1,0,42,45,-3,87,2021-11-06 02:17:00,536869
Oleksandr Gomilko_155805,Oleksandr Gomilko,1,1,49,44,5,93,2021-11-06 02:25:00,536870
N Sukharnikov_118653,N Sukharnikov,-3,0,23,33,-10,56,2021-11-06 02:32:00,536871
Davyd Symonchuk_1828350375,Davyd Symonchuk,-1,0,49,45,4,94,2021-11-06 02:35:00,536872
Iryna Tiutiunyk_155791,Iryna Tiutiunyk,-2,0,38,47,-9,85,2021-11-06 02:35:00,536873
Oleh Formaziuk_1648818858,Oleh Formaziuk,1,1,45,47,-2,92,2021-11-06 02:45:00,536874
D Evlahin_118600,D Evlahin,1,1,47,47,0,94,2021-11-06 02:47:00,536875
N Zhurba_118687,N Zhurba,2,1,35,33,2,68,2021-11-06 02:49:00,536876
Oleksandr Liushnia_155806,Oleksandr Liushnia,-1,0,46,50,-4,96,2021-11-06 02:55:00,536877
D Ignatev_118654,D Ignatev,1,1,49,44,5,93,2021-11-06 03:02:00,536878
Denys Vakulenko_2060770573,Denys Vakulenko,-1,0,48,52,-4,100,2021-11-06 03:05:00,536879
Hanna Babii_155792,Hanna Babii,1,1,53,50,3,103,2021-11-06 03:05:00,536880
Oleksandr Mykhalus_248232253,Oleksandr Mykhalus,-3,0,21,33,-12,54,2021-11-06 03:15:00,536881
Va Ivanov_118688,Va Ivanov,2,1,46,42,4,88,2021-11-06 03:16:00,536882
A Suntsov_118601,A Suntsov,2,1,40,26,14,66,2021-11-06 03:17:00,536883
Viacheslav Isakov_155807,Viacheslav Isakov,-1,0,44,42,2,86,2021-11-06 03:25:00,536884
Liudmyla Kabakova_155793,Liudmyla Kabakova,2,1,48,42,6,90,2021-11-06 03:35:00,536885
Mykola Lytvynenko_1427990862,Mykola Lytvynenko,-2,0,34,38,-4,72,2021-11-06 03:35:00,536886
R Pavlenko_118655,R Pavlenko,1,1,48,44,4,92,2021-11-06 03:36:00,536887
E Ilyukhin_118602,E Ilyukhin,3,1,33,13,20,46,2021-11-06 03:45:00,536888
Maxim Naumchuk_111280993,Maxim Naumchuk,2,1,42,33,9,75,2021-11-06 03:45:00,536889
A Serebrennikov_118689,A Serebrennikov,2,1,39,33,6,72,2021-11-06 03:52:00,536890
Oleksandr Kovalchuk_155899,Oleksandr Kovalchuk,1,1,49,42,7,91,2021-11-06 03:55:00,536891
N Sukharnikov_118656,N Sukharnikov,-2,0,31,42,-11,73,2021-11-06 04:04:00,536892
Iryna Ahalakova_155794,Iryna Ahalakova,-3,0,27,36,-9,63,2021-11-06 04:05:00,536893
Sergey Filatov_1663821591,Sergey Filatov,-3,0,23,34,-11,57,2021-11-06 04:05:00,536894
Mykola Treshchetka_1695111068,Mykola Treshchetka,3,1,33,11,22,44,2021-11-06 04:15:00,536895
D Evlahin_118603,D Evlahin,1,1,46,39,7,85,2021-11-06 04:16:00,536896
N Zhurba_118690,N Zhurba,-1,0,41,49,-8,90,2021-11-06 04:19:00,536897
Oleksandr Gomilko_155809,Oleksandr Gomilko,1,1,41,45,-4,86,2021-11-06 04:25:00,536898
S Ogai_118878,S Ogai,-2,0,38,38,0,76,2021-11-06 04:32:00,536899
Iryna Tiutiunyk_155795,Iryna Tiutiunyk,1,1,52,45,7,97,2021-11-06 04:35:00,536900
Denys Vakulenko_2061086513,Denys Vakulenko,1,1,48,39,9,87,2021-11-06 04:35:00,536901
Maksym Skhabovskyi_1463013452,Maksym Skhabovskyi,-2,0,34,46,-12,80,2021-11-06 04:45:00,536902
E Ilyukhin_118880,E Ilyukhin,1,1,46,45,1,91,2021-11-06 04:46:00,536903
A Volkov_118882,A Volkov,-3,0,18,33,-15,51,2021-11-06 04:48:00,536904
Oleksandr Liushnia_155810,Oleksandr Liushnia,2,1,37,30,7,67,2021-11-06 04:55:00,536905
T Turabekov_118879,T Turabekov,-1,0,51,55,-4,106,2021-11-06 05:01:00,536906
Hanna Babii_155796,Hanna Babii,-3,0,14,33,-19,47,2021-11-06 05:05:00,536907
Davyd Symonchuk_1828670539,Davyd Symonchuk,-2,0,32,37,-5,69,2021-11-06 05:05:00,536908
A Serebrennikov_118883,A Serebrennikov,2,1,40,36,4,76,2021-11-06 05:15:00,536909
Mykola Treshchetka_603699810,Mykola Treshchetka,2,1,40,34,6,74,2021-11-06 05:15:00,536910
D Evlahin_118881,D Evlahin,-3,0,23,33,-10,56,2021-11-06 05:20:00,536911
Viacheslav Isakov_155811,Viacheslav Isakov,-1,0,44,40,4,84,2021-11-06 05:25:00,536912
Iryna Ahalakova_155797,Iryna Ahalakova,2,1,40,31,9,71,2021-11-06 05:35:00,536913
Oleksandr Gomilko_155900,Oleksandr Gomilko,-3,0,21,33,-12,54,2021-11-06 05:55:00,536914
Anastasiia Havelia_155798,Anastasiia Havelia,1,1,51,49,2,100,2021-11-06 06:05:00,536915
Ruslan Solomko_155813,Ruslan Solomko,-2,0,27,41,-14,68,2021-11-06 06:25:00,536916
Iryna Ahalakova_155799,Iryna Ahalakova,-3,0,18,33,-15,51,2021-11-06 06:35:00,536917
Oleksandr Gomilko_155814,Oleksandr Gomilko,-2,0,36,37,-1,73,2021-11-06 06:55:00,536918
Liudmyla Kabakova_155800,Liudmyla Kabakova,3,1,33,23,10,56,2021-11-06 07:05:00,536919
Oleksandr Kovalchuk_155901,Oleksandr Kovalchuk,-2,0,34,40,-6,74,2021-11-06 07:25:00,536920
G Karpovkin_118780,G Karpovkin,3,1,35,28,7,63,2021-11-06 07:33:00,536921
I Poletaev_118657,I Poletaev,-1,0,47,51,-4,98,2021-11-06 07:47:00,536922
Vadym Komar_2128366992,Vadym Komar,-3,0,23,36,-13,59,2021-11-06 07:50:00,536923
Andrii Nakliutskyi_155912,Andrii Nakliutskyi,3,1,33,23,10,56,2021-11-06 07:50:00,536924
I Poletaev_118814,I Poletaev,2,1,37,31,6,68,2021-11-06 07:55:00,536925
Konstantin Makarchuk_1448727789,Konstantin Makarchuk,-1,0,43,52,-9,95,2021-11-06 07:55:00,536926
N Lyfenko_118738,N Lyfenko,-3,0,15,35,-20,50,2021-11-06 07:57:00,536927
Oleh Yurenev_155922,Oleh Yurenev,1,1,49,42,7,91,2021-11-06 08:00:00,536928
O Belugin_118781,O Belugin,2,1,39,35,4,74,2021-11-06 08:00:00,536929
Roman Bilykivskyi_155937,Roman Bilykivskyi,-2,0,43,51,-8,94,2021-11-06 08:05:00,536930
Yuliia Tryhub_155952,Yuliia Tryhub,2,1,42,28,14,70,2021-11-06 08:10:00,536931
Nazar Mosiuk_155967,Nazar Mosiuk,2,1,41,36,5,77,2021-11-06 08:15:00,536932
S Simonov_118815,S Simonov,1,1,51,47,4,98,2021-11-06 08:16:00,536933
S Nikulin_118739,S Nikulin,-3,0,29,36,-7,65,2021-11-06 08:19:00,536934
Stanislav Nikolenko_155913,Stanislav Nikolenko,-1,0,40,40,0,80,2021-11-06 08:20:00,536935
Oleh Stasevskyi_1087805050,Oleh Stasevskyi,-1,0,49,52,-3,101,2021-11-06 08:25:00,536936
Oleh Pereguda_155923,Oleh Pereguda,3,1,35,26,9,61,2021-11-06 08:30:00,536937
P Vshivkov_118782,P Vshivkov,-1,0,36,47,-11,83,2021-11-06 08:30:00,536938
Bohdan Zaika_430544710,Bohdan Zaika,-1,0,51,47,4,98,2021-11-06 08:30:00,536939
Dmytro Hrosov_155938,Dmytro Hrosov,-1,0,41,48,-7,89,2021-11-06 08:35:00,536940
Yurii Volkov_2015478072,Yurii Volkov,-1,0,56,53,3,109,2021-11-06 08:35:00,536941
Alina Bohdanova_155953,Alina Bohdanova,2,1,40,28,12,68,2021-11-06 08:40:00,536942
Kyrylo Yehorov_1068843164,Kyrylo Yehorov,1,1,54,53,1,107,2021-11-06 08:40:00,536943
Volodymyr Chornobab_155968,Volodymyr Chornobab,1,1,50,46,4,96,2021-11-06 08:45:00,536944
Serhii Hilitukha_612578845,Serhii Hilitukha,-1,0,36,48,-12,84,2021-11-06 08:45:00,536945
D Petrochenko_118740,D Petrochenko,2,1,43,36,7,79,2021-11-06 08:47:00,536946
Andrii Dombrovskyi_155979,Andrii Dombrovskyi,1,1,51,46,5,97,2021-11-06 08:50:00,536947
Andrii Nakliutskyi_155914,Andrii Nakliutskyi,1,1,43,39,4,82,2021-11-06 08:50:00,536948
Nazarii Kovalchuk_2023918482,Nazarii Kovalchuk,2,1,43,30,13,73,2021-11-06 08:50:00,536949
V Tsvetkov_118816,V Tsvetkov,-1,0,41,50,-9,91,2021-11-06 08:51:00,536950
Pavlo Zaderei_762314600,Pavlo Zaderei,1,1,49,50,-1,99,2021-11-06 08:55:00,536951
Artem Lisechko_155994,Artem Lisechko,-1,0,47,51,-4,98,2021-11-06 08:55:00,536952
Vadym Grushko_606914535,Vadym Grushko,3,1,33,16,17,49,2021-11-06 08:55:00,536953
Ihor Petrivskyi_156009,Ihor Petrivskyi,2,1,40,36,4,76,2021-11-06 09:00:00,536954
Frantisek Korenek_156144,Frantisek Korenek,-2,0,37,43,-6,80,2021-11-06 09:00:00,536955
Stefan Yakimenko_155924,Stefan Yakimenko,1,1,51,41,10,92,2021-11-06 09:00:00,536956
Serhii Kubrak_2081134814,Serhii Kubrak,-3,0,20,34,-14,54,2021-11-06 09:00:00,536957
M Flanderka_26531,M Flanderka,-1,0,49,51,-2,100,2021-11-06 09:02:00,536958
I Sergeevich_118783,I Sergeevich,-1,0,47,44,3,91,2021-11-06 09:02:00,536959
Serhii Bohach_155939,Serhii Bohach,2,1,42,26,16,68,2021-11-06 09:05:00,536960
Illia Yanishevskiy_558574744,Illia Yanishevskiy,1,1,49,40,9,89,2021-11-06 09:05:00,536961
Anastasiia Mydvetska_155954,Anastasiia Mydvetska,3,1,33,19,14,52,2021-11-06 09:10:00,536962
Anton Myrza_1823517544,Anton Myrza,1,1,50,44,6,94,2021-11-06 09:10:00,536963
Yevhenii Holoborodko_1709156735,Yevhenii Holoborodko,-1,0,36,51,-15,87,2021-11-06 09:15:00,536964
Volodymyr Chornobab_155969,Volodymyr Chornobab,1,1,49,40,9,89,2021-11-06 09:15:00,536965
Yu Gavrilov_118817,Yu Gavrilov,3,1,33,16,17,49,2021-11-06 09:18:00,536966
D Razinkov_118741,D Razinkov,-2,0,34,43,-9,77,2021-11-06 09:19:00,536967
Andrii Tsikhotskyi_1628957713,Andrii Tsikhotskyi,2,1,39,30,9,69,2021-11-06 09:20:00,536968
Serhii Rak_155915,Serhii Rak,2,1,37,34,3,71,2021-11-06 09:20:00,536969
Valeriy Vlasenko_155980,Valeriy Vlasenko,1,1,49,45,4,94,2021-11-06 09:20:00,536970
Andrii Peretiatko_155995,Andrii Peretiatko,3,1,33,24,9,57,2021-11-06 09:25:00,536971
Andrii Hordii_2114577897,Andrii Hordii,-1,0,43,51,-8,94,2021-11-06 09:25:00,536972
Andriy Bugay_756569015,Andriy Bugay,2,1,45,36,9,81,2021-11-06 09:30:00,536973
Anatolii Nikolenko_156010,Anatolii Nikolenko,1,1,51,54,-3,105,2021-11-06 09:30:00,536974
Ondrej Konvalinka_156145,Ondrej Konvalinka,1,1,42,45,-3,87,2021-11-06 09:30:00,536975
Andrii Kostiuk_281787277,Andrii Kostiuk,-2,0,34,45,-11,79,2021-11-06 09:30:00,536976
Oleh Pereguda_155925,Oleh Pereguda,1,1,52,52,0,104,2021-11-06 09:30:00,536977
Dmytro Hrosov_155940,Dmytro Hrosov,-2,0,31,41,-10,72,2021-11-06 09:35:00,536978
Oleh Stasevskyi_1373603199,Oleh Stasevskyi,-1,0,45,54,-9,99,2021-11-06 09:35:00,536979
F Just_26532,F Just,1,1,53,45,8,98,2021-11-06 09:36:00,536980
P Vshivkov_118784,P Vshivkov,1,1,44,48,-4,92,2021-11-06 09:36:00,536981
Bohdan Zaika_157303818,Bohdan Zaika,-2,0,37,44,-7,81,2021-11-06 09:40:00,536982
Alina Bohdanova_155955,Alina Bohdanova,1,1,50,32,18,82,2021-11-06 09:40:00,536983
Nazar Mosiuk_155970,Nazar Mosiuk,-1,0,41,48,-7,89,2021-11-06 09:45:00,536984
Yurii Volkov_2088874598,Yurii Volkov,-3,0,25,33,-8,58,2021-11-06 09:45:00,536985
V Tsvetkov_118818,V Tsvetkov,-3,0,21,33,-12,54,2021-11-06 09:46:00,536986
Ivan Fedoryshyn_155981,Ivan Fedoryshyn,-2,0,37,42,-5,79,2021-11-06 09:50:00,536987
Kyrylo Yehorov_1900471733,Kyrylo Yehorov,2,1,42,31,11,73,2021-11-06 09:50:00,536988
Stanislav Nikolenko_155916,Stanislav Nikolenko,1,1,48,50,-2,98,2021-11-06 09:50:00,536989
D Petrochenko_118742,D Petrochenko,2,1,41,35,6,76,2021-11-06 09:52:00,536990
Serhii Hilitukha_1826689501,Serhii Hilitukha,2,1,41,31,10,72,2021-11-06 09:55:00,536991
Oleksandr Shapoval_155996,Oleksandr Shapoval,3,1,34,23,11,57,2021-11-06 09:55:00,536992
Oleh Yurenev_155926,Oleh Yurenev,2,1,39,26,13,65,2021-11-06 10:00:00,536993
Nazarii Kovalchuk_1107932366,Nazarii Kovalchuk,-1,0,50,46,4,96,2021-11-06 10:00:00,536994
Ihor Petrivskyi_156011,Ihor Petrivskyi,1,1,45,46,-1,91,2021-11-06 10:00:00,536995
Ondrej Konvalinka_156146,Ondrej Konvalinka,2,1,38,27,11,65,2021-11-06 10:00:00,536996
Roman Bilykivskyi_155941,Roman Bilykivskyi,2,1,36,29,7,65,2021-11-06 10:05:00,536997
Pavlo Zaderei_453423967,Pavlo Zaderei,-2,0,37,37,0,74,2021-11-06 10:05:00,536998
Vadym Grushko_720389052,Vadym Grushko,-2,0,30,40,-10,70,2021-11-06 10:05:00,536999
O Belugin_118785,O Belugin,-1,0,52,57,-5,109,2021-11-06 10:10:00,537000
Yuliia Tryhub_155956,Yuliia Tryhub,-2,0,35,40,-5,75,2021-11-06 10:10:00,537001
Jo Belovsky_26533,Jo Belovsky,-2,0,23,40,-17,63,2021-11-06 10:10:00,537002
Vadym Komar_1321510894,Vadym Komar,1,1,66,65,1,131,2021-11-06 10:10:00,537003
S Simonov_118819,S Simonov,-2,0,31,44,-13,75,2021-11-06 10:15:00,537004
Konstantin Makarchuk_530369782,Konstantin Makarchuk,-1,0,50,54,-4,104,2021-11-06 10:15:00,537005
Vadym Bochkovskyi_155971,Vadym Bochkovskyi,3,1,35,24,11,59,2021-11-06 10:15:00,537006
Andrii Nakliutskyi_155917,Andrii Nakliutskyi,2,1,41,36,5,77,2021-11-06 10:20:00,537007
S Nikulin_118743,S Nikulin,2,1,45,35,10,80,2021-11-06 10:20:00,537008
Roman Sukhomlyn_698605239,Roman Sukhomlyn,3,1,33,14,19,47,2021-11-06 10:20:00,537009
Valeriy Vlasenko_155982,Valeriy Vlasenko,-3,0,19,33,-14,52,2021-11-06 10:20:00,537010
Yevhenii Holoborodko_1588373536,Yevhenii Holoborodko,-3,0,23,33,-10,56,2021-11-06 10:25:00,537011
Andrii Peretiatko_155997,Andrii Peretiatko,1,1,48,46,2,94,2021-11-06 10:25:00,537012
Vadym Kucheriavyi_155927,Vadym Kucheriavyi,2,1,42,35,7,77,2021-11-06 10:30:00,537013
Andrii Tsikhotskyi_809868223,Andrii Tsikhotskyi,3,1,33,10,23,43,2021-11-06 10:30:00,537014
Frantisek Korenek_156147,Frantisek Korenek,-3,0,20,33,-13,53,2021-11-06 10:30:00,537015
Vasyl Lutskyi_156012,Vasyl Lutskyi,2,1,39,28,11,67,2021-11-06 10:30:00,537016
V Havlicek_26534,V Havlicek,-1,0,48,54,-6,102,2021-11-06 10:31:00,537017
Valerii Lukianevych_155942,Valerii Lukianevych,-3,0,27,34,-7,61,2021-11-06 10:35:00,537018
Vasyl Kushnir_1147945664,Vasyl Kushnir,2,1,39,35,4,74,2021-11-06 10:35:00,537019
Oleksandra Tsiupko_155957,Oleksandra Tsiupko,-1,0,47,46,1,93,2021-11-06 10:40:00,537020
Andriy Bugay_72758297,Andriy Bugay,-2,0,31,39,-8,70,2021-11-06 10:40:00,537021
Dmytro Alekseenko_1765516797,Dmytro Alekseenko,2,1,39,26,13,65,2021-11-06 10:40:00,537022
I Sergeevich_118892,I Sergeevich,1,1,49,55,-6,104,2021-11-06 10:42:00,537023
Serhii Pokidko_2129129034,Serhii Pokidko,-2,0,36,37,-1,73,2021-11-06 10:45:00,537024
Nazar Mosiuk_155972,Nazar Mosiuk,1,1,44,46,-2,90,2021-11-06 10:45:00,537025
V Tsvetkov_118890,V Tsvetkov,2,1,38,31,7,69,2021-11-06 10:46:00,537026
Andrii Dombrovskyi_155983,Andrii Dombrovskyi,-2,0,32,42,-10,74,2021-11-06 10:50:00,537027
Pavlo Vasylchuk_568011307,Pavlo Vasylchuk,-3,0,28,35,-7,63,2021-11-06 10:50:00,537028
Stanislav Nikolenko_155918,Stanislav Nikolenko,2,1,40,33,7,73,2021-11-06 10:50:00,537029
N Lyfenko_118894,N Lyfenko,-1,0,54,57,-3,111,2021-11-06 10:51:00,537030
Anton Myrza_1054918350,Anton Myrza,1,1,51,45,6,96,2021-11-06 10:55:00,537031
Artem Lisechko_155998,Artem Lisechko,1,1,51,46,5,97,2021-11-06 10:55:00,537032
Kyrylo Yehorov_1189522681,Kyrylo Yehorov,-1,0,48,49,-1,97,2021-11-06 11:00:00,537033
Stefan Yakimenko_155928,Stefan Yakimenko,1,1,54,46,8,100,2021-11-06 11:00:00,537034
Anatolii Nikolenko_156013,Anatolii Nikolenko,-1,0,41,45,-4,86,2021-11-06 11:00:00,537035
Miloslav Kuba_156148,Miloslav Kuba,-2,0,35,38,-3,73,2021-11-06 11:00:00,537036
Serhii Bohach_155943,Serhii Bohach,1,1,47,46,1,93,2021-11-06 11:05:00,537037
Serhii Hilitukha_1061197950,Serhii Hilitukha,3,1,33,14,19,47,2021-11-06 11:05:00,537038
Jo Belovsky_26535,Jo Belovsky,-1,0,44,50,-6,94,2021-11-06 11:06:00,537039
Andrii Hordii_1123917954,Andrii Hordii,1,1,55,41,14,96,2021-11-06 11:10:00,537040
Anastasiia Mydvetska_155958,Anastasiia Mydvetska,2,1,50,37,13,87,2021-11-06 11:10:00,537041
Yu Gavrilov_118891,Yu Gavrilov,2,1,41,32,9,73,2021-11-06 11:15:00,537042
Roman Zholubak_155973,Roman Zholubak,3,1,33,19,14,52,2021-11-06 11:15:00,537043
Andrii Kostiuk_423387615,Andrii Kostiuk,-2,0,34,36,-2,70,2021-11-06 11:15:00,537044
Pavlo Zaderei_1264929838,Pavlo Zaderei,-2,0,29,40,-11,69,2021-11-06 11:15:00,537045
Serhii Kubrak_1770110465,Serhii Kubrak,-1,0,42,48,-6,90,2021-11-06 11:20:00,537046
Serhii Rak_155919,Serhii Rak,-1,0,45,42,3,87,2021-11-06 11:20:00,537047
Yurii Kurishchenko_155984,Yurii Kurishchenko,1,1,50,50,0,100,2021-11-06 11:20:00,537048
Maksym Balakiriev_155999,Maksym Balakiriev,1,1,53,49,4,102,2021-11-06 11:25:00,537049
Illia Yanishevskiy_1271806055,Illia Yanishevskiy,-3,0,19,34,-15,53,2021-11-06 11:25:00,537050
O Belugin_118893,O Belugin,-1,0,43,53,-10,96,2021-11-06 11:27:00,537051
Yurii Volkov_1747337792,Yurii Volkov,2,1,35,32,3,67,2021-11-06 11:30:00,537052
Ihor Petrivskyi_156014,Ihor Petrivskyi,-2,0,28,43,-15,71,2021-11-06 11:30:00,537053
Oleh Pereguda_155929,Oleh Pereguda,-2,0,37,44,-7,81,2021-11-06 11:30:00,537054
S Nikulin_118895,S Nikulin,1,1,53,44,9,97,2021-11-06 11:30:00,537055
Frantisek Korenek_156149,Frantisek Korenek,-2,0,29,39,-10,68,2021-11-06 11:30:00,537056
Dmytro Hrosov_155944,Dmytro Hrosov,2,1,40,29,11,69,2021-11-06 11:35:00,537057
Nikita Korbut_123714659,Nikita Korbut,2,1,42,37,5,79,2021-11-06 11:35:00,537058
F Just_26536,F Just,2,1,43,33,10,76,2021-11-06 11:36:00,537059
Alina Bohdanova_155959,Alina Bohdanova,2,1,42,33,9,75,2021-11-06 11:40:00,537060
Roman Vashchuk_1708164830,Roman Vashchuk,-1,0,49,47,2,96,2021-11-06 11:40:00,537061
Nazarii Kovalchuk_1436007706,Nazarii Kovalchuk,1,1,46,46,0,92,2021-11-06 11:45:00,537062
Volodymyr Chornobab_155974,Volodymyr Chornobab,-2,0,39,46,-7,85,2021-11-06 11:45:00,537063
M Cheklin_118820,M Cheklin,3,1,33,17,16,50,2021-11-06 11:45:00,537064
Aleksandr Redkov_1767569779,Aleksandr Redkov,2,1,43,30,13,73,2021-11-06 11:50:00,537065
Ivan Fedoryshyn_155985,Ivan Fedoryshyn,2,1,41,34,7,75,2021-11-06 11:50:00,537066
Andrii Nakliutskyi_155920,Andrii Nakliutskyi,-2,0,36,44,-8,80,2021-11-06 11:50:00,537067
Vadym Grushko_1445400069,Vadym Grushko,-2,0,35,40,-5,75,2021-11-06 11:50:00,537068
Oleh Stasevskyi_1879881732,Oleh Stasevskyi,1,1,52,47,5,99,2021-11-06 11:55:00,537069
Yu Lbov_118786,Yu Lbov,3,1,33,21,12,54,2021-11-06 11:55:00,537070
Oleksandr Shapoval_156000,Oleksandr Shapoval,3,1,33,18,15,51,2021-11-06 11:55:00,537071
Anatolii Nikolenko_156015,Anatolii Nikolenko,3,1,35,25,10,60,2021-11-06 12:00:00,537072
Bohdan Zaika_1498569600,Bohdan Zaika,3,1,35,19,16,54,2021-11-06 12:00:00,537073
Oleh Yurenev_155930,Oleh Yurenev,-3,0,19,33,-14,52,2021-11-06 12:00:00,537074
O Kutuzov_118744,O Kutuzov,3,1,33,21,12,54,2021-11-06 12:00:00,537075
Miloslav Kuba_156199,Miloslav Kuba,2,1,39,27,12,66,2021-11-06 12:05:00,537076
Roman Bilykivskyi_155945,Roman Bilykivskyi,1,1,50,43,7,93,2021-11-06 12:05:00,537077
Roman Sukhomlyn_1410111004,Roman Sukhomlyn,-3,0,24,33,-9,57,2021-11-06 12:05:00,537078
Yevhenii Holoborodko_1823884770,Yevhenii Holoborodko,-1,0,52,53,-1,105,2021-11-06 12:10:00,537079
Yuliia Tryhub_155960,Yuliia Tryhub,-1,0,41,43,-2,84,2021-11-06 12:10:00,537080
Jo Belovsky_26561,Jo Belovsky,-3,0,22,33,-11,55,2021-11-06 12:11:00,537081
A Zirin_118787,A Zirin,1,1,42,46,-4,88,2021-11-06 12:12:00,537082
V Evlampiev_118821,V Evlampiev,-2,0,37,44,-7,81,2021-11-06 12:15:00,537083
Andrii Tsikhotskyi_1630101209,Andrii Tsikhotskyi,3,1,33,15,18,48,2021-11-06 12:15:00,537084
Vadym Bochkovskyi_155975,Vadym Bochkovskyi,-2,0,31,40,-9,71,2021-11-06 12:15:00,537085
V Beliakov_118745,V Beliakov,-1,0,41,50,-9,91,2021-11-06 12:18:00,537086
Vasyl Kushnir_2023519424,Vasyl Kushnir,3,1,33,17,16,50,2021-11-06 12:20:00,537087
Valeriy Vlasenko_155986,Valeriy Vlasenko,-2,0,36,39,-3,75,2021-11-06 12:20:00,537088
Volodymyr Korobko_155921,Volodymyr Korobko,-2,0,38,50,-12,88,2021-11-06 12:20:00,537089
Andrii Peretiatko_156001,Andrii Peretiatko,3,1,34,20,14,54,2021-11-06 12:25:00,537090
Pavlo Zaderei_421623410,Pavlo Zaderei,1,1,48,40,8,88,2021-11-06 12:25:00,537091
Dmytro Alekseenko_1836676071,Dmytro Alekseenko,2,1,44,40,4,84,2021-11-06 12:25:00,537092
Vadym Kucheriavyi_155931,Vadym Kucheriavyi,-1,0,52,52,0,104,2021-11-06 12:30:00,537093
V Havlicek_26562,V Havlicek,-3,0,16,33,-17,49,2021-11-06 12:30:00,537094
Vadym Komar_1733344233,Vadym Komar,-2,0,34,43,-9,77,2021-11-06 12:30:00,537095
Vasyl Lutskyi_156016,Vasyl Lutskyi,1,1,51,44,7,95,2021-11-06 12:30:00,537096
Konstantin Makarchuk_884378755,Konstantin Makarchuk,-3,0,20,33,-13,53,2021-11-06 12:35:00,537097
Marek Kulisek_156200,Marek Kulisek,-1,0,41,44,-3,85,2021-11-06 12:35:00,537098
Valerii Lukianevych_155946,Valerii Lukianevych,1,1,46,40,6,86,2021-11-06 12:35:00,537099
Oleksandra Tsiupko_155961,Oleksandra Tsiupko,-3,0,18,33,-15,51,2021-11-06 12:40:00,537100
Anton Myrza_1701265162,Anton Myrza,2,1,37,37,0,74,2021-11-06 12:40:00,537101
Kyrylo Yehorov_2083837301,Kyrylo Yehorov,1,1,47,43,4,90,2021-11-06 12:45:00,537102
Roman Zholubak_155976,Roman Zholubak,3,1,34,23,11,57,2021-11-06 12:45:00,537103
V Kutin_118788,V Kutin,-3,0,16,33,-17,49,2021-11-06 12:46:00,537104
A Libatskii_118822,A Libatskii,-2,0,32,38,-6,70,2021-11-06 12:48:00,537105
Andrii Dombrovskyi_155987,Andrii Dombrovskyi,2,1,40,34,6,74,2021-11-06 12:50:00,537106
Serhii Hilitukha_221999902,Serhii Hilitukha,2,1,40,29,11,69,2021-11-06 12:50:00,537107
V Shirshov_118746,V Shirshov,1,1,54,51,3,105,2021-11-06 12:52:00,537108
Andrii Hordii_328171230,Andrii Hordii,-3,0,14,33,-19,47,2021-11-06 12:55:00,537109
Artem Lisechko_156002,Artem Lisechko,2,1,49,42,7,91,2021-11-06 12:55:00,537110
Stanislav Nikolenko_156201,Stanislav Nikolenko,1,1,45,46,-1,91,2021-11-06 13:00:00,537111
Stefan Yakimenko_155932,Stefan Yakimenko,-2,0,28,38,-10,66,2021-11-06 13:00:00,537112
K Brozik_26537,K Brozik,3,1,33,20,13,53,2021-11-06 13:00:00,537113
Andriy Bugay_658511669,Andriy Bugay,-2,0,33,41,-8,74,2021-11-06 13:00:00,537114
Andrii Kostiuk_1644456818,Andrii Kostiuk,-3,0,24,33,-9,57,2021-11-06 13:00:00,537115
Ihor Petrivskyi_156017,Ihor Petrivskyi,-3,0,27,34,-7,61,2021-11-06 13:00:00,537116
Ludek Pych_156150,Ludek Pych,-3,0,14,34,-20,48,2021-11-06 13:00:00,537117
Serhii Pokidko_776106960,Serhii Pokidko,-2,0,45,48,-3,93,2021-11-06 13:05:00,537118
Anastasiia Mydvetska_155962,Anastasiia Mydvetska,-1,0,44,50,-6,94,2021-11-06 13:10:00,537119
Pavlo Vasylchuk_389347536,Pavlo Vasylchuk,-1,0,39,48,-9,87,2021-11-06 13:10:00,537120
A Ekzhanov_118789,A Ekzhanov,1,1,50,44,6,94,2021-11-06 13:11:00,537121
Anatolii Zapletniuk_2018555071,Anatolii Zapletniuk,-1,0,47,47,0,94,2021-11-06 13:15:00,537122
Roman Zholubak_155977,Roman Zholubak,3,1,34,20,14,54,2021-11-06 13:15:00,537123
E Grishaev_118823,E Grishaev,-1,0,46,47,-1,93,2021-11-06 13:17:00,537124
Yurii Kurishchenko_155988,Yurii Kurishchenko,-1,0,41,44,-3,85,2021-11-06 13:20:00,537125
Yevhenii Holoborodko_206469908,Yevhenii Holoborodko,-2,0,34,39,-5,73,2021-11-06 13:20:00,537126
Maksym Balakiriev_156003,Maksym Balakiriev,1,1,44,44,0,88,2021-11-06 13:25:00,537127
Andrii Tsikhotskyi_329976421,Andrii Tsikhotskyi,2,1,43,32,11,75,2021-11-06 13:25:00,537128
I Mihaylov_118747,I Mihaylov,-3,0,17,33,-16,50,2021-11-06 13:27:00,537129
M Cinibulk_26538,M Cinibulk,1,1,58,54,4,112,2021-11-06 13:29:00,537130
Jan Jr Krames_156151,Jan Jr Krames,-2,0,30,40,-10,70,2021-11-06 13:30:00,537131
Ivan Kryvyi_156018,Ivan Kryvyi,-1,0,48,47,1,95,2021-11-06 13:30:00,537132
Volodymyr Maksiuta_1168804850,Volodymyr Maksiuta,-3,0,10,33,-23,43,2021-11-06 13:30:00,537133
Oleh Yurenev_155933,Oleh Yurenev,2,1,43,36,7,79,2021-11-06 13:30:00,537134
Oleksandr Hordiichuk_156202,Oleksandr Hordiichuk,-2,0,26,42,-16,68,2021-11-06 13:30:00,537135
Eduard Rubtsov_1376988324,Eduard Rubtsov,-2,0,34,41,-7,75,2021-11-06 13:35:00,537136
Pavlo Zaderei_453460863,Pavlo Zaderei,-3,0,23,35,-12,58,2021-11-06 13:35:00,537137
Roman Bilykivskyi_155948,Roman Bilykivskyi,-3,0,22,33,-11,55,2021-11-06 13:35:00,537138
Yuliia Tryhub_155963,Yuliia Tryhub,-1,0,43,46,-3,89,2021-11-06 13:40:00,537139
Serhii Kubrak_619132904,Serhii Kubrak,-2,0,40,46,-6,86,2021-11-06 13:40:00,537140
Illia Yanishevskiy_1816381495,Illia Yanishevskiy,3,1,35,23,12,58,2021-11-06 13:45:00,537141
Vadym Bochkovskyi_155978,Vadym Bochkovskyi,-3,0,23,37,-14,60,2021-11-06 13:45:00,537142
V Kutin_118790,V Kutin,3,1,35,27,8,62,2021-11-06 13:47:00,537143
V Shirshov_118748,V Shirshov,-2,0,34,39,-5,73,2021-11-06 13:48:00,537144
Yurii Volkov_1582952371,Yurii Volkov,3,1,34,20,14,54,2021-11-06 13:50:00,537145
Ivan Fedoryshyn_155989,Ivan Fedoryshyn,2,1,43,39,4,82,2021-11-06 13:50:00,537146
Kyrylo Yehorov_944501467,Kyrylo Yehorov,3,1,40,34,6,74,2021-11-06 13:55:00,537147
Oleksandr Shapoval_156004,Oleksandr Shapoval,1,1,47,45,2,92,2021-11-06 13:55:00,537148
A Libatskii_118824,A Libatskii,3,1,33,17,16,50,2021-11-06 13:55:00,537149
Oleksandr Bryzhevatyi_155934,Oleksandr Bryzhevatyi,1,1,43,49,-6,92,2021-11-06 14:00:00,537150
Jan Jr Krames_156152,Jan Jr Krames,-2,0,35,41,-6,76,2021-11-06 14:00:00,537151
Serhii Hilitukha_39738608,Serhii Hilitukha,-1,0,46,43,3,89,2021-11-06 14:00:00,537152
Nazarii Kovalchuk_1857696873,Nazarii Kovalchuk,3,1,34,22,12,56,2021-11-06 14:05:00,537153
M Klement_26539,M Klement,-1,0,45,50,-5,95,2021-11-06 14:08:00,537154
Mariia Voitekhova_155964,Mariia Voitekhova,-3,0,16,33,-17,49,2021-11-06 14:10:00,537155
A Zirin_118791,A Zirin,2,1,36,29,7,65,2021-11-06 14:10:00,537156
Andriy Bugay_721737982,Andriy Bugay,-3,0,20,36,-16,56,2021-11-06 14:10:00,537157
Vadym Grushko_338236944,Vadym Grushko,3,1,33,20,13,53,2021-11-06 14:10:00,537158
Bohdan Pyrtyk_156203,Bohdan Pyrtyk,-1,0,44,54,-10,98,2021-11-06 14:10:00,537159
Vadym Komar_1313789982,Vadym Komar,2,1,39,34,5,73,2021-11-06 14:15:00,537160
V Evlampiev_118825,V Evlampiev,-1,0,37,44,-7,81,2021-11-06 14:16:00,537161
V Beliakov_118749,V Beliakov,1,1,54,53,1,107,2021-11-06 14:16:00,537162
Andrii Dombrovskyi_155990,Andrii Dombrovskyi,-2,0,33,43,-10,76,2021-11-06 14:20:00,537163
Konstantin Makarchuk_960949629,Konstantin Makarchuk,2,1,44,34,10,78,2021-11-06 14:20:00,537164
Artem Lisechko_156005,Artem Lisechko,-1,0,45,52,-7,97,2021-11-06 14:25:00,537165
Roman Sukhomlyn_1516400843,Roman Sukhomlyn,-2,0,33,41,-8,74,2021-11-06 14:25:00,537166
Ludek Pych_156153,Ludek Pych,-3,0,24,34,-10,58,2021-11-06 14:30:00,537167
Oleh Yurenev_155935,Oleh Yurenev,1,1,42,45,-3,87,2021-11-06 14:30:00,537168
Yevhenii Holoborodko_1598845772,Yevhenii Holoborodko,-3,0,17,33,-16,50,2021-11-06 14:30:00,537169
D Salomon_26540,D Salomon,1,1,46,42,4,88,2021-11-06 14:31:00,537170
Roman Bilykivskyi_155950,Roman Bilykivskyi,2,1,41,30,11,71,2021-11-06 14:35:00,537171
A Ekzhanov_118964,A Ekzhanov,-2,0,29,41,-12,70,2021-11-06 14:35:00,537172
Andrii Tsikhotskyi_1334305900,Andrii Tsikhotskyi,-2,0,37,44,-7,81,2021-11-06 14:35:00,537173
Volodymyr Maksiuta_1168628434,Volodymyr Maksiuta,-3,0,24,34,-10,58,2021-11-06 14:40:00,537174
Vasyl Lutskyi_156204,Vasyl Lutskyi,-3,0,23,36,-13,59,2021-11-06 14:40:00,537175
Yuliia Tryhub_155965,Yuliia Tryhub,2,1,39,39,0,78,2021-11-06 14:40:00,537176
Eduard Rubtsov_2087680937,Eduard Rubtsov,1,1,51,47,4,98,2021-11-06 14:45:00,537177
Pavlo Zaderei_991983410,Pavlo Zaderei,-2,0,29,42,-13,71,2021-11-06 14:45:00,537178
E Grishaev_118966,E Grishaev,-3,0,21,33,-12,54,2021-11-06 14:49:00,537179
Illia Valchuk_155991,Illia Valchuk,-1,0,53,53,0,106,2021-11-06 14:50:00,537180
Oleksandr Semenets_557785306,Oleksandr Semenets,-2,0,35,40,-5,75,2021-11-06 14:50:00,537181
Oleksandr Yarovoi_514176862,Oleksandr Yarovoi,-3,0,23,33,-10,56,2021-11-06 14:55:00,537182
Mykola Polysynskyi_156006,Mykola Polysynskyi,-1,0,45,55,-10,100,2021-11-06 14:55:00,537183
M Klement_26541,M Klement,-1,0,52,54,-2,106,2021-11-06 14:59:00,537184
Yevhenii Omitsynskyi_1985881353,Yevhenii Omitsynskyi,-1,0,52,53,-1,105,2021-11-06 15:00:00,537185
Oleh Pereguda_155936,Oleh Pereguda,-2,0,37,42,-5,79,2021-11-06 15:00:00,537186
Yu Lbov_118965,Yu Lbov,-1,0,37,44,-7,81,2021-11-06 15:00:00,537187
Jan Zajicek_156154,Jan Zajicek,-2,0,37,46,-9,83,2021-11-06 15:00:00,537188
I Mihaylov_118969,I Mihaylov,-3,0,18,33,-15,51,2021-11-06 15:02:00,537189
Nikita Korbut_1817246866,Nikita Korbut,-1,0,48,47,1,95,2021-11-06 15:05:00,537190
Dmytro Hrosov_155951,Dmytro Hrosov,-2,0,39,45,-6,84,2021-11-06 15:05:00,537191
Alina Bohdanova_155966,Alina Bohdanova,3,1,36,30,6,66,2021-11-06 15:10:00,537192
Oleksandr Kostiuk_548650945,Oleksandr Kostiuk,2,1,41,27,14,68,2021-11-06 15:10:00,537193
Vasyl Kushnir_613368567,Vasyl Kushnir,1,1,51,40,11,91,2021-11-06 15:15:00,537194
A Libatskii_118967,A Libatskii,-2,0,31,42,-11,73,2021-11-06 15:15:00,537195
V Shirshov_118970,V Shirshov,-2,0,30,39,-9,69,2021-11-06 15:18:00,537196
Andrii Dombrovskyi_155992,Andrii Dombrovskyi,-3,0,28,34,-6,62,2021-11-06 15:20:00,537197
Aleksandr Redkov_1554136892,Aleksandr Redkov,3,1,33,17,16,50,2021-11-06 15:20:00,537198
Rodion Pirveli_110762839,Rodion Pirveli,1,1,51,52,-1,103,2021-11-06 15:20:00,537199
Volodymyr Okopnyi_156174,Volodymyr Okopnyi,-3,0,19,33,-14,52,2021-11-06 15:20:00,537200
Artem Lisechko_156007,Artem Lisechko,3,1,36,28,8,64,2021-11-06 15:25:00,537201
Vadym Komar_1223231251,Vadym Komar,2,1,37,33,4,70,2021-11-06 15:25:00,537202
Vasyl Kondratenko_156034,Vasyl Kondratenko,3,1,33,23,10,56,2021-11-06 15:30:00,537203
Konstantin Makarchuk_1329585903,Konstantin Makarchuk,-2,0,37,43,-6,80,2021-11-06 15:30:00,537204
Ludek Pych_156155,Ludek Pych,-3,0,16,33,-17,49,2021-11-06 15:30:00,537205
A Alekseyev_118792,A Alekseyev,1,1,49,36,13,85,2021-11-06 15:32:00,537206
M Cinibulk_26542,M Cinibulk,2,1,44,39,5,83,2021-11-06 15:32:00,537207
Hryhorii Kulishov_156049,Hryhorii Kulishov,-2,0,30,42,-12,72,2021-11-06 15:35:00,537208
Oleksiy Molochko_238683083,Oleksiy Molochko,2,1,38,31,7,69,2021-11-06 15:35:00,537209
Serhii Illiushchenko_2026542445,Serhii Illiushchenko,-1,0,41,45,-4,86,2021-11-06 15:40:00,537210
Tetyana Mudrak_156064,Tetyana Mudrak,2,1,42,36,6,78,2021-11-06 15:40:00,537211
S Lanin_118826,S Lanin,-2,0,24,43,-19,67,2021-11-06 15:45:00,537212
Ihor Vasylyshyn_156079,Ihor Vasylyshyn,1,1,48,39,9,87,2021-11-06 15:45:00,537213
V Bazilevskiy_118758,V Bazilevskiy,-3,0,18,33,-15,51,2021-11-06 15:46:00,537214
Valeriy Vlasenko_155993,Valeriy Vlasenko,1,1,44,46,-2,90,2021-11-06 15:50:00,537215
Petro Tsolik_1899442814,Petro Tsolik,-2,0,31,40,-9,71,2021-11-06 15:50:00,537216
Yurii Kolos_156020,Yurii Kolos,2,1,44,36,8,80,2021-11-06 15:50:00,537217
Andrii Peretiatko_156008,Andrii Peretiatko,-2,0,38,45,-7,83,2021-11-06 15:55:00,537218
Serhii Zemiantsev_1163363019,Serhii Zemiantsev,3,1,37,31,6,68,2021-11-06 15:55:00,537219
Oleksandr Lymarenko_156185,Oleksandr Lymarenko,2,1,46,37,9,83,2021-11-06 16:00:00,537220
Vaclav Ezr_156215,Vaclav Ezr,-1,0,43,43,0,86,2021-11-06 16:00:00,537221
Oleh Stasevskyi_185881017,Oleh Stasevskyi,-3,0,15,33,-18,48,2021-11-06 16:00:00,537222
I Meteleshko_118793,I Meteleshko,2,1,43,41,2,84,2021-11-06 16:01:00,537223
M Klement_26587,M Klement,-2,0,34,42,-8,76,2021-11-06 16:04:00,537224
Bohdan Zaika_329180972,Bohdan Zaika,2,1,41,24,17,65,2021-11-06 16:05:00,537225
Maksym Marchuk_156050,Maksym Marchuk,2,1,42,35,7,77,2021-11-06 16:05:00,537226
Karina Zharkova_156065,Karina Zharkova,1,1,52,38,14,90,2021-11-06 16:10:00,537227
Evgeniy Gudimenko_1128135933,Evgeniy Gudimenko,-1,0,48,51,-3,99,2021-11-06 16:10:00,537228
Andrii Isaiev_1523964079,Andrii Isaiev,1,1,50,43,7,93,2021-11-06 16:15:00,537229
E Voronkov_118827,E Voronkov,-3,0,30,38,-8,68,2021-11-06 16:15:00,537230
A Batalov_118759,A Batalov,1,1,52,51,1,103,2021-11-06 16:15:00,537231
Andrii Dekhtiarenko_156080,Andrii Dekhtiarenko,-2,0,23,40,-17,63,2021-11-06 16:15:00,537232
Dmytro Vakhta_2122674931,Dmytro Vakhta,2,1,43,31,12,74,2021-11-06 16:20:00,537233
Ivan Pytsko_156175,Ivan Pytsko,-2,0,36,40,-4,76,2021-11-06 16:20:00,537234
Serhij Maksymiv_2087642901,Serhij Maksymiv,-2,0,35,42,-7,77,2021-11-06 16:25:00,537235
Kateryna Hubska_156190,Kateryna Hubska,-2,0,36,36,0,72,2021-11-06 16:25:00,537236
Oleksandr Mytsyk_156036,Oleksandr Mytsyk,1,1,45,41,4,86,2021-11-06 16:30:00,537237
Jan Jr Krames_156216,Jan Jr Krames,3,1,33,8,25,41,2021-11-06 16:30:00,537238
Oleksandr Kovalov_1102369416,Oleksandr Kovalov,2,1,44,33,11,77,2021-11-06 16:30:00,537239
K Brozik_26588,K Brozik,3,1,33,11,22,44,2021-11-06 16:31:00,537240
S Kulikov_118794,S Kulikov,-3,0,20,33,-13,53,2021-11-06 16:32:00,537241
Borys Kostiuk_156051,Borys Kostiuk,-3,0,18,33,-15,51,2021-11-06 16:35:00,537242
Oleh Stasevskyi_1207512683,Oleh Stasevskyi,1,1,46,43,3,89,2021-11-06 16:35:00,537243
Konstantin Makarchuk_15062883,Konstantin Makarchuk,1,1,45,47,-2,92,2021-11-06 16:40:00,537244
Anastasia Holiak_156066,Anastasia Holiak,-3,0,16,33,-17,49,2021-11-06 16:40:00,537245
Anatolii Kovalenko_156081,Anatolii Kovalenko,2,1,37,37,0,74,2021-11-06 16:45:00,537246
Oleksiy Molochko_709729091,Oleksiy Molochko,2,1,38,31,7,69,2021-11-06 16:45:00,537247
A Merezhko_118828,A Merezhko,1,1,49,39,10,88,2021-11-06 16:47:00,537248
Yurii Kolos_156176,Yurii Kolos,3,1,35,20,15,55,2021-11-06 16:50:00,537249
Serhii Illiushchenko_1724959716,Serhii Illiushchenko,2,1,44,28,16,72,2021-11-06 16:50:00,537250
A Klavdenkov_118760,A Klavdenkov,1,1,51,50,1,101,2021-11-06 16:50:00,537251
Alina Stefaniuk_156095,Alina Stefaniuk,2,1,40,37,3,77,2021-11-06 16:55:00,537252
Nazarii Hrytsyienko_1105714531,Nazarii Hrytsyienko,1,1,47,40,7,87,2021-11-06 16:55:00,537253
Jan Herink_156156,Jan Herink,-3,0,23,34,-11,57,2021-11-06 17:00:00,537254
Oleksandr Lymarenko_156186,Oleksandr Lymarenko,-2,0,33,39,-6,72,2021-11-06 17:00:00,537255
Petro Tsolik_2051338305,Petro Tsolik,-2,0,33,41,-8,74,2021-11-06 17:00:00,537256
P Bradac_26543,P Bradac,-2,0,23,42,-19,65,2021-11-06 17:00:00,537257
V Nemashkalo_118795,V Nemashkalo,1,1,42,51,-9,93,2021-11-06 17:01:00,537258
Serhii Zemiantsev_26325528,Serhii Zemiantsev,3,1,34,27,7,61,2021-11-06 17:05:00,537259
Maksym Marchuk_156052,Maksym Marchuk,2,1,45,35,10,80,2021-11-06 17:05:00,537260
Karina Zharkova_156067,Karina Zharkova,-1,0,44,45,-1,89,2021-11-06 17:10:00,537261
Serhii Pokidko_118428555,Serhii Pokidko,1,1,29,30,-1,59,2021-11-06 17:10:00,537262
Bohdan Zaika_422081633,Bohdan Zaika,3,1,34,26,8,60,2021-11-06 17:15:00,537263
A Duka_118829,A Duka,2,1,40,33,7,73,2021-11-06 17:15:00,537264
Andrii Dekhtiarenko_156082,Andrii Dekhtiarenko,2,1,50,43,7,93,2021-11-06 17:15:00,537265
Maksym Samaray_1674274526,Maksym Samaray,-1,0,41,49,-8,90,2021-11-06 17:20:00,537266
Volodymyr Okopnyi_156023,Volodymyr Okopnyi,3,1,33,18,15,51,2021-11-06 17:20:00,537267
K Olshakov_118761,K Olshakov,-3,0,24,35,-11,59,2021-11-06 17:24:00,537268
Andrii Isaiev_192393067,Andrii Isaiev,-2,0,30,40,-10,70,2021-11-06 17:25:00,537269
Alisa Dubrova_156191,Alisa Dubrova,-2,0,33,40,-7,73,2021-11-06 17:25:00,537270
Vasyl Kondratenko_156038,Vasyl Kondratenko,2,1,41,35,6,76,2021-11-06 17:30:00,537271
Dmytro Vakhta_339133913,Dmytro Vakhta,2,1,43,29,14,72,2021-11-06 17:30:00,537272
Jo Silhan_26544,Jo Silhan,-2,0,33,41,-8,74,2021-11-06 17:30:00,537273
Dominik Horak_156157,Dominik Horak,1,1,48,40,8,88,2021-11-06 17:30:00,537274
S Kulikov_118796,S Kulikov,-2,0,30,38,-8,68,2021-11-06 17:32:00,537275
Hryhorii Kulishov_156053,Hryhorii Kulishov,3,1,36,29,7,65,2021-11-06 17:35:00,537276
Vitalii Zharskiy_921377915,Vitalii Zharskiy,2,1,41,26,15,67,2021-11-06 17:35:00,537277
Tetyana Mudrak_156068,Tetyana Mudrak,3,1,33,19,14,52,2021-11-06 17:40:00,537278
Oleksandr Kovalov_919702881,Oleksandr Kovalov,2,1,40,36,4,76,2021-11-06 17:40:00,537279
A Merezhko_118830,A Merezhko,-1,0,39,46,-7,85,2021-11-06 17:44:00,537280
Ihor Vasylyshyn_156083,Ihor Vasylyshyn,-3,0,18,33,-15,51,2021-11-06 17:45:00,537281
Oleksandr Semenets_140049375,Oleksandr Semenets,-1,0,47,50,-3,97,2021-11-06 17:45:00,537282
A Klavdenkov_118762,A Klavdenkov,1,1,53,48,5,101,2021-11-06 17:46:00,537283
Illia Yanishevskiy_2010907855,Illia Yanishevskiy,-2,0,39,41,-2,80,2021-11-06 17:50:00,537284
Volodymyr Kuzmych_156177,Volodymyr Kuzmych,-3,0,22,33,-11,55,2021-11-06 17:50:00,537285
Alina Stefaniuk_156097,Alina Stefaniuk,-2,0,23,41,-18,64,2021-11-06 17:55:00,537286
Evgeniy Gudimenko_400236370,Evgeniy Gudimenko,2,1,43,35,8,78,2021-11-06 17:55:00,537287
Igor Koshkodan_156039,Igor Koshkodan,-1,0,49,51,-2,100,2021-11-06 18:00:00,537288
I Meteleshko_118797,I Meteleshko,1,1,51,38,13,89,2021-11-06 18:00:00,537289
Serhii Illiushchenko_179764901,Serhii Illiushchenko,3,1,33,24,9,57,2021-11-06 18:00:00,537290
Dominik Horak_156158,Dominik Horak,-2,0,31,41,-10,72,2021-11-06 18:00:00,537291
Jo Kutifel_26545,Jo Kutifel,3,1,33,19,14,52,2021-11-06 18:00:00,537292
Pavlo Khakhamidi_156054,Pavlo Khakhamidi,1,1,45,38,7,83,2021-11-06 18:05:00,537293
Nazarii Hrytsyienko_1466887899,Nazarii Hrytsyienko,-3,0,17,33,-16,50,2021-11-06 18:05:00,537294
Yaroslava Pachich_156069,Yaroslava Pachich,3,1,33,19,14,52,2021-11-06 18:10:00,537295
Serhij Maksymiv_1917787475,Serhij Maksymiv,-1,0,28,47,-19,75,2021-11-06 18:10:00,537296
E Voronkov_118831,E Voronkov,2,1,44,30,14,74,2021-11-06 18:15:00,537297
Serhii Zemiantsev_1936739587,Serhii Zemiantsev,2,1,38,35,3,73,2021-11-06 18:15:00,537298
Oleksandr Osadchyi_156084,Oleksandr Osadchyi,3,1,38,28,10,66,2021-11-06 18:15:00,537299
Ivan Pytsko_156178,Ivan Pytsko,-3,0,22,33,-11,55,2021-11-06 18:20:00,537300
A Batalov_118763,A Batalov,2,1,41,34,7,75,2021-11-06 18:23:00,537301
Kateryna Hubska_156192,Kateryna Hubska,3,1,35,29,6,64,2021-11-06 18:25:00,537302
S Kulikov_119013,S Kulikov,3,1,33,19,14,52,2021-11-06 18:29:00,537303
Oleksandr Mytsyk_156040,Oleksandr Mytsyk,2,1,43,32,11,75,2021-11-06 18:30:00,537304
Jan Herink_156159,Jan Herink,-2,0,35,45,-10,80,2021-11-06 18:30:00,537305
T Postelt_26546,T Postelt,3,1,33,19,14,52,2021-11-06 18:30:00,537306
Oleksiy Molochko_1525279806,Oleksiy Molochko,-3,0,27,37,-10,64,2021-11-06 18:30:00,537307
Vitalii Protopopov_864401118,Vitalii Protopopov,-2,0,37,44,-7,81,2021-11-06 18:35:00,537308
Borys Kostiuk_156055,Borys Kostiuk,1,1,47,47,0,94,2021-11-06 18:35:00,537309
Anastasia Holiak_156070,Anastasia Holiak,-2,0,35,45,-10,80,2021-11-06 18:40:00,537310
Dmytro Vakhta_103616112,Dmytro Vakhta,2,1,42,37,5,79,2021-11-06 18:40:00,537311
Petro Tsolik_1402748117,Petro Tsolik,-3,0,23,33,-10,56,2021-11-06 18:45:00,537312
Anatolii Kovalenko_156085,Anatolii Kovalenko,1,1,50,39,11,89,2021-11-06 18:45:00,537313
S Lanin_119015,S Lanin,2,1,43,37,6,80,2021-11-06 18:46:00,537314
Anton Riabukhin_1112060510,Anton Riabukhin,-3,0,23,33,-10,56,2021-11-06 18:50:00,537315
Yurii Kolos_156179,Yurii Kolos,1,1,48,49,-1,97,2021-11-06 18:50:00,537316
Iryna Hrushko_156099,Iryna Hrushko,1,1,50,47,3,97,2021-11-06 18:55:00,537317
I Meteleshko_119014,I Meteleshko,1,1,42,49,-7,91,2021-11-06 18:59:00,537318
V Bazilevskiy_119017,V Bazilevskiy,1,1,46,46,0,92,2021-11-06 18:59:00,537319
Jo Kutifel_26547,Jo Kutifel,-3,0,24,33,-9,57,2021-11-06 19:00:00,537320
Martin Juhasz_156160,Martin Juhasz,-3,0,28,38,-10,66,2021-11-06 19:00:00,537321
Oleksandr Lymarenko_156187,Oleksandr Lymarenko,3,1,34,16,18,50,2021-11-06 19:00:00,537322
Maksym Marchuk_156056,Maksym Marchuk,-2,0,28,39,-11,67,2021-11-06 19:05:00,537323
Maksym Samaray_463556749,Maksym Samaray,2,1,39,33,6,72,2021-11-06 19:05:00,537324
Andrii Isaiev_26620840,Andrii Isaiev,-1,0,42,41,1,83,2021-11-06 19:10:00,537325
Karina Zharkova_156071,Karina Zharkova,2,1,48,43,5,91,2021-11-06 19:10:00,537326
Andrii Kotik_1535522238,Andrii Kotik,1,1,54,51,3,105,2021-11-06 19:15:00,537327
Andrii Dekhtiarenko_156086,Andrii Dekhtiarenko,2,1,42,33,9,75,2021-11-06 19:15:00,537328
A Merezhko_119016,A Merezhko,3,1,33,20,13,53,2021-11-06 19:16:00,537329
Volodymyr Okopnyi_156027,Volodymyr Okopnyi,-3,0,24,35,-11,59,2021-11-06 19:20:00,537330
Oleksandr Kolbasenko_156109,Oleksandr Kolbasenko,-3,0,26,36,-10,62,2021-11-06 19:20:00,537331
Vitalii Zharskiy_1902388893,Vitalii Zharskiy,1,1,51,48,3,99,2021-11-06 19:20:00,537332
Serhii Zemiantsev_1162939728,Serhii Zemiantsev,1,1,51,45,6,96,2021-11-06 19:25:00,537333
Alisa Dubrova_156193,Alisa Dubrova,-2,0,22,36,-14,58,2021-11-06 19:25:00,537334
A Klavdenkov_119018,A Klavdenkov,1,1,49,49,0,98,2021-11-06 19:28:00,537335
Jan Herink_156161,Jan Herink,-3,0,18,33,-15,51,2021-11-06 19:30:00,537336
Jo Silhan_26548,Jo Silhan,-2,0,28,42,-14,70,2021-11-06 19:30:00,537337
Vasyl Kondratenko_156042,Vasyl Kondratenko,-3,0,11,33,-22,44,2021-11-06 19:30:00,537338
V Kasatkin_118798,V Kasatkin,-2,0,26,43,-17,69,2021-11-06 19:33:00,537339
Hryhorii Kulishov_156057,Hryhorii Kulishov,-2,0,39,39,0,78,2021-11-06 19:35:00,537340
Tetyana Mudrak_156072,Tetyana Mudrak,1,1,45,40,5,85,2021-11-06 19:40:00,537341
Evgeniy Gudimenko_1657973694,Evgeniy Gudimenko,-1,0,48,49,-1,97,2021-11-06 19:40:00,537342
Ihor Vasylyshyn_156087,Ihor Vasylyshyn,-2,0,40,45,-5,85,2021-11-06 19:45:00,537343
Serhii Illiushchenko_1060907889,Serhii Illiushchenko,3,1,33,19,14,52,2021-11-06 19:45:00,537344
D Komarov_118832,D Komarov,3,1,33,22,11,55,2021-11-06 19:46:00,537345
Nazarii Hrytsyienko_623083205,Nazarii Hrytsyienko,3,1,35,29,6,64,2021-11-06 19:50:00,537346
Oleksandr Ivchuk_156110,Oleksandr Ivchuk,2,1,42,34,8,76,2021-11-06 19:50:00,537347
Volodymyr Kuzmych_156180,Volodymyr Kuzmych,1,1,49,49,0,98,2021-11-06 19:50:00,537348
Serhij Maksymiv_1740215459,Serhij Maksymiv,-1,0,47,46,1,93,2021-11-06 19:55:00,537349
Alina Stefaniuk_156101,Alina Stefaniuk,-1,0,43,45,-2,88,2021-11-06 19:55:00,537350
I Moshkov_118764,I Moshkov,3,1,33,17,16,50,2021-11-06 19:59:00,537351
O Pronin_118799,O Pronin,2,1,44,36,8,80,2021-11-06 20:00:00,537352
Oleksandr Kovalov_197584128,Oleksandr Kovalov,-1,0,47,52,-5,99,2021-11-06 20:00:00,537353
Martin Juhasz_156441,Martin Juhasz,2,1,46,40,6,86,2021-11-06 20:00:00,537354
Jo Silhan_26589,Jo Silhan,-3,0,19,33,-14,52,2021-11-06 20:00:00,537355
Pavlo Khakhamidi_156058,Pavlo Khakhamidi,2,1,40,26,14,66,2021-11-06 20:05:00,537356
Yaroslava Pachich_156073,Yaroslava Pachich,-1,0,42,45,-3,87,2021-11-06 20:10:00,537357
A Silantev_118833,A Silantev,2,1,42,35,7,77,2021-11-06 20:15:00,537358
Dmytro Halai_353939409,Dmytro Halai,1,1,52,52,0,104,2021-11-06 20:15:00,537359
Oleksandr Osadchyi_156088,Oleksandr Osadchyi,-2,0,37,47,-10,84,2021-11-06 20:15:00,537360
B Grebenyuk_118765,B Grebenyuk,-1,0,47,51,-4,98,2021-11-06 20:16:00,537361
Oleksandr Kolbasenko_156111,Oleksandr Kolbasenko,3,1,34,22,12,56,2021-11-06 20:20:00,537362
Andrii Isaiev_1630368128,Andrii Isaiev,-1,0,41,46,-5,87,2021-11-06 20:20:00,537363
Ivan Pytsko_156029,Ivan Pytsko,-2,0,28,37,-9,65,2021-11-06 20:20:00,537364
Dmytro Vakhta_900495791,Dmytro Vakhta,2,1,46,38,8,84,2021-11-06 20:25:00,537365
Kateryna Hubska_156194,Kateryna Hubska,-3,0,22,33,-11,55,2021-11-06 20:25:00,537366
Andrii Zeniuk_184007234,Andrii Zeniuk,-2,0,39,46,-7,85,2021-11-06 20:30:00,537367
Filip Marat_156442,Filip Marat,2,1,42,36,6,78,2021-11-06 20:30:00,537368
Oleksandr Mytsyk_156044,Oleksandr Mytsyk,-1,0,42,53,-11,95,2021-11-06 20:30:00,537369
S Burov_118800,S Burov,-1,0,48,55,-7,103,2021-11-06 20:30:00,537370
Jo Kutifel_26590,Jo Kutifel,1,1,52,44,8,96,2021-11-06 20:30:00,537371
Borys Kostiuk_156059,Borys Kostiuk,-2,0,43,47,-4,90,2021-11-06 20:35:00,537372
Serhii Zemiantsev_494227439,Serhii Zemiantsev,-2,0,35,48,-13,83,2021-11-06 20:35:00,537373
Anastasia Holiak_156074,Anastasia Holiak,3,1,33,24,9,57,2021-11-06 20:40:00,537374
A Frolov_118834,A Frolov,3,1,34,24,10,58,2021-11-06 20:45:00,537375
Anatolii Kovalenko_156089,Anatolii Kovalenko,1,1,54,45,9,99,2021-11-06 20:45:00,537376
V Marshalov_118766,V Marshalov,1,1,53,49,4,102,2021-11-06 20:49:00,537377
Oleksiy Molochko_204509701,Oleksiy Molochko,-3,0,22,36,-14,58,2021-11-06 20:50:00,537378
Volodymyr Okopnyi_156030,Volodymyr Okopnyi,1,1,59,58,1,117,2021-11-06 20:50:00,537379
Vladyslav Mishchenko_156112,Vladyslav Mishchenko,-1,0,43,51,-8,94,2021-11-06 20:50:00,537380
Iryna Hrushko_156103,Iryna Hrushko,-3,0,16,33,-17,49,2021-11-06 20:55:00,537381
Serhii Illiushchenko_852871840,Serhii Illiushchenko,1,1,49,46,3,95,2021-11-06 20:55:00,537382
Nazarii Hrytsyienko_233794363,Nazarii Hrytsyienko,3,1,33,22,11,55,2021-11-06 21:00:00,537383
Libor Matysek_156162,Libor Matysek,-3,0,20,34,-14,54,2021-11-06 21:00:00,537384
P Gireth_26549,P Gireth,-1,0,46,54,-8,100,2021-11-06 21:02:00,537385
Hryhorii Kulishov_156060,Hryhorii Kulishov,1,1,51,46,5,97,2021-11-06 21:05:00,537386
Petro Tsolik_1554323369,Petro Tsolik,1,1,46,36,10,82,2021-11-06 21:05:00,537387
D Tikhnenko_118801,D Tikhnenko,2,1,38,31,7,69,2021-11-06 21:06:00,537388
Tetyana Mudrak_156075,Tetyana Mudrak,-2,0,33,42,-9,75,2021-11-06 21:10:00,537389
Oleksandr Kovalov_619511407,Oleksandr Kovalov,1,1,49,38,11,87,2021-11-06 21:10:00,537390
Ihor Vasylyshyn_156090,Ihor Vasylyshyn,1,1,52,39,13,91,2021-11-06 21:15:00,537391
D Fedorov_118835,D Fedorov,-2,0,27,42,-15,69,2021-11-06 21:15:00,537392
Bohdan Chaikovskyi_156181,Bohdan Chaikovskyi,-2,0,27,41,-14,68,2021-11-06 21:20:00,537393
Oleksandr Ivchuk_156113,Oleksandr Ivchuk,1,1,49,42,7,91,2021-11-06 21:20:00,537394
E Markelov_118767,E Markelov,3,1,35,26,9,61,2021-11-06 21:21:00,537395
Alisa Dubrova_156195,Alisa Dubrova,-2,0,37,47,-10,84,2021-11-06 21:25:00,537396
Oleksiy Molochko_1841400694,Oleksiy Molochko,-2,0,27,38,-11,65,2021-11-06 21:25:00,537397
Iurii Bondarenko_156046,Iurii Bondarenko,-3,0,23,33,-10,56,2021-11-06 21:30:00,537398
Andrii Isaiev_1574524216,Andrii Isaiev,1,1,47,36,11,83,2021-11-06 21:30:00,537399
Krystof Prida_156163,Krystof Prida,1,1,47,38,9,85,2021-11-06 21:30:00,537400
Z Bilek_26550,Z Bilek,2,1,41,28,13,69,2021-11-06 21:30:00,537401
Dmytro Vakhta_1135652568,Dmytro Vakhta,-1,0,39,48,-9,87,2021-11-06 21:35:00,537402
S Burov_118802,S Burov,2,1,38,30,8,68,2021-11-06 21:35:00,537403
Vitalii Kyilo_156061,Vitalii Kyilo,-1,0,48,48,0,96,2021-11-06 21:35:00,537404
Oksana Kregul_156076,Oksana Kregul,-2,0,30,42,-12,72,2021-11-06 21:40:00,537405
Petro Tsolik_1018167890,Petro Tsolik,2,1,40,28,12,68,2021-11-06 21:40:00,537406
Serhii Zemiantsev_2140654880,Serhii Zemiantsev,-1,0,55,58,-3,113,2021-11-06 21:45:00,537407
Vitalii Novykov_156091,Vitalii Novykov,2,1,38,37,1,75,2021-11-06 21:45:00,537408
A Frolov_118836,A Frolov,-1,0,57,58,-1,115,2021-11-06 21:45:00,537409
V Marshalov_118768,V Marshalov,2,1,41,37,4,78,2021-11-06 21:45:00,537410
Vitalii Lievshin_1406998435,Vitalii Lievshin,-3,0,24,34,-10,58,2021-11-06 21:50:00,537411
Volodymyr Okopnyi_156182,Volodymyr Okopnyi,-3,0,23,33,-10,56,2021-11-06 21:50:00,537412
Oleksandr Kolbasenko_156114,Oleksandr Kolbasenko,-1,0,45,53,-8,98,2021-11-06 21:50:00,537413
Bohdan Kohut_1873280778,Bohdan Kohut,-2,0,31,45,-14,76,2021-11-06 21:55:00,537414
Kateryna Hubska_156196,Kateryna Hubska,-2,0,31,39,-8,70,2021-11-06 21:55:00,537415
T Zahradnik_26551,T Zahradnik,-3,0,23,33,-10,56,2021-11-06 22:00:00,537416
O Pronin_118803,O Pronin,2,1,40,29,11,69,2021-11-06 22:00:00,537417
Maksym Samaray_2061241300,Maksym Samaray,2,1,46,36,10,82,2021-11-06 22:00:00,537418
Krystof Prida_156164,Krystof Prida,3,1,33,20,13,53,2021-11-06 22:00:00,537419
Vitalii Protopopov_921768578,Vitalii Protopopov,3,1,36,27,9,63,2021-11-06 22:05:00,537420
Hryhorii Kulishov_156062,Hryhorii Kulishov,1,1,50,40,10,90,2021-11-06 22:05:00,537421
Nazarii Hrytsyienko_1325418632,Nazarii Hrytsyienko,-2,0,36,40,-4,76,2021-11-06 22:10:00,537422
Tetyana Mudrak_156077,Tetyana Mudrak,-2,0,37,46,-9,83,2021-11-06 22:10:00,537423
B Grebenyuk_118769,B Grebenyuk,-1,0,45,40,5,85,2021-11-06 22:15:00,537424
Ihor Vasylyshyn_156092,Ihor Vasylyshyn,-2,0,28,39,-11,67,2021-11-06 22:15:00,537425
Serhii Rutskyi_1674150583,Serhii Rutskyi,3,1,34,26,8,60,2021-11-06 22:15:00,537426
A Silantev_118837,A Silantev,3,1,33,17,16,50,2021-11-06 22:18:00,537427
Oleksandr Ivchuk_156115,Oleksandr Ivchuk,3,1,34,23,11,57,2021-11-06 22:20:00,537428
Yurii Kolos_156033,Yurii Kolos,-2,0,34,41,-7,75,2021-11-06 22:20:00,537429
Anton Riabukhin_1231544146,Anton Riabukhin,2,1,44,36,8,80,2021-11-06 22:20:00,537430
Vitalii Lievshin_1049567316,Vitalii Lievshin,1,1,48,44,4,92,2021-11-06 22:25:00,537431
Anastasiia Gordinskaya-Sheiko_156106,Anastasiia Gordinskaya-Sheiko,2,1,39,29,10,68,2021-11-06 22:25:00,537432
Valerii Melnyk_1162884032,Valerii Melnyk,-1,0,44,47,-3,91,2021-11-06 22:30:00,537433
jr. Havlik_26552,jr. Havlik,2,1,41,25,16,66,2021-11-06 22:30:00,537434
Libor Matysek_156165,Libor Matysek,-2,0,32,40,-8,72,2021-11-06 22:30:00,537435
V Kasatkin_119020,V Kasatkin,-1,0,52,44,8,96,2021-11-06 22:32:00,537436
Karina Zharkova_156078,Karina Zharkova,3,1,36,23,13,59,2021-11-06 22:40:00,537437
B Grebenyuk_119024,B Grebenyuk,-1,0,41,45,-4,86,2021-11-06 22:45:00,537438
Andrii Dekhtiarenko_156093,Andrii Dekhtiarenko,2,1,42,34,8,76,2021-11-06 22:45:00,537439
Vadym Nechyporuk_914407121,Vadym Nechyporuk,3,1,33,27,6,60,2021-11-06 22:45:00,537440
D Komarov_119022,D Komarov,2,1,40,25,15,65,2021-11-06 22:47:00,537441
Vladyslav Mishchenko_156116,Vladyslav Mishchenko,3,1,34,22,12,56,2021-11-06 22:50:00,537442
T Zahradnik_26553,T Zahradnik,2,1,42,30,12,72,2021-11-06 23:00:00,537443
Martin Stusek_156166,Martin Stusek,-2,0,40,45,-5,85,2021-11-06 23:00:00,537444
Vitalii Lievshin_779730026,Vitalii Lievshin,1,1,51,47,4,98,2021-11-06 23:00:00,537445
Valerii Melnyk_1794867301,Valerii Melnyk,-1,0,49,43,6,92,2021-11-06 23:05:00,537446
O Pronin_119021,O Pronin,3,1,33,23,10,56,2021-11-06 23:06:00,537447
A Frolov_119023,A Frolov,-2,0,34,46,-12,80,2021-11-06 23:15:00,537448
Oleksandr Kolbasenko_156117,Oleksandr Kolbasenko,1,1,48,47,1,95,2021-11-06 23:20:00,537449
I Moshkov_119025,I Moshkov,2,1,38,41,-3,79,2021-11-06 23:20:00,537450
Alina Stefaniuk_156198,Alina Stefaniuk,-3,0,20,33,-13,53,2021-11-06 23:25:00,537451
Z Bilek_26554,Z Bilek,-1,0,38,48,-10,86,2021-11-06 23:30:00,537452
Libor Matysek_156167,Libor Matysek,-3,0,23,33,-10,56,2021-11-06 23:30:00,537453
D Sayanov_118804,D Sayanov,-2,0,30,40,-10,70,2021-11-06 23:35:00,537454
Viktor Bosak_1270961337,Viktor Bosak,2,1,44,37,7,81,2021-11-06 23:45:00,537455
N Zhurba_118838,N Zhurba,3,1,35,27,8,62,2021-11-06 23:48:00,537456
Maksym Mrykh_156118,Maksym Mrykh,3,1,33,21,12,54,2021-11-06 23:50:00,537457
E Ilyukhin_118770,E Ilyukhin,2,1,37,28,9,65,2021-11-06 23:53:00,537458
Milos Frydl_165067,Milos Frydl,2,1,41,30,11,71,2021-11-07 00:00:00,537459
Dmytro Baistriuchenko_642514861,Dmytro Baistriuchenko,2,1,44,34,10,78,2021-11-07 00:00:00,537460
V Kalachev_122755,V Kalachev,-3,0,24,34,-10,58,2021-11-07 00:01:00,537461
M Kolar_27521,M Kolar,1,1,43,38,5,81,2021-11-07 00:02:00,537462
O Kutuzov_122721,O Kutuzov,2,1,41,31,10,72,2021-11-07 00:02:00,537463
Serhii Bondarenko_164577,Serhii Bondarenko,1,1,47,38,9,85,2021-11-07 00:05:00,537464
Ihor Matsehora_199037531,Ihor Matsehora,1,1,51,38,13,89,2021-11-07 00:15:00,537465
S Martyukhin_122794,S Martyukhin,1,1,50,43,7,93,2021-11-07 00:19:00,537466
Ihor Vasylyshyn_164575,Ihor Vasylyshyn,3,1,33,19,14,52,2021-11-07 00:20:00,537467
Oleksandr Mishchenko_164592,Oleksandr Mishchenko,3,1,33,16,17,49,2021-11-07 00:25:00,537468
Yu Lbov_122722,Yu Lbov,1,1,47,41,6,88,2021-11-07 00:25:00,537469
A Aslanyan_122756,A Aslanyan,-1,0,61,63,-2,124,2021-11-07 00:26:00,537470
Jonas Kulveit_165068,Jonas Kulveit,-1,0,44,45,-1,89,2021-11-07 00:30:00,537471
Dmitriy Lebed_1669206056,Dmitriy Lebed,3,1,33,18,15,51,2021-11-07 00:30:00,537472
M-n Regner_27522,M-n Regner,2,1,48,42,6,90,2021-11-07 00:34:00,537473
Oleksandr Gomilko_164578,Oleksandr Gomilko,2,1,43,35,8,78,2021-11-07 00:35:00,537474
Volodymyr Tuchkevych_477519736,Volodymyr Tuchkevych,3,1,35,23,12,58,2021-11-07 00:45:00,537475
A Uvarov_122589,A Uvarov,-1,0,38,43,-5,81,2021-11-07 00:46:00,537476
Kostiantyn Klymenko_164576,Kostiantyn Klymenko,-1,0,40,45,-5,85,2021-11-07 00:50:00,537477
A Petrov_122795,A Petrov,3,1,37,25,12,62,2021-11-07 00:53:00,537478
Oleksandr Kovalchuk_164593,Oleksandr Kovalchuk,-3,0,24,33,-9,57,2021-11-07 00:55:00,537479
D Evlahin_122723,D Evlahin,3,1,39,31,8,70,2021-11-07 00:55:00,537480
Vitalii Marushchak_855308083,Vitalii Marushchak,-1,0,41,49,-8,90,2021-11-07 01:00:00,537481
A Pravednov_122757,A Pravednov,3,1,33,20,13,53,2021-11-07 01:03:00,537482
Oleksandr Liushnia_164579,Oleksandr Liushnia,-3,0,20,33,-13,53,2021-11-07 01:05:00,537483
Igor Vatsyn_1319939118,Igor Vatsyn,3,1,33,18,15,51,2021-11-07 01:15:00,537484
D Balakin_122724,D Balakin,1,1,48,44,4,92,2021-11-07 01:16:00,537485
N Sadovskiy_122590,N Sadovskiy,2,1,42,35,7,77,2021-11-07 01:17:00,537486
A Girevenkov_122796,A Girevenkov,-1,0,45,52,-7,97,2021-11-07 01:23:00,537487
Serhii Tkachev_164594,Serhii Tkachev,-2,0,32,43,-11,75,2021-11-07 01:25:00,537488
V Putilovsky_122758,V Putilovsky,3,1,35,19,16,54,2021-11-07 01:28:00,537489
Dmytro Baistriuchenko_1972956083,Dmytro Baistriuchenko,-2,0,30,44,-14,74,2021-11-07 01:30:00,537490
Oleksandr Gomilko_164580,Oleksandr Gomilko,1,1,47,45,2,92,2021-11-07 01:35:00,537491
Ihor Matsehora_1905915814,Ihor Matsehora,-2,0,37,43,-6,80,2021-11-07 01:45:00,537492
A Aslanyan_122759,A Aslanyan,-3,0,17,34,-17,51,2021-11-07 01:46:00,537493
A Ilin_122591,A Ilin,-1,0,40,52,-12,92,2021-11-07 01:48:00,537494
S Martyukhin_122797,S Martyukhin,3,1,33,13,20,46,2021-11-07 01:49:00,537495
Yu Lbov_122725,Yu Lbov,-2,0,37,44,-7,81,2021-11-07 01:51:00,537496
Oleksandr Kovalchuk_164595,Oleksandr Kovalchuk,2,1,41,37,4,78,2021-11-07 01:55:00,537497
Dmitriy Lebed_380856398,Dmitriy Lebed,2,1,42,30,12,72,2021-11-07 02:00:00,537498
V Putilovsky_122760,V Putilovsky,2,1,44,34,10,78,2021-11-07 02:02:00,537499
Serhii Bondarenko_164581,Serhii Bondarenko,-1,0,41,48,-7,89,2021-11-07 02:05:00,537500
Volodymyr Tuchkevych_1779419916,Volodymyr Tuchkevych,1,1,51,42,9,93,2021-11-07 02:15:00,537501
A Girevenkov_122798,A Girevenkov,-3,0,21,34,-13,55,2021-11-07 02:18:00,537502
D Balakin_122726,D Balakin,2,1,37,31,6,68,2021-11-07 02:19:00,537503
Oleksandr Mishchenko_164596,Oleksandr Mishchenko,1,1,52,43,9,95,2021-11-07 02:25:00,537504
A Vlasov_122592,A Vlasov,-3,0,22,33,-11,55,2021-11-07 02:29:00,537505
Vitalii Marushchak_139272902,Vitalii Marushchak,3,1,35,21,14,56,2021-11-07 02:30:00,537506
T Turabekov_122761,T Turabekov,1,1,52,45,7,97,2021-11-07 02:32:00,537507
Oleksandr Buberenko_164582,Oleksandr Buberenko,3,1,33,21,12,54,2021-11-07 02:35:00,537508
E Masokin_122799,E Masokin,-2,0,31,41,-10,72,2021-11-07 02:45:00,537509
Igor Vatsyn_1061429040,Igor Vatsyn,1,1,49,45,4,94,2021-11-07 02:45:00,537510
A Vlasov_122727,A Vlasov,-3,0,25,35,-10,60,2021-11-07 02:47:00,537511
N Sadovskiy_122593,N Sadovskiy,1,1,50,40,10,90,2021-11-07 02:51:00,537512
Yevhen Kyi_164597,Yevhen Kyi,2,1,36,33,3,69,2021-11-07 02:55:00,537513
Maksym Kolos_1558324910,Maksym Kolos,-3,0,11,33,-22,44,2021-11-07 03:00:00,537514
A Pravednov_122762,A Pravednov,3,1,36,30,6,66,2021-11-07 03:03:00,537515
Oleksandr Liushnia_164583,Oleksandr Liushnia,2,1,42,31,11,73,2021-11-07 03:05:00,537516
Ihor Matsehora_55933261,Ihor Matsehora,2,1,43,31,12,74,2021-11-07 03:15:00,537517
A Petrov_122800,A Petrov,3,1,33,14,19,47,2021-11-07 03:16:00,537518
D Evlahin_122728,D Evlahin,1,1,41,43,-2,84,2021-11-07 03:16:00,537519
A Vlasov_122594,A Vlasov,3,1,33,23,10,56,2021-11-07 03:25:00,537520
Serhii Tkachev_164598,Serhii Tkachev,1,1,49,49,0,98,2021-11-07 03:25:00,537521
Dmytro Baistriuchenko_626110153,Dmytro Baistriuchenko,2,1,43,29,14,72,2021-11-07 03:30:00,537522
Oleksandr Gomilko_164584,Oleksandr Gomilko,-2,0,30,39,-9,69,2021-11-07 03:35:00,537523
V Kalachev_122763,V Kalachev,-2,0,36,43,-7,79,2021-11-07 03:45:00,537524
P Semeshin_122801,P Semeshin,2,1,38,35,3,73,2021-11-07 03:45:00,537525
Oleksandr Medvedyev_567202920,Oleksandr Medvedyev,-3,0,25,33,-8,58,2021-11-07 03:45:00,537526
O Kutuzov_122729,O Kutuzov,-2,0,37,41,-4,78,2021-11-07 03:48:00,537527
K Malahov_122595,K Malahov,-2,0,33,39,-6,72,2021-11-07 03:49:00,537528
Oleksandr Kovalchuk_164599,Oleksandr Kovalchuk,-2,0,34,36,-2,70,2021-11-07 03:55:00,537529
Vitalii Marushchak_1404313986,Vitalii Marushchak,3,1,34,21,13,55,2021-11-07 04:00:00,537530
Serhii Bondarenko_164585,Serhii Bondarenko,-2,0,35,41,-6,76,2021-11-07 04:05:00,537531
T Turabekov_122764,T Turabekov,-2,0,29,36,-7,65,2021-11-07 04:09:00,537532
A Ilin_122596,A Ilin,3,1,33,13,20,46,2021-11-07 04:12:00,537533
Volodymyr Tuchkevych_393935593,Volodymyr Tuchkevych,-2,0,28,36,-8,64,2021-11-07 04:15:00,537534
E Masokin_122802,E Masokin,-3,0,21,33,-12,54,2021-11-07 04:16:00,537535
A Vlasov_122730,A Vlasov,-1,0,40,48,-8,88,2021-11-07 04:16:00,537536
Oleksandr Mishchenko_164600,Oleksandr Mishchenko,3,1,35,23,12,58,2021-11-07 04:25:00,537537
A Uvarov_122597,A Uvarov,-3,0,21,33,-12,54,2021-11-07 04:30:00,537538
Dmytro Baistriuchenko_1973063830,Dmytro Baistriuchenko,-2,0,34,37,-3,71,2021-11-07 04:30:00,537539
Oleksandr Buberenko_164586,Oleksandr Buberenko,2,1,49,45,4,94,2021-11-07 04:35:00,537540
A Aslanyan_122938,A Aslanyan,2,1,36,38,-2,74,2021-11-07 04:36:00,537541
E Masokin_122941,E Masokin,2,1,42,26,16,68,2021-11-07 04:44:00,537542
K Malahov_122598,K Malahov,-1,0,49,54,-5,103,2021-11-07 04:45:00,537543
Igor Demchuk_837527112,Igor Demchuk,1,1,51,47,4,98,2021-11-07 04:45:00,537544
O Kutuzov_122944,O Kutuzov,3,1,33,14,19,47,2021-11-07 04:50:00,537545
Yevhen Kyi_164601,Yevhen Kyi,2,1,36,27,9,63,2021-11-07 04:55:00,537546
V Putilovsky_122940,V Putilovsky,-3,0,28,34,-6,62,2021-11-07 05:03:00,537547
Oleksandr Liushnia_164587,Oleksandr Liushnia,-3,0,29,37,-8,66,2021-11-07 05:05:00,537548
Yu Lbov_122943,Yu Lbov,-2,0,32,49,-17,81,2021-11-07 05:15:00,537549
A Petrov_122942,A Petrov,-3,0,24,37,-13,61,2021-11-07 05:15:00,537550
Volodymyr Tuchkevych_394039112,Volodymyr Tuchkevych,-3,0,25,33,-8,58,2021-11-07 05:15:00,537551
Serhii Tkachev_164602,Serhii Tkachev,-2,0,44,44,0,88,2021-11-07 05:25:00,537552
Serhii Bondarenko_164588,Serhii Bondarenko,-1,0,51,49,2,100,2021-11-07 05:35:00,537553
A Uvarov_122822,A Uvarov,-3,0,15,33,-18,48,2021-11-07 05:37:00,537554
Oleksandr Mishchenko_164603,Oleksandr Mishchenko,3,1,33,20,13,53,2021-11-07 05:55:00,537555
A Ilin_122823,A Ilin,-2,0,34,38,-4,72,2021-11-07 05:57:00,537556
Oleksandr Lysenko_164589,Oleksandr Lysenko,2,1,43,29,14,72,2021-11-07 06:05:00,537557
Artem Chepurnyi_164604,Artem Chepurnyi,2,1,39,26,13,65,2021-11-07 06:25:00,537558
Serhii Bondarenko_164590,Serhii Bondarenko,-1,0,40,46,-6,86,2021-11-07 06:35:00,537559
Oleksandr Mishchenko_164605,Oleksandr Mishchenko,-3,0,18,33,-15,51,2021-11-07 06:55:00,537560
Oleksandr Gomilko_164591,Oleksandr Gomilko,-2,0,35,44,-9,79,2021-11-07 07:05:00,537561
Oleksandr Kovalchuk_164606,Oleksandr Kovalchuk,-3,0,28,36,-8,64,2021-11-07 07:25:00,537562
G Karpovkin_122866,G Karpovkin,2,1,41,27,14,68,2021-11-07 07:33:00,537563
V Pronin_122904,V Pronin,-3,0,23,33,-10,56,2021-11-07 07:48:00,537564
I Pandur_122832,I Pandur,-2,0,32,38,-6,70,2021-11-07 07:49:00,537565
Roman Mazur_164683,Roman Mazur,3,1,33,19,14,52,2021-11-07 07:50:00,537566
Oleksandr Levadnyi_1201290552,Oleksandr Levadnyi,3,1,33,19,14,52,2021-11-07 07:50:00,537567
Bohdan Zaika_1823331356,Bohdan Zaika,2,1,42,27,15,69,2021-11-07 07:55:00,537568
Serhii Burdelnyi_164910,Serhii Burdelnyi,2,1,42,30,12,72,2021-11-07 08:00:00,537569
S Ovechkin_122867,S Ovechkin,-2,0,37,43,-6,80,2021-11-07 08:01:00,537570
Maksym Balakiriev_164925,Maksym Balakiriev,-3,0,21,33,-12,54,2021-11-07 08:05:00,537571
Sviatoslav Sachuk_165057,Sviatoslav Sachuk,-3,0,19,33,-14,52,2021-11-07 08:10:00,537572
Anzhela Hassan_164733,Anzhela Hassan,3,1,33,21,12,54,2021-11-07 08:15:00,537573
R Agababyan_122833,R Agababyan,-2,0,30,42,-12,72,2021-11-07 08:17:00,537574
D Kolesnikov_122905,D Kolesnikov,2,1,46,40,6,86,2021-11-07 08:17:00,537575
Serhii Hot_164684,Serhii Hot,-3,0,19,33,-14,52,2021-11-07 08:20:00,537576
Roman Cherevko_877066061,Roman Cherevko,-2,0,31,42,-11,73,2021-11-07 08:25:00,537577
Dmytro Khairov_164911,Dmytro Khairov,3,1,33,14,19,47,2021-11-07 08:30:00,537578
Oleksandr Shchytka_1452788760,Oleksandr Shchytka,2,1,42,32,10,74,2021-11-07 08:30:00,537579
M Chernyavskiy_122868,M Chernyavskiy,3,1,33,19,14,52,2021-11-07 08:31:00,537580
Yevhenii Sokoltsov_164926,Yevhenii Sokoltsov,3,1,36,24,12,60,2021-11-07 08:35:00,537581
Illia Semeniuk_1741912058,Illia Semeniuk,1,1,44,37,7,81,2021-11-07 08:35:00,537582
Oleksandr Budnikov_165058,Oleksandr Budnikov,1,1,42,44,-2,86,2021-11-07 08:40:00,537583
Tatiana Bairak_574477256,Tatiana Bairak,-2,0,27,36,-9,63,2021-11-07 08:40:00,537584
Maksym Skhabovskyi_1723026940,Maksym Skhabovskyi,3,1,35,27,8,62,2021-11-07 08:45:00,537585
Olha Kurpa_164734,Olha Kurpa,2,1,47,36,11,83,2021-11-07 08:45:00,537586
I Tolmachev_122906,I Tolmachev,3,1,33,22,11,55,2021-11-07 08:47:00,537587
A Fedorov_122834,A Fedorov,2,1,46,40,6,86,2021-11-07 08:47:00,537588
Ihor Vasylyshyn_165015,Ihor Vasylyshyn,-1,0,45,48,-3,93,2021-11-07 08:50:00,537589
Taras Gil_164685,Taras Gil,1,1,45,45,0,90,2021-11-07 08:50:00,537590
Vasyl Pleshkan_1425721968,Vasyl Pleshkan,-3,0,27,35,-8,62,2021-11-07 08:50:00,537591
Maksym Tytskyi_164940,Maksym Tytskyi,-2,0,29,37,-8,66,2021-11-07 08:55:00,537592
Andrii Baklykov_1277432343,Andrii Baklykov,2,1,36,30,6,66,2021-11-07 08:55:00,537593
A Bogomolov_122869,A Bogomolov,-3,0,11,33,-22,44,2021-11-07 09:00:00,537594
Anton Molochko_821166893,Anton Molochko,-1,0,47,49,-2,96,2021-11-07 09:00:00,537595
V Dolezal_27493,V Dolezal,-2,0,33,42,-9,75,2021-11-07 09:00:00,537596
Vitalii Mukhin_164912,Vitalii Mukhin,-2,0,29,38,-9,67,2021-11-07 09:00:00,537597
Tomas Vorisek_164878,Tomas Vorisek,2,1,38,34,4,72,2021-11-07 09:00:00,537598
Ihor Kuznetsov_985242928,Ihor Kuznetsov,3,1,33,19,14,52,2021-11-07 09:05:00,537599
Serhii Levin_164927,Serhii Levin,1,1,55,51,4,106,2021-11-07 09:05:00,537600
Sviatoslav Sachuk_165059,Sviatoslav Sachuk,-3,0,32,38,-6,70,2021-11-07 09:10:00,537601
Uryi Leymanovskyi_1287007634,Uryi Leymanovskyi,-1,0,43,46,-3,89,2021-11-07 09:10:00,537602
Anzhela Hassan_164735,Anzhela Hassan,-3,0,25,34,-9,59,2021-11-07 09:15:00,537603
Lilia Melnikova_1297649995,Lilia Melnikova,1,1,49,48,1,97,2021-11-07 09:15:00,537604
Yu Gavrilov_122907,Yu Gavrilov,2,1,51,45,6,96,2021-11-07 09:16:00,537605
S Lanovenko_122835,S Lanovenko,1,1,52,47,5,99,2021-11-07 09:17:00,537606
Serhii Hot_164686,Serhii Hot,2,1,49,41,8,90,2021-11-07 09:20:00,537607
Vitalii Levytskyi_165016,Vitalii Levytskyi,-2,0,43,46,-3,89,2021-11-07 09:20:00,537608
Oleg Gavryluk_1395014448,Oleg Gavryluk,1,1,47,40,7,87,2021-11-07 09:20:00,537609
Roman Makarenko_164941,Roman Makarenko,-3,0,12,33,-21,45,2021-11-07 09:25:00,537610
Mykhailo Vivatenko_2040148851,Mykhailo Vivatenko,1,1,45,37,8,82,2021-11-07 09:25:00,537611
Jan Zajicek_164879,Jan Zajicek,-3,0,31,37,-6,68,2021-11-07 09:30:00,537612
M Chernyavskiy_122870,M Chernyavskiy,2,1,36,30,6,66,2021-11-07 09:30:00,537613
Dmytro Dubrovin_154390105,Dmytro Dubrovin,1,1,44,44,0,88,2021-11-07 09:30:00,537614
Dmytro Khairov_164913,Dmytro Khairov,-3,0,25,36,-11,61,2021-11-07 09:30:00,537615
Z Kasinski_27494,Z Kasinski,2,1,43,37,6,80,2021-11-07 09:30:00,537616
Roman Cherevko_983567986,Roman Cherevko,-2,0,31,39,-8,70,2021-11-07 09:35:00,537617
Yevhenii Sokoltsov_164928,Yevhenii Sokoltsov,2,1,46,34,12,80,2021-11-07 09:35:00,537618
Oleksandr Shchytka_1296358002,Oleksandr Shchytka,3,1,37,28,9,65,2021-11-07 09:40:00,537619
Ilya Parnyvoda_165060,Ilya Parnyvoda,1,1,51,43,8,94,2021-11-07 09:40:00,537620
Liliya Andrieieva_164736,Liliya Andrieieva,-1,0,44,48,-4,92,2021-11-07 09:45:00,537621
Illia Semeniuk_1616415909,Illia Semeniuk,-2,0,31,38,-7,69,2021-11-07 09:45:00,537622
A Fedorov_122836,A Fedorov,-2,0,32,38,-6,70,2021-11-07 09:47:00,537623
I Tolmachev_122908,I Tolmachev,-2,0,32,39,-7,71,2021-11-07 09:48:00,537624
Roman Mazur_164687,Roman Mazur,-3,0,25,35,-10,60,2021-11-07 09:50:00,537625
Ihor Vasylyshyn_165017,Ihor Vasylyshyn,2,1,40,32,8,72,2021-11-07 09:50:00,537626
Tatiana Bairak_329348631,Tatiana Bairak,-3,0,23,33,-10,56,2021-11-07 09:50:00,537627
Maksym Skhabovskyi_1897014557,Maksym Skhabovskyi,2,1,47,39,8,86,2021-11-07 09:55:00,537628
Roman Hnoievoi_164942,Roman Hnoievoi,-2,0,36,43,-7,79,2021-11-07 09:55:00,537629
Vasyl Pleshkan_2104325409,Vasyl Pleshkan,-1,0,42,42,0,84,2021-11-07 10:00:00,537630
Serhii Burdelnyi_164914,Serhii Burdelnyi,1,1,50,44,6,94,2021-11-07 10:00:00,537631
S Ovechkin_122871,S Ovechkin,-2,0,31,39,-8,70,2021-11-07 10:00:00,537632
Jan Zajicek_164880,Jan Zajicek,1,1,52,46,6,98,2021-11-07 10:00:00,537633
M Kolar_27495,M Kolar,3,1,34,22,12,56,2021-11-07 10:05:00,537634
Andrii Baklykov_707674178,Andrii Baklykov,2,1,39,33,6,72,2021-11-07 10:05:00,537635
Maksym Balakiriev_164929,Maksym Balakiriev,3,1,33,17,16,50,2021-11-07 10:05:00,537636
Oleksandr Levadnyi_1529836361,Oleksandr Levadnyi,-2,0,30,43,-13,73,2021-11-07 10:10:00,537637
Oleksandr Budnikov_165061,Oleksandr Budnikov,1,1,49,42,7,91,2021-11-07 10:10:00,537638
D Kolesnikov_122909,D Kolesnikov,-1,0,48,53,-5,101,2021-11-07 10:15:00,537639
Bohdan Zaika_1535044944,Bohdan Zaika,2,1,42,33,9,75,2021-11-07 10:15:00,537640
Olha Kurpa_164737,Olha Kurpa,-2,0,40,45,-5,85,2021-11-07 10:15:00,537641
R Agababyan_122837,R Agababyan,-3,0,20,33,-13,53,2021-11-07 10:17:00,537642
Kostiantyn Klymenko_165018,Kostiantyn Klymenko,-2,0,33,39,-6,72,2021-11-07 10:20:00,537643
Roman Reznichenko_936976904,Roman Reznichenko,-1,0,51,53,-2,104,2021-11-07 10:20:00,537644
Anatolii Dulich_164688,Anatolii Dulich,1,1,49,44,5,93,2021-11-07 10:20:00,537645
Roman Makarenko_164943,Roman Makarenko,3,1,33,18,15,51,2021-11-07 10:25:00,537646
Larisa Starikova_782504153,Larisa Starikova,-3,0,19,33,-14,52,2021-11-07 10:25:00,537647
Vadym Kucheriavyi_164915,Vadym Kucheriavyi,1,1,44,43,1,87,2021-11-07 10:30:00,537648
P Pycha_27496,P Pycha,3,1,33,22,11,55,2021-11-07 10:30:00,537649
Tomas Vorisek_164881,Tomas Vorisek,3,1,33,23,10,56,2021-11-07 10:30:00,537650
Dmytro Lohosha_909045320,Dmytro Lohosha,2,1,42,33,9,75,2021-11-07 10:30:00,537651
A Bogomolov_122945,A Bogomolov,2,1,43,34,9,77,2021-11-07 10:31:00,537652
Roman Demchuk_2088762524,Roman Demchuk,-3,0,20,33,-13,53,2021-11-07 10:35:00,537653
Artem Lisechko_164930,Artem Lisechko,3,1,33,18,15,51,2021-11-07 10:35:00,537654
Sergey Filatov_862196564,Sergey Filatov,-2,0,34,43,-9,77,2021-11-07 10:40:00,537655
Sviatoslav Sachuk_165062,Sviatoslav Sachuk,-1,0,41,50,-9,91,2021-11-07 10:40:00,537656
R Agababyan_122947,R Agababyan,1,1,44,47,-3,91,2021-11-07 10:45:00,537657
Anzhela Hassan_164738,Anzhela Hassan,3,1,34,18,16,52,2021-11-07 10:45:00,537658
Oleksii Krutko_1211660530,Oleksii Krutko,1,1,49,53,-4,102,2021-11-07 10:45:00,537659
V Pronin_122949,V Pronin,-1,0,35,49,-14,84,2021-11-07 10:46:00,537660
Taras Gil_164689,Taras Gil,2,1,42,35,7,77,2021-11-07 10:50:00,537661
Prokhor Puhach_854006754,Prokhor Puhach,1,1,47,47,0,94,2021-11-07 10:50:00,537662
Vitalii Levytskyi_165019,Vitalii Levytskyi,-2,0,32,42,-10,74,2021-11-07 10:50:00,537663
Uryi Leymanovskyi_929688081,Uryi Leymanovskyi,3,1,33,20,13,53,2021-11-07 10:55:00,537664
Maksym Tytskyi_164944,Maksym Tytskyi,-3,0,22,33,-11,55,2021-11-07 10:55:00,537665
Vitalii Mukhin_164916,Vitalii Mukhin,3,1,33,16,17,49,2021-11-07 11:00:00,537666
Daniel Barta_164882,Daniel Barta,3,1,33,16,17,49,2021-11-07 11:00:00,537667
G Karpovkin_122946,G Karpovkin,-2,0,40,44,-4,84,2021-11-07 11:00:00,537668
Lilia Melnikova_1223449692,Lilia Melnikova,-3,0,15,33,-18,48,2021-11-07 11:00:00,537669
M Kolar_27497,M Kolar,-1,0,46,50,-4,96,2021-11-07 11:00:00,537670
Serhii Levin_164931,Serhii Levin,2,1,35,35,0,70,2021-11-07 11:05:00,537671
Oleg Gavryluk_211402115,Oleg Gavryluk,-1,0,41,51,-10,92,2021-11-07 11:05:00,537672
Oleksandr Budnikov_165063,Oleksandr Budnikov,-1,0,45,49,-4,94,2021-11-07 11:10:00,537673
Mykhailo Vivatenko_1986047764,Mykhailo Vivatenko,2,1,43,44,-1,87,2021-11-07 11:10:00,537674
Olha Kurpa_164739,Olha Kurpa,2,1,45,40,5,85,2021-11-07 11:15:00,537675
Dmytro Dubrovin_2058904355,Dmytro Dubrovin,2,1,38,38,0,76,2021-11-07 11:15:00,537676
D Kolesnikov_122950,D Kolesnikov,1,1,50,43,7,93,2021-11-07 11:16:00,537677
A Fedorov_122948,A Fedorov,1,1,49,45,4,94,2021-11-07 11:16:00,537678
Serhii Hot_164690,Serhii Hot,1,1,41,39,2,80,2021-11-07 11:20:00,537679
Anton Molochko_172666893,Anton Molochko,-3,0,23,33,-10,56,2021-11-07 11:20:00,537680
Ihor Vasylyshyn_165020,Ihor Vasylyshyn,-2,0,40,44,-4,84,2021-11-07 11:20:00,537681
Ihor Kuznetsov_14212279,Ihor Kuznetsov,2,1,38,34,4,72,2021-11-07 11:25:00,537682
Yurii Kolesnyk_164945,Yurii Kolesnyk,-1,0,40,45,-5,85,2021-11-07 11:25:00,537683
Illia Semeniuk_871672044,Illia Semeniuk,-1,0,43,44,-1,87,2021-11-07 11:30:00,537684
Tomas Vorisek_164883,Tomas Vorisek,-2,0,38,42,-4,80,2021-11-07 11:30:00,537685
Dmytro Khairov_164917,Dmytro Khairov,-1,0,40,46,-6,86,2021-11-07 11:30:00,537686
E Tyurin_122872,E Tyurin,-2,0,36,41,-5,77,2021-11-07 11:31:00,537687
Yevhenii Sokoltsov_164932,Yevhenii Sokoltsov,-1,0,50,53,-3,103,2021-11-07 11:35:00,537688
Tatiana Bairak_1148939385,Tatiana Bairak,-2,0,27,41,-14,68,2021-11-07 11:35:00,537689
Z Kasinski_27498,Z Kasinski,3,1,33,23,10,56,2021-11-07 11:36:00,537690
Maksym Skhabovskyi_799961927,Maksym Skhabovskyi,2,1,40,30,10,70,2021-11-07 11:40:00,537691
Ilya Parnyvoda_165064,Ilya Parnyvoda,2,1,38,33,5,71,2021-11-07 11:40:00,537692
Vasyl Pleshkan_2102983075,Vasyl Pleshkan,-2,0,27,40,-13,67,2021-11-07 11:45:00,537693
Liliya Andrieieva_164740,Liliya Andrieieva,2,1,41,36,5,77,2021-11-07 11:45:00,537694
A Libatskii_122910,A Libatskii,-2,0,37,37,0,74,2021-11-07 11:47:00,537695
Andrii Baklykov_1779945229,Andrii Baklykov,3,1,33,15,18,48,2021-11-07 11:50:00,537696
Vitalii Levytskyi_165021,Vitalii Levytskyi,2,1,43,31,12,74,2021-11-07 11:50:00,537697
Roman Mazur_164691,Roman Mazur,-2,0,41,47,-6,88,2021-11-07 11:50:00,537698
I Novikov_122838,I Novikov,2,1,42,29,13,71,2021-11-07 11:53:00,537699
Roman Hnoievoi_164946,Roman Hnoievoi,-1,0,52,47,5,99,2021-11-07 11:55:00,537700
Roman Cherevko_1462329642,Roman Cherevko,2,1,45,33,12,78,2021-11-07 11:55:00,537701
Oleksandr Shchytka_2011270292,Oleksandr Shchytka,2,1,39,36,3,75,2021-11-07 12:00:00,537702
Serhii Burdelnyi_164918,Serhii Burdelnyi,3,1,35,22,13,57,2021-11-07 12:00:00,537703
V Dolezal_27523,V Dolezal,-1,0,48,54,-6,102,2021-11-07 12:00:00,537704
A Agapov_122873,A Agapov,-1,0,44,51,-7,95,2021-11-07 12:01:00,537705
Roman Reznichenko_1371812674,Roman Reznichenko,2,1,40,32,8,72,2021-11-07 12:05:00,537706
Maksym Balakiriev_164933,Maksym Balakiriev,-2,0,42,43,-1,85,2021-11-07 12:05:00,537707
Sviatoslav Sachuk_165065,Sviatoslav Sachuk,1,1,45,48,-3,93,2021-11-07 12:10:00,537708
Larisa Starikova_1900437328,Larisa Starikova,-3,0,28,34,-6,62,2021-11-07 12:10:00,537709
Roland Balog_165069,Roland Balog,2,1,44,41,3,85,2021-11-07 12:15:00,537710
Dmytro Lohosha_177795886,Dmytro Lohosha,3,1,34,22,12,56,2021-11-07 12:15:00,537711
Anzhela Hassan_164741,Anzhela Hassan,-3,0,23,33,-10,56,2021-11-07 12:15:00,537712
G Evglevskiy_122911,G Evglevskiy,-3,0,19,35,-16,54,2021-11-07 12:18:00,537713
T Turabekov_122839,T Turabekov,3,1,33,21,12,54,2021-11-07 12:18:00,537714
Roman Demchuk_518992605,Roman Demchuk,-3,0,22,34,-12,56,2021-11-07 12:20:00,537715
Kostiantyn Klymenko_165022,Kostiantyn Klymenko,1,1,45,39,6,84,2021-11-07 12:20:00,537716
Anatolii Dulich_164692,Anatolii Dulich,-3,0,25,35,-10,60,2021-11-07 12:20:00,537717
Sergey Filatov_2037561362,Sergey Filatov,-1,0,52,55,-3,107,2021-11-07 12:25:00,537718
Roman Makarenko_164947,Roman Makarenko,1,1,45,50,-5,95,2021-11-07 12:25:00,537719
Oleksandr Levadnyi_1607800663,Oleksandr Levadnyi,-3,0,16,33,-17,49,2021-11-07 12:30:00,537720
Vadym Kucheriavyi_164919,Vadym Kucheriavyi,3,1,35,28,7,63,2021-11-07 12:30:00,537721
Z Kasinski_27524,Z Kasinski,-2,0,37,40,-3,77,2021-11-07 12:34:00,537722
Bohdan Zaika_2120317530,Bohdan Zaika,-1,0,37,45,-8,82,2021-11-07 12:35:00,537723
Artem Lisechko_164934,Artem Lisechko,-3,0,28,35,-7,63,2021-11-07 12:35:00,537724
A Kuznetsov_122874,A Kuznetsov,3,1,33,18,15,51,2021-11-07 12:40:00,537725
Uryi Leymanovskyi_1653212162,Uryi Leymanovskyi,3,1,34,20,14,54,2021-11-07 12:40:00,537726
Yurii Kolos_165066,Yurii Kolos,3,1,33,21,12,54,2021-11-07 12:40:00,537727
Lilia Melnikova_1093300313,Lilia Melnikova,-3,0,18,33,-15,51,2021-11-07 12:45:00,537728
Daniel Barta_165070,Daniel Barta,-3,0,24,34,-10,58,2021-11-07 12:45:00,537729
Kateryna Somova_164742,Kateryna Somova,-3,0,19,33,-14,52,2021-11-07 12:45:00,537730
I Kovalev_122840,I Kovalev,-2,0,36,39,-3,75,2021-11-07 12:46:00,537731
A Slachshilin_122912,A Slachshilin,-1,0,55,49,6,104,2021-11-07 12:46:00,537732
Taras Gil_164693,Taras Gil,3,1,34,28,6,62,2021-11-07 12:50:00,537733
Ihor Vasylyshyn_165023,Ihor Vasylyshyn,1,1,47,40,7,87,2021-11-07 12:50:00,537734
Oleg Gavryluk_1282402027,Oleg Gavryluk,-2,0,40,42,-2,82,2021-11-07 12:50:00,537735
Mykhailo Vivatenko_2014731065,Mykhailo Vivatenko,-2,0,38,43,-5,81,2021-11-07 12:55:00,537736
Maksym Tytskyi_164948,Maksym Tytskyi,-3,0,18,33,-15,51,2021-11-07 12:55:00,537737
Dmytro Dubrovin_361539946,Dmytro Dubrovin,1,1,52,43,9,95,2021-11-07 13:00:00,537738
Artur Akopyan_164884,Artur Akopyan,-2,0,25,39,-14,64,2021-11-07 13:00:00,537739
Vitalii Mukhin_164920,Vitalii Mukhin,-3,0,25,36,-11,61,2021-11-07 13:00:00,537740
I Ramensky_122875,I Ramensky,1,1,47,46,1,93,2021-11-07 13:00:00,537741
Serhii Levin_164935,Serhii Levin,3,1,33,13,20,46,2021-11-07 13:05:00,537742
Oleksii Krutko_1137743144,Oleksii Krutko,2,1,34,33,1,67,2021-11-07 13:05:00,537743
Ja Kanera_27499,Ja Kanera,-1,0,45,52,-7,97,2021-11-07 13:07:00,537744
Prokhor Puhach_1662385479,Prokhor Puhach,-1,0,35,48,-13,83,2021-11-07 13:10:00,537745
Egor Kovpak_165071,Egor Kovpak,-3,0,13,33,-20,46,2021-11-07 13:10:00,537746
Kateryna Somova_165073,Kateryna Somova,1,1,48,42,6,90,2021-11-07 13:15:00,537747
Vadym Shvydkyi_728262851,Vadym Shvydkyi,1,1,48,37,11,85,2021-11-07 13:15:00,537748
A Tretyakov_122841,A Tretyakov,-3,0,25,37,-12,62,2021-11-07 13:17:00,537749
Yevhen Churpita_165024,Yevhen Churpita,2,1,38,28,10,66,2021-11-07 13:20:00,537750
Olena Telezhynska_1960607913,Olena Telezhynska,-1,0,46,52,-6,98,2021-11-07 13:20:00,537751
Roman Mazur_164694,Roman Mazur,1,1,57,53,4,110,2021-11-07 13:20:00,537752
Yurii Kolesnyk_164949,Yurii Kolesnyk,-2,0,32,40,-8,72,2021-11-07 13:25:00,537753
Andrii Khvysiuk_557063966,Andrii Khvysiuk,2,1,41,36,5,77,2021-11-07 13:25:00,537754
A Vaschenko_122913,A Vaschenko,2,1,38,38,0,76,2021-11-07 13:27:00,537755
Ihor Syniavskyi_2078127310,Ihor Syniavskyi,1,1,46,46,0,92,2021-11-07 13:30:00,537756
Serhii Burdelnyi_164921,Serhii Burdelnyi,3,1,35,26,9,61,2021-11-07 13:30:00,537757
Milan Liptak_164885,Milan Liptak,-2,0,34,42,-8,76,2021-11-07 13:30:00,537758
Davyd Symonchuk_1297417665,Davyd Symonchuk,3,1,34,20,14,54,2021-11-07 13:35:00,537759
Maksym Balakiriev_164936,Maksym Balakiriev,-2,0,36,44,-8,80,2021-11-07 13:35:00,537760
A Kuznetsov_122876,A Kuznetsov,1,1,49,39,10,88,2021-11-07 13:36:00,537761
K Brozik_27500,K Brozik,-3,0,25,34,-9,59,2021-11-07 13:38:00,537762
Yurii Kolos_165072,Yurii Kolos,-2,0,20,39,-19,59,2021-11-07 13:40:00,537763
Anton Molochko_2023643432,Anton Molochko,2,1,37,27,10,64,2021-11-07 13:40:00,537764
Ihor Kuznetsov_134385671,Ihor Kuznetsov,-3,0,16,33,-17,49,2021-11-07 13:45:00,537765
Marharyta Saltanovska_165074,Marharyta Saltanovska,3,1,33,13,20,46,2021-11-07 13:45:00,537766
I Kovalev_122842,I Kovalev,2,1,46,39,7,85,2021-11-07 13:46:00,537767
Oleh Hudyma_164695,Oleh Hudyma,-2,0,38,36,2,74,2021-11-07 13:50:00,537768
Illia Semeniuk_1409452914,Illia Semeniuk,-3,0,22,33,-11,55,2021-11-07 13:50:00,537769
A Slachshilin_122914,A Slachshilin,1,1,49,40,9,89,2021-11-07 13:51:00,537770
Oleksandr Osadchyi_165075,Oleksandr Osadchyi,3,1,33,18,15,51,2021-11-07 13:55:00,537771
Tatiana Bairak_1259269887,Tatiana Bairak,-2,0,32,44,-12,76,2021-11-07 13:55:00,537772
Roman Hnoievoi_164950,Roman Hnoievoi,3,1,36,27,9,63,2021-11-07 13:55:00,537773
Milan Liptak_164886,Milan Liptak,2,1,42,26,16,68,2021-11-07 14:00:00,537774
Maksym Skhabovskyi_1337756427,Maksym Skhabovskyi,-2,0,26,40,-14,66,2021-11-07 14:00:00,537775
Ivan Kazmirovskyi_164922,Ivan Kazmirovskyi,-2,0,25,40,-15,65,2021-11-07 14:00:00,537776
Jo Kutifel_27501,Jo Kutifel,1,1,42,46,-4,88,2021-11-07 14:00:00,537777
Vasyl Pleshkan_1334229285,Vasyl Pleshkan,-3,0,17,33,-16,50,2021-11-07 14:05:00,537778
Dmitriy Pereyaslovskyi_164937,Dmitriy Pereyaslovskyi,1,1,44,47,-3,91,2021-11-07 14:05:00,537779
A Agapov_122877,A Agapov,-1,0,43,48,-5,91,2021-11-07 14:09:00,537780
Andrii Baklykov_1676806189,Andrii Baklykov,3,1,33,20,13,53,2021-11-07 14:10:00,537781
Oleksandr Levadnyi_1034805210,Oleksandr Levadnyi,1,1,55,53,2,108,2021-11-07 14:15:00,537782
T Turabekov_122843,T Turabekov,2,1,41,35,6,76,2021-11-07 14:16:00,537783
Roman Mazur_164696,Roman Mazur,-3,0,22,34,-12,56,2021-11-07 14:20:00,537784
Bohdan Zaika_434791581,Bohdan Zaika,2,1,39,40,-1,79,2021-11-07 14:20:00,537785
G Evglevskiy_122915,G Evglevskiy,3,1,33,23,10,56,2021-11-07 14:20:00,537786
Yevhen Churpita_165076,Yevhen Churpita,1,1,53,54,-1,107,2021-11-07 14:25:00,537787
Andrii Shcherinskyi_896698377,Andrii Shcherinskyi,3,1,33,23,10,56,2021-11-07 14:25:00,537788
Maksym Tytskyi_164951,Maksym Tytskyi,1,1,46,45,1,91,2021-11-07 14:25:00,537789
Larisa Starikova_1213426474,Larisa Starikova,-1,0,50,58,-8,108,2021-11-07 14:30:00,537790
Serhii Burdelnyi_164923,Serhii Burdelnyi,2,1,36,34,2,70,2021-11-07 14:30:00,537791
Artur Akopyan_164887,Artur Akopyan,-1,0,48,48,0,96,2021-11-07 14:30:00,537792
T Postelt_27502,T Postelt,3,1,34,26,8,60,2021-11-07 14:33:00,537793
Oleg Gavryluk_1960156400,Oleg Gavryluk,-1,0,48,53,-5,101,2021-11-07 14:35:00,537794
Maksym Balakiriev_164938,Maksym Balakiriev,3,1,33,24,9,57,2021-11-07 14:35:00,537795
Roman Demchuk_1263466083,Roman Demchuk,-2,0,27,42,-15,69,2021-11-07 14:40:00,537796
A Agapov_122965,A Agapov,1,1,47,47,0,94,2021-11-07 14:44:00,537797
Oleksandr Zhukovskyi_554992463,Oleksandr Zhukovskyi,1,1,49,44,5,93,2021-11-07 14:45:00,537798
A Tretyakov_122963,A Tretyakov,3,1,34,20,14,54,2021-11-07 14:46:00,537799
A Libatskii_122961,A Libatskii,1,1,41,42,-1,83,2021-11-07 14:47:00,537800
Lev Kats_1036269749,Lev Kats,2,1,39,33,6,72,2021-11-07 14:50:00,537801
Serhii Hot_164697,Serhii Hot,-2,0,38,46,-8,84,2021-11-07 14:50:00,537802
Stanislav Harenko_1265020535,Stanislav Harenko,-1,0,44,51,-7,95,2021-11-07 14:55:00,537803
Oleksandr Lykhytskyi_164952,Oleksandr Lykhytskyi,-2,0,44,46,-2,90,2021-11-07 14:55:00,537804
Uryi Leymanovskyi_133215884,Uryi Leymanovskyi,2,1,41,40,1,81,2021-11-07 15:00:00,537805
Dmytro Khairov_164924,Dmytro Khairov,-3,0,21,34,-13,55,2021-11-07 15:00:00,537806
Jaroslav Puk_164888,Jaroslav Puk,2,1,43,37,6,80,2021-11-07 15:00:00,537807
Jo Kutifel_27503,Jo Kutifel,-2,0,35,43,-8,78,2021-11-07 15:00:00,537808
Yevhenii Sokoltsov_164939,Yevhenii Sokoltsov,-2,0,29,41,-12,70,2021-11-07 15:05:00,537809
Olena Telezhynska_171630298,Olena Telezhynska,1,1,46,33,13,79,2021-11-07 15:05:00,537810
Dmytro Lohosha_1207361470,Dmytro Lohosha,1,1,49,44,5,93,2021-11-07 15:10:00,537811
A Vaschenko_122962,A Vaschenko,-2,0,37,41,-4,78,2021-11-07 15:15:00,537812
I Ramensky_122966,I Ramensky,-3,0,18,33,-15,51,2021-11-07 15:15:00,537813
Mykhailo Vivatenko_2014762714,Mykhailo Vivatenko,-1,0,48,50,-2,98,2021-11-07 15:15:00,537814
I Novikov_122964,I Novikov,-2,0,27,37,-10,64,2021-11-07 15:16:00,537815
Ihor Dubyna_164773,Ihor Dubyna,3,1,33,13,20,46,2021-11-07 15:20:00,537816
Dmytro Dubrovin_417247161,Dmytro Dubrovin,-3,0,16,34,-18,50,2021-11-07 15:20:00,537817
Maksym Tytskyi_164953,Maksym Tytskyi,-3,0,23,34,-11,57,2021-11-07 15:25:00,537818
Oleksandr Levadnyi_1247057878,Oleksandr Levadnyi,3,1,44,32,12,76,2021-11-07 15:25:00,537819
Bohdan Zaika_2034728006,Bohdan Zaika,-1,0,48,44,4,92,2021-11-07 15:30:00,537820
Viktor Bereza_164788,Viktor Bereza,2,1,39,36,3,75,2021-11-07 15:30:00,537821
Artur Akopyan_164889,Artur Akopyan,-3,0,30,36,-6,66,2021-11-07 15:30:00,537822
K Brozik_27504,K Brozik,2,1,36,34,2,70,2021-11-07 15:31:00,537823
I Meteleshko_122878,I Meteleshko,-3,0,19,33,-14,52,2021-11-07 15:35:00,537824
Andrii Hrytsai_164955,Andrii Hrytsai,-2,0,28,42,-14,70,2021-11-07 15:35:00,537825
Valentyn Korovychenko_1397459573,Valentyn Korovychenko,-1,0,44,51,-7,95,2021-11-07 15:35:00,537826
Dmitriy Zaporozhets_967628644,Dmitriy Zaporozhets,-1,0,47,53,-6,100,2021-11-07 15:40:00,537827
Maryna Slashchova_164818,Maryna Slashchova,2,1,40,29,11,69,2021-11-07 15:40:00,537828
Oleh Pereguda_165034,Oleh Pereguda,3,1,36,26,10,62,2021-11-07 15:45:00,537829
A Innazarov_122916,A Innazarov,2,1,43,41,2,84,2021-11-07 15:46:00,537830
S Homutov_122844,S Homutov,2,1,45,37,8,82,2021-11-07 15:46:00,537831
Ihor Maiovka_164774,Ihor Maiovka,2,1,42,33,9,75,2021-11-07 15:50:00,537832
Dmytro Kalyniuk_1129582042,Dmytro Kalyniuk,1,1,56,53,3,109,2021-11-07 15:50:00,537833
Roman Makarenko_164954,Roman Makarenko,1,1,43,45,-2,88,2021-11-07 15:55:00,537834
Bohdan Havryliuk_164789,Bohdan Havryliuk,2,1,36,31,5,67,2021-11-07 16:00:00,537835
Roman Cherevko_1293907155,Roman Cherevko,-2,0,33,41,-8,74,2021-11-07 16:00:00,537836
V Staroverov_122879,V Staroverov,2,1,37,34,3,71,2021-11-07 16:01:00,537837
Taras Bonishchuk_164956,Taras Bonishchuk,-2,0,39,44,-5,83,2021-11-07 16:05:00,537838
Oleksandr Shchytka_2004208531,Oleksandr Shchytka,-3,0,17,33,-16,50,2021-11-07 16:05:00,537839
Vaclav Jr Hejda_165077,Vaclav Jr Hejda,-1,0,42,43,-1,85,2021-11-07 16:05:00,537840
Ja Kanera_27549,Ja Kanera,-2,0,34,42,-8,76,2021-11-07 16:08:00,537841
Denys Shcherbak_1472036878,Denys Shcherbak,3,1,33,19,14,52,2021-11-07 16:10:00,537842
Anastasia Degteva_164819,Anastasia Degteva,2,1,41,34,7,75,2021-11-07 16:10:00,537843
Andriy Kurtenko_956843722,Andriy Kurtenko,-1,0,39,50,-11,89,2021-11-07 16:15:00,537844
Oleksandr Goncharuk_165035,Oleksandr Goncharuk,2,1,42,36,6,78,2021-11-07 16:15:00,537845
Al Kuznetsov_122917,Al Kuznetsov,-2,0,27,40,-13,67,2021-11-07 16:15:00,537846
I Matveyev_122845,I Matveyev,3,1,33,22,11,55,2021-11-07 16:16:00,537847
Ivan Makohon_164775,Ivan Makohon,-1,0,37,49,-12,86,2021-11-07 16:20:00,537848
Yurii Nevmyvaka_1971814035,Yurii Nevmyvaka,2,1,40,28,12,68,2021-11-07 16:20:00,537849
Oleksandr Gomilko_164970,Oleksandr Gomilko,1,1,52,46,6,98,2021-11-07 16:25:00,537850
Oleksii Romaniv_1683920928,Oleksii Romaniv,2,1,41,28,13,69,2021-11-07 16:25:00,537851
V Nemashkalo_122880,V Nemashkalo,-2,0,28,41,-13,69,2021-11-07 16:30:00,537852
Jo Kutifel_27550,Jo Kutifel,-3,0,23,33,-10,56,2021-11-07 16:30:00,537853
Vasyl Kondratenko_164790,Vasyl Kondratenko,2,1,39,30,9,69,2021-11-07 16:30:00,537854
Jaroslav Puk_165078,Jaroslav Puk,2,1,41,32,9,73,2021-11-07 16:35:00,537855
Oleksandr Melashenko_164957,Oleksandr Melashenko,1,1,55,53,2,108,2021-11-07 16:35:00,537856
Roman Cherevko_380659228,Roman Cherevko,1,1,51,49,2,100,2021-11-07 16:35:00,537857
Stanislav Harenko_1471589893,Stanislav Harenko,-3,0,18,33,-15,51,2021-11-07 16:40:00,537858
Tamara Kravchuk_164820,Tamara Kravchuk,-1,0,47,49,-2,96,2021-11-07 16:40:00,537859
Serhii Semenets_165036,Serhii Semenets,1,1,54,50,4,104,2021-11-07 16:45:00,537860
D Kolesnikov_122846,D Kolesnikov,-2,0,39,44,-5,83,2021-11-07 16:45:00,537861
Valentyn Korovychenko_418302435,Valentyn Korovychenko,2,1,45,36,9,81,2021-11-07 16:45:00,537862
V Petrov_122918,V Petrov,-2,0,28,45,-17,73,2021-11-07 16:47:00,537863
Ihor Maiovka_164776,Ihor Maiovka,3,1,36,22,14,58,2021-11-07 16:50:00,537864
Dmitriy Zaporozhets_1809178369,Dmitriy Zaporozhets,1,1,50,45,5,95,2021-11-07 16:50:00,537865
Dmytro Rehotun_164971,Dmytro Rehotun,2,1,43,46,-3,89,2021-11-07 16:55:00,537866
Viktor Milishcuk_523054131,Viktor Milishcuk,-2,0,27,39,-12,66,2021-11-07 16:55:00,537867
Dmytro Kalyniuk_787358197,Dmytro Kalyniuk,-1,0,43,47,-4,90,2021-11-07 17:00:00,537868
L Protiva_27505,L Protiva,2,1,41,31,10,72,2021-11-07 17:00:00,537869
Bohdan Havryliuk_164791,Bohdan Havryliuk,-2,0,37,45,-8,82,2021-11-07 17:00:00,537870
Jakub Merta_164890,Jakub Merta,-2,0,34,43,-9,77,2021-11-07 17:00:00,537871
S Muslikov_122881,S Muslikov,-3,0,24,34,-10,58,2021-11-07 17:01:00,537872
Taras Bonishchuk_164958,Taras Bonishchuk,2,1,42,32,10,74,2021-11-07 17:05:00,537873
Oleksandr Levadnyi_1607842938,Oleksandr Levadnyi,-1,0,40,51,-11,91,2021-11-07 17:10:00,537874
Anastasia Degteva_164821,Anastasia Degteva,3,1,33,22,11,55,2021-11-07 17:10:00,537875
Oleksandr Goncharuk_165037,Oleksandr Goncharuk,-2,0,33,43,-10,76,2021-11-07 17:15:00,537876
Illia Yanishevskiy_414426253,Illia Yanishevskiy,1,1,53,48,5,101,2021-11-07 17:15:00,537877
V Bazilevskiy_122847,V Bazilevskiy,-2,0,31,41,-10,72,2021-11-07 17:16:00,537878
M Pronkin_122919,M Pronkin,-1,0,45,43,2,88,2021-11-07 17:16:00,537879
Ihor Dubyna_164777,Ihor Dubyna,3,1,33,25,8,58,2021-11-07 17:20:00,537880
Uryi Schepanskyi_198896072,Uryi Schepanskyi,3,1,33,21,12,54,2021-11-07 17:20:00,537881
Andriy Kurtenko_1662392568,Andriy Kurtenko,2,1,39,28,11,67,2021-11-07 17:25:00,537882
Viacheslav Isakov_164972,Viacheslav Isakov,3,1,33,23,10,56,2021-11-07 17:25:00,537883
Daniel Barta_164891,Daniel Barta,-1,0,51,51,0,102,2021-11-07 17:30:00,537884
L Boruvka_27506,L Boruvka,3,1,34,23,11,57,2021-11-07 17:30:00,537885
Viktor Bereza_164792,Viktor Bereza,1,1,51,45,6,96,2021-11-07 17:30:00,537886
V Nemashkalo_122882,V Nemashkalo,-3,0,20,33,-13,53,2021-11-07 17:30:00,537887
Yurii Nevmyvaka_1227576063,Yurii Nevmyvaka,-2,0,29,41,-12,70,2021-11-07 17:30:00,537888
Oleksandr Staryi_1288854263,Oleksandr Staryi,-2,0,31,43,-12,74,2021-11-07 17:35:00,537889
Andrii Hrytsai_164959,Andrii Hrytsai,2,1,44,33,11,77,2021-11-07 17:35:00,537890
Maryna Slashchova_164822,Maryna Slashchova,-3,0,16,33,-17,49,2021-11-07 17:40:00,537891
Anton Molochko_1527959133,Anton Molochko,-1,0,48,49,-1,97,2021-11-07 17:45:00,537892
Oleh Pereguda_165038,Oleh Pereguda,-1,0,40,48,-8,88,2021-11-07 17:45:00,537893
D Kolesnikov_122848,D Kolesnikov,1,1,49,40,9,89,2021-11-07 17:47:00,537894
Vlas Barei_164778,Vlas Barei,-1,0,44,51,-7,95,2021-11-07 17:50:00,537895
Dmytro Lazuryk_164985,Dmytro Lazuryk,-1,0,47,52,-5,99,2021-11-07 17:50:00,537896
Ihor Kuznetsov_587728320,Ihor Kuznetsov,3,1,34,20,14,54,2021-11-07 17:50:00,537897
V Petrov_122920,V Petrov,-1,0,44,48,-4,92,2021-11-07 17:51:00,537898
Denys Shcherbak_710772542,Denys Shcherbak,2,1,39,33,6,72,2021-11-07 17:55:00,537899
Dmytro Rehotun_164973,Dmytro Rehotun,-3,0,25,33,-8,58,2021-11-07 17:55:00,537900
Igor Koshkodan_164793,Igor Koshkodan,1,1,47,43,4,90,2021-11-07 18:00:00,537901
Dmitriy Zaporozhets_972884122,Dmitriy Zaporozhets,-3,0,15,33,-18,48,2021-11-07 18:00:00,537902
Daniel Barta_164892,Daniel Barta,1,1,44,47,-3,91,2021-11-07 18:00:00,537903
Jo Medek_27507,Jo Medek,3,1,33,18,15,51,2021-11-07 18:00:00,537904
V Staroverov_122883,V Staroverov,2,1,43,27,16,70,2021-11-07 18:01:00,537905
Roman Bambutsa_164960,Roman Bambutsa,1,1,59,59,0,118,2021-11-07 18:05:00,537906
Vasil Salivonchyk_112060170,Vasil Salivonchyk,2,1,40,33,7,73,2021-11-07 18:05:00,537907
Oleksii Romaniv_558495629,Oleksii Romaniv,-1,0,50,52,-2,102,2021-11-07 18:10:00,537908
Olha Kostiuk_164823,Olha Kostiuk,-1,0,47,49,-2,96,2021-11-07 18:10:00,537909
Andrii Semeniuk_165039,Andrii Semeniuk,-1,0,42,47,-5,89,2021-11-07 18:15:00,537910
I Matveyev_122849,I Matveyev,-2,0,32,40,-8,72,2021-11-07 18:17:00,537911
Oleksandr Brezytskyi_582678865,Oleksandr Brezytskyi,1,1,52,44,8,96,2021-11-07 18:20:00,537912
Ivan Makohon_164779,Ivan Makohon,-1,0,50,46,4,96,2021-11-07 18:20:00,537913
Artem Yurkov_164986,Artem Yurkov,2,1,47,40,7,87,2021-11-07 18:20:00,537914
Al Kuznetsov_122921,Al Kuznetsov,-1,0,48,47,1,95,2021-11-07 18:23:00,537915
Oleksii Tiutiunnyk_458356087,Oleksii Tiutiunnyk,1,1,46,46,0,92,2021-11-07 18:25:00,537916
Oleksandr Gomilko_164974,Oleksandr Gomilko,1,1,51,45,6,96,2021-11-07 18:25:00,537917
Jakub Merta_164893,Jakub Merta,-2,0,33,38,-5,71,2021-11-07 18:30:00,537918
Vasyl Kondratenko_164794,Vasyl Kondratenko,-3,0,19,34,-15,53,2021-11-07 18:30:00,537919
Valentyn Korovychenko_1852214991,Valentyn Korovychenko,-2,0,26,37,-11,63,2021-11-07 18:30:00,537920
V Nemashkalo_123035,V Nemashkalo,-3,0,20,33,-13,53,2021-11-07 18:30:00,537921
jr. Hruska_27508,jr. Hruska,2,1,41,29,12,70,2021-11-07 18:30:00,537922
Oleksandr Melashenko_164961,Oleksandr Melashenko,-2,0,32,40,-8,72,2021-11-07 18:35:00,537923
Alexander Leonenko_1151368345,Alexander Leonenko,3,1,33,17,16,50,2021-11-07 18:35:00,537924
Viktor Milishcuk_1566373191,Viktor Milishcuk,-2,0,27,42,-15,69,2021-11-07 18:40:00,537925
Tamara Kravchuk_164824,Tamara Kravchuk,-3,0,20,33,-13,53,2021-11-07 18:40:00,537926
Dmytro Kalyniuk_717171472,Dmytro Kalyniuk,3,1,33,17,16,50,2021-11-07 18:45:00,537927
Serhii Semenets_165040,Serhii Semenets,-2,0,37,41,-4,78,2021-11-07 18:45:00,537928
Ihor Maiovka_164780,Ihor Maiovka,-3,0,29,35,-6,64,2021-11-07 18:50:00,537929
V Bazilevskiy_123071,V Bazilevskiy,1,1,47,42,5,89,2021-11-07 18:50:00,537930
Andrii Dombrovskyi_164987,Andrii Dombrovskyi,-3,0,20,33,-13,53,2021-11-07 18:50:00,537931
Oleksandr Buberenko_164975,Oleksandr Buberenko,1,1,52,53,-1,105,2021-11-07 18:55:00,537932
Maksym Zhuravliov_1907793535,Maksym Zhuravliov,-1,0,43,49,-6,92,2021-11-07 18:55:00,537933
S Muslikov_123036,S Muslikov,-2,0,30,43,-13,73,2021-11-07 19:00:00,537934
Jan Zajicek_164894,Jan Zajicek,-1,0,46,46,0,92,2021-11-07 19:00:00,537935
Bohdan Havryliuk_164795,Bohdan Havryliuk,1,1,50,46,4,96,2021-11-07 19:00:00,537936
Oleksii Tiutiunnyk_1736463188,Oleksii Tiutiunnyk,2,1,42,30,12,72,2021-11-07 19:00:00,537937
Jo Medek_27509,Jo Medek,1,1,49,45,4,94,2021-11-07 19:01:00,537938
Al Kuznetsov_123073,Al Kuznetsov,2,1,40,31,9,71,2021-11-07 19:01:00,537939
Taras Bonishchuk_164962,Taras Bonishchuk,2,1,46,40,6,86,2021-11-07 19:05:00,537940
Uryi Schepanskyi_63089499,Uryi Schepanskyi,3,1,33,22,11,55,2021-11-07 19:05:00,537941
Andriy Kurtenko_188927509,Andriy Kurtenko,2,1,37,31,6,68,2021-11-07 19:10:00,537942
Anastasia Degteva_164825,Anastasia Degteva,-1,0,45,48,-3,93,2021-11-07 19:10:00,537943
Yurii Nevmyvaka_1663667202,Yurii Nevmyvaka,1,1,42,40,2,82,2021-11-07 19:15:00,537944
Oleksandr Goncharuk_165041,Oleksandr Goncharuk,-1,0,47,50,-3,97,2021-11-07 19:15:00,537945
Ihor Dubyna_164781,Ihor Dubyna,3,1,33,22,11,55,2021-11-07 19:20:00,537946
Artem Yurkov_164988,Artem Yurkov,1,1,53,48,5,101,2021-11-07 19:20:00,537947
Oleksandr Staryi_632403643,Oleksandr Staryi,-3,0,19,33,-14,52,2021-11-07 19:20:00,537948
I Matveyev_123072,I Matveyev,1,1,51,50,1,101,2021-11-07 19:23:00,537949
V Petrov_123074,V Petrov,1,1,53,48,5,101,2021-11-07 19:25:00,537950
Viacheslav Isakov_164976,Viacheslav Isakov,-2,0,39,48,-9,87,2021-11-07 19:25:00,537951
I Zemit_122884,I Zemit,-1,0,45,47,-2,92,2021-11-07 19:30:00,537952
Viktor Bereza_164796,Viktor Bereza,3,1,33,20,13,53,2021-11-07 19:30:00,537953
Oleksandr Brezytskyi_82695571,Oleksandr Brezytskyi,2,1,47,30,17,77,2021-11-07 19:30:00,537954
Jakub Merta_164895,Jakub Merta,3,1,34,23,11,57,2021-11-07 19:30:00,537955
L Boruvka_27510,L Boruvka,3,1,33,20,13,53,2021-11-07 19:32:00,537956
Yaroslav Ivanytsia_920683499,Yaroslav Ivanytsia,-1,0,45,48,-3,93,2021-11-07 19:35:00,537957
Andrii Hrytsai_164963,Andrii Hrytsai,3,1,34,28,6,62,2021-11-07 19:35:00,537958
Maryna Slashchova_164826,Maryna Slashchova,3,1,34,23,11,57,2021-11-07 19:40:00,537959
Denys Shcherbak_1790959178,Denys Shcherbak,2,1,47,39,8,86,2021-11-07 19:40:00,537960
Oleh Pereguda_165042,Oleh Pereguda,-3,0,21,33,-12,54,2021-11-07 19:45:00,537961
Dmitriy Zaporozhets_91740804,Dmitriy Zaporozhets,2,1,40,30,10,70,2021-11-07 19:45:00,537962
Vasil Salivonchyk_2015121739,Vasil Salivonchyk,-1,0,48,49,-1,97,2021-11-07 19:50:00,537963
Dmytro Lazuryk_164989,Dmytro Lazuryk,2,1,40,24,16,64,2021-11-07 19:50:00,537964
Vlas Barei_164782,Vlas Barei,2,1,42,37,5,79,2021-11-07 19:50:00,537965
Dmytro Rehotun_164977,Dmytro Rehotun,2,1,42,34,8,76,2021-11-07 19:55:00,537966
Oleksii Romaniv_502033819,Oleksii Romaniv,1,1,43,40,3,83,2021-11-07 19:55:00,537967
Igor Koshkodan_164797,Igor Koshkodan,-3,0,26,35,-9,61,2021-11-07 20:00:00,537968
L Protiva_27551,L Protiva,3,1,33,25,8,58,2021-11-07 20:00:00,537969
G Bardyshev_122885,G Bardyshev,2,1,43,28,15,71,2021-11-07 20:01:00,537970
S Burov_122922,S Burov,3,1,33,21,12,54,2021-11-07 20:01:00,537971
Roman Bambutsa_164964,Roman Bambutsa,1,1,44,48,-4,92,2021-11-07 20:05:00,537972
Maksym Zhuravliov_75039123,Maksym Zhuravliov,-3,0,15,33,-18,48,2021-11-07 20:05:00,537973
V Marshalov_122850,V Marshalov,3,1,33,19,14,52,2021-11-07 20:08:00,537974
Oleksii Tiutiunnyk_1256053659,Oleksii Tiutiunnyk,2,1,40,28,12,68,2021-11-07 20:10:00,537975
Olha Kostiuk_164827,Olha Kostiuk,2,1,42,37,5,79,2021-11-07 20:10:00,537976
Andrii Semeniuk_165043,Andrii Semeniuk,-3,0,25,33,-8,58,2021-11-07 20:15:00,537977
Anatolii Lievshin_1456097940,Anatolii Lievshin,2,1,41,31,10,72,2021-11-07 20:15:00,537978
Serhii Rak_164990,Serhii Rak,1,1,44,40,4,84,2021-11-07 20:20:00,537979
Ivan Makohon_164783,Ivan Makohon,-2,0,30,42,-12,72,2021-11-07 20:20:00,537980
Andriy Kurtenko_1671555727,Andriy Kurtenko,1,1,53,39,14,92,2021-11-07 20:20:00,537981
V Demchenko_122923,V Demchenko,2,1,41,28,13,69,2021-11-07 20:22:00,537982
Oleksandr Gomilko_164978,Oleksandr Gomilko,2,1,41,32,9,73,2021-11-07 20:25:00,537983
D Petrochenko_122851,D Petrochenko,3,1,33,15,18,48,2021-11-07 20:25:00,537984
Viktor Milishcuk_1844829047,Viktor Milishcuk,2,1,43,38,5,81,2021-11-07 20:25:00,537985
Jo Medek_27552,Jo Medek,-3,0,18,33,-15,51,2021-11-07 20:30:00,537986
Vasyl Kondratenko_164798,Vasyl Kondratenko,-2,0,33,40,-7,73,2021-11-07 20:30:00,537987
Oleksandr Hainovskyi_318890927,Oleksandr Hainovskyi,-2,0,36,42,-6,78,2021-11-07 20:30:00,537988
E Makarenkov_122886,E Makarenkov,1,1,50,39,11,89,2021-11-07 20:30:00,537989
Roland Balog_165337,Roland Balog,2,1,37,35,2,72,2021-11-07 20:35:00,537990
Oleksandr Melashenko_164965,Oleksandr Melashenko,1,1,47,42,5,89,2021-11-07 20:35:00,537991
Tamara Kravchuk_164828,Tamara Kravchuk,2,1,48,41,7,89,2021-11-07 20:40:00,537992
Oleksandr Brezytskyi_526381879,Oleksandr Brezytskyi,-3,0,19,33,-14,52,2021-11-07 20:40:00,537993
Serhii Semenets_165044,Serhii Semenets,-3,0,23,35,-12,58,2021-11-07 20:45:00,537994
Yaroslav Ivanytsia_558633625,Yaroslav Ivanytsia,1,1,47,48,-1,95,2021-11-07 20:45:00,537995
E Mishutin_122852,E Mishutin,-1,0,36,48,-12,84,2021-11-07 20:47:00,537996
K Malahov_122924,K Malahov,-3,0,17,33,-16,50,2021-11-07 20:49:00,537997
Ihor Dubyna_164784,Ihor Dubyna,2,1,41,29,12,70,2021-11-07 20:50:00,537998
Andrii Dombrovskyi_164991,Andrii Dombrovskyi,3,1,35,24,11,59,2021-11-07 20:50:00,537999
Valentyn Korovychenko_1882986736,Valentyn Korovychenko,-3,0,16,33,-17,49,2021-11-07 20:50:00,538000
Oleksandr Buberenko_164979,Oleksandr Buberenko,3,1,33,15,18,48,2021-11-07 20:55:00,538001
Dmitriy Zaporozhets_1642479049,Dmitriy Zaporozhets,2,1,36,31,5,67,2021-11-07 20:55:00,538002
Tomas Lukes_164896,Tomas Lukes,2,1,37,27,10,64,2021-11-07 21:00:00,538003
Yurii Novokhatskyi_557031937,Yurii Novokhatskyi,1,1,46,45,1,91,2021-11-07 21:00:00,538004
T Batthyany_27511,T Batthyany,-3,0,25,33,-8,58,2021-11-07 21:00:00,538005
Viktor Bereza_164799,Viktor Bereza,-3,0,20,33,-13,53,2021-11-07 21:00:00,538006
I Mihaylov_122887,I Mihaylov,2,1,40,29,11,69,2021-11-07 21:01:00,538007
Daniel Barta_165338,Daniel Barta,-2,0,34,42,-8,76,2021-11-07 21:05:00,538008
Dmytro Kalyniuk_1182670136,Dmytro Kalyniuk,1,1,55,40,15,95,2021-11-07 21:05:00,538009
Andrii Hrytsai_164966,Andrii Hrytsai,-1,0,43,51,-8,94,2021-11-07 21:05:00,538010
Maryna Slashchova_164829,Maryna Slashchova,-3,0,27,34,-7,61,2021-11-07 21:10:00,538011
Oleh Pereguda_165045,Oleh Pereguda,-3,0,11,33,-22,44,2021-11-07 21:15:00,538012
P Zjuzikov_122925,P Zjuzikov,-1,0,43,45,-2,88,2021-11-07 21:15:00,538013
Maksym Zhuravliov_84427908,Maksym Zhuravliov,1,1,48,48,0,96,2021-11-07 21:15:00,538014
I Moshkov_122853,I Moshkov,-1,0,49,55,-6,104,2021-11-07 21:18:00,538015
Artem Yurkov_164992,Artem Yurkov,-3,0,17,33,-16,50,2021-11-07 21:20:00,538016
Oleksandr Brezytskyi_1315719219,Oleksandr Brezytskyi,1,1,40,43,-3,83,2021-11-07 21:20:00,538017
Rostyslav Fylypiv_164785,Rostyslav Fylypiv,2,1,39,31,8,70,2021-11-07 21:20:00,538018
Valentyn Korovychenko_592892067,Valentyn Korovychenko,2,1,40,32,8,72,2021-11-07 21:25:00,538019
Viacheslav Isakov_164980,Viacheslav Isakov,2,1,42,34,8,76,2021-11-07 21:25:00,538020
Jiri Cermak_164897,Jiri Cermak,2,1,43,31,12,74,2021-11-07 21:30:00,538021
E Makarenkov_122888,E Makarenkov,-1,0,41,44,-3,85,2021-11-07 21:30:00,538022
Ji Louda_27512,Ji Louda,2,1,43,37,6,80,2021-11-07 21:30:00,538023
Andriy Kurtenko_2101238093,Andriy Kurtenko,-1,0,47,46,1,93,2021-11-07 21:30:00,538024
Valentyn Lobas_164800,Valentyn Lobas,2,1,45,32,13,77,2021-11-07 21:30:00,538025
Roman Yushko_164967,Roman Yushko,-1,0,46,55,-9,101,2021-11-07 21:35:00,538026
Yurii Nevmyvaka_1586774123,Yurii Nevmyvaka,3,1,33,18,15,51,2021-11-07 21:35:00,538027
Liliia Nerush_164830,Liliia Nerush,-3,0,17,33,-16,50,2021-11-07 21:40:00,538028
Oleksandr Hainovskyi_1805711686,Oleksandr Hainovskyi,1,1,51,42,9,93,2021-11-07 21:40:00,538029
Vladyslav Pavliuk_165046,Vladyslav Pavliuk,2,1,45,34,11,79,2021-11-07 21:45:00,538030
Yevhenii Omitsynskyi_415335759,Yevhenii Omitsynskyi,-2,0,37,49,-12,86,2021-11-07 21:50:00,538031
Ihor Dubyna_164786,Ihor Dubyna,3,1,33,21,12,54,2021-11-07 21:50:00,538032
Dmytro Lazuryk_164993,Dmytro Lazuryk,-1,0,49,53,-4,102,2021-11-07 21:50:00,538033
K Malahov_122926,K Malahov,-3,0,24,33,-9,57,2021-11-07 21:51:00,538034
E Mishutin_122854,E Mishutin,-2,0,30,44,-14,74,2021-11-07 21:52:00,538035
Oleksandr Brezytskyi_1106849711,Oleksandr Brezytskyi,1,1,47,37,10,84,2021-11-07 21:55:00,538036
Oleksandr Gomilko_164981,Oleksandr Gomilko,-1,0,43,50,-7,93,2021-11-07 21:55:00,538037
Uryi Schepanskyi_1953395352,Uryi Schepanskyi,-1,0,43,50,-7,93,2021-11-07 22:00:00,538038
M Sulc_27513,M Sulc,1,1,45,42,3,87,2021-11-07 22:00:00,538039
Viktor Bereza_164801,Viktor Bereza,3,1,33,17,16,50,2021-11-07 22:00:00,538040
Jiri Cermak_164898,Jiri Cermak,1,1,49,45,4,94,2021-11-07 22:00:00,538041
Alexander Leonenko_1369403011,Alexander Leonenko,3,1,33,20,13,53,2021-11-07 22:05:00,538042
Andrii Hrytsai_164968,Andrii Hrytsai,3,1,33,25,8,58,2021-11-07 22:05:00,538043
G Bardyshev_122889,G Bardyshev,1,1,50,46,4,96,2021-11-07 22:06:00,538044
Viktor Milishcuk_207029647,Viktor Milishcuk,3,1,34,22,12,56,2021-11-07 22:10:00,538045
Maryna Slashchova_164831,Maryna Slashchova,-3,0,24,36,-12,60,2021-11-07 22:10:00,538046
Oleh Pereguda_165047,Oleh Pereguda,2,1,37,37,0,74,2021-11-07 22:15:00,538047
Dmytro Kalyniuk_191869633,Dmytro Kalyniuk,-3,0,29,35,-6,64,2021-11-07 22:15:00,538048
V Demchenko_122927,V Demchenko,-1,0,47,44,3,91,2021-11-07 22:16:00,538049
D Petrochenko_122855,D Petrochenko,-3,0,19,33,-14,52,2021-11-07 22:17:00,538050
Serhii Rak_164994,Serhii Rak,2,1,44,40,4,84,2021-11-07 22:20:00,538051
Ihor Maiovka_164787,Ihor Maiovka,2,1,40,27,13,67,2021-11-07 22:20:00,538052
Oleksii Tiutiunnyk_299551555,Oleksii Tiutiunnyk,1,1,50,40,10,90,2021-11-07 22:25:00,538053
Oleksandr Liushnia_164982,Oleksandr Liushnia,-2,0,45,49,-4,94,2021-11-07 22:25:00,538054
Tomas Lukes_164899,Tomas Lukes,-1,0,50,49,1,99,2021-11-07 22:30:00,538055
M Huk_27514,M Huk,2,1,43,34,9,77,2021-11-07 22:30:00,538056
Bohdan Havryliuk_164802,Bohdan Havryliuk,-1,0,44,45,-1,89,2021-11-07 22:30:00,538057
Taras Bonishchuk_164969,Taras Bonishchuk,3,1,33,20,13,53,2021-11-07 22:35:00,538058
Anastasia Degteva_164832,Anastasia Degteva,1,1,52,47,5,99,2021-11-07 22:40:00,538059
Yurii Nevmyvaka_1369441959,Yurii Nevmyvaka,1,1,46,44,2,90,2021-11-07 22:45:00,538060
Oleksandr Goncharuk_165048,Oleksandr Goncharuk,-2,0,26,41,-15,67,2021-11-07 22:45:00,538061
E Mishutin_123075,E Mishutin,-2,0,31,43,-12,74,2021-11-07 22:46:00,538062
I Zemit_123077,I Zemit,-1,0,37,48,-11,85,2021-11-07 22:49:00,538063
Andrii Dombrovskyi_164995,Andrii Dombrovskyi,-1,0,38,47,-9,85,2021-11-07 22:50:00,538064
K Malahov_123079,K Malahov,-3,0,23,35,-12,58,2021-11-07 22:52:00,538065
Oleksandr Gomilko_164983,Oleksandr Gomilko,3,1,37,24,13,61,2021-11-07 22:55:00,538066
M Sulc_27515,M Sulc,-2,0,34,41,-7,75,2021-11-07 22:59:00,538067
David Brichacek_164900,David Brichacek,-1,0,52,50,2,102,2021-11-07 23:00:00,538068
Andrii Zeniuk_1267617402,Andrii Zeniuk,2,1,41,38,3,79,2021-11-07 23:00:00,538069
V Demchenko_123080,V Demchenko,3,1,34,25,9,59,2021-11-07 23:15:00,538070
D Petrochenko_123076,D Petrochenko,1,1,44,47,-3,91,2021-11-07 23:16:00,538071
G Bardyshev_123078,G Bardyshev,1,1,47,42,5,89,2021-11-07 23:17:00,538072
Dmytro Lazuryk_164996,Dmytro Lazuryk,-2,0,41,43,-2,84,2021-11-07 23:20:00,538073
Dmytro Rehotun_164984,Dmytro Rehotun,-1,0,54,56,-2,110,2021-11-07 23:25:00,538074
Tomas Lukes_164901,Tomas Lukes,1,1,45,40,5,85,2021-11-07 23:30:00,538075
Vitalii Zharskiy_1381517676,Vitalii Zharskiy,2,1,42,40,2,82,2021-11-07 23:30:00,538076
Ji Louda_27516,Ji Louda,2,1,41,28,13,69,2021-11-07 23:30:00,538077
Iurii Prokhoruk_1218519548,Iurii Prokhoruk,2,1,39,38,1,77,2021-11-07 23:45:00,538078
A Serebrennikov_122928,A Serebrennikov,-1,0,47,53,-6,100,2021-11-07 23:47:00,538079
O Kutuzov_122856,O Kutuzov,-3,0,21,33,-12,54,2021-11-07 23:47:00,538080
D Sayanov_122892,D Sayanov,1,1,53,43,10,96,2021-11-07 23:49:00,538081
Vladyslav Batenko_164997,Vladyslav Batenko,3,1,34,26,8,60,2021-11-07 23:50:00,538082
Serhii Matviienko_212560355,Serhii Matviienko,2,1,49,34,15,83,2021-11-08 00:05:00,538083
O Pastorek_28529,O Pastorek,-1,0,43,42,1,85,2021-11-08 00:14:00,538084
N Sadovskiy_126876,N Sadovskiy,3,1,33,20,13,53,2021-11-08 00:15:00,538085
E Kalashnikov_126922,E Kalashnikov,-2,0,39,45,-6,84,2021-11-08 00:15:00,538086
Roman Vashchuk_870179559,Roman Vashchuk,-1,0,43,50,-7,93,2021-11-08 00:15:00,538087
S Ogai_126956,S Ogai,2,1,42,29,13,71,2021-11-08 00:16:00,538088
Samvel Melkumian_566497673,Samvel Melkumian,2,1,49,41,8,90,2021-11-08 00:35:00,538089
O Kucirek_28530,O Kucirek,-2,0,35,46,-11,81,2021-11-08 00:41:00,538090
O Shagarov_126957,O Shagarov,1,1,52,44,8,96,2021-11-08 00:41:00,538091
Ihor Matsehora_1230839609,Ihor Matsehora,2,1,44,32,12,76,2021-11-08 00:45:00,538092
A Aslanyan_126923,A Aslanyan,-1,0,44,53,-9,97,2021-11-08 00:45:00,538093
V Shirshov_126877,V Shirshov,-2,0,27,40,-13,67,2021-11-08 00:45:00,538094
Ivan Fashchevskyi_948387446,Ivan Fashchevskyi,2,1,41,31,10,72,2021-11-08 01:05:00,538095
N Sukharnikov_126958,N Sukharnikov,2,1,48,39,9,87,2021-11-08 01:11:00,538096
A Volkov_126924,A Volkov,2,1,43,33,10,76,2021-11-08 01:14:00,538097
A Vlasov_126878,A Vlasov,-3,0,17,33,-16,50,2021-11-08 01:15:00,538098
Viktor Bosak_1279890972,Viktor Bosak,1,1,48,36,12,84,2021-11-08 01:15:00,538099
Serhii Matviienko_239732900,Serhii Matviienko,3,1,33,19,14,52,2021-11-08 01:35:00,538100
S Ogai_126959,S Ogai,1,1,47,48,-1,95,2021-11-08 01:44:00,538101
Roman Vashchuk_1040467977,Roman Vashchuk,-1,0,45,46,-1,91,2021-11-08 01:45:00,538102
N Sadovskiy_126879,N Sadovskiy,1,1,57,52,5,109,2021-11-08 01:45:00,538103
E Kalashnikov_126925,E Kalashnikov,2,1,44,37,7,81,2021-11-08 01:45:00,538104
Samvel Melkumian_1344542581,Samvel Melkumian,1,1,45,43,2,88,2021-11-08 02:05:00,538105
A Volkov_126926,A Volkov,-1,0,45,51,-6,96,2021-11-08 02:15:00,538106
Ihor Matsehora_503188722,Ihor Matsehora,3,1,33,15,18,48,2021-11-08 02:15:00,538107
A Vlasov_126880,A Vlasov,2,1,40,33,7,73,2021-11-08 02:19:00,538108
N Sukharnikov_126960,N Sukharnikov,3,1,33,22,11,55,2021-11-08 02:20:00,538109
Ivan Fashchevskyi_369090228,Ivan Fashchevskyi,-2,0,33,45,-12,78,2021-11-08 02:35:00,538110
D Ignatev_126961,D Ignatev,1,1,57,47,10,104,2021-11-08 02:39:00,538111
Viktor Bosak_345438026,Viktor Bosak,2,1,41,31,10,72,2021-11-08 02:45:00,538112
E Ilyukhin_126881,E Ilyukhin,-2,0,31,39,-8,70,2021-11-08 02:45:00,538113
I Afanasev_126927,I Afanasev,-1,0,43,40,3,83,2021-11-08 02:48:00,538114
Serhii Matviienko_2008183867,Serhii Matviienko,-1,0,41,52,-11,93,2021-11-08 03:05:00,538115
V Shirshov_126882,V Shirshov,2,1,40,34,6,74,2021-11-08 03:15:00,538116
Roman Vashchuk_2075419552,Roman Vashchuk,-2,0,35,40,-5,75,2021-11-08 03:15:00,538117
O Shagarov_126962,O Shagarov,-1,0,45,46,-1,91,2021-11-08 03:15:00,538118
A Aslanyan_126928,A Aslanyan,-1,0,38,49,-11,87,2021-11-08 03:17:00,538119
Serhii Kiilo_1072978264,Serhii Kiilo,-3,0,18,33,-15,51,2021-11-08 03:35:00,538120
A Ilin_126883,A Ilin,2,1,43,35,8,78,2021-11-08 03:45:00,538121
Igor Vatsyn_934438785,Igor Vatsyn,3,1,33,21,12,54,2021-11-08 03:45:00,538122
A Girevenkov_126929,A Girevenkov,-1,0,44,46,-2,90,2021-11-08 03:48:00,538123
D Sayanov_126963,D Sayanov,2,1,39,35,4,74,2021-11-08 03:51:00,538124
Samvel Melkumian_1929071530,Samvel Melkumian,-1,0,46,53,-7,99,2021-11-08 04:05:00,538125
Ihor Matsehora_769751094,Ihor Matsehora,1,1,54,49,5,103,2021-11-08 04:15:00,538126
E Ilyukhin_126884,E Ilyukhin,3,1,33,17,16,50,2021-11-08 04:16:00,538127
D Ignatev_126964,D Ignatev,2,1,39,37,2,76,2021-11-08 04:17:00,538128
I Afanasev_126930,I Afanasev,-1,0,50,55,-5,105,2021-11-08 04:20:00,538129
Serhii Kiilo_318765463,Serhii Kiilo,-1,0,35,50,-15,85,2021-11-08 04:35:00,538130
Bogdan Stasiuk_391165846,Bogdan Stasiuk,-3,0,18,33,-15,51,2021-11-08 04:45:00,538131
V Shirshov_127109,V Shirshov,-3,0,28,36,-8,64,2021-11-08 04:45:00,538132
D Ignatev_127111,D Ignatev,-2,0,38,42,-4,80,2021-11-08 04:47:00,538133
I Afanasev_127113,I Afanasev,-1,0,47,52,-5,99,2021-11-08 05:03:00,538134
Oleksandr Yarovoi_2087567911,Oleksandr Yarovoi,3,1,33,22,11,55,2021-11-08 05:05:00,538135
S Ogai_127112,S Ogai,-3,0,17,33,-16,50,2021-11-08 05:11:00,538136
Viktor Bosak_434368039,Viktor Bosak,-3,0,20,35,-15,55,2021-11-08 05:15:00,538137
N Sadovskiy_127110,N Sadovskiy,-1,0,51,53,-2,104,2021-11-08 05:15:00,538138
E Kalashnikov_127114,E Kalashnikov,-1,0,47,55,-8,102,2021-11-08 05:33:00,538139
O Belugin_127023,O Belugin,-1,0,42,46,-4,88,2021-11-08 07:30:00,538140
O Kharlakin_126989,O Kharlakin,2,1,41,34,7,75,2021-11-08 07:45:00,538141
S Simonov_127063,S Simonov,-3,0,20,33,-13,53,2021-11-08 07:48:00,538142
Oleksandr Kalynevych_173604,Oleksandr Kalynevych,2,1,45,39,6,84,2021-11-08 07:50:00,538143
Serhii Tsybulin_611695214,Serhii Tsybulin,2,1,43,38,5,81,2021-11-08 07:50:00,538144
Vіtalіy Krokhmal_932406045,Vіtalіy Krokhmal,-1,0,41,42,-1,83,2021-11-08 07:55:00,538145
A Kolmin_127024,A Kolmin,2,1,44,34,10,78,2021-11-08 08:00:00,538146
Roman Zholubak_173614,Roman Zholubak,1,1,53,48,5,101,2021-11-08 08:00:00,538147
Vadym Reva_173624,Vadym Reva,-3,0,20,36,-16,56,2021-11-08 08:05:00,538148
Dmytro Kunchurov_173860,Dmytro Kunchurov,-3,0,19,34,-15,53,2021-11-08 08:10:00,538149
Oleksandr Strutinskiy_173872,Oleksandr Strutinskiy,3,1,34,26,8,60,2021-11-08 08:15:00,538150
E Tsvetkov_126990,E Tsvetkov,-2,0,29,38,-9,67,2021-11-08 08:16:00,538151
D Andreev_127064,D Andreev,1,1,54,48,6,102,2021-11-08 08:16:00,538152
Yaroslav Tebenko_173605,Yaroslav Tebenko,3,1,33,20,13,53,2021-11-08 08:20:00,538153
Oleksandr Levadnyi_154244111,Oleksandr Levadnyi,3,1,35,21,14,56,2021-11-08 08:25:00,538154
Mykhailo Mosiuk_173615,Mykhailo Mosiuk,1,1,44,53,-9,97,2021-11-08 08:30:00,538155
Kyrylo Yehorov_310672093,Kyrylo Yehorov,2,1,41,36,5,77,2021-11-08 08:30:00,538156
P Vshivkov_127025,P Vshivkov,1,1,50,38,12,88,2021-11-08 08:33:00,538157
Serhii Bohach_173625,Serhii Bohach,-2,0,41,47,-6,88,2021-11-08 08:35:00,538158
Vasyl Verbianyi_922982778,Vasyl Verbianyi,-2,0,29,38,-9,67,2021-11-08 08:35:00,538159
Iulii Khomutovskyi_173861,Iulii Khomutovskyi,-2,0,33,44,-11,77,2021-11-08 08:40:00,538160
Victoriia Kondratenko_211711905,Victoriia Kondratenko,1,1,47,40,7,87,2021-11-08 08:40:00,538161
Andrii Tsikhotskyi_1976013400,Andrii Tsikhotskyi,-3,0,23,33,-10,56,2021-11-08 08:45:00,538162
Serhii Semenets_173873,Serhii Semenets,1,1,53,42,11,95,2021-11-08 08:45:00,538163
V Rudenko_126991,V Rudenko,-1,0,47,44,3,91,2021-11-08 08:45:00,538164
A Lisov_127065,A Lisov,-2,0,33,38,-5,71,2021-11-08 08:49:00,538165
Oleksandr Mytsyk_173887,Oleksandr Mytsyk,2,1,43,36,7,79,2021-11-08 08:50:00,538166
Artur Moriak_701845154,Artur Moriak,-1,0,44,50,-6,94,2021-11-08 08:50:00,538167
Oleksandr Kalynevych_173606,Oleksandr Kalynevych,1,1,51,43,8,94,2021-11-08 08:50:00,538168
Ihor Sobko_173674,Ihor Sobko,-1,0,54,50,4,104,2021-11-08 08:55:00,538169
Nazarii Kovalchuk_95202978,Nazarii Kovalchuk,1,1,49,45,4,94,2021-11-08 08:55:00,538170
Vadym Grushko_1609663007,Vadym Grushko,2,1,42,33,9,75,2021-11-08 08:55:00,538171
F Pusch_28501,F Pusch,-3,0,25,34,-9,59,2021-11-08 08:59:00,538172
Roman Zholubak_173616,Roman Zholubak,1,1,51,48,3,99,2021-11-08 09:00:00,538173
Serhii Ponomarenko_1830425918,Serhii Ponomarenko,2,1,44,37,7,81,2021-11-08 09:00:00,538174
Oleksandr Maslovskyi_173689,Oleksandr Maslovskyi,2,1,37,31,6,68,2021-11-08 09:00:00,538175
Vaclav Jr Hejda_173804,Vaclav Jr Hejda,2,1,37,38,-1,75,2021-11-08 09:00:00,538176
I Sergeevich_127026,I Sergeevich,-2,0,36,36,0,72,2021-11-08 09:01:00,538177
Andrii Sydorenko_173626,Andrii Sydorenko,-2,0,38,45,-7,83,2021-11-08 09:05:00,538178
Anatolii Chaplianka_754781409,Anatolii Chaplianka,-1,0,52,55,-3,107,2021-11-08 09:05:00,538179
Anton Molochko_547256355,Anton Molochko,-3,0,19,33,-14,52,2021-11-08 09:10:00,538180
Oleksandr Durduka_173830,Oleksandr Durduka,-1,0,44,50,-6,94,2021-11-08 09:10:00,538181
Mariia Kurischenko_177810678,Mariia Kurischenko,2,1,41,30,11,71,2021-11-08 09:15:00,538182
Oleh Pereguda_173874,Oleh Pereguda,-2,0,28,38,-10,66,2021-11-08 09:15:00,538183
A Trushkin_127066,A Trushkin,-2,0,32,39,-7,71,2021-11-08 09:16:00,538184
R Alov_126992,R Alov,2,1,42,34,8,76,2021-11-08 09:17:00,538185
Andrii Novikov_173607,Andrii Novikov,-2,0,25,38,-13,63,2021-11-08 09:20:00,538186
Serhii Burdelnyi_173888,Serhii Burdelnyi,-3,0,14,33,-19,47,2021-11-08 09:20:00,538187
Roman Pinchuk_691391498,Roman Pinchuk,-1,0,42,46,-4,88,2021-11-08 09:20:00,538188
Serhii Chuliukov_173675,Serhii Chuliukov,1,1,51,42,9,93,2021-11-08 09:25:00,538189
Grigoriy Oliynik_151422488,Grigoriy Oliynik,-3,0,17,33,-16,50,2021-11-08 09:25:00,538190
Vadym Bochkovskyi_173617,Vadym Bochkovskyi,3,1,33,19,14,52,2021-11-08 09:30:00,538191
Ihor Maiovka_173690,Ihor Maiovka,3,1,35,23,12,58,2021-11-08 09:30:00,538192
Jiri Cermak_173805,Jiri Cermak,-3,0,28,37,-9,65,2021-11-08 09:30:00,538193
Ji Louda_28502,Ji Louda,-1,0,47,43,4,90,2021-11-08 09:30:00,538194
Dmytro Dubrovin_312246444,Dmytro Dubrovin,-3,0,18,33,-15,51,2021-11-08 09:30:00,538195
Mykhailo Presniakov_1785023485,Mykhailo Presniakov,-3,0,24,34,-10,58,2021-11-08 09:30:00,538196
Serhii Bohach_173627,Serhii Bohach,1,1,46,50,-4,96,2021-11-08 09:35:00,538197
Oleksandr Levadnyi_2006709389,Oleksandr Levadnyi,2,1,40,30,10,70,2021-11-08 09:35:00,538198
P Vshivkov_127027,P Vshivkov,-1,0,54,62,-8,116,2021-11-08 09:36:00,538199
Iulii Khomutovskyi_173862,Iulii Khomutovskyi,-3,0,19,33,-14,52,2021-11-08 09:40:00,538200
Kyrylo Yehorov_410279519,Kyrylo Yehorov,-3,0,19,33,-14,52,2021-11-08 09:40:00,538201
Vasyl Verbianyi_1371780609,Vasyl Verbianyi,-3,0,30,37,-7,67,2021-11-08 09:45:00,538202
Serhii Semenets_173875,Serhii Semenets,1,1,45,47,-2,92,2021-11-08 09:45:00,538203
V Rudenko_126993,V Rudenko,1,1,38,44,-6,82,2021-11-08 09:48:00,538204
A Lisov_127067,A Lisov,-2,0,31,39,-8,70,2021-11-08 09:48:00,538205
Yaroslav Tebenko_173608,Yaroslav Tebenko,-2,0,26,41,-15,67,2021-11-08 09:50:00,538206
Victoriia Kondratenko_563680393,Victoriia Kondratenko,1,1,52,44,8,96,2021-11-08 09:50:00,538207
Oleksandr Mytsyk_173889,Oleksandr Mytsyk,1,1,51,46,5,97,2021-11-08 09:50:00,538208
Anatolii Meliushko_173676,Anatolii Meliushko,2,1,42,31,11,73,2021-11-08 09:55:00,538209
Andrii Tsikhotskyi_520497737,Andrii Tsikhotskyi,-2,0,49,53,-4,102,2021-11-08 09:55:00,538210
Oleksandr Maslovskyi_173691,Oleksandr Maslovskyi,2,1,40,33,7,73,2021-11-08 10:00:00,538211
Mykhailo Mosiuk_173618,Mykhailo Mosiuk,1,1,46,48,-2,94,2021-11-08 10:00:00,538212
Jiri Cermak_173806,Jiri Cermak,-2,0,33,41,-8,74,2021-11-08 10:00:00,538213
Artur Moriak_1232168823,Artur Moriak,3,1,33,19,14,52,2021-11-08 10:00:00,538214
K Brozik_28503,K Brozik,2,1,37,33,4,70,2021-11-08 10:01:00,538215
Vadym Grushko_47135757,Vadym Grushko,2,1,38,36,2,74,2021-11-08 10:05:00,538216
Nazarii Kovalchuk_718276718,Nazarii Kovalchuk,-1,0,40,48,-8,88,2021-11-08 10:05:00,538217
Vadym Reva_173628,Vadym Reva,-1,0,51,50,1,101,2021-11-08 10:05:00,538218
Serhii Tsybulin_563870722,Serhii Tsybulin,-2,0,31,44,-13,75,2021-11-08 10:10:00,538219
Dmytro Kunchurov_173832,Dmytro Kunchurov,2,1,48,39,9,87,2021-11-08 10:10:00,538220
Vіtalіy Krokhmal_110402134,Vіtalіy Krokhmal,1,1,50,37,13,87,2021-11-08 10:15:00,538221
Oleksandr Strutinskiy_173876,Oleksandr Strutinskiy,3,1,33,18,15,51,2021-11-08 10:15:00,538222
D Andreev_127068,D Andreev,3,1,33,19,14,52,2021-11-08 10:16:00,538223
Oleksandr Kalynevych_173609,Oleksandr Kalynevych,1,1,45,38,7,83,2021-11-08 10:20:00,538224
Andrei Huchok_173890,Andrei Huchok,3,1,33,21,12,54,2021-11-08 10:20:00,538225
E Tsvetkov_126994,E Tsvetkov,-2,0,44,49,-5,93,2021-11-08 10:20:00,538226
Anton Molochko_1730290841,Anton Molochko,-2,0,35,43,-8,78,2021-11-08 10:20:00,538227
A Kolmin_127028,A Kolmin,3,1,34,23,11,57,2021-11-08 10:24:00,538228
Serhii Chuliukov_173677,Serhii Chuliukov,3,1,37,29,8,66,2021-11-08 10:25:00,538229
Mariia Kurischenko_1933473903,Mariia Kurischenko,-1,0,58,60,-2,118,2021-11-08 10:25:00,538230
Ihor Dubyna_173692,Ihor Dubyna,2,1,41,33,8,74,2021-11-08 10:30:00,538231
E Mares_28504,E Mares,2,1,39,33,6,72,2021-11-08 10:30:00,538232
Vaclav Jr Hejda_173807,Vaclav Jr Hejda,-2,0,42,46,-4,88,2021-11-08 10:30:00,538233
Volodymyr Tuchkevych_50704988,Volodymyr Tuchkevych,-2,0,40,40,0,80,2021-11-08 10:30:00,538234
Roman Zholubak_173619,Roman Zholubak,2,1,42,30,12,72,2021-11-08 10:30:00,538235
Valerii Danchenko_173629,Valerii Danchenko,2,1,43,35,8,78,2021-11-08 10:35:00,538236
Ruslan Andrischak_2022172464,Ruslan Andrischak,2,1,38,38,0,76,2021-11-08 10:35:00,538237
Sergey Filatov_1661024481,Sergey Filatov,3,1,33,21,12,54,2021-11-08 10:40:00,538238
Oleksandr Naida_1176452034,Oleksandr Naida,2,1,42,34,8,76,2021-11-08 10:40:00,538239
Volodymyr Kononikhin_173863,Volodymyr Kononikhin,-2,0,37,43,-6,80,2021-11-08 10:40:00,538240
Vadym Kucheriavyi_173877,Vadym Kucheriavyi,-2,0,30,38,-8,68,2021-11-08 10:45:00,538241
Denys Shcherbak_351363701,Denys Shcherbak,2,1,42,33,9,75,2021-11-08 10:45:00,538242
A Lisov_127115,A Lisov,-3,0,23,33,-10,56,2021-11-08 10:46:00,538243
E Tsvetkov_127119,E Tsvetkov,-2,0,36,42,-6,78,2021-11-08 10:48:00,538244
Oleksandr Dziabura_211096008,Oleksandr Dziabura,-2,0,37,48,-11,85,2021-11-08 10:50:00,538245
Yaroslav Tebenko_173610,Yaroslav Tebenko,3,1,33,22,11,55,2021-11-08 10:50:00,538246
Serhii Burdelnyi_173891,Serhii Burdelnyi,-2,0,38,45,-7,83,2021-11-08 10:50:00,538247
O Belugin_127117,O Belugin,1,1,53,44,9,97,2021-11-08 10:51:00,538248
Vasyl Verbianyi_150758889,Vasyl Verbianyi,-1,0,35,49,-14,84,2021-11-08 10:55:00,538249
Ihor Sobko_173678,Ihor Sobko,-2,0,37,39,-2,76,2021-11-08 10:55:00,538250
Victoriia Kondratenko_2136112589,Victoriia Kondratenko,1,1,45,39,6,84,2021-11-08 11:00:00,538251
K Brozik_28505,K Brozik,2,1,38,35,3,73,2021-11-08 11:00:00,538252
Ihor Maiovka_173693,Ihor Maiovka,2,1,41,25,16,66,2021-11-08 11:00:00,538253
Mykhailo Mosiuk_173620,Mykhailo Mosiuk,-2,0,33,44,-11,77,2021-11-08 11:00:00,538254
Jaroslav Puk_173808,Jaroslav Puk,-1,0,43,51,-8,94,2021-11-08 11:00:00,538255
Roman Pinchuk_405833418,Roman Pinchuk,2,1,44,36,8,80,2021-11-08 11:05:00,538256
Andrii Sydorenko_173630,Andrii Sydorenko,-3,0,21,33,-12,54,2021-11-08 11:05:00,538257
Oleksandr Durduka_173864,Oleksandr Durduka,2,1,39,30,9,69,2021-11-08 11:10:00,538258
Grigoriy Oliynik_1854617310,Grigoriy Oliynik,3,1,33,22,11,55,2021-11-08 11:10:00,538259
A Trushkin_127116,A Trushkin,2,1,42,39,3,81,2021-11-08 11:15:00,538260
Mykhailo Presniakov_637913487,Mykhailo Presniakov,3,1,37,22,15,59,2021-11-08 11:15:00,538261
Dmytro Dubrovin_1920059039,Dmytro Dubrovin,-2,0,34,44,-10,78,2021-11-08 11:15:00,538262
Oleh Pereguda_173878,Oleh Pereguda,1,1,50,44,6,94,2021-11-08 11:15:00,538263
V Rudenko_127120,V Rudenko,2,1,46,37,9,83,2021-11-08 11:16:00,538264
Serhii Ponomarenko_1227238907,Serhii Ponomarenko,-1,0,49,56,-7,105,2021-11-08 11:20:00,538265
Oleksandr Mytsyk_173892,Oleksandr Mytsyk,-2,0,30,44,-14,74,2021-11-08 11:20:00,538266
Andrii Novikov_173611,Andrii Novikov,-2,0,31,44,-13,75,2021-11-08 11:20:00,538267
Anatolii Chaplianka_457854787,Anatolii Chaplianka,1,1,41,43,-2,84,2021-11-08 11:25:00,538268
Vitalii Ryndia_173679,Vitalii Ryndia,-2,0,41,45,-4,86,2021-11-08 11:25:00,538269
I Sergeevich_127118,I Sergeevich,-2,0,33,42,-9,75,2021-11-08 11:26:00,538270
Vaclav Jr Hejda_173809,Vaclav Jr Hejda,2,1,40,26,14,66,2021-11-08 11:30:00,538271
Vadym Bochkovskyi_173621,Vadym Bochkovskyi,1,1,52,49,3,101,2021-11-08 11:30:00,538272
Oleksandr Maslovskyi_173694,Oleksandr Maslovskyi,1,1,42,45,-3,87,2021-11-08 11:30:00,538273
Yurii Teteria_181043289,Yurii Teteria,2,1,45,41,4,86,2021-11-08 11:30:00,538274
Ji Louda_28506,Ji Louda,-2,0,33,45,-12,78,2021-11-08 11:30:00,538275
Iolanta Yevtodii_337777043,Iolanta Yevtodii,2,1,40,31,9,71,2021-11-08 11:35:00,538276
Serhii Bohach_173631,Serhii Bohach,1,1,56,49,7,105,2021-11-08 11:35:00,538277
Iulii Khomutovskyi_173865,Iulii Khomutovskyi,-3,0,13,33,-20,46,2021-11-08 11:40:00,538278
Andrii Tsikhotskyi_1309896120,Andrii Tsikhotskyi,1,1,50,42,8,92,2021-11-08 11:40:00,538279
Artur Moriak_1376575428,Artur Moriak,1,1,50,45,5,95,2021-11-08 11:45:00,538280
Serhii Semenets_173879,Serhii Semenets,-2,0,36,40,-4,76,2021-11-08 11:45:00,538281
D Sayanov_126995,D Sayanov,-1,0,47,57,-10,104,2021-11-08 11:46:00,538282
I Poletaev_127069,I Poletaev,-2,0,32,41,-9,73,2021-11-08 11:47:00,538283
Oleksandr Kalynevych_173612,Oleksandr Kalynevych,2,1,40,32,8,72,2021-11-08 11:50:00,538284
Vadym Grushko_973892326,Vadym Grushko,-2,0,24,40,-16,64,2021-11-08 11:50:00,538285
Nazarii Kovalchuk_1420946542,Nazarii Kovalchuk,-3,0,21,33,-12,54,2021-11-08 11:50:00,538286
Serhii Burdelnyi_173670,Serhii Burdelnyi,-3,0,19,33,-14,52,2021-11-08 11:50:00,538287
Anatolii Meliushko_173680,Anatolii Meliushko,2,1,44,34,10,78,2021-11-08 11:55:00,538288
Oleksandr Levadnyi_1219910712,Oleksandr Levadnyi,-1,0,41,46,-5,87,2021-11-08 11:55:00,538289
Roman Zholubak_173622,Roman Zholubak,3,1,37,26,11,63,2021-11-08 12:00:00,538290
Ji Louda_28531,Ji Louda,-3,0,22,33,-11,55,2021-11-08 12:00:00,538291
Ihor Maiovka_173695,Ihor Maiovka,3,1,34,19,15,53,2021-11-08 12:00:00,538292
Kyrylo Yehorov_737344966,Kyrylo Yehorov,-2,0,36,38,-2,74,2021-11-08 12:00:00,538293
Jan Vasek_173940,Jan Vasek,1,1,47,48,-1,95,2021-11-08 12:00:00,538294
V Chernov_127029,V Chernov,2,1,43,34,9,77,2021-11-08 12:05:00,538295
Anton Molochko_2103520414,Anton Molochko,-3,0,17,33,-16,50,2021-11-08 12:05:00,538296
Vadym Reva_173632,Vadym Reva,2,1,36,30,6,66,2021-11-08 12:05:00,538297
Dmytro Kunchurov_173866,Dmytro Kunchurov,-3,0,29,39,-10,68,2021-11-08 12:10:00,538298
Mariia Kurischenko_2129674939,Mariia Kurischenko,1,1,47,53,-6,100,2021-11-08 12:10:00,538299
Oleksandr Strutinskiy_173880,Oleksandr Strutinskiy,3,1,33,16,17,49,2021-11-08 12:15:00,538300
Volodymyr Tuchkevych_116359986,Volodymyr Tuchkevych,2,1,41,32,9,73,2021-11-08 12:15:00,538301
A Batalov_127070,A Batalov,-3,0,23,33,-10,56,2021-11-08 12:16:00,538302
Ihor Kvak_173613,Ihor Kvak,2,1,46,43,3,89,2021-11-08 12:20:00,538303
Ruslan Andrischak_1034931237,Ruslan Andrischak,3,1,33,16,17,49,2021-11-08 12:20:00,538304
Andrei Huchok_173893,Andrei Huchok,2,1,36,31,5,67,2021-11-08 12:20:00,538305
A Kozlov_126996,A Kozlov,3,1,34,26,8,60,2021-11-08 12:23:00,538306
Serhii Chuliukov_173681,Serhii Chuliukov,1,1,49,48,1,97,2021-11-08 12:25:00,538307
Sergey Filatov_549339654,Sergey Filatov,1,1,52,38,14,90,2021-11-08 12:25:00,538308
Oleksandr Naida_883548843,Oleksandr Naida,3,1,38,26,12,64,2021-11-08 12:25:00,538309
A Gerasimov_127030,A Gerasimov,-2,0,26,39,-13,65,2021-11-08 12:29:00,538310
E Mares_28532,E Mares,1,1,50,48,2,98,2021-11-08 12:30:00,538311
Kyrylo Yurchenko_173623,Kyrylo Yurchenko,-2,0,39,44,-5,83,2021-11-08 12:30:00,538312
Jaroslav Puk_173941,Jaroslav Puk,-2,0,28,40,-12,68,2021-11-08 12:30:00,538313
Serhii Tsybulin_1571124750,Serhii Tsybulin,-1,0,41,47,-6,88,2021-11-08 12:30:00,538314
Ihor Dubyna_173696,Ihor Dubyna,3,1,36,29,7,65,2021-11-08 12:30:00,538315
Vіtalіy Krokhmal_706792097,Vіtalіy Krokhmal,3,1,34,26,8,60,2021-11-08 12:35:00,538316
Valerii Danchenko_173633,Valerii Danchenko,-1,0,50,55,-5,105,2021-11-08 12:35:00,538317
Vasyl Verbianyi_2019302267,Vasyl Verbianyi,1,1,50,44,6,94,2021-11-08 12:40:00,538318
Volodymyr Kononikhin_173867,Volodymyr Kononikhin,-1,0,48,52,-4,100,2021-11-08 12:40:00,538319
Victoriia Kondratenko_14651249,Victoriia Kondratenko,2,1,41,22,19,63,2021-11-08 12:45:00,538320
Vadym Kucheriavyi_173881,Vadym Kucheriavyi,-2,0,29,42,-13,71,2021-11-08 12:45:00,538321
Ya Bazhinov_127071,Ya Bazhinov,2,1,43,30,13,73,2021-11-08 12:47:00,538322
E Kalashnikov_126997,E Kalashnikov,3,1,33,24,9,57,2021-11-08 12:49:00,538323
Oleksandr Mytsyk_173894,Oleksandr Mytsyk,1,1,53,39,14,92,2021-11-08 12:50:00,538324
Roman Pinchuk_324137674,Roman Pinchuk,-2,0,39,43,-4,82,2021-11-08 12:50:00,538325
Grigoriy Oliynik_1725655807,Grigoriy Oliynik,-1,0,55,54,1,109,2021-11-08 12:55:00,538326
Ihor Sobko_173682,Ihor Sobko,1,1,47,38,9,85,2021-11-08 12:55:00,538327
Dmytro Dubrovin_1566713525,Dmytro Dubrovin,3,1,34,22,12,56,2021-11-08 13:00:00,538328
Oleksandr Maslovskyi_173697,Oleksandr Maslovskyi,2,1,41,31,10,72,2021-11-08 13:00:00,538329
Mykhailo Presniakov_1774590767,Mykhailo Presniakov,-1,0,47,49,-2,96,2021-11-08 13:00:00,538330
Yaroslav Tebenko_173942,Yaroslav Tebenko,-2,0,39,44,-5,83,2021-11-08 13:00:00,538331
Robert Jamrich_173810,Robert Jamrich,-2,0,31,44,-13,75,2021-11-08 13:00:00,538332
I Iskenderov_127031,I Iskenderov,-3,0,18,33,-15,51,2021-11-08 13:03:00,538333
M Svedik_28507,M Svedik,1,1,48,39,9,87,2021-11-08 13:04:00,538334
Denys Shcherbak_1221200728,Denys Shcherbak,2,1,43,31,12,74,2021-11-08 13:05:00,538335
Andrii Sydorenko_173634,Andrii Sydorenko,2,1,42,28,14,70,2021-11-08 13:05:00,538336
Oleksandr Durduka_173868,Oleksandr Durduka,3,1,33,19,14,52,2021-11-08 13:10:00,538337
Oleksandr Dziabura_1542797801,Oleksandr Dziabura,2,1,38,34,4,72,2021-11-08 13:10:00,538338
Mykhailo Mosiuk_173944,Mykhailo Mosiuk,1,1,51,48,3,99,2021-11-08 13:10:00,538339
Oleh Pereguda_173882,Oleh Pereguda,3,1,35,28,7,63,2021-11-08 13:15:00,538340
A Tsitselskii_126998,A Tsitselskii,-1,0,51,45,6,96,2021-11-08 13:15:00,538341
Anton Molochko_990806738,Anton Molochko,1,1,53,46,7,99,2021-11-08 13:15:00,538342
E Grishaev_127072,E Grishaev,1,1,48,50,-2,98,2021-11-08 13:15:00,538343
Mariia Kurischenko_487680709,Mariia Kurischenko,-2,0,37,42,-5,79,2021-11-08 13:20:00,538344
Andrii Dekhtiarenko_173895,Andrii Dekhtiarenko,3,1,33,19,14,52,2021-11-08 13:20:00,538345
A Mohnachev_127032,A Mohnachev,-3,0,20,34,-14,54,2021-11-08 13:22:00,538346
Oleksandr Kostiuk_1085079947,Oleksandr Kostiuk,-2,0,34,45,-11,79,2021-11-08 13:25:00,538347
Vitalii Ryndia_173683,Vitalii Ryndia,1,1,48,46,2,94,2021-11-08 13:25:00,538348
Ihor Syniavskyi_470313745,Ihor Syniavskyi,-1,0,36,49,-13,85,2021-11-08 13:30:00,538349
Vaclav Sr Hejda_173811,Vaclav Sr Hejda,-2,0,27,37,-10,64,2021-11-08 13:30:00,538350
F Just_28508,F Just,-2,0,29,39,-10,68,2021-11-08 13:30:00,538351
Rostyslav Fylypiv_173698,Rostyslav Fylypiv,3,1,33,21,12,54,2021-11-08 13:30:00,538352
Serhii Ponomarov_173943,Serhii Ponomarov,-2,0,28,40,-12,68,2021-11-08 13:30:00,538353
Vadym Reva_173635,Vadym Reva,-3,0,24,33,-9,57,2021-11-08 13:35:00,538354
Oleksii Haponov_1349722625,Oleksii Haponov,1,1,59,55,4,114,2021-11-08 13:35:00,538355
Dmitriy Lebed_1853642525,Dmitriy Lebed,-3,0,30,36,-6,66,2021-11-08 13:35:00,538356
Dmytro Kunchurov_173869,Dmytro Kunchurov,-1,0,37,44,-7,81,2021-11-08 13:40:00,538357
Yevhenii Honchar_173945,Yevhenii Honchar,2,1,40,37,3,77,2021-11-08 13:40:00,538358
Serhii Ponomarenko_153068747,Serhii Ponomarenko,-2,0,32,39,-7,71,2021-11-08 13:40:00,538359
I Iskenderov_127033,I Iskenderov,3,1,33,23,10,56,2021-11-08 13:43:00,538360
Oleksandr Strutinskiy_173883,Oleksandr Strutinskiy,2,1,45,37,8,82,2021-11-08 13:45:00,538361
Anatolii Chaplianka_1756548327,Anatolii Chaplianka,-1,0,45,48,-3,93,2021-11-08 13:45:00,538362
Ya Bazhinov_127073,Ya Bazhinov,2,1,44,39,5,83,2021-11-08 13:48:00,538363
Vasyl Verbianyi_805887738,Vasyl Verbianyi,-2,0,33,41,-8,74,2021-11-08 13:50:00,538364
E Kalashnikov_126999,E Kalashnikov,-2,0,35,45,-10,80,2021-11-08 13:50:00,538365
Andrei Huchok_173946,Andrei Huchok,2,1,49,40,9,89,2021-11-08 13:50:00,538366
Victoriia Kondratenko_1258334381,Victoriia Kondratenko,-1,0,42,43,-1,85,2021-11-08 13:55:00,538367
Anatolii Meliushko_173684,Anatolii Meliushko,3,1,33,16,17,49,2021-11-08 13:55:00,538368
Ihor Maiovka_173948,Ihor Maiovka,-2,0,42,45,-3,87,2021-11-08 14:00:00,538369
V Havlicek_28509,V Havlicek,-1,0,49,55,-6,104,2021-11-08 14:00:00,538370
Vaclav Sr Hejda_173812,Vaclav Sr Hejda,3,1,33,25,8,58,2021-11-08 14:00:00,538371
Andrii Tsikhotskyi_256976519,Andrii Tsikhotskyi,3,1,33,24,9,57,2021-11-08 14:00:00,538372
Artur Moriak_630610938,Artur Moriak,2,1,38,29,9,67,2021-11-08 14:05:00,538373
Yevhen Khurtak_173636,Yevhen Khurtak,1,1,54,37,17,91,2021-11-08 14:05:00,538374
A Gerasimov_127034,A Gerasimov,-3,0,13,33,-20,46,2021-11-08 14:07:00,538375
Nazarii Kovalchuk_1244741328,Nazarii Kovalchuk,-1,0,51,54,-3,105,2021-11-08 14:10:00,538376
Vadym Grushko_498721461,Vadym Grushko,-3,0,20,33,-13,53,2021-11-08 14:10:00,538377
Vladyslav Stukalov_173870,Vladyslav Stukalov,-2,0,39,47,-8,86,2021-11-08 14:10:00,538378
Kostiantyn Klymenko_173884,Kostiantyn Klymenko,-2,0,35,43,-8,78,2021-11-08 14:15:00,538379
Serhii Tsybulin_462032626,Serhii Tsybulin,1,1,49,51,-2,100,2021-11-08 14:15:00,538380
A Batalov_127074,A Batalov,1,1,55,40,15,95,2021-11-08 14:19:00,538381
A Kozlov_127000,A Kozlov,-1,0,40,49,-9,89,2021-11-08 14:20:00,538382
Vіtalіy Krokhmal_1924488344,Vіtalіy Krokhmal,-1,0,41,51,-10,92,2021-11-08 14:20:00,538383
Serhii Yatsenko_173947,Serhii Yatsenko,-3,0,18,33,-15,51,2021-11-08 14:20:00,538384
Ihor Sobko_173685,Ihor Sobko,-3,0,23,37,-14,60,2021-11-08 14:25:00,538385
Anton Molochko_1901580943,Anton Molochko,-1,0,62,64,-2,126,2021-11-08 14:25:00,538386
Mariia Kurischenko_1884277963,Mariia Kurischenko,-1,0,42,47,-5,89,2021-11-08 14:30:00,538387
A Mohnachev_127149,A Mohnachev,-1,0,50,48,2,98,2021-11-08 14:30:00,538388
Robert Jamrich_173813,Robert Jamrich,-1,0,43,49,-6,92,2021-11-08 14:30:00,538389
Rostyslav Fylypiv_173949,Rostyslav Fylypiv,-2,0,29,38,-9,67,2021-11-08 14:30:00,538390
Jo Belovsky_28510,Jo Belovsky,1,1,50,37,13,87,2021-11-08 14:31:00,538391
Andrii Tsikhotskyi_36807519,Andrii Tsikhotskyi,3,1,34,20,14,54,2021-11-08 14:35:00,538392
Vadym Reva_173637,Vadym Reva,3,1,37,29,8,66,2021-11-08 14:35:00,538393
Dmytro Kunchurov_173841,Dmytro Kunchurov,3,1,33,12,21,45,2021-11-08 14:40:00,538394
Grigoriy Oliynik_2045757981,Grigoriy Oliynik,1,1,44,37,7,81,2021-11-08 14:40:00,538395
Oleksandr Strutinskiy_173885,Oleksandr Strutinskiy,2,1,44,26,18,70,2021-11-08 14:45:00,538396
Mykola Zaitsev_1127456707,Mykola Zaitsev,-1,0,39,51,-12,90,2021-11-08 14:45:00,538397
Nazarii Kovalchuk_1677715290,Nazarii Kovalchuk,-2,0,30,42,-12,72,2021-11-08 14:45:00,538398
I Poletaev_127181,I Poletaev,1,1,51,52,-1,103,2021-11-08 14:49:00,538399
Oleksii Krutko_430190971,Oleksii Krutko,1,1,47,39,8,86,2021-11-08 14:50:00,538400
E Kalashnikov_127193,E Kalashnikov,-3,0,18,33,-15,51,2021-11-08 14:53:00,538401
Serhii Kinash_1067982730,Serhii Kinash,-2,0,28,38,-10,66,2021-11-08 14:55:00,538402
Kostiantyn Nesterenko_173686,Kostiantyn Nesterenko,-2,0,35,36,-1,71,2021-11-08 14:55:00,538403
Yurii Teteria_823504082,Yurii Teteria,-3,0,20,33,-13,53,2021-11-08 15:00:00,538404
Matej Fausek_173814,Matej Fausek,-1,0,49,52,-3,101,2021-11-08 15:00:00,538405
I Iskenderov_127150,I Iskenderov,-1,0,52,57,-5,109,2021-11-08 15:01:00,538406
V Havlicek_28511,V Havlicek,3,1,36,26,10,62,2021-11-08 15:02:00,538407
Iolanta Yevtodii_584247194,Iolanta Yevtodii,1,1,48,52,-4,100,2021-11-08 15:05:00,538408
Serhii Bohach_173638,Serhii Bohach,3,1,33,16,17,49,2021-11-08 15:05:00,538409
Iulii Khomutovskyi_173871,Iulii Khomutovskyi,1,1,48,47,1,95,2021-11-08 15:10:00,538410
Volodymyr Tuchkevych_1852067223,Volodymyr Tuchkevych,-3,0,21,33,-12,54,2021-11-08 15:10:00,538411
Serhii Semenets_173886,Serhii Semenets,1,1,53,42,11,95,2021-11-08 15:15:00,538412
Ruslan Andrischak_1981758203,Ruslan Andrischak,-2,0,27,40,-13,67,2021-11-08 15:15:00,538413
A Tsitselskii_127194,A Tsitselskii,1,1,49,46,3,95,2021-11-08 15:17:00,538414
E Grishaev_127182,E Grishaev,-3,0,28,37,-9,65,2021-11-08 15:18:00,538415
Bohdan Chaikovskyi_173896,Bohdan Chaikovskyi,2,1,42,30,12,72,2021-11-08 15:20:00,538416
Mykola Lytvynenko_1296487406,Mykola Lytvynenko,2,1,42,29,13,71,2021-11-08 15:20:00,538417
Mykhailo Presniakov_433106145,Mykhailo Presniakov,1,1,41,38,3,79,2021-11-08 15:20:00,538418
Serhii Tsybulin_129690611,Serhii Tsybulin,-2,0,32,39,-7,71,2021-11-08 15:25:00,538419
Ihor Sobko_173687,Ihor Sobko,-1,0,43,48,-5,91,2021-11-08 15:25:00,538420
F Just_28512,F Just,-3,0,21,34,-13,55,2021-11-08 15:30:00,538421
Alisa Dubrova_173714,Alisa Dubrova,-3,0,21,33,-12,54,2021-11-08 15:30:00,538422
Vіtalіy Krokhmal_2080134532,Vіtalіy Krokhmal,1,1,43,46,-3,89,2021-11-08 15:30:00,538423
Robert Jamrich_173815,Robert Jamrich,-2,0,26,40,-14,66,2021-11-08 15:30:00,538424
Kostiantyn Kovalchuk_173729,Kostiantyn Kovalchuk,-2,0,27,38,-11,65,2021-11-08 15:35:00,538425
Oleksandr Hainovskyi_2068219020,Oleksandr Hainovskyi,-2,0,32,43,-11,75,2021-11-08 15:35:00,538426
Karina Zavinovskaya_1308352732,Karina Zavinovskaya,-2,0,33,41,-8,74,2021-11-08 15:40:00,538427
Artem Yurkov_173744,Artem Yurkov,2,1,42,28,14,70,2021-11-08 15:40:00,538428
Dmytro Lazuryk_173759,Dmytro Lazuryk,-2,0,31,41,-10,72,2021-11-08 15:45:00,538429
V Zhigalov_127075,V Zhigalov,1,1,49,45,4,94,2021-11-08 15:46:00,538430
V Kalachev_127001,V Kalachev,-1,0,43,50,-7,93,2021-11-08 15:48:00,538431
Oleksii Tkachuk_566482829,Oleksii Tkachuk,2,1,39,32,7,71,2021-11-08 15:50:00,538432
Ivan Pytsko_173897,Ivan Pytsko,2,1,50,45,5,95,2021-11-08 15:50:00,538433
A Yakovlev_127035,A Yakovlev,-2,0,33,42,-9,75,2021-11-08 15:52:00,538434
Yevhen Masko_1410251537,Yevhen Masko,-2,0,43,47,-4,90,2021-11-08 15:55:00,538435
Serhii Chuliukov_173688,Serhii Chuliukov,3,1,35,28,7,63,2021-11-08 15:55:00,538436
F Just_28557,F Just,2,1,44,34,10,78,2021-11-08 16:00:00,538437
Anastasiia Kozak_173715,Anastasiia Kozak,-2,0,38,37,1,75,2021-11-08 16:00:00,538438
Oleksandr Levadnyi_1631130191,Oleksandr Levadnyi,3,1,33,19,14,52,2021-11-08 16:00:00,538439
Kyrylo Yehorov_1362008217,Kyrylo Yehorov,1,1,45,40,5,85,2021-11-08 16:05:00,538440
Martin Sulc_173950,Martin Sulc,1,1,49,37,12,86,2021-11-08 16:05:00,538441
Andrii Novikov_173730,Andrii Novikov,-2,0,40,48,-8,88,2021-11-08 16:05:00,538442
Oleksandr Kolbasenko_173745,Oleksandr Kolbasenko,1,1,48,43,5,91,2021-11-08 16:10:00,538443
Andrii Isaiev_220270970,Andrii Isaiev,2,1,46,34,12,80,2021-11-08 16:10:00,538444
Viktoria Kurtenko_867782661,Viktoria Kurtenko,3,1,34,20,14,54,2021-11-08 16:15:00,538445
Illia Valchuk_173760,Illia Valchuk,2,1,41,34,7,75,2021-11-08 16:15:00,538446
M Sverdlov_127036,M Sverdlov,2,1,51,47,4,98,2021-11-08 16:18:00,538447
S Ovechkin_127076,S Ovechkin,3,1,33,25,8,58,2021-11-08 16:18:00,538448
D Evlahin_127002,D Evlahin,1,1,44,43,1,87,2021-11-08 16:19:00,538449
Oleh Chulanov_173898,Oleh Chulanov,-3,0,28,34,-6,62,2021-11-08 16:20:00,538450
Serhii Berezynskyi_387585449,Serhii Berezynskyi,3,1,33,17,16,50,2021-11-08 16:20:00,538451
Mykhailo Diachenko_173911,Mykhailo Diachenko,1,1,46,45,1,91,2021-11-08 16:25:00,538452
Petro Tsolik_1066369478,Petro Tsolik,3,1,35,28,7,63,2021-11-08 16:25:00,538453
V Havlicek_28558,V Havlicek,-2,0,35,40,-5,75,2021-11-08 16:30:00,538454
Roman Cherevko_1562923019,Roman Cherevko,3,1,34,25,9,59,2021-11-08 16:30:00,538455
Yuliia Tryhub_173716,Yuliia Tryhub,2,1,41,35,6,76,2021-11-08 16:30:00,538456
Matej Fausek_173951,Matej Fausek,-3,0,23,34,-11,57,2021-11-08 16:35:00,538457
Nikolay Bondarenko_1712568513,Nikolay Bondarenko,1,1,49,40,9,89,2021-11-08 16:35:00,538458
Vitalii Kobets_173731,Vitalii Kobets,1,1,48,46,2,94,2021-11-08 16:35:00,538459
Yevhen Hasan_173746,Yevhen Hasan,-3,0,28,37,-9,65,2021-11-08 16:40:00,538460
Bohdan Zaika_1655918827,Bohdan Zaika,3,1,33,24,9,57,2021-11-08 16:40:00,538461
Vladyslav Mishchenko_173761,Vladyslav Mishchenko,3,1,33,23,10,56,2021-11-08 16:45:00,538462
Oleksandr Hainovskyi_879796342,Oleksandr Hainovskyi,3,1,33,17,16,50,2021-11-08 16:45:00,538463
A Poprocky_127077,A Poprocky,2,1,42,35,7,77,2021-11-08 16:46:00,538464
P Bondarenko_127003,P Bondarenko,1,1,48,44,4,92,2021-11-08 16:50:00,538465
Karina Zavinovskaya_604051651,Karina Zavinovskaya,-1,0,47,53,-6,100,2021-11-08 16:50:00,538466
Ivan Pytsko_173899,Ivan Pytsko,3,1,33,23,10,56,2021-11-08 16:50:00,538467
Illia Semeniuk_18168154,Illia Semeniuk,-3,0,25,33,-8,58,2021-11-08 16:55:00,538468
Serhii Levin_173912,Serhii Levin,-1,0,40,49,-9,89,2021-11-08 16:55:00,538469
V Nemashkalo_127037,V Nemashkalo,3,1,36,27,9,63,2021-11-08 16:57:00,538470
Oleksii Tkachuk_1165108877,Oleksii Tkachuk,2,1,43,37,6,80,2021-11-08 17:00:00,538471
Anastasiia Kozak_173717,Anastasiia Kozak,-1,0,47,51,-4,98,2021-11-08 17:00:00,538472
Marek Kulisek_173816,Marek Kulisek,-1,0,45,44,1,89,2021-11-08 17:00:00,538473
Jo Silhan_28513,Jo Silhan,-1,0,43,51,-8,94,2021-11-08 17:02:00,538474
Andrii Novikov_173732,Andrii Novikov,-1,0,42,48,-6,90,2021-11-08 17:05:00,538475
Yevhen Masko_1629154899,Yevhen Masko,-2,0,36,46,-10,82,2021-11-08 17:05:00,538476
Oleksandr Kolbasenko_173747,Oleksandr Kolbasenko,-1,0,42,49,-7,91,2021-11-08 17:10:00,538477
Nikolay Bondarenko_528397097,Nikolay Bondarenko,-2,0,40,44,-4,84,2021-11-08 17:10:00,538478
Vasyl Shepel_1624728832,Vasyl Shepel,1,1,44,41,3,85,2021-11-08 17:15:00,538479
Illia Valchuk_173762,Illia Valchuk,3,1,33,27,6,60,2021-11-08 17:15:00,538480
O Belugin_127078,O Belugin,3,1,35,29,6,64,2021-11-08 17:16:00,538481
Bohdan Chaikovskyi_173900,Bohdan Chaikovskyi,-1,0,49,52,-3,101,2021-11-08 17:20:00,538482
Andrii Isaiev_1612354365,Andrii Isaiev,-1,0,43,46,-3,89,2021-11-08 17:20:00,538483
S Muslikov_127038,S Muslikov,1,1,49,46,3,95,2021-11-08 17:21:00,538484
A Frolov_127004,A Frolov,-1,0,37,52,-15,89,2021-11-08 17:22:00,538485
Viktoria Kurtenko_2026472457,Viktoria Kurtenko,1,1,47,44,3,91,2021-11-08 17:25:00,538486
Andrii Shcherbak_173913,Andrii Shcherbak,-1,0,46,51,-5,97,2021-11-08 17:25:00,538487
Alisa Dubrova_173718,Alisa Dubrova,-3,0,29,36,-7,65,2021-11-08 17:30:00,538488
Serhii Berezynskyi_1158646119,Serhii Berezynskyi,-2,0,40,41,-1,81,2021-11-08 17:30:00,538489
Dominik Horak_173817,Dominik Horak,-1,0,44,45,-1,89,2021-11-08 17:30:00,538490
jr. Havlik_28514,jr. Havlik,1,1,48,45,3,93,2021-11-08 17:31:00,538491
Yevhenii Faflei_1906000498,Yevhenii Faflei,3,1,33,20,13,53,2021-11-08 17:35:00,538492
Kostiantyn Kovalchuk_173733,Kostiantyn Kovalchuk,1,1,49,42,7,91,2021-11-08 17:35:00,538493
Artem Yurkov_173748,Artem Yurkov,-1,0,36,49,-13,85,2021-11-08 17:40:00,538494
Uryi Schepanskyi_1201350736,Uryi Schepanskyi,-1,0,57,59,-2,116,2021-11-08 17:40:00,538495
A Poprocky_127079,A Poprocky,-1,0,53,55,-2,108,2021-11-08 17:45:00,538496
Dmytro Lazuryk_173763,Dmytro Lazuryk,1,1,48,46,2,94,2021-11-08 17:45:00,538497
Bohdan Zaika_675565768,Bohdan Zaika,-3,0,20,33,-13,53,2021-11-08 17:45:00,538498
Nikolay Bondarenko_1013885084,Nikolay Bondarenko,3,1,33,15,18,48,2021-11-08 17:50:00,538499
Taras Gil_173901,Taras Gil,-3,0,21,34,-13,55,2021-11-08 17:50:00,538500
Dmytro Kokosha_173774,Dmytro Kokosha,2,1,40,25,15,65,2021-11-08 17:50:00,538501
Oleksandr Hainovskyi_1977743787,Oleksandr Hainovskyi,3,1,33,20,13,53,2021-11-08 17:55:00,538502
Serhii Levin_173914,Serhii Levin,2,1,39,32,7,71,2021-11-08 17:55:00,538503
Nataliia Riabchenko_173719,Nataliia Riabchenko,1,1,52,51,1,103,2021-11-08 18:00:00,538504
P Bradac_28515,P Bradac,-2,0,39,46,-7,85,2021-11-08 18:00:00,538505
Dominik Horak_173818,Dominik Horak,-2,0,35,43,-8,78,2021-11-08 18:00:00,538506
Karina Zavinovskaya_1320989400,Karina Zavinovskaya,-3,0,19,33,-14,52,2021-11-08 18:00:00,538507
Serhii Kuprykov_173734,Serhii Kuprykov,3,1,33,19,14,52,2021-11-08 18:05:00,538508
Illia Semeniuk_1898601169,Illia Semeniuk,-2,0,31,42,-11,73,2021-11-08 18:05:00,538509
P Bondarenko_127005,P Bondarenko,3,1,33,25,8,58,2021-11-08 18:05:00,538510
V Nemashkalo_127039,V Nemashkalo,2,1,41,32,9,73,2021-11-08 18:09:00,538511
Yurii Kolesnyk_173749,Yurii Kolesnyk,3,1,35,26,9,61,2021-11-08 18:10:00,538512
Petro Tsolik_1277301640,Petro Tsolik,-1,0,54,49,5,103,2021-11-08 18:10:00,538513
Roman Cherevko_924238632,Roman Cherevko,2,1,46,37,9,83,2021-11-08 18:15:00,538514
Oleksandr Hryshchenko_173764,Oleksandr Hryshchenko,-3,0,21,33,-12,54,2021-11-08 18:15:00,538515
Vasyl Shepel_1890545835,Vasyl Shepel,-3,0,25,33,-8,58,2021-11-08 18:20:00,538516
Oleh Chulanov_173902,Oleh Chulanov,3,1,33,18,15,51,2021-11-08 18:20:00,538517
Nazar Kasianyk_173775,Nazar Kasianyk,3,1,33,20,13,53,2021-11-08 18:20:00,538518
Mykhailo Diachenko_173915,Mykhailo Diachenko,1,1,45,44,1,89,2021-11-08 18:25:00,538519
S Ovechkin_127080,S Ovechkin,-3,0,24,34,-10,58,2021-11-08 18:25:00,538520
Bohdan Zaika_146539647,Bohdan Zaika,3,1,33,25,8,58,2021-11-08 18:25:00,538521
D Evlahin_127006,D Evlahin,1,1,49,42,7,91,2021-11-08 18:27:00,538522
M Huk_28516,M Huk,-2,0,40,41,-1,81,2021-11-08 18:30:00,538523
Marek Kulisek_173819,Marek Kulisek,-2,0,34,40,-6,74,2021-11-08 18:30:00,538524
Yuliia Tryhub_173720,Yuliia Tryhub,3,1,33,20,13,53,2021-11-08 18:30:00,538525
Andriy Kurtenko_1352664884,Andriy Kurtenko,1,1,54,46,8,100,2021-11-08 18:30:00,538526
Vitalii Kobets_173735,Vitalii Kobets,-3,0,21,33,-12,54,2021-11-08 18:35:00,538527
Veronika Andriushchenko_1119638226,Veronika Andriushchenko,3,1,33,18,15,51,2021-11-08 18:35:00,538528
Yevhen Hasan_173750,Yevhen Hasan,1,1,49,46,3,95,2021-11-08 18:40:00,538529
Serhii Berezynskyi_439275719,Serhii Berezynskyi,-2,0,26,39,-13,65,2021-11-08 18:40:00,538530
M Sverdlov_127040,M Sverdlov,2,1,42,26,16,68,2021-11-08 18:40:00,538531
Oleksii Tkachuk_1124999533,Oleksii Tkachuk,-1,0,46,47,-1,93,2021-11-08 18:45:00,538532
Vladyslav Mishchenko_173765,Vladyslav Mishchenko,-2,0,37,50,-13,87,2021-11-08 18:45:00,538533
Ivan Pytsko_173903,Ivan Pytsko,1,1,50,45,5,95,2021-11-08 18:50:00,538534
Yevhen Masko_2071947148,Yevhen Masko,-2,0,36,41,-5,77,2021-11-08 18:50:00,538535
Ivan Udovenko_173776,Ivan Udovenko,-2,0,26,40,-14,66,2021-11-08 18:50:00,538536
S Ovechkin_127229,S Ovechkin,-1,0,56,54,2,110,2021-11-08 18:50:00,538537
Oleksandr Brezytskyi_477125316,Oleksandr Brezytskyi,1,1,49,43,6,92,2021-11-08 18:55:00,538538
Serhii Pitsyk_173916,Serhii Pitsyk,2,1,39,36,3,75,2021-11-08 18:55:00,538539
Nikolay Bondarenko_48948236,Nikolay Bondarenko,-3,0,17,33,-16,50,2021-11-08 19:00:00,538540
P Bradac_28517,P Bradac,3,1,33,19,14,52,2021-11-08 19:00:00,538541
Jonas Kulveit_173820,Jonas Kulveit,1,1,52,43,9,95,2021-11-08 19:00:00,538542
Anastasiia Kozak_173721,Anastasiia Kozak,1,1,42,38,4,80,2021-11-08 19:00:00,538543
V Kalachev_127231,V Kalachev,-3,0,18,33,-15,51,2021-11-08 19:01:00,538544
Andrii Novikov_173736,Andrii Novikov,3,1,33,22,11,55,2021-11-08 19:05:00,538545
Andrii Isaiev_1175441205,Andrii Isaiev,-3,0,22,34,-12,56,2021-11-08 19:05:00,538546
A Yakovlev_127233,A Yakovlev,-1,0,42,51,-9,93,2021-11-08 19:09:00,538547
Oleksandr Kolbasenko_173751,Oleksandr Kolbasenko,1,1,47,48,-1,95,2021-11-08 19:10:00,538548
Viktoria Kurtenko_2019441451,Viktoria Kurtenko,3,1,36,27,9,63,2021-11-08 19:10:00,538549
Illia Valchuk_173766,Illia Valchuk,-2,0,30,43,-13,73,2021-11-08 19:15:00,538550
Mykola Tovkach_1294145857,Mykola Tovkach,1,1,49,49,0,98,2021-11-08 19:15:00,538551
Yevhenii Faflei_1091238627,Yevhenii Faflei,2,1,40,27,13,67,2021-11-08 19:20:00,538552
Nazar Kasianyk_173777,Nazar Kasianyk,-2,0,32,43,-11,75,2021-11-08 19:20:00,538553
Bohdan Chaikovskyi_173904,Bohdan Chaikovskyi,-2,0,33,38,-5,71,2021-11-08 19:20:00,538554
P Bondarenko_127232,P Bondarenko,1,1,54,43,11,97,2021-11-08 19:22:00,538555
Andrii Shcherbak_173917,Andrii Shcherbak,2,1,48,44,4,92,2021-11-08 19:25:00,538556
Uryi Schepanskyi_739924458,Uryi Schepanskyi,-1,0,51,52,-1,103,2021-11-08 19:25:00,538557
Marek Kulisek_173821,Marek Kulisek,-3,0,22,33,-11,55,2021-11-08 19:30:00,538558
jr. Havlik_28518,jr. Havlik,1,1,54,53,1,107,2021-11-08 19:30:00,538559
Alisa Dubrova_173722,Alisa Dubrova,-3,0,24,33,-9,57,2021-11-08 19:30:00,538560
Vasyl Shepel_74851156,Vasyl Shepel,-2,0,18,44,-26,62,2021-11-08 19:30:00,538561
V Zhigalov_127230,V Zhigalov,1,1,50,46,4,96,2021-11-08 19:33:00,538562
Kostiantyn Kovalchuk_173737,Kostiantyn Kovalchuk,-3,0,21,34,-13,55,2021-11-08 19:35:00,538563
Bohdan Zaika_108575867,Bohdan Zaika,-1,0,56,61,-5,117,2021-11-08 19:35:00,538564
Oleksandr Hainovskyi_1347723911,Oleksandr Hainovskyi,-2,0,37,40,-3,77,2021-11-08 19:40:00,538565
Artem Yurkov_173752,Artem Yurkov,-2,0,34,38,-4,72,2021-11-08 19:40:00,538566
V Nemashkalo_127234,V Nemashkalo,3,1,34,23,11,57,2021-11-08 19:42:00,538567
Dmytro Lazuryk_173767,Dmytro Lazuryk,2,1,43,36,7,79,2021-11-08 19:45:00,538568
Karina Zavinovskaya_299390666,Karina Zavinovskaya,-3,0,24,34,-10,58,2021-11-08 19:45:00,538569
Illia Semeniuk_1182070163,Illia Semeniuk,-2,0,36,44,-8,80,2021-11-08 19:50:00,538570
Dmytro Kokosha_173778,Dmytro Kokosha,1,1,44,41,3,85,2021-11-08 19:50:00,538571
Taras Gil_173905,Taras Gil,1,1,44,44,0,88,2021-11-08 19:50:00,538572
I Soldatov_127007,I Soldatov,2,1,41,30,11,71,2021-11-08 19:55:00,538573
Petro Tsolik_1429536481,Petro Tsolik,3,1,33,19,14,52,2021-11-08 19:55:00,538574
Serhii Levin_173918,Serhii Levin,2,1,42,31,11,73,2021-11-08 19:55:00,538575
Nataliia Riabchenko_173723,Nataliia Riabchenko,2,1,47,41,6,88,2021-11-08 20:00:00,538576
Petr Chlumsky_174213,Petr Chlumsky,-2,0,34,38,-4,72,2021-11-08 20:00:00,538577
Roman Cherevko_218746178,Roman Cherevko,-2,0,26,40,-14,66,2021-11-08 20:00:00,538578
P Pinkovskii_127081,P Pinkovskii,-2,0,33,42,-9,75,2021-11-08 20:02:00,538579
I Mihaylov_127047,I Mihaylov,-1,0,49,50,-1,99,2021-11-08 20:03:00,538580
Serhii Kuprykov_173738,Serhii Kuprykov,-1,0,48,47,1,95,2021-11-08 20:05:00,538581
Andrii Datsenko_1526462406,Andrii Datsenko,3,1,33,17,16,50,2021-11-08 20:05:00,538582
Yurii Kolesnyk_173753,Yurii Kolesnyk,2,1,45,40,5,85,2021-11-08 20:10:00,538583
Denys Vakulenko_1128247651,Denys Vakulenko,-1,0,40,52,-12,92,2021-11-08 20:10:00,538584
M Huk_28559,M Huk,-1,0,49,55,-6,104,2021-11-08 20:13:00,538585
Oleksandr Hryshchenko_173768,Oleksandr Hryshchenko,2,1,42,32,10,74,2021-11-08 20:15:00,538586
Andrii Isaiev_633189763,Andrii Isaiev,-2,0,28,38,-10,66,2021-11-08 20:15:00,538587
Viktoria Kurtenko_100302774,Viktoria Kurtenko,-2,0,32,39,-7,71,2021-11-08 20:20:00,538588
Dmytro Prokopenko_173779,Dmytro Prokopenko,2,1,34,27,7,61,2021-11-08 20:20:00,538589
I Moshkov_127008,I Moshkov,1,1,54,52,2,106,2021-11-08 20:20:00,538590
Oleh Chulanov_173906,Oleh Chulanov,-1,0,41,55,-14,96,2021-11-08 20:20:00,538591
E Kupryakov_127082,E Kupryakov,2,1,44,38,6,82,2021-11-08 20:23:00,538592
Serhii Berezynskyi_900909091,Serhii Berezynskyi,3,1,33,18,15,51,2021-11-08 20:25:00,538593
Mykhailo Diachenko_173919,Mykhailo Diachenko,2,1,38,27,11,65,2021-11-08 20:25:00,538594
Vasyl Aksenin_130566505,Vasyl Aksenin,-2,0,34,44,-10,78,2021-11-08 20:30:00,538595
Yuliia Tryhub_173724,Yuliia Tryhub,-2,0,35,37,-2,72,2021-11-08 20:30:00,538596
Dominik Horak_174214,Dominik Horak,-1,0,49,50,-1,99,2021-11-08 20:30:00,538597
A Alekseyev_127048,A Alekseyev,2,1,39,36,3,75,2021-11-08 20:34:00,538598
Vitalii Kobets_173739,Vitalii Kobets,2,1,44,37,7,81,2021-11-08 20:35:00,538599
Serhii Zemiantsev_1365706786,Serhii Zemiantsev,2,1,45,35,10,80,2021-11-08 20:35:00,538600
Jo Silhan_28560,Jo Silhan,2,1,43,35,8,78,2021-11-08 20:40:00,538601
Yevhen Hasan_173754,Yevhen Hasan,-3,0,20,33,-13,53,2021-11-08 20:40:00,538602
Andrii Datsenko_454870120,Andrii Datsenko,-1,0,50,48,2,98,2021-11-08 20:40:00,538603
Vladyslav Mishchenko_173769,Vladyslav Mishchenko,-2,0,41,45,-4,86,2021-11-08 20:45:00,538604
Lev Kuzyo_1713727698,Lev Kuzyo,-1,0,42,48,-6,90,2021-11-08 20:45:00,538605
Bohdan Chaikovskyi_173907,Bohdan Chaikovskyi,-2,0,37,41,-4,78,2021-11-08 20:50:00,538606
Ivan Udovenko_173780,Ivan Udovenko,-3,0,14,33,-19,47,2021-11-08 20:50:00,538607
Oleksandr Hainovskyi_965564819,Oleksandr Hainovskyi,1,1,48,48,0,96,2021-11-08 20:50:00,538608
D Kolesnikov_127009,D Kolesnikov,-1,0,48,50,-2,98,2021-11-08 20:54:00,538609
S Kaplan_127083,S Kaplan,3,1,33,20,13,53,2021-11-08 20:54:00,538610
Karina Zavinovskaya_770615935,Karina Zavinovskaya,-1,0,42,45,-3,87,2021-11-08 20:55:00,538611
Serhii Pitsyk_173920,Serhii Pitsyk,3,1,33,18,15,51,2021-11-08 20:55:00,538612
D Tikhnenko_127049,D Tikhnenko,2,1,43,32,11,75,2021-11-08 21:00:00,538613
Illia Semeniuk_159685702,Illia Semeniuk,-1,0,46,52,-6,98,2021-11-08 21:00:00,538614
Alisa Dubrova_173725,Alisa Dubrova,-1,0,53,51,2,104,2021-11-08 21:00:00,538615
Tung  Pham Duong_173822,Tung  Pham Duong,2,1,38,27,11,65,2021-11-08 21:00:00,538616
Oleksii Tkachuk_1173043024,Oleksii Tkachuk,-3,0,23,33,-10,56,2021-11-08 21:05:00,538617
Kostiantyn Kovalchuk_173740,Kostiantyn Kovalchuk,-2,0,31,37,-6,68,2021-11-08 21:05:00,538618
Ja Sich_28519,Ja Sich,3,1,35,22,13,57,2021-11-08 21:08:00,538619
Yevhen Masko_1568964624,Yevhen Masko,2,1,42,35,7,77,2021-11-08 21:10:00,538620
Artem Yurkov_173755,Artem Yurkov,-1,0,44,46,-2,90,2021-11-08 21:10:00,538621
Lev Kuzyo_1127948501,Lev Kuzyo,-2,0,25,41,-16,66,2021-11-08 21:15:00,538622
Dmytro Lazuryk_173770,Dmytro Lazuryk,-2,0,21,41,-20,62,2021-11-08 21:15:00,538623
A Innazarov_127084,A Innazarov,2,1,41,29,12,70,2021-11-08 21:18:00,538624
Nazar Kasianyk_173781,Nazar Kasianyk,-2,0,33,43,-10,76,2021-11-08 21:20:00,538625
Yurii Kolos_173908,Yurii Kolos,2,1,35,27,8,62,2021-11-08 21:20:00,538626
S Kuzmin_127050,S Kuzmin,2,1,40,37,3,77,2021-11-08 21:22:00,538627
V Marshalov_127010,V Marshalov,-1,0,47,51,-4,98,2021-11-08 21:24:00,538628
Andrii Shcherbak_173921,Andrii Shcherbak,-1,0,39,48,-9,87,2021-11-08 21:25:00,538629
Andrii Isaiev_1534621004,Andrii Isaiev,-3,0,24,34,-10,58,2021-11-08 21:25:00,538630
Viktoria Kurtenko_361293336,Viktoria Kurtenko,-1,0,43,49,-6,92,2021-11-08 21:30:00,538631
J Pozarsky_28520,J Pozarsky,3,1,33,17,16,50,2021-11-08 21:30:00,538632
Dominik Marasek_173823,Dominik Marasek,-3,0,21,33,-12,54,2021-11-08 21:30:00,538633
Nadiia Harmash_173726,Nadiia Harmash,1,1,49,51,-2,100,2021-11-08 21:30:00,538634
Roman Yushko_173741,Roman Yushko,-1,0,44,47,-3,91,2021-11-08 21:35:00,538635
Serhii Berezynskyi_214934967,Serhii Berezynskyi,-1,0,44,48,-4,92,2021-11-08 21:35:00,538636
Yaroslav Vorsuliak_379664916,Yaroslav Vorsuliak,3,1,33,20,13,53,2021-11-08 21:40:00,538637
Valerii Merzlikin_173756,Valerii Merzlikin,3,1,34,23,11,57,2021-11-08 21:40:00,538638
Andrii Dombrovskyi_173771,Andrii Dombrovskyi,2,1,40,34,6,74,2021-11-08 21:45:00,538639
Uryi Schepanskyi_64432021,Uryi Schepanskyi,2,1,43,35,8,78,2021-11-08 21:45:00,538640
S Kaplan_127085,S Kaplan,3,1,35,24,11,59,2021-11-08 21:45:00,538641
D Tikhnenko_127051,D Tikhnenko,1,1,50,30,20,80,2021-11-08 21:47:00,538642
Andrii Datsenko_1603137573,Andrii Datsenko,2,1,40,37,3,77,2021-11-08 21:50:00,538643
Andrii Datsenko_1100870431,Andrii Datsenko,2,1,41,25,16,66,2021-11-08 21:50:00,538644
Bohdan Chaikovskyi_173909,Bohdan Chaikovskyi,3,1,34,23,11,57,2021-11-08 21:50:00,538645
Dmytro Kokosha_173782,Dmytro Kokosha,3,1,33,17,16,50,2021-11-08 21:50:00,538646
Denys Vakulenko_1282600495,Denys Vakulenko,3,1,33,20,13,53,2021-11-08 21:55:00,538647
Mykhailo Diachenko_173922,Mykhailo Diachenko,2,1,45,34,11,79,2021-11-08 21:55:00,538648
D Kolesnikov_127011,D Kolesnikov,-1,0,57,56,1,113,2021-11-08 21:59:00,538649
Alisa Dubrova_173727,Alisa Dubrova,-1,0,47,51,-4,98,2021-11-08 22:00:00,538650
Andriy Kurtenko_471738044,Andriy Kurtenko,1,1,48,45,3,93,2021-11-08 22:00:00,538651
Dominik Marasek_173824,Dominik Marasek,3,1,33,19,14,52,2021-11-08 22:00:00,538652
A Barbora_28521,A Barbora,2,1,38,34,4,72,2021-11-08 22:00:00,538653
Veronika Andriushchenko_666670734,Veronika Andriushchenko,2,1,39,32,7,71,2021-11-08 22:05:00,538654
Kostiantyn Kovalchuk_173742,Kostiantyn Kovalchuk,1,1,51,53,-2,104,2021-11-08 22:05:00,538655
Artem Yurkov_173757,Artem Yurkov,-1,0,44,47,-3,91,2021-11-08 22:10:00,538656
Illia Semeniuk_1665295216,Illia Semeniuk,-1,0,44,48,-4,92,2021-11-08 22:10:00,538657
Dmytro Lazuryk_173772,Dmytro Lazuryk,3,1,33,15,18,48,2021-11-08 22:15:00,538658
Yevhenii Faflei_311044106,Yevhenii Faflei,-3,0,25,33,-8,58,2021-11-08 22:15:00,538659
E Kupryakov_127086,E Kupryakov,-1,0,45,45,0,90,2021-11-08 22:16:00,538660
A Alekseyev_127052,A Alekseyev,-2,0,36,41,-5,77,2021-11-08 22:17:00,538661
Roman Cherevko_1563712510,Roman Cherevko,-2,0,33,38,-5,71,2021-11-08 22:20:00,538662
Dmytro Prokopenko_173783,Dmytro Prokopenko,-3,0,16,33,-17,49,2021-11-08 22:20:00,538663
Ivan Pytsko_173910,Ivan Pytsko,-1,0,37,42,-5,79,2021-11-08 22:20:00,538664
Ihor Oranskyi_173923,Ihor Oranskyi,2,1,44,40,4,84,2021-11-08 22:25:00,538665
Lev Kuzyo_1713801750,Lev Kuzyo,-1,0,38,46,-8,84,2021-11-08 22:25:00,538666
I Moshkov_127012,I Moshkov,2,1,45,36,9,81,2021-11-08 22:29:00,538667
Tung  Pham Duong_173825,Tung  Pham Duong,1,1,49,38,11,87,2021-11-08 22:30:00,538668
Anastasiia Kozak_173728,Anastasiia Kozak,2,1,46,36,10,82,2021-11-08 22:30:00,538669
Andrii Datsenko_454943149,Andrii Datsenko,3,1,33,19,14,52,2021-11-08 22:30:00,538670
R Pavelka_28522,R Pavelka,2,1,38,27,11,65,2021-11-08 22:31:00,538671
Andrii Novikov_173743,Andrii Novikov,-3,0,22,35,-13,57,2021-11-08 22:35:00,538672
Oleksandr Kolbasenko_173758,Oleksandr Kolbasenko,2,1,45,42,3,87,2021-11-08 22:40:00,538673
Illia Valchuk_173773,Illia Valchuk,-2,0,37,44,-7,81,2021-11-08 22:45:00,538674
Roman Rybachuk_303482412,Roman Rybachuk,1,1,47,40,7,87,2021-11-08 22:45:00,538675
A Alekseyev_127235,A Alekseyev,-2,0,39,47,-8,86,2021-11-08 22:49:00,538676
P Pinkovskii_127237,P Pinkovskii,2,1,51,47,4,98,2021-11-08 22:50:00,538677
Ivan Udovenko_173784,Ivan Udovenko,2,1,39,33,6,72,2021-11-08 22:50:00,538678
Mykhailo Diachenko_173924,Mykhailo Diachenko,-3,0,25,34,-9,59,2021-11-08 22:55:00,538679
Andrii Datsenko_1286295074,Andrii Datsenko,2,1,41,28,13,69,2021-11-08 23:00:00,538680
David Ako_173826,David Ako,3,1,35,26,9,61,2021-11-08 23:00:00,538681
D Kolesnikov_127239,D Kolesnikov,1,1,48,48,0,96,2021-11-08 23:01:00,538682
A Barbora_28523,A Barbora,-1,0,43,57,-14,100,2021-11-08 23:01:00,538683
Lev Kuzyo_2030280346,Lev Kuzyo,-3,0,22,35,-13,57,2021-11-08 23:05:00,538684
D Tikhnenko_127236,D Tikhnenko,-1,0,41,42,-1,83,2021-11-08 23:12:00,538685
A Innazarov_127238,A Innazarov,-2,0,30,38,-8,68,2021-11-08 23:16:00,538686
Dmytro Kokosha_173785,Dmytro Kokosha,-1,0,43,51,-8,94,2021-11-08 23:20:00,538687
Serhii Levin_173925,Serhii Levin,3,1,33,20,13,53,2021-11-08 23:25:00,538688
Tung  Pham Duong_173827,Tung  Pham Duong,3,1,33,23,10,56,2021-11-08 23:30:00,538689
I Soldatov_127240,I Soldatov,-2,0,35,44,-9,79,2021-11-08 23:32:00,538690
J Pozarsky_28524,J Pozarsky,2,1,41,29,12,70,2021-11-08 23:35:00,538691
Alexey Lukianov_605019045,Alexey Lukianov,-3,0,24,36,-12,60,2021-11-08 23:35:00,538692
Viktor Trachuk_1980736849,Viktor Trachuk,3,1,33,20,13,53,2021-11-08 23:45:00,538693
V Safonov_127087,V Safonov,3,1,35,25,10,60,2021-11-08 23:46:00,538694
D Evlahin_127053,D Evlahin,3,1,33,10,23,43,2021-11-08 23:46:00,538695
Iurii Bondarenko_173786,Iurii Bondarenko,-3,0,23,33,-10,56,2021-11-08 23:50:00,538696
N Zhurba_97006,N Zhurba,3,1,35,28,7,63,2021-12-01 00:01:00,538697
Ihor Kuznetsov_238582342,Ihor Kuznetsov,1,1,49,43,6,92,2021-12-01 00:05:00,538698
Vitaliy Pinchuk_472144036,Vitaliy Pinchuk,-3,0,29,36,-7,65,2021-12-01 00:15:00,538699
Va Ivanov_97034,Va Ivanov,2,1,47,39,8,86,2021-12-01 00:16:00,538700
I Mihaylov_97050,I Mihaylov,-2,0,31,44,-13,75,2021-12-01 00:18:00,538701
T Yusipov_97007,T Yusipov,1,1,42,39,3,81,2021-12-01 00:31:00,538702
Ja Boruvka_21649,Ja Boruvka,-2,0,40,42,-2,82,2021-12-01 00:32:00,538703
Pavlo Vasylchuk_688506181,Pavlo Vasylchuk,2,1,42,38,4,80,2021-12-01 00:35:00,538704
Oleksandr Kuharchuk_15052533,Oleksandr Kuharchuk,3,1,33,20,13,53,2021-12-01 00:45:00,538705
I Soldatov_97035,I Soldatov,-1,0,41,51,-10,92,2021-12-01 00:46:00,538706
V Kalachev_97051,V Kalachev,2,1,38,21,17,59,2021-12-01 00:47:00,538707
T Turabekov_97008,T Turabekov,3,1,33,23,10,56,2021-12-01 01:00:00,538708
Vasyl Aksenin_36759341,Vasyl Aksenin,1,1,48,49,-1,97,2021-12-01 01:00:00,538709
Vladyslav Volokhov_1391984001,Vladyslav Volokhov,2,1,42,33,9,75,2021-12-01 01:05:00,538710
Ja Zlamal_21650,Ja Zlamal,2,1,46,33,13,79,2021-12-01 01:05:00,538711
Vitaliy Pinchuk_1944711757,Vitaliy Pinchuk,2,1,40,25,15,65,2021-12-01 01:15:00,538712
K Churin_97052,K Churin,2,1,39,31,8,70,2021-12-01 01:16:00,538713
Yu Merkushin_97036,Yu Merkushin,3,1,38,29,9,67,2021-12-01 01:20:00,538714
Yaroslav Vorsuliak_220790968,Yaroslav Vorsuliak,-3,0,26,36,-10,62,2021-12-01 01:30:00,538715
N Zhurba_97009,N Zhurba,-1,0,42,48,-6,90,2021-12-01 01:31:00,538716
Ihor Kuznetsov_31219957,Ihor Kuznetsov,2,1,43,34,9,77,2021-12-01 01:35:00,538717
Ja Boruvka_21688,Ja Boruvka,3,1,38,31,7,69,2021-12-01 01:40:00,538718
Oleksandr Kuharchuk_654455942,Oleksandr Kuharchuk,1,1,50,47,3,97,2021-12-01 01:45:00,538719
Va Ivanov_97037,Va Ivanov,1,1,47,45,2,92,2021-12-01 01:46:00,538720
I Mihaylov_97053,I Mihaylov,1,1,51,46,5,97,2021-12-01 01:48:00,538721
Vasyl Aksenin_2091288843,Vasyl Aksenin,-1,0,43,49,-6,92,2021-12-01 02:00:00,538722
T Turabekov_97010,T Turabekov,-2,0,33,39,-6,72,2021-12-01 02:00:00,538723
Pavlo Vasylchuk_422767917,Pavlo Vasylchuk,-1,0,49,59,-10,108,2021-12-01 02:05:00,538724
M Blinka_21689,M Blinka,2,1,41,27,14,68,2021-12-01 02:06:00,538725
Andrii Tsikhotskyi_1034093555,Andrii Tsikhotskyi,2,1,43,33,10,76,2021-12-01 02:15:00,538726
K Churin_97054,K Churin,-3,0,28,36,-8,64,2021-12-01 02:17:00,538727
Yu Merkushin_97038,Yu Merkushin,-3,0,20,33,-13,53,2021-12-01 02:19:00,538728
Petro Tsolik_1081983195,Petro Tsolik,2,1,41,38,3,79,2021-12-01 02:30:00,538729
A Serebrennikov_97011,A Serebrennikov,-1,0,49,51,-2,100,2021-12-01 02:30:00,538730
Vladyslav Volokhov_1962993496,Vladyslav Volokhov,3,1,34,19,15,53,2021-12-01 02:35:00,538731
Oleksandr Kostiuk_2119285281,Oleksandr Kostiuk,-2,0,30,42,-12,72,2021-12-01 02:45:00,538732
A Volkov_97039,A Volkov,-3,0,25,35,-10,60,2021-12-01 02:45:00,538733
O Kutuzov_97055,O Kutuzov,2,1,42,31,11,73,2021-12-01 02:47:00,538734
Yaroslav Vorsuliak_954439611,Yaroslav Vorsuliak,2,1,45,36,9,81,2021-12-01 03:00:00,538735
T Yusipov_97012,T Yusipov,3,1,33,23,10,56,2021-12-01 03:03:00,538736
Ihor Kuznetsov_558555421,Ihor Kuznetsov,-1,0,47,53,-6,100,2021-12-01 03:05:00,538737
Oleksandr Kuharchuk_1750934394,Oleksandr Kuharchuk,2,1,42,32,10,74,2021-12-01 03:15:00,538738
I Soldatov_97040,I Soldatov,3,1,46,40,6,86,2021-12-01 03:16:00,538739
V Kalachev_97056,V Kalachev,-2,0,31,41,-10,72,2021-12-01 03:17:00,538740
R Pavlenko_97013,R Pavlenko,-2,0,35,42,-7,77,2021-12-01 03:30:00,538741
Vasyl Aksenin_231859977,Vasyl Aksenin,3,1,33,18,15,51,2021-12-01 03:30:00,538742
Illia Yanishevskiy_1818075467,Illia Yanishevskiy,-3,0,24,35,-11,59,2021-12-01 03:35:00,538743
N Lyfenko_97041,N Lyfenko,-2,0,31,43,-12,74,2021-12-01 03:45:00,538744
Oleksandr Kostiuk_1189410471,Oleksandr Kostiuk,-1,0,40,49,-9,89,2021-12-01 03:45:00,538745
I Novikov_97057,I Novikov,2,1,50,43,7,93,2021-12-01 03:47:00,538746
Petro Tsolik_945031397,Petro Tsolik,-1,0,38,51,-13,89,2021-12-01 04:00:00,538747
A Serebrennikov_97014,A Serebrennikov,-2,0,32,37,-5,69,2021-12-01 04:00:00,538748
Pavlo Vasylchuk_1154699317,Pavlo Vasylchuk,-2,0,40,52,-12,92,2021-12-01 04:05:00,538749
A Volkov_97042,A Volkov,-1,0,47,51,-4,98,2021-12-01 04:15:00,538750
Oleksandr Kuharchuk_708929562,Oleksandr Kuharchuk,-2,0,33,37,-4,70,2021-12-01 04:15:00,538751
O Kutuzov_97058,O Kutuzov,1,1,43,44,-1,87,2021-12-01 04:26:00,538752
T Turabekov_97212,T Turabekov,3,1,33,11,22,44,2021-12-01 04:30:00,538753
Yaroslav Vorsuliak_2065198096,Yaroslav Vorsuliak,2,1,43,27,16,70,2021-12-01 04:30:00,538754
Petro Kolesnik_2036380079,Petro Kolesnik,2,1,40,24,16,64,2021-12-01 04:35:00,538755
Oleksandr Kostiuk_638541515,Oleksandr Kostiuk,-1,0,39,52,-13,91,2021-12-01 04:45:00,538756
Yu Merkushin_97214,Yu Merkushin,-1,0,49,51,-2,100,2021-12-01 04:52:00,538757
Stepan Nykyforuk_664780021,Stepan Nykyforuk,-3,0,24,33,-9,57,2021-12-01 05:00:00,538758
N Zhurba_97213,N Zhurba,2,1,43,31,12,74,2021-12-01 05:01:00,538759
Vladyslav Volokhov_1175033685,Vladyslav Volokhov,3,1,33,21,12,54,2021-12-01 05:05:00,538760
V Kalachev_97217,V Kalachev,1,1,48,36,12,84,2021-12-01 05:06:00,538761
Vitaliy Pinchuk_472103807,Vitaliy Pinchuk,-3,0,20,33,-13,53,2021-12-01 05:15:00,538762
N Lyfenko_97216,N Lyfenko,-2,0,40,42,-2,82,2021-12-01 05:23:00,538763
Vasyl Aksenin_432041502,Vasyl Aksenin,-2,0,30,37,-7,67,2021-12-01 05:30:00,538764
K Churin_97218,K Churin,-2,0,43,50,-7,93,2021-12-01 05:37:00,538765
Petro Tsolik_2096532369,Petro Tsolik,-2,0,31,39,-8,70,2021-12-01 06:00:00,538766
Yurii Kolos_1686385561,Yurii Kolos,-2,0,32,44,-12,76,2021-12-01 06:30:00,538767
G Karpovkin_97114,G Karpovkin,3,1,33,18,15,51,2021-12-01 07:34:00,538768
I Poletaev_97139,I Poletaev,-1,0,41,46,-5,87,2021-12-01 07:46:00,538769
D Razinkov_97096,D Razinkov,-3,0,17,33,-16,50,2021-12-01 07:48:00,538770
Maksim Ovcharenko_1343821846,Maksim Ovcharenko,3,1,33,20,13,53,2021-12-01 07:50:00,538771
Kyrylo Yehorov_1108194115,Kyrylo Yehorov,-2,0,35,40,-5,75,2021-12-01 07:55:00,538772
A Kolmin_97115,A Kolmin,1,1,50,43,7,93,2021-12-01 08:00:00,538773
I Tolmachev_97140,I Tolmachev,-1,0,45,50,-5,95,2021-12-01 08:16:00,538774
A Gribkov_97097,A Gribkov,-1,0,41,46,-5,87,2021-12-01 08:16:00,538775
Anatolii Yakovenko_16096986,Anatolii Yakovenko,-1,0,49,50,-1,99,2021-12-01 08:25:00,538776
Roman Vakarash_118017517,Roman Vakarash,2,1,42,30,12,72,2021-12-01 08:30:00,538777
Volodymyr Tuchkevych_930803717,Volodymyr Tuchkevych,-2,0,39,43,-4,82,2021-12-01 08:35:00,538778
O Belugin_97116,O Belugin,-2,0,36,42,-6,78,2021-12-01 08:35:00,538779
Dmytro Belanchyk_1383348110,Dmytro Belanchyk,-2,0,33,41,-8,74,2021-12-01 08:40:00,538780
A Lisov_97098,A Lisov,2,1,39,34,5,73,2021-12-01 08:45:00,538781
Andrii Khvysiuk_1891556305,Andrii Khvysiuk,3,1,33,18,15,51,2021-12-01 08:45:00,538782
Viktor Bedriichuk_1878054123,Viktor Bedriichuk,3,1,38,23,15,61,2021-12-01 08:50:00,538783
S Homutov_97141,S Homutov,2,1,42,30,12,72,2021-12-01 08:50:00,538784
Oleksii Horbanenko_2021941905,Oleksii Horbanenko,1,1,56,55,1,111,2021-12-01 08:55:00,538785
Dmytro Dubrovin_1196624079,Dmytro Dubrovin,3,1,33,21,12,54,2021-12-01 08:55:00,538786
Illia Hubariev_964112787,Illia Hubariev,-3,0,22,33,-11,55,2021-12-01 09:00:00,538787
I Sergeevich_97117,I Sergeevich,-3,0,19,33,-14,52,2021-12-01 09:01:00,538788
Oleksandr Dziabura_691293659,Oleksandr Dziabura,-3,0,19,33,-14,52,2021-12-01 09:05:00,538789
Vladyslav Ivanchatenko_1187455400,Vladyslav Ivanchatenko,2,1,44,35,9,79,2021-12-01 09:10:00,538790
Vadim Parhomenko_447137193,Vadim Parhomenko,1,1,52,53,-1,105,2021-12-01 09:15:00,538791
S Simonov_97099,S Simonov,1,1,45,41,4,86,2021-12-01 09:17:00,538792
O Nikiforov_97142,O Nikiforov,-3,0,24,35,-11,59,2021-12-01 09:20:00,538793
Roman Vashchuk_1360481762,Roman Vashchuk,-2,0,33,41,-8,74,2021-12-01 09:20:00,538794
Valerii Tatarynov_1239349399,Valerii Tatarynov,-1,0,43,50,-7,93,2021-12-01 09:25:00,538795
Pavlo Zaderei_763758517,Pavlo Zaderei,-3,0,24,34,-10,58,2021-12-01 09:30:00,538796
Maksym Nikolenko_903657864,Maksym Nikolenko,-3,0,21,34,-13,55,2021-12-01 09:30:00,538797
O Belugin_97118,O Belugin,1,1,47,41,6,88,2021-12-01 09:31:00,538798
Anatolii Yakovenko_450093992,Anatolii Yakovenko,1,1,46,48,-2,94,2021-12-01 09:35:00,538799
Roman Vakarash_772173021,Roman Vakarash,2,1,39,27,12,66,2021-12-01 09:40:00,538800
Volodymyr Tuchkevych_1160770462,Volodymyr Tuchkevych,-2,0,26,40,-14,66,2021-12-01 09:45:00,538801
A Lisov_97100,A Lisov,-3,0,25,33,-8,58,2021-12-01 09:47:00,538802
S Homutov_97143,S Homutov,1,1,50,51,-1,101,2021-12-01 09:48:00,538803
Dmytro Belanchyk_1652304175,Dmytro Belanchyk,2,1,41,33,8,74,2021-12-01 09:50:00,538804
Andrii Khvysiuk_1734920334,Andrii Khvysiuk,2,1,40,32,8,72,2021-12-01 09:55:00,538805
Viktor Bedriichuk_461110981,Viktor Bedriichuk,-1,0,42,49,-7,91,2021-12-01 10:00:00,538806
M Lysenko_96729,M Lysenko,-2,0,2,23,-21,25,2021-12-01 10:00:00,538807
M Huk_21660,M Huk,-1,0,48,51,-3,99,2021-12-01 10:01:00,538808
A Kolmin_97119,A Kolmin,1,1,49,42,7,91,2021-12-01 10:03:00,538809
Dmytro Dubrovin_2019550028,Dmytro Dubrovin,1,1,47,43,4,90,2021-12-01 10:05:00,538810
Oleksii Horbanenko_1628606771,Oleksii Horbanenko,3,1,36,29,7,65,2021-12-01 10:05:00,538811
Maksim Ovcharenko_494062978,Maksim Ovcharenko,3,1,33,13,20,46,2021-12-01 10:10:00,538812
Kyrylo Yehorov_1518759114,Kyrylo Yehorov,1,1,47,36,11,83,2021-12-01 10:15:00,538813
A Gribkov_97101,A Gribkov,2,1,47,35,12,82,2021-12-01 10:17:00,538814
P Samsonov_96730,P Samsonov,2,1,23,16,7,39,2021-12-01 10:20:00,538815
Bohdan Panchenko_1889466032,Bohdan Panchenko,1,1,45,38,7,83,2021-12-01 10:20:00,538816
I Tolmachev_97144,I Tolmachev,2,1,39,36,3,75,2021-12-01 10:22:00,538817
Vadym Paukov_840842336,Vadym Paukov,-1,0,48,46,2,94,2021-12-01 10:25:00,538818
Andrey Guchok_1735398386,Andrey Guchok,2,1,42,30,12,72,2021-12-01 10:30:00,538819
T Batthyany_21661,T Batthyany,-3,0,22,33,-11,55,2021-12-01 10:30:00,538820
Liubomyr Sheshurak_1598184469,Liubomyr Sheshurak,3,1,33,12,21,45,2021-12-01 10:35:00,538821
I Sergeevich_97222,I Sergeevich,-2,0,36,40,-4,76,2021-12-01 10:36:00,538822
V Pak_96731,V Pak,-2,0,9,23,-14,32,2021-12-01 10:40:00,538823
Valeriy Petukhov_929152131,Valeriy Petukhov,1,1,47,44,3,91,2021-12-01 10:40:00,538824
Valerii Melnyk_1252037561,Valerii Melnyk,3,1,33,16,17,49,2021-12-01 10:40:00,538825
Dmytro Alekseenko_1603996220,Dmytro Alekseenko,2,1,43,34,9,77,2021-12-01 10:45:00,538826
I Poletaev_97224,I Poletaev,3,1,34,21,13,55,2021-12-01 10:48:00,538827
Serhii Kubrak_1592271938,Serhii Kubrak,-1,0,45,36,9,81,2021-12-01 10:50:00,538828
D Razinkov_97226,D Razinkov,-2,0,39,40,-1,79,2021-12-01 10:51:00,538829
Vladyslav Ivanchatenko_108865380,Vladyslav Ivanchatenko,-1,0,46,48,-2,94,2021-12-01 10:55:00,538830
G Karpovkin_97223,G Karpovkin,1,1,49,44,5,93,2021-12-01 11:00:00,538831
M-l Regner_21662,M-l Regner,-1,0,50,50,0,100,2021-12-01 11:00:00,538832
E Samsonova_96732,E Samsonova,-2,0,10,22,-12,32,2021-12-01 11:00:00,538833
Vadim Parhomenko_965652054,Vadim Parhomenko,1,1,47,47,0,94,2021-12-01 11:00:00,538834
Roman Vashchuk_1242871758,Roman Vashchuk,2,1,45,35,10,80,2021-12-01 11:05:00,538835
Valerii Tatarynov_804766733,Valerii Tatarynov,2,1,41,29,12,70,2021-12-01 11:10:00,538836
Pavlo Zaderei_1049234689,Pavlo Zaderei,-1,0,44,46,-2,90,2021-12-01 11:15:00,538837
I Tolmachev_97225,I Tolmachev,-1,0,49,49,0,98,2021-12-01 11:15:00,538838
Maksym Nikolenko_2015834993,Maksym Nikolenko,1,1,49,44,5,93,2021-12-01 11:15:00,538839
A Lisov_97227,A Lisov,-3,0,19,34,-15,53,2021-12-01 11:19:00,538840
Illia Hubariev_1498437851,Illia Hubariev,-3,0,17,33,-16,50,2021-12-01 11:20:00,538841
P Samsonov_96733,P Samsonov,2,1,24,8,16,32,2021-12-01 11:20:00,538842
Oleksandr Dziabura_246608985,Oleksandr Dziabura,1,1,48,43,5,91,2021-12-01 11:25:00,538843
T Kos_21663,T Kos,1,1,53,45,8,98,2021-12-01 11:30:00,538844
Volodymyr Tuchkevych_1829292142,Volodymyr Tuchkevych,-3,0,27,33,-6,60,2021-12-01 11:30:00,538845
Dmytro Belanchyk_1474324155,Dmytro Belanchyk,-1,0,45,53,-8,98,2021-12-01 11:35:00,538846
I Afanasev_97120,I Afanasev,2,1,46,33,13,79,2021-12-01 11:36:00,538847
O Aratskaya_96734,O Aratskaya,-1,0,25,24,1,49,2021-12-01 11:40:00,538848
Andrii Khvysiuk_904278807,Andrii Khvysiuk,-2,0,32,39,-7,71,2021-12-01 11:40:00,538849
Viktor Bedriichuk_1342227038,Viktor Bedriichuk,3,1,36,23,13,59,2021-12-01 11:45:00,538850
G Karpovkin_97102,G Karpovkin,2,1,44,37,7,81,2021-12-01 11:46:00,538851
Oleksii Horbanenko_607754651,Oleksii Horbanenko,1,1,52,51,1,103,2021-12-01 11:50:00,538852
Dmytro Dubrovin_1042672343,Dmytro Dubrovin,-1,0,50,47,3,97,2021-12-01 11:50:00,538853
A Mohnachev_97155,A Mohnachev,2,1,38,25,13,63,2021-12-01 11:52:00,538854
Anatolii Yakovenko_1902238498,Anatolii Yakovenko,-1,0,48,53,-5,101,2021-12-01 11:55:00,538855
M Lysenko_96735,M Lysenko,-2,0,4,24,-20,28,2021-12-01 12:00:00,538856
Roman Vakarash_1209683274,Roman Vakarash,3,1,34,22,12,56,2021-12-01 12:00:00,538857
M-l Regner_21664,M-l Regner,-3,0,9,33,-24,42,2021-12-01 12:01:00,538858
A Volkov_97121,A Volkov,-1,0,48,46,2,94,2021-12-01 12:04:00,538859
Bohdan Panchenko_1791829724,Bohdan Panchenko,2,1,36,29,7,65,2021-12-01 12:05:00,538860
Vadym Paukov_1375202587,Vadym Paukov,-1,0,43,47,-4,90,2021-12-01 12:10:00,538861
O Belugin_97103,O Belugin,1,1,52,42,10,94,2021-12-01 12:15:00,538862
Andrey Guchok_144195822,Andrey Guchok,2,1,39,33,6,72,2021-12-01 12:15:00,538863
O Pronin_97156,O Pronin,3,1,33,18,15,51,2021-12-01 12:17:00,538864
Liubomyr Sheshurak_1690400893,Liubomyr Sheshurak,-1,0,42,57,-15,99,2021-12-01 12:20:00,538865
V Pak_96736,V Pak,-2,0,4,24,-20,28,2021-12-01 12:20:00,538866
Valerii Melnyk_365019490,Valerii Melnyk,3,1,34,23,11,57,2021-12-01 12:25:00,538867
Valeriy Petukhov_1943433635,Valeriy Petukhov,2,1,45,39,6,84,2021-12-01 12:25:00,538868
Maksim Ovcharenko_583047420,Maksim Ovcharenko,2,1,43,34,9,77,2021-12-01 12:30:00,538869
T Batthyany_21665,T Batthyany,-1,0,47,49,-2,96,2021-12-01 12:30:00,538870
Kyrylo Yehorov_1400716959,Kyrylo Yehorov,-3,0,28,37,-9,65,2021-12-01 12:35:00,538871
A Bochkarev_97122,A Bochkarev,1,1,51,41,10,92,2021-12-01 12:36:00,538872
Vladyslav Ivanchatenko_1256106733,Vladyslav Ivanchatenko,2,1,42,31,11,73,2021-12-01 12:40:00,538873
O Aratskaya_96737,O Aratskaya,2,1,24,2,22,26,2021-12-01 12:40:00,538874
Vadim Parhomenko_1860625461,Vadim Parhomenko,-1,0,42,49,-7,91,2021-12-01 12:45:00,538875
A Zirin_97157,A Zirin,-3,0,18,33,-15,51,2021-12-01 12:46:00,538876
I Sergeevich_97104,I Sergeevich,-3,0,28,36,-8,64,2021-12-01 12:47:00,538877
Roman Vashchuk_2108919030,Roman Vashchuk,2,1,46,40,6,86,2021-12-01 12:50:00,538878
Valerii Tatarynov_126823631,Valerii Tatarynov,1,1,47,48,-1,95,2021-12-01 12:55:00,538879
Maksym Nikolenko_4043077,Maksym Nikolenko,-1,0,45,48,-3,93,2021-12-01 13:00:00,538880
Pavlo Zaderei_471448038,Pavlo Zaderei,3,1,35,27,8,62,2021-12-01 13:00:00,538881
E Samsonova_96738,E Samsonova,2,1,23,6,17,29,2021-12-01 13:00:00,538882
I Korogodskii_97123,I Korogodskii,1,1,49,41,8,90,2021-12-01 13:04:00,538883
T Batthyany_21714,T Batthyany,-2,0,36,43,-7,79,2021-12-01 13:05:00,538884
Dmytro Alekseenko_829879937,Dmytro Alekseenko,3,1,33,23,10,56,2021-12-01 13:05:00,538885
Serhii Kubrak_909063963,Serhii Kubrak,-2,0,28,44,-16,72,2021-12-01 13:10:00,538886
Serhii Hilitukha_1702037374,Serhii Hilitukha,1,1,48,39,9,87,2021-12-01 13:15:00,538887
A Kolmin_97105,A Kolmin,1,1,51,40,11,91,2021-12-01 13:15:00,538888
A Gerasimov_97158,A Gerasimov,3,1,38,27,11,65,2021-12-01 13:16:00,538889
Serhii Illiushchenko_486406316,Serhii Illiushchenko,-2,0,36,41,-5,77,2021-12-01 13:20:00,538890
Pavlo Chyzh_879951375,Pavlo Chyzh,1,1,52,47,5,99,2021-12-01 13:25:00,538891
Dmytro Zeniuk_654724792,Dmytro Zeniuk,-3,0,14,33,-19,47,2021-12-01 13:30:00,538892
M Huk_21715,M Huk,-3,0,22,33,-11,55,2021-12-01 13:30:00,538893
Yevhenii Kibka_1506605879,Yevhenii Kibka,-3,0,21,34,-13,55,2021-12-01 13:35:00,538894
Serhii Rutskyi_1327275468,Serhii Rutskyi,-3,0,17,33,-16,50,2021-12-01 13:35:00,538895
A Bochkarev_97124,A Bochkarev,3,1,33,14,19,47,2021-12-01 13:35:00,538896
Illia Hubariev_1471548883,Illia Hubariev,1,1,52,48,4,100,2021-12-01 13:40:00,538897
Oleksandr Dziabura_2096263327,Oleksandr Dziabura,-2,0,37,41,-4,78,2021-12-01 13:45:00,538898
I Sergeevich_97106,I Sergeevich,-2,0,35,41,-6,76,2021-12-01 13:48:00,538899
A Zirin_97159,A Zirin,3,1,33,24,9,57,2021-12-01 13:48:00,538900
Volodymyr Tuchkevych_2089224073,Volodymyr Tuchkevych,-1,0,49,52,-3,101,2021-12-01 13:50:00,538901
Dmytro Belanchyk_744716202,Dmytro Belanchyk,-2,0,38,48,-10,86,2021-12-01 13:55:00,538902
Andrii Khvysiuk_45959500,Andrii Khvysiuk,-1,0,46,51,-5,97,2021-12-01 14:00:00,538903
A Volkov_97125,A Volkov,2,1,39,34,5,73,2021-12-01 14:02:00,538904
J Svec_21666,J Svec,2,1,39,29,10,68,2021-12-01 14:04:00,538905
Viktor Bedriichuk_394261179,Viktor Bedriichuk,1,1,45,46,-1,91,2021-12-01 14:05:00,538906
Oleksii Horbanenko_528691591,Oleksii Horbanenko,1,1,49,44,5,93,2021-12-01 14:10:00,538907
Dmytro Dubrovin_153102590,Dmytro Dubrovin,2,1,41,27,14,68,2021-12-01 14:10:00,538908
Maksim Ovcharenko_1018581589,Maksim Ovcharenko,1,1,45,39,6,84,2021-12-01 14:15:00,538909
O Belugin_97107,O Belugin,1,1,47,43,4,90,2021-12-01 14:16:00,538910
Kyrylo Yehorov_356995594,Kyrylo Yehorov,1,1,39,44,-5,83,2021-12-01 14:20:00,538911
O Pronin_97160,O Pronin,-3,0,27,36,-9,63,2021-12-01 14:21:00,538912
Serhii Zazymko_138086434,Serhii Zazymko,-3,0,21,34,-13,55,2021-12-01 14:25:00,538913
Vadym Paukov_1375128535,Vadym Paukov,1,1,42,38,4,80,2021-12-01 14:30:00,538914
Z Kasinski_21667,Z Kasinski,3,1,33,20,13,53,2021-12-01 14:30:00,538915
I Korogodskii_97255,I Korogodskii,-1,0,58,54,4,112,2021-12-01 14:35:00,538916
Pavlo Chyzh_804318261,Pavlo Chyzh,-2,0,29,38,-9,67,2021-12-01 14:35:00,538917
Valerii Tatarynov_1123524882,Valerii Tatarynov,-2,0,38,39,-1,77,2021-12-01 14:40:00,538918
Pavlo Zaderei_1049132321,Pavlo Zaderei,-1,0,45,49,-4,94,2021-12-01 14:45:00,538919
Maksym Nikolenko_2016011409,Maksym Nikolenko,-3,0,19,33,-14,52,2021-12-01 14:45:00,538920
A Zirin_97272,A Zirin,-2,0,28,41,-13,69,2021-12-01 14:49:00,538921
I Sergeevich_97274,I Sergeevich,3,1,36,25,11,61,2021-12-01 14:49:00,538922
Serhii Skachenko_2032117019,Serhii Skachenko,-1,0,45,52,-7,97,2021-12-01 14:50:00,538923
Vadym Komar_1505456600,Vadym Komar,1,1,46,42,4,88,2021-12-01 14:55:00,538924
P Sudek_21668,P Sudek,-1,0,42,49,-7,91,2021-12-01 15:00:00,538925
Bohdan Panchenko_26299302,Bohdan Panchenko,-1,0,47,54,-7,101,2021-12-01 15:00:00,538926
Vadim Parhomenko_1860802772,Vadim Parhomenko,-2,0,27,38,-11,65,2021-12-01 15:05:00,538927
Roman Vashchuk_1878683824,Roman Vashchuk,-1,0,43,50,-7,93,2021-12-01 15:10:00,538928
Viktor Bedriichuk_560279688,Viktor Bedriichuk,-1,0,40,49,-9,89,2021-12-01 15:15:00,538929
O Belugin_97275,O Belugin,2,1,42,34,8,76,2021-12-01 15:15:00,538930
A Volkov_97256,A Volkov,-2,0,40,44,-4,84,2021-12-01 15:15:00,538931
A Gerasimov_97273,A Gerasimov,3,1,33,21,12,54,2021-12-01 15:16:00,538932
Valerii Melnyk_1825959014,Valerii Melnyk,-1,0,46,52,-6,98,2021-12-01 15:20:00,538933
Dmytro Dubrovin_1042533974,Dmytro Dubrovin,1,1,48,41,7,89,2021-12-01 15:20:00,538934
Maksim Ovcharenko_2129927272,Maksim Ovcharenko,2,1,39,25,14,64,2021-12-01 15:25:00,538935
Kyrylo Yehorov_454443138,Kyrylo Yehorov,2,1,42,38,4,80,2021-12-01 15:30:00,538936
M-n Regner_21669,M-n Regner,2,1,42,29,13,71,2021-12-01 15:30:00,538937
Vadym Shvydkyi_1370052870,Vadym Shvydkyi,2,1,41,29,12,70,2021-12-01 15:35:00,538938
S Kulikov_97127,S Kulikov,1,1,39,47,-8,86,2021-12-01 15:39:00,538939
Samvel Melkumian_251488425,Samvel Melkumian,1,1,58,56,2,114,2021-12-01 15:40:00,538940
A Menshikov_97108,A Menshikov,-3,0,23,33,-10,56,2021-12-01 15:45:00,538941
A Shabanova_97161,A Shabanova,3,1,34,26,8,60,2021-12-01 15:46:00,538942
Vitalii Zharskiy_830902621,Vitalii Zharskiy,3,1,33,21,12,54,2021-12-01 15:50:00,538943
Vitaliy Khamurda_1139082243,Vitaliy Khamurda,-2,0,34,38,-4,72,2021-12-01 15:55:00,538944
P Sudek_21670,P Sudek,-3,0,25,35,-10,60,2021-12-01 16:00:00,538945
Anatolii Yakovenko_977524210,Anatolii Yakovenko,-1,0,40,52,-12,92,2021-12-01 16:00:00,538946
Roman Vakarash_755620149,Roman Vakarash,1,1,53,51,2,104,2021-12-01 16:05:00,538947
M Chernyavskiy_97128,M Chernyavskiy,-2,0,29,37,-8,66,2021-12-01 16:07:00,538948
Maksym Mykytiuk_98066665,Maksym Mykytiuk,-2,0,28,35,-7,63,2021-12-01 16:10:00,538949
V Kandybina_97162,V Kandybina,2,1,43,31,12,74,2021-12-01 16:15:00,538950
Igor Kunda_67168630,Igor Kunda,-1,0,46,45,1,91,2021-12-01 16:15:00,538951
I Mihaylov_97109,I Mihaylov,-2,0,35,44,-9,79,2021-12-01 16:15:00,538952
Nazarii Mosiuk_1040505250,Nazarii Mosiuk,1,1,47,48,-1,95,2021-12-01 16:20:00,538953
Andrii Zeniuk_1271693368,Andrii Zeniuk,1,1,58,51,7,109,2021-12-01 16:25:00,538954
Dmytro Derevinskyi_210838091,Dmytro Derevinskyi,-2,0,33,37,-4,70,2021-12-01 16:30:00,538955
Z Kasinski_21671,Z Kasinski,-1,0,45,44,1,89,2021-12-01 16:30:00,538956
S Muslikov_97129,S Muslikov,-1,0,43,54,-11,97,2021-12-01 16:30:00,538957
Bohdan Kohut_1331601325,Bohdan Kohut,-1,0,44,52,-8,96,2021-12-01 16:35:00,538958
Ivan Mai_212507086,Ivan Mai,-2,0,27,41,-14,68,2021-12-01 16:40:00,538959
M Minkov_97110,M Minkov,-3,0,17,33,-16,50,2021-12-01 16:45:00,538960
Vadym Shvydkyi_2075462699,Vadym Shvydkyi,3,1,33,16,17,49,2021-12-01 16:45:00,538961
A Kondratova_97163,A Kondratova,1,1,58,52,6,110,2021-12-01 16:47:00,538962
Samvel Melkumian_839945039,Samvel Melkumian,-1,0,39,46,-7,85,2021-12-01 16:50:00,538963
Vadym Nechyporuk_1873097233,Vadym Nechyporuk,-2,0,38,41,-3,79,2021-12-01 16:55:00,538964
Vitalii Zharskiy_1582544935,Vitalii Zharskiy,-2,0,35,41,-6,76,2021-12-01 17:00:00,538965
P Sudek_21716,P Sudek,-2,0,31,44,-13,75,2021-12-01 17:04:00,538966
M Sverdlov_97130,M Sverdlov,2,1,46,39,7,85,2021-12-01 17:05:00,538967
Vitaliy Khamurda_294194568,Vitaliy Khamurda,2,1,37,36,1,73,2021-12-01 17:05:00,538968
Bohdan Kohut_543388912,Bohdan Kohut,-1,0,43,50,-7,93,2021-12-01 17:10:00,538969
Andrii Hrebeniuk_2096111580,Andrii Hrebeniuk,-1,0,43,50,-7,93,2021-12-01 17:15:00,538970
V Kalachev_97111,V Kalachev,1,1,47,46,1,93,2021-12-01 17:16:00,538971
Petro Pidleteichuk_1354323070,Petro Pidleteichuk,-1,0,42,47,-5,89,2021-12-01 17:20:00,538972
I Skachkova_97164,I Skachkova,-2,0,37,44,-7,81,2021-12-01 17:24:00,538973
Serhii Gergeliuk_414269655,Serhii Gergeliuk,-2,0,31,40,-9,71,2021-12-01 17:25:00,538974
M-n Regner_21717,M-n Regner,2,1,42,23,19,65,2021-12-01 17:30:00,538975
Nazarii Mosiuk_1470814121,Nazarii Mosiuk,-3,0,20,33,-13,53,2021-12-01 17:30:00,538976
Nazarii Haievyi_1707161025,Nazarii Haievyi,-1,0,46,45,1,91,2021-12-01 17:35:00,538977
S Muslikov_97131,S Muslikov,3,1,33,20,13,53,2021-12-01 17:35:00,538978
Zakharia Tiuliagin_893410205,Zakharia Tiuliagin,3,1,33,21,12,54,2021-12-01 17:40:00,538979
Andrii Hrebeniuk_331052645,Andrii Hrebeniuk,2,1,40,27,13,67,2021-12-01 17:45:00,538980
M Minkov_97112,M Minkov,1,1,43,37,6,80,2021-12-01 17:46:00,538981
A Kondratova_97165,A Kondratova,-1,0,38,46,-8,84,2021-12-01 17:52:00,538982
Maksym Mykytiuk_54230911,Maksym Mykytiuk,3,1,34,25,9,59,2021-12-01 17:55:00,538983
Igor Kunda_622151793,Igor Kunda,3,1,39,28,11,67,2021-12-01 18:00:00,538984
M Chernyavskiy_97132,M Chernyavskiy,-3,0,22,34,-12,56,2021-12-01 18:02:00,538985
L Protiva_21672,L Protiva,2,1,41,36,5,77,2021-12-01 18:05:00,538986
Viktor Didukh_625095103,Viktor Didukh,-2,0,23,36,-13,59,2021-12-01 18:05:00,538987
Andrii Zeniuk_1665014945,Andrii Zeniuk,2,1,41,24,17,65,2021-12-01 18:10:00,538988
Dmytro Derevinskyi_1630038592,Dmytro Derevinskyi,1,1,54,50,4,104,2021-12-01 18:15:00,538989
V Kandybina_97166,V Kandybina,-2,0,33,41,-8,74,2021-12-01 18:16:00,538990
I Mihaylov_97113,I Mihaylov,1,1,52,36,16,88,2021-12-01 18:16:00,538991
Bohdan Kohut_2116929956,Bohdan Kohut,-3,0,25,33,-8,58,2021-12-01 18:20:00,538992
Bohdan Kohut_812217157,Bohdan Kohut,-1,0,44,53,-9,97,2021-12-01 18:20:00,538993
Ivan Mai_1938507715,Ivan Mai,-3,0,29,40,-11,69,2021-12-01 18:25:00,538994
Vadym Shvydkyi_1026397703,Vadym Shvydkyi,2,1,43,36,7,79,2021-12-01 18:30:00,538995
M Chernyavskiy_97310,M Chernyavskiy,-2,0,31,45,-14,76,2021-12-01 18:31:00,538996
Jo Kutifel_21673,Jo Kutifel,-2,0,36,38,-2,74,2021-12-01 18:33:00,538997
Samvel Melkumian_393531395,Samvel Melkumian,-2,0,32,42,-10,74,2021-12-01 18:35:00,538998
Vadym Nechyporuk_1482294256,Vadym Nechyporuk,-2,0,40,43,-3,83,2021-12-01 18:40:00,538999
Vitalii Zharskiy_1079237740,Vitalii Zharskiy,-3,0,23,33,-10,56,2021-12-01 18:45:00,539000
I Skachkova_97312,I Skachkova,1,1,49,40,9,89,2021-12-01 18:46:00,539001
A Menshikov_97314,A Menshikov,-3,0,21,34,-13,55,2021-12-01 18:48:00,539002
Vitaliy Khamurda_430044435,Vitaliy Khamurda,-2,0,31,37,-6,68,2021-12-01 18:50:00,539003
Andrii Hrebeniuk_2096506163,Andrii Hrebeniuk,-3,0,19,33,-14,52,2021-12-01 18:55:00,539004
Bohdan Kohut_543746863,Bohdan Kohut,-3,0,25,37,-12,62,2021-12-01 19:00:00,539005
Ja Kanera_21674,Ja Kanera,-2,0,33,40,-7,73,2021-12-01 19:00:00,539006
S Muslikov_97311,S Muslikov,-3,0,16,33,-17,49,2021-12-01 19:01:00,539007
Petro Pidleteichuk_1779269308,Petro Pidleteichuk,2,1,37,39,-2,76,2021-12-01 19:05:00,539008
Serhii Gergeliuk_1644051285,Serhii Gergeliuk,3,1,34,19,15,53,2021-12-01 19:10:00,539009
M Minkov_97315,M Minkov,-3,0,27,33,-6,60,2021-12-01 19:15:00,539010
Nazarii Mosiuk_863561747,Nazarii Mosiuk,-2,0,23,40,-17,63,2021-12-01 19:15:00,539011
V Kandybina_97313,V Kandybina,2,1,41,29,12,70,2021-12-01 19:20:00,539012
Nazarii Haievyi_963896986,Nazarii Haievyi,3,1,33,18,15,51,2021-12-01 19:20:00,539013
Zakharia Tiuliagin_683063146,Zakharia Tiuliagin,-2,0,31,42,-11,73,2021-12-01 19:25:00,539014
V Zhulyabin_97133,V Zhulyabin,2,1,39,33,6,72,2021-12-01 19:30:00,539015
Andrii Hrebeniuk_1352903629,Andrii Hrebeniuk,1,1,48,32,16,80,2021-12-01 19:30:00,539016
M Protiva_21675,M Protiva,2,1,41,31,10,72,2021-12-01 19:32:00,539017
Bohdan Kohut_248285237,Bohdan Kohut,-2,0,34,45,-11,79,2021-12-01 19:35:00,539018
Maksym Mykytiuk_1307834896,Maksym Mykytiuk,-3,0,19,33,-14,52,2021-12-01 19:40:00,539019
Igor Kunda_1081064437,Igor Kunda,3,1,33,21,12,54,2021-12-01 19:45:00,539020
S Nikulin_97190,S Nikulin,2,1,41,37,4,78,2021-12-01 19:46:00,539021
V Petrov_97174,V Petrov,-1,0,50,50,0,100,2021-12-01 19:50:00,539022
Viktor Didukh_1331422367,Viktor Didukh,3,1,34,26,8,60,2021-12-01 19:50:00,539023
Andrii Zeniuk_299262340,Andrii Zeniuk,1,1,52,48,4,100,2021-12-01 19:55:00,539024
A Vlasov_97134,A Vlasov,2,1,41,30,11,71,2021-12-01 20:00:00,539025
Dmytro Derevinskyi_1168942409,Dmytro Derevinskyi,-1,0,40,48,-8,88,2021-12-01 20:00:00,539026
Ja Kanera_21676,Ja Kanera,-2,0,36,41,-5,77,2021-12-01 20:00:00,539027
Oleksandr Shchytka_1722132948,Oleksandr Shchytka,-3,0,21,33,-12,54,2021-12-01 20:05:00,539028
Oleh Obidnyi_302302425,Oleh Obidnyi,-2,0,35,37,-2,72,2021-12-01 20:10:00,539029
Dmytro Halai_1588754408,Dmytro Halai,2,1,40,28,12,68,2021-12-01 20:15:00,539030
A Gribkov_97191,A Gribkov,3,1,33,20,13,53,2021-12-01 20:15:00,539031
Serhii Matviienko_184092501,Serhii Matviienko,-3,0,29,37,-8,66,2021-12-01 20:20:00,539032
V Fedorov_97175,V Fedorov,-1,0,49,51,-2,100,2021-12-01 20:25:00,539033
Vadym Nechyporuk_157929139,Vadym Nechyporuk,-1,0,45,54,-9,99,2021-12-01 20:25:00,539034
Nazarii Sydorak_1202082765,Nazarii Sydorak,2,1,39,35,4,74,2021-12-01 20:30:00,539035
Jo Kutifel_21677,Jo Kutifel,1,1,51,48,3,99,2021-12-01 20:30:00,539036
S Burov_97135,S Burov,1,1,46,45,1,91,2021-12-01 20:31:00,539037
Serhii Pokidko_804048187,Serhii Pokidko,3,1,33,21,12,54,2021-12-01 20:35:00,539038
Oleksandr Shchytka_282024540,Oleksandr Shchytka,-3,0,25,33,-8,58,2021-12-01 20:40:00,539039
A Klavdenkov_97192,A Klavdenkov,-1,0,38,46,-8,84,2021-12-01 20:45:00,539040
Stanislav Harenko_1786928335,Stanislav Harenko,2,1,48,39,9,87,2021-12-01 20:45:00,539041
Vadym Shvydkyi_878440692,Vadym Shvydkyi,-2,0,34,42,-8,76,2021-12-01 20:50:00,539042
Samvel Melkumian_206070170,Samvel Melkumian,-2,0,36,42,-6,78,2021-12-01 20:55:00,539043
E Kabanov_97176,E Kabanov,3,1,33,25,8,58,2021-12-01 20:56:00,539044
I Zemit_97136,I Zemit,-2,0,32,40,-8,72,2021-12-01 21:00:00,539045
Andrii Kotik_646600263,Andrii Kotik,2,1,39,36,3,75,2021-12-01 21:00:00,539046
Jo Kutifel_21718,Jo Kutifel,2,1,41,39,2,80,2021-12-01 21:02:00,539047
Vitalii Zharskiy_357630223,Vitalii Zharskiy,-3,0,17,33,-16,50,2021-12-01 21:05:00,539048
Vitaliy Khamurda_1008509379,Vitaliy Khamurda,-3,0,15,34,-19,49,2021-12-01 21:10:00,539049
Oleh Obidnyi_822506679,Oleh Obidnyi,-3,0,25,33,-8,58,2021-12-01 21:15:00,539050
E Mishutin_97193,E Mishutin,1,1,46,43,3,89,2021-12-01 21:17:00,539051
Oleksandr Shchytka_1770637683,Oleksandr Shchytka,1,1,49,50,-1,99,2021-12-01 21:20:00,539052
S Kaplan_97177,S Kaplan,2,1,37,28,9,65,2021-12-01 21:20:00,539053
Maksym Mykytiuk_355801515,Maksym Mykytiuk,1,1,51,48,3,99,2021-12-01 21:25:00,539054
S Burov_97137,S Burov,-1,0,42,46,-4,88,2021-12-01 21:30:00,539055
Samvel Melkumian_794781267,Samvel Melkumian,2,1,41,32,9,73,2021-12-01 21:30:00,539056
Nazarii Mosiuk_2107245803,Nazarii Mosiuk,-2,0,30,38,-8,68,2021-12-01 21:35:00,539057
Serhij Maksymiv_909674551,Serhij Maksymiv,-1,0,46,48,-2,94,2021-12-01 21:40:00,539058
M Protiva_21719,M Protiva,1,1,48,40,8,88,2021-12-01 21:42:00,539059
Vitaliy Khamurda_1654229455,Vitaliy Khamurda,-3,0,19,33,-14,52,2021-12-01 21:45:00,539060
E Kabanov_97178,E Kabanov,1,1,49,47,2,96,2021-12-01 21:46:00,539061
A Klavdenkov_97194,A Klavdenkov,1,1,52,42,10,94,2021-12-01 21:47:00,539062
Stanislav Harenko_96855617,Stanislav Harenko,-1,0,44,50,-6,94,2021-12-01 21:50:00,539063
Oleh Obidnyi_665267950,Oleh Obidnyi,-1,0,41,50,-9,91,2021-12-01 21:55:00,539064
Dmytro Halai_1722571908,Dmytro Halai,2,1,39,27,12,66,2021-12-01 22:00:00,539065
A Vlasov_97138,A Vlasov,2,1,41,41,0,82,2021-12-01 22:00:00,539066
Igor Kunda_1826208834,Igor Kunda,-2,0,28,42,-14,70,2021-12-01 22:05:00,539067
Vadym Nechyporuk_1533837822,Vadym Nechyporuk,-2,0,35,39,-4,74,2021-12-01 22:10:00,539068
P Gireth_21678,P Gireth,1,1,43,45,-2,88,2021-12-01 22:11:00,539069
V Fedorov_97179,V Fedorov,3,1,36,25,11,61,2021-12-01 22:15:00,539070
Nazarii Sydorak_754649368,Nazarii Sydorak,-3,0,14,33,-19,47,2021-12-01 22:15:00,539071
A Gribkov_97195,A Gribkov,-2,0,36,39,-3,75,2021-12-01 22:17:00,539072
Serhii Pokidko_2088590837,Serhii Pokidko,-1,0,40,51,-11,91,2021-12-01 22:20:00,539073
Pavlo Vasylchuk_842932765,Pavlo Vasylchuk,-3,0,22,33,-11,55,2021-12-01 22:25:00,539074
I Zemit_97348,I Zemit,-2,0,27,40,-13,67,2021-12-01 22:30:00,539075
Oleksandr Shchytka_1844557470,Oleksandr Shchytka,-1,0,41,47,-6,88,2021-12-01 22:30:00,539076
P Bradac_21679,P Bradac,-2,0,28,41,-13,69,2021-12-01 22:39:00,539077
Viktor Didukh_1083128768,Viktor Didukh,3,1,33,10,23,43,2021-12-01 22:45:00,539078
V Petrov_97350,V Petrov,1,1,52,48,4,100,2021-12-01 22:46:00,539079
A Klavdenkov_97352,A Klavdenkov,3,1,33,14,19,47,2021-12-01 22:47:00,539080
Oleh Obidnyi_754194202,Oleh Obidnyi,-3,0,23,33,-10,56,2021-12-01 23:00:00,539081
V Zhulyabin_97349,V Zhulyabin,-2,0,37,42,-5,79,2021-12-01 23:00:00,539082
Jr. Obeslo_21680,Jr. Obeslo,-2,0,28,39,-11,67,2021-12-01 23:02:00,539083
Stanislav Harenko_1607792181,Stanislav Harenko,-1,0,51,55,-4,106,2021-12-01 23:05:00,539084
A Gribkov_97353,A Gribkov,2,1,39,26,13,65,2021-12-01 23:15:00,539085
S Kaplan_97351,S Kaplan,3,1,33,17,16,50,2021-12-01 23:22:00,539086
Jo Silhan_21681,Jo Silhan,-1,0,48,44,4,92,2021-12-01 23:30:00,539087
Maksym Zhuravliov_236171280,Maksym Zhuravliov,2,1,40,27,13,67,2021-12-01 23:35:00,539088
T Yusipov_97145,T Yusipov,3,1,35,28,7,63,2021-12-01 23:35:00,539089
Viktor Trachuk_341485647,Viktor Trachuk,-2,0,27,39,-12,66,2021-12-01 23:45:00,539090
N Tarasenkov_97196,N Tarasenkov,1,1,51,51,0,102,2021-12-01 23:46:00,539091
D Petrochenko_97180,D Petrochenko,-2,0,27,41,-14,68,2021-12-01 23:49:00,539092
L Boruvka_22651,L Boruvka,-2,0,37,38,-1,75,2021-12-02 00:04:00,539093
D Petrov_101283,D Petrov,-3,0,24,33,-9,57,2021-12-02 00:05:00,539094
Mykola Lytvynenko_178071924,Mykola Lytvynenko,-2,0,33,43,-10,76,2021-12-02 00:05:00,539095
Oleksandr Kuharchuk_1383268596,Oleksandr Kuharchuk,3,1,33,20,13,53,2021-12-02 00:15:00,539096
V Marshalov_101317,V Marshalov,-3,0,26,34,-8,60,2021-12-02 00:15:00,539097
A Ilin_101249,A Ilin,-1,0,44,48,-4,92,2021-12-02 00:17:00,539098
Roman Zholubak_119839,Roman Zholubak,3,1,33,16,17,49,2021-12-02 00:20:00,539099
Oleksandr Ivashkin_119857,Oleksandr Ivashkin,-1,0,41,44,-3,85,2021-12-02 00:25:00,539100
A Pravednov_101284,A Pravednov,-1,0,46,50,-4,96,2021-12-02 00:31:00,539101
Ja Merta_22652,Ja Merta,-2,0,30,43,-13,73,2021-12-02 00:33:00,539102
Sergey Filatov_1623825679,Sergey Filatov,3,1,33,23,10,56,2021-12-02 00:35:00,539103
Volodymyr Tuchkevych_20734308,Volodymyr Tuchkevych,-3,0,19,33,-14,52,2021-12-02 00:45:00,539104
A Volkov_101318,A Volkov,1,1,49,36,13,85,2021-12-02 00:46:00,539105
A Suntsov_101250,A Suntsov,3,1,33,15,18,48,2021-12-02 00:50:00,539106
Vadym Bochkovskyi_119840,Vadym Bochkovskyi,-1,0,47,49,-2,96,2021-12-02 00:50:00,539107
Ja Merta_22689,Ja Merta,-3,0,14,33,-19,47,2021-12-02 01:01:00,539108
A Uezdin_101285,A Uezdin,-3,0,20,33,-13,53,2021-12-02 01:04:00,539109
Mykola Lytvynenko_180416530,Mykola Lytvynenko,-2,0,32,41,-9,73,2021-12-02 01:05:00,539110
Igor Trydukh_119858,Igor Trydukh,-3,0,24,33,-9,57,2021-12-02 01:05:00,539111
Serhii Hilitukha_1012922202,Serhii Hilitukha,-3,0,30,36,-6,66,2021-12-02 01:15:00,539112
P Bondarenko_101319,P Bondarenko,-2,0,32,41,-9,73,2021-12-02 01:15:00,539113
I Novikov_101251,I Novikov,3,1,33,22,11,55,2021-12-02 01:16:00,539114
Roman Zholubak_119841,Roman Zholubak,2,1,43,33,10,76,2021-12-02 01:20:00,539115
Andrii Shcherbak_119873,Andrii Shcherbak,2,1,42,28,14,70,2021-12-02 01:25:00,539116
Jo Medek_22690,Jo Medek,1,1,46,46,0,92,2021-12-02 01:31:00,539117
D Petrov_101286,D Petrov,-1,0,36,46,-10,82,2021-12-02 01:34:00,539118
Dmytro Rehotun_119859,Dmytro Rehotun,2,1,40,34,6,74,2021-12-02 01:35:00,539119
Sergey Filatov_737267233,Sergey Filatov,-3,0,17,33,-16,50,2021-12-02 01:35:00,539120
Oleksandr Kuharchuk_1280145591,Oleksandr Kuharchuk,-2,0,31,41,-10,72,2021-12-02 01:45:00,539121
A Ilin_101252,A Ilin,2,1,42,32,10,74,2021-12-02 01:46:00,539122
V Marshalov_101320,V Marshalov,-3,0,24,33,-9,57,2021-12-02 01:50:00,539123
Serhii Nemtsov_119842,Serhii Nemtsov,1,1,52,42,10,94,2021-12-02 01:50:00,539124
Hryhorii Kulishov_119874,Hryhorii Kulishov,3,1,33,24,9,57,2021-12-02 01:55:00,539125
A Uezdin_101287,A Uezdin,-3,0,23,35,-12,58,2021-12-02 02:05:00,539126
Oleksandr Sulym_119860,Oleksandr Sulym,-1,0,48,45,3,93,2021-12-02 02:05:00,539127
Andrii Baklykov_1306387428,Andrii Baklykov,1,1,47,48,-1,95,2021-12-02 02:05:00,539128
P Bondarenko_101321,P Bondarenko,2,1,39,39,0,78,2021-12-02 02:15:00,539129
Volodymyr Tuchkevych_833590386,Volodymyr Tuchkevych,-3,0,26,35,-9,61,2021-12-02 02:15:00,539130
I Novikov_101253,I Novikov,-2,0,31,43,-12,74,2021-12-02 02:16:00,539131
Pavlo Khakhamidi_119875,Pavlo Khakhamidi,3,1,33,21,12,54,2021-12-02 02:25:00,539132
D Ignatev_101288,D Ignatev,2,1,41,29,12,70,2021-12-02 02:31:00,539133
Dmytro Rehotun_119861,Dmytro Rehotun,-3,0,26,34,-8,60,2021-12-02 02:35:00,539134
Sergey Filatov_1657272175,Sergey Filatov,3,1,33,19,14,52,2021-12-02 02:35:00,539135
D Molodtsov_101254,D Molodtsov,-2,0,34,45,-11,79,2021-12-02 02:45:00,539136
Serhii Hilitukha_1839921122,Serhii Hilitukha,3,1,33,21,12,54,2021-12-02 02:45:00,539137
A Girevenkov_101322,A Girevenkov,2,1,44,33,11,77,2021-12-02 02:47:00,539138
Hryhorii Kulishov_119876,Hryhorii Kulishov,1,1,50,52,-2,102,2021-12-02 02:55:00,539139
A Pravednov_101289,A Pravednov,1,1,46,47,-1,93,2021-12-02 03:00:00,539140
Mykola Lytvynenko_178249363,Mykola Lytvynenko,-1,0,38,50,-12,88,2021-12-02 03:05:00,539141
Igor Trydukh_119862,Igor Trydukh,1,1,46,45,1,91,2021-12-02 03:05:00,539142
A Volkov_101323,A Volkov,3,1,33,25,8,58,2021-12-02 03:15:00,539143
Oleksandr Kuharchuk_1982325046,Oleksandr Kuharchuk,1,1,54,44,10,98,2021-12-02 03:15:00,539144
A Suntsov_101255,A Suntsov,3,1,33,22,11,55,2021-12-02 03:21:00,539145
Andrii Shcherbak_119877,Andrii Shcherbak,-1,0,50,58,-8,108,2021-12-02 03:25:00,539146
Zh Tsybikov_101290,Zh Tsybikov,-3,0,17,33,-16,50,2021-12-02 03:30:00,539147
Sergey Filatov_1623722028,Sergey Filatov,-3,0,25,34,-9,59,2021-12-02 03:35:00,539148
Roman Hnoievoi_119863,Roman Hnoievoi,-3,0,24,37,-13,61,2021-12-02 03:35:00,539149
Oleksandr Kostiuk_177890970,Oleksandr Kostiuk,-2,0,39,43,-4,82,2021-12-02 03:45:00,539150
O Kutuzov_101256,O Kutuzov,1,1,54,52,2,106,2021-12-02 03:46:00,539151
R Pavlenko_101324,R Pavlenko,-3,0,12,33,-21,45,2021-12-02 03:46:00,539152
Oleksandr Shapoval_119878,Oleksandr Shapoval,-3,0,15,33,-18,48,2021-12-02 03:55:00,539153
D Ignatev_101291,D Ignatev,1,1,56,45,11,101,2021-12-02 04:01:00,539154
Mykola Lytvynenko_180167085,Mykola Lytvynenko,1,1,43,50,-7,93,2021-12-02 04:05:00,539155
Oleksandr Sulym_119864,Oleksandr Sulym,-2,0,36,42,-6,78,2021-12-02 04:05:00,539156
Volodymyr Tuchkevych_580678830,Volodymyr Tuchkevych,-1,0,44,54,-10,98,2021-12-02 04:15:00,539157
A Girevenkov_101325,A Girevenkov,3,1,37,29,8,66,2021-12-02 04:16:00,539158
Pavlo Khakhamidi_119879,Pavlo Khakhamidi,3,1,33,20,13,53,2021-12-02 04:25:00,539159
D Molodtsov_101257,D Molodtsov,-3,0,16,33,-17,49,2021-12-02 04:31:00,539160
Sergey Filatov_737374980,Sergey Filatov,-3,0,26,33,-7,59,2021-12-02 04:35:00,539161
Dmytro Rehotun_119865,Dmytro Rehotun,-2,0,34,44,-10,78,2021-12-02 04:35:00,539162
Serhii Hilitukha_538467642,Serhii Hilitukha,-2,0,34,40,-6,74,2021-12-02 04:45:00,539163
D Petrov_101479,D Petrov,-1,0,53,53,0,106,2021-12-02 04:47:00,539164
V Marshalov_101477,V Marshalov,2,1,40,30,10,70,2021-12-02 04:49:00,539165
Hryhorii Kulishov_119880,Hryhorii Kulishov,2,1,42,21,21,63,2021-12-02 04:55:00,539166
I Novikov_101481,I Novikov,-2,0,35,41,-6,76,2021-12-02 04:55:00,539167
Andrii Baklykov_2045562557,Andrii Baklykov,2,1,41,31,10,72,2021-12-02 05:05:00,539168
Igor Trydukh_119866,Igor Trydukh,-3,0,22,33,-11,55,2021-12-02 05:05:00,539169
A Volkov_101478,A Volkov,2,1,42,32,10,74,2021-12-02 05:15:00,539170
Oleksandr Kuharchuk_2091265746,Oleksandr Kuharchuk,-2,0,34,40,-6,74,2021-12-02 05:15:00,539171
O Kutuzov_101482,O Kutuzov,-3,0,22,33,-11,55,2021-12-02 05:18:00,539172
Zh Tsybikov_101480,Zh Tsybikov,1,1,48,47,1,95,2021-12-02 05:24:00,539173
Andrii Shcherbak_119881,Andrii Shcherbak,3,1,34,23,11,57,2021-12-02 05:25:00,539174
Roman Hnoievoi_119867,Roman Hnoievoi,1,1,44,39,5,83,2021-12-02 05:35:00,539175
Oleksandr Shapoval_119882,Oleksandr Shapoval,2,1,41,38,3,79,2021-12-02 05:55:00,539176
Oleksandr Sulym_119868,Oleksandr Sulym,-1,0,48,53,-5,101,2021-12-02 06:05:00,539177
Pavlo Khakhamidi_119883,Pavlo Khakhamidi,-1,0,42,46,-4,88,2021-12-02 06:25:00,539178
Igor Trydukh_119869,Igor Trydukh,3,1,39,29,10,68,2021-12-02 06:35:00,539179
Andrii Shcherbak_119884,Andrii Shcherbak,-2,0,41,47,-6,88,2021-12-02 06:55:00,539180
Oleksandr Liushnia_119870,Oleksandr Liushnia,-1,0,48,54,-6,102,2021-12-02 07:05:00,539181
Serhii Sokolov_119885,Serhii Sokolov,-1,0,36,40,-4,76,2021-12-02 07:25:00,539182
Igor Trydukh_119871,Igor Trydukh,2,1,45,41,4,86,2021-12-02 07:35:00,539183
A Duka_101397,A Duka,-3,0,22,33,-11,55,2021-12-02 07:43:00,539184
A Bochkarev_101353,A Bochkarev,2,1,43,37,6,80,2021-12-02 07:46:00,539185
A Arutiunyan_101431,A Arutiunyan,1,1,48,39,9,87,2021-12-02 07:47:00,539186
Vadym Komar_1407090461,Vadym Komar,3,1,37,30,7,67,2021-12-02 07:50:00,539187
Vladyslav Volokhov_775837575,Vladyslav Volokhov,2,1,46,39,7,85,2021-12-02 07:55:00,539188
Andrii Shcherbak_119886,Andrii Shcherbak,3,1,35,16,19,51,2021-12-02 07:55:00,539189
G Karpovkin_101398,G Karpovkin,3,1,39,28,11,67,2021-12-02 08:04:00,539190
Dmytro Rehotun_119872,Dmytro Rehotun,1,1,46,38,8,84,2021-12-02 08:05:00,539191
A Gribkov_101354,A Gribkov,3,1,34,26,8,60,2021-12-02 08:15:00,539192
A Klavdenkov_101432,A Klavdenkov,-2,0,28,38,-10,66,2021-12-02 08:19:00,539193
Hryhorii Kulishov_119887,Hryhorii Kulishov,3,1,37,31,6,68,2021-12-02 08:25:00,539194
Dmytro Kryshtal_244988267,Dmytro Kryshtal,1,1,57,47,10,104,2021-12-02 08:25:00,539195
Oleh Stasevskyi_1795131848,Oleh Stasevskyi,-2,0,29,40,-11,69,2021-12-02 08:30:00,539196
O Belugin_101399,O Belugin,2,1,46,37,9,83,2021-12-02 08:30:00,539197
Anton Limonov_1542995002,Anton Limonov,-3,0,21,33,-12,54,2021-12-02 08:35:00,539198
Nikita Korbut_1456107893,Nikita Korbut,-1,0,47,47,0,94,2021-12-02 08:40:00,539199
Iurii Prokhoruk_1642967665,Iurii Prokhoruk,-3,0,17,33,-16,50,2021-12-02 08:45:00,539200
A Yanshaev_101355,A Yanshaev,-2,0,28,42,-14,70,2021-12-02 08:46:00,539201
K Olshakov_101433,K Olshakov,-1,0,37,45,-8,82,2021-12-02 08:47:00,539202
Nazarii Danyliuk_578238086,Nazarii Danyliuk,3,1,35,28,7,63,2021-12-02 08:50:00,539203
Mykhailo Urban_120216,Mykhailo Urban,-3,0,19,33,-14,52,2021-12-02 08:55:00,539204
Alexey Gamyanin_682069162,Alexey Gamyanin,-3,0,21,33,-12,54,2021-12-02 08:55:00,539205
Denys Vakulenko_896371727,Denys Vakulenko,-1,0,42,45,-3,87,2021-12-02 08:55:00,539206
Oleksandr Dziabura_1564060436,Oleksandr Dziabura,2,1,35,37,-2,72,2021-12-02 09:00:00,539207
Serhii Semenets_120231,Serhii Semenets,-1,0,47,54,-7,101,2021-12-02 09:00:00,539208
I Sergeevich_101400,I Sergeevich,-3,0,24,33,-9,57,2021-12-02 09:03:00,539209
Yevhen Khurtak_120019,Yevhen Khurtak,1,1,45,41,4,86,2021-12-02 09:05:00,539210
Ivan Fashchevskyi_2062060129,Ivan Fashchevskyi,3,1,33,24,9,57,2021-12-02 09:05:00,539211
Vitalii Lievshin_1672563408,Vitalii Lievshin,-3,0,28,35,-7,63,2021-12-02 09:10:00,539212
Oleksandr Alieksieev_120236,Oleksandr Alieksieev,3,1,33,24,9,57,2021-12-02 09:10:00,539213
Anton Myrza_1983154399,Anton Myrza,-1,0,53,53,0,106,2021-12-02 09:15:00,539214
Valeriy Kolesnykov_120221,Valeriy Kolesnykov,1,1,43,45,-2,88,2021-12-02 09:15:00,539215
D Razinkov_101356,D Razinkov,3,1,35,25,10,60,2021-12-02 09:16:00,539216
S Simonov_101434,S Simonov,3,1,35,19,16,54,2021-12-02 09:17:00,539217
Dmytro Lohosha_1339693637,Dmytro Lohosha,3,1,33,18,15,51,2021-12-02 09:20:00,539218
Hlib Parfeniuk_119990,Hlib Parfeniuk,-3,0,23,33,-10,56,2021-12-02 09:25:00,539219
Nazarii Kovalchuk_1739915718,Nazarii Kovalchuk,-2,0,35,42,-7,77,2021-12-02 09:25:00,539220
Ihor Emets_120005,Ihor Emets,-2,0,33,42,-9,75,2021-12-02 09:30:00,539221
Serhii Sklifos_454571317,Serhii Sklifos,-3,0,18,33,-15,51,2021-12-02 09:30:00,539222
Eduard Rubtsov_1337398358,Eduard Rubtsov,-3,0,18,34,-16,52,2021-12-02 09:30:00,539223
O Belugin_101401,O Belugin,-2,0,31,40,-9,71,2021-12-02 09:31:00,539224
Vadym Komar_715988322,Vadym Komar,1,1,46,44,2,90,2021-12-02 09:35:00,539225
Eduard Sotnikov_120020,Eduard Sotnikov,-3,0,19,33,-14,52,2021-12-02 09:35:00,539226
Vladyslav Volokhov_1568659458,Vladyslav Volokhov,1,1,52,38,14,90,2021-12-02 09:40:00,539227
Viktor Yevtodii_120237,Viktor Yevtodii,3,1,33,22,11,55,2021-12-02 09:40:00,539228
Vitalii Lievshin_578164780,Vitalii Lievshin,1,1,50,45,5,95,2021-12-02 09:45:00,539229
Viktor Bereza_120222,Viktor Bereza,-3,0,25,33,-8,58,2021-12-02 09:45:00,539230
A Yanshaev_101357,A Yanshaev,1,1,45,41,4,86,2021-12-02 09:46:00,539231
K Olshakov_101435,K Olshakov,-1,0,47,47,0,94,2021-12-02 09:46:00,539232
Roman Zholubak_120258,Roman Zholubak,2,1,44,34,10,78,2021-12-02 09:50:00,539233
Nikita Korbut_929733289,Nikita Korbut,2,1,45,39,6,84,2021-12-02 09:50:00,539234
Valerii Onykyienko_120064,Valerii Onykyienko,2,1,39,34,5,73,2021-12-02 09:55:00,539235
Iurii Prokhoruk_710631041,Iurii Prokhoruk,-2,0,34,42,-8,76,2021-12-02 09:55:00,539236
Serhii Darahan_119991,Serhii Darahan,-3,0,25,34,-9,59,2021-12-02 09:55:00,539237
Nazarii Danyliuk_879178006,Nazarii Danyliuk,-1,0,45,50,-5,95,2021-12-02 10:00:00,539238
T Batthyany_22661,T Batthyany,-3,0,24,33,-9,57,2021-12-02 10:00:00,539239
Vladyslav Pavliuk_120006,Vladyslav Pavliuk,1,1,47,42,5,89,2021-12-02 10:00:00,539240
G Karpovkin_101402,G Karpovkin,-1,0,49,46,3,95,2021-12-02 10:01:00,539241
Valerii Lukianevych_120021,Valerii Lukianevych,3,1,34,23,11,57,2021-12-02 10:05:00,539242
Denys Vakulenko_1861010361,Denys Vakulenko,2,1,45,37,8,82,2021-12-02 10:05:00,539243
Alexey Gamyanin_921617649,Alexey Gamyanin,1,1,48,43,5,91,2021-12-02 10:05:00,539244
Oleksandr Alieksieev_120238,Oleksandr Alieksieev,-2,0,33,42,-9,75,2021-12-02 10:10:00,539245
Oleksandr Dziabura_1197142988,Oleksandr Dziabura,-1,0,43,47,-4,90,2021-12-02 10:10:00,539246
Ivan Fashchevskyi_1419010953,Ivan Fashchevskyi,2,1,41,34,7,75,2021-12-02 10:15:00,539247
Valeriy Kolesnykov_120223,Valeriy Kolesnykov,-1,0,41,43,-2,84,2021-12-02 10:15:00,539248
A Gribkov_101358,A Gribkov,1,1,48,49,-1,97,2021-12-02 10:19:00,539249
Anton Limonov_1096075061,Anton Limonov,-1,0,49,53,-4,102,2021-12-02 10:20:00,539250
Volodymyr Voronenkov_120259,Volodymyr Voronenkov,2,1,38,26,12,64,2021-12-02 10:20:00,539251
A Klavdenkov_101436,A Klavdenkov,-2,0,28,35,-7,63,2021-12-02 10:22:00,539252
Volodymyr Tsyhanenko_373945796,Volodymyr Tsyhanenko,2,1,40,30,10,70,2021-12-02 10:25:00,539253
Andrii Hrytsai_120065,Andrii Hrytsai,-3,0,17,33,-16,50,2021-12-02 10:25:00,539254
Hlib Parfeniuk_119992,Hlib Parfeniuk,-3,0,22,33,-11,55,2021-12-02 10:25:00,539255
F Just_22662,F Just,-3,0,23,36,-13,59,2021-12-02 10:30:00,539256
Serhiy Tkachuk_708115505,Serhiy Tkachuk,-1,0,43,51,-8,94,2021-12-02 10:30:00,539257
Ihor Emets_120007,Ihor Emets,-3,0,26,36,-10,62,2021-12-02 10:30:00,539258
Eduard Sotnikov_120022,Eduard Sotnikov,1,1,54,48,6,102,2021-12-02 10:35:00,539259
Vasyl Kushnir_950072469,Vasyl Kushnir,1,1,44,37,7,81,2021-12-02 10:35:00,539260
Volodymyr Okopnyi_120239,Volodymyr Okopnyi,-3,0,29,37,-8,66,2021-12-02 10:40:00,539261
Vadym Kibanov_1135071170,Vadym Kibanov,1,1,48,49,-1,97,2021-12-02 10:40:00,539262
Maksym Laievskiy_1700625298,Maksym Laievskiy,-2,0,33,35,-2,68,2021-12-02 10:40:00,539263
A Duka_101483,A Duka,3,1,36,27,9,63,2021-12-02 10:41:00,539264
Ruslan Novak_547902466,Ruslan Novak,-2,0,38,44,-6,82,2021-12-02 10:45:00,539265
Oleksandr Mytsyk_120224,Oleksandr Mytsyk,2,1,45,35,10,80,2021-12-02 10:45:00,539266
A Yanshaev_101487,A Yanshaev,1,1,45,42,3,87,2021-12-02 10:49:00,539267
A Klavdenkov_101485,A Klavdenkov,-1,0,47,50,-3,97,2021-12-02 10:49:00,539268
Oleksandr Yarovoi_790353660,Oleksandr Yarovoi,-1,0,37,47,-10,84,2021-12-02 10:50:00,539269
Roman Zholubak_120260,Roman Zholubak,3,1,34,20,14,54,2021-12-02 10:50:00,539270
Viktor Yefimov_878442847,Viktor Yefimov,2,1,42,36,6,78,2021-12-02 10:55:00,539271
Mykhailo Urban_120217,Mykhailo Urban,1,1,45,47,-2,92,2021-12-02 10:55:00,539272
Hennadii Portnov_120066,Hennadii Portnov,-1,0,50,49,1,99,2021-12-02 10:55:00,539273
Serhii Semenets_120232,Serhii Semenets,-1,0,44,49,-5,93,2021-12-02 11:00:00,539274
Anton Myrza_1900030674,Anton Myrza,3,1,33,16,17,49,2021-12-02 11:00:00,539275
R Jamrich_22663,R Jamrich,2,1,43,37,6,80,2021-12-02 11:01:00,539276
I Sergeevich_101484,I Sergeevich,2,1,37,35,2,72,2021-12-02 11:01:00,539277
Yevhen Khurtak_120023,Yevhen Khurtak,2,1,45,34,11,79,2021-12-02 11:05:00,539278
Dmytro Lohosha_805638260,Dmytro Lohosha,-2,0,28,41,-13,69,2021-12-02 11:05:00,539279
Nazarii Kovalchuk_71417505,Nazarii Kovalchuk,-1,0,50,50,0,100,2021-12-02 11:10:00,539280
Viktor Yevtodii_120240,Viktor Yevtodii,-2,0,32,43,-11,75,2021-12-02 11:10:00,539281
Serhii Sklifos_1861801227,Serhii Sklifos,-2,0,30,45,-15,75,2021-12-02 11:15:00,539282
Viktor Bereza_120225,Viktor Bereza,1,1,46,46,0,92,2021-12-02 11:15:00,539283
Eduard Rubtsov_764605355,Eduard Rubtsov,3,1,33,22,11,55,2021-12-02 11:15:00,539284
A Gribkov_101488,A Gribkov,2,1,46,38,8,84,2021-12-02 11:19:00,539285
S Simonov_101486,S Simonov,3,1,33,23,10,56,2021-12-02 11:20:00,539286
Serhii Nemtsov_120261,Serhii Nemtsov,-1,0,38,48,-10,86,2021-12-02 11:20:00,539287
Dmytro Kryshtal_2120646507,Dmytro Kryshtal,3,1,33,21,12,54,2021-12-02 11:20:00,539288
Oleh Stasevskyi_186782378,Oleh Stasevskyi,-3,0,16,33,-17,49,2021-12-02 11:25:00,539289
Andrii Hrytsai_120067,Andrii Hrytsai,3,1,33,20,13,53,2021-12-02 11:25:00,539290
Anton Kernos_119994,Anton Kernos,3,1,35,29,6,64,2021-12-02 11:25:00,539291
Oleksandr Durduka_120009,Oleksandr Durduka,2,1,44,38,6,82,2021-12-02 11:30:00,539292
Anton Limonov_1095947243,Anton Limonov,1,1,56,44,12,100,2021-12-02 11:30:00,539293
Ji Louda_22664,Ji Louda,-3,0,16,33,-17,49,2021-12-02 11:30:00,539294
A Gerasimov_101403,A Gerasimov,-2,0,40,42,-2,82,2021-12-02 11:34:00,539295
Nikita Korbut_720706627,Nikita Korbut,-1,0,48,51,-3,99,2021-12-02 11:35:00,539296
Viktor Syvych_120024,Viktor Syvych,-1,0,47,53,-6,100,2021-12-02 11:35:00,539297
Oleksandr Alieksieev_120241,Oleksandr Alieksieev,3,1,35,23,12,58,2021-12-02 11:40:00,539298
Iurii Prokhoruk_1439127537,Iurii Prokhoruk,-2,0,37,45,-8,82,2021-12-02 11:40:00,539299
Valeriy Kolesnykov_120226,Valeriy Kolesnykov,-2,0,32,42,-10,74,2021-12-02 11:45:00,539300
Nazarii Danyliuk_1107663090,Nazarii Danyliuk,2,1,45,35,10,80,2021-12-02 11:45:00,539301
Ya Bazhinov_101437,Ya Bazhinov,-1,0,48,50,-2,98,2021-12-02 11:47:00,539302
A Kazakov_101359,A Kazakov,-2,0,23,35,-12,58,2021-12-02 11:48:00,539303
Alexey Gamyanin_369401752,Alexey Gamyanin,-3,0,24,33,-9,57,2021-12-02 11:50:00,539304
Denys Vakulenko_1618171649,Denys Vakulenko,-1,0,42,49,-7,91,2021-12-02 11:50:00,539305
Volodymyr Voronenkov_120262,Volodymyr Voronenkov,-3,0,24,34,-10,58,2021-12-02 11:50:00,539306
Serhii Darahan_119995,Serhii Darahan,-3,0,22,35,-13,57,2021-12-02 11:55:00,539307
Vadym Komar_1425539479,Vadym Komar,3,1,34,24,10,58,2021-12-02 11:55:00,539308
Valerii Onykyienko_120068,Valerii Onykyienko,-3,0,29,37,-8,66,2021-12-02 11:55:00,539309
R Jamrich_22665,R Jamrich,3,1,34,24,10,58,2021-12-02 11:59:00,539310
Vladyslav Volokhov_603247579,Vladyslav Volokhov,-2,0,31,40,-9,71,2021-12-02 12:00:00,539311
Vladyslav Pavliuk_120010,Vladyslav Pavliuk,3,1,33,25,8,58,2021-12-02 12:00:00,539312
V Rachkov_101404,V Rachkov,3,1,33,19,14,52,2021-12-02 12:01:00,539313
Valerii Lukianevych_120025,Valerii Lukianevych,2,1,45,31,14,76,2021-12-02 12:05:00,539314
Yevhen Pryshchepa_779778128,Yevhen Pryshchepa,-2,0,31,36,-5,67,2021-12-02 12:05:00,539315
Volodymyr Tsyhanenko_1204954162,Volodymyr Tsyhanenko,3,1,33,19,14,52,2021-12-02 12:10:00,539316
Viktor Yevtodii_120242,Viktor Yevtodii,-1,0,47,50,-3,97,2021-12-02 12:10:00,539317
Serhiy Tkachuk_156173446,Serhiy Tkachuk,-3,0,22,34,-12,56,2021-12-02 12:15:00,539318
Viktor Bereza_120227,Viktor Bereza,-2,0,34,42,-8,76,2021-12-02 12:15:00,539319
A Antipin_101360,A Antipin,-2,0,34,41,-7,75,2021-12-02 12:17:00,539320
V Evlampiev_101438,V Evlampiev,2,1,41,35,6,76,2021-12-02 12:18:00,539321
Roman Zholubak_120263,Roman Zholubak,1,1,51,43,8,94,2021-12-02 12:20:00,539322
Vasyl Kushnir_1933517397,Vasyl Kushnir,-2,0,35,44,-9,79,2021-12-02 12:20:00,539323
Maksym Laievskiy_1473044971,Maksym Laievskiy,-2,0,34,38,-4,72,2021-12-02 12:25:00,539324
Vadym Kibanov_1941849716,Vadym Kibanov,3,1,34,24,10,58,2021-12-02 12:25:00,539325
Hlib Parfeniuk_119996,Hlib Parfeniuk,-3,0,13,33,-20,46,2021-12-02 12:25:00,539326
Andrii Lifanov_120069,Andrii Lifanov,3,1,36,26,10,62,2021-12-02 12:25:00,539327
F Just_22666,F Just,3,1,33,24,9,57,2021-12-02 12:29:00,539328
Serhii Kinash_1043867141,Serhii Kinash,2,1,41,28,13,69,2021-12-02 12:30:00,539329
Ihor Emets_120011,Ihor Emets,-1,0,46,52,-6,98,2021-12-02 12:30:00,539330
V Nemashkalo_101405,V Nemashkalo,1,1,52,49,3,101,2021-12-02 12:30:00,539331
Serhii Kubrak_1636511770,Serhii Kubrak,3,1,33,15,18,48,2021-12-02 12:35:00,539332
Eduard Sotnikov_120026,Eduard Sotnikov,1,1,51,40,11,91,2021-12-02 12:35:00,539333
Anton Limonov_1096119303,Anton Limonov,-3,0,16,33,-17,49,2021-12-02 12:40:00,539334
Volodymyr Okopnyi_120243,Volodymyr Okopnyi,-3,0,21,33,-12,54,2021-12-02 12:40:00,539335
Anton Myrza_878134490,Anton Myrza,1,1,46,45,1,91,2021-12-02 12:45:00,539336
Oleksandr Mytsyk_120228,Oleksandr Mytsyk,-1,0,42,46,-4,88,2021-12-02 12:45:00,539337
M Minkov_101361,M Minkov,1,1,52,50,2,102,2021-12-02 12:45:00,539338
Dmytro Lohosha_241389621,Dmytro Lohosha,-2,0,40,46,-6,86,2021-12-02 12:50:00,539339
Volodymyr Voronenkov_120264,Volodymyr Voronenkov,-1,0,47,51,-4,98,2021-12-02 12:50:00,539340
A Slachshilin_101439,A Slachshilin,2,1,40,24,16,64,2021-12-02 12:54:00,539341
Mykhailo Urban_120218,Mykhailo Urban,-1,0,48,55,-7,103,2021-12-02 12:55:00,539342
Nazarii Kovalchuk_869955875,Nazarii Kovalchuk,2,1,36,31,5,67,2021-12-02 12:55:00,539343
Hennadii Portnov_120070,Hennadii Portnov,3,1,33,16,17,49,2021-12-02 12:55:00,539344
Serhii Sklifos_1679891136,Serhii Sklifos,-2,0,23,42,-19,65,2021-12-02 13:00:00,539345
Eduard Rubtsov_2048737215,Eduard Rubtsov,-1,0,49,57,-8,106,2021-12-02 13:00:00,539346
T Batthyany_22691,T Batthyany,-2,0,37,40,-3,77,2021-12-02 13:00:00,539347
Serhii Semenets_120233,Serhii Semenets,1,1,53,42,11,95,2021-12-02 13:00:00,539348
S Kuzmin_101406,S Kuzmin,-3,0,12,33,-21,45,2021-12-02 13:01:00,539349
Oleksandr Dziabura_395448635,Oleksandr Dziabura,-1,0,45,50,-5,95,2021-12-02 13:05:00,539350
Yevhen Khurtak_120027,Yevhen Khurtak,1,1,45,48,-3,93,2021-12-02 13:05:00,539351
Oleksandr Alieksieev_120244,Oleksandr Alieksieev,-2,0,30,38,-8,68,2021-12-02 13:10:00,539352
Ivan Fashchevskyi_70689306,Ivan Fashchevskyi,1,1,51,44,7,95,2021-12-02 13:10:00,539353
Anton Limonov_2117535558,Anton Limonov,-2,0,40,44,-4,84,2021-12-02 13:15:00,539354
Yu Lbov_101362,Yu Lbov,2,1,34,32,2,66,2021-12-02 13:15:00,539355
Valeriy Kolesnykov_120229,Valeriy Kolesnykov,3,1,33,19,14,52,2021-12-02 13:15:00,539356
I Poletaev_101440,I Poletaev,-3,0,23,33,-10,56,2021-12-02 13:20:00,539357
Viacheslav Sereda_208762400,Viacheslav Sereda,-3,0,16,34,-18,50,2021-12-02 13:20:00,539358
Serhii Nemtsov_120265,Serhii Nemtsov,1,1,50,49,1,99,2021-12-02 13:20:00,539359
Viktor Kotov_690845027,Viktor Kotov,2,1,44,40,4,84,2021-12-02 13:25:00,539360
Anton Kernos_119998,Anton Kernos,1,1,50,44,6,94,2021-12-02 13:25:00,539361
Andrii Hrytsai_120071,Andrii Hrytsai,1,1,49,47,2,96,2021-12-02 13:25:00,539362
V Nemashkalo_101407,V Nemashkalo,3,1,35,20,15,55,2021-12-02 13:30:00,539363
F Just_22692,F Just,-2,0,33,39,-6,72,2021-12-02 13:30:00,539364
Andrii Hordii_1362295969,Andrii Hordii,3,1,35,25,10,60,2021-12-02 13:30:00,539365
Oleksandr Durduka_120013,Oleksandr Durduka,2,1,45,38,7,83,2021-12-02 13:30:00,539366
Viktor Syvych_120028,Viktor Syvych,-1,0,42,46,-4,88,2021-12-02 13:35:00,539367
Serhii Poliakov_2035349411,Serhii Poliakov,1,1,56,52,4,108,2021-12-02 13:35:00,539368
Dmytro Alekseenko_2083379264,Dmytro Alekseenko,2,1,44,33,11,77,2021-12-02 13:35:00,539369
Illia Valchuk_120245,Illia Valchuk,2,1,42,23,19,65,2021-12-02 13:40:00,539370
Dmytro Kryshtal_1425919104,Dmytro Kryshtal,3,1,33,13,20,46,2021-12-02 13:40:00,539371
Ihor Dmytruk_120230,Ihor Dmytruk,-1,0,51,47,4,98,2021-12-02 13:45:00,539372
Oleh Stasevskyi_1559349720,Oleh Stasevskyi,-2,0,42,42,0,84,2021-12-02 13:45:00,539373
A Slachshilin_101441,A Slachshilin,3,1,33,19,14,52,2021-12-02 13:46:00,539374
M Minkov_101363,M Minkov,-3,0,18,33,-15,51,2021-12-02 13:46:00,539375
Roman Zholubak_120266,Roman Zholubak,1,1,48,43,5,91,2021-12-02 13:50:00,539376
Yevhen Pryshchepa_186171747,Yevhen Pryshchepa,1,1,46,43,3,89,2021-12-02 13:50:00,539377
Serhii Darahan_119999,Serhii Darahan,-3,0,31,39,-8,70,2021-12-02 13:55:00,539378
Valerii Onykyienko_120072,Valerii Onykyienko,-3,0,23,33,-10,56,2021-12-02 13:55:00,539379
Nikita Korbut_438851235,Nikita Korbut,1,1,49,43,6,92,2021-12-02 13:55:00,539380
Iurii Prokhoruk_2023461400,Iurii Prokhoruk,1,1,40,48,-8,88,2021-12-02 14:00:00,539381
Vladyslav Pavliuk_120014,Vladyslav Pavliuk,2,1,43,32,11,75,2021-12-02 14:00:00,539382
V Rachkov_101408,V Rachkov,-3,0,13,33,-20,46,2021-12-02 14:01:00,539383
Nazarii Danyliuk_1546476037,Nazarii Danyliuk,-2,0,30,43,-13,73,2021-12-02 14:05:00,539384
Valerii Lukianevych_120029,Valerii Lukianevych,-3,0,23,34,-11,57,2021-12-02 14:05:00,539385
Denys Vakulenko_2012212376,Denys Vakulenko,-3,0,24,34,-10,58,2021-12-02 14:10:00,539386
Alexey Gamyanin_76783198,Alexey Gamyanin,-1,0,42,49,-7,91,2021-12-02 14:10:00,539387
Vadym Komar_1425511805,Vadym Komar,-1,0,44,51,-7,95,2021-12-02 14:15:00,539388
Viktor Yevtodii_120302,Viktor Yevtodii,-3,0,19,33,-14,52,2021-12-02 14:15:00,539389
V Evlampiev_101442,V Evlampiev,2,1,46,41,5,87,2021-12-02 14:16:00,539390
A Antipin_101364,A Antipin,1,1,48,46,2,94,2021-12-02 14:18:00,539391
Vladyslav Volokhov_1225805612,Vladyslav Volokhov,-3,0,18,33,-15,51,2021-12-02 14:20:00,539392
Anatolii Levshyn_120267,Anatolii Levshyn,-2,0,38,44,-6,82,2021-12-02 14:20:00,539393
Ihor Dmytruk_120304,Ihor Dmytruk,2,1,41,34,7,75,2021-12-02 14:25:00,539394
Andrii Lifanov_120073,Andrii Lifanov,1,1,44,37,7,81,2021-12-02 14:25:00,539395
Vitalii Lievshin_1034280590,Vitalii Lievshin,-2,0,34,39,-5,73,2021-12-02 14:25:00,539396
Mykhailo Urban_120219,Mykhailo Urban,-2,0,39,45,-6,84,2021-12-02 14:25:00,539397
D Brumlich_22667,D Brumlich,-3,0,22,35,-13,57,2021-12-02 14:27:00,539398
S Kuzmin_101557,S Kuzmin,1,1,43,42,1,85,2021-12-02 14:30:00,539399
Roman Shtukovanyi_1294522536,Roman Shtukovanyi,-1,0,53,55,-2,108,2021-12-02 14:30:00,539400
Serhii Semenets_120234,Serhii Semenets,3,1,34,24,10,58,2021-12-02 14:30:00,539401
Yevhen Khurtak_120030,Yevhen Khurtak,1,1,43,38,5,81,2021-12-02 14:35:00,539402
Iurii Prokhoruk_2104531600,Iurii Prokhoruk,1,1,54,43,11,97,2021-12-02 14:35:00,539403
Nazarii Danyliuk_956569820,Nazarii Danyliuk,-3,0,17,33,-16,50,2021-12-02 14:40:00,539404
Jr. Mecl_22668,Jr. Mecl,-3,0,23,33,-10,56,2021-12-02 14:42:00,539405
Andrii Skliarenko_120303,Andrii Skliarenko,2,1,43,30,13,73,2021-12-02 14:45:00,539406
Denys Vakulenko_639701434,Denys Vakulenko,-3,0,21,38,-17,59,2021-12-02 14:45:00,539407
Alexey Gamyanin_1651667569,Alexey Gamyanin,1,1,53,47,6,100,2021-12-02 14:45:00,539408
Ruslan Novak_1142751091,Ruslan Novak,-3,0,25,33,-8,58,2021-12-02 14:50:00,539409
A Kazakov_101559,A Kazakov,-2,0,25,42,-17,67,2021-12-02 14:52:00,539410
Ya Bazhinov_101561,Ya Bazhinov,1,1,53,43,10,96,2021-12-02 14:53:00,539411
Andrii Obishchenko_120305,Andrii Obishchenko,-2,0,34,37,-3,71,2021-12-02 14:55:00,539412
Yaroslav Tebenko_120001,Yaroslav Tebenko,-2,0,40,49,-9,89,2021-12-02 14:55:00,539413
Oleksandr Yarovoi_530879261,Oleksandr Yarovoi,1,1,48,39,9,87,2021-12-02 14:55:00,539414
Hennadii Portnov_120074,Hennadii Portnov,-3,0,32,38,-6,70,2021-12-02 14:55:00,539415
Yevhen Pryshchepa_463597278,Yevhen Pryshchepa,3,1,38,22,16,60,2021-12-02 15:00:00,539416
Valerii Davydov_120016,Valerii Davydov,2,1,40,34,6,74,2021-12-02 15:00:00,539417
V Nemashkalo_101558,V Nemashkalo,-3,0,24,34,-10,58,2021-12-02 15:01:00,539418
M Protiva_22669,M Protiva,2,1,45,26,19,71,2021-12-02 15:01:00,539419
Nikita Korbut_720849220,Nikita Korbut,-1,0,46,42,4,88,2021-12-02 15:05:00,539420
Oleksandr Gress_120031,Oleksandr Gress,2,1,46,27,19,73,2021-12-02 15:05:00,539421
Pavlo Chyzh_1212793023,Pavlo Chyzh,-1,0,44,53,-9,97,2021-12-02 15:10:00,539422
Nazarii Kovalchuk_810585668,Nazarii Kovalchuk,1,1,47,42,5,89,2021-12-02 15:15:00,539423
M Minkov_101560,M Minkov,-1,0,48,48,0,96,2021-12-02 15:16:00,539424
Maksym Laievskiy_827527411,Maksym Laievskiy,2,1,45,39,6,84,2021-12-02 15:20:00,539425
Serhii Poliakov_268958877,Serhii Poliakov,2,1,39,34,5,73,2021-12-02 15:20:00,539426
A Slachshilin_101562,A Slachshilin,-3,0,17,33,-16,50,2021-12-02 15:22:00,539427
Mykhailo Urban_120220,Mykhailo Urban,-3,0,13,33,-20,46,2021-12-02 15:25:00,539428
Oleksandr Dziabura_80997406,Oleksandr Dziabura,2,1,42,39,3,81,2021-12-02 15:25:00,539429
Serhii Semenets_120235,Serhii Semenets,3,1,33,23,10,56,2021-12-02 15:30:00,539430
L Lev_22670,L Lev,1,1,54,50,4,104,2021-12-02 15:30:00,539431
Ivan Fashchevskyi_1257504850,Ivan Fashchevskyi,-2,0,45,50,-5,95,2021-12-02 15:30:00,539432
M Gusev_101409,M Gusev,1,1,57,44,13,101,2021-12-02 15:31:00,539433
Yevhen Khurtak_120032,Yevhen Khurtak,3,1,33,21,12,54,2021-12-02 15:35:00,539434
Oleksiy Molochko_1127153103,Oleksiy Molochko,-1,0,40,47,-7,87,2021-12-02 15:35:00,539435
Anatolii Levshyn_120306,Anatolii Levshyn,2,1,45,32,13,77,2021-12-02 15:40:00,539436
Anna Miklukha_278689275,Anna Miklukha,3,1,33,20,13,53,2021-12-02 15:40:00,539437
A Lisov_101365,A Lisov,1,1,50,46,4,96,2021-12-02 15:46:00,539438
Petro Tsolik_1271792656,Petro Tsolik,3,1,33,23,10,56,2021-12-02 15:50:00,539439
E Voronkov_101443,E Voronkov,-1,0,43,47,-4,90,2021-12-02 15:54:00,539440
Hlib Parfeniuk_120003,Hlib Parfeniuk,3,1,40,33,7,73,2021-12-02 15:55:00,539441
Nikita Trofimov_1963099507,Nikita Trofimov,-2,0,33,35,-2,68,2021-12-02 15:55:00,539442
Taras Bonishchuk_120076,Taras Bonishchuk,2,1,42,29,13,71,2021-12-02 15:55:00,539443
Dmytro Kryshtal_1947656428,Dmytro Kryshtal,3,1,33,15,18,48,2021-12-02 16:00:00,539444
Ihor Emets_120018,Ihor Emets,1,1,47,42,5,89,2021-12-02 16:00:00,539445
M Protiva_22671,M Protiva,-1,0,49,49,0,98,2021-12-02 16:05:00,539446
Eduard Sotnikov_120033,Eduard Sotnikov,1,1,50,48,2,98,2021-12-02 16:05:00,539447
Oleh Stasevskyi_1410266864,Oleh Stasevskyi,3,1,39,30,9,69,2021-12-02 16:05:00,539448
A Sadkov_101410,A Sadkov,-2,0,32,41,-9,73,2021-12-02 16:08:00,539449
Valerii Tatarynov_678634002,Valerii Tatarynov,2,1,45,38,7,83,2021-12-02 16:10:00,539450
Andrii Lukatskyi_120307,Andrii Lukatskyi,-3,0,20,33,-13,53,2021-12-02 16:10:00,539451
Yulia Hodko_983244723,Yulia Hodko,-2,0,40,45,-5,85,2021-12-02 16:15:00,539452
A Merezhko_101444,A Merezhko,3,1,34,22,12,56,2021-12-02 16:18:00,539453
I Tolmachev_101366,I Tolmachev,-3,0,15,33,-18,48,2021-12-02 16:18:00,539454
Roman Vashchuk_883549713,Roman Vashchuk,2,1,43,31,12,74,2021-12-02 16:20:00,539455
Oleksandr Oleskevych_120201,Oleksandr Oleskevych,3,1,35,25,10,60,2021-12-02 16:20:00,539456
Vasyl Aksenin_269731421,Vasyl Aksenin,-3,0,26,34,-8,60,2021-12-02 16:25:00,539457
Artem Yurkov_120246,Artem Yurkov,1,1,42,46,-4,88,2021-12-02 16:30:00,539458
Yevhen Masko_1630573441,Yevhen Masko,1,1,48,46,2,94,2021-12-02 16:30:00,539459
D Tikhnenko_101411,D Tikhnenko,2,1,41,36,5,77,2021-12-02 16:31:00,539460
Vitalii Kyilo_120186,Vitalii Kyilo,-3,0,16,33,-17,49,2021-12-02 16:35:00,539461
Serhii Kinash_699464132,Serhii Kinash,-1,0,45,46,-1,91,2021-12-02 16:35:00,539462
Jr. Mecl_22672,Jr. Mecl,-2,0,28,41,-13,69,2021-12-02 16:36:00,539463
Serhii Kubrak_874538621,Serhii Kubrak,2,1,41,26,15,67,2021-12-02 16:40:00,539464
Oleksiy Molochko_685041966,Oleksiy Molochko,2,1,37,27,10,64,2021-12-02 16:45:00,539465
I Sergeevich_101445,I Sergeevich,2,1,42,33,9,75,2021-12-02 16:45:00,539466
Serhii Burdelnyi_120268,Serhii Burdelnyi,3,1,34,26,8,60,2021-12-02 16:45:00,539467
K Olshakov_101367,K Olshakov,-1,0,42,46,-4,88,2021-12-02 16:46:00,539468
Ivan Struk_120202,Ivan Struk,2,1,42,33,9,75,2021-12-02 16:50:00,539469
Anna Miklukha_1875608763,Anna Miklukha,2,1,46,42,4,88,2021-12-02 16:50:00,539470
Andrii Khvysiuk_1442366997,Andrii Khvysiuk,-3,0,19,33,-14,52,2021-12-02 16:55:00,539471
Andrii Hrytsai_120078,Andrii Hrytsai,3,1,33,24,9,57,2021-12-02 16:55:00,539472
Petro Tsolik_1759346185,Petro Tsolik,-2,0,42,45,-3,87,2021-12-02 17:00:00,539473
Jr. Mecl_22717,Jr. Mecl,3,1,34,25,9,59,2021-12-02 17:00:00,539474
Rodion Kapinus_120097,Rodion Kapinus,-1,0,51,52,-1,103,2021-12-02 17:00:00,539475
S Ovechkin_101412,S Ovechkin,3,1,33,19,14,52,2021-12-02 17:01:00,539476
Hryhorii Kulishov_120187,Hryhorii Kulishov,2,1,47,39,8,86,2021-12-02 17:05:00,539477
Nikita Trofimov_1990394007,Nikita Trofimov,2,1,46,39,7,85,2021-12-02 17:05:00,539478
Ruslan Novak_840382136,Ruslan Novak,-1,0,42,49,-7,91,2021-12-02 17:10:00,539479
Kateryna Somova_120082,Kateryna Somova,-3,0,9,33,-24,42,2021-12-02 17:10:00,539480
Oleksandr Yarovoi_1888392991,Oleksandr Yarovoi,-2,0,39,43,-4,82,2021-12-02 17:15:00,539481
V Demidov_101446,V Demidov,-2,0,30,41,-11,71,2021-12-02 17:15:00,539482
Serhii Solomko_120269,Serhii Solomko,3,1,35,29,6,64,2021-12-02 17:15:00,539483
M Minchenkov_101368,M Minchenkov,1,1,51,47,4,98,2021-12-02 17:17:00,539484
Oleksandr Oleskevych_120203,Oleksandr Oleskevych,1,1,47,37,10,84,2021-12-02 17:20:00,539485
Illia Udod_890912343,Illia Udod,1,1,51,47,4,98,2021-12-02 17:20:00,539486
Roman Kuvaiev_120141,Roman Kuvaiev,-3,0,23,33,-10,56,2021-12-02 17:25:00,539487
Viktoria Kurtenko_55274883,Viktoria Kurtenko,3,1,33,17,16,50,2021-12-02 17:25:00,539488
Dmytro Lazuryk_120247,Dmytro Lazuryk,1,1,50,42,8,92,2021-12-02 17:30:00,539489
M Protiva_22718,M Protiva,-1,0,45,50,-5,95,2021-12-02 17:30:00,539490
Roman Vashchuk_1803277442,Roman Vashchuk,2,1,39,34,5,73,2021-12-02 17:30:00,539491
D Tikhnenko_101413,D Tikhnenko,-1,0,47,50,-3,97,2021-12-02 17:32:00,539492
Oleksandr Shapoval_120188,Oleksandr Shapoval,3,1,33,17,16,50,2021-12-02 17:35:00,539493
Yaroslav Vorsuliak_1241900886,Yaroslav Vorsuliak,1,1,49,41,8,90,2021-12-02 17:35:00,539494
Anastasiia Ostapenko_120083,Anastasiia Ostapenko,2,1,46,41,5,87,2021-12-02 17:40:00,539495
Roman Derypaska_2035791139,Roman Derypaska,1,1,49,45,4,94,2021-12-02 17:40:00,539496
Viktor Chyzh_120270,Viktor Chyzh,-1,0,47,56,-9,103,2021-12-02 17:45:00,539497
Vadym Komar_640190737,Vadym Komar,-1,0,38,45,-7,83,2021-12-02 17:45:00,539498
I Sergeevich_101447,I Sergeevich,-3,0,26,34,-8,60,2021-12-02 17:47:00,539499
K Olshakov_101369,K Olshakov,1,1,50,42,8,92,2021-12-02 17:50:00,539500
Vladyslav Volokhov_1138442429,Vladyslav Volokhov,-3,0,21,38,-17,59,2021-12-02 17:50:00,539501
Oleh Bindas_120204,Oleh Bindas,2,1,41,27,14,68,2021-12-02 17:50:00,539502
Valerii Tatarynov_1271551196,Valerii Tatarynov,-2,0,38,42,-4,80,2021-12-02 17:55:00,539503
Nazar Kasianyk_120142,Nazar Kasianyk,2,1,44,27,17,71,2021-12-02 17:55:00,539504
Yulia Hodko_1264043095,Yulia Hodko,1,1,49,43,6,92,2021-12-02 18:00:00,539505
Rodion Kapinus_120099,Rodion Kapinus,1,1,50,44,6,94,2021-12-02 18:00:00,539506
A Sadkov_101414,A Sadkov,-2,0,26,42,-16,68,2021-12-02 18:01:00,539507
A Barton_22673,A Barton,-3,0,28,35,-7,63,2021-12-02 18:03:00,539508
Andrey Guchok_1637119994,Andrey Guchok,-1,0,45,47,-2,92,2021-12-02 18:05:00,539509
Hryhorii Kulishov_120189,Hryhorii Kulishov,2,1,37,28,9,65,2021-12-02 18:05:00,539510
Kateryna Somova_120084,Kateryna Somova,3,1,33,19,14,52,2021-12-02 18:10:00,539511
Vasyl Aksenin_5072305,Vasyl Aksenin,3,1,38,32,6,70,2021-12-02 18:10:00,539512
Yevhen Masko_343990410,Yevhen Masko,1,1,50,48,2,98,2021-12-02 18:15:00,539513
Serhii Solomko_120271,Serhii Solomko,2,1,38,35,3,73,2021-12-02 18:15:00,539514
A Merezhko_101448,A Merezhko,-2,0,42,49,-7,91,2021-12-02 18:17:00,539515
Ivan Struk_120205,Ivan Struk,3,1,33,18,15,51,2021-12-02 18:20:00,539516
Dmytro Derevinskyi_1278348883,Dmytro Derevinskyi,1,1,41,44,-3,85,2021-12-02 18:20:00,539517
I Tolmachev_101370,I Tolmachev,3,1,33,17,16,50,2021-12-02 18:24:00,539518
Maksym Balakiriev_120143,Maksym Balakiriev,-3,0,26,34,-8,60,2021-12-02 18:25:00,539519
Pavlo Cherednichenko_731169161,Pavlo Cherednichenko,-2,0,28,42,-14,70,2021-12-02 18:25:00,539520
T Zahradnik_22674,T Zahradnik,3,1,33,23,10,56,2021-12-02 18:30:00,539521
Artem Yurkov_120248,Artem Yurkov,-3,0,24,36,-12,60,2021-12-02 18:30:00,539522
Oleksiy Molochko_283479340,Oleksiy Molochko,2,1,42,26,16,68,2021-12-02 18:30:00,539523
A Sadkov_101597,A Sadkov,2,1,38,33,5,71,2021-12-02 18:33:00,539524
Vitalii Kyilo_120190,Vitalii Kyilo,-2,0,37,42,-5,79,2021-12-02 18:35:00,539525
Anna Miklukha_932512266,Anna Miklukha,-1,0,51,48,3,99,2021-12-02 18:35:00,539526
Marharyta Saltanovska_120085,Marharyta Saltanovska,-1,0,36,49,-13,85,2021-12-02 18:40:00,539527
Andrii Khvysiuk_1395064940,Andrii Khvysiuk,-2,0,29,41,-12,70,2021-12-02 18:40:00,539528
Petro Tsolik_314751467,Petro Tsolik,-3,0,23,34,-11,57,2021-12-02 18:45:00,539529
Serhii Burdelnyi_120272,Serhii Burdelnyi,-2,0,35,46,-11,81,2021-12-02 18:45:00,539530
I Tolmachev_101599,I Tolmachev,1,1,46,42,4,88,2021-12-02 18:47:00,539531
I Sergeevich_101601,I Sergeevich,-1,0,47,48,-1,95,2021-12-02 18:49:00,539532
Oleksandr Oleskevych_120206,Oleksandr Oleskevych,3,1,33,20,13,53,2021-12-02 18:50:00,539533
Nikita Trofimov_1766077310,Nikita Trofimov,2,1,43,29,14,72,2021-12-02 18:50:00,539534
Iryna Tiutiunyk_120126,Iryna Tiutiunyk,3,1,33,16,17,49,2021-12-02 18:50:00,539535
Vadym Komar_294756891,Vadym Komar,3,1,33,21,12,54,2021-12-02 18:55:00,539536
Nazar Kasianyk_120144,Nazar Kasianyk,2,1,44,31,13,75,2021-12-02 18:55:00,539537
Vladyslav Volokhov_1165246709,Vladyslav Volokhov,-3,0,18,33,-15,51,2021-12-02 19:00:00,539538
M Urban_22675,M Urban,-2,0,39,38,1,77,2021-12-02 19:00:00,539539
S Ovechkin_101598,S Ovechkin,-1,0,46,49,-3,95,2021-12-02 19:00:00,539540
Dmytro Gudimenko_120249,Dmytro Gudimenko,1,1,50,40,10,90,2021-12-02 19:00:00,539541
Illia Udod_841418841,Illia Udod,3,1,35,21,14,56,2021-12-02 19:05:00,539542
Pavlo Khakhamidi_120191,Pavlo Khakhamidi,-2,0,37,43,-6,80,2021-12-02 19:05:00,539543
Viktoria Kurtenko_458607297,Viktoria Kurtenko,3,1,33,17,16,50,2021-12-02 19:10:00,539544
Olha Kurpa_120086,Olha Kurpa,-3,0,11,33,-22,44,2021-12-02 19:10:00,539545
Roman Vashchuk_794038612,Roman Vashchuk,2,1,39,32,7,71,2021-12-02 19:15:00,539546
Dmytro Demchuk_120273,Dmytro Demchuk,-2,0,39,37,2,76,2021-12-02 19:15:00,539547
A Lisov_101600,A Lisov,-2,0,36,42,-6,78,2021-12-02 19:16:00,539548
Yaroslav Vorsuliak_197531364,Yaroslav Vorsuliak,1,1,51,45,6,96,2021-12-02 19:20:00,539549
Alena Petlenko_120290,Alena Petlenko,1,1,51,44,7,95,2021-12-02 19:20:00,539550
Ivan Struk_120207,Ivan Struk,3,1,37,21,16,58,2021-12-02 19:20:00,539551
V Demidov_101602,V Demidov,-3,0,20,35,-15,55,2021-12-02 19:22:00,539552
Roman Derypaska_2083392421,Roman Derypaska,3,1,37,31,6,68,2021-12-02 19:25:00,539553
Roman Kuvaiev_120145,Roman Kuvaiev,1,1,52,44,8,96,2021-12-02 19:25:00,539554
A Vlasov_101415,A Vlasov,2,1,42,31,11,73,2021-12-02 19:30:00,539555
Sr. Obeslo_22676,Sr. Obeslo,1,1,45,43,2,88,2021-12-02 19:30:00,539556
Dmytro Lazuryk_120250,Dmytro Lazuryk,-1,0,47,52,-5,99,2021-12-02 19:30:00,539557
Dmytro Kryshtal_722612950,Dmytro Kryshtal,-3,0,21,33,-12,54,2021-12-02 19:30:00,539558
Oleh Stasevskyi_292350906,Oleh Stasevskyi,2,1,42,34,8,76,2021-12-02 19:35:00,539559
Oleksandr Shapoval_120192,Oleksandr Shapoval,3,1,38,32,6,70,2021-12-02 19:35:00,539560
Anastasiia Ostapenko_120087,Anastasiia Ostapenko,-1,0,50,49,1,99,2021-12-02 19:40:00,539561
Valerii Tatarynov_273195745,Valerii Tatarynov,-2,0,28,41,-13,69,2021-12-02 19:40:00,539562
Viktor Chyzh_120274,Viktor Chyzh,-2,0,29,41,-12,70,2021-12-02 19:45:00,539563
Yulia Hodko_2128815505,Yulia Hodko,-2,0,28,41,-13,69,2021-12-02 19:45:00,539564
A Klavdenkov_101371,A Klavdenkov,-3,0,24,38,-14,62,2021-12-02 19:47:00,539565
D Merzlikin_101449,D Merzlikin,1,1,53,51,2,104,2021-12-02 19:49:00,539566
Oleh Bindas_120208,Oleh Bindas,3,1,33,21,12,54,2021-12-02 19:50:00,539567
Andrey Guchok_2087015110,Andrey Guchok,3,1,33,17,16,50,2021-12-02 19:50:00,539568
Anzhela Sydorko_120291,Anzhela Sydorko,3,1,34,27,7,61,2021-12-02 19:50:00,539569
Vasyl Aksenin_1611755217,Vasyl Aksenin,-3,0,19,33,-14,52,2021-12-02 19:55:00,539570
Serhii Khandetskyi_120146,Serhii Khandetskyi,-1,0,45,45,0,90,2021-12-02 19:55:00,539571
O Pronin_101416,O Pronin,-2,0,28,42,-14,70,2021-12-02 20:00:00,539572
Yevhen Masko_1427011630,Yevhen Masko,3,1,33,22,11,55,2021-12-02 20:00:00,539573
Rodion Kapinus_120251,Rodion Kapinus,-3,0,20,33,-13,53,2021-12-02 20:00:00,539574
M Urban_22677,M Urban,3,1,33,14,19,47,2021-12-02 20:05:00,539575
Hryhorii Kulishov_120193,Hryhorii Kulishov,2,1,43,37,6,80,2021-12-02 20:05:00,539576
Serhii Kinash_1824779856,Serhii Kinash,3,1,33,16,17,49,2021-12-02 20:05:00,539577
Kateryna Somova_120088,Kateryna Somova,1,1,53,49,4,102,2021-12-02 20:10:00,539578
Vitalii Solovei_2020849204,Vitalii Solovei,3,1,37,26,11,63,2021-12-02 20:10:00,539579
Oleksandr Bondarchuk_1469950939,Oleksandr Bondarchuk,3,1,33,15,18,48,2021-12-02 20:15:00,539580
I Soldatov_101372,I Soldatov,-2,0,31,39,-8,70,2021-12-02 20:15:00,539581
Serhii Solomko_120275,Serhii Solomko,3,1,36,26,10,62,2021-12-02 20:15:00,539582
Olena Telezhynska_1506992570,Olena Telezhynska,-2,0,23,39,-16,62,2021-12-02 20:20:00,539583
Alena Petlenko_120292,Alena Petlenko,3,1,33,15,18,48,2021-12-02 20:20:00,539584
Oleksandr Oleskevych_120209,Oleksandr Oleskevych,-1,0,48,55,-7,103,2021-12-02 20:20:00,539585
A Silantev_101450,A Silantev,3,1,33,19,14,52,2021-12-02 20:20:00,539586
Andrii Khvysiuk_588132861,Andrii Khvysiuk,1,1,48,48,0,96,2021-12-02 20:25:00,539587
Maksym Balakiriev_120147,Maksym Balakiriev,2,1,47,37,10,84,2021-12-02 20:25:00,539588
I Mihaylov_101417,I Mihaylov,-1,0,38,50,-12,88,2021-12-02 20:30:00,539589
T Zahradnik_22678,T Zahradnik,1,1,54,51,3,105,2021-12-02 20:30:00,539590
Artem Yurkov_120252,Artem Yurkov,2,1,41,35,6,76,2021-12-02 20:30:00,539591
Stepan Nykyforuk_486370687,Stepan Nykyforuk,-3,0,33,39,-6,72,2021-12-02 20:30:00,539592
Vitalii Kyilo_120194,Vitalii Kyilo,1,1,46,42,4,88,2021-12-02 20:35:00,539593
Serhii Zemiantsev_1508685517,Serhii Zemiantsev,2,1,39,25,14,64,2021-12-02 20:35:00,539594
Marharyta Saltanovska_120089,Marharyta Saltanovska,-3,0,23,36,-13,59,2021-12-02 20:40:00,539595
Serhii Pokidko_424705436,Serhii Pokidko,-1,0,47,42,5,89,2021-12-02 20:40:00,539596
Serhii Burdelnyi_120276,Serhii Burdelnyi,3,1,34,21,13,55,2021-12-02 20:45:00,539597
Oleh Stasevskyi_1008870790,Oleh Stasevskyi,2,1,42,36,6,78,2021-12-02 20:45:00,539598
V Rahmanov_101451,V Rahmanov,-3,0,22,33,-11,55,2021-12-02 20:46:00,539599
A Yanshaev_101373,A Yanshaev,-2,0,43,51,-8,94,2021-12-02 20:46:00,539600
Oleksiy Molochko_2071023409,Oleksiy Molochko,-3,0,22,33,-11,55,2021-12-02 20:50:00,539601
Iryna Tiutiunyk_120293,Iryna Tiutiunyk,3,1,33,24,9,57,2021-12-02 20:50:00,539602
Ilya Kanunnikov_120210,Ilya Kanunnikov,-3,0,15,33,-18,48,2021-12-02 20:50:00,539603
Nazar Kasianyk_120148,Nazar Kasianyk,3,1,33,24,9,57,2021-12-02 20:55:00,539604
Anna Miklukha_2056041389,Anna Miklukha,-1,0,48,50,-2,98,2021-12-02 20:55:00,539605
Roman Pinchuk_621720362,Roman Pinchuk,3,1,35,29,6,64,2021-12-02 21:00:00,539606
Dmytro Gudimenko_120253,Dmytro Gudimenko,3,1,37,30,7,67,2021-12-02 21:00:00,539607
I Zemit_101418,I Zemit,-1,0,45,44,1,89,2021-12-02 21:00:00,539608
Petro Tsolik_532510664,Petro Tsolik,1,1,44,50,-6,94,2021-12-02 21:05:00,539609
Pavlo Khakhamidi_120195,Pavlo Khakhamidi,3,1,34,19,15,53,2021-12-02 21:05:00,539610
Nikita Trofimov_759751989,Nikita Trofimov,3,1,33,17,16,50,2021-12-02 21:10:00,539611
Olha Kurpa_120090,Olha Kurpa,2,1,46,33,13,79,2021-12-02 21:10:00,539612
M Urban_22719,M Urban,-1,0,42,50,-8,92,2021-12-02 21:13:00,539613
Dmytro Demchuk_120277,Dmytro Demchuk,2,1,35,33,2,68,2021-12-02 21:15:00,539614
Vadym Komar_233540193,Vadym Komar,3,1,33,27,6,60,2021-12-02 21:15:00,539615
E Kabanov_101452,E Kabanov,-2,0,27,37,-10,64,2021-12-02 21:15:00,539616
Ivan Fashchevskyi_376216990,Ivan Fashchevskyi,2,1,45,39,6,84,2021-12-02 21:20:00,539617
Nadiia Kovtun_120294,Nadiia Kovtun,-2,0,28,38,-10,66,2021-12-02 21:20:00,539618
Ivan Struk_120552,Ivan Struk,1,1,41,36,5,77,2021-12-02 21:20:00,539619
D Tunitsyn_101374,D Tunitsyn,2,1,36,36,0,72,2021-12-02 21:22:00,539620
Roman Kuvaiev_120149,Roman Kuvaiev,-2,0,35,40,-5,75,2021-12-02 21:25:00,539621
Illia Udod_1169891980,Illia Udod,2,1,40,35,5,75,2021-12-02 21:25:00,539622
Dmytro Lazuryk_120254,Dmytro Lazuryk,2,1,45,30,15,75,2021-12-02 21:30:00,539623
Vikroriya Pryshchepa_713663237,Vikroriya Pryshchepa,-3,0,20,34,-14,54,2021-12-02 21:30:00,539624
I Mihaylov_101419,I Mihaylov,2,1,43,23,20,66,2021-12-02 21:32:00,539625
Oleksandr Shapoval_120196,Oleksandr Shapoval,2,1,42,31,11,73,2021-12-02 21:35:00,539626
Roman Vashchuk_6419101,Roman Vashchuk,-2,0,40,44,-4,84,2021-12-02 21:35:00,539627
Stepan Nykyforuk_1089255176,Stepan Nykyforuk,-3,0,16,33,-17,49,2021-12-02 21:40:00,539628
Anastasiia Ostapenko_120091,Anastasiia Ostapenko,-3,0,25,35,-10,60,2021-12-02 21:40:00,539629
Sr. Obeslo_22720,Sr. Obeslo,-2,0,30,37,-7,67,2021-12-02 21:41:00,539630
V Rahmanov_101453,V Rahmanov,-3,0,19,33,-14,52,2021-12-02 21:45:00,539631
Serhii Zemiantsev_1145471529,Serhii Zemiantsev,-2,0,38,42,-4,80,2021-12-02 21:45:00,539632
Viktor Chyzh_120278,Viktor Chyzh,-2,0,27,41,-14,68,2021-12-02 21:45:00,539633
Rodion Pirveli_1295571583,Rodion Pirveli,1,1,48,48,0,96,2021-12-02 21:50:00,539634
Yaroslav Kravets_120553,Yaroslav Kravets,-1,0,39,50,-11,89,2021-12-02 21:50:00,539635
Anzhela Sydorko_120295,Anzhela Sydorko,2,1,40,39,1,79,2021-12-02 21:50:00,539636
A Yanshaev_101375,A Yanshaev,2,1,38,35,3,73,2021-12-02 21:52:00,539637
Lev Kuzyo_914245982,Lev Kuzyo,3,1,36,28,8,64,2021-12-02 21:55:00,539638
Serhii Khandetskyi_120150,Serhii Khandetskyi,2,1,42,31,11,73,2021-12-02 21:55:00,539639
Valerii Tatarynov_1260642459,Valerii Tatarynov,-2,0,37,40,-3,77,2021-12-02 22:00:00,539640
Artem Yurkov_120255,Artem Yurkov,3,1,33,20,13,53,2021-12-02 22:00:00,539641
O Pronin_101420,O Pronin,-2,0,32,42,-10,74,2021-12-02 22:04:00,539642
Yulia Hodko_548320035,Yulia Hodko,-2,0,33,42,-9,75,2021-12-02 22:05:00,539643
Vitalii Kyilo_120197,Vitalii Kyilo,2,1,41,36,5,77,2021-12-02 22:05:00,539644
Ja Kanera_22679,Ja Kanera,2,1,42,33,9,75,2021-12-02 22:07:00,539645
Andrii Khvysiuk_1562731163,Andrii Khvysiuk,1,1,49,46,3,95,2021-12-02 22:10:00,539646
Marharyta Saltanovska_120092,Marharyta Saltanovska,2,1,40,27,13,67,2021-12-02 22:10:00,539647
A Silantev_101454,A Silantev,3,1,35,24,11,59,2021-12-02 22:15:00,539648
Serhii Burdelnyi_120279,Serhii Burdelnyi,2,1,44,39,5,83,2021-12-02 22:15:00,539649
Ivan Tymchyshyn_1248988510,Ivan Tymchyshyn,1,1,47,41,6,88,2021-12-02 22:15:00,539650
I Soldatov_101376,I Soldatov,-1,0,48,49,-1,97,2021-12-02 22:16:00,539651
Alena Petlenko_120296,Alena Petlenko,3,1,33,24,9,57,2021-12-02 22:20:00,539652
Yevhen Masko_1267311575,Yevhen Masko,1,1,52,48,4,100,2021-12-02 22:20:00,539653
Maksym Balakiriev_120151,Maksym Balakiriev,3,1,39,25,14,64,2021-12-02 22:25:00,539654
Rodion Pirveli_1613465616,Rodion Pirveli,1,1,47,41,6,88,2021-12-02 22:25:00,539655
Mykhailo Teteruk_120108,Mykhailo Teteruk,3,1,34,25,9,59,2021-12-02 22:30:00,539656
Yevhenii Kryvorotko_650607305,Yevhenii Kryvorotko,3,1,33,18,15,51,2021-12-02 22:30:00,539657
I Zemit_101603,I Zemit,-3,0,25,35,-10,60,2021-12-02 22:30:00,539658
P Gireth_22680,P Gireth,-3,0,26,34,-8,60,2021-12-02 22:34:00,539659
Ihor Oranskyi_120198,Ihor Oranskyi,-2,0,34,41,-7,75,2021-12-02 22:35:00,539660
Nataliia Svydnytska_120093,Nataliia Svydnytska,3,1,34,24,10,58,2021-12-02 22:40:00,539661
Andrey Guchok_1524811245,Andrey Guchok,-2,0,32,41,-9,73,2021-12-02 22:45:00,539662
Kostiantyn Klymenko_120280,Kostiantyn Klymenko,-3,0,15,33,-18,48,2021-12-02 22:45:00,539663
V Rahmanov_101605,V Rahmanov,-3,0,25,37,-12,62,2021-12-02 22:46:00,539664
Iryna Tiutiunyk_120134,Iryna Tiutiunyk,2,1,40,33,7,73,2021-12-02 22:50:00,539665
I Soldatov_101607,I Soldatov,-2,0,35,40,-5,75,2021-12-02 22:53:00,539666
Roman Kuvaiev_120152,Roman Kuvaiev,-3,0,15,33,-18,48,2021-12-02 22:55:00,539667
Lev Kuzyo_310682518,Lev Kuzyo,3,1,33,25,8,58,2021-12-02 23:00:00,539668
I Mihaylov_101604,I Mihaylov,-2,0,35,41,-6,76,2021-12-02 23:00:00,539669
Artem Yurkov_120256,Artem Yurkov,-2,0,39,48,-9,87,2021-12-02 23:00:00,539670
Jo Silhan_22681,Jo Silhan,3,1,34,27,7,61,2021-12-02 23:01:00,539671
Vitalii Kyilo_120199,Vitalii Kyilo,2,1,41,34,7,75,2021-12-02 23:05:00,539672
Rodion Pirveli_118771701,Rodion Pirveli,-2,0,29,41,-12,70,2021-12-02 23:05:00,539673
Marharyta Saltanovska_120094,Marharyta Saltanovska,3,1,33,14,19,47,2021-12-02 23:10:00,539674
D Merzlikin_101606,D Merzlikin,1,1,45,46,-1,91,2021-12-02 23:15:00,539675
Serhii Burdelnyi_120281,Serhii Burdelnyi,1,1,48,48,0,96,2021-12-02 23:15:00,539676
A Yanshaev_101608,A Yanshaev,1,1,58,47,11,105,2021-12-02 23:19:00,539677
Nadiia Kovtun_120297,Nadiia Kovtun,-1,0,40,47,-7,87,2021-12-02 23:20:00,539678
Andrii Peretiatko_120153,Andrii Peretiatko,-2,0,36,42,-6,78,2021-12-02 23:25:00,539679
Rodion Kapinus_120257,Rodion Kapinus,-2,0,48,52,-4,100,2021-12-02 23:30:00,539680
Jr. Obeslo_22682,Jr. Obeslo,1,1,39,47,-8,86,2021-12-02 23:30:00,539681
N Zhurba_101421,N Zhurba,-3,0,12,33,-21,45,2021-12-02 23:31:00,539682
Yevhenii Kryvorotko_1317166295,Yevhenii Kryvorotko,3,1,33,14,19,47,2021-12-02 23:35:00,539683
Hryhorii Kulishov_120200,Hryhorii Kulishov,1,1,41,40,1,81,2021-12-02 23:35:00,539684
Kateryna Somova_120095,Kateryna Somova,1,1,52,48,4,100,2021-12-02 23:40:00,539685
Lev Kuzyo_1347463448,Lev Kuzyo,2,1,46,37,9,83,2021-12-02 23:40:00,539686
Igor Demchuk_191663154,Igor Demchuk,-1,0,42,49,-7,91,2021-12-02 23:45:00,539687
Serhii Solomko_120282,Serhii Solomko,-1,0,47,51,-4,98,2021-12-02 23:45:00,539688
Va Ivanov_101455,Va Ivanov,3,1,33,26,7,59,2021-12-02 23:46:00,539689
Anzhela Sydorko_120298,Anzhela Sydorko,-2,0,34,44,-10,78,2021-12-02 23:50:00,539690
Roman Kuvaiev_120154,Roman Kuvaiev,-1,0,35,43,-8,78,2021-12-02 23:55:00,539691
O Kutuzov_101377,O Kutuzov,3,1,33,19,14,52,2021-12-02 23:55:00,539692
Martin Stusek_128546,Martin Stusek,3,1,33,23,10,56,2021-12-03 00:00:00,539693
J Veselka_23558,J Veselka,3,1,36,21,15,57,2021-12-03 00:00:00,539694
S Ogai_105380,S Ogai,3,1,33,11,22,44,2021-12-03 00:03:00,539695
Anton Riabukhin_84053897,Anton Riabukhin,1,1,52,46,6,98,2021-12-03 00:05:00,539696
Andrii Tsikhotskyi_1520628091,Andrii Tsikhotskyi,2,1,42,23,19,65,2021-12-03 00:15:00,539697
D Balakin_105346,D Balakin,-1,0,44,49,-5,93,2021-12-03 00:18:00,539698
A Girevenkov_105414,A Girevenkov,-1,0,45,55,-10,100,2021-12-03 00:20:00,539699
Sviatoslav Sachuk_128628,Sviatoslav Sachuk,2,1,40,34,6,74,2021-12-03 00:20:00,539700
Yurii Kolesnyk_128476,Yurii Kolesnyk,1,1,50,49,1,99,2021-12-03 00:25:00,539701
Libor Matysek_128547,Libor Matysek,-3,0,18,33,-15,51,2021-12-03 00:30:00,539702
D Pazout_23559,D Pazout,3,1,33,18,15,51,2021-12-03 00:30:00,539703
D Sayanov_105381,D Sayanov,-3,0,25,33,-8,58,2021-12-03 00:32:00,539704
Volodymyr Plishylo_866867501,Volodymyr Plishylo,3,1,36,25,11,61,2021-12-03 00:35:00,539705
D Molodtsov_105347,D Molodtsov,2,1,36,28,8,64,2021-12-03 00:45:00,539706
Serhii Hilitukha_444664851,Serhii Hilitukha,-2,0,36,43,-7,79,2021-12-03 00:45:00,539707
Egor Kovpak_128629,Egor Kovpak,-2,0,36,43,-7,79,2021-12-03 00:50:00,539708
R Kobytov_105415,R Kobytov,-1,0,50,51,-1,101,2021-12-03 00:55:00,539709
Ja Prokupek_23598,Ja Prokupek,-2,0,33,42,-9,75,2021-12-03 01:00:00,539710
Jakub Merta_128993,Jakub Merta,3,1,33,17,16,50,2021-12-03 01:00:00,539711
D Korneev_105382,D Korneev,-2,0,30,43,-13,73,2021-12-03 01:01:00,539712
Maksym Marchuk_128494,Maksym Marchuk,-2,0,31,40,-9,71,2021-12-03 01:05:00,539713
Sergey Filatov_1093420434,Sergey Filatov,-3,0,29,38,-9,67,2021-12-03 01:05:00,539714
A Antipin_105348,A Antipin,3,1,33,18,15,51,2021-12-03 01:15:00,539715
Andrii Tsikhotskyi_424580598,Andrii Tsikhotskyi,1,1,52,46,6,98,2021-12-03 01:15:00,539716
Sviatoslav Sachuk_128630,Sviatoslav Sachuk,-1,0,49,48,1,97,2021-12-03 01:20:00,539717
A Volkov_105416,A Volkov,2,1,41,34,7,75,2021-12-03 01:23:00,539718
Denys Matvieiev_128639,Denys Matvieiev,-1,0,45,53,-8,98,2021-12-03 01:25:00,539719
Martin Stusek_128994,Martin Stusek,3,1,34,24,10,58,2021-12-03 01:30:00,539720
S Ogai_105383,S Ogai,-2,0,35,40,-5,75,2021-12-03 01:30:00,539721
D Pazout_23599,D Pazout,-3,0,22,34,-12,56,2021-12-03 01:30:00,539722
Borys Kostiuk_128495,Borys Kostiuk,-1,0,57,60,-3,117,2021-12-03 01:35:00,539723
Anton Riabukhin_1790490936,Anton Riabukhin,3,1,34,20,14,54,2021-12-03 01:35:00,539724
Serhii Hilitukha_1332074056,Serhii Hilitukha,1,1,55,49,6,104,2021-12-03 01:45:00,539725
D Balakin_105349,D Balakin,-2,0,22,42,-20,64,2021-12-03 01:45:00,539726
A Girevenkov_105417,A Girevenkov,2,1,44,33,11,77,2021-12-03 01:48:00,539727
Oleksandr Sulym_128631,Oleksandr Sulym,-1,0,40,50,-10,90,2021-12-03 01:50:00,539728
Volodymyr Lutskii_128640,Volodymyr Lutskii,2,1,46,33,13,79,2021-12-03 01:55:00,539729
D Korneev_105384,D Korneev,-3,0,20,33,-13,53,2021-12-03 02:02:00,539730
Hryhorii Kulishov_128496,Hryhorii Kulishov,-1,0,43,50,-7,93,2021-12-03 02:05:00,539731
Volodymyr Plishylo_1107560731,Volodymyr Plishylo,3,1,33,21,12,54,2021-12-03 02:05:00,539732
Oleksandr Kostiuk_522509107,Oleksandr Kostiuk,3,1,38,30,8,68,2021-12-03 02:15:00,539733
A Antipin_105350,A Antipin,2,1,44,29,15,73,2021-12-03 02:16:00,539734
A Volkov_105418,A Volkov,1,1,51,40,11,91,2021-12-03 02:16:00,539735
Denys Matvieiev_128641,Denys Matvieiev,-3,0,19,33,-14,52,2021-12-03 02:25:00,539736
Borys Kostiuk_128497,Borys Kostiuk,-2,0,33,42,-9,75,2021-12-03 02:35:00,539737
D Ignatev_105385,D Ignatev,2,1,41,30,11,71,2021-12-03 02:35:00,539738
Sergey Filatov_1160740014,Sergey Filatov,-3,0,18,33,-15,51,2021-12-03 02:35:00,539739
D Evlahin_105351,D Evlahin,1,1,51,44,7,95,2021-12-03 02:44:00,539740
Andrii Tsikhotskyi_2120631139,Andrii Tsikhotskyi,-1,0,43,47,-4,90,2021-12-03 02:45:00,539741
V Safonov_105419,V Safonov,1,1,51,46,5,97,2021-12-03 02:48:00,539742
Roman Malynka_128642,Roman Malynka,-1,0,43,50,-7,93,2021-12-03 02:55:00,539743
D Sayanov_105386,D Sayanov,2,1,44,34,10,78,2021-12-03 03:02:00,539744
Anton Riabukhin_942810905,Anton Riabukhin,-1,0,41,49,-8,90,2021-12-03 03:05:00,539745
Maksym Marchuk_128498,Maksym Marchuk,-3,0,22,33,-11,55,2021-12-03 03:05:00,539746
D Molodtsov_105352,D Molodtsov,1,1,45,43,2,88,2021-12-03 03:15:00,539747
Serhii Hilitukha_444704185,Serhii Hilitukha,-3,0,14,33,-19,47,2021-12-03 03:15:00,539748
R Kobytov_105420,R Kobytov,-1,0,49,56,-7,105,2021-12-03 03:17:00,539749
Volodymyr Lutskii_128643,Volodymyr Lutskii,-1,0,52,52,0,104,2021-12-03 03:25:00,539750
N Zhurba_105387,N Zhurba,-2,0,35,43,-8,78,2021-12-03 03:31:00,539751
Denys Shcherbak_1836697222,Denys Shcherbak,2,1,42,32,10,74,2021-12-03 03:35:00,539752
Pavlo Khakhamidi_128499,Pavlo Khakhamidi,-2,0,32,35,-3,67,2021-12-03 03:35:00,539753
Andrii Tsikhotskyi_9494683,Andrii Tsikhotskyi,2,1,41,31,10,72,2021-12-03 03:45:00,539754
A Vlasov_105353,A Vlasov,2,1,41,34,7,75,2021-12-03 03:46:00,539755
Yu Merkushin_105421,Yu Merkushin,-1,0,37,47,-10,84,2021-12-03 03:47:00,539756
Denys Matvieiev_128644,Denys Matvieiev,-1,0,42,51,-9,93,2021-12-03 03:55:00,539757
D Ignatev_105388,D Ignatev,2,1,39,37,2,76,2021-12-03 04:03:00,539758
Volodymyr Plishylo_580108948,Volodymyr Plishylo,3,1,33,19,14,52,2021-12-03 04:05:00,539759
Hryhorii Kulishov_128500,Hryhorii Kulishov,2,1,45,35,10,80,2021-12-03 04:05:00,539760
Serhii Hilitukha_31311448,Serhii Hilitukha,-1,0,40,47,-7,87,2021-12-03 04:15:00,539761
D Evlahin_105354,D Evlahin,-3,0,16,33,-17,49,2021-12-03 04:15:00,539762
V Safonov_105422,V Safonov,-3,0,23,33,-10,56,2021-12-03 04:16:00,539763
Volodymyr Lutskii_128645,Volodymyr Lutskii,-1,0,46,47,-1,93,2021-12-03 04:25:00,539764
D Sayanov_105577,D Sayanov,-1,0,44,52,-8,96,2021-12-03 04:30:00,539765
Mykola Lytvynenko_2036109997,Mykola Lytvynenko,-2,0,29,43,-14,72,2021-12-03 04:35:00,539766
Borys Kostiuk_128501,Borys Kostiuk,-3,0,20,33,-13,53,2021-12-03 04:35:00,539767
D Evlahin_105579,D Evlahin,1,1,50,45,5,95,2021-12-03 04:44:00,539768
Andrii Tsikhotskyi_424757014,Andrii Tsikhotskyi,-2,0,46,51,-5,97,2021-12-03 04:45:00,539769
Yu Merkushin_105581,Yu Merkushin,3,1,34,25,9,59,2021-12-03 04:46:00,539770
Roman Malynka_128646,Roman Malynka,1,1,46,47,-1,93,2021-12-03 04:55:00,539771
D Ignatev_105578,D Ignatev,-2,0,39,47,-8,86,2021-12-03 05:03:00,539772
Maksym Marchuk_128502,Maksym Marchuk,-2,0,25,38,-13,63,2021-12-03 05:05:00,539773
Volodymyr Plishylo_380934927,Volodymyr Plishylo,-2,0,33,41,-8,74,2021-12-03 05:05:00,539774
A Antipin_105580,A Antipin,2,1,37,26,11,63,2021-12-03 05:15:00,539775
A Girevenkov_105582,A Girevenkov,1,1,50,46,4,96,2021-12-03 05:15:00,539776
Mykola Tovkach_693429280,Mykola Tovkach,1,1,46,51,-5,97,2021-12-03 05:15:00,539777
Denys Matvieiev_128647,Denys Matvieiev,-2,0,34,41,-7,75,2021-12-03 05:25:00,539778
Pavlo Khakhamidi_128503,Pavlo Khakhamidi,2,1,43,36,7,79,2021-12-03 05:35:00,539779
Timur Voitekhov_128648,Timur Voitekhov,-1,0,38,45,-7,83,2021-12-03 05:55:00,539780
Hryhorii Kulishov_128504,Hryhorii Kulishov,2,1,40,30,10,70,2021-12-03 06:05:00,539781
Roman Malynka_128995,Roman Malynka,-3,0,25,35,-10,60,2021-12-03 06:30:00,539782
Maksym Marchuk_128505,Maksym Marchuk,2,1,48,42,6,90,2021-12-03 06:35:00,539783
Oleksandr Ivashkin_128996,Oleksandr Ivashkin,3,1,33,27,6,60,2021-12-03 07:00:00,539784
Vitalii Kyilo_128506,Vitalii Kyilo,3,1,34,22,12,56,2021-12-03 07:05:00,539785
G Karpovkin_105491,G Karpovkin,2,1,42,37,5,79,2021-12-03 07:31:00,539786
Maksym Marchuk_128507,Maksym Marchuk,-2,0,28,39,-11,67,2021-12-03 07:35:00,539787
A Arutiunyan_105531,A Arutiunyan,1,1,45,44,1,89,2021-12-03 07:48:00,539788
D Petrochenko_105447,D Petrochenko,2,1,41,33,8,74,2021-12-03 07:48:00,539789
Kyrylo Yehorov_2120855707,Kyrylo Yehorov,2,1,43,35,8,78,2021-12-03 07:50:00,539790
Oleh Stasevskyi_1340463272,Oleh Stasevskyi,-2,0,29,36,-7,65,2021-12-03 07:55:00,539791
I Meteleshko_105492,I Meteleshko,2,1,38,32,6,70,2021-12-03 07:59:00,539792
Borys Kostiuk_128508,Borys Kostiuk,2,1,39,30,9,69,2021-12-03 08:05:00,539793
A Yanshaev_105448,A Yanshaev,2,1,46,35,11,81,2021-12-03 08:15:00,539794
K Olshakov_105532,K Olshakov,-1,0,44,48,-4,92,2021-12-03 08:20:00,539795
Oleksandr Yarovoi_1368450020,Oleksandr Yarovoi,3,1,33,20,13,53,2021-12-03 08:25:00,539796
P Vshivkov_105493,P Vshivkov,-2,0,35,43,-8,78,2021-12-03 08:29:00,539797
Petro Kolesnik_1993262689,Petro Kolesnik,-2,0,35,43,-8,78,2021-12-03 08:30:00,539798
Yehor Riadynskyi_1815758469,Yehor Riadynskyi,2,1,42,25,17,67,2021-12-03 08:35:00,539799
Yurii Volkov_181733116,Yurii Volkov,3,1,33,16,17,49,2021-12-03 08:40:00,539800
E Mishutin_105449,E Mishutin,2,1,42,34,8,76,2021-12-03 08:45:00,539801
Serhiy Tkachuk_1767192237,Serhiy Tkachuk,-1,0,57,54,3,111,2021-12-03 08:45:00,539802
I Poletaev_105533,I Poletaev,3,1,33,21,12,54,2021-12-03 08:46:00,539803
Serhii Rak_128695,Serhii Rak,2,1,42,25,17,67,2021-12-03 08:50:00,539804
Andrii Kotik_775398608,Andrii Kotik,3,1,33,24,9,57,2021-12-03 08:50:00,539805
Dmytro Alekseenko_444895412,Dmytro Alekseenko,-2,0,28,42,-14,70,2021-12-03 08:55:00,539806
Michael Rikun_287674313,Michael Rikun,-2,0,25,39,-14,64,2021-12-03 08:55:00,539807
V Vologzhanin_105494,V Vologzhanin,1,1,49,48,1,97,2021-12-03 08:59:00,539808
Olena Nalisnikovska_128925,Olena Nalisnikovska,2,1,38,22,16,60,2021-12-03 09:00:00,539809
Vadym Komar_1176093404,Vadym Komar,3,1,33,16,17,49,2021-12-03 09:00:00,539810
Borys Buriak_970787430,Borys Buriak,-2,0,30,42,-12,72,2021-12-03 09:05:00,539811
Maksym Balakiriev_128710,Maksym Balakiriev,2,1,39,35,4,74,2021-12-03 09:05:00,539812
Serhii Zazymko_961405848,Serhii Zazymko,-3,0,20,33,-13,53,2021-12-03 09:10:00,539813
Roman Makarenko_128969,Roman Makarenko,1,1,43,44,-1,87,2021-12-03 09:10:00,539814
Anatolii Kostenko_128725,Anatolii Kostenko,1,1,54,53,1,107,2021-12-03 09:15:00,539815
Artem Nesterenko_1947736222,Artem Nesterenko,-1,0,39,44,-5,83,2021-12-03 09:15:00,539816
S Homutov_105534,S Homutov,3,1,33,15,18,48,2021-12-03 09:15:00,539817
D Razinkov_105450,D Razinkov,1,1,51,41,10,92,2021-12-03 09:16:00,539818
Mykola Treshchetka_1403267186,Mykola Treshchetka,3,1,33,22,11,55,2021-12-03 09:20:00,539819
Stanislav Nikolenko_128696,Stanislav Nikolenko,1,1,45,50,-5,95,2021-12-03 09:20:00,539820
Vasyl Verbianyi_757830786,Vasyl Verbianyi,3,1,33,22,11,55,2021-12-03 09:25:00,539821
P Vshivkov_105495,P Vshivkov,-1,0,40,52,-12,92,2021-12-03 09:29:00,539822
Oleksandra Tsiupko_128926,Oleksandra Tsiupko,-2,0,34,42,-8,76,2021-12-03 09:30:00,539823
Aleksandr Redkov_1587594817,Aleksandr Redkov,1,1,50,51,-1,101,2021-12-03 09:30:00,539824
Eduard Rubtsov_701096051,Eduard Rubtsov,-2,0,35,41,-6,76,2021-12-03 09:30:00,539825
Ihor Oranskyi_128934,Ihor Oranskyi,2,1,47,37,10,84,2021-12-03 09:35:00,539826
Kyrylo Yehorov_229591958,Kyrylo Yehorov,2,1,45,41,4,86,2021-12-03 09:35:00,539827
Rodion Kapinus_128970,Rodion Kapinus,1,1,50,53,-3,103,2021-12-03 09:40:00,539828
Oleh Stasevskyi_1899804119,Oleh Stasevskyi,2,1,39,29,10,68,2021-12-03 09:40:00,539829
Serhii Semenets_128726,Serhii Semenets,-3,0,23,33,-10,56,2021-12-03 09:45:00,539830
Serhii Zazymko_2048604649,Serhii Zazymko,1,1,48,44,4,92,2021-12-03 09:45:00,539831
I Poletaev_105535,I Poletaev,3,1,35,25,10,60,2021-12-03 09:46:00,539832
Nazarii Sydorak_128697,Nazarii Sydorak,-1,0,46,47,-1,93,2021-12-03 09:50:00,539833
Yurii Volkov_62052028,Yurii Volkov,3,1,34,21,13,55,2021-12-03 09:50:00,539834
Oleksandr Sulym_128981,Oleksandr Sulym,-1,0,53,55,-2,108,2021-12-03 09:50:00,539835
E Mishutin_105451,E Mishutin,2,1,39,29,10,68,2021-12-03 09:52:00,539836
Serhiy Tkachuk_708662377,Serhiy Tkachuk,3,1,36,26,10,62,2021-12-03 09:55:00,539837
Yurii Reva_128740,Yurii Reva,2,1,37,34,3,71,2021-12-03 09:55:00,539838
Frantisek Korenek_128877,Frantisek Korenek,-2,0,30,41,-11,71,2021-12-03 10:00:00,539839
Olena Nalisnikovska_128927,Olena Nalisnikovska,1,1,46,44,2,90,2021-12-03 10:00:00,539840
Nazarii Danyliuk_1056876568,Nazarii Danyliuk,-1,0,38,49,-11,87,2021-12-03 10:00:00,539841
T Holik_23570,T Holik,3,1,42,36,6,78,2021-12-03 10:05:00,539842
Michael Rikun_1220216991,Michael Rikun,-1,0,39,52,-13,91,2021-12-03 10:05:00,539843
Dmytro Alekseenko_717924087,Dmytro Alekseenko,2,1,39,37,2,76,2021-12-03 10:05:00,539844
Serhii Khandetskyi_128712,Serhii Khandetskyi,1,1,42,36,6,78,2021-12-03 10:05:00,539845
I Meteleshko_105496,I Meteleshko,3,1,33,18,15,51,2021-12-03 10:06:00,539846
Rodion Kapinus_128971,Rodion Kapinus,-2,0,24,41,-17,65,2021-12-03 10:10:00,539847
Vadym Komar_969572548,Vadym Komar,1,1,47,39,8,86,2021-12-03 10:10:00,539848
Marat Yakubov_128727,Marat Yakubov,-2,0,35,42,-7,77,2021-12-03 10:15:00,539849
Borys Buriak_1047167881,Borys Buriak,-3,0,19,34,-15,53,2021-12-03 10:15:00,539850
K Olshakov_105536,K Olshakov,2,1,39,34,5,73,2021-12-03 10:16:00,539851
A Yanshaev_105452,A Yanshaev,2,1,44,42,2,86,2021-12-03 10:17:00,539852
Andrii Skliarenko_128982,Andrii Skliarenko,2,1,39,33,6,72,2021-12-03 10:20:00,539853
Stanislav Nikolenko_128698,Stanislav Nikolenko,3,1,35,20,15,55,2021-12-03 10:20:00,539854
Yehor Riadynskyi_909484831,Yehor Riadynskyi,3,1,33,15,18,48,2021-12-03 10:20:00,539855
Andrii Troyan_186982797,Andrii Troyan,3,1,36,29,7,65,2021-12-03 10:25:00,539856
Oleksii Korobov_128741,Oleksii Korobov,-2,0,32,42,-10,74,2021-12-03 10:25:00,539857
P Vshivkov_105583,P Vshivkov,3,1,33,18,15,51,2021-12-03 10:29:00,539858
Yana Mykhailyk_128928,Yana Mykhailyk,-2,0,35,42,-7,77,2021-12-03 10:30:00,539859
Maxim Naumchuk_1279333463,Maxim Naumchuk,2,1,36,35,1,71,2021-12-03 10:30:00,539860
David Bochnak_128878,David Bochnak,3,1,36,27,9,63,2021-12-03 10:30:00,539861
Vasyl Kushnir_1004887540,Vasyl Kushnir,-2,0,38,41,-3,79,2021-12-03 10:35:00,539862
Ihor Oranskyi_128935,Ihor Oranskyi,-2,0,31,41,-10,72,2021-12-03 10:35:00,539863
V Waldhauser_23571,V Waldhauser,-2,0,36,44,-8,80,2021-12-03 10:35:00,539864
Roman Makarenko_128972,Roman Makarenko,3,1,34,25,9,59,2021-12-03 10:40:00,539865
Denys Vakulenko_2052627874,Denys Vakulenko,-3,0,14,33,-19,47,2021-12-03 10:40:00,539866
Andriy Bugay_1491308795,Andriy Bugay,-2,0,39,50,-11,89,2021-12-03 10:40:00,539867
Serhii Semenets_128728,Serhii Semenets,1,1,51,38,13,89,2021-12-03 10:45:00,539868
Dmytro Arzanov_1658580540,Dmytro Arzanov,3,1,33,23,10,56,2021-12-03 10:45:00,539869
A Arutiunyan_105585,A Arutiunyan,1,1,46,48,-2,94,2021-12-03 10:46:00,539870
D Razinkov_105587,D Razinkov,2,1,42,39,3,81,2021-12-03 10:49:00,539871
Serhii Rak_128699,Serhii Rak,1,1,49,40,9,89,2021-12-03 10:50:00,539872
Vasyl Shepel_1076841235,Vasyl Shepel,-1,0,49,49,0,98,2021-12-03 10:50:00,539873
Oleksandr Sulym_128983,Oleksandr Sulym,-1,0,51,54,-3,105,2021-12-03 10:50:00,539874
Serhii Gergeliuk_436277603,Serhii Gergeliuk,1,1,47,44,3,91,2021-12-03 10:55:00,539875
Taras Bonishchuk_128742,Taras Bonishchuk,2,1,41,31,10,72,2021-12-03 10:55:00,539876
V Vologzhanin_105584,V Vologzhanin,-3,0,23,33,-10,56,2021-12-03 10:59:00,539877
David Bochnak_128879,David Bochnak,-2,0,45,45,0,90,2021-12-03 11:00:00,539878
Oleksandra Tsiupko_128929,Oleksandra Tsiupko,-3,0,12,33,-21,45,2021-12-03 11:00:00,539879
Artem Nesterenko_979051281,Artem Nesterenko,1,1,47,47,0,94,2021-12-03 11:00:00,539880
Maksym Balakiriev_128714,Maksym Balakiriev,3,1,33,24,9,57,2021-12-03 11:05:00,539881
Mykola Treshchetka_356475930,Mykola Treshchetka,-2,0,27,41,-14,68,2021-12-03 11:05:00,539882
F Just_23572,F Just,3,1,33,16,17,49,2021-12-03 11:08:00,539883
Andrii Kotik_60198734,Andrii Kotik,-3,0,23,33,-10,56,2021-12-03 11:10:00,539884
Yaroslav Strilnyk_128973,Yaroslav Strilnyk,-3,0,22,35,-13,57,2021-12-03 11:10:00,539885
Aleksandr Redkov_1772199104,Aleksandr Redkov,-2,0,31,41,-10,72,2021-12-03 11:15:00,539886
S Homutov_105586,S Homutov,-2,0,32,38,-6,70,2021-12-03 11:15:00,539887
Anatolii Kostenko_128729,Anatolii Kostenko,3,1,35,24,11,59,2021-12-03 11:15:00,539888
Eduard Rubtsov_376671750,Eduard Rubtsov,-3,0,24,33,-9,57,2021-12-03 11:15:00,539889
E Mishutin_105588,E Mishutin,1,1,60,60,0,120,2021-12-03 11:17:00,539890
Oleksandr Hordiichuk_128700,Oleksandr Hordiichuk,3,1,33,19,14,52,2021-12-03 11:20:00,539891
Oleksandr Kolbasenko_128984,Oleksandr Kolbasenko,-1,0,38,44,-6,82,2021-12-03 11:20:00,539892
Oleksandr Yarovoi_531716271,Oleksandr Yarovoi,2,1,43,36,7,79,2021-12-03 11:20:00,539893
Petro Kolesnik_955975090,Petro Kolesnik,-3,0,18,33,-15,51,2021-12-03 11:25:00,539894
Oleksii Korobov_128743,Oleksii Korobov,-3,0,18,33,-15,51,2021-12-03 11:25:00,539895
Olena Nalisnikovska_128930,Olena Nalisnikovska,3,1,33,17,16,50,2021-12-03 11:30:00,539896
Yehor Riadynskyi_610791340,Yehor Riadynskyi,-3,0,19,33,-14,52,2021-12-03 11:30:00,539897
Frantisek Korenek_128880,Frantisek Korenek,2,1,38,31,7,69,2021-12-03 11:30:00,539898
Sr. Obeslo_23573,Sr. Obeslo,2,1,44,37,7,81,2021-12-03 11:31:00,539899
V Rachkov_105497,V Rachkov,-3,0,20,33,-13,53,2021-12-03 11:32:00,539900
Yurii Volkov_349257640,Yurii Volkov,3,1,38,19,19,57,2021-12-03 11:35:00,539901
Taras Yemelianov_128715,Taras Yemelianov,2,1,37,24,13,61,2021-12-03 11:35:00,539902
Serhiy Tkachuk_82910114,Serhiy Tkachuk,2,1,41,28,13,69,2021-12-03 11:40:00,539903
Roman Makarenko_128974,Roman Makarenko,1,1,54,49,5,103,2021-12-03 11:40:00,539904
Vasyl Kushnir_101566085,Vasyl Kushnir,1,1,51,48,3,99,2021-12-03 11:45:00,539905
N Kurilchik_105537,N Kurilchik,1,1,54,49,5,103,2021-12-03 11:45:00,539906
Stefan Yakimenko_128730,Stefan Yakimenko,-3,0,21,34,-13,55,2021-12-03 11:45:00,539907
Andrii Skliarenko_128985,Andrii Skliarenko,2,1,40,40,0,80,2021-12-03 11:50:00,539908
Michael Rikun_915550637,Michael Rikun,1,1,46,39,7,85,2021-12-03 11:50:00,539909
Nazarii Sydorak_128701,Nazarii Sydorak,3,1,33,18,15,51,2021-12-03 11:50:00,539910
Dmytro Alekseenko_720630633,Dmytro Alekseenko,-1,0,41,48,-7,89,2021-12-03 11:50:00,539911
Kyrylo Yehorov_23855802,Kyrylo Yehorov,1,1,46,47,-1,93,2021-12-03 11:55:00,539912
Yurii Reva_128744,Yurii Reva,1,1,47,49,-2,96,2021-12-03 11:55:00,539913
V Kutin_105498,V Kutin,-3,0,20,33,-13,53,2021-12-03 11:59:00,539914
Oleh Stasevskyi_506422573,Oleh Stasevskyi,-2,0,27,36,-9,63,2021-12-03 12:00:00,539915
V Beliakov_105453,V Beliakov,-2,0,38,45,-7,83,2021-12-03 12:00:00,539916
Oleksandra Tsiupko_128931,Oleksandra Tsiupko,-1,0,53,61,-8,114,2021-12-03 12:00:00,539917
Petr Kubat_128881,Petr Kubat,-3,0,30,39,-9,69,2021-12-03 12:00:00,539918
F Just_23574,F Just,2,1,46,36,10,82,2021-12-03 12:02:00,539919
Vladyslav Ivanchatenko_1631844900,Vladyslav Ivanchatenko,-2,0,29,39,-10,68,2021-12-03 12:05:00,539920
Serhii Khandetskyi_128716,Serhii Khandetskyi,1,1,52,45,7,97,2021-12-03 12:05:00,539921
Andrii Troyan_1512724091,Andrii Troyan,-3,0,23,33,-10,56,2021-12-03 12:10:00,539922
Oleksandr Buberenko_128975,Oleksandr Buberenko,1,1,51,42,9,93,2021-12-03 12:10:00,539923
Maxim Naumchuk_1168348354,Maxim Naumchuk,-3,0,24,33,-9,57,2021-12-03 12:15:00,539924
Marat Yakubov_128731,Marat Yakubov,1,1,51,52,-1,103,2021-12-03 12:15:00,539925
Oleksandr Sulym_128986,Oleksandr Sulym,3,1,33,17,16,50,2021-12-03 12:20:00,539926
Vasyl Verbianyi_899063941,Vasyl Verbianyi,-1,0,44,48,-4,92,2021-12-03 12:20:00,539927
Stanislav Nikolenko_128702,Stanislav Nikolenko,2,1,42,35,7,77,2021-12-03 12:20:00,539928
I Poletaev_105538,I Poletaev,-2,0,33,41,-8,74,2021-12-03 12:23:00,539929
Denys Vakulenko_199403854,Denys Vakulenko,3,1,33,23,10,56,2021-12-03 12:25:00,539930
Andriy Bugay_173071984,Andriy Bugay,1,1,49,43,6,92,2021-12-03 12:25:00,539931
M Minkov_105454,M Minkov,-2,0,33,43,-10,76,2021-12-03 12:25:00,539932
Andrii Hrytsai_128745,Andrii Hrytsai,3,1,34,14,20,48,2021-12-03 12:25:00,539933
P Medvedev_105499,P Medvedev,1,1,46,42,4,88,2021-12-03 12:29:00,539934
Yana Mykhailyk_128932,Yana Mykhailyk,-2,0,26,42,-16,68,2021-12-03 12:30:00,539935
Serhii Kubrak_737533281,Serhii Kubrak,-2,0,26,41,-15,67,2021-12-03 12:30:00,539936
Frantisek Korenek_128882,Frantisek Korenek,-3,0,12,33,-21,45,2021-12-03 12:30:00,539937
Ihor Oranskyi_128936,Ihor Oranskyi,-2,0,31,42,-11,73,2021-12-03 12:35:00,539938
Mykola Zakladnyi_1221637568,Mykola Zakladnyi,-2,0,29,40,-11,69,2021-12-03 12:35:00,539939
V Waldhauser_23575,V Waldhauser,1,1,45,43,2,88,2021-12-03 12:35:00,539940
Yehor Riadynskyi_26318240,Yehor Riadynskyi,3,1,33,21,12,54,2021-12-03 12:40:00,539941
Rodion Kapinus_128976,Rodion Kapinus,-1,0,44,51,-7,95,2021-12-03 12:40:00,539942
Serhii Semenets_128732,Serhii Semenets,-2,0,33,38,-5,71,2021-12-03 12:45:00,539943
Artem Nesterenko_384736779,Artem Nesterenko,-2,0,39,48,-9,87,2021-12-03 12:45:00,539944
I Mihaylov_105455,I Mihaylov,-2,0,32,41,-9,73,2021-12-03 12:48:00,539945
V Evlampiev_105539,V Evlampiev,3,1,33,24,9,57,2021-12-03 12:49:00,539946
Mykola Treshchetka_994997179,Mykola Treshchetka,-2,0,34,43,-9,77,2021-12-03 12:50:00,539947
Andrii Skliarenko_128987,Andrii Skliarenko,1,1,48,47,1,95,2021-12-03 12:50:00,539948
Serhii Rak_128703,Serhii Rak,1,1,51,44,7,95,2021-12-03 12:50:00,539949
Vasyl Kushnir_2104400865,Vasyl Kushnir,-2,0,42,43,-1,85,2021-12-03 12:55:00,539950
Taras Bonishchuk_128746,Taras Bonishchuk,-2,0,36,42,-6,78,2021-12-03 12:55:00,539951
Yu Zaycev_105500,Yu Zaycev,-2,0,41,43,-2,84,2021-12-03 13:00:00,539952
Petr Kubat_128997,Petr Kubat,-3,0,28,34,-6,62,2021-12-03 13:00:00,539953
Aleksandr Redkov_1788231084,Aleksandr Redkov,1,1,49,39,10,88,2021-12-03 13:00:00,539954
Olena Nalisnikovska_128933,Olena Nalisnikovska,3,1,33,16,17,49,2021-12-03 13:00:00,539955
Eduard Rubtsov_1388843349,Eduard Rubtsov,-1,0,34,47,-13,81,2021-12-03 13:00:00,539956
Maksym Balakiriev_128718,Maksym Balakiriev,-3,0,19,33,-14,52,2021-12-03 13:05:00,539957
Vadym Komar_1574063889,Vadym Komar,-2,0,25,43,-18,68,2021-12-03 13:05:00,539958
Borys Buriak_1969455562,Borys Buriak,-1,0,39,44,-5,83,2021-12-03 13:10:00,539959
Yaroslav Strilnyk_128977,Yaroslav Strilnyk,-2,0,36,40,-4,76,2021-12-03 13:10:00,539960
Sr. Obeslo_23600,Sr. Obeslo,2,1,40,26,14,66,2021-12-03 13:12:00,539961
E Grishaev_105540,E Grishaev,3,1,36,25,11,61,2021-12-03 13:15:00,539962
Yehor Riadynskyi_969688356,Yehor Riadynskyi,3,1,33,15,18,48,2021-12-03 13:15:00,539963
Anatolii Kostenko_128733,Anatolii Kostenko,2,1,40,33,7,73,2021-12-03 13:15:00,539964
P Khramkov_105456,P Khramkov,1,1,46,46,0,92,2021-12-03 13:16:00,539965
Oleksandr Hordiichuk_128704,Oleksandr Hordiichuk,3,1,33,15,18,48,2021-12-03 13:20:00,539966
Artem Tkachenko_484635815,Artem Tkachenko,3,1,33,20,13,53,2021-12-03 13:20:00,539967
Oleksandr Kolbasenko_128988,Oleksandr Kolbasenko,3,1,33,21,12,54,2021-12-03 13:20:00,539968
Oleg Shevchuk_1770383980,Oleg Shevchuk,2,1,41,34,7,75,2021-12-03 13:25:00,539969
Oleksii Korobov_128747,Oleksii Korobov,-2,0,27,37,-10,64,2021-12-03 13:25:00,539970
Alina Novosad_128789,Alina Novosad,-3,0,14,33,-19,47,2021-12-03 13:30:00,539971
Vasyl Kushnir_1950669059,Vasyl Kushnir,2,1,35,35,0,70,2021-12-03 13:30:00,539972
Adam Khalaila_128998,Adam Khalaila,-1,0,49,54,-5,103,2021-12-03 13:30:00,539973
T Holik_23601,T Holik,-3,0,22,36,-14,58,2021-12-03 13:32:00,539974
P Medvedev_105501,P Medvedev,2,1,42,26,16,68,2021-12-03 13:33:00,539975
Serhii Skachenko_1474339592,Serhii Skachenko,-3,0,21,33,-12,54,2021-12-03 13:35:00,539976
Taras Yemelianov_128719,Taras Yemelianov,-2,0,33,45,-12,78,2021-12-03 13:35:00,539977
Anton Veliiev_1302965639,Anton Veliiev,3,1,36,29,7,65,2021-12-03 13:35:00,539978
Oleksandr Yarovoi_883500652,Oleksandr Yarovoi,-2,0,30,44,-14,74,2021-12-03 13:40:00,539979
Oleksandr Buberenko_128978,Oleksandr Buberenko,3,1,35,26,9,61,2021-12-03 13:40:00,539980
I Mihaylov_105457,I Mihaylov,1,1,49,41,8,90,2021-12-03 13:45:00,539981
Stefan Yakimenko_128734,Stefan Yakimenko,2,1,43,37,6,80,2021-12-03 13:45:00,539982
Petro Kolesnik_1146124531,Petro Kolesnik,1,1,48,32,16,80,2021-12-03 13:45:00,539983
V Evlampiev_105541,V Evlampiev,2,1,37,31,6,68,2021-12-03 13:49:00,539984
Nazarii Sydorak_128705,Nazarii Sydorak,-3,0,26,35,-9,61,2021-12-03 13:50:00,539985
Oleksandr Sulym_128989,Oleksandr Sulym,-2,0,35,42,-7,77,2021-12-03 13:50:00,539986
Vladyslav Ivanchatenko_464226834,Vladyslav Ivanchatenko,2,1,41,35,6,76,2021-12-03 13:50:00,539987
Yurii Volkov_1987592894,Yurii Volkov,1,1,46,44,2,90,2021-12-03 13:55:00,539988
Yurii Reva_128748,Yurii Reva,2,1,42,34,8,76,2021-12-03 13:55:00,539989
V Kutin_105502,V Kutin,-3,0,20,33,-13,53,2021-12-03 13:59:00,539990
Serhiy Tkachuk_761351689,Serhiy Tkachuk,1,1,55,45,10,100,2021-12-03 14:00:00,539991
Michal Raska_128883,Michal Raska,-2,0,30,42,-12,72,2021-12-03 14:00:00,539992
Ja Svoboda_23576,Ja Svoboda,-3,0,24,33,-9,57,2021-12-03 14:01:00,539993
Serhii Khandetskyi_128720,Serhii Khandetskyi,-3,0,19,33,-14,52,2021-12-03 14:05:00,539994
Alina Novosad_129099,Alina Novosad,3,1,35,24,11,59,2021-12-03 14:05:00,539995
Andrii Kotik_1181633708,Andrii Kotik,-3,0,25,37,-12,62,2021-12-03 14:05:00,539996
Michael Rikun_280188352,Michael Rikun,-3,0,19,33,-14,52,2021-12-03 14:10:00,539997
Oleksandr Buberenko_128979,Oleksandr Buberenko,1,1,52,49,3,101,2021-12-03 14:10:00,539998
Dmytro Alekseenko_70583302,Dmytro Alekseenko,2,1,42,32,10,74,2021-12-03 14:10:00,539999
M Minkov_105458,M Minkov,1,1,50,40,10,90,2021-12-03 14:15:00,540000
Kyrylo Yehorov_1661797444,Kyrylo Yehorov,-2,0,38,46,-8,84,2021-12-03 14:15:00,540001
Marat Yakubov_128735,Marat Yakubov,2,1,41,32,9,73,2021-12-03 14:15:00,540002
I Poletaev_105542,I Poletaev,-1,0,49,52,-3,101,2021-12-03 14:17:00,540003
Oleh Stasevskyi_989611456,Oleh Stasevskyi,-1,0,37,47,-10,84,2021-12-03 14:20:00,540004
Viktor Yevtodii_128990,Viktor Yevtodii,2,1,53,48,5,101,2021-12-03 14:20:00,540005
Serhii Rak_128706,Serhii Rak,3,1,35,27,8,62,2021-12-03 14:20:00,540006
Andrii Hrytsai_128749,Andrii Hrytsai,3,1,34,20,14,54,2021-12-03 14:25:00,540007
Serhii Zazymko_1568123706,Serhii Zazymko,3,1,35,22,13,57,2021-12-03 14:25:00,540008
V Kutin_105665,V Kutin,3,1,33,25,8,58,2021-12-03 14:29:00,540009
M Klement_23577,M Klement,-3,0,19,34,-15,53,2021-12-03 14:30:00,540010
Filip Vesely_128884,Filip Vesely,-1,0,44,49,-5,93,2021-12-03 14:30:00,540011
Artem Nesterenko_1475532861,Artem Nesterenko,-2,0,37,39,-2,76,2021-12-03 14:30:00,540012
Yevheniia Sozoniuk_129100,Yevheniia Sozoniuk,3,1,34,24,10,58,2021-12-03 14:35:00,540013
Maksym Balakiriev_128937,Maksym Balakiriev,3,1,33,19,14,52,2021-12-03 14:35:00,540014
Mykola Treshchetka_284715900,Mykola Treshchetka,-1,0,41,53,-12,94,2021-12-03 14:35:00,540015
Nazarii Danyliuk_1057015960,Nazarii Danyliuk,-2,0,43,48,-5,91,2021-12-03 14:40:00,540016
Yaroslav Strilnyk_128980,Yaroslav Strilnyk,-1,0,44,46,-2,90,2021-12-03 14:40:00,540017
Yevhen Pysmennyi_1439732293,Yevhen Pysmennyi,0,1,0,0,0,0,2021-12-03 14:40:00,540018
Michael Rikun_1220077599,Michael Rikun,1,1,53,46,7,99,2021-12-03 14:45:00,540019
Anatolii Kostenko_128736,Anatolii Kostenko,-2,0,29,40,-11,69,2021-12-03 14:45:00,540020
Lev Kuzyo_1442992119,Lev Kuzyo,3,1,33,19,14,52,2021-12-03 14:45:00,540021
Volodymyr Korobko_128707,Volodymyr Korobko,1,1,47,45,2,92,2021-12-03 14:50:00,540022
Dmytro Arzanov_1837989810,Dmytro Arzanov,2,1,39,31,8,70,2021-12-03 14:50:00,540023
M Minkov_105677,M Minkov,-1,0,50,52,-2,102,2021-12-03 14:51:00,540024
Taras Bonishchuk_128750,Taras Bonishchuk,-3,0,18,33,-15,51,2021-12-03 14:55:00,540025
Vasyl Shepel_1942265515,Vasyl Shepel,-1,0,47,52,-5,99,2021-12-03 14:55:00,540026
I Poletaev_105679,I Poletaev,2,1,42,35,7,77,2021-12-03 14:58:00,540027
Filip Vesely_128885,Filip Vesely,-1,0,44,48,-4,92,2021-12-03 15:00:00,540028
V Rachkov_105666,V Rachkov,1,1,45,43,2,88,2021-12-03 15:00:00,540029
D Salomon_23578,D Salomon,1,1,45,39,6,84,2021-12-03 15:00:00,540030
Vladyslav Ivanchatenko_1401290849,Vladyslav Ivanchatenko,-2,0,26,41,-15,67,2021-12-03 15:00:00,540031
Serhii Pitsyk_128722,Serhii Pitsyk,1,1,55,52,3,107,2021-12-03 15:05:00,540032
Andrii Troyan_284254347,Andrii Troyan,-3,0,18,33,-15,51,2021-12-03 15:05:00,540033
Oleksandr Kolbasenko_129207,Oleksandr Kolbasenko,1,1,50,40,10,90,2021-12-03 15:10:00,540034
Serhiy Tkachuk_255103507,Serhiy Tkachuk,2,1,43,33,10,76,2021-12-03 15:10:00,540035
Oleksandr Goncharuk_128737,Oleksandr Goncharuk,-2,0,34,43,-9,77,2021-12-03 15:15:00,540036
Andrii Kotik_548298124,Andrii Kotik,-1,0,42,45,-3,87,2021-12-03 15:15:00,540037
Anton Veliiev_690990320,Anton Veliiev,-1,0,49,44,5,93,2021-12-03 15:20:00,540038
Denys Vakulenko_1524674157,Denys Vakulenko,3,1,33,22,11,55,2021-12-03 15:20:00,540039
Serhii Rak_128708,Serhii Rak,3,1,34,22,12,56,2021-12-03 15:20:00,540040
N Kurilchik_105680,N Kurilchik,-2,0,23,37,-14,60,2021-12-03 15:22:00,540041
I Mihaylov_105678,I Mihaylov,-1,0,56,58,-2,114,2021-12-03 15:23:00,540042
Yurii Reva_128751,Yurii Reva,1,1,55,53,2,108,2021-12-03 15:25:00,540043
Vadym Komar_2052968513,Vadym Komar,1,1,44,35,9,79,2021-12-03 15:25:00,540044
M-l Regner_23579,M-l Regner,2,1,41,25,16,66,2021-12-03 15:30:00,540045
Borys Buriak_359655833,Borys Buriak,-1,0,45,46,-1,91,2021-12-03 15:30:00,540046
Michal Raska_128886,Michal Raska,-1,0,42,50,-8,92,2021-12-03 15:30:00,540047
V Zubkov_105503,V Zubkov,-3,0,17,33,-16,50,2021-12-03 15:31:00,540048
Vitalii Krivenko_2056347276,Vitalii Krivenko,-2,0,39,43,-4,82,2021-12-03 15:35:00,540049
Maksym Balakiriev_128723,Maksym Balakiriev,-2,0,27,42,-15,69,2021-12-03 15:35:00,540050
Iryna Yarushkina_302840634,Iryna Yarushkina,-2,0,34,40,-6,74,2021-12-03 15:40:00,540051
Viktor Yevtodii_129208,Viktor Yevtodii,2,1,38,30,8,68,2021-12-03 15:40:00,540052
Anatolii Kostenko_128738,Anatolii Kostenko,2,1,36,38,-2,74,2021-12-03 15:45:00,540053
Oleksii Tkachuk_1516390422,Oleksii Tkachuk,2,1,41,35,6,76,2021-12-03 15:50:00,540054
Stanislav Nikolenko_128709,Stanislav Nikolenko,-3,0,26,35,-9,61,2021-12-03 15:50:00,540055
E Voronkov_105543,E Voronkov,1,1,45,46,-1,91,2021-12-03 15:51:00,540056
A Klavdenkov_105459,A Klavdenkov,-1,0,45,47,-2,92,2021-12-03 15:54:00,540057
Mykhailo Presniakov_1776952786,Mykhailo Presniakov,2,1,47,39,8,86,2021-12-03 15:55:00,540058
Oleh Skoryk_128752,Oleh Skoryk,-2,0,39,42,-3,81,2021-12-03 15:55:00,540059
Oleksandr Yarovoi_193801560,Oleksandr Yarovoi,-1,0,44,47,-3,91,2021-12-03 16:00:00,540060
S Muslikov_105504,S Muslikov,2,1,39,35,4,74,2021-12-03 16:00:00,540061
Ondrej Konvalinka_128887,Ondrej Konvalinka,2,1,52,45,7,97,2021-12-03 16:00:00,540062
D Salomon_23580,D Salomon,-1,0,51,50,1,101,2021-12-03 16:01:00,540063
Ihor Oranskyi_128938,Ihor Oranskyi,-3,0,25,34,-9,59,2021-12-03 16:05:00,540064
Petro Kolesnik_23066856,Petro Kolesnik,1,1,49,50,-1,99,2021-12-03 16:05:00,540065
Zakharia Tiuliagin_834309450,Zakharia Tiuliagin,-3,0,23,34,-11,57,2021-12-03 16:10:00,540066
Serhii Semenets_128739,Serhii Semenets,3,1,34,19,15,53,2021-12-03 16:15:00,540067
Kateryna Alekseenko_1270964114,Kateryna Alekseenko,-1,0,46,50,-4,96,2021-12-03 16:15:00,540068
O Soldusov_105544,O Soldusov,1,1,50,48,2,98,2021-12-03 16:19:00,540069
Oleksandr Pinchuk_550117868,Oleksandr Pinchuk,-1,0,44,48,-4,92,2021-12-03 16:20:00,540070
Ivan Struk_128901,Ivan Struk,2,1,45,38,7,83,2021-12-03 16:20:00,540071
E Kryuchkov_105460,E Kryuchkov,3,1,37,29,8,66,2021-12-03 16:24:00,540072
Yaroslav Vorsuliak_781044552,Yaroslav Vorsuliak,-3,0,26,34,-8,60,2021-12-03 16:25:00,540073
Yurii Reva_128753,Yurii Reva,2,1,42,35,7,77,2021-12-03 16:25:00,540074
A Alekseyev_105505,A Alekseyev,1,1,52,42,10,94,2021-12-03 16:29:00,540075
Roman Zholubak_128755,Roman Zholubak,-2,0,39,44,-5,83,2021-12-03 16:30:00,540076
Michal Raska_128888,Michal Raska,3,1,36,27,9,63,2021-12-03 16:30:00,540077
Vadym Grushko_1581733164,Vadym Grushko,-3,0,30,44,-14,74,2021-12-03 16:30:00,540078
M Klement_23581,M Klement,2,1,39,31,8,70,2021-12-03 16:32:00,540079
Serhii Kubrak_827870364,Serhii Kubrak,-2,0,23,40,-17,63,2021-12-03 16:35:00,540080
Vitalii Kyilo_128954,Vitalii Kyilo,3,1,34,21,13,55,2021-12-03 16:35:00,540081
Mykola Zakladnyi_287156085,Mykola Zakladnyi,1,1,52,45,7,97,2021-12-03 16:40:00,540082
Anastasia Degteva_128790,Anastasia Degteva,3,1,33,20,13,53,2021-12-03 16:40:00,540083
Illia Semeniuk_602314935,Illia Semeniuk,2,1,43,34,9,77,2021-12-03 16:45:00,540084
Tumofii Arevkin_128800,Tumofii Arevkin,3,1,37,23,14,60,2021-12-03 16:45:00,540085
A Lisov_105461,A Lisov,2,1,42,39,3,81,2021-12-03 16:46:00,540086
Nazar Mosiuk_128902,Nazar Mosiuk,2,1,42,32,10,74,2021-12-03 16:50:00,540087
Iryna Yarushkina_1222445047,Iryna Yarushkina,-2,0,27,38,-11,65,2021-12-03 16:50:00,540088
Vladimir Malashevsky_742679883,Vladimir Malashevsky,1,1,50,40,10,90,2021-12-03 16:55:00,540089
Oleksii Korobov_128754,Oleksii Korobov,-2,0,35,39,-4,74,2021-12-03 16:55:00,540090
A Andreev_105545,A Andreev,2,1,40,34,6,74,2021-12-03 16:57:00,540091
Serhii Nemtsov_128756,Serhii Nemtsov,2,1,42,33,9,75,2021-12-03 17:00:00,540092
E Anisimov_105506,E Anisimov,2,1,42,33,9,75,2021-12-03 17:00:00,540093
Ja Svoboda_23626,Ja Svoboda,3,1,36,30,6,66,2021-12-03 17:00:00,540094
Oleksii Tkachuk_1137787266,Oleksii Tkachuk,3,1,33,10,23,43,2021-12-03 17:00:00,540095
Mykhailo Presniakov_939874266,Mykhailo Presniakov,1,1,53,46,7,99,2021-12-03 17:05:00,540096
Hryhorii Kulishov_128955,Hryhorii Kulishov,3,1,33,17,16,50,2021-12-03 17:05:00,540097
Liliia Nerush_128791,Liliia Nerush,-2,0,29,41,-12,70,2021-12-03 17:10:00,540098
Dmytro Arzanov_1577219663,Dmytro Arzanov,1,1,51,40,11,91,2021-12-03 17:10:00,540099
Bohdan Havryliuk_128801,Bohdan Havryliuk,-3,0,38,44,-6,82,2021-12-03 17:15:00,540100
Vasyl Shepel_709210653,Vasyl Shepel,2,1,38,24,14,62,2021-12-03 17:15:00,540101
K Olshakov_105462,K Olshakov,-2,0,33,45,-12,78,2021-12-03 17:15:00,540102
V Demidov_105546,V Demidov,-1,0,41,45,-4,86,2021-12-03 17:19:00,540103
Ivan Struk_128903,Ivan Struk,2,1,37,29,8,66,2021-12-03 17:20:00,540104
Vitalii Krivenko_2132736256,Vitalii Krivenko,-2,0,34,45,-11,79,2021-12-03 17:20:00,540105
Filip Vesely_129223,Filip Vesely,3,1,33,23,10,56,2021-12-03 17:20:00,540106
Kateryna Alekseenko_1780731871,Kateryna Alekseenko,2,1,41,27,14,68,2021-12-03 17:25:00,540107
Iryna Ahalakova_128815,Iryna Ahalakova,-3,0,20,33,-13,53,2021-12-03 17:25:00,540108
D Salomon_23627,D Salomon,-1,0,51,52,-1,103,2021-12-03 17:30:00,540109
Viacheslav Diachenko_128757,Viacheslav Diachenko,-2,0,40,49,-9,89,2021-12-03 17:30:00,540110
Oleksandr Pinchuk_51991513,Oleksandr Pinchuk,-3,0,11,33,-22,44,2021-12-03 17:30:00,540111
A Alekseyev_105507,A Alekseyev,2,1,46,37,9,83,2021-12-03 17:33:00,540112
Borys Kostiuk_128956,Borys Kostiuk,-1,0,38,50,-12,88,2021-12-03 17:35:00,540113
Petro Tsolik_353873068,Petro Tsolik,-2,0,26,38,-12,64,2021-12-03 17:35:00,540114
Andrii Kostiuk_717182993,Andrii Kostiuk,-2,0,26,41,-15,67,2021-12-03 17:40:00,540115
Anastasia Degteva_128792,Anastasia Degteva,-2,0,28,40,-12,68,2021-12-03 17:40:00,540116
Viktor Dushak_128802,Viktor Dushak,1,1,46,46,0,92,2021-12-03 17:45:00,540117
A Lisov_105463,A Lisov,-2,0,31,43,-12,74,2021-12-03 17:45:00,540118
Kyrylo Yehorov_2018935900,Kyrylo Yehorov,2,1,42,28,14,70,2021-12-03 17:45:00,540119
A Andreev_105547,A Andreev,2,1,49,46,3,95,2021-12-03 17:48:00,540120
Lukas Adamec_129224,Lukas Adamec,-2,0,34,38,-4,72,2021-12-03 17:50:00,540121
Denys Pesternikov_128904,Denys Pesternikov,-2,0,33,42,-9,75,2021-12-03 17:50:00,540122
Oleh Stasevskyi_860545995,Oleh Stasevskyi,-3,0,23,35,-12,58,2021-12-03 17:50:00,540123
Anastasiia Havelia_128816,Anastasiia Havelia,3,1,34,19,15,53,2021-12-03 17:55:00,540124
Illia Semeniuk_233670050,Illia Semeniuk,1,1,52,49,3,101,2021-12-03 17:55:00,540125
S Muslikov_105508,S Muslikov,3,1,33,17,16,50,2021-12-03 17:59:00,540126
Erik Mares_128889,Erik Mares,-2,0,29,45,-16,74,2021-12-03 18:00:00,540127
Serhii Nemtsov_128758,Serhii Nemtsov,3,1,36,23,13,59,2021-12-03 18:00:00,540128
Iryna Yarushkina_1942514343,Iryna Yarushkina,1,1,50,44,6,94,2021-12-03 18:00:00,540129
Hryhorii Kulishov_128957,Hryhorii Kulishov,-3,0,21,36,-15,57,2021-12-03 18:05:00,540130
Iurii Prokhoruk_1563355870,Iurii Prokhoruk,3,1,33,14,19,47,2021-12-03 18:05:00,540131
Aniuta Muliarchuk_128793,Aniuta Muliarchuk,2,1,39,30,9,69,2021-12-03 18:10:00,540132
Yaroslav Vorsuliak_1419068422,Yaroslav Vorsuliak,-1,0,47,50,-3,97,2021-12-03 18:10:00,540133
M Urban_23582,M Urban,-3,0,19,33,-14,52,2021-12-03 18:12:00,540134
Bohdan Havryliuk_128803,Bohdan Havryliuk,1,1,51,45,6,96,2021-12-03 18:15:00,540135
Vadym Grushko_1569784362,Vadym Grushko,-1,0,46,54,-8,100,2021-12-03 18:15:00,540136
E Kryuchkov_105464,E Kryuchkov,1,1,58,49,9,107,2021-12-03 18:16:00,540137
Dmytro Derevinskyi_1674193806,Dmytro Derevinskyi,1,1,51,41,10,92,2021-12-03 18:20:00,540138
O Soldusov_105548,O Soldusov,-1,0,45,49,-4,94,2021-12-03 18:20:00,540139
Nazar Mosiuk_128905,Nazar Mosiuk,-2,0,34,44,-10,78,2021-12-03 18:20:00,540140
Ihor Kuznetsov_2039503254,Ihor Kuznetsov,-3,0,15,33,-18,48,2021-12-03 18:25:00,540141
Iryna Tiutiunyk_128817,Iryna Tiutiunyk,3,1,33,19,14,52,2021-12-03 18:25:00,540142
Filip Ruzicka_128890,Filip Ruzicka,-2,0,34,46,-12,80,2021-12-03 18:30:00,540143
Roman Zholubak_128759,Roman Zholubak,1,1,43,42,1,85,2021-12-03 18:30:00,540144
Vitalii Krivenko_990390973,Vitalii Krivenko,2,1,42,34,8,76,2021-12-03 18:30:00,540145
V Zubkov_105713,V Zubkov,-3,0,25,33,-8,58,2021-12-03 18:31:00,540146
Vitalii Kyilo_128958,Vitalii Kyilo,2,1,37,29,8,66,2021-12-03 18:35:00,540147
Kateryna Hubanova_117583655,Kateryna Hubanova,2,1,40,35,5,75,2021-12-03 18:35:00,540148
M Cinibulk_23583,M Cinibulk,-2,0,35,48,-13,83,2021-12-03 18:35:00,540149
Liliia Nerush_128794,Liliia Nerush,-2,0,34,39,-5,73,2021-12-03 18:40:00,540150
Vladimir Malashevsky_1320699267,Vladimir Malashevsky,-1,0,52,49,3,101,2021-12-03 18:40:00,540151
Tumofii Arevkin_128804,Tumofii Arevkin,2,1,49,44,5,93,2021-12-03 18:45:00,540152
Oleksii Tkachuk_518194898,Oleksii Tkachuk,2,1,54,45,9,99,2021-12-03 18:45:00,540153
Mykhailo Presniakov_1374465832,Mykhailo Presniakov,-2,0,30,42,-12,72,2021-12-03 18:50:00,540154
Ivan Struk_128906,Ivan Struk,2,1,43,35,8,78,2021-12-03 18:50:00,540155
V Demidov_105715,V Demidov,-2,0,32,44,-12,76,2021-12-03 18:52:00,540156
Kyrylo Yehorov_1361529393,Kyrylo Yehorov,-1,0,47,47,0,94,2021-12-03 18:55:00,540157
Anastasiia Havelia_128818,Anastasiia Havelia,-1,0,49,52,-3,101,2021-12-03 18:55:00,540158
A Klavdenkov_105717,A Klavdenkov,-1,0,39,51,-12,90,2021-12-03 18:56:00,540159
Oleh Stasevskyi_1093839577,Oleh Stasevskyi,2,1,42,36,6,78,2021-12-03 19:00:00,540160
Filip Ruzicka_128891,Filip Ruzicka,-3,0,18,33,-15,51,2021-12-03 19:00:00,540161
S Muslikov_105714,S Muslikov,-3,0,22,34,-12,56,2021-12-03 19:00:00,540162
Anatolii Levshyn_128760,Anatolii Levshyn,1,1,47,45,2,92,2021-12-03 19:00:00,540163
Zakharia Tiuliagin_170327915,Zakharia Tiuliagin,-3,0,24,34,-10,58,2021-12-03 19:05:00,540164
Maksym Marchuk_128959,Maksym Marchuk,-3,0,36,44,-8,80,2021-12-03 19:05:00,540165
Ji Louda_23584,Ji Louda,3,1,34,21,13,55,2021-12-03 19:07:00,540166
Anastasia Degteva_128795,Anastasia Degteva,2,1,42,33,9,75,2021-12-03 19:10:00,540167
Kateryna Alekseenko_916665453,Kateryna Alekseenko,2,1,40,35,5,75,2021-12-03 19:10:00,540168
O Soldusov_105716,O Soldusov,3,1,33,22,11,55,2021-12-03 19:14:00,540169
Oleksandr Pinchuk_891232924,Oleksandr Pinchuk,-2,0,30,44,-14,74,2021-12-03 19:15:00,540170
Viktor Bereza_128805,Viktor Bereza,2,1,42,32,10,74,2021-12-03 19:15:00,540171
Petro Tsolik_339559323,Petro Tsolik,-3,0,24,33,-9,57,2021-12-03 19:20:00,540172
Nazar Mosiuk_128907,Nazar Mosiuk,-1,0,44,47,-3,91,2021-12-03 19:20:00,540173
Iryna Ahalakova_128819,Iryna Ahalakova,-3,0,21,33,-12,54,2021-12-03 19:25:00,540174
K Olshakov_105718,K Olshakov,-3,0,24,35,-11,59,2021-12-03 19:25:00,540175
Andrii Kostiuk_413963481,Andrii Kostiuk,2,1,43,32,11,75,2021-12-03 19:25:00,540176
Oleksandr Yarovoi_1434612667,Oleksandr Yarovoi,-2,0,37,41,-4,78,2021-12-03 19:30:00,540177
Viacheslav Diachenko_128761,Viacheslav Diachenko,1,1,56,49,7,105,2021-12-03 19:30:00,540178
D Salomon_23585,D Salomon,1,1,46,40,6,86,2021-12-03 19:30:00,540179
Erik Mares_128892,Erik Mares,1,1,48,45,3,93,2021-12-03 19:30:00,540180
S Kuzmin_105511,S Kuzmin,-3,0,21,35,-14,56,2021-12-03 19:31:00,540181
Petro Kolesnik_1738427359,Petro Kolesnik,3,1,33,22,11,55,2021-12-03 19:35:00,540182
Borys Kostiuk_128960,Borys Kostiuk,3,1,33,24,9,57,2021-12-03 19:35:00,540183
Illia Semeniuk_569715650,Illia Semeniuk,3,1,33,13,20,46,2021-12-03 19:40:00,540184
Liliia Nerush_128796,Liliia Nerush,-2,0,44,50,-6,94,2021-12-03 19:40:00,540185
Viktor Dushak_128806,Viktor Dushak,3,1,33,24,9,57,2021-12-03 19:45:00,540186
Iryna Yarushkina_201626085,Iryna Yarushkina,-3,0,22,33,-11,55,2021-12-03 19:45:00,540187
D Komarov_105549,D Komarov,3,1,33,24,9,57,2021-12-03 19:47:00,540188
I Soldatov_105465,I Soldatov,2,1,39,39,0,78,2021-12-03 19:49:00,540189
Denys Pesternikov_128908,Denys Pesternikov,2,1,40,35,5,75,2021-12-03 19:50:00,540190
Iurii Prokhoruk_182496042,Iurii Prokhoruk,-3,0,19,33,-14,52,2021-12-03 19:50:00,540191
Yaroslav Vorsuliak_1039067155,Yaroslav Vorsuliak,-2,0,33,42,-9,75,2021-12-03 19:55:00,540192
Olena Nikitchenko_128820,Olena Nikitchenko,3,1,33,20,13,53,2021-12-03 19:55:00,540193
D Tikhnenko_105512,D Tikhnenko,-2,0,30,45,-15,75,2021-12-03 20:00:00,540194
Jan Jr Krames_128893,Jan Jr Krames,-3,0,25,33,-8,58,2021-12-03 20:00:00,540195
Serhii Nemtsov_128762,Serhii Nemtsov,2,1,38,34,4,72,2021-12-03 20:00:00,540196
Vadym Grushko_558030364,Vadym Grushko,3,1,35,26,9,61,2021-12-03 20:00:00,540197
Ji Louda_23586,Ji Louda,-3,0,24,33,-9,57,2021-12-03 20:03:00,540198
Hryhorii Kulishov_128961,Hryhorii Kulishov,1,1,48,32,16,80,2021-12-03 20:05:00,540199
Serhii Pokidko_1838541414,Serhii Pokidko,-2,0,34,40,-6,74,2021-12-03 20:05:00,540200
Aniuta Muliarchuk_128797,Aniuta Muliarchuk,-3,0,25,36,-11,61,2021-12-03 20:10:00,540201
Vasyl Shepel_1531595512,Vasyl Shepel,2,1,44,36,8,80,2021-12-03 20:10:00,540202
Bohdan Panchenko_1330226761,Bohdan Panchenko,1,1,54,56,-2,110,2021-12-03 20:15:00,540203
Bohdan Havryliuk_128807,Bohdan Havryliuk,3,1,33,19,14,52,2021-12-03 20:15:00,540204
A Silantev_105550,A Silantev,1,1,51,43,8,94,2021-12-03 20:16:00,540205
V Bazilevskiy_105466,V Bazilevskiy,3,1,34,24,10,58,2021-12-03 20:19:00,540206
Kateryna Alekseenko_1397087670,Kateryna Alekseenko,3,1,33,16,17,49,2021-12-03 20:20:00,540207
Dmytro Lazuryk_128911,Dmytro Lazuryk,2,1,42,37,5,79,2021-12-03 20:20:00,540208
Ivan Struk_128909,Ivan Struk,2,1,42,31,11,73,2021-12-03 20:20:00,540209
Vladimir Malashevsky_1771361946,Vladimir Malashevsky,3,1,33,20,13,53,2021-12-03 20:25:00,540210
Iryna Tiutiunyk_128821,Iryna Tiutiunyk,2,1,46,40,6,86,2021-12-03 20:25:00,540211
M Cinibulk_23587,M Cinibulk,2,1,43,33,10,76,2021-12-03 20:29:00,540212
Volodymyr Ivasiv_827139127,Volodymyr Ivasiv,2,1,42,27,15,69,2021-12-03 20:30:00,540213
Erik Mares_128894,Erik Mares,-2,0,29,40,-11,69,2021-12-03 20:30:00,540214
Roman Zholubak_128763,Roman Zholubak,1,1,45,49,-4,94,2021-12-03 20:30:00,540215
V Chernov_105513,V Chernov,-1,0,44,51,-7,95,2021-12-03 20:30:00,540216
Vitalii Kyilo_128962,Vitalii Kyilo,-1,0,47,55,-8,102,2021-12-03 20:35:00,540217
Vіtalіy Krokhmal_1239633116,Vіtalіy Krokhmal,-1,0,47,54,-7,101,2021-12-03 20:35:00,540218
Anastasia Degteva_128798,Anastasia Degteva,-2,0,27,41,-14,68,2021-12-03 20:40:00,540219
Dmytro Derevinskyi_1513004586,Dmytro Derevinskyi,3,1,34,20,14,54,2021-12-03 20:40:00,540220
D Merzlikin_105551,D Merzlikin,-2,0,37,41,-4,78,2021-12-03 20:45:00,540221
Tumofii Arevkin_128808,Tumofii Arevkin,2,1,38,31,7,69,2021-12-03 20:45:00,540222
D Petrochenko_105467,D Petrochenko,-2,0,35,45,-10,80,2021-12-03 20:45:00,540223
Ihor Kuznetsov_106423853,Ihor Kuznetsov,2,1,40,33,7,73,2021-12-03 20:45:00,540224
Vitalii Krivenko_1921222746,Vitalii Krivenko,-2,0,34,42,-8,76,2021-12-03 20:50:00,540225
Yurii Kurishchenko_128912,Yurii Kurishchenko,3,1,33,17,16,50,2021-12-03 20:50:00,540226
Mykhailo Kistechko_128910,Mykhailo Kistechko,-2,0,38,45,-7,83,2021-12-03 20:50:00,540227
Anastasiia Havelia_128822,Anastasiia Havelia,-3,0,17,33,-16,50,2021-12-03 20:55:00,540228
Iryna Yarushkina_1055741635,Iryna Yarushkina,-3,0,16,33,-17,49,2021-12-03 20:55:00,540229
Oleksandr Mykhalus_1932060483,Oleksandr Mykhalus,-1,0,39,48,-9,87,2021-12-03 21:00:00,540230
Anatolii Levshyn_128764,Anatolii Levshyn,-2,0,41,43,-2,84,2021-12-03 21:00:00,540231
A Sadkov_105514,A Sadkov,2,1,39,32,7,71,2021-12-03 21:01:00,540232
M Urban_23628,M Urban,2,1,43,33,10,76,2021-12-03 21:02:00,540233
Oleksii Tkachuk_1078455057,Oleksii Tkachuk,-2,0,26,41,-15,67,2021-12-03 21:05:00,540234
Maksym Marchuk_128963,Maksym Marchuk,2,1,39,41,-2,80,2021-12-03 21:05:00,540235
Tamara Kravchuk_128799,Tamara Kravchuk,2,1,40,38,2,78,2021-12-03 21:10:00,540236
Mykhailo Presniakov_196804163,Mykhailo Presniakov,-2,0,31,37,-6,68,2021-12-03 21:10:00,540237
Viktor Bereza_128809,Viktor Bereza,2,1,36,33,3,69,2021-12-03 21:15:00,540238
Kyrylo Yehorov_1579666423,Kyrylo Yehorov,-1,0,54,56,-2,110,2021-12-03 21:15:00,540239
M Andrusenko_105468,M Andrusenko,-2,0,35,43,-8,78,2021-12-03 21:16:00,540240
A Frolov_105552,A Frolov,-3,0,25,33,-8,58,2021-12-03 21:16:00,540241
Dmytro Lazuryk_128913,Dmytro Lazuryk,-1,0,46,50,-4,96,2021-12-03 21:20:00,540242
Serhii Kiilo_1458609735,Serhii Kiilo,3,1,37,30,7,67,2021-12-03 21:20:00,540243
Iryna Ahalakova_128823,Iryna Ahalakova,-3,0,24,33,-9,57,2021-12-03 21:25:00,540244
Filip Ruzicka_129282,Filip Ruzicka,3,1,34,22,12,56,2021-12-03 21:25:00,540245
Vitalii Krivenko_893357024,Vitalii Krivenko,3,1,33,15,18,48,2021-12-03 21:25:00,540246
Mykhailo Kistechko_129284,Mykhailo Kistechko,2,1,42,36,6,78,2021-12-03 21:25:00,540247
Kateryna Alekseenko_2036644277,Kateryna Alekseenko,-2,0,35,40,-5,75,2021-12-03 21:30:00,540248
Viacheslav Diachenko_128765,Viacheslav Diachenko,2,1,40,39,1,79,2021-12-03 21:30:00,540249
Ji Louda_23629,Ji Louda,-3,0,28,35,-7,63,2021-12-03 21:31:00,540250
V Chernov_105515,V Chernov,-3,0,22,33,-11,55,2021-12-03 21:31:00,540251
Oleksandr Pinchuk_1211343442,Oleksandr Pinchuk,-3,0,22,33,-11,55,2021-12-03 21:35:00,540252
Borys Kostiuk_128964,Borys Kostiuk,-2,0,25,39,-14,64,2021-12-03 21:35:00,540253
Petro Tsolik_1763385420,Petro Tsolik,-1,0,46,54,-8,100,2021-12-03 21:40:00,540254
D Merzlikin_105553,D Merzlikin,-1,0,43,44,-1,87,2021-12-03 21:45:00,540255
Mykhailo Presniakov_2140442513,Mykhailo Presniakov,1,1,48,42,6,90,2021-12-03 21:45:00,540256
Viktor Dushak_128810,Viktor Dushak,3,1,34,22,12,56,2021-12-03 21:45:00,540257
D Petrochenko_105469,D Petrochenko,3,1,33,25,8,58,2021-12-03 21:47:00,540258
Ivan Fedoryshyn_128914,Ivan Fedoryshyn,1,1,45,41,4,86,2021-12-03 21:50:00,540259
Illia Yanishevskiy_808225826,Illia Yanishevskiy,-3,0,18,33,-15,51,2021-12-03 21:50:00,540260
Tamara Kravchuk_129286,Tamara Kravchuk,1,1,54,45,9,99,2021-12-03 21:50:00,540261
Krystof Prida_129283,Krystof Prida,3,1,33,20,13,53,2021-12-03 21:55:00,540262
Olena Nikitchenko_128824,Olena Nikitchenko,3,1,33,15,18,48,2021-12-03 21:55:00,540263
Oleksandr Brezytskyi_1509582080,Oleksandr Brezytskyi,1,1,46,41,5,87,2021-12-03 21:55:00,540264
Yaroslav Kravets_129285,Yaroslav Kravets,-3,0,24,34,-10,58,2021-12-03 21:55:00,540265
Bohdan Panchenko_1148519918,Bohdan Panchenko,-2,0,38,40,-2,78,2021-12-03 22:00:00,540266
D Tikhnenko_105516,D Tikhnenko,2,1,45,38,7,83,2021-12-03 22:00:00,540267
Roman Zholubak_128766,Roman Zholubak,1,1,45,44,1,89,2021-12-03 22:00:00,540268
Martin Stusek_128895,Martin Stusek,-2,0,31,42,-11,73,2021-12-03 22:00:00,540269
M Parizek_23588,M Parizek,-3,0,24,34,-10,58,2021-12-03 22:04:00,540270
Vitalii Kyilo_128965,Vitalii Kyilo,1,1,49,50,-1,99,2021-12-03 22:05:00,540271
Kateryna Hubanova_1007472133,Kateryna Hubanova,-1,0,44,46,-2,90,2021-12-03 22:05:00,540272
Oleksandr Mykhalus_1048444189,Oleksandr Mykhalus,-2,0,31,44,-13,75,2021-12-03 22:10:00,540273
V Bazilevskiy_105470,V Bazilevskiy,-2,0,31,42,-11,73,2021-12-03 22:15:00,540274
Tumofii Arevkin_128811,Tumofii Arevkin,-2,0,32,42,-10,74,2021-12-03 22:15:00,540275
Volodymyr Ivasiv_1522182569,Volodymyr Ivasiv,1,1,50,44,6,94,2021-12-03 22:15:00,540276
A Silantev_105554,A Silantev,1,1,48,44,4,92,2021-12-03 22:16:00,540277
Yurii Kurishchenko_128915,Yurii Kurishchenko,-2,0,35,41,-6,76,2021-12-03 22:20:00,540278
Vadym Grushko_939234192,Vadym Grushko,-3,0,21,33,-12,54,2021-12-03 22:20:00,540279
Maryna Slashchova_129287,Maryna Slashchova,1,1,49,49,0,98,2021-12-03 22:20:00,540280
Illia Yanishevskiy_655503152,Illia Yanishevskiy,-3,0,27,34,-7,61,2021-12-03 22:25:00,540281
Iryna Tiutiunyk_128825,Iryna Tiutiunyk,2,1,46,34,12,80,2021-12-03 22:25:00,540282
Tomas Vorisek_128896,Tomas Vorisek,-1,0,47,50,-3,97,2021-12-03 22:30:00,540283
Yaroslav Ivanytsia_889844814,Yaroslav Ivanytsia,-2,0,31,41,-10,72,2021-12-03 22:30:00,540284
Ja Boruvka_23589,Ja Boruvka,-2,0,39,45,-6,84,2021-12-03 22:30:00,540285
S Kuzmin_105719,S Kuzmin,-1,0,46,48,-2,94,2021-12-03 22:31:00,540286
Pavlo Khakhamidi_128966,Pavlo Khakhamidi,-2,0,30,40,-10,70,2021-12-03 22:35:00,540287
Vladimir Malashevsky_187536627,Vladimir Malashevsky,-2,0,33,44,-11,77,2021-12-03 22:45:00,540288
Ihor Dmytruk_128812,Ihor Dmytruk,2,1,36,29,7,65,2021-12-03 22:45:00,540289
M Andrusenko_105723,M Andrusenko,2,1,41,34,7,75,2021-12-03 22:46:00,540290
D Merzlikin_105721,D Merzlikin,-2,0,41,44,-3,85,2021-12-03 22:47:00,540291
Dmytro Lazuryk_128916,Dmytro Lazuryk,-3,0,22,33,-11,55,2021-12-03 22:50:00,540292
Iryna Ahalakova_128826,Iryna Ahalakova,-2,0,34,42,-8,76,2021-12-03 22:55:00,540293
Tomas Vorisek_128897,Tomas Vorisek,2,1,43,42,1,85,2021-12-03 23:00:00,540294
Oleksandr Brezytskyi_1116249585,Oleksandr Brezytskyi,2,1,38,32,6,70,2021-12-03 23:00:00,540295
Roman Zholubak_128768,Roman Zholubak,3,1,33,20,13,53,2021-12-03 23:00:00,540296
V Chernov_105720,V Chernov,2,1,43,33,10,76,2021-12-03 23:03:00,540297
Jo Medek_23590,Jo Medek,2,1,44,26,18,70,2021-12-03 23:03:00,540298
Vitalii Kyilo_128967,Vitalii Kyilo,3,1,33,22,11,55,2021-12-03 23:05:00,540299
Illia Yanishevskiy_2110230706,Illia Yanishevskiy,-2,0,31,43,-12,74,2021-12-03 23:05:00,540300
D Komarov_105722,D Komarov,2,1,43,40,3,83,2021-12-03 23:15:00,540301
Tumofii Arevkin_128813,Tumofii Arevkin,-1,0,49,48,1,97,2021-12-03 23:15:00,540302
V Bazilevskiy_105724,V Bazilevskiy,-1,0,44,47,-3,91,2021-12-03 23:16:00,540303
Yurii Kurishchenko_128917,Yurii Kurishchenko,2,1,42,31,11,73,2021-12-03 23:20:00,540304
Hanna Babii_128827,Hanna Babii,-1,0,42,46,-4,88,2021-12-03 23:25:00,540305
Serhii Nemtsov_128769,Serhii Nemtsov,-1,0,48,56,-8,104,2021-12-03 23:30:00,540306
Martin Stusek_128898,Martin Stusek,-2,0,34,42,-8,76,2021-12-03 23:30:00,540307
P Silhan_23591,P Silhan,1,1,42,47,-5,89,2021-12-03 23:32:00,540308
S Ogai_105521,S Ogai,2,1,42,34,8,76,2021-12-03 23:33:00,540309
Yaroslav Ivanytsia_1814096699,Yaroslav Ivanytsia,-1,0,40,46,-6,86,2021-12-03 23:35:00,540310
Hryhorii Kulishov_128968,Hryhorii Kulishov,-1,0,44,49,-5,93,2021-12-03 23:35:00,540311
Oleksandr Brezytskyi_251115604,Oleksandr Brezytskyi,1,1,44,49,-5,93,2021-12-03 23:40:00,540312
Bohdan Havryliuk_128814,Bohdan Havryliuk,-2,0,36,41,-5,77,2021-12-03 23:45:00,540313
Andrey Krysak_203439062,Andrey Krysak,-1,0,42,50,-8,92,2021-12-03 23:45:00,540314
Ivan Fedoryshyn_128918,Ivan Fedoryshyn,1,1,44,42,2,86,2021-12-03 23:50:00,540315
D Balakin_105471,D Balakin,-1,0,46,43,3,89,2021-12-03 23:50:00,540316
A Golyshev_105555,A Golyshev,-1,0,49,49,0,98,2021-12-03 23:51:00,540317
Iryna Ahalakova_128828,Iryna Ahalakova,-3,0,19,35,-16,54,2021-12-03 23:55:00,540318
Yaroslav Vorsuliak_1880020221,Yaroslav Vorsuliak,-3,0,16,33,-17,49,2021-12-04 00:00:00,540319
T Turabekov_109673,T Turabekov,-1,0,42,47,-5,89,2021-12-04 00:03:00,540320
Maxim Suvorov_138137,Maxim Suvorov,2,1,41,27,14,68,2021-12-04 00:05:00,540321
V Safonov_109707,V Safonov,1,1,53,52,1,105,2021-12-04 00:14:00,540322
V Chahur_109639,V Chahur,3,1,34,26,8,60,2021-12-04 00:15:00,540323
Rustam Halimbaiev_137714,Rustam Halimbaiev,2,1,37,30,7,67,2021-12-04 00:25:00,540324
T Vorisek_24621,T Vorisek,-2,0,28,40,-12,68,2021-12-04 00:28:00,540325
Serhii Dovzhenko_138139,Serhii Dovzhenko,3,1,33,24,9,57,2021-12-04 00:30:00,540326
Ihor Petryshyn_1168902030,Ihor Petryshyn,-1,0,46,52,-6,98,2021-12-04 00:30:00,540327
A Uezdin_109674,A Uezdin,3,1,34,19,15,53,2021-12-04 00:32:00,540328
Lubomir Kriz_138138,Lubomir Kriz,2,1,34,32,2,66,2021-12-04 00:35:00,540329
D Molodtsov_109640,D Molodtsov,3,1,33,12,21,45,2021-12-04 00:45:00,540330
R Kobytov_109708,R Kobytov,2,1,42,27,15,69,2021-12-04 00:46:00,540331
Ja Boruvka_24622,Ja Boruvka,2,1,35,31,4,66,2021-12-04 00:53:00,540332
Yevhenii Sokoltsov_137715,Yevhenii Sokoltsov,-3,0,17,34,-17,51,2021-12-04 00:55:00,540333
Valerii Hries_138140,Valerii Hries,1,1,56,47,9,103,2021-12-04 01:00:00,540334
P Semeshin_109675,P Semeshin,3,1,33,14,19,47,2021-12-04 01:00:00,540335
Oleksii Tkachuk_498057218,Oleksii Tkachuk,-3,0,16,33,-17,49,2021-12-04 01:00:00,540336
B Grebenyuk_109709,B Grebenyuk,3,1,33,19,14,52,2021-12-04 01:15:00,540337
M Minkov_109641,M Minkov,-1,0,39,41,-2,80,2021-12-04 01:15:00,540338
Mykola Polysynskyi_137716,Mykola Polysynskyi,2,1,35,35,0,70,2021-12-04 01:25:00,540339
Yaroslav Vorsuliak_2055317699,Yaroslav Vorsuliak,-3,0,16,33,-17,49,2021-12-04 01:30:00,540340
T Turabekov_109676,T Turabekov,-3,0,23,36,-13,59,2021-12-04 01:31:00,540341
V Safonov_109710,V Safonov,-1,0,38,49,-11,87,2021-12-04 01:45:00,540342
V Chahur_109642,V Chahur,2,1,41,30,11,71,2021-12-04 01:45:00,540343
Yevhenii Sokoltsov_137717,Yevhenii Sokoltsov,3,1,34,25,9,59,2021-12-04 01:55:00,540344
Ihor Petryshyn_1953769864,Ihor Petryshyn,-1,0,43,46,-3,89,2021-12-04 02:00:00,540345
P Semeshin_109677,P Semeshin,-1,0,48,47,1,95,2021-12-04 02:03:00,540346
B Grebenyuk_109711,B Grebenyuk,2,1,42,34,8,76,2021-12-04 02:16:00,540347
M Minkov_109643,M Minkov,2,1,38,30,8,68,2021-12-04 02:17:00,540348
Rustam Halimbaiev_137718,Rustam Halimbaiev,1,1,46,41,5,87,2021-12-04 02:25:00,540349
Oleksii Tkachuk_1800340717,Oleksii Tkachuk,-2,0,34,42,-8,76,2021-12-04 02:30:00,540350
K Churin_109678,K Churin,1,1,53,39,14,92,2021-12-04 02:32:00,540351
A Tsitselskii_109712,A Tsitselskii,-3,0,18,33,-15,51,2021-12-04 02:45:00,540352
O Kutuzov_109644,O Kutuzov,1,1,53,46,7,99,2021-12-04 02:45:00,540353
Pavlo Volkov_137719,Pavlo Volkov,3,1,33,21,12,54,2021-12-04 02:55:00,540354
Maksym Mykytiuk_2076819364,Maksym Mykytiuk,3,1,33,25,8,58,2021-12-04 03:00:00,540355
A Uezdin_109679,A Uezdin,-1,0,44,50,-6,94,2021-12-04 03:05:00,540356
R Kobytov_109713,R Kobytov,-1,0,42,49,-7,91,2021-12-04 03:15:00,540357
D Molodtsov_109645,D Molodtsov,3,1,34,22,12,56,2021-12-04 03:21:00,540358
Mykola Polysynskyi_137720,Mykola Polysynskyi,-2,0,45,45,0,90,2021-12-04 03:25:00,540359
Yaroslav Vorsuliak_702943586,Yaroslav Vorsuliak,-3,0,14,33,-19,47,2021-12-04 03:30:00,540360
S Ogai_109680,S Ogai,-1,0,46,43,3,89,2021-12-04 03:33:00,540361
A Golyshev_109714,A Golyshev,1,1,50,45,5,95,2021-12-04 03:44:00,540362
I Mihaylov_109646,I Mihaylov,-3,0,24,37,-13,61,2021-12-04 03:45:00,540363
Yevhenii Sokoltsov_137721,Yevhenii Sokoltsov,-2,0,28,42,-14,70,2021-12-04 03:55:00,540364
Oleksii Tkachuk_2139930345,Oleksii Tkachuk,-3,0,22,33,-11,55,2021-12-04 04:00:00,540365
K Churin_109681,K Churin,-2,0,29,40,-11,69,2021-12-04 04:03:00,540366
O Kutuzov_109647,O Kutuzov,3,1,33,18,15,51,2021-12-04 04:16:00,540367
A Tsitselskii_109715,A Tsitselskii,-1,0,56,58,-2,114,2021-12-04 04:17:00,540368
Rustam Halimbaiev_137722,Rustam Halimbaiev,2,1,42,34,8,76,2021-12-04 04:25:00,540369
Serhij Maksymiv_29923330,Serhij Maksymiv,-2,0,35,40,-5,75,2021-12-04 04:30:00,540370
S Ogai_109860,S Ogai,-1,0,47,46,1,93,2021-12-04 04:31:00,540371
M Minkov_109862,M Minkov,2,1,42,39,3,81,2021-12-04 04:45:00,540372
A Golyshev_109864,A Golyshev,-2,0,25,40,-15,65,2021-12-04 04:51:00,540373
Pavlo Volkov_137723,Pavlo Volkov,3,1,37,25,12,62,2021-12-04 04:55:00,540374
P Semeshin_109861,P Semeshin,-1,0,43,48,-5,91,2021-12-04 05:04:00,540375
R Kobytov_109865,R Kobytov,-2,0,34,42,-8,76,2021-12-04 05:15:00,540376
V Chahur_109863,V Chahur,-2,0,45,54,-9,99,2021-12-04 05:15:00,540377
Mykola Polysynskyi_137724,Mykola Polysynskyi,-3,0,24,36,-12,60,2021-12-04 05:25:00,540378
Rustam Halimbaiev_137725,Rustam Halimbaiev,-1,0,44,51,-7,95,2021-12-04 05:55:00,540379
Ruslan Onishchenko_137726,Ruslan Onishchenko,2,1,46,40,6,86,2021-12-04 06:25:00,540380
Rustam Halimbaiev_137727,Rustam Halimbaiev,3,1,35,25,10,60,2021-12-04 06:55:00,540381
Yevhenii Sokoltsov_137728,Yevhenii Sokoltsov,-3,0,16,33,-17,49,2021-12-04 07:25:00,540382
S Ovechkin_109780,S Ovechkin,-2,0,36,43,-7,79,2021-12-04 07:33:00,540383
I Meteleshko_109746,I Meteleshko,1,1,46,38,8,84,2021-12-04 07:48:00,540384
I Tolmachev_109816,I Tolmachev,1,1,47,46,1,93,2021-12-04 07:49:00,540385
Igor Sukovatyi_220450033,Igor Sukovatyi,2,1,40,24,16,64,2021-12-04 07:50:00,540386
Valentyn Bondar_137873,Valentyn Bondar,-3,0,18,33,-15,51,2021-12-04 07:50:00,540387
Mykola Treshchetka_1761880247,Mykola Treshchetka,-2,0,40,44,-4,84,2021-12-04 07:55:00,540388
Roman Zholubak_137858,Roman Zholubak,3,1,33,21,12,54,2021-12-04 08:00:00,540389
A Duka_109781,A Duka,-2,0,37,46,-9,83,2021-12-04 08:01:00,540390
Roman Hnoievoi_138114,Roman Hnoievoi,3,1,33,15,18,48,2021-12-04 08:05:00,540391
Tetyana Mudrak_138104,Tetyana Mudrak,3,1,33,19,14,52,2021-12-04 08:10:00,540392
Oleh Yurenev_138094,Oleh Yurenev,1,1,50,45,5,95,2021-12-04 08:15:00,540393
A Zabrodin_109747,A Zabrodin,-3,0,16,33,-17,49,2021-12-04 08:19:00,540394
A Klavdenkov_109817,A Klavdenkov,-1,0,47,49,-2,96,2021-12-04 08:19:00,540395
Mykhailo Hlaholev_137874,Mykhailo Hlaholev,-3,0,19,34,-15,53,2021-12-04 08:20:00,540396
Serhii Skachenko_1560750335,Serhii Skachenko,1,1,49,39,10,88,2021-12-04 08:25:00,540397
Oleksii Degtiariov_137859,Oleksii Degtiariov,2,1,44,28,16,72,2021-12-04 08:30:00,540398
Bohdan Zaika_1530011123,Bohdan Zaika,2,1,38,30,8,68,2021-12-04 08:30:00,540399
I Sergeevich_109782,I Sergeevich,1,1,49,47,2,96,2021-12-04 08:33:00,540400
Dmytro Rehotun_138115,Dmytro Rehotun,-1,0,48,50,-2,98,2021-12-04 08:35:00,540401
Viacheslav Sereda_1538947522,Viacheslav Sereda,-3,0,26,34,-8,60,2021-12-04 08:35:00,540402
Artem Nesterenko_1951677910,Artem Nesterenko,-1,0,49,49,0,98,2021-12-04 08:40:00,540403
Yaroslava Pachich_138105,Yaroslava Pachich,3,1,33,22,11,55,2021-12-04 08:40:00,540404
Oleksandr Osadchyi_138095,Oleksandr Osadchyi,-3,0,23,35,-12,58,2021-12-04 08:45:00,540405
V Zubkov_109748,V Zubkov,2,1,38,32,6,70,2021-12-04 08:45:00,540406
Andrii Tsikhotskyi_804991143,Andrii Tsikhotskyi,-2,0,34,42,-8,76,2021-12-04 08:45:00,540407
Nazarii Kovalchuk_443137981,Nazarii Kovalchuk,-3,0,24,34,-10,58,2021-12-04 08:50:00,540408
Vasyl Kondratenko_138012,Vasyl Kondratenko,-3,0,19,34,-15,53,2021-12-04 08:50:00,540409
Vladyslav-Ivan Sheremeta_137875,Vladyslav-Ivan Sheremeta,2,1,39,31,8,70,2021-12-04 08:50:00,540410
Kostiantyn Kovalchuk_138079,Kostiantyn Kovalchuk,-2,0,26,35,-9,61,2021-12-04 08:55:00,540411
Halyna Telna_1987934142,Halyna Telna,1,1,49,46,3,95,2021-12-04 08:55:00,540412
Spartak Abalmaz_1974543987,Spartak Abalmaz,3,1,33,24,9,57,2021-12-04 08:55:00,540413
A Lisov_109818,A Lisov,3,1,33,21,12,54,2021-12-04 08:56:00,540414
Mykhailo Mosiuk_137860,Mykhailo Mosiuk,-1,0,44,51,-7,95,2021-12-04 09:00:00,540415
Ruslan Ivanov_1805768614,Ruslan Ivanov,1,1,43,49,-6,92,2021-12-04 09:00:00,540416
Frantisek Camr_137978,Frantisek Camr,-2,0,35,39,-4,74,2021-12-04 09:00:00,540417
Jo Belovsky_24593,Jo Belovsky,-1,0,50,51,-1,101,2021-12-04 09:01:00,540418
Oleksandr Lykhytskyi_138116,Oleksandr Lykhytskyi,3,1,34,25,9,59,2021-12-04 09:05:00,540419
Mykola Treshchetka_83379719,Mykola Treshchetka,2,1,39,27,12,66,2021-12-04 09:05:00,540420
O Belugin_109783,O Belugin,2,1,40,37,3,77,2021-12-04 09:07:00,540421
Anton Myrza_751583554,Anton Myrza,1,1,52,48,4,100,2021-12-04 09:10:00,540422
Tetyana Mudrak_138106,Tetyana Mudrak,3,1,33,19,14,52,2021-12-04 09:10:00,540423
Andrii Isaiev_1914766348,Andrii Isaiev,3,1,33,11,22,44,2021-12-04 09:15:00,540424
Oleh Yurenev_138096,Oleh Yurenev,-2,0,34,36,-2,70,2021-12-04 09:15:00,540425
I Iskenderov_109749,I Iskenderov,2,1,38,22,16,60,2021-12-04 09:16:00,540426
S Simonov_109819,S Simonov,2,1,40,26,14,66,2021-12-04 09:18:00,540427
Mykhailo Hlaholev_137876,Mykhailo Hlaholev,-3,0,20,33,-13,53,2021-12-04 09:20:00,540428
Valeriy Kolesnykov_138013,Valeriy Kolesnykov,-1,0,44,46,-2,90,2021-12-04 09:20:00,540429
Oleksandr Kostiuk_1437234796,Oleksandr Kostiuk,-2,0,26,41,-15,67,2021-12-04 09:20:00,540430
Volodymyr Plishylo_1816610487,Volodymyr Plishylo,-3,0,19,33,-14,52,2021-12-04 09:25:00,540431
Hennadii Portnov_138080,Hennadii Portnov,3,1,33,20,13,53,2021-12-04 09:25:00,540432
Jan Jr Krames_137979,Jan Jr Krames,-1,0,44,50,-6,94,2021-12-04 09:30:00,540433
Oleksii Degtiariov_137861,Oleksii Degtiariov,3,1,33,18,15,51,2021-12-04 09:30:00,540434
Dmytro Derevinskyi_2033294433,Dmytro Derevinskyi,3,1,33,21,12,54,2021-12-04 09:30:00,540435
Nataliia Khmilevska_2116560601,Nataliia Khmilevska,2,1,48,34,14,82,2021-12-04 09:30:00,540436
Serhii Skachenko_37035046,Serhii Skachenko,1,1,56,47,9,103,2021-12-04 09:35:00,540437
Dmytro Rehotun_138117,Dmytro Rehotun,1,1,53,42,11,95,2021-12-04 09:35:00,540438
I Sergeevich_109784,I Sergeevich,1,1,50,38,12,88,2021-12-04 09:37:00,540439
Polina Nerush_138107,Polina Nerush,2,1,36,34,2,70,2021-12-04 09:40:00,540440
Borys Buriak_529898493,Borys Buriak,2,1,45,31,14,76,2021-12-04 09:40:00,540441
Ja Prokupek_24594,Ja Prokupek,1,1,48,45,3,93,2021-12-04 09:42:00,540442
Serhii Semenets_138097,Serhii Semenets,-3,0,22,33,-11,55,2021-12-04 09:45:00,540443
Viacheslav Sereda_687362640,Viacheslav Sereda,1,1,53,49,4,102,2021-12-04 09:45:00,540444
Valeriy Kolesnykov_138014,Valeriy Kolesnykov,-1,0,41,46,-5,87,2021-12-04 09:50:00,540445
Andrii Isaiev_1807671421,Andrii Isaiev,3,1,33,19,14,52,2021-12-04 09:50:00,540446
V Zubkov_109750,V Zubkov,2,1,37,32,5,69,2021-12-04 09:50:00,540447
Valentyn Bondar_137877,Valentyn Bondar,2,1,45,37,8,82,2021-12-04 09:50:00,540448
A Lisov_109820,A Lisov,-3,0,20,33,-13,53,2021-12-04 09:51:00,540449
Yevhen Khurtak_138081,Yevhen Khurtak,-1,0,45,48,-3,93,2021-12-04 09:55:00,540450
Andrii Tsikhotskyi_1241551984,Andrii Tsikhotskyi,3,1,33,12,21,45,2021-12-04 09:55:00,540451
Roman Zholubak_137862,Roman Zholubak,-1,0,48,53,-5,101,2021-12-04 10:00:00,540452
Jan Jr Krames_137980,Jan Jr Krames,-2,0,33,43,-10,76,2021-12-04 10:00:00,540453
Nazarii Kovalchuk_19411835,Nazarii Kovalchuk,2,1,39,31,8,70,2021-12-04 10:00:00,540454
A Duka_109785,A Duka,1,1,48,42,6,90,2021-12-04 10:03:00,540455
Roman Hnoievoi_138118,Roman Hnoievoi,1,1,46,43,3,89,2021-12-04 10:05:00,540456
Spartak Abalmaz_2012923919,Spartak Abalmaz,-2,0,39,47,-8,86,2021-12-04 10:05:00,540457
Halyna Telna_1590854200,Halyna Telna,2,1,41,32,9,73,2021-12-04 10:05:00,540458
Yaroslava Pachich_138108,Yaroslava Pachich,-3,0,15,34,-19,49,2021-12-04 10:10:00,540459
Igor Sukovatyi_327803236,Igor Sukovatyi,1,1,49,43,6,92,2021-12-04 10:10:00,540460
jr. Milata_24595,jr. Milata,-1,0,50,48,2,98,2021-12-04 10:14:00,540461
Oleksandr Osadchyi_138098,Oleksandr Osadchyi,-1,0,48,52,-4,100,2021-12-04 10:15:00,540462
Bohdan Zaika_2097769896,Bohdan Zaika,-3,0,16,33,-17,49,2021-12-04 10:15:00,540463
A Klavdenkov_109821,A Klavdenkov,-1,0,40,45,-5,85,2021-12-04 10:18:00,540464
Vasyl Moshovskyi_137878,Vasyl Moshovskyi,-2,0,34,42,-8,76,2021-12-04 10:20:00,540465
Vasyl Kondratenko_137814,Vasyl Kondratenko,-2,0,32,43,-11,75,2021-12-04 10:20:00,540466
Volodymyr Tsyhanenko_70650155,Volodymyr Tsyhanenko,2,1,45,32,13,77,2021-12-04 10:20:00,540467
A Zabrodin_109751,A Zabrodin,1,1,54,48,6,102,2021-12-04 10:21:00,540468
Artem Nesterenko_410420038,Artem Nesterenko,-1,0,45,53,-8,98,2021-12-04 10:25:00,540469
Hennadii Portnov_138082,Hennadii Portnov,1,1,51,39,12,90,2021-12-04 10:25:00,540470
Serhii Hilitukha_2135297789,Serhii Hilitukha,-2,0,29,41,-12,70,2021-12-04 10:30:00,540471
Oleksandr Ivashkin_137863,Oleksandr Ivashkin,-2,0,38,40,-2,78,2021-12-04 10:30:00,540472
Frantisek Camr_137981,Frantisek Camr,-3,0,15,33,-18,48,2021-12-04 10:30:00,540473
Roman Makarenko_138119,Roman Makarenko,-2,0,34,44,-10,78,2021-12-04 10:35:00,540474
Andrii Hordii_1574363351,Andrii Hordii,-3,0,28,35,-7,63,2021-12-04 10:35:00,540475
Ulyana Palamarchuk_1298754055,Ulyana Palamarchuk,-1,0,51,53,-2,104,2021-12-04 10:40:00,540476
Pavlo Plushch_1868620896,Pavlo Plushch,3,1,33,23,10,56,2021-12-04 10:40:00,540477
Tetyana Mudrak_138109,Tetyana Mudrak,-3,0,19,33,-14,52,2021-12-04 10:40:00,540478
S Ovechkin_109866,S Ovechkin,-2,0,34,42,-8,76,2021-12-04 10:41:00,540479
Oleh Yurenev_138099,Oleh Yurenev,1,1,52,48,4,100,2021-12-04 10:45:00,540480
Andrii Datsenko_261036032,Andrii Datsenko,3,1,33,20,13,53,2021-12-04 10:45:00,540481
A Klavdenkov_109868,A Klavdenkov,-2,0,31,40,-9,71,2021-12-04 10:49:00,540482
L Adamec_24596,L Adamec,2,1,44,36,8,80,2021-12-04 10:49:00,540483
Bohdan Havryliuk_138015,Bohdan Havryliuk,-2,0,28,42,-14,70,2021-12-04 10:50:00,540484
Mykola Treshchetka_1921808520,Mykola Treshchetka,-3,0,16,33,-17,49,2021-12-04 10:50:00,540485
Vladyslav-Ivan Sheremeta_137879,Vladyslav-Ivan Sheremeta,-2,0,37,45,-8,82,2021-12-04 10:50:00,540486
Kostiantyn Kovalchuk_138083,Kostiantyn Kovalchuk,-2,0,36,43,-7,79,2021-12-04 10:55:00,540487
Anton Myrza_564221987,Anton Myrza,-3,0,18,33,-15,51,2021-12-04 10:55:00,540488
Dmytro Belanchyk_1925364272,Dmytro Belanchyk,1,1,45,41,4,86,2021-12-04 11:00:00,540489
Tomas Vorisek_137982,Tomas Vorisek,-2,0,31,39,-8,70,2021-12-04 11:00:00,540490
Mykhailo Mosiuk_137864,Mykhailo Mosiuk,1,1,51,43,8,94,2021-12-04 11:00:00,540491
A Zabrodin_109870,A Zabrodin,3,1,33,24,9,57,2021-12-04 11:00:00,540492
Oleksandr Lykhytskyi_138120,Oleksandr Lykhytskyi,3,1,33,16,17,49,2021-12-04 11:05:00,540493
Oleksandr Kostiuk_1740469318,Oleksandr Kostiuk,2,1,42,34,8,76,2021-12-04 11:05:00,540494
O Belugin_109867,O Belugin,-2,0,33,43,-10,76,2021-12-04 11:10:00,540495
Yaroslava Pachich_138110,Yaroslava Pachich,3,1,33,17,16,50,2021-12-04 11:10:00,540496
Volodymyr Plishylo_1900774236,Volodymyr Plishylo,-2,0,37,45,-8,82,2021-12-04 11:10:00,540497
Oleksandr Osadchyi_138100,Oleksandr Osadchyi,-3,0,20,33,-13,53,2021-12-04 11:15:00,540498
jr. Milata_24597,jr. Milata,-3,0,17,33,-16,50,2021-12-04 11:15:00,540499
Dmytro Derevinskyi_946780560,Dmytro Derevinskyi,2,1,38,34,4,72,2021-12-04 11:15:00,540500
Nataliia Khmilevska_1454723897,Nataliia Khmilevska,3,1,33,19,14,52,2021-12-04 11:15:00,540501
A Lisov_109869,A Lisov,-3,0,18,33,-15,51,2021-12-04 11:18:00,540502
Vasyl Kondratenko_138016,Vasyl Kondratenko,2,1,42,38,4,80,2021-12-04 11:20:00,540503
Mykhailo Hlaholev_137880,Mykhailo Hlaholev,-1,0,43,48,-5,91,2021-12-04 11:20:00,540504
Ruslan Ivanov_94098201,Ruslan Ivanov,-2,0,36,39,-3,75,2021-12-04 11:20:00,540505
I Iskenderov_109871,I Iskenderov,2,1,38,31,7,69,2021-12-04 11:22:00,540506
Borys Buriak_518131112,Borys Buriak,3,1,33,20,13,53,2021-12-04 11:25:00,540507
Oleksii Korobov_138084,Oleksii Korobov,2,1,41,27,14,68,2021-12-04 11:25:00,540508
Ja Prokupek_24598,Ja Prokupek,-1,0,36,52,-16,88,2021-12-04 11:30:00,540509
Oleksii Degtiariov_137865,Oleksii Degtiariov,2,1,42,33,9,75,2021-12-04 11:30:00,540510
Viacheslav Sereda_491321827,Viacheslav Sereda,-2,0,35,42,-7,77,2021-12-04 11:30:00,540511
Frantisek Camr_137983,Frantisek Camr,-3,0,16,33,-17,49,2021-12-04 11:30:00,540512
Artem Nesterenko_2038067789,Artem Nesterenko,-3,0,18,33,-15,51,2021-12-04 11:35:00,540513
Dmytro Rehotun_138121,Dmytro Rehotun,2,1,40,37,3,77,2021-12-04 11:35:00,540514
M Dukhin_109786,M Dukhin,-1,0,54,56,-2,110,2021-12-04 11:38:00,540515
Andrii Tsikhotskyi_746478041,Andrii Tsikhotskyi,-2,0,34,41,-7,75,2021-12-04 11:40:00,540516
Polina Nerush_138111,Polina Nerush,-2,0,39,44,-5,83,2021-12-04 11:40:00,540517
Serhii Semenets_138101,Serhii Semenets,2,1,45,37,8,82,2021-12-04 11:45:00,540518
Nazarii Kovalchuk_817956871,Nazarii Kovalchuk,2,1,43,34,9,77,2021-12-04 11:45:00,540519
S Nikulin_109822,S Nikulin,1,1,59,51,8,110,2021-12-04 11:49:00,540520
Andrii Obishchenko_138017,Andrii Obishchenko,-3,0,23,33,-10,56,2021-12-04 11:50:00,540521
Valentyn Bondar_137881,Valentyn Bondar,3,1,34,15,19,49,2021-12-04 11:50:00,540522
Halyna Telna_1875770021,Halyna Telna,3,1,33,16,17,49,2021-12-04 11:50:00,540523
Spartak Abalmaz_519744895,Spartak Abalmaz,2,1,40,32,8,72,2021-12-04 11:50:00,540524
S Ogai_109752,S Ogai,-2,0,41,45,-4,86,2021-12-04 11:53:00,540525
Serhii Skachenko_1264001067,Serhii Skachenko,-1,0,38,48,-10,86,2021-12-04 11:55:00,540526
Yevhen Khurtak_138085,Yevhen Khurtak,-3,0,25,33,-8,58,2021-12-04 11:55:00,540527
Bohdan Zaika_564094177,Bohdan Zaika,3,1,33,23,10,56,2021-12-04 12:00:00,540528
Roman Zholubak_137866,Roman Zholubak,3,1,34,25,9,59,2021-12-04 12:00:00,540529
Jan Jr Krames_138144,Jan Jr Krames,-2,0,33,36,-3,69,2021-12-04 12:00:00,540530
Roman Hnoievoi_138122,Roman Hnoievoi,-3,0,26,33,-7,59,2021-12-04 12:05:00,540531
Volodymyr Tsyhanenko_1128806204,Volodymyr Tsyhanenko,3,1,33,15,18,48,2021-12-04 12:05:00,540532
V Kutin_109787,V Kutin,1,1,43,48,-5,91,2021-12-04 12:08:00,540533
jr. Milata_24623,jr. Milata,-1,0,44,53,-9,97,2021-12-04 12:09:00,540534
Tetyana Mudrak_138112,Tetyana Mudrak,2,1,41,28,13,69,2021-12-04 12:10:00,540535
Anatolii Zapletniuk_662347310,Anatolii Zapletniuk,2,1,44,35,9,79,2021-12-04 12:10:00,540536
Oleh Yurenev_138102,Oleh Yurenev,1,1,52,50,2,102,2021-12-04 12:15:00,540537
Serhii Hilitukha_239414315,Serhii Hilitukha,2,1,40,25,15,65,2021-12-04 12:15:00,540538
Andrii Hordii_1310146683,Andrii Hordii,-2,0,36,46,-10,82,2021-12-04 12:20:00,540539
I Novikov_109753,I Novikov,-2,0,31,40,-9,71,2021-12-04 12:20:00,540540
Vasyl Moshovskyi_137882,Vasyl Moshovskyi,3,1,38,30,8,68,2021-12-04 12:20:00,540541
Valeriy Kolesnykov_138018,Valeriy Kolesnykov,-3,0,22,33,-11,55,2021-12-04 12:20:00,540542
Ulyana Palamarchuk_1336299224,Ulyana Palamarchuk,-1,0,42,47,-5,89,2021-12-04 12:25:00,540543
Hennadii Portnov_138086,Hennadii Portnov,2,1,36,29,7,65,2021-12-04 12:25:00,540544
Pavlo Plushch_932415335,Pavlo Plushch,1,1,44,41,3,85,2021-12-04 12:25:00,540545
Igor Sukovatyi_275156945,Igor Sukovatyi,3,1,36,22,14,58,2021-12-04 12:30:00,540546
Jakub Merta_138145,Jakub Merta,-2,0,32,40,-8,72,2021-12-04 12:30:00,540547
N Lyfenko_109823,N Lyfenko,2,1,39,39,0,78,2021-12-04 12:30:00,540548
Oleksandr Ivashkin_137867,Oleksandr Ivashkin,3,1,33,13,20,46,2021-12-04 12:30:00,540549
Roman Makarenko_138123,Roman Makarenko,3,1,35,24,11,59,2021-12-04 12:35:00,540550
Oleh Obidnyi_690817088,Oleh Obidnyi,-2,0,26,39,-13,65,2021-12-04 12:35:00,540551
E Makarenkov_109788,E Makarenkov,3,1,33,22,11,55,2021-12-04 12:39:00,540552
Anzhela Sydorko_138113,Anzhela Sydorko,-3,0,26,35,-9,61,2021-12-04 12:40:00,540553
Anton Myrza_678118057,Anton Myrza,2,1,44,34,10,78,2021-12-04 12:40:00,540554
Jo Belovsky_24624,Jo Belovsky,-3,0,23,35,-12,58,2021-12-04 12:43:00,540555
Vitalii Mukhin_138103,Vitalii Mukhin,2,1,38,33,5,71,2021-12-04 12:45:00,540556
Artem Nesterenko_2037965425,Artem Nesterenko,-2,0,36,42,-6,78,2021-12-04 12:45:00,540557
A Lobanov_109754,A Lobanov,3,1,33,21,12,54,2021-12-04 12:47:00,540558
Oleksandr Kostiuk_1224866582,Oleksandr Kostiuk,-2,0,28,43,-15,71,2021-12-04 12:50:00,540559
Vladyslav-Ivan Sheremeta_137883,Vladyslav-Ivan Sheremeta,-3,0,19,33,-14,52,2021-12-04 12:50:00,540560
Bohdan Havryliuk_137819,Bohdan Havryliuk,-1,0,40,45,-5,85,2021-12-04 12:50:00,540561
Volodymyr Plishylo_2097867302,Volodymyr Plishylo,2,1,42,31,11,73,2021-12-04 12:55:00,540562
Kostiantyn Kovalchuk_138087,Kostiantyn Kovalchuk,-2,0,38,43,-5,81,2021-12-04 12:55:00,540563
Petr Chlumsky_137984,Petr Chlumsky,-2,0,33,42,-9,75,2021-12-04 13:00:00,540564
Dmytro Derevinskyi_107221092,Dmytro Derevinskyi,-2,0,35,41,-6,76,2021-12-04 13:00:00,540565
Nataliia Khmilevska_412710297,Nataliia Khmilevska,-2,0,35,40,-5,75,2021-12-04 13:00:00,540566
Mykhailo Mosiuk_137868,Mykhailo Mosiuk,3,1,33,24,9,57,2021-12-04 13:00:00,540567
T Razinkov_109824,T Razinkov,-2,0,32,44,-12,76,2021-12-04 13:02:00,540568
A Mohnachev_109789,A Mohnachev,-2,0,33,43,-10,76,2021-12-04 13:02:00,540569
Oleksandr Lykhytskyi_138124,Oleksandr Lykhytskyi,-3,0,19,33,-14,52,2021-12-04 13:05:00,540570
Andrii Datsenko_1457680549,Andrii Datsenko,-1,0,44,48,-4,92,2021-12-04 13:05:00,540571
M Cinibulk_24599,M Cinibulk,3,1,33,19,14,52,2021-12-04 13:08:00,540572
Mykola Treshchetka_2096605653,Mykola Treshchetka,-1,0,41,51,-10,92,2021-12-04 13:10:00,540573
Yevhenii Holoborodko_675744806,Yevhenii Holoborodko,-2,0,38,41,-3,79,2021-12-04 13:15:00,540574
P Semeshin_109755,P Semeshin,2,1,42,34,8,76,2021-12-04 13:19:00,540575
Valentyn Bondar_137884,Valentyn Bondar,-1,0,44,43,1,87,2021-12-04 13:20:00,540576
Polina Nerush_138146,Polina Nerush,3,1,35,25,10,60,2021-12-04 13:20:00,540577
Andrii Obishchenko_138019,Andrii Obishchenko,-3,0,20,33,-13,53,2021-12-04 13:20:00,540578
Artem Nesterenko_1124825822,Artem Nesterenko,-3,0,17,33,-16,50,2021-12-04 13:20:00,540579
M Lysenko_109872,M Lysenko,-2,0,7,24,-17,31,2021-12-04 13:20:00,540580
Oleksii Korobov_138088,Oleksii Korobov,-3,0,24,33,-9,57,2021-12-04 13:25:00,540581
Mykola Tovkach_93980948,Mykola Tovkach,1,1,48,43,5,91,2021-12-04 13:25:00,540582
D Petrochenko_109825,D Petrochenko,-1,0,38,47,-9,85,2021-12-04 13:26:00,540583
Vasyl Kushnir_1881372335,Vasyl Kushnir,-3,0,20,34,-14,54,2021-12-04 13:30:00,540584
Josef Ruzicka_138141,Josef Ruzicka,-3,0,21,33,-12,54,2021-12-04 13:30:00,540585
Roman Zholubak_137869,Roman Zholubak,-1,0,47,48,-1,95,2021-12-04 13:30:00,540586
Oleksandr Bryzhevatyi_138150,Oleksandr Bryzhevatyi,-3,0,21,33,-12,54,2021-12-04 13:30:00,540587
Sr. Korp_24600,Sr. Korp,-3,0,31,37,-6,68,2021-12-04 13:30:00,540588
E Makarenkov_109790,E Makarenkov,-3,0,23,33,-10,56,2021-12-04 13:31:00,540589
Roman Hnoievoi_138125,Roman Hnoievoi,-1,0,41,51,-10,92,2021-12-04 13:35:00,540590
Oleksandr Dziabura_1377865230,Oleksandr Dziabura,2,1,39,34,5,73,2021-12-04 13:35:00,540591
Anna Spiridonova_1896875570,Anna Spiridonova,-3,0,17,34,-17,51,2021-12-04 13:35:00,540592
Ruslan Ivanov_505582965,Ruslan Ivanov,2,1,37,32,5,69,2021-12-04 13:40:00,540593
O Aratskaya_109873,O Aratskaya,2,1,22,13,9,35,2021-12-04 13:40:00,540594
Oleh Obidnyi_1726662206,Oleh Obidnyi,-1,0,50,50,0,100,2021-12-04 13:45:00,540595
A Lobanov_109756,A Lobanov,-1,0,46,46,0,92,2021-12-04 13:47:00,540596
Andrii Obishchenko_138020,Andrii Obishchenko,1,1,54,49,5,103,2021-12-04 13:50:00,540597
Viacheslav Sereda_1757043881,Viacheslav Sereda,-3,0,23,34,-11,57,2021-12-04 13:50:00,540598
Mykhailo Urban_137885,Mykhailo Urban,-1,0,48,55,-7,103,2021-12-04 13:50:00,540599
Nadiia Kovtun_138147,Nadiia Kovtun,-2,0,25,42,-17,67,2021-12-04 13:50:00,540600
T Razinkov_109826,T Razinkov,-3,0,20,33,-13,53,2021-12-04 13:54:00,540601
Anatolii Zapletniuk_367182399,Anatolii Zapletniuk,2,1,43,32,11,75,2021-12-04 13:55:00,540602
Yevhen Khurtak_138089,Yevhen Khurtak,-1,0,36,43,-7,79,2021-12-04 13:55:00,540603
Josef Ruzicka_137986,Josef Ruzicka,-2,0,38,45,-7,83,2021-12-04 14:00:00,540604
V Pak_109874,V Pak,-2,0,26,37,-11,63,2021-12-04 14:00:00,540605
Andrii Tsikhotskyi_1820118295,Andrii Tsikhotskyi,1,1,50,47,3,97,2021-12-04 14:00:00,540606
Andrii Lukatskyi_137870,Andrii Lukatskyi,-1,0,41,51,-10,92,2021-12-04 14:00:00,540607
Vitalii Mukhin_138151,Vitalii Mukhin,3,1,33,18,15,51,2021-12-04 14:00:00,540608
V Waldhauser_24601,V Waldhauser,1,1,47,40,7,87,2021-12-04 14:00:00,540609
V Kutin_109791,V Kutin,-2,0,36,43,-7,79,2021-12-04 14:02:00,540610
Nazarii Kovalchuk_89928341,Nazarii Kovalchuk,-1,0,49,50,-1,99,2021-12-04 14:05:00,540611
Serhii Chelpanov_138126,Serhii Chelpanov,-3,0,25,34,-9,59,2021-12-04 14:05:00,540612
Halyna Telna_2018798489,Halyna Telna,-1,0,43,42,1,85,2021-12-04 14:10:00,540613
Spartak Abalmaz_1793845663,Spartak Abalmaz,1,1,45,44,1,89,2021-12-04 14:10:00,540614
Igor Sukovatyi_731822603,Igor Sukovatyi,-1,0,40,44,-4,84,2021-12-04 14:15:00,540615
N Lyfenko_109827,N Lyfenko,1,1,41,36,5,77,2021-12-04 14:17:00,540616
I Novikov_109757,I Novikov,2,1,44,32,12,76,2021-12-04 14:19:00,540617
Bohdan Havryliuk_138021,Bohdan Havryliuk,-2,0,24,40,-16,64,2021-12-04 14:20:00,540618
Borys Buriak_959514879,Borys Buriak,-2,0,36,44,-8,80,2021-12-04 14:20:00,540619
Valentyn Bondar_137886,Valentyn Bondar,-1,0,46,46,0,92,2021-12-04 14:20:00,540620
O Aratskaya_109875,O Aratskaya,-2,0,9,23,-14,32,2021-12-04 14:20:00,540621
Yevhenii Holoborodko_675638082,Yevhenii Holoborodko,-2,0,38,50,-12,88,2021-12-04 14:25:00,540622
Kostiantyn Kovalchuk_138090,Kostiantyn Kovalchuk,-3,0,17,33,-16,50,2021-12-04 14:25:00,540623
Roman Zholubak_137871,Roman Zholubak,2,1,39,35,4,74,2021-12-04 14:30:00,540624
Andrii Isaiev_124222599,Andrii Isaiev,3,1,34,22,12,56,2021-12-04 14:30:00,540625
Petr Chlumsky_138142,Petr Chlumsky,1,1,56,53,3,109,2021-12-04 14:30:00,540626
M Svedik_24602,M Svedik,-3,0,26,36,-10,62,2021-12-04 14:31:00,540627
Roman Hnoievoi_138127,Roman Hnoievoi,-2,0,32,42,-10,74,2021-12-04 14:35:00,540628
Oleksandr Kostiuk_1923598263,Oleksandr Kostiuk,-2,0,32,37,-5,69,2021-12-04 14:35:00,540629
Nazarii Kovalchuk_574408201,Nazarii Kovalchuk,1,1,48,42,6,90,2021-12-04 14:40:00,540630
M Dukhin_109922,M Dukhin,1,1,42,42,0,84,2021-12-04 14:42:00,540631
Oleksandr Dziabura_1033480115,Oleksandr Dziabura,-1,0,41,48,-7,89,2021-12-04 14:45:00,540632
Anna Spiridonova_1896563986,Anna Spiridonova,-2,0,28,39,-11,67,2021-12-04 14:45:00,540633
S Ogai_109932,S Ogai,-2,0,28,37,-9,65,2021-12-04 14:47:00,540634
T Razinkov_109924,T Razinkov,-1,0,42,51,-9,93,2021-12-04 14:48:00,540635
Mykhailo Hlaholev_137887,Mykhailo Hlaholev,2,1,43,39,4,82,2021-12-04 14:50:00,540636
Anton Veliiev_455558064,Anton Veliiev,2,1,40,34,6,74,2021-12-04 14:50:00,540637
Vitalii Sydorenko_138091,Vitalii Sydorenko,2,1,39,30,9,69,2021-12-04 14:55:00,540638
Volodymyr Tsyhanenko_1471892308,Volodymyr Tsyhanenko,-1,0,42,43,-1,85,2021-12-04 15:00:00,540639
Miloslav Kuba_138143,Miloslav Kuba,1,1,44,40,4,84,2021-12-04 15:00:00,540640
V Waldhauser_24603,V Waldhauser,-1,0,47,49,-2,96,2021-12-04 15:00:00,540641
Oleksii Degtiariov_137872,Oleksii Degtiariov,-3,0,17,33,-16,50,2021-12-04 15:00:00,540642
Dmytro Rehotun_138128,Dmytro Rehotun,-2,0,39,47,-8,86,2021-12-04 15:05:00,540643
Anatolii Zapletniuk_778053481,Anatolii Zapletniuk,-2,0,29,37,-8,66,2021-12-04 15:05:00,540644
Serhii Hilitukha_1021641882,Serhii Hilitukha,-2,0,32,39,-7,71,2021-12-04 15:10:00,540645
V Kutin_109923,V Kutin,3,1,33,20,13,53,2021-12-04 15:12:00,540646
Volodymyr Plishylo_250018937,Volodymyr Plishylo,-1,0,49,52,-3,101,2021-12-04 15:15:00,540647
A Lobanov_109933,A Lobanov,-1,0,47,47,0,94,2021-12-04 15:17:00,540648
S Nikulin_109925,S Nikulin,1,1,55,53,2,108,2021-12-04 15:18:00,540649
Oleh Hudyma_138070,Oleh Hudyma,2,1,41,35,6,76,2021-12-04 15:20:00,540650
Dmytro Derevinskyi_1394668939,Dmytro Derevinskyi,3,1,35,25,10,60,2021-12-04 15:20:00,540651
Halyna Telna_1223322435,Halyna Telna,-3,0,23,33,-10,56,2021-12-04 15:20:00,540652
Kostiantyn Kovalchuk_138092,Kostiantyn Kovalchuk,1,1,50,50,0,100,2021-12-04 15:25:00,540653
Igor Sukovatyi_2146864858,Igor Sukovatyi,-2,0,35,40,-5,75,2021-12-04 15:25:00,540654
Sr. Korp_24604,Sr. Korp,-1,0,47,44,3,91,2021-12-04 15:30:00,540655
Petr Chlumsky_137989,Petr Chlumsky,1,1,49,46,3,95,2021-12-04 15:30:00,540656
Svitlana Yureneva_137938,Svitlana Yureneva,3,1,33,17,16,50,2021-12-04 15:30:00,540657
E Anisimov_109792,E Anisimov,1,1,50,45,5,95,2021-12-04 15:35:00,540658
Yevhenii Sokoltsov_137923,Yevhenii Sokoltsov,-3,0,25,33,-8,58,2021-12-04 15:35:00,540659
Vladyslav Ivanchatenko_1232638218,Vladyslav Ivanchatenko,-1,0,45,44,1,89,2021-12-04 15:35:00,540660
Artem Yurkov_138061,Artem Yurkov,-3,0,25,35,-10,60,2021-12-04 15:40:00,540661
Tatiana Tatianina_1339826756,Tatiana Tatianina,-2,0,32,44,-12,76,2021-12-04 15:40:00,540662
Vladyslav Stukalov_138051,Vladyslav Stukalov,-3,0,28,35,-7,63,2021-12-04 15:45:00,540663
Valerii Tatarynov_936407664,Valerii Tatarynov,1,1,60,54,6,114,2021-12-04 15:50:00,540664
Serhii Kunynets_137949,Serhii Kunynets,-1,0,40,50,-10,90,2021-12-04 15:50:00,540665
O Belugin_109758,O Belugin,1,1,52,46,6,98,2021-12-04 15:53:00,540666
P Medvedev_109828,P Medvedev,-3,0,17,33,-16,50,2021-12-04 15:55:00,540667
Hennadii Portnov_138093,Hennadii Portnov,3,1,33,15,18,48,2021-12-04 15:55:00,540668
Mykhailo Presniakov_754627686,Mykhailo Presniakov,-1,0,49,57,-8,106,2021-12-04 15:55:00,540669
Oleksandra Tsiupko_137939,Oleksandra Tsiupko,2,1,43,34,9,77,2021-12-04 16:00:00,540670
Serhii Skachenko_1670147445,Serhii Skachenko,3,1,36,22,14,58,2021-12-04 16:00:00,540671
M Svedik_24655,M Svedik,3,1,42,35,7,77,2021-12-04 16:05:00,540672
Mykola Polysynskyi_137924,Mykola Polysynskyi,-1,0,38,41,-3,79,2021-12-04 16:05:00,540673
Nikita Vilenchyts_138062,Nikita Vilenchyts,-2,0,26,40,-14,66,2021-12-04 16:10:00,540674
Mykhailo Sokur_1711115726,Mykhailo Sokur,2,1,44,36,8,80,2021-12-04 16:10:00,540675
Oleh Ponomarenko_138052,Oleh Ponomarenko,-1,0,45,47,-2,92,2021-12-04 16:15:00,540676
V Zubkov_109793,V Zubkov,-2,0,33,43,-10,76,2021-12-04 16:15:00,540677
Alina Kurtenko_1074013251,Alina Kurtenko,-1,0,44,47,-3,91,2021-12-04 16:15:00,540678
V Beliakov_109829,V Beliakov,-2,0,38,45,-7,83,2021-12-04 16:17:00,540679
Andrii Kotik_5119010,Andrii Kotik,-3,0,25,33,-8,58,2021-12-04 16:20:00,540680
Ivan Pytsko_138071,Ivan Pytsko,3,1,37,27,10,64,2021-12-04 16:20:00,540681
Grygoriy Kuzmenko_1359882799,Grygoriy Kuzmenko,-2,0,37,46,-9,83,2021-12-04 16:25:00,540682
Taras Bonishchuk_138036,Taras Bonishchuk,-3,0,22,33,-11,55,2021-12-04 16:25:00,540683
A Poprocky_109759,A Poprocky,-1,0,50,56,-6,106,2021-12-04 16:27:00,540684
Dmytro Arzanov_708086366,Dmytro Arzanov,2,1,41,35,6,76,2021-12-04 16:30:00,540685
Svitlana Yureneva_137940,Svitlana Yureneva,-2,0,40,46,-6,86,2021-12-04 16:30:00,540686
M Cinibulk_24656,M Cinibulk,-2,0,32,39,-7,71,2021-12-04 16:34:00,540687
Anton Riabukhin_232337399,Anton Riabukhin,2,1,43,44,-1,87,2021-12-04 16:35:00,540688
Josef Ruzicka_138237,Josef Ruzicka,3,1,33,16,17,49,2021-12-04 16:35:00,540689
Pavlo Volkov_137925,Pavlo Volkov,1,1,51,47,4,98,2021-12-04 16:35:00,540690
Vitalii Vovk_702571660,Vitalii Vovk,-3,0,19,33,-14,52,2021-12-04 16:40:00,540691
Artem Yurkov_138063,Artem Yurkov,-2,0,37,43,-6,80,2021-12-04 16:40:00,540692
M Sverdlov_109794,M Sverdlov,3,1,33,14,19,47,2021-12-04 16:44:00,540693
Vladyslav Stukalov_138053,Vladyslav Stukalov,3,1,35,29,6,64,2021-12-04 16:45:00,540694
Mykhailo Sokur_1404107282,Mykhailo Sokur,-2,0,29,40,-11,69,2021-12-04 16:45:00,540695
I Abelmasov_109830,I Abelmasov,-1,0,46,48,-2,94,2021-12-04 16:47:00,540696
Serhii Kunynets_138072,Serhii Kunynets,3,1,42,35,7,77,2021-12-04 16:50:00,540697
Tatiana Tatianina_844023347,Tatiana Tatianina,3,1,33,21,12,54,2021-12-04 16:50:00,540698
Dmitriy Pereyaslovskyi_138037,Dmitriy Pereyaslovskyi,-3,0,18,34,-16,52,2021-12-04 16:55:00,540699
Andrii Baklykov_522861733,Andrii Baklykov,-2,0,43,51,-8,94,2021-12-04 16:55:00,540700
A Vorozheykin_109760,A Vorozheykin,-2,0,30,43,-13,73,2021-12-04 16:57:00,540701
Valerii Tatarynov_1401804091,Valerii Tatarynov,2,1,37,37,0,74,2021-12-04 17:00:00,540702
Yuliia Tryhub_137941,Yuliia Tryhub,2,1,41,32,9,73,2021-12-04 17:00:00,540703
Filip Marat_137990,Filip Marat,-1,0,40,50,-10,90,2021-12-04 17:00:00,540704
S Muslikov_109795,S Muslikov,-1,0,39,48,-9,87,2021-12-04 17:01:00,540705
R Pavelka_24605,R Pavelka,-3,0,21,34,-13,55,2021-12-04 17:02:00,540706
Mykhailo Presniakov_527965609,Mykhailo Presniakov,-3,0,24,33,-9,57,2021-12-04 17:05:00,540707
Mykola Polysynskyi_137926,Mykola Polysynskyi,-1,0,39,47,-8,86,2021-12-04 17:05:00,540708
Dominik Pasek_138238,Dominik Pasek,2,1,41,34,7,75,2021-12-04 17:05:00,540709
Anton Riabukhin_1888816708,Anton Riabukhin,-1,0,45,51,-6,96,2021-12-04 17:10:00,540710
Dmytro Lazuryk_137916,Dmytro Lazuryk,2,1,37,33,4,70,2021-12-04 17:10:00,540711
Ivan Sirenko_138054,Ivan Sirenko,1,1,49,46,3,95,2021-12-04 17:15:00,540712
Serhii Ponomarenko_1585424412,Serhii Ponomarenko,-3,0,18,33,-15,51,2021-12-04 17:15:00,540713
A Frolov_109831,A Frolov,2,1,41,26,15,67,2021-12-04 17:16:00,540714
Vladyslav Ivanchatenko_242257104,Vladyslav Ivanchatenko,-1,0,41,51,-10,92,2021-12-04 17:20:00,540715
Oleh Hudyma_137952,Oleh Hudyma,-3,0,15,33,-18,48,2021-12-04 17:20:00,540716
A Duka_109761,A Duka,3,1,35,28,7,63,2021-12-04 17:20:00,540717
Oleh Skoryk_138038,Oleh Skoryk,3,1,35,26,9,61,2021-12-04 17:25:00,540718
Anna Miklukha_885898233,Anna Miklukha,3,1,36,24,12,60,2021-12-04 17:25:00,540719
Oleksandra Tsiupko_137942,Oleksandra Tsiupko,3,1,38,29,9,67,2021-12-04 17:30:00,540720
Frantisek Korenek_137991,Frantisek Korenek,3,1,38,32,6,70,2021-12-04 17:30:00,540721
Andrii Kotik_387950155,Andrii Kotik,-2,0,34,41,-7,75,2021-12-04 17:30:00,540722
A Barbora_24606,A Barbora,3,1,34,25,9,59,2021-12-04 17:30:00,540723
Grygoriy Kuzmenko_1547811430,Grygoriy Kuzmenko,1,1,46,40,6,86,2021-12-04 17:35:00,540724
Yevhenii Sokoltsov_137927,Yevhenii Sokoltsov,1,1,51,49,2,100,2021-12-04 17:35:00,540725
M Sverdlov_109796,M Sverdlov,-1,0,41,51,-10,92,2021-12-04 17:37:00,540726
Nikita Vilenchyts_138064,Nikita Vilenchyts,2,1,39,36,3,75,2021-12-04 17:40:00,540727
Vadym Grushko_2050132772,Vadym Grushko,-3,0,12,33,-21,45,2021-12-04 17:40:00,540728
Oleh Ponomarenko_138055,Oleh Ponomarenko,1,1,57,55,2,112,2021-12-04 17:45:00,540729
Vitalii Vovk_1828430555,Vitalii Vovk,-2,0,34,42,-8,76,2021-12-04 17:45:00,540730
I Abelmasov_109832,I Abelmasov,-2,0,30,40,-10,70,2021-12-04 17:47:00,540731
A Vorozheykin_109762,A Vorozheykin,3,1,34,23,11,57,2021-12-04 17:49:00,540732
Oleh Kapeliukha_138073,Oleh Kapeliukha,-3,0,19,34,-15,53,2021-12-04 17:50:00,540733
Anton Riabukhin_2138116925,Anton Riabukhin,-2,0,21,42,-21,63,2021-12-04 17:50:00,540734
Dmitriy Pereyaslovskyi_138039,Dmitriy Pereyaslovskyi,2,1,41,36,5,77,2021-12-04 17:55:00,540735
Vitalii Krivenko_585493410,Vitalii Krivenko,-1,0,51,54,-3,105,2021-12-04 17:55:00,540736
Frantisek Korenek_137992,Frantisek Korenek,2,1,34,33,1,67,2021-12-04 18:00:00,540737
Svitlana Yureneva_137943,Svitlana Yureneva,-1,0,37,45,-8,82,2021-12-04 18:00:00,540738
Alina Kurtenko_802025506,Alina Kurtenko,2,1,43,36,7,79,2021-12-04 18:00:00,540739
M Kolar_24607,M Kolar,-2,0,35,43,-8,78,2021-12-04 18:01:00,540740
Artem Lisechko_137928,Artem Lisechko,-2,0,31,37,-6,68,2021-12-04 18:05:00,540741
Andrii Baklykov_2050631509,Andrii Baklykov,1,1,51,48,3,99,2021-12-04 18:05:00,540742
Artem Yurkov_138065,Artem Yurkov,1,1,46,47,-1,93,2021-12-04 18:10:00,540743
Valerii Tatarynov_480913226,Valerii Tatarynov,3,1,34,22,12,56,2021-12-04 18:10:00,540744
Vladyslav Stukalov_138056,Vladyslav Stukalov,-3,0,16,33,-17,49,2021-12-04 18:15:00,540745
Dmytro Arzanov_1363233793,Dmytro Arzanov,2,1,45,39,6,84,2021-12-04 18:15:00,540746
A Poprocky_109763,A Poprocky,2,1,40,39,1,79,2021-12-04 18:16:00,540747
V Beliakov_109833,V Beliakov,2,1,40,31,9,71,2021-12-04 18:16:00,540748
V Zubkov_109797,V Zubkov,-3,0,20,35,-15,55,2021-12-04 18:17:00,540749
Serhii Ponomarenko_1356740378,Serhii Ponomarenko,2,1,37,39,-2,76,2021-12-04 18:20:00,540750
Ivan Pytsko_138074,Ivan Pytsko,2,1,44,32,12,76,2021-12-04 18:20:00,540751
Vitalii Vovk_1540762293,Vitalii Vovk,3,1,37,27,10,64,2021-12-04 18:25:00,540752
Taras Bonishchuk_138040,Taras Bonishchuk,-1,0,43,51,-8,94,2021-12-04 18:25:00,540753
Vladyslav Ivanchatenko_782690222,Vladyslav Ivanchatenko,-3,0,17,33,-16,50,2021-12-04 18:30:00,540754
Filip Marat_137993,Filip Marat,-1,0,44,47,-3,91,2021-12-04 18:30:00,540755
Oleksandra Tsiupko_137944,Oleksandra Tsiupko,1,1,48,39,9,87,2021-12-04 18:30:00,540756
T Varnuska_24608,T Varnuska,1,1,55,50,5,105,2021-12-04 18:32:00,540757
Tatiana Tatianina_1527120841,Tatiana Tatianina,1,1,51,47,4,98,2021-12-04 18:35:00,540758
Pavlo Volkov_137929,Pavlo Volkov,1,1,57,54,3,111,2021-12-04 18:35:00,540759
Nikita Vilenchyts_138066,Nikita Vilenchyts,2,1,43,31,12,74,2021-12-04 18:40:00,540760
Andrii Kotik_2003261318,Andrii Kotik,-2,0,27,42,-15,69,2021-12-04 18:40:00,540761
V Zubkov_109984,V Zubkov,-1,0,41,51,-10,92,2021-12-04 18:43:00,540762
Oleh Ponomarenko_138057,Oleh Ponomarenko,2,1,39,31,8,70,2021-12-04 18:45:00,540763
Vadim Tokar_295256709,Vadim Tokar,2,1,42,29,13,71,2021-12-04 18:45:00,540764
A Poprocky_109986,A Poprocky,2,1,37,36,1,73,2021-12-04 18:46:00,540765
P Medvedev_109987,P Medvedev,2,1,49,45,4,94,2021-12-04 18:47:00,540766
Serhii Kunynets_138075,Serhii Kunynets,-2,0,40,40,0,80,2021-12-04 18:50:00,540767
Mykhailo Presniakov_1326104040,Mykhailo Presniakov,-3,0,18,34,-16,52,2021-12-04 18:50:00,540768
Andrii Hrytsai_138041,Andrii Hrytsai,1,1,46,45,1,91,2021-12-04 18:55:00,540769
Denys Vakulenko_2114740618,Denys Vakulenko,3,1,33,22,11,55,2021-12-04 18:55:00,540770
Dominik Horak_137994,Dominik Horak,-3,0,22,33,-11,55,2021-12-04 19:00:00,540771
Yuliia Tryhub_137945,Yuliia Tryhub,-3,0,27,37,-10,64,2021-12-04 19:00:00,540772
Anton Riabukhin_159282143,Anton Riabukhin,-1,0,47,50,-3,97,2021-12-04 19:00:00,540773
Mykola Polysynskyi_137930,Mykola Polysynskyi,-1,0,43,46,-3,89,2021-12-04 19:05:00,540774
Oleksiy Sapronov_2066724073,Oleksiy Sapronov,-2,0,44,49,-5,93,2021-12-04 19:05:00,540775
Anna Miklukha_160196052,Anna Miklukha,2,1,45,39,6,84,2021-12-04 19:10:00,540776
Dmytro Lazuryk_138067,Dmytro Lazuryk,-1,0,34,47,-13,81,2021-12-04 19:10:00,540777
M Kolar_24609,M Kolar,-1,0,43,50,-7,93,2021-12-04 19:11:00,540778
Vadym Nechyporuk_734856407,Vadym Nechyporuk,2,1,44,41,3,85,2021-12-04 19:15:00,540779
Ivan Sirenko_138058,Ivan Sirenko,-1,0,46,57,-11,103,2021-12-04 19:15:00,540780
O Belugin_109989,O Belugin,3,1,35,25,10,60,2021-12-04 19:16:00,540781
I Abelmasov_109988,I Abelmasov,3,1,33,18,15,51,2021-12-04 19:18:00,540782
Dmytro Zeniuk_644877219,Dmytro Zeniuk,-3,0,23,35,-12,58,2021-12-04 19:20:00,540783
Oleh Hudyma_137956,Oleh Hudyma,1,1,54,49,5,103,2021-12-04 19:20:00,540784
Valeriy Vlasenko_138024,Valeriy Vlasenko,-2,0,28,41,-13,69,2021-12-04 19:20:00,540785
E Anisimov_109985,E Anisimov,-3,0,18,35,-17,53,2021-12-04 19:23:00,540786
Oleh Skoryk_138042,Oleh Skoryk,1,1,46,48,-2,94,2021-12-04 19:25:00,540787
Vadym Grushko_1433301607,Vadym Grushko,-2,0,44,48,-4,92,2021-12-04 19:25:00,540788
Serhii Zemiantsev_766934408,Serhii Zemiantsev,-1,0,40,53,-13,93,2021-12-04 19:30:00,540789
Filip Marat_137995,Filip Marat,-2,0,37,45,-8,82,2021-12-04 19:30:00,540790
Svitlana Yureneva_137946,Svitlana Yureneva,3,1,33,23,10,56,2021-12-04 19:30:00,540791
Vitalii Vovk_1724249429,Vitalii Vovk,-1,0,54,60,-6,114,2021-12-04 19:35:00,540792
Yevhenii Sokoltsov_137931,Yevhenii Sokoltsov,-1,0,42,43,-1,85,2021-12-04 19:35:00,540793
Artem Yurkov_138068,Artem Yurkov,2,1,35,35,0,70,2021-12-04 19:40:00,540794
Vladyslav Ivanchatenko_199695612,Vladyslav Ivanchatenko,2,1,43,37,6,80,2021-12-04 19:40:00,540795
Alina Kurtenko_1105086299,Alina Kurtenko,-3,0,24,35,-11,59,2021-12-04 19:45:00,540796
Vladyslav Stukalov_138059,Vladyslav Stukalov,-3,0,18,35,-17,53,2021-12-04 19:45:00,540797
A Tsitselskii_109834,A Tsitselskii,1,1,41,41,0,82,2021-12-04 19:45:00,540798
V Staroverov_109798,V Staroverov,-2,0,31,36,-5,67,2021-12-04 19:45:00,540799
A Barbora_24610,A Barbora,-3,0,20,33,-13,53,2021-12-04 19:46:00,540800
I Soldatov_109764,I Soldatov,1,1,48,58,-10,106,2021-12-04 19:49:00,540801
Andrii Baklykov_2014455232,Andrii Baklykov,-2,0,28,42,-14,70,2021-12-04 19:50:00,540802
Rodion Kapinus_138025,Rodion Kapinus,1,1,48,42,6,90,2021-12-04 19:50:00,540803
Oleh Kapeliukha_138076,Oleh Kapeliukha,-2,0,36,42,-6,78,2021-12-04 19:50:00,540804
Dmitriy Pereyaslovskyi_138043,Dmitriy Pereyaslovskyi,-1,0,48,45,3,93,2021-12-04 19:55:00,540805
Valerii Tatarynov_1207774643,Valerii Tatarynov,1,1,52,51,1,103,2021-12-04 19:55:00,540806
Dmytro Arzanov_1215492322,Dmytro Arzanov,-2,0,31,39,-8,70,2021-12-04 20:00:00,540807
Anastasiia Kozak_137947,Anastasiia Kozak,-1,0,49,45,4,94,2021-12-04 20:00:00,540808
Vladyslav Volokhov_1841586072,Vladyslav Volokhov,2,1,48,38,10,86,2021-12-04 20:05:00,540809
Artem Lisechko_137932,Artem Lisechko,-1,0,40,45,-5,85,2021-12-04 20:05:00,540810
Dominik Horak_138399,Dominik Horak,3,1,33,19,14,52,2021-12-04 20:05:00,540811
V Chernov_109799,V Chernov,2,1,41,27,14,68,2021-12-04 20:06:00,540812
M Kolar_24657,M Kolar,2,1,37,32,5,69,2021-12-04 20:08:00,540813
Prokhor Puhach_980124660,Prokhor Puhach,-1,0,56,47,9,103,2021-12-04 20:10:00,540814
Ivan Fedoryshyn_138069,Ivan Fedoryshyn,-1,0,40,50,-10,90,2021-12-04 20:10:00,540815
Oleksandr Kochetkov_138060,Oleksandr Kochetkov,-3,0,25,34,-9,59,2021-12-04 20:15:00,540816
Vladyslav Ivanchatenko_1229906578,Vladyslav Ivanchatenko,-2,0,40,44,-4,84,2021-12-04 20:15:00,540817
A Sirotkin_109835,A Sirotkin,-2,0,38,38,0,76,2021-12-04 20:17:00,540818
Rodion Kapinus_138026,Rodion Kapinus,-1,0,47,52,-5,99,2021-12-04 20:20:00,540819
Ivan Pytsko_137958,Ivan Pytsko,-3,0,17,33,-16,50,2021-12-04 20:20:00,540820
Iryna Aseieva_727323025,Iryna Aseieva,2,1,40,33,7,73,2021-12-04 20:20:00,540821
N Lyfenko_109765,N Lyfenko,-3,0,19,33,-14,52,2021-12-04 20:22:00,540822
Andrii Kotik_1537943685,Andrii Kotik,-2,0,34,42,-8,76,2021-12-04 20:25:00,540823
Taras Bonishchuk_138044,Taras Bonishchuk,-2,0,28,40,-12,68,2021-12-04 20:25:00,540824
Dmytro Zeniuk_95969726,Dmytro Zeniuk,-2,0,24,43,-19,67,2021-12-04 20:30:00,540825
R Pavelka_24658,R Pavelka,-3,0,18,33,-15,51,2021-12-04 20:32:00,540826
Valentin Zaichenko_1530443536,Valentin Zaichenko,-2,0,30,39,-9,69,2021-12-04 20:35:00,540827
A Sadkov_109800,A Sadkov,1,1,46,42,4,88,2021-12-04 20:35:00,540828
Martin Prusa_138400,Martin Prusa,-2,0,31,43,-12,74,2021-12-04 20:35:00,540829
Pavlo Volkov_137933,Pavlo Volkov,1,1,50,43,7,93,2021-12-04 20:35:00,540830
Vladyslav Volokhov_1022566435,Vladyslav Volokhov,-2,0,32,44,-12,76,2021-12-04 20:40:00,540831
Yuliia Tryhub_138401,Yuliia Tryhub,-1,0,46,45,1,91,2021-12-04 20:45:00,540832
Ivan Sirenko_138403,Ivan Sirenko,3,1,36,27,9,63,2021-12-04 20:45:00,540833
Oleksandr Brezytskyi_1403932165,Oleksandr Brezytskyi,-3,0,16,33,-17,49,2021-12-04 20:45:00,540834
A Girevenkov_109836,A Girevenkov,-1,0,50,55,-5,105,2021-12-04 20:46:00,540835
D Razinkov_109766,D Razinkov,-2,0,32,41,-9,73,2021-12-04 20:47:00,540836
Oleh Hudyma_137959,Oleh Hudyma,-3,0,26,37,-11,63,2021-12-04 20:50:00,540837
Valeriy Vlasenko_138027,Valeriy Vlasenko,-1,0,42,53,-11,95,2021-12-04 20:50:00,540838
Dmytro Lazuryk_138405,Dmytro Lazuryk,-2,0,36,41,-5,77,2021-12-04 20:50:00,540839
Oleksiy Sapronov_192714221,Oleksiy Sapronov,1,1,49,46,3,95,2021-12-04 20:50:00,540840
Tatiana Tatianina_2020671648,Tatiana Tatianina,-1,0,39,42,-3,81,2021-12-04 20:55:00,540841
Andrii Hrytsai_138045,Andrii Hrytsai,3,1,36,30,6,66,2021-12-04 20:55:00,540842
Petr Dvorak_137996,Petr Dvorak,-1,0,56,58,-2,114,2021-12-04 21:00:00,540843
Andrii Baklykov_624962231,Andrii Baklykov,-3,0,20,33,-13,53,2021-12-04 21:00:00,540844
S Kuzmin_109801,S Kuzmin,-3,0,27,38,-11,65,2021-12-04 21:02:00,540845
Jo Medek_24611,Jo Medek,-3,0,25,33,-8,58,2021-12-04 21:03:00,540846
Valerii Tatarynov_1353044268,Valerii Tatarynov,-1,0,49,52,-3,101,2021-12-04 21:05:00,540847
Yevhenii Sokoltsov_137934,Yevhenii Sokoltsov,-3,0,16,33,-17,49,2021-12-04 21:05:00,540848
Mykhailo Presniakov_1145665548,Mykhailo Presniakov,-3,0,26,34,-8,60,2021-12-04 21:10:00,540849
Prokhor Puhach_1984805772,Prokhor Puhach,-2,0,30,41,-11,71,2021-12-04 21:15:00,540850
Nadiia Harmash_138402,Nadiia Harmash,-2,0,37,40,-3,77,2021-12-04 21:15:00,540851
Volodymyr Kononikhin_138404,Volodymyr Kononikhin,3,1,33,13,20,46,2021-12-04 21:15:00,540852
I Moshkov_109767,I Moshkov,3,1,36,28,8,64,2021-12-04 21:17:00,540853
A Petrov_109837,A Petrov,2,1,44,25,19,69,2021-12-04 21:18:00,540854
Volodymyr Okopnyi_138077,Volodymyr Okopnyi,2,1,39,35,4,74,2021-12-04 21:20:00,540855
Yurii Kurishchenko_138028,Yurii Kurishchenko,1,1,45,44,1,89,2021-12-04 21:20:00,540856
Vladyslav Mishchenko_138406,Vladyslav Mishchenko,1,1,48,45,3,93,2021-12-04 21:20:00,540857
Vladyslav Volokhov_1437277168,Vladyslav Volokhov,1,1,57,48,9,105,2021-12-04 21:20:00,540858
Oleh Skoryk_138046,Oleh Skoryk,-3,0,25,33,-8,58,2021-12-04 21:25:00,540859
Mykhailo Sokur_1050296100,Mykhailo Sokur,-2,0,43,49,-6,92,2021-12-04 21:25:00,540860
Vaclav Ezr_137997,Vaclav Ezr,-2,0,30,41,-11,71,2021-12-04 21:30:00,540861
Tatiana Tatianina_1957802664,Tatiana Tatianina,-3,0,32,38,-6,70,2021-12-04 21:30:00,540862
L Boruvka_24612,L Boruvka,2,1,46,40,6,86,2021-12-04 21:31:00,540863
A Sadkov_109802,A Sadkov,1,1,45,43,2,88,2021-12-04 21:32:00,540864
Rustam Halimbaiev_137935,Rustam Halimbaiev,1,1,52,37,15,89,2021-12-04 21:35:00,540865
Andrii Kotik_1861690710,Andrii Kotik,1,1,47,42,5,89,2021-12-04 21:35:00,540866
Dmytro Zeniuk_1535612859,Dmytro Zeniuk,3,1,33,23,10,56,2021-12-04 21:40:00,540867
Vadym Grushko_51892812,Vadym Grushko,1,1,44,35,9,79,2021-12-04 21:45:00,540868
D Razinkov_109768,D Razinkov,-1,0,33,49,-16,82,2021-12-04 21:46:00,540869
Oleh Hudyma_138078,Oleh Hudyma,3,1,33,13,20,46,2021-12-04 21:50:00,540870
Oleksandr Brezytskyi_291527058,Oleksandr Brezytskyi,-3,0,18,33,-15,51,2021-12-04 21:50:00,540871
Valeriy Vlasenko_138029,Valeriy Vlasenko,-3,0,21,34,-13,55,2021-12-04 21:50:00,540872
A Girevenkov_109838,A Girevenkov,-2,0,33,44,-11,77,2021-12-04 21:51:00,540873
Prokhor Puhach_2003477954,Prokhor Puhach,3,1,34,28,6,62,2021-12-04 21:55:00,540874
Taras Bonishchuk_138047,Taras Bonishchuk,1,1,51,50,1,101,2021-12-04 21:55:00,540875
Vaclav Ezr_137998,Vaclav Ezr,-2,0,34,43,-9,77,2021-12-04 22:00:00,540876
Oleksiy Sapronov_636950364,Oleksiy Sapronov,-2,0,37,37,0,74,2021-12-04 22:00:00,540877
V Chernov_109803,V Chernov,2,1,39,32,7,71,2021-12-04 22:04:00,540878
Iryna Aseieva_611181065,Iryna Aseieva,2,1,42,33,9,75,2021-12-04 22:05:00,540879
Yevhenii Sokoltsov_137936,Yevhenii Sokoltsov,2,1,36,28,8,64,2021-12-04 22:05:00,540880
Andrii Baklykov_592833616,Andrii Baklykov,-2,0,30,39,-9,69,2021-12-04 22:10:00,540881
Ja Boruvka_24613,Ja Boruvka,-1,0,44,46,-2,90,2021-12-04 22:13:00,540882
Grygoriy Kuzmenko_903173351,Grygoriy Kuzmenko,-3,0,21,33,-12,54,2021-12-04 22:15:00,540883
N Lyfenko_109769,N Lyfenko,3,1,33,19,14,52,2021-12-04 22:18:00,540884
A Sirotkin_109839,A Sirotkin,-2,0,28,40,-12,68,2021-12-04 22:18:00,540885
Andrii Dombrovskyi_138030,Andrii Dombrovskyi,-1,0,54,53,1,107,2021-12-04 22:20:00,540886
Valentin Zaichenko_897735228,Valentin Zaichenko,3,1,33,16,17,49,2021-12-04 22:20:00,540887
Serhii Kunynets_137962,Serhii Kunynets,-2,0,33,42,-9,75,2021-12-04 22:20:00,540888
Yevhen Ivanov_138048,Yevhen Ivanov,-2,0,35,44,-9,79,2021-12-04 22:25:00,540889
Oleksii Tiutiunnyk_1055000837,Oleksii Tiutiunnyk,-1,0,46,49,-3,95,2021-12-04 22:25:00,540890
Petr Dvorak_137999,Petr Dvorak,-3,0,22,33,-11,55,2021-12-04 22:30:00,540891
Vladyslav Volokhov_1716827237,Vladyslav Volokhov,2,1,39,33,6,72,2021-12-04 22:30:00,540892
V Staroverov_109991,V Staroverov,3,1,33,17,16,50,2021-12-04 22:33:00,540893
Mykola Polysynskyi_137937,Mykola Polysynskyi,2,1,39,20,19,59,2021-12-04 22:35:00,540894
Dmytro Vakhta_497644008,Dmytro Vakhta,1,1,50,48,2,98,2021-12-04 22:45:00,540895
A Sirotkin_109994,A Sirotkin,-1,0,44,50,-6,94,2021-12-04 22:46:00,540896
N Lyfenko_109992,N Lyfenko,1,1,52,46,6,98,2021-12-04 22:46:00,540897
Rodion Kapinus_138031,Rodion Kapinus,-2,0,34,41,-7,75,2021-12-04 22:50:00,540898
P Silhan_24614,P Silhan,-2,0,26,38,-12,64,2021-12-04 22:50:00,540899
Taras Bonishchuk_138049,Taras Bonishchuk,-1,0,50,47,3,97,2021-12-04 22:55:00,540900
Jan Jr Krames_138000,Jan Jr Krames,-2,0,38,45,-7,83,2021-12-04 23:00:00,540901
Oleksii Tiutiunnyk_1627428962,Oleksii Tiutiunnyk,1,1,56,46,10,102,2021-12-04 23:00:00,540902
A Sadkov_109990,A Sadkov,-3,0,10,33,-23,43,2021-12-04 23:01:00,540903
Vladyslav Volokhov_446658715,Vladyslav Volokhov,-1,0,41,46,-5,87,2021-12-04 23:05:00,540904
A Petrov_109995,A Petrov,-2,0,30,41,-11,71,2021-12-04 23:16:00,540905
Ja Boruvka_24615,Ja Boruvka,2,1,42,28,14,70,2021-12-04 23:17:00,540906
I Soldatov_109993,I Soldatov,-2,0,26,40,-14,66,2021-12-04 23:18:00,540907
Yurii Kurishchenko_138032,Yurii Kurishchenko,2,1,45,44,1,89,2021-12-04 23:20:00,540908
Dmitriy Pereyaslovskyi_138050,Dmitriy Pereyaslovskyi,-3,0,17,33,-16,50,2021-12-04 23:25:00,540909
T Turabekov_109804,T Turabekov,2,1,44,38,6,82,2021-12-04 23:30:00,540910
Petr Dvorak_138001,Petr Dvorak,-2,0,40,42,-2,82,2021-12-04 23:30:00,540911
Illia Semeniuk_33172409,Illia Semeniuk,1,1,46,45,1,91,2021-12-04 23:35:00,540912
L Boruvka_24616,L Boruvka,3,1,33,16,17,49,2021-12-04 23:42:00,540913
Ruslan Novak_1967755146,Ruslan Novak,-1,0,44,48,-4,92,2021-12-04 23:45:00,540914
A Golyshev_109842,A Golyshev,1,1,47,42,5,89,2021-12-04 23:49:00,540915
O Kutuzov_109770,O Kutuzov,-2,0,34,41,-7,75,2021-12-04 23:49:00,540916
Andrii Dombrovskyi_138033,Andrii Dombrovskyi,-1,0,48,42,6,90,2021-12-04 23:50:00,540917
V Kalachev_114194,V Kalachev,2,1,38,30,8,68,2021-12-05 00:00:00,540918
Vitaliy Khamurda_623811986,Vitaliy Khamurda,-3,0,16,33,-17,49,2021-12-05 00:05:00,540919
D Pazout_25594,D Pazout,-2,0,29,40,-11,69,2021-12-05 00:05:00,540920
Iurii Prokhoruk_1140082281,Iurii Prokhoruk,3,1,33,24,9,57,2021-12-05 00:15:00,540921
N Zhurba_114234,N Zhurba,-1,0,46,42,4,88,2021-12-05 00:17:00,540922
D Balakin_114156,D Balakin,-2,0,35,46,-11,81,2021-12-05 00:19:00,540923
Yurii Kurishchenko_147394,Yurii Kurishchenko,1,1,49,51,-2,100,2021-12-05 00:20:00,540924
Serhii Kuprykov_147059,Serhii Kuprykov,-3,0,22,34,-12,56,2021-12-05 00:25:00,540925
D Ignatev_114195,D Ignatev,-1,0,33,49,-16,82,2021-12-05 00:30:00,540926
Ji Bartos_25595,Ji Bartos,2,1,42,32,10,74,2021-12-05 00:30:00,540927
Stepan Nykyforuk_1109662190,Stepan Nykyforuk,2,1,43,38,5,81,2021-12-05 00:35:00,540928
Viktor Trachuk_1686471222,Viktor Trachuk,2,1,45,33,12,78,2021-12-05 00:45:00,540929
Va Ivanov_114235,Va Ivanov,2,1,43,29,14,72,2021-12-05 00:49:00,540930
Valeriy Vlasenko_147395,Valeriy Vlasenko,3,1,37,29,8,66,2021-12-05 00:50:00,540931
K Malahov_114157,K Malahov,-2,0,34,43,-9,77,2021-12-05 00:50:00,540932
Oleh Obrazkov_147060,Oleh Obrazkov,-1,0,45,51,-6,96,2021-12-05 00:55:00,540933
Jan Holan_147396,Jan Holan,-2,0,36,45,-9,81,2021-12-05 01:00:00,540934
K Churin_114196,K Churin,-2,0,36,41,-5,77,2021-12-05 01:01:00,540935
Oleksandr Dziabura_1736718736,Oleksandr Dziabura,2,1,46,37,9,83,2021-12-05 01:05:00,540936
Mykola Treshchetka_1622516449,Mykola Treshchetka,2,1,38,26,12,64,2021-12-05 01:15:00,540937
Yu Merkushin_114236,Yu Merkushin,2,1,41,31,10,72,2021-12-05 01:15:00,540938
A Ilin_114158,A Ilin,-1,0,49,46,3,95,2021-12-05 01:17:00,540939
Yurii Reva_147061,Yurii Reva,3,1,33,17,16,50,2021-12-05 01:25:00,540940
Jaromir Zlamal_147397,Jaromir Zlamal,2,1,43,32,11,75,2021-12-05 01:30:00,540941
V Kalachev_114197,V Kalachev,2,1,42,36,6,78,2021-12-05 01:32:00,540942
Vitaliy Khamurda_1148139403,Vitaliy Khamurda,-2,0,23,41,-18,64,2021-12-05 01:35:00,540943
N Zhurba_114237,N Zhurba,2,1,45,36,9,81,2021-12-05 01:45:00,540944
Iurii Prokhoruk_271692323,Iurii Prokhoruk,2,1,40,32,8,72,2021-12-05 01:45:00,540945
D Balakin_114159,D Balakin,2,1,42,35,7,77,2021-12-05 01:52:00,540946
Oleh Obrazkov_147062,Oleh Obrazkov,-3,0,19,33,-14,52,2021-12-05 01:55:00,540947
K Churin_114198,K Churin,2,1,35,39,-4,74,2021-12-05 02:00:00,540948
Stepan Nykyforuk_978721754,Stepan Nykyforuk,-1,0,40,46,-6,86,2021-12-05 02:05:00,540949
Yu Merkushin_114238,Yu Merkushin,3,1,33,21,12,54,2021-12-05 02:15:00,540950
Viktor Trachuk_1998610621,Viktor Trachuk,1,1,44,48,-4,92,2021-12-05 02:15:00,540951
A Ilin_114160,A Ilin,-1,0,40,47,-7,87,2021-12-05 02:22:00,540952
Serhii Kuprykov_147063,Serhii Kuprykov,-3,0,19,33,-14,52,2021-12-05 02:25:00,540953
D Sayanov_114199,D Sayanov,1,1,43,38,5,81,2021-12-05 02:33:00,540954
Oleksandr Dziabura_925331954,Oleksandr Dziabura,-2,0,38,44,-6,82,2021-12-05 02:35:00,540955
Mykola Treshchetka_431404164,Mykola Treshchetka,-1,0,49,54,-5,103,2021-12-05 02:45:00,540956
A Volkov_114239,A Volkov,3,1,38,32,6,70,2021-12-05 02:45:00,540957
I Ramensky_114161,I Ramensky,3,1,34,24,10,58,2021-12-05 02:50:00,540958
Dmitriy Pereyaslovskyi_147064,Dmitriy Pereyaslovskyi,1,1,52,46,6,98,2021-12-05 02:55:00,540959
D Ignatev_114200,D Ignatev,2,1,43,35,8,78,2021-12-05 03:02:00,540960
Vitaliy Khamurda_799457194,Vitaliy Khamurda,-1,0,38,41,-3,79,2021-12-05 03:05:00,540961
Iurii Prokhoruk_1990328749,Iurii Prokhoruk,2,1,41,29,12,70,2021-12-05 03:15:00,540962
Va Ivanov_114240,Va Ivanov,3,1,36,21,15,57,2021-12-05 03:19:00,540963
K Malahov_114162,K Malahov,1,1,52,44,8,96,2021-12-05 03:20:00,540964
Yurii Reva_147065,Yurii Reva,2,1,44,30,14,74,2021-12-05 03:25:00,540965
T Turabekov_114201,T Turabekov,-3,0,21,33,-12,54,2021-12-05 03:31:00,540966
Pavlo Plushch_760758336,Pavlo Plushch,1,1,47,37,10,84,2021-12-05 03:35:00,540967
Oleksandr Mykhalus_252820060,Oleksandr Mykhalus,-3,0,23,34,-11,57,2021-12-05 03:45:00,540968
T Yusipov_114241,T Yusipov,3,1,34,24,10,58,2021-12-05 03:46:00,540969
M Minkov_114163,M Minkov,-1,0,41,39,2,80,2021-12-05 03:52:00,540970
Oleh Obrazkov_147066,Oleh Obrazkov,-2,0,34,43,-9,77,2021-12-05 03:55:00,540971
D Sayanov_114202,D Sayanov,1,1,56,52,4,108,2021-12-05 04:01:00,540972
Stepan Nykyforuk_1971383920,Stepan Nykyforuk,1,1,47,39,8,86,2021-12-05 04:05:00,540973
A Volkov_114242,A Volkov,2,1,43,32,11,75,2021-12-05 04:15:00,540974
Viktor Trachuk_1372509281,Viktor Trachuk,2,1,45,39,6,84,2021-12-05 04:15:00,540975
I Ramensky_114164,I Ramensky,2,1,43,34,9,77,2021-12-05 04:20:00,540976
Serhii Kuprykov_147067,Serhii Kuprykov,-3,0,14,33,-19,47,2021-12-05 04:25:00,540977
K Churin_114389,K Churin,-3,0,16,33,-17,49,2021-12-05 04:34:00,540978
Ivan Fashchevskyi_1618862973,Ivan Fashchevskyi,-2,0,34,40,-6,74,2021-12-05 04:35:00,540979
Mykola Treshchetka_192372454,Mykola Treshchetka,1,1,49,41,8,90,2021-12-05 04:45:00,540980
A Ilin_114391,A Ilin,-2,0,33,41,-8,74,2021-12-05 04:51:00,540981
N Zhurba_114393,N Zhurba,1,1,53,46,7,99,2021-12-05 04:54:00,540982
Dmitriy Pereyaslovskyi_147068,Dmitriy Pereyaslovskyi,2,1,39,36,3,75,2021-12-05 04:55:00,540983
V Kalachev_114390,V Kalachev,-3,0,24,33,-9,57,2021-12-05 05:00:00,540984
Stepan Nykyforuk_1686608681,Stepan Nykyforuk,3,1,33,17,16,50,2021-12-05 05:05:00,540985
Iurii Prokhoruk_1884611530,Iurii Prokhoruk,2,1,42,31,11,73,2021-12-05 05:15:00,540986
M Minkov_114392,M Minkov,2,1,41,30,11,71,2021-12-05 05:18:00,540987
Yu Merkushin_114394,Yu Merkushin,-2,0,30,38,-8,68,2021-12-05 05:25:00,540988
Yurii Reva_147069,Yurii Reva,1,1,50,49,1,99,2021-12-05 05:25:00,540989
Serhii Kuprykov_147070,Serhii Kuprykov,3,1,35,20,15,55,2021-12-05 05:55:00,540990
Roman Yushko_147071,Roman Yushko,1,1,43,48,-5,91,2021-12-05 06:25:00,540991
Serhii Kuprykov_147072,Serhii Kuprykov,3,1,34,17,17,51,2021-12-05 06:55:00,540992
Oleh Obrazkov_147073,Oleh Obrazkov,1,1,45,48,-3,93,2021-12-05 07:25:00,540993
M Chernyavskiy_114303,M Chernyavskiy,2,1,49,42,7,91,2021-12-05 07:32:00,540994
A Savinskiy_114269,A Savinskiy,3,1,33,15,18,48,2021-12-05 07:47:00,540995
V Bazilevskiy_114327,V Bazilevskiy,-2,0,33,37,-4,70,2021-12-05 07:47:00,540996
Oleksii Krutko_120634429,Oleksii Krutko,-2,0,39,44,-5,83,2021-12-05 07:50:00,540997
Serhii Kunynets_147150,Serhii Kunynets,3,1,35,25,10,60,2021-12-05 07:50:00,540998
Dmytro Baistriuchenko_304007761,Dmytro Baistriuchenko,1,1,48,39,9,87,2021-12-05 07:55:00,540999
Ivan Omelchuk_147160,Ivan Omelchuk,-3,0,22,33,-11,55,2021-12-05 08:00:00,541000
G Karpovkin_114304,G Karpovkin,3,1,34,26,8,60,2021-12-05 08:02:00,541001
Volodymyr Tymchenko_147172,Volodymyr Tymchenko,-1,0,42,44,-2,86,2021-12-05 08:05:00,541002
Nadiia Harmash_147187,Nadiia Harmash,-2,0,32,44,-12,76,2021-12-05 08:10:00,541003
Andrii Skliarenko_147197,Andrii Skliarenko,2,1,41,31,10,72,2021-12-05 08:15:00,541004
D Bogdanov_114270,D Bogdanov,-2,0,35,43,-8,78,2021-12-05 08:15:00,541005
I Tolmachev_114328,I Tolmachev,1,1,42,44,-2,86,2021-12-05 08:17:00,541006
Volodymyr Okopnyi_147151,Volodymyr Okopnyi,-3,0,20,33,-13,53,2021-12-05 08:20:00,541007
Oleksandr Shkurupii_1643026883,Oleksandr Shkurupii,1,1,54,48,6,102,2021-12-05 08:25:00,541008
A Bogomolov_114305,A Bogomolov,-2,0,30,39,-9,69,2021-12-05 08:30:00,541009
Mykhailo Mosiuk_147161,Mykhailo Mosiuk,1,1,49,42,7,91,2021-12-05 08:30:00,541010
Dmytro Arzanov_1411798381,Dmytro Arzanov,-3,0,19,34,-15,53,2021-12-05 08:30:00,541011
Viktor Leonov_147173,Viktor Leonov,2,1,42,35,7,77,2021-12-05 08:35:00,541012
Anton Molochko_1400636559,Anton Molochko,3,1,33,20,13,53,2021-12-05 08:35:00,541013
Liubomyr Sheshurak_172956601,Liubomyr Sheshurak,3,1,33,18,15,51,2021-12-05 08:40:00,541014
Oleksandra Tsiupko_147188,Oleksandra Tsiupko,-1,0,53,61,-8,114,2021-12-05 08:40:00,541015
Maksym Skhabovskyi_1860135423,Maksym Skhabovskyi,-1,0,40,47,-7,87,2021-12-05 08:45:00,541016
E Anisimov_114271,E Anisimov,-1,0,43,50,-7,93,2021-12-05 08:45:00,541017
Ihor Rubanka_147198,Ihor Rubanka,1,1,58,52,6,110,2021-12-05 08:45:00,541018
Serhii Kunynets_147152,Serhii Kunynets,3,1,33,13,20,46,2021-12-05 08:50:00,541019
Oleksandr Goncharuk_147209,Oleksandr Goncharuk,2,1,42,26,16,68,2021-12-05 08:50:00,541020
Yaroslav Vorsuliak_1951366699,Yaroslav Vorsuliak,-1,0,44,50,-6,94,2021-12-05 08:50:00,541021
S Simonov_114329,S Simonov,-3,0,21,33,-12,54,2021-12-05 08:52:00,541022
Alexey Gamyanin_261870099,Alexey Gamyanin,-3,0,22,33,-11,55,2021-12-05 08:55:00,541023
Vitalii Sydorenko_147224,Vitalii Sydorenko,-2,0,40,41,-1,81,2021-12-05 08:55:00,541024
Andrii Selin_827072224,Andrii Selin,-3,0,25,33,-8,58,2021-12-05 08:55:00,541025
Serhii Boiko_631527356,Serhii Boiko,2,1,40,37,3,77,2021-12-05 09:00:00,541026
O Belugin_114306,O Belugin,-3,0,26,33,-7,59,2021-12-05 09:00:00,541027
Mykhailo Mosiuk_147162,Mykhailo Mosiuk,3,1,36,29,7,65,2021-12-05 09:00:00,541028
Josef Ruzicka_147356,Josef Ruzicka,-3,0,26,36,-10,62,2021-12-05 09:00:00,541029
Valerii Danchenko_147174,Valerii Danchenko,-2,0,36,44,-8,80,2021-12-05 09:05:00,541030
Serhii Kinash_495926415,Serhii Kinash,-1,0,48,53,-5,101,2021-12-05 09:05:00,541031
Oleksandr Tkachenko_301425394,Oleksandr Tkachenko,-2,0,33,42,-9,75,2021-12-05 09:10:00,541032
Nadiia Harmash_147189,Nadiia Harmash,3,1,34,23,11,57,2021-12-05 09:10:00,541033
Vitalii Zharskiy_738551787,Vitalii Zharskiy,-2,0,29,42,-13,71,2021-12-05 09:15:00,541034
Ihor Rubanka_147199,Ihor Rubanka,1,1,46,39,7,85,2021-12-05 09:15:00,541035
E Tsvetkov_114272,E Tsvetkov,-1,0,47,51,-4,98,2021-12-05 09:16:00,541036
A Klavdenkov_114330,A Klavdenkov,-2,0,22,42,-20,64,2021-12-05 09:19:00,541037
Stepan Grygorenko_147210,Stepan Grygorenko,1,1,44,42,2,86,2021-12-05 09:20:00,541038
Ihor Kvak_147153,Ihor Kvak,-3,0,17,33,-16,50,2021-12-05 09:20:00,541039
Aleksandr Tulenin_78601638,Aleksandr Tulenin,-2,0,29,41,-12,70,2021-12-05 09:20:00,541040
Dmytro Tsurkalenko_147225,Dmytro Tsurkalenko,-1,0,43,52,-9,95,2021-12-05 09:25:00,541041
Volodymyr Ivasiv_1525552365,Volodymyr Ivasiv,3,1,33,25,8,58,2021-12-05 09:25:00,541042
Vіtalіy Krokhmal_2017716418,Vіtalіy Krokhmal,-1,0,42,52,-10,94,2021-12-05 09:30:00,541043
Sergiy Akhlamov_1325157931,Sergiy Akhlamov,2,1,41,30,11,71,2021-12-05 09:30:00,541044
Ivan Omelchuk_147163,Ivan Omelchuk,3,1,34,21,13,55,2021-12-05 09:30:00,541045
Dominik Pasek_147357,Dominik Pasek,2,1,37,29,8,66,2021-12-05 09:30:00,541046
A Bogomolov_114307,A Bogomolov,-3,0,24,33,-9,57,2021-12-05 09:31:00,541047
Oleksandr Shkurupii_361839248,Oleksandr Shkurupii,-2,0,32,44,-12,76,2021-12-05 09:35:00,541048
Viktor Leonov_147175,Viktor Leonov,-1,0,44,50,-6,94,2021-12-05 09:35:00,541049
Dmytro Arzanov_825926320,Dmytro Arzanov,1,1,56,52,4,108,2021-12-05 09:40:00,541050
Svitlana Yureneva_147190,Svitlana Yureneva,2,1,38,38,0,76,2021-12-05 09:40:00,541051
Anton Molochko_1877379178,Anton Molochko,-1,0,50,52,-2,102,2021-12-05 09:45:00,541052
Andrii Skliarenko_147200,Andrii Skliarenko,1,1,49,39,10,88,2021-12-05 09:45:00,541053
E Anisimov_114273,E Anisimov,-2,0,36,36,0,72,2021-12-05 09:47:00,541054
S Simonov_114331,S Simonov,1,1,43,40,3,83,2021-12-05 09:48:00,541055
Volodymyr Okopnyi_147154,Volodymyr Okopnyi,3,1,33,16,17,49,2021-12-05 09:50:00,541056
Liubomyr Sheshurak_1087961845,Liubomyr Sheshurak,-3,0,25,37,-12,62,2021-12-05 09:50:00,541057
Oleksandr Durduka_147211,Oleksandr Durduka,-1,0,54,53,1,107,2021-12-05 09:50:00,541058
Hennadii Portnov_147226,Hennadii Portnov,-2,0,36,40,-4,76,2021-12-05 09:55:00,541059
Maksym Skhabovskyi_161553526,Maksym Skhabovskyi,2,1,41,36,5,77,2021-12-05 09:55:00,541060
Dominik Pasek_147358,Dominik Pasek,-2,0,35,44,-9,79,2021-12-05 10:00:00,541061
Yaroslav Vorsuliak_744644215,Yaroslav Vorsuliak,-1,0,53,55,-2,108,2021-12-05 10:00:00,541062
Vladyslav Ratushniak_147164,Vladyslav Ratushniak,-1,0,42,44,-2,86,2021-12-05 10:00:00,541063
G Karpovkin_114308,G Karpovkin,-3,0,18,33,-15,51,2021-12-05 10:00:00,541064
Andrii Selin_1244304157,Andrii Selin,-2,0,34,39,-5,73,2021-12-05 10:05:00,541065
Alexey Gamyanin_2104280124,Alexey Gamyanin,-1,0,50,50,0,100,2021-12-05 10:05:00,541066
Volodymyr Tymchenko_147176,Volodymyr Tymchenko,1,1,49,39,10,88,2021-12-05 10:05:00,541067
Oleksandra Tsiupko_147191,Oleksandra Tsiupko,-3,0,16,33,-17,49,2021-12-05 10:10:00,541068
Oleksii Krutko_1261581712,Oleksii Krutko,-2,0,36,41,-5,77,2021-12-05 10:10:00,541069
Sviatoslav Sachuk_147201,Sviatoslav Sachuk,3,1,33,24,9,57,2021-12-05 10:15:00,541070
D Bogdanov_114274,D Bogdanov,3,1,33,20,13,53,2021-12-05 10:15:00,541071
Dmytro Baistriuchenko_1405976521,Dmytro Baistriuchenko,-1,0,46,45,1,91,2021-12-05 10:15:00,541072
Serhii Kunynets_147155,Serhii Kunynets,3,1,39,20,19,59,2021-12-05 10:20:00,541073
I Tolmachev_114332,I Tolmachev,1,1,45,49,-4,94,2021-12-05 10:20:00,541074
Stepan Grygorenko_147212,Stepan Grygorenko,3,1,33,22,11,55,2021-12-05 10:20:00,541075
Maksym Nikolenko_855885633,Maksym Nikolenko,2,1,41,34,7,75,2021-12-05 10:20:00,541076
Dmytro Tsurkalenko_147227,Dmytro Tsurkalenko,3,1,33,22,11,55,2021-12-05 10:25:00,541077
Ruslan Hripun_1493328708,Ruslan Hripun,-2,0,34,40,-6,74,2021-12-05 10:25:00,541078
Oleh Formaziuk_682423098,Oleh Formaziuk,-1,0,38,48,-10,86,2021-12-05 10:30:00,541079
Josef Ruzicka_147359,Josef Ruzicka,-3,0,18,33,-15,51,2021-12-05 10:30:00,541080
Ivan Omelchuk_147165,Ivan Omelchuk,-2,0,40,47,-7,87,2021-12-05 10:30:00,541081
A Bogomolov_114395,A Bogomolov,2,1,35,34,1,69,2021-12-05 10:31:00,541082
Illia Marynkevych_147177,Illia Marynkevych,2,1,45,27,18,72,2021-12-05 10:35:00,541083
Oleksii Tkachuk_1928594239,Oleksii Tkachuk,1,1,46,36,10,82,2021-12-05 10:35:00,541084
Vіtalіy Krokhmal_1276977283,Vіtalіy Krokhmal,-1,0,58,60,-2,118,2021-12-05 10:40:00,541085
Nadiia Harmash_147192,Nadiia Harmash,-3,0,20,33,-13,53,2021-12-05 10:40:00,541086
Sergiy Akhlamov_1104420783,Sergiy Akhlamov,-1,0,49,48,1,97,2021-12-05 10:40:00,541087
Oleksandr Levadnyi_1988093741,Oleksandr Levadnyi,-2,0,40,46,-6,86,2021-12-05 10:45:00,541088
Andrii Skliarenko_147202,Andrii Skliarenko,2,1,42,30,12,72,2021-12-05 10:45:00,541089
E Tsvetkov_114397,E Tsvetkov,1,1,46,39,7,85,2021-12-05 10:48:00,541090
Volodymyr Okopnyi_147156,Volodymyr Okopnyi,-2,0,26,40,-14,66,2021-12-05 10:50:00,541091
Oleksandr Goncharuk_147213,Oleksandr Goncharuk,2,1,43,37,6,80,2021-12-05 10:50:00,541092
Igor Kozhenkov_2029159170,Igor Kozhenkov,2,1,43,25,18,68,2021-12-05 10:50:00,541093
S Simonov_114399,S Simonov,-2,0,34,39,-5,73,2021-12-05 10:51:00,541094
Vitalii Sydorenko_147228,Vitalii Sydorenko,1,1,53,52,1,105,2021-12-05 10:55:00,541095
Oleksandr Tkachenko_1561177581,Oleksandr Tkachenko,-2,0,35,47,-12,82,2021-12-05 10:55:00,541096
G Karpovkin_114396,G Karpovkin,-2,0,32,44,-12,76,2021-12-05 11:00:00,541097
Robert Jamrich_147360,Robert Jamrich,-1,0,48,50,-2,98,2021-12-05 11:00:00,541098
Vitalii Zharskiy_2076524323,Vitalii Zharskiy,-1,0,47,40,7,87,2021-12-05 11:00:00,541099
Oleh Filenko_147166,Oleh Filenko,-3,0,20,33,-13,53,2021-12-05 11:00:00,541100
Valerii Danchenko_147178,Valerii Danchenko,-1,0,39,49,-10,88,2021-12-05 11:05:00,541101
Aleksandr Tulenin_1061652598,Aleksandr Tulenin,1,1,52,48,4,100,2021-12-05 11:05:00,541102
Oleksandra Tsiupko_147193,Oleksandra Tsiupko,3,1,33,16,17,49,2021-12-05 11:10:00,541103
Volodymyr Ivasiv_1931619973,Volodymyr Ivasiv,-1,0,53,51,2,104,2021-12-05 11:10:00,541104
Andrii Selin_470637725,Andrii Selin,3,1,34,19,15,53,2021-12-05 11:15:00,541105
Alexey Gamyanin_236802195,Alexey Gamyanin,2,1,43,36,7,79,2021-12-05 11:15:00,541106
Yevhen Skorobahatyi_147203,Yevhen Skorobahatyi,-1,0,57,59,-2,116,2021-12-05 11:15:00,541107
A Savinskiy_114398,A Savinskiy,-2,0,26,41,-15,67,2021-12-05 11:15:00,541108
V Bazilevskiy_114400,V Bazilevskiy,3,1,34,22,12,56,2021-12-05 11:19:00,541109
Vladyslav Stukalov_147214,Vladyslav Stukalov,-1,0,48,51,-3,99,2021-12-05 11:20:00,541110
Ihor Kvak_147157,Ihor Kvak,1,1,51,40,11,91,2021-12-05 11:20:00,541111
Serhii Boiko_1384434232,Serhii Boiko,2,1,43,39,4,82,2021-12-05 11:20:00,541112
Ruslan Tolstykh_147229,Ruslan Tolstykh,-2,0,32,39,-7,71,2021-12-05 11:25:00,541113
Serhii Kinash_84312092,Serhii Kinash,3,1,33,24,9,57,2021-12-05 11:25:00,541114
Josef Ruzicka_147361,Josef Ruzicka,-2,0,31,40,-9,71,2021-12-05 11:30:00,541115
Anton Molochko_1551082855,Anton Molochko,3,1,34,25,9,59,2021-12-05 11:30:00,541116
Mykhailo Mosiuk_147167,Mykhailo Mosiuk,-1,0,36,43,-7,79,2021-12-05 11:30:00,541117
A Kazakov_114309,A Kazakov,2,1,46,34,12,80,2021-12-05 11:32:00,541118
Liubomyr Sheshurak_1293763460,Liubomyr Sheshurak,1,1,52,42,10,94,2021-12-05 11:35:00,541119
Viktor Leonov_147179,Viktor Leonov,2,1,40,30,10,70,2021-12-05 11:35:00,541120
Maksym Skhabovskyi_1324594303,Maksym Skhabovskyi,-1,0,41,47,-6,88,2021-12-05 11:40:00,541121
Svitlana Yureneva_147194,Svitlana Yureneva,2,1,43,29,14,72,2021-12-05 11:40:00,541122
Yaroslav Vorsuliak_1796424566,Yaroslav Vorsuliak,-1,0,48,52,-4,100,2021-12-05 11:45:00,541123
R Arutiunov_114333,R Arutiunov,-3,0,21,37,-16,58,2021-12-05 11:45:00,541124
Ihor Rubanka_147204,Ihor Rubanka,1,1,55,50,5,105,2021-12-05 11:45:00,541125
M Ilichev_114275,M Ilichev,-3,0,20,33,-13,53,2021-12-05 11:45:00,541126
Serhii Poliakov_1977889611,Serhii Poliakov,1,1,56,55,1,111,2021-12-05 11:50:00,541127
Valentin Zaichenko_282460772,Valentin Zaichenko,2,1,44,40,4,84,2021-12-05 11:50:00,541128
Oleksandr Durduka_147215,Oleksandr Durduka,-2,0,43,43,0,86,2021-12-05 11:50:00,541129
Serhii Kunynets_147158,Serhii Kunynets,1,1,50,48,2,98,2021-12-05 11:50:00,541130
Hennadii Portnov_147230,Hennadii Portnov,2,1,40,27,13,67,2021-12-05 11:55:00,541131
Oleksandr Shkurupii_330651482,Oleksandr Shkurupii,2,1,38,37,1,75,2021-12-05 11:55:00,541132
Vladyslav Ratushniak_147168,Vladyslav Ratushniak,1,1,50,46,4,96,2021-12-05 12:00:00,541133
Dmytro Arzanov_275878632,Dmytro Arzanov,-2,0,33,44,-11,77,2021-12-05 12:00:00,541134
A Zirin_114310,A Zirin,3,1,33,22,11,55,2021-12-05 12:01:00,541135
Volodymyr Tymchenko_147180,Volodymyr Tymchenko,2,1,44,39,5,83,2021-12-05 12:05:00,541136
Maksym Nikolenko_1778569585,Maksym Nikolenko,3,1,36,24,12,60,2021-12-05 12:05:00,541137
Robert Jamrich_147398,Robert Jamrich,2,1,39,29,10,68,2021-12-05 12:10:00,541138
Nadiia Harmash_147195,Nadiia Harmash,2,1,45,33,12,78,2021-12-05 12:10:00,541139
Ruslan Hripun_118189582,Ruslan Hripun,-2,0,37,37,0,74,2021-12-05 12:10:00,541140
V Evlampiev_114334,V Evlampiev,1,1,55,50,5,105,2021-12-05 12:15:00,541141
Sviatoslav Sachuk_147205,Sviatoslav Sachuk,-1,0,38,48,-10,86,2021-12-05 12:15:00,541142
Oleh Formaziuk_1389777688,Oleh Formaziuk,2,1,53,45,8,98,2021-12-05 12:15:00,541143
T Yusipov_114276,T Yusipov,-2,0,32,42,-10,74,2021-12-05 12:16:00,541144
Stepan Grygorenko_147216,Stepan Grygorenko,2,1,45,39,6,84,2021-12-05 12:20:00,541145
Oleksii Tkachuk_1856478933,Oleksii Tkachuk,-1,0,48,47,1,95,2021-12-05 12:20:00,541146
Volodymyr Korobko_147159,Volodymyr Korobko,2,1,45,34,11,79,2021-12-05 12:20:00,541147
Alexey Gamyanin_1412440923,Alexey Gamyanin,1,1,38,48,-10,86,2021-12-05 12:25:00,541148
Dmytro Tsurkalenko_147231,Dmytro Tsurkalenko,-3,0,24,36,-12,60,2021-12-05 12:25:00,541149
Andrii Selin_1715568302,Andrii Selin,-1,0,49,50,-1,99,2021-12-05 12:25:00,541150
V Kutin_114311,V Kutin,-1,0,43,50,-7,93,2021-12-05 12:30:00,541151
Oleh Filenko_147169,Oleh Filenko,1,1,49,34,15,83,2021-12-05 12:30:00,541152
Oleksii Krutko_542644744,Oleksii Krutko,-2,0,36,42,-6,78,2021-12-05 12:30:00,541153
Dmytro Baistriuchenko_1372343102,Dmytro Baistriuchenko,-2,0,35,39,-4,74,2021-12-05 12:35:00,541154
Illia Marynkevych_147181,Illia Marynkevych,-2,0,33,40,-7,73,2021-12-05 12:35:00,541155
Tomas Cerveny_147399,Tomas Cerveny,1,1,50,40,10,90,2021-12-05 12:40:00,541156
Oleksandr Tkachenko_1539570228,Oleksandr Tkachenko,1,1,50,47,3,97,2021-12-05 12:40:00,541157
Anastasiia Kozak_147196,Anastasiia Kozak,-3,0,28,34,-6,62,2021-12-05 12:40:00,541158
Vitalii Zharskiy_274448093,Vitalii Zharskiy,2,1,41,37,4,78,2021-12-05 12:45:00,541159
Yevhen Skorobahatyi_147206,Yevhen Skorobahatyi,-3,0,20,34,-14,54,2021-12-05 12:45:00,541160
I Minchenkov_114277,I Minchenkov,-3,0,18,33,-15,51,2021-12-05 12:46:00,541161
Aleksandr Tulenin_1968381636,Aleksandr Tulenin,-3,0,22,33,-11,55,2021-12-05 12:50:00,541162
Oleksandr Goncharuk_147217,Oleksandr Goncharuk,-1,0,44,47,-3,91,2021-12-05 12:50:00,541163
Ihor Kvak_147495,Ihor Kvak,-1,0,38,49,-11,87,2021-12-05 12:55:00,541164
Vitalii Sydorenko_147232,Vitalii Sydorenko,1,1,44,43,1,87,2021-12-05 12:55:00,541165
Volodymyr Ivasiv_1008742163,Volodymyr Ivasiv,-1,0,47,49,-2,96,2021-12-05 12:55:00,541166
Ya Bazhinov_114335,Ya Bazhinov,-1,0,43,49,-6,92,2021-12-05 12:57:00,541167
Sergiy Akhlamov_1731807471,Sergiy Akhlamov,2,1,42,34,8,76,2021-12-05 13:00:00,541168
Oleh Filenko_147170,Oleh Filenko,-1,0,41,48,-7,89,2021-12-05 13:00:00,541169
Filip Marat_147362,Filip Marat,2,1,46,43,3,89,2021-12-05 13:00:00,541170
Jo Belovsky_25572,Jo Belovsky,-1,0,40,47,-7,87,2021-12-05 13:00:00,541171
Vіtalіy Krokhmal_239049464,Vіtalіy Krokhmal,-2,0,31,43,-12,74,2021-12-05 13:00:00,541172
Oleksandr Levadnyi_796885087,Oleksandr Levadnyi,-2,0,36,39,-3,75,2021-12-05 13:05:00,541173
Valerii Danchenko_147182,Valerii Danchenko,2,1,39,36,3,75,2021-12-05 13:05:00,541174
D Popov_114312,D Popov,1,1,47,34,13,81,2021-12-05 13:06:00,541175
Yana Mykhailyk_147497,Yana Mykhailyk,2,1,40,30,10,70,2021-12-05 13:10:00,541176
Igor Kozhenkov_1411675256,Igor Kozhenkov,3,1,36,29,7,65,2021-12-05 13:10:00,541177
Vitalii Shaban_578031720,Vitalii Shaban,-3,0,27,37,-10,64,2021-12-05 13:15:00,541178
Yevhen Skorobahatyi_147207,Yevhen Skorobahatyi,-2,0,26,36,-10,62,2021-12-05 13:15:00,541179
A Potapkov_114278,A Potapkov,2,1,43,36,7,79,2021-12-05 13:15:00,541180
Serhij Maksymiv_1899114293,Serhij Maksymiv,2,1,40,33,7,73,2021-12-05 13:20:00,541181
Vladyslav Stukalov_147218,Vladyslav Stukalov,2,1,41,28,13,69,2021-12-05 13:20:00,541182
E Grishaev_114336,E Grishaev,1,1,51,42,9,93,2021-12-05 13:24:00,541183
Ruslan Tolstykh_147233,Ruslan Tolstykh,-1,0,39,50,-11,89,2021-12-05 13:25:00,541184
Volodymyr Korobko_147496,Volodymyr Korobko,1,1,39,50,-11,89,2021-12-05 13:25:00,541185
Serhiy Tkachuk_776559305,Serhiy Tkachuk,3,1,33,20,13,53,2021-12-05 13:25:00,541186
M Flanderka_25573,M Flanderka,-1,0,47,50,-3,97,2021-12-05 13:30:00,541187
Vasyl Aksenin_803905712,Vasyl Aksenin,-2,0,39,41,-2,80,2021-12-05 13:30:00,541188
Miroslav Brozek_147363,Miroslav Brozek,-2,0,33,38,-5,71,2021-12-05 13:30:00,541189
Vladyslav Ratushniak_147171,Vladyslav Ratushniak,1,1,48,38,10,86,2021-12-05 13:30:00,541190
V Kutin_114313,V Kutin,-2,0,27,41,-14,68,2021-12-05 13:32:00,541191
Alexey Gamyanin_2104386844,Alexey Gamyanin,3,1,35,29,6,64,2021-12-05 13:35:00,541192
Volodymyr Tymchenko_147183,Volodymyr Tymchenko,2,1,34,27,7,61,2021-12-05 13:35:00,541193
Andrii Selin_1499899517,Andrii Selin,1,1,53,44,9,97,2021-12-05 13:35:00,541194
Svitlana Yureneva_147499,Svitlana Yureneva,3,1,33,12,21,45,2021-12-05 13:40:00,541195
Serhii Boiko_1203538955,Serhii Boiko,2,1,43,36,7,79,2021-12-05 13:40:00,541196
I Minchenkov_114279,I Minchenkov,-3,0,24,33,-9,57,2021-12-05 13:45:00,541197
Sviatoslav Sachuk_147208,Sviatoslav Sachuk,-2,0,37,43,-6,80,2021-12-05 13:45:00,541198
Serhii Kinash_1116597967,Serhii Kinash,1,1,47,41,6,88,2021-12-05 13:45:00,541199
Anton Molochko_1809982136,Anton Molochko,1,1,57,53,4,110,2021-12-05 13:50:00,541200
Oleksandr Durduka_147219,Oleksandr Durduka,-3,0,15,33,-18,48,2021-12-05 13:50:00,541201
Hennadii Portnov_147234,Hennadii Portnov,-1,0,53,53,0,106,2021-12-05 13:55:00,541202
Liubomyr Sheshurak_884384269,Liubomyr Sheshurak,-1,0,49,51,-2,100,2021-12-05 13:55:00,541203
Maksym Skhabovskyi_375328768,Maksym Skhabovskyi,1,1,48,47,1,95,2021-12-05 14:00:00,541204
Miroslav Brozek_147364,Miroslav Brozek,2,1,41,35,6,76,2021-12-05 14:00:00,541205
A Zirin_114314,A Zirin,2,1,42,33,9,75,2021-12-05 14:00:00,541206
Ya Bazhinov_114337,Ya Bazhinov,3,1,39,27,12,66,2021-12-05 14:01:00,541207
J Vojtech_25574,J Vojtech,-1,0,37,48,-11,85,2021-12-05 14:03:00,541208
Yaroslav Vorsuliak_1741423913,Yaroslav Vorsuliak,-2,0,40,43,-3,83,2021-12-05 14:05:00,541209
Oleksandr Khoroshun_147184,Oleksandr Khoroshun,-1,0,49,54,-5,103,2021-12-05 14:05:00,541210
Sergiy Akhlamov_1026609994,Sergiy Akhlamov,-2,0,32,43,-11,75,2021-12-05 14:10:00,541211
Vіtalіy Krokhmal_627997598,Vіtalіy Krokhmal,3,1,33,17,16,50,2021-12-05 14:10:00,541212
T Yusipov_114280,T Yusipov,1,1,46,44,2,90,2021-12-05 14:15:00,541213
Oleksii Krutko_1708293450,Oleksii Krutko,1,1,54,46,8,100,2021-12-05 14:15:00,541214
Dmytro Baistriuchenko_748250379,Dmytro Baistriuchenko,1,1,46,39,7,85,2021-12-05 14:20:00,541215
Oleksandr Goncharuk_147220,Oleksandr Goncharuk,-3,0,18,33,-15,51,2021-12-05 14:20:00,541216
Vitalii Sydorenko_147235,Vitalii Sydorenko,3,1,34,19,15,53,2021-12-05 14:25:00,541217
Oleksandr Tkachenko_1561317996,Oleksandr Tkachenko,1,1,44,48,-4,92,2021-12-05 14:25:00,541218
V Evlampiev_114338,V Evlampiev,3,1,33,19,14,52,2021-12-05 14:26:00,541219
Filip Marat_147365,Filip Marat,-1,0,46,45,1,91,2021-12-05 14:30:00,541220
Serhij Maksymiv_1485213397,Serhij Maksymiv,-2,0,23,39,-16,62,2021-12-05 14:30:00,541221
M Svedik_25575,M Svedik,2,1,38,30,8,68,2021-12-05 14:31:00,541222
V Kutin_114503,V Kutin,-1,0,48,48,0,96,2021-12-05 14:32:00,541223
Aleksandr Tulenin_273728516,Aleksandr Tulenin,2,1,38,26,12,64,2021-12-05 14:35:00,541224
Volodymyr Tymchenko_147185,Volodymyr Tymchenko,3,1,33,21,12,54,2021-12-05 14:35:00,541225
Oleksii Tkachuk_907101965,Oleksii Tkachuk,-2,0,34,43,-9,77,2021-12-05 14:40:00,541226
Alexey Gamyanin_1801251853,Alexey Gamyanin,-3,0,30,37,-7,67,2021-12-05 14:45:00,541227
Andrii Selin_470605053,Andrii Selin,-1,0,46,51,-5,97,2021-12-05 14:45:00,541228
I Minchenkov_114507,I Minchenkov,3,1,36,19,17,55,2021-12-05 14:48:00,541229
R Arutiunov_114505,R Arutiunov,-2,0,31,40,-9,71,2021-12-05 14:48:00,541230
Eldar Alekperov_147221,Eldar Alekperov,-3,0,21,33,-12,54,2021-12-05 14:50:00,541231
Serhii Tsybulin_840900216,Serhii Tsybulin,-2,0,34,42,-8,76,2021-12-05 14:50:00,541232
Kostiantyn Kovalchuk_147236,Kostiantyn Kovalchuk,3,1,34,27,7,61,2021-12-05 14:55:00,541233
Anatolii Chaplianka_589639093,Anatolii Chaplianka,-1,0,46,49,-3,95,2021-12-05 14:55:00,541234
J Vojtech_25576,J Vojtech,-2,0,33,41,-8,74,2021-12-05 14:59:00,541235
Ondrej Malecek_147366,Ondrej Malecek,-2,0,28,38,-10,66,2021-12-05 15:00:00,541236
Maksym Nikolenko_742698946,Maksym Nikolenko,-1,0,40,53,-13,93,2021-12-05 15:00:00,541237
Viktor Leonov_147186,Viktor Leonov,-3,0,27,36,-9,63,2021-12-05 15:05:00,541238
Vitalii Zharskiy_207768656,Vitalii Zharskiy,2,1,37,30,7,67,2021-12-05 15:05:00,541239
D Popov_114504,D Popov,2,1,41,33,8,74,2021-12-05 15:10:00,541240
Oleh Formaziuk_682384915,Oleh Formaziuk,3,1,34,26,8,60,2021-12-05 15:10:00,541241
Volodymyr Ivasiv_494591656,Volodymyr Ivasiv,-2,0,36,40,-4,76,2021-12-05 15:15:00,541242
M Ilichev_114508,M Ilichev,2,1,50,43,7,93,2021-12-05 15:15:00,541243
E Grishaev_114506,E Grishaev,1,1,48,44,4,92,2021-12-05 15:15:00,541244
Ihor Petrivskyi_147241,Ihor Petrivskyi,-2,0,32,44,-12,76,2021-12-05 15:20:00,541245
Serhii Poliakov_1491050396,Serhii Poliakov,-3,0,23,35,-12,58,2021-12-05 15:20:00,541246
Oleksandr Goncharuk_147222,Oleksandr Goncharuk,3,1,33,13,20,46,2021-12-05 15:20:00,541247
Valentin Zaichenko_1417590327,Valentin Zaichenko,3,1,33,19,14,52,2021-12-05 15:20:00,541248
Vitalii Sydorenko_147237,Vitalii Sydorenko,-1,0,44,50,-6,94,2021-12-05 15:25:00,541249
Oleksii Krutko_1550944195,Oleksii Krutko,2,1,38,30,8,68,2021-12-05 15:25:00,541250
Filip Marat_147367,Filip Marat,1,1,49,39,10,88,2021-12-05 15:30:00,541251
Yurii Kurishchenko_147256,Yurii Kurishchenko,-1,0,45,56,-11,101,2021-12-05 15:30:00,541252
Dmytro Baistriuchenko_44746585,Dmytro Baistriuchenko,-1,0,42,51,-9,93,2021-12-05 15:30:00,541253
M Flanderka_25577,M Flanderka,-1,0,53,53,0,106,2021-12-05 15:31:00,541254
S Muslikov_114315,S Muslikov,3,1,36,24,12,60,2021-12-05 15:34:00,541255
Yevhen Ivanov_147266,Yevhen Ivanov,3,1,34,24,10,58,2021-12-05 15:35:00,541256
Dmytro Halai_594824105,Dmytro Halai,-3,0,22,33,-11,55,2021-12-05 15:35:00,541257
Anna Miklukha_1387802354,Anna Miklukha,1,1,45,40,5,85,2021-12-05 15:40:00,541258
Kostiantyn Seliuk_147281,Kostiantyn Seliuk,1,1,49,42,7,91,2021-12-05 15:40:00,541259
Ihor Vasylyshyn_147296,Ihor Vasylyshyn,-3,0,22,35,-13,57,2021-12-05 15:45:00,541260
Stepan Grygorenko_147223,Stepan Grygorenko,2,1,41,29,12,70,2021-12-05 15:50:00,541261
Ihor Syniavskyi_855863873,Ihor Syniavskyi,-3,0,25,34,-9,59,2021-12-05 15:50:00,541262
Oleksandr Kalynevych_147242,Oleksandr Kalynevych,2,1,40,26,14,66,2021-12-05 15:50:00,541263
A Frolov_114281,A Frolov,-2,0,35,40,-5,75,2021-12-05 15:52:00,541264
A Shabanova_114339,A Shabanova,3,1,33,16,17,49,2021-12-05 15:54:00,541265
Dmytro Tsurkalenko_147238,Dmytro Tsurkalenko,-3,0,25,36,-11,61,2021-12-05 15:55:00,541266
Serhii Baranovskyi_1606422543,Serhii Baranovskyi,-2,0,31,42,-11,73,2021-12-05 15:55:00,541267
Oleksandr Shkurupii_2027799383,Oleksandr Shkurupii,-2,0,38,44,-6,82,2021-12-05 16:00:00,541268
Valeriy Vlasenko_147257,Valeriy Vlasenko,-2,0,37,45,-8,82,2021-12-05 16:00:00,541269
A Alekseyev_114316,A Alekseyev,-3,0,24,33,-9,57,2021-12-05 16:01:00,541270
Oleh Obrazkov_147267,Oleh Obrazkov,-3,0,23,34,-11,57,2021-12-05 16:05:00,541271
Dmytro Arzanov_73948445,Dmytro Arzanov,-3,0,23,33,-10,56,2021-12-05 16:05:00,541272
Serhii Rutskyi_1861244299,Serhii Rutskyi,3,1,33,23,10,56,2021-12-05 16:10:00,541273
Volodymyr Kazmyrchuk_147282,Volodymyr Kazmyrchuk,-2,0,35,37,-2,72,2021-12-05 16:10:00,541274
M Flanderka_25596,M Flanderka,-1,0,44,51,-7,95,2021-12-05 16:13:00,541275
Alina Kurtenko_599368434,Alina Kurtenko,2,1,46,40,6,86,2021-12-05 16:15:00,541276
Viktor Pakhniuk_147297,Viktor Pakhniuk,-1,0,44,54,-10,98,2021-12-05 16:15:00,541277
Vojtech Koutnik_147527,Vojtech Koutnik,2,1,37,26,11,63,2021-12-05 16:15:00,541278
A Golubeva_114340,A Golubeva,2,1,40,28,12,68,2021-12-05 16:16:00,541279
Pavlo Chyzh_1689270061,Pavlo Chyzh,2,1,37,36,1,73,2021-12-05 16:20:00,541280
Viktor Kodola_147243,Viktor Kodola,2,1,37,26,11,63,2021-12-05 16:20:00,541281
A Lobanov_114282,A Lobanov,-1,0,42,50,-8,92,2021-12-05 16:22:00,541282
Roman Hnoievoi_147311,Roman Hnoievoi,-1,0,44,47,-3,91,2021-12-05 16:25:00,541283
Artur Moriak_1292834185,Artur Moriak,-2,0,40,40,0,80,2021-12-05 16:25:00,541284
Roman Cherevko_2023761366,Roman Cherevko,-2,0,29,42,-13,71,2021-12-05 16:30:00,541285
Yurii Kurishchenko_147258,Yurii Kurishchenko,-2,0,34,39,-5,73,2021-12-05 16:30:00,541286
M Sverdlov_114317,M Sverdlov,-3,0,21,33,-12,54,2021-12-05 16:32:00,541287
Alina Shkarban_699498205,Alina Shkarban,3,1,33,16,17,49,2021-12-05 16:35:00,541288
Yurii Reva_147268,Yurii Reva,-1,0,40,49,-9,89,2021-12-05 16:35:00,541289
Yuliia Yemelianenko_512192330,Yuliia Yemelianenko,3,1,33,19,14,52,2021-12-05 16:40:00,541290
Viktor Dushak_147283,Viktor Dushak,-3,0,22,33,-11,55,2021-12-05 16:40:00,541291
Jo Belovsky_25597,Jo Belovsky,-1,0,37,50,-13,87,2021-12-05 16:44:00,541292
Dmytro Khairov_147298,Dmytro Khairov,-3,0,8,33,-25,41,2021-12-05 16:45:00,541293
Dmytro Halai_740090961,Dmytro Halai,3,1,33,19,14,52,2021-12-05 16:45:00,541294
Ondrej Malecek_147528,Ondrej Malecek,1,1,52,43,9,95,2021-12-05 16:45:00,541295
V Kandybina_114341,V Kandybina,2,1,39,30,9,69,2021-12-05 16:46:00,541296
Anna Miklukha_1808742818,Anna Miklukha,-1,0,37,46,-9,83,2021-12-05 16:50:00,541297
Oleksandr Kalynevych_147244,Oleksandr Kalynevych,3,1,33,15,18,48,2021-12-05 16:50:00,541298
Dmytro Lohosha_641740267,Dmytro Lohosha,3,1,33,16,17,49,2021-12-05 16:55:00,541299
V Kalachev_114283,V Kalachev,-2,0,31,40,-9,71,2021-12-05 16:55:00,541300
Oleksandr Lysenko_147312,Oleksandr Lysenko,2,1,49,42,7,91,2021-12-05 16:55:00,541301
Petr Fiser_147368,Petr Fiser,-1,0,42,50,-8,92,2021-12-05 17:00:00,541302
Nikita Vilenchyts_147259,Nikita Vilenchyts,3,1,33,24,9,57,2021-12-05 17:00:00,541303
Ihor Syniavskyi_1914525095,Ihor Syniavskyi,-3,0,22,33,-11,55,2021-12-05 17:00:00,541304
A Yakovlev_114318,A Yakovlev,-3,0,23,34,-11,57,2021-12-05 17:01:00,541305
Oleh Obrazkov_147269,Oleh Obrazkov,-3,0,21,34,-13,55,2021-12-05 17:05:00,541306
Serhii Baranovskyi_1554781904,Serhii Baranovskyi,-3,0,24,33,-9,57,2021-12-05 17:05:00,541307
Volodymyr Kazmyrchuk_147284,Volodymyr Kazmyrchuk,-1,0,45,41,4,86,2021-12-05 17:10:00,541308
Yuliia Yemelianenko_301585576,Yuliia Yemelianenko,-1,0,53,57,-4,110,2021-12-05 17:10:00,541309
P Gireth_25578,P Gireth,-1,0,47,46,1,93,2021-12-05 17:13:00,541310
Tatiana Bairak_421472160,Tatiana Bairak,3,1,37,24,13,61,2021-12-05 17:15:00,541311
Viktor Pakhniuk_147299,Viktor Pakhniuk,-1,0,41,52,-11,93,2021-12-05 17:15:00,541312
N Malinina_114342,N Malinina,1,1,42,43,-1,85,2021-12-05 17:15:00,541313
Serhii Rutskyi_1228642421,Serhii Rutskyi,1,1,46,41,5,87,2021-12-05 17:20:00,541314
Ihor Petrivskyi_147245,Ihor Petrivskyi,-3,0,18,33,-15,51,2021-12-05 17:20:00,541315
Yaroslava Prykhodko_1366065381,Yaroslava Prykhodko,3,1,33,18,15,51,2021-12-05 17:25:00,541316
Dmytro Rehotun_147313,Dmytro Rehotun,-1,0,45,47,-2,92,2021-12-05 17:25:00,541317
P Bondarenko_114284,P Bondarenko,-1,0,45,51,-6,96,2021-12-05 17:26:00,541318
Pavlo Chyzh_1914795576,Pavlo Chyzh,2,1,43,36,7,79,2021-12-05 17:30:00,541319
Dominik Marasek_147369,Dominik Marasek,-3,0,23,33,-10,56,2021-12-05 17:30:00,541320
Valeriy Vlasenko_147260,Valeriy Vlasenko,-1,0,47,50,-3,97,2021-12-05 17:30:00,541321
M Sverdlov_114319,M Sverdlov,1,1,52,44,8,96,2021-12-05 17:31:00,541322
Artur Moriak_1581802062,Artur Moriak,1,1,44,49,-5,93,2021-12-05 17:35:00,541323
Yevhen Ivanov_147270,Yevhen Ivanov,-2,0,28,41,-13,69,2021-12-05 17:35:00,541324
Kostiantyn Seliuk_147285,Kostiantyn Seliuk,1,1,54,48,6,102,2021-12-05 17:40:00,541325
Yevhen Masko_122076736,Yevhen Masko,-1,0,44,47,-3,91,2021-12-05 17:40:00,541326
Ja Kanera_25579,Ja Kanera,-3,0,19,33,-14,52,2021-12-05 17:43:00,541327
Yuliia Yemelianenko_1006828895,Yuliia Yemelianenko,2,1,39,33,6,72,2021-12-05 17:45:00,541328
Ihor Vasylyshyn_147300,Ihor Vasylyshyn,3,1,33,11,22,44,2021-12-05 17:45:00,541329
V Kandybina_114343,V Kandybina,3,1,35,21,14,56,2021-12-05 17:46:00,541330
Duan Zhy Penh_147246,Duan Zhy Penh,2,1,35,31,4,66,2021-12-05 17:50:00,541331
Tatiana Bairak_1646198352,Tatiana Bairak,3,1,33,20,13,53,2021-12-05 17:50:00,541332
Oleksandr Lysenko_147314,Oleksandr Lysenko,-2,0,38,47,-9,85,2021-12-05 17:55:00,541333
Dmytro Halai_981740959,Dmytro Halai,-3,0,23,34,-11,57,2021-12-05 17:55:00,541334
Yurii Kurishchenko_147261,Yurii Kurishchenko,-2,0,36,42,-6,78,2021-12-05 18:00:00,541335
Alina Kurtenko_7715393,Alina Kurtenko,-1,0,46,50,-4,96,2021-12-05 18:00:00,541336
Jo Kutifel_25580,Jo Kutifel,3,1,35,27,8,62,2021-12-05 18:00:00,541337
Dominik Marasek_147370,Dominik Marasek,1,1,53,46,7,99,2021-12-05 18:00:00,541338
V Kalachev_114285,V Kalachev,-2,0,33,38,-5,71,2021-12-05 18:01:00,541339
Roman Oliynyk_1761690512,Roman Oliynyk,-3,0,28,36,-8,64,2021-12-05 18:05:00,541340
Mykhailo Diachenko_147271,Mykhailo Diachenko,1,1,52,46,6,98,2021-12-05 18:05:00,541341
A Alekseyev_114320,A Alekseyev,2,1,42,31,11,73,2021-12-05 18:08:00,541342
Andrii Dekhtiarenko_147286,Andrii Dekhtiarenko,3,1,33,18,15,51,2021-12-05 18:10:00,541343
Ihor Syniavskyi_1594466860,Ihor Syniavskyi,-1,0,49,52,-3,101,2021-12-05 18:10:00,541344
Serhii Burdelnyi_147301,Serhii Burdelnyi,1,1,51,46,5,97,2021-12-05 18:15:00,541345
Roman Cherevko_991013280,Roman Cherevko,3,1,34,24,10,58,2021-12-05 18:15:00,541346
A Golubeva_114344,A Golubeva,-2,0,37,45,-8,82,2021-12-05 18:15:00,541347
Alina Shkarban_1806073741,Alina Shkarban,3,1,33,22,11,55,2021-12-05 18:20:00,541348
Viktor Kodola_147247,Viktor Kodola,1,1,49,44,5,93,2021-12-05 18:20:00,541349
Tatiana Bairak_284610159,Tatiana Bairak,-2,0,32,36,-4,68,2021-12-05 18:25:00,541350
Roman Hnoievoi_147315,Roman Hnoievoi,1,1,51,50,1,101,2021-12-05 18:25:00,541351
A Lobanov_114286,A Lobanov,-1,0,39,44,-5,83,2021-12-05 18:28:00,541352
Petr Fiser_147371,Petr Fiser,-2,0,35,39,-4,74,2021-12-05 18:30:00,541353
Serhii Skachenko_1679377971,Serhii Skachenko,3,1,33,26,7,59,2021-12-05 18:30:00,541354
Valeriy Vlasenko_147262,Valeriy Vlasenko,-1,0,54,52,2,106,2021-12-05 18:30:00,541355
P Macela_25581,P Macela,1,1,48,41,7,89,2021-12-05 18:30:00,541356
Yurii Reva_147272,Yurii Reva,3,1,34,22,12,56,2021-12-05 18:35:00,541357
A Yakovlev_114509,A Yakovlev,2,1,45,41,4,86,2021-12-05 18:35:00,541358
Anna Miklukha_942105446,Anna Miklukha,2,1,41,33,8,74,2021-12-05 18:35:00,541359
Dmytro Lohosha_1716245085,Dmytro Lohosha,-1,0,42,46,-4,88,2021-12-05 18:40:00,541360
Viktor Dushak_147287,Viktor Dushak,-1,0,47,51,-4,98,2021-12-05 18:40:00,541361
Vasyl Pleshkan_618706754,Vasyl Pleshkan,2,1,48,44,4,92,2021-12-05 18:45:00,541362
N Malinina_114511,N Malinina,-2,0,35,43,-8,78,2021-12-05 18:47:00,541363
Serhii Baranovskyi_1731734640,Serhii Baranovskyi,-2,0,29,41,-12,70,2021-12-05 18:50:00,541364
Oleksandr Kalynevych_147248,Oleksandr Kalynevych,3,1,33,18,15,51,2021-12-05 18:50:00,541365
Ruslan Solomko_147316,Ruslan Solomko,3,1,34,25,9,59,2021-12-05 18:55:00,541366
Tatiana Bairak_1627585812,Tatiana Bairak,-3,0,14,33,-19,47,2021-12-05 18:55:00,541367
Jo Kutifel_25582,Jo Kutifel,-1,0,40,47,-7,87,2021-12-05 18:59:00,541368
Yuliia Yemelianenko_1815609316,Yuliia Yemelianenko,1,1,54,50,4,104,2021-12-05 19:00:00,541369
Josef Hondlik_147372,Josef Hondlik,3,1,33,18,15,51,2021-12-05 19:00:00,541370
Nikita Vilenchyts_147263,Nikita Vilenchyts,3,1,35,25,10,60,2021-12-05 19:00:00,541371
Oleh Obrazkov_147273,Oleh Obrazkov,-3,0,7,33,-26,40,2021-12-05 19:05:00,541372
Serhii Rutskyi_1430247102,Serhii Rutskyi,-1,0,48,48,0,96,2021-12-05 19:05:00,541373
A Alekseyev_114510,A Alekseyev,1,1,51,45,6,96,2021-12-05 19:06:00,541374
V Kalachev_114513,V Kalachev,-1,0,43,48,-5,91,2021-12-05 19:09:00,541375
Volodymyr Kazmyrchuk_147288,Volodymyr Kazmyrchuk,-1,0,44,50,-6,94,2021-12-05 19:10:00,541376
Yaroslava Prykhodko_1280480953,Yaroslava Prykhodko,3,1,35,25,10,60,2021-12-05 19:10:00,541377
Viktor Pakhniuk_147303,Viktor Pakhniuk,-2,0,27,42,-15,69,2021-12-05 19:15:00,541378
Pavlo Chyzh_1808087169,Pavlo Chyzh,1,1,54,44,10,98,2021-12-05 19:15:00,541379
V Kandybina_114512,V Kandybina,-2,0,27,40,-13,67,2021-12-05 19:15:00,541380
Ihor Petrivskyi_147249,Ihor Petrivskyi,-1,0,41,49,-8,90,2021-12-05 19:20:00,541381
Oleksandr Kovalchuk_147384,Oleksandr Kovalchuk,-1,0,41,49,-8,90,2021-12-05 19:20:00,541382
Oleg Kuravsky_179257773,Oleg Kuravsky,-3,0,25,33,-8,58,2021-12-05 19:20:00,541383
Yevhen Masko_1369988813,Yevhen Masko,2,1,42,33,9,75,2021-12-05 19:25:00,541384
Dmytro Rehotun_147317,Dmytro Rehotun,2,1,46,42,4,88,2021-12-05 19:25:00,541385
Tatiana Bairak_1398911745,Tatiana Bairak,-2,0,29,38,-9,67,2021-12-05 19:30:00,541386
Ja Kanera_25583,Ja Kanera,3,1,33,25,8,58,2021-12-05 19:30:00,541387
Yurii Kurishchenko_147264,Yurii Kurishchenko,-2,0,35,40,-5,75,2021-12-05 19:30:00,541388
Petr Fiser_147373,Petr Fiser,-2,0,30,41,-11,71,2021-12-05 19:30:00,541389
Yevhen Ivanov_147274,Yevhen Ivanov,-1,0,41,44,-3,85,2021-12-05 19:35:00,541390
Yuliia Yemelianenko_1566952819,Yuliia Yemelianenko,-2,0,23,42,-19,65,2021-12-05 19:35:00,541391
A Frolov_114514,A Frolov,-3,0,18,33,-15,51,2021-12-05 19:40:00,541392
Kostiantyn Seliuk_147289,Kostiantyn Seliuk,-3,0,19,33,-14,52,2021-12-05 19:40:00,541393
Dmytro Halai_818681169,Dmytro Halai,-3,0,27,37,-10,64,2021-12-05 19:40:00,541394
G Bardyshev_114321,G Bardyshev,3,1,33,15,18,48,2021-12-05 19:43:00,541395
Alina Kurtenko_1348075543,Alina Kurtenko,2,1,40,35,5,75,2021-12-05 19:45:00,541396
Ihor Vasylyshyn_147304,Ihor Vasylyshyn,-2,0,50,54,-4,104,2021-12-05 19:45:00,541397
V Fedorov_114345,V Fedorov,1,1,50,49,1,99,2021-12-05 19:46:00,541398
Duan Zhy Penh_147250,Duan Zhy Penh,-1,0,40,44,-4,84,2021-12-05 19:50:00,541399
Oleksii Hrymovskyi_147385,Oleksii Hrymovskyi,-2,0,39,43,-4,82,2021-12-05 19:50:00,541400
Roman Oliynyk_2003377424,Roman Oliynyk,-3,0,26,37,-11,63,2021-12-05 19:50:00,541401
Ihor Syniavskyi_2067010550,Ihor Syniavskyi,2,1,43,36,7,79,2021-12-05 19:55:00,541402
Oleksandr Lysenko_147318,Oleksandr Lysenko,-1,0,48,53,-5,101,2021-12-05 19:55:00,541403
P Gireth_25622,P Gireth,2,1,42,28,14,70,2021-12-05 20:00:00,541404
Viacheslav Isakov_147265,Viacheslav Isakov,-1,0,49,47,2,96,2021-12-05 20:00:00,541405
Artur Akopyan_147707,Artur Akopyan,2,1,46,37,9,83,2021-12-05 20:00:00,541406
Roman Cherevko_1300646355,Roman Cherevko,-2,0,36,45,-9,81,2021-12-05 20:00:00,541407
S Nikulin_114287,S Nikulin,2,1,39,35,4,74,2021-12-05 20:01:00,541408
V Chernov_114322,V Chernov,2,1,42,36,6,78,2021-12-05 20:03:00,541409
Denys Vakulenko_1235837773,Denys Vakulenko,-2,0,34,43,-9,77,2021-12-05 20:05:00,541410
Mykhailo Diachenko_147275,Mykhailo Diachenko,3,1,33,15,18,48,2021-12-05 20:05:00,541411
Vitalii Vovk_1658987799,Vitalii Vovk,-3,0,23,35,-12,58,2021-12-05 20:10:00,541412
Andrii Dekhtiarenko_147290,Andrii Dekhtiarenko,2,1,42,37,5,79,2021-12-05 20:10:00,541413
Serhii Burdelnyi_147305,Serhii Burdelnyi,-1,0,41,47,-6,88,2021-12-05 20:15:00,541414
Serhii Rutskyi_601998979,Serhii Rutskyi,-2,0,32,43,-11,75,2021-12-05 20:15:00,541415
Viktor Kodola_147251,Viktor Kodola,2,1,35,32,3,67,2021-12-05 20:20:00,541416
Yulia Hodko_827377381,Yulia Hodko,-1,0,44,52,-8,96,2021-12-05 20:20:00,541417
Oleksandr Kovalchuk_147386,Oleksandr Kovalchuk,-3,0,25,33,-8,58,2021-12-05 20:20:00,541418
A Innazarov_114346,A Innazarov,-3,0,17,33,-16,50,2021-12-05 20:23:00,541419
Dmytro Lohosha_1860966712,Dmytro Lohosha,2,1,41,25,16,66,2021-12-05 20:25:00,541420
Roman Hnoievoi_147319,Roman Hnoievoi,1,1,48,35,13,83,2021-12-05 20:25:00,541421
D Petrochenko_114288,D Petrochenko,-1,0,45,52,-7,97,2021-12-05 20:26:00,541422
Oleg Kuravsky_1875012667,Oleg Kuravsky,2,1,39,32,7,71,2021-12-05 20:30:00,541423
Jo Kutifel_25623,Jo Kutifel,2,1,43,33,10,76,2021-12-05 20:30:00,541424
Josef Hondlik_147708,Josef Hondlik,3,1,36,24,12,60,2021-12-05 20:30:00,541425
S Kuzmin_114323,S Kuzmin,2,1,38,22,16,60,2021-12-05 20:33:00,541426
Roman Derypaska_573115407,Roman Derypaska,-3,0,22,33,-11,55,2021-12-05 20:35:00,541427
Yurii Reva_147276,Yurii Reva,-3,0,17,33,-16,50,2021-12-05 20:35:00,541428
Viktor Dushak_147291,Viktor Dushak,-2,0,41,48,-7,89,2021-12-05 20:40:00,541429
Denys Vakulenko_1558385507,Denys Vakulenko,3,1,33,19,14,52,2021-12-05 20:40:00,541430
V Petrov_114347,V Petrov,-3,0,24,35,-11,59,2021-12-05 20:45:00,541431
Viacheslav Isakov_147709,Viacheslav Isakov,-1,0,41,48,-7,89,2021-12-05 20:45:00,541432
Serhii Ponomarenko_1460772845,Serhii Ponomarenko,-1,0,51,52,-1,103,2021-12-05 20:45:00,541433
Ihor Petrivskyi_147252,Ihor Petrivskyi,-2,0,35,43,-8,78,2021-12-05 20:50:00,541434
Dmytro Halai_1186185314,Dmytro Halai,2,1,37,29,8,66,2021-12-05 20:50:00,541435
Andrii Dombrovskyi_147387,Andrii Dombrovskyi,-2,0,40,47,-7,87,2021-12-05 20:50:00,541436
Ruslan Solomko_147320,Ruslan Solomko,-3,0,19,33,-14,52,2021-12-05 20:55:00,541437
Anna Miklukha_397380199,Anna Miklukha,1,1,50,40,10,90,2021-12-05 20:55:00,541438
Martin Juhasz_147374,Martin Juhasz,-1,0,45,50,-5,95,2021-12-05 21:00:00,541439
Z Bilek_25584,Z Bilek,-2,0,29,42,-13,71,2021-12-05 21:00:00,541440
I Zemit_114324,I Zemit,2,1,39,35,4,74,2021-12-05 21:00:00,541441
Andrii Khvysiuk_344676311,Andrii Khvysiuk,-2,0,36,39,-3,75,2021-12-05 21:00:00,541442
Ihor Syniavskyi_527371490,Ihor Syniavskyi,-3,0,18,33,-15,51,2021-12-05 21:05:00,541443
D Razinkov_114289,D Razinkov,2,1,40,36,4,76,2021-12-05 21:07:00,541444
Serhii Baranovskyi_858196883,Serhii Baranovskyi,-2,0,32,41,-9,73,2021-12-05 21:10:00,541445
Ihor Vasylyshyn_147307,Ihor Vasylyshyn,3,1,35,25,10,60,2021-12-05 21:15:00,541446
Dmytro Gudimenko_147710,Dmytro Gudimenko,-3,0,29,38,-9,67,2021-12-05 21:15:00,541447
R Homenko_114348,R Homenko,2,1,42,26,16,68,2021-12-05 21:15:00,541448
Vitalii Vovk_1826815033,Vitalii Vovk,3,1,33,17,16,50,2021-12-05 21:15:00,541449
Mykola Shyshkin_147253,Mykola Shyshkin,-2,0,36,44,-8,80,2021-12-05 21:20:00,541450
Denys Vakulenko_1277974680,Denys Vakulenko,3,1,33,18,15,51,2021-12-05 21:20:00,541451
Oleksii Hrymovskyi_147388,Oleksii Hrymovskyi,-3,0,22,33,-11,55,2021-12-05 21:20:00,541452
Dmytro Rehotun_147321,Dmytro Rehotun,2,1,41,30,11,71,2021-12-05 21:25:00,541453
Serhii Rutskyi_1719454373,Serhii Rutskyi,-1,0,46,52,-6,98,2021-12-05 21:25:00,541454
S Kuzmin_114325,S Kuzmin,-3,0,26,35,-9,61,2021-12-05 21:30:00,541455
Petr Semrad_147375,Petr Semrad,-2,0,43,51,-8,94,2021-12-05 21:30:00,541456
Yaroslava Prykhodko_1979509179,Yaroslava Prykhodko,-2,0,25,42,-17,67,2021-12-05 21:30:00,541457
L Protiva_25585,L Protiva,1,1,49,46,3,95,2021-12-05 21:30:00,541458
Dmitriy Pereyaslovskyi_147278,Dmitriy Pereyaslovskyi,3,1,34,27,7,61,2021-12-05 21:35:00,541459
Pavlo Chyzh_672704815,Pavlo Chyzh,-1,0,42,47,-5,89,2021-12-05 21:35:00,541460
Daniil Atamanchuk_147293,Daniil Atamanchuk,1,1,47,41,6,88,2021-12-05 21:40:00,541461
Oleg Kuravsky_1392282985,Oleg Kuravsky,1,1,51,46,5,97,2021-12-05 21:40:00,541462
D Tunitsyn_114290,D Tunitsyn,-2,0,34,42,-8,76,2021-12-05 21:40:00,541463
Yevhen Pysmennyi_734648493,Yevhen Pysmennyi,-2,0,37,40,-3,77,2021-12-05 21:45:00,541464
Serhii Dovzhenko_147308,Serhii Dovzhenko,-3,0,26,34,-8,60,2021-12-05 21:45:00,541465
V Petrov_114349,V Petrov,2,1,39,32,7,71,2021-12-05 21:45:00,541466
Serhii Ponomarenko_961622081,Serhii Ponomarenko,3,1,33,24,9,57,2021-12-05 21:50:00,541467
Oleksandr Kovalchuk_147389,Oleksandr Kovalchuk,1,1,50,47,3,97,2021-12-05 21:50:00,541468
Ihor Petrivskyi_147254,Ihor Petrivskyi,-2,0,28,40,-12,68,2021-12-05 21:50:00,541469
Vitalii Vovk_2130389816,Vitalii Vovk,2,1,42,31,11,73,2021-12-05 21:55:00,541470
Roman Hnoievoi_147322,Roman Hnoievoi,-2,0,35,48,-13,83,2021-12-05 21:55:00,541471
Petr Semrad_147376,Petr Semrad,2,1,42,32,10,74,2021-12-05 22:00:00,541472
Serhii Skachenko_1842471685,Serhii Skachenko,-2,0,35,43,-8,78,2021-12-05 22:00:00,541473
D Brumlich_25586,D Brumlich,1,1,49,49,0,98,2021-12-05 22:00:00,541474
V Chernov_114326,V Chernov,-2,0,38,43,-5,81,2021-12-05 22:01:00,541475
Anna Miklukha_1837206843,Anna Miklukha,1,1,45,46,-1,91,2021-12-05 22:05:00,541476
Yevhen Ivanov_147279,Yevhen Ivanov,3,1,34,22,12,56,2021-12-05 22:05:00,541477
D Razinkov_114291,D Razinkov,2,1,42,36,6,78,2021-12-05 22:08:00,541478
Kostiantyn Seliuk_147294,Kostiantyn Seliuk,2,1,37,35,2,72,2021-12-05 22:10:00,541479
Andrii Khvysiuk_126518803,Andrii Khvysiuk,-2,0,33,42,-9,75,2021-12-05 22:10:00,541480
Artur Moriak_600822327,Artur Moriak,-1,0,49,45,4,94,2021-12-05 22:15:00,541481
A Innazarov_114350,A Innazarov,1,1,55,49,6,104,2021-12-05 22:15:00,541482
Ihor Vasylyshyn_147309,Ihor Vasylyshyn,-3,0,24,34,-10,58,2021-12-05 22:15:00,541483
Oleksii Hrymovskyi_147390,Oleksii Hrymovskyi,-1,0,44,50,-6,94,2021-12-05 22:20:00,541484
Yevhen Masko_759237522,Yevhen Masko,3,1,37,28,9,65,2021-12-05 22:20:00,541485
Oleksandr Kalynevych_147255,Oleksandr Kalynevych,1,1,50,39,11,89,2021-12-05 22:20:00,541486
Yurii Kolesnyk_147323,Yurii Kolesnyk,-2,0,38,45,-7,83,2021-12-05 22:25:00,541487
Serhii Zemiantsev_2064101303,Serhii Zemiantsev,1,1,46,48,-2,94,2021-12-05 22:25:00,541488
Martin Juhasz_147377,Martin Juhasz,-2,0,38,46,-8,84,2021-12-05 22:30:00,541489
Denys Vakulenko_408091551,Denys Vakulenko,-2,0,36,40,-4,76,2021-12-05 22:30:00,541490
jr. Hruska_25587,jr. Hruska,2,1,37,34,3,71,2021-12-05 22:30:00,541491
S Kuzmin_114515,S Kuzmin,-2,0,41,45,-4,86,2021-12-05 22:37:00,541492
D Petrochenko_114292,D Petrochenko,3,1,37,17,20,54,2021-12-05 22:37:00,541493
Dmytro Lohosha_147403819,Dmytro Lohosha,2,1,42,29,13,71,2021-12-05 22:45:00,541494
Andrii Dombrovskyi_147391,Andrii Dombrovskyi,-2,0,32,40,-8,72,2021-12-05 22:50:00,541495
A Innazarov_114517,A Innazarov,1,1,53,46,7,99,2021-12-05 22:50:00,541496
Roman Hnoievoi_147324,Roman Hnoievoi,2,1,39,32,7,71,2021-12-05 22:55:00,541497
D Brumlich_25588,D Brumlich,-3,0,30,37,-7,67,2021-12-05 22:59:00,541498
Jachym Sebl_147378,Jachym Sebl,-1,0,40,46,-6,86,2021-12-05 23:00:00,541499
Serhii Ponomarenko_580666722,Serhii Ponomarenko,-2,0,39,43,-4,82,2021-12-05 23:00:00,541500
D Tunitsyn_114519,D Tunitsyn,2,1,43,34,9,77,2021-12-05 23:01:00,541501
Serhii Zemiantsev_1393361253,Serhii Zemiantsev,2,1,38,25,13,63,2021-12-05 23:05:00,541502
I Zemit_114516,I Zemit,-3,0,29,38,-9,67,2021-12-05 23:08:00,541503
Oleksandr Kovalchuk_147392,Oleksandr Kovalchuk,1,1,53,40,13,93,2021-12-05 23:20:00,541504
V Petrov_114518,V Petrov,-2,0,37,41,-4,78,2021-12-05 23:23:00,541505
Oleksandr Lysenko_147325,Oleksandr Lysenko,3,1,35,22,13,57,2021-12-05 23:25:00,541506
L Protiva_25589,L Protiva,2,1,43,38,5,81,2021-12-05 23:29:00,541507
Martin Juhasz_147379,Martin Juhasz,-2,0,28,34,-6,62,2021-12-05 23:30:00,541508
D Petrochenko_114520,D Petrochenko,-1,0,48,52,-4,100,2021-12-05 23:31:00,541509
Dmytro Dubrovin_1137441401,Dmytro Dubrovin,2,1,41,31,10,72,2021-12-05 23:35:00,541510
T Turabekov_114367,T Turabekov,3,1,33,15,18,48,2021-12-05 23:35:00,541511
Illia Semeniuk_1174490683,Illia Semeniuk,2,1,44,35,9,79,2021-12-05 23:45:00,541512
Kostiantyn Moroz_147393,Kostiantyn Moroz,-2,0,27,38,-11,65,2021-12-05 23:50:00,541513
T Yusipov_114351,T Yusipov,-2,0,36,41,-5,77,2021-12-05 23:54:00,541514
Z Bilek_25624,Z Bilek,2,1,42,35,7,77,2021-12-05 23:59:00,541515
Vitalii Lievshin_1360954720,Vitalii Lievshin,3,1,33,17,16,50,2021-12-06 00:00:00,541516
A Fedosov_118805,A Fedosov,-1,0,51,45,6,96,2021-12-06 00:01:00,541517
T Zahradnik_26591,T Zahradnik,-2,0,28,35,-7,63,2021-12-06 00:02:00,541518
Bohdan Kohut_1162249019,Bohdan Kohut,-2,0,38,47,-9,85,2021-12-06 00:05:00,541519
Yurii Reva_156119,Yurii Reva,3,1,33,19,14,52,2021-12-06 00:05:00,541520
Martin Stusek_156469,Martin Stusek,1,1,49,45,4,94,2021-12-06 00:05:00,541521
Igor Vatsyn_2017175837,Igor Vatsyn,2,1,38,31,7,69,2021-12-06 00:15:00,541522
I Ramensky_118771,I Ramensky,-1,0,48,53,-5,101,2021-12-06 00:16:00,541523
E Kalashnikov_118839,E Kalashnikov,-1,0,44,52,-8,96,2021-12-06 00:16:00,541524
Vladyslav Mishchenko_156471,Vladyslav Mishchenko,-3,0,26,33,-7,59,2021-12-06 00:20:00,541525
jr. Havlik_26592,jr. Havlik,-3,0,22,33,-11,55,2021-12-06 00:30:00,541526
Roman Yushko_156120,Roman Yushko,-3,0,20,33,-13,53,2021-12-06 00:35:00,541527
Vitalii Lievshin_800175588,Vitalii Lievshin,-3,0,23,35,-12,58,2021-12-06 00:35:00,541528
Jan Holan_156470,Jan Holan,2,1,42,19,23,61,2021-12-06 00:35:00,541529
V Chahur_118806,V Chahur,3,1,36,29,7,65,2021-12-06 00:35:00,541530
Valerii Melnyk_1634171018,Valerii Melnyk,-3,0,23,33,-10,56,2021-12-06 00:40:00,541531
Viktor Bosak_977926027,Viktor Bosak,2,1,42,27,15,69,2021-12-06 00:45:00,541532
Maksym Mrykh_156472,Maksym Mrykh,-2,0,33,43,-10,76,2021-12-06 00:50:00,541533
A Petrov_118840,A Petrov,-3,0,21,34,-13,55,2021-12-06 00:52:00,541534
A Vlasov_118772,A Vlasov,-2,0,32,43,-11,75,2021-12-06 00:53:00,541535
D Korneev_118807,D Korneev,3,1,33,22,11,55,2021-12-06 01:02:00,541536
Oleh Skoryk_156121,Oleh Skoryk,2,1,41,31,10,72,2021-12-06 01:05:00,541537
Valerii Melnyk_2041559412,Valerii Melnyk,-2,0,38,43,-5,81,2021-12-06 01:10:00,541538
Igor Vatsyn_1889886791,Igor Vatsyn,-1,0,48,54,-6,102,2021-12-06 01:15:00,541539
Vitalii Lievshin_1469342141,Vitalii Lievshin,3,1,36,29,7,65,2021-12-06 01:15:00,541540
A Serebrennikov_118841,A Serebrennikov,2,1,37,31,6,68,2021-12-06 01:17:00,541541
D Balakin_118773,D Balakin,3,1,34,21,13,55,2021-12-06 01:17:00,541542
Andrii Chupovskyi_1282114216,Andrii Chupovskyi,-2,0,42,47,-5,89,2021-12-06 01:20:00,541543
A Fedosov_118808,A Fedosov,2,1,36,25,11,61,2021-12-06 01:30:00,541544
Roman Yushko_156122,Roman Yushko,-2,0,32,41,-9,73,2021-12-06 01:35:00,541545
Viktor Bosak_71457627,Viktor Bosak,2,1,44,33,11,77,2021-12-06 01:45:00,541546
E Kalashnikov_118842,E Kalashnikov,-1,0,42,44,-2,86,2021-12-06 01:46:00,541547
I Ramensky_118774,I Ramensky,-3,0,19,33,-14,52,2021-12-06 01:46:00,541548
Viacheslav Yarovoi_1582721030,Viacheslav Yarovoi,-3,0,16,33,-17,49,2021-12-06 01:50:00,541549
Pavlo Babenko_156134,Pavlo Babenko,-2,0,33,41,-8,74,2021-12-06 01:55:00,541550
D Korneev_118809,D Korneev,2,1,43,41,2,84,2021-12-06 02:00:00,541551
Yurii Reva_156123,Yurii Reva,-3,0,24,35,-11,59,2021-12-06 02:05:00,541552
A Serebrennikov_118843,A Serebrennikov,-1,0,48,54,-6,102,2021-12-06 02:15:00,541553
Igor Demchuk_1317851659,Igor Demchuk,1,1,43,40,3,83,2021-12-06 02:15:00,541554
D Balakin_118775,D Balakin,-3,0,21,37,-16,58,2021-12-06 02:15:00,541555
Andrii Chupovskyi_518965485,Andrii Chupovskyi,2,1,46,35,11,81,2021-12-06 02:20:00,541556
Oleksii Hrymovskyi_156135,Oleksii Hrymovskyi,2,1,44,37,7,81,2021-12-06 02:25:00,541557
V Sidorin_118810,V Sidorin,3,1,33,21,12,54,2021-12-06 02:31:00,541558
Dmitriy Pereyaslovskyi_156124,Dmitriy Pereyaslovskyi,-1,0,44,48,-4,92,2021-12-06 02:35:00,541559
Igor Vatsyn_1971616043,Igor Vatsyn,2,1,43,29,14,72,2021-12-06 02:45:00,541560
V Shirshov_118776,V Shirshov,3,1,33,17,16,50,2021-12-06 02:46:00,541561
V Safonov_118844,V Safonov,1,1,50,48,2,98,2021-12-06 02:47:00,541562
Alexey Hladkykh_685815197,Alexey Hladkykh,-3,0,20,33,-13,53,2021-12-06 02:50:00,541563
Pavlo Babenko_156136,Pavlo Babenko,-3,0,28,40,-12,68,2021-12-06 02:55:00,541564
V Chahur_118811,V Chahur,-1,0,48,43,5,91,2021-12-06 03:00:00,541565
Oleh Skoryk_156125,Oleh Skoryk,3,1,33,20,13,53,2021-12-06 03:05:00,541566
Viktor Bosak_977965361,Viktor Bosak,-1,0,53,58,-5,111,2021-12-06 03:15:00,541567
A Vlasov_118777,A Vlasov,-2,0,42,46,-4,88,2021-12-06 03:17:00,541568
A Petrov_118845,A Petrov,-1,0,48,48,0,96,2021-12-06 03:19:00,541569
Viacheslav Yarovoi_643222979,Viacheslav Yarovoi,-3,0,24,33,-9,57,2021-12-06 03:20:00,541570
Oleksandr Mishchenko_156137,Oleksandr Mishchenko,-2,0,34,43,-9,77,2021-12-06 03:25:00,541571
D Sayanov_118812,D Sayanov,-1,0,46,42,4,88,2021-12-06 03:30:00,541572
Roman Yushko_156126,Roman Yushko,-2,0,31,41,-10,72,2021-12-06 03:35:00,541573
Igor Vatsyn_406474681,Igor Vatsyn,3,1,33,21,12,54,2021-12-06 03:45:00,541574
Andrii Chupovskyi_1655839195,Andrii Chupovskyi,3,1,33,21,12,54,2021-12-06 03:50:00,541575
Oleksii Hrymovskyi_156138,Oleksii Hrymovskyi,-2,0,23,42,-19,65,2021-12-06 03:55:00,541576
E Ilyukhin_118778,E Ilyukhin,3,1,33,22,11,55,2021-12-06 03:57:00,541577
N Zhurba_118846,N Zhurba,-2,0,30,41,-11,71,2021-12-06 04:00:00,541578
V Sidorin_118813,V Sidorin,-3,0,20,33,-13,53,2021-12-06 04:01:00,541579
Yurii Reva_156127,Yurii Reva,1,1,43,49,-6,92,2021-12-06 04:05:00,541580
Viktor Bosak_71703739,Viktor Bosak,-2,0,39,44,-5,83,2021-12-06 04:15:00,541581
V Shirshov_118779,V Shirshov,1,1,51,46,5,97,2021-12-06 04:18:00,541582
Alexey Hladkykh_357246338,Alexey Hladkykh,-3,0,26,33,-7,59,2021-12-06 04:20:00,541583
V Safonov_118847,V Safonov,-3,0,23,33,-10,56,2021-12-06 04:21:00,541584
Pavlo Babenko_156139,Pavlo Babenko,-2,0,36,46,-10,82,2021-12-06 04:25:00,541585
V Sidorin_119026,V Sidorin,1,1,48,42,6,90,2021-12-06 04:32:00,541586
Dmitriy Pereyaslovskyi_156128,Dmitriy Pereyaslovskyi,2,1,39,31,8,70,2021-12-06 04:35:00,541587
Igor Vatsyn_1041695001,Igor Vatsyn,1,1,51,44,7,95,2021-12-06 04:45:00,541588
Viacheslav Yarovoi_981705129,Viacheslav Yarovoi,-3,0,20,33,-13,53,2021-12-06 04:50:00,541589
E Kalashnikov_119029,E Kalashnikov,1,1,54,45,9,99,2021-12-06 04:50:00,541590
A Vlasov_119031,A Vlasov,1,1,48,48,0,96,2021-12-06 04:55:00,541591
Oleksii Hrymovskyi_156140,Oleksii Hrymovskyi,1,1,46,42,4,88,2021-12-06 04:55:00,541592
V Chahur_119028,V Chahur,3,1,33,17,16,50,2021-12-06 04:59:00,541593
Oleh Skoryk_156129,Oleh Skoryk,-1,0,45,50,-5,95,2021-12-06 05:05:00,541594
Andrii Kaptanovskyi_1731654254,Andrii Kaptanovskyi,-1,0,39,46,-7,85,2021-12-06 05:15:00,541595
Alexey Lukianov_2060036791,Alexey Lukianov,-2,0,37,41,-4,78,2021-12-06 05:20:00,541596
N Zhurba_119030,N Zhurba,2,1,39,26,13,65,2021-12-06 05:21:00,541597
D Balakin_119032,D Balakin,-1,0,56,53,3,109,2021-12-06 05:25:00,541598
Oleksandr Mishchenko_156141,Oleksandr Mishchenko,-3,0,20,33,-13,53,2021-12-06 05:25:00,541599
Yurii Reva_156130,Yurii Reva,-1,0,49,47,2,96,2021-12-06 05:35:00,541600
Andrii Chupovskyi_1214572335,Andrii Chupovskyi,2,1,42,34,8,76,2021-12-06 05:50:00,541601
Pavlo Babenko_156142,Pavlo Babenko,-1,0,40,44,-4,84,2021-12-06 05:55:00,541602
Vitalii Kobets_156131,Vitalii Kobets,1,1,50,48,2,98,2021-12-06 06:05:00,541603
Alexey Hladkykh_1263071880,Alexey Hladkykh,-1,0,48,46,2,94,2021-12-06 06:20:00,541604
Serhii Tkachev_156143,Serhii Tkachev,2,1,42,24,18,66,2021-12-06 06:25:00,541605
Yurii Reva_156132,Yurii Reva,2,1,44,31,13,75,2021-12-06 06:35:00,541606
Alexey Lukianov_1156855336,Alexey Lukianov,2,1,41,29,12,70,2021-12-06 06:50:00,541607
Oleksandr Mishchenko_156475,Oleksandr Mishchenko,3,1,33,17,16,50,2021-12-06 06:55:00,541608
Roman Yushko_156133,Roman Yushko,2,1,39,36,3,75,2021-12-06 07:05:00,541609
Yevhen Kyi_156476,Yevhen Kyi,2,1,43,31,12,74,2021-12-06 07:25:00,541610
A Vorozheykin_118924,A Vorozheykin,-1,0,51,55,-4,106,2021-12-06 07:37:00,541611
I Pandur_118884,I Pandur,1,1,46,46,0,92,2021-12-06 07:47:00,541612
A Klavdenkov_118978,A Klavdenkov,3,1,33,19,14,52,2021-12-06 07:48:00,541613
Yurii Kolos_156205,Yurii Kolos,3,1,42,29,13,71,2021-12-06 07:50:00,541614
Oleksandr Mytsyk_156443,Oleksandr Mytsyk,1,1,49,43,6,92,2021-12-06 08:00:00,541615
Alina Stefaniuk_156460,Alina Stefaniuk,1,1,57,54,3,111,2021-12-06 08:05:00,541616
M Chernyavskiy_118925,M Chernyavskiy,1,1,50,39,11,89,2021-12-06 08:05:00,541617
Anastasia Holiak_156242,Anastasia Holiak,-3,0,15,33,-18,48,2021-12-06 08:10:00,541618
V Bazilevskiy_118979,V Bazilevskiy,2,1,42,30,12,72,2021-12-06 08:14:00,541619
Andrii Dekhtiarenko_156252,Andrii Dekhtiarenko,2,1,41,33,8,74,2021-12-06 08:15:00,541620
O Kharlakin_118885,O Kharlakin,1,1,49,37,12,86,2021-12-06 08:17:00,541621
Ivan Pytsko_156206,Ivan Pytsko,-2,0,36,43,-7,79,2021-12-06 08:20:00,541622
Oleg Kolivay_156444,Oleg Kolivay,-3,0,23,34,-11,57,2021-12-06 08:30:00,541623
Roman Reznichenko_423210977,Roman Reznichenko,1,1,44,42,2,86,2021-12-06 08:35:00,541624
Alisa Dubrova_156228,Alisa Dubrova,-3,0,22,33,-11,55,2021-12-06 08:35:00,541625
G Karpovkin_118926,G Karpovkin,3,1,34,25,9,59,2021-12-06 08:37:00,541626
Tetyana Mudrak_156243,Tetyana Mudrak,-1,0,39,52,-13,91,2021-12-06 08:40:00,541627
Olga Melnyk_65786576,Olga Melnyk,3,1,33,14,19,47,2021-12-06 08:40:00,541628
Serhii Hilitukha_485864699,Serhii Hilitukha,3,1,38,30,8,68,2021-12-06 08:45:00,541629
Tumofii Arevkin_156253,Tumofii Arevkin,1,1,53,47,6,100,2021-12-06 08:45:00,541630
K Olshakov_118980,K Olshakov,3,1,38,31,7,69,2021-12-06 08:45:00,541631
Serhii Bidnyk_156262,Serhii Bidnyk,-2,0,40,42,-2,82,2021-12-06 08:50:00,541632
Yurii Kolos_156207,Yurii Kolos,-1,0,45,43,2,88,2021-12-06 08:50:00,541633
Ihor Syniavskyi_619149924,Ihor Syniavskyi,1,1,44,43,1,87,2021-12-06 08:50:00,541634
I Iskenderov_118886,I Iskenderov,1,1,49,34,15,83,2021-12-06 08:50:00,541635
Yevhen Pysmennyi_1169027624,Yevhen Pysmennyi,-1,0,46,50,-4,96,2021-12-06 08:55:00,541636
Oleksandr Shapoval_156277,Oleksandr Shapoval,-2,0,22,41,-19,63,2021-12-06 08:55:00,541637
Rodion Pirveli_881362354,Rodion Pirveli,2,1,42,38,4,80,2021-12-06 08:55:00,541638
Viktor Yefimov_1758934169,Viktor Yefimov,-1,0,40,50,-10,90,2021-12-06 09:00:00,541639
L Adamec_26563,L Adamec,-3,0,21,33,-12,54,2021-12-06 09:00:00,541640
Lukas Hobl_156417,Lukas Hobl,-3,0,17,33,-16,50,2021-12-06 09:00:00,541641
Oleg Kolivay_156445,Oleg Kolivay,1,1,49,44,5,93,2021-12-06 09:00:00,541642
V Vologzhanin_118927,V Vologzhanin,2,1,38,29,9,67,2021-12-06 09:02:00,541643
Anastasiia Gordinskaya-Sheiko_156461,Anastasiia Gordinskaya-Sheiko,3,1,34,21,13,55,2021-12-06 09:05:00,541644
Vadym Shvydkyi_1099509678,Vadym Shvydkyi,2,1,39,30,9,69,2021-12-06 09:10:00,541645
Anastasia Holiak_156244,Anastasia Holiak,-2,0,28,40,-12,68,2021-12-06 09:10:00,541646
I Matveyev_118981,I Matveyev,-1,0,46,51,-5,97,2021-12-06 09:14:00,541647
Karina Zavinovskaya_358269512,Karina Zavinovskaya,1,1,45,45,0,90,2021-12-06 09:15:00,541648
Andrii Dekhtiarenko_156254,Andrii Dekhtiarenko,2,1,40,35,5,75,2021-12-06 09:15:00,541649
Bohdan Yurka_156263,Bohdan Yurka,3,1,33,18,15,51,2021-12-06 09:20:00,541650
Bohdan Chaikovskyi_156208,Bohdan Chaikovskyi,-3,0,19,34,-15,53,2021-12-06 09:20:00,541651
Oleksandr Kostiuk_714173128,Oleksandr Kostiuk,2,1,42,39,3,81,2021-12-06 09:20:00,541652
Serhii Khandetskyi_156278,Serhii Khandetskyi,3,1,34,21,13,55,2021-12-06 09:25:00,541653
Oleksandr Hainovskyi_1357063153,Oleksandr Hainovskyi,1,1,50,48,2,98,2021-12-06 09:25:00,541654
Oleksandr Mytsyk_156446,Oleksandr Mytsyk,3,1,33,22,11,55,2021-12-06 09:30:00,541655
Valentyn Korovychenko_1069223707,Valentyn Korovychenko,-2,0,37,44,-7,81,2021-12-06 09:30:00,541656
Eduard Rubtsov_1221583022,Eduard Rubtsov,1,1,49,51,-2,100,2021-12-06 09:30:00,541657
David Prusa_156418,David Prusa,-3,0,18,33,-15,51,2021-12-06 09:30:00,541658
M Flanderka_26564,M Flanderka,3,1,33,22,11,55,2021-12-06 09:31:00,541659
G Karpovkin_118928,G Karpovkin,-3,0,17,33,-16,50,2021-12-06 09:31:00,541660
Oleksandr Didukh_1133566870,Oleksandr Didukh,-3,0,15,33,-18,48,2021-12-06 09:35:00,541661
Alisa Dubrova_156462,Alisa Dubrova,-2,0,18,42,-24,60,2021-12-06 09:35:00,541662
A Fedorov_118887,A Fedorov,3,1,33,23,10,56,2021-12-06 09:35:00,541663
Karina Zharkova_156245,Karina Zharkova,3,1,33,23,10,56,2021-12-06 09:40:00,541664
Ihor Vasylyshyn_156255,Ihor Vasylyshyn,-2,0,37,42,-5,79,2021-12-06 09:45:00,541665
Roman Reznichenko_1484217252,Roman Reznichenko,2,1,46,42,4,88,2021-12-06 09:45:00,541666
Dmytro Kunchurov_156264,Dmytro Kunchurov,2,1,40,32,8,72,2021-12-06 09:50:00,541667
Olga Melnyk_1490833469,Olga Melnyk,-2,0,40,44,-4,84,2021-12-06 09:50:00,541668
Ivan Pytsko_156209,Ivan Pytsko,1,1,53,48,5,101,2021-12-06 09:50:00,541669
K Olshakov_118982,K Olshakov,-2,0,34,40,-6,74,2021-12-06 09:50:00,541670
I Iskenderov_118888,I Iskenderov,1,1,50,45,5,95,2021-12-06 09:54:00,541671
Yevhenii Sokoltsov_156279,Yevhenii Sokoltsov,1,1,42,48,-6,90,2021-12-06 09:55:00,541672
Serhii Hilitukha_666025964,Serhii Hilitukha,2,1,44,39,5,83,2021-12-06 09:55:00,541673
P Anton_26565,P Anton,-2,0,36,42,-6,78,2021-12-06 09:59:00,541674
Sergii Skhabitskiy_156447,Sergii Skhabitskiy,-2,0,44,50,-6,94,2021-12-06 10:00:00,541675
Ihor Syniavskyi_1940581253,Ihor Syniavskyi,-2,0,37,45,-8,82,2021-12-06 10:00:00,541676
David Prusa_156419,David Prusa,-3,0,22,34,-12,56,2021-12-06 10:00:00,541677
M Chernyavskiy_118929,M Chernyavskiy,1,1,50,43,7,93,2021-12-06 10:01:00,541678
Yevhen Pysmennyi_170255515,Yevhen Pysmennyi,1,1,52,48,4,100,2021-12-06 10:05:00,541679
Rodion Pirveli_1905992742,Rodion Pirveli,1,1,47,39,8,86,2021-12-06 10:05:00,541680
Alina Stefaniuk_156463,Alina Stefaniuk,2,1,45,41,4,86,2021-12-06 10:05:00,541681
Tetyana Mudrak_156246,Tetyana Mudrak,-1,0,42,52,-10,94,2021-12-06 10:10:00,541682
Oleksandr Tuzhylin_1603746321,Oleksandr Tuzhylin,-2,0,44,48,-4,92,2021-12-06 10:10:00,541683
V Bazilevskiy_118983,V Bazilevskiy,-1,0,50,50,0,100,2021-12-06 10:15:00,541684
Tumofii Arevkin_156256,Tumofii Arevkin,-1,0,47,52,-5,99,2021-12-06 10:15:00,541685
Bohdan Yurka_156265,Bohdan Yurka,-3,0,16,33,-17,49,2021-12-06 10:20:00,541686
Yurii Kolos_156210,Yurii Kolos,2,1,39,30,9,69,2021-12-06 10:20:00,541687
Vadym Shvydkyi_567317580,Vadym Shvydkyi,-3,0,23,33,-10,56,2021-12-06 10:20:00,541688
Karina Zavinovskaya_557765787,Karina Zavinovskaya,3,1,36,28,8,64,2021-12-06 10:25:00,541689
Serhii Khandetskyi_156280,Serhii Khandetskyi,1,1,46,49,-3,95,2021-12-06 10:25:00,541690
Oleksandr Mytsyk_156448,Oleksandr Mytsyk,-1,0,41,49,-8,90,2021-12-06 10:30:00,541691
Lukas Hobl_156420,Lukas Hobl,1,1,48,50,-2,98,2021-12-06 10:30:00,541692
Bogdan Stasiuk_130795082,Bogdan Stasiuk,1,1,46,44,2,90,2021-12-06 10:30:00,541693
O Kharlakin_118889,O Kharlakin,-2,0,31,42,-11,73,2021-12-06 10:31:00,541694
T Holik_26566,T Holik,3,1,33,23,10,56,2021-12-06 10:34:00,541695
Dmytro Kalyniuk_1401787572,Dmytro Kalyniuk,3,1,33,20,13,53,2021-12-06 10:35:00,541696
Maryna Povaliaieva_156232,Maryna Povaliaieva,-1,0,39,47,-8,86,2021-12-06 10:35:00,541697
A Vorozheykin_119036,A Vorozheykin,3,1,33,21,12,54,2021-12-06 10:38:00,541698
Vadym Grushko_759030246,Vadym Grushko,-3,0,18,33,-15,51,2021-12-06 10:40:00,541699
Anastasia Holiak_156247,Anastasia Holiak,-1,0,52,55,-3,107,2021-12-06 10:40:00,541700
Dmytro Dubrovin_808925149,Dmytro Dubrovin,3,1,33,16,17,49,2021-12-06 10:40:00,541701
Andrii Dekhtiarenko_156257,Andrii Dekhtiarenko,-3,0,26,35,-9,61,2021-12-06 10:45:00,541702
Oleksandr Didukh_1404337759,Oleksandr Didukh,-2,0,26,36,-10,62,2021-12-06 10:45:00,541703
Ivan Pytsko_156211,Ivan Pytsko,2,1,43,32,11,75,2021-12-06 10:50:00,541704
Serhii Bidnyk_156266,Serhii Bidnyk,1,1,42,38,4,80,2021-12-06 10:50:00,541705
I Matveyev_119038,I Matveyev,2,1,39,18,21,57,2021-12-06 10:53:00,541706
Roman Reznichenko_866997174,Roman Reznichenko,3,1,34,27,7,61,2021-12-06 10:55:00,541707
Oleksandr Shapoval_156281,Oleksandr Shapoval,-2,0,31,42,-11,73,2021-12-06 10:55:00,541708
O Kharlakin_119040,O Kharlakin,-2,0,33,36,-3,69,2021-12-06 10:59:00,541709
Olga Melnyk_214991739,Olga Melnyk,3,1,33,21,12,54,2021-12-06 11:00:00,541710
P Anton_26567,P Anton,-3,0,28,35,-7,63,2021-12-06 11:00:00,541711
M Chernyavskiy_119037,M Chernyavskiy,-3,0,27,35,-8,62,2021-12-06 11:00:00,541712
Vasyl Kondratenko_156449,Vasyl Kondratenko,1,1,53,53,0,106,2021-12-06 11:00:00,541713
Marek Cihak_156421,Marek Cihak,-2,0,36,44,-8,80,2021-12-06 11:00:00,541714
Oleksandr Kostiuk_547023579,Oleksandr Kostiuk,2,1,42,35,7,77,2021-12-06 11:05:00,541715
Anastasiia Gordinskaya-Sheiko_156464,Anastasiia Gordinskaya-Sheiko,3,1,33,14,19,47,2021-12-06 11:05:00,541716
Tetyana Mudrak_156248,Tetyana Mudrak,1,1,54,46,8,100,2021-12-06 11:10:00,541717
Oleksandr Hainovskyi_1953628504,Oleksandr Hainovskyi,3,1,35,26,9,61,2021-12-06 11:10:00,541718
Valentyn Korovychenko_1709270036,Valentyn Korovychenko,-2,0,42,54,-12,96,2021-12-06 11:15:00,541719
Eduard Rubtsov_295635687,Eduard Rubtsov,1,1,57,53,4,110,2021-12-06 11:15:00,541720
Tumofii Arevkin_156258,Tumofii Arevkin,-2,0,36,44,-8,80,2021-12-06 11:15:00,541721
A Klavdenkov_119039,A Klavdenkov,-2,0,33,37,-4,70,2021-12-06 11:16:00,541722
I Iskenderov_119041,I Iskenderov,2,1,40,33,7,73,2021-12-06 11:20:00,541723
Bohdan Chaikovskyi_156212,Bohdan Chaikovskyi,-3,0,18,33,-15,51,2021-12-06 11:20:00,541724
Viktor Yefimov_1558781036,Viktor Yefimov,1,1,44,48,-4,92,2021-12-06 11:20:00,541725
Andrii Semeniuk_156267,Andrii Semeniuk,-3,0,23,35,-12,58,2021-12-06 11:20:00,541726
Viktor Vakhrushev_156282,Viktor Vakhrushev,-2,0,31,38,-7,69,2021-12-06 11:25:00,541727
Lukas Hobl_156422,Lukas Hobl,3,1,33,27,6,60,2021-12-06 11:30:00,541728
Oleg Kolivay_156450,Oleg Kolivay,2,1,41,30,11,71,2021-12-06 11:30:00,541729
Illia Semeniuk_910218468,Illia Semeniuk,3,1,33,17,16,50,2021-12-06 11:30:00,541730
M Flanderka_26568,M Flanderka,1,1,54,43,11,97,2021-12-06 11:30:00,541731
S Burov_118930,S Burov,-1,0,45,48,-3,93,2021-12-06 11:30:00,541732
Alisa Dubrova_156234,Alisa Dubrova,-3,0,19,33,-14,52,2021-12-06 11:35:00,541733
Olena Telezhynska_595424580,Olena Telezhynska,-2,0,34,40,-6,74,2021-12-06 11:35:00,541734
Karina Zharkova_156249,Karina Zharkova,3,1,33,18,15,51,2021-12-06 11:40:00,541735
Serhii Hilitukha_404524460,Serhii Hilitukha,3,1,37,27,10,64,2021-12-06 11:40:00,541736
Ihor Vasylyshyn_156259,Ihor Vasylyshyn,-3,0,19,34,-15,53,2021-12-06 11:45:00,541737
Ihor Syniavskyi_428387643,Ihor Syniavskyi,-2,0,32,42,-10,74,2021-12-06 11:45:00,541738
V Petrov_118984,V Petrov,-1,0,47,44,3,91,2021-12-06 11:49:00,541739
Dmytro Kunchurov_156268,Dmytro Kunchurov,-3,0,25,35,-10,60,2021-12-06 11:50:00,541740
Yevhen Pysmennyi_1926184647,Yevhen Pysmennyi,-1,0,39,49,-10,88,2021-12-06 11:50:00,541741
Rodion Pirveli_1804808514,Rodion Pirveli,2,1,40,29,11,69,2021-12-06 11:50:00,541742
E Glazun_118896,E Glazun,2,1,43,34,9,77,2021-12-06 11:53:00,541743
Quadri Aruna_591628169,Quadri Aruna,3,1,33,20,13,53,2021-12-06 11:55:00,541744
Yevhenii Sokoltsov_156283,Yevhenii Sokoltsov,3,1,33,20,13,53,2021-12-06 11:55:00,541745
A Mohnachev_118931,A Mohnachev,-2,0,30,40,-10,70,2021-12-06 12:00:00,541746
Sergii Skhabitskiy_156451,Sergii Skhabitskiy,-1,0,42,47,-5,89,2021-12-06 12:00:00,541747
Alina Stefaniuk_156235,Alina Stefaniuk,-2,0,35,42,-7,77,2021-12-06 12:05:00,541748
Vadym Shvydkyi_360311231,Vadym Shvydkyi,-2,0,33,43,-10,76,2021-12-06 12:05:00,541749
Marek Cihak_156572,Marek Cihak,1,1,50,41,9,91,2021-12-06 12:05:00,541750
P Anton_26593,P Anton,3,1,36,23,13,59,2021-12-06 12:08:00,541751
Karina Zavinovskaya_1738694336,Karina Zavinovskaya,1,1,47,45,2,92,2021-12-06 12:10:00,541752
Anastasia Holiak_156250,Anastasia Holiak,-1,0,38,46,-8,84,2021-12-06 12:10:00,541753
Andrii Dekhtiarenko_156260,Andrii Dekhtiarenko,2,1,43,24,19,67,2021-12-06 12:15:00,541754
Bogdan Stasiuk_275065520,Bogdan Stasiuk,2,1,41,34,7,75,2021-12-06 12:15:00,541755
I Afanasev_118897,I Afanasev,1,1,54,53,1,107,2021-12-06 12:18:00,541756
Bohdan Yurka_156269,Bohdan Yurka,-2,0,39,43,-4,82,2021-12-06 12:20:00,541757
Dmytro Kalyniuk_1362411043,Dmytro Kalyniuk,2,1,39,38,1,77,2021-12-06 12:20:00,541758
Nazarii Sydorak_156214,Nazarii Sydorak,2,1,42,27,15,69,2021-12-06 12:20:00,541759
A Innazarov_118985,A Innazarov,3,1,33,14,19,47,2021-12-06 12:21:00,541760
Vadym Grushko_1996540753,Vadym Grushko,1,1,50,39,11,89,2021-12-06 12:25:00,541761
Dmytro Dubrovin_467994783,Dmytro Dubrovin,-3,0,26,36,-10,62,2021-12-06 12:25:00,541762
Serhii Khandetskyi_156284,Serhii Khandetskyi,3,1,39,29,10,68,2021-12-06 12:25:00,541763
Oleksandr Tuzhylin_2137180162,Oleksandr Tuzhylin,-2,0,31,38,-7,69,2021-12-06 12:30:00,541764
Vasyl Kondratenko_156452,Vasyl Kondratenko,-1,0,48,48,0,96,2021-12-06 12:30:00,541765
A Agapov_118932,A Agapov,-2,0,29,39,-10,68,2021-12-06 12:30:00,541766
M Flanderka_26595,M Flanderka,-2,0,40,45,-5,85,2021-12-06 12:30:00,541767
Maryna Povaliaieva_156465,Maryna Povaliaieva,3,1,33,16,17,49,2021-12-06 12:35:00,541768
Jakub Figel_156573,Jakub Figel,-1,0,47,49,-2,96,2021-12-06 12:35:00,541769
Roman Reznichenko_1888561322,Roman Reznichenko,2,1,41,29,12,70,2021-12-06 12:40:00,541770
Yaroslava Pachich_156251,Yaroslava Pachich,3,1,33,13,20,46,2021-12-06 12:40:00,541771
Olga Melnyk_937253905,Olga Melnyk,2,1,44,37,7,81,2021-12-06 12:45:00,541772
Anatolii Kovalenko_156261,Anatolii Kovalenko,3,1,33,19,14,52,2021-12-06 12:45:00,541773
M Pronkin_118986,M Pronkin,-1,0,48,51,-3,99,2021-12-06 12:46:00,541774
Serhii Bidnyk_156270,Serhii Bidnyk,-1,0,46,50,-4,96,2021-12-06 12:50:00,541775
Oleksandr Kostiuk_1871706811,Oleksandr Kostiuk,-1,0,45,48,-3,93,2021-12-06 12:50:00,541776
E Shishko_118898,E Shishko,-3,0,27,34,-7,61,2021-12-06 12:53:00,541777
Volodymyr Korobko_156693,Volodymyr Korobko,2,1,42,30,12,72,2021-12-06 12:55:00,541778
Oleksandr Shapoval_156285,Oleksandr Shapoval,-1,0,43,46,-3,89,2021-12-06 12:55:00,541779
Oleksandr Hainovskyi_469904435,Oleksandr Hainovskyi,-3,0,24,33,-9,57,2021-12-06 12:55:00,541780
Valentyn Korovychenko_241324537,Valentyn Korovychenko,-1,0,44,44,0,88,2021-12-06 13:00:00,541781
Jan Sr Krames_156423,Jan Sr Krames,2,1,47,43,4,90,2021-12-06 13:00:00,541782
Vasyl Kondratenko_156453,Vasyl Kondratenko,1,1,50,42,8,92,2021-12-06 13:00:00,541783
A Tregub_118933,A Tregub,2,1,37,36,1,73,2021-12-06 13:00:00,541784
Eduard Rubtsov_921310149,Eduard Rubtsov,1,1,48,44,4,92,2021-12-06 13:00:00,541785
D Salomon_26569,D Salomon,-1,0,42,51,-9,93,2021-12-06 13:03:00,541786
Anastasiia Gordinskaya-Sheiko_156466,Anastasiia Gordinskaya-Sheiko,1,1,43,44,-1,87,2021-12-06 13:05:00,541787
Viktor Yefimov_1120139061,Viktor Yefimov,-1,0,43,43,0,86,2021-12-06 13:05:00,541788
Polina Nerush_156695,Polina Nerush,2,1,40,43,-3,83,2021-12-06 13:10:00,541789
Serhii Yatsenko_156697,Serhii Yatsenko,3,1,33,22,11,55,2021-12-06 13:15:00,541790
Vadym Shvydkyi_2094180943,Vadym Shvydkyi,-2,0,36,38,-2,74,2021-12-06 13:15:00,541791
S Korolev_118987,S Korolev,3,1,33,14,19,47,2021-12-06 13:19:00,541792
Andrii Semeniuk_156271,Andrii Semeniuk,3,1,34,27,7,61,2021-12-06 13:20:00,541793
A Kirilenko_118899,A Kirilenko,3,1,33,24,9,57,2021-12-06 13:20:00,541794
Karina Zavinovskaya_1297115745,Karina Zavinovskaya,-2,0,33,42,-9,75,2021-12-06 13:20:00,541795
Nazarii Sydorak_156694,Nazarii Sydorak,3,1,35,26,9,61,2021-12-06 13:25:00,541796
Volodymyr Tuchkevych_1043814932,Volodymyr Tuchkevych,2,1,48,40,8,88,2021-12-06 13:25:00,541797
Viktor Vakhrushev_156286,Viktor Vakhrushev,3,1,37,29,8,66,2021-12-06 13:25:00,541798
Sergii Skhabitskiy_156454,Sergii Skhabitskiy,-1,0,49,48,1,97,2021-12-06 13:30:00,541799
Oleksandr Kasatiy_564568742,Oleksandr Kasatiy,-1,0,53,49,4,102,2021-12-06 13:30:00,541800
Vojtech Kaplan_156424,Vojtech Kaplan,-1,0,43,50,-7,93,2021-12-06 13:30:00,541801
A Agapov_118934,A Agapov,3,1,33,18,15,51,2021-12-06 13:30:00,541802
Ja Kanera_26570,Ja Kanera,-2,0,37,40,-3,77,2021-12-06 13:31:00,541803
Dmytro Alekseenko_1630860374,Dmytro Alekseenko,-3,0,27,37,-10,64,2021-12-06 13:35:00,541804
Davyd Symonchuk_2090609487,Davyd Symonchuk,1,1,45,42,3,87,2021-12-06 13:35:00,541805
Alina Stefaniuk_156238,Alina Stefaniuk,2,1,38,22,16,60,2021-12-06 13:35:00,541806
Oleksandr Didukh_665956496,Oleksandr Didukh,-3,0,24,34,-10,58,2021-12-06 13:40:00,541807
Yaroslava Pachich_156696,Yaroslava Pachich,-2,0,36,42,-6,78,2021-12-06 13:40:00,541808
Anatolii Kovalenko_156698,Anatolii Kovalenko,-2,0,33,44,-11,77,2021-12-06 13:45:00,541809
M Pronkin_118988,M Pronkin,-1,0,50,53,-3,103,2021-12-06 13:46:00,541810
E Shishko_118900,E Shishko,-2,0,33,42,-9,75,2021-12-06 13:46:00,541811
Dmytro Kunchurov_156272,Dmytro Kunchurov,2,1,40,36,4,76,2021-12-06 13:50:00,541812
Roman Reznichenko_472116117,Roman Reznichenko,-1,0,49,47,2,96,2021-12-06 13:50:00,541813
Olga Melnyk_1288900913,Olga Melnyk,2,1,44,40,4,84,2021-12-06 13:55:00,541814
Yevhenii Sokoltsov_156287,Yevhenii Sokoltsov,-3,0,26,36,-10,62,2021-12-06 13:55:00,541815
Jo Kutifel_26571,Jo Kutifel,3,1,37,26,11,63,2021-12-06 14:00:00,541816
Serhii Hilitukha_1341294976,Serhii Hilitukha,-2,0,32,37,-5,69,2021-12-06 14:00:00,541817
Vojtech Kaplan_156425,Vojtech Kaplan,-1,0,48,52,-4,100,2021-12-06 14:00:00,541818
A Mohnachev_118935,A Mohnachev,2,1,41,37,4,78,2021-12-06 14:01:00,541819
Ihor Syniavskyi_779281865,Ihor Syniavskyi,-3,0,17,34,-17,51,2021-12-06 14:05:00,541820
Yevheniia Severyna_156467,Yevheniia Severyna,3,1,34,25,9,59,2021-12-06 14:05:00,541821
Rodion Pirveli_212697413,Rodion Pirveli,-1,0,42,50,-8,92,2021-12-06 14:10:00,541822
Yevhen Pysmennyi_179545999,Yevhen Pysmennyi,1,1,45,43,2,88,2021-12-06 14:10:00,541823
A Innazarov_118989,A Innazarov,3,1,33,22,11,55,2021-12-06 14:16:00,541824
I Afanasev_118901,I Afanasev,-2,0,26,42,-16,68,2021-12-06 14:17:00,541825
Serhii Bidnyk_156273,Serhii Bidnyk,-3,0,14,33,-19,47,2021-12-06 14:20:00,541826
Oleksandr Shapoval_156288,Oleksandr Shapoval,2,1,42,37,5,79,2021-12-06 14:25:00,541827
Vadym Shvydkyi_1667542136,Vadym Shvydkyi,3,1,33,21,12,54,2021-12-06 14:25:00,541828
Jan Sr Krames_156426,Jan Sr Krames,-1,0,52,58,-6,110,2021-12-06 14:30:00,541829
P Macela_26572,P Macela,2,1,41,32,9,73,2021-12-06 14:30:00,541830
Karina Zavinovskaya_790056331,Karina Zavinovskaya,2,1,43,35,8,78,2021-12-06 14:30:00,541831
A Mohnachev_119080,A Mohnachev,-1,0,45,48,-3,93,2021-12-06 14:32:00,541832
Volodymyr Tuchkevych_1334890077,Volodymyr Tuchkevych,2,1,41,29,12,70,2021-12-06 14:35:00,541833
Alina Stefaniuk_156240,Alina Stefaniuk,-1,0,36,46,-10,82,2021-12-06 14:35:00,541834
Ihor Syniavskyi_1940720645,Ihor Syniavskyi,2,1,35,35,0,70,2021-12-06 14:40:00,541835
Sergey Filatov_1611527551,Sergey Filatov,2,1,42,31,11,73,2021-12-06 14:45:00,541836
M Pronkin_119083,M Pronkin,-2,0,34,41,-7,75,2021-12-06 14:45:00,541837
Dmytro Alekseenko_1630614262,Dmytro Alekseenko,2,1,41,31,10,72,2021-12-06 14:45:00,541838
E Shishko_119085,E Shishko,-2,0,37,42,-5,79,2021-12-06 14:47:00,541839
Vladyslav Stukalov_156274,Vladyslav Stukalov,3,1,34,23,11,57,2021-12-06 14:50:00,541840
Mykola Polysynskyi_156289,Mykola Polysynskyi,2,1,44,35,9,79,2021-12-06 14:55:00,541841
Martin Sulc_156427,Martin Sulc,-2,0,32,42,-10,74,2021-12-06 15:00:00,541842
Jo Kutifel_26573,Jo Kutifel,-3,0,15,33,-18,48,2021-12-06 15:00:00,541843
Illia Semeniuk_910365285,Illia Semeniuk,3,1,33,19,14,52,2021-12-06 15:00:00,541844
A Tregub_119081,A Tregub,-3,0,20,34,-14,54,2021-12-06 15:00:00,541845
Olena Telezhynska_1075744903,Olena Telezhynska,-3,0,25,34,-9,59,2021-12-06 15:05:00,541846
Alisa Dubrova_156468,Alisa Dubrova,-1,0,49,53,-4,102,2021-12-06 15:05:00,541847
Serhii Hilitukha_1341332000,Serhii Hilitukha,-3,0,24,33,-9,57,2021-12-06 15:10:00,541848
Dmytro Kalyniuk_547874175,Dmytro Kalyniuk,1,1,50,48,2,98,2021-12-06 15:15:00,541849
A Kirilenko_119086,A Kirilenko,2,1,44,33,11,77,2021-12-06 15:17:00,541850
A Innazarov_119084,A Innazarov,-2,0,37,42,-5,79,2021-12-06 15:17:00,541851
Rodion Pirveli_212732391,Rodion Pirveli,-2,0,36,41,-5,77,2021-12-06 15:20:00,541852
Serhii Bidnyk_156275,Serhii Bidnyk,2,1,48,41,7,89,2021-12-06 15:20:00,541853
Davyd Symonchuk_333181312,Davyd Symonchuk,-2,0,26,44,-18,70,2021-12-06 15:20:00,541854
Andrii Berdii_156292,Andrii Berdii,-3,0,22,33,-11,55,2021-12-06 15:20:00,541855
Oleksandr Shapoval_156290,Oleksandr Shapoval,1,1,48,46,2,94,2021-12-06 15:25:00,541856
Oleksandr Budnikov_156307,Oleksandr Budnikov,3,1,35,25,10,60,2021-12-06 15:30:00,541857
Jan Sr Krames_156428,Jan Sr Krames,-2,0,28,40,-12,68,2021-12-06 15:30:00,541858
Ja Kanera_26574,Ja Kanera,1,1,58,46,12,104,2021-12-06 15:30:00,541859
M Sverdlov_118936,M Sverdlov,3,1,33,17,16,50,2021-12-06 15:32:00,541860
Ruslan Solomko_156322,Ruslan Solomko,1,1,52,44,8,96,2021-12-06 15:35:00,541861
Andrii Baklykov_1410856115,Andrii Baklykov,3,1,34,21,13,55,2021-12-06 15:35:00,541862
Viktoriia Anarmetova_156332,Viktoriia Anarmetova,-1,0,48,45,3,93,2021-12-06 15:40:00,541863
Iryna Aseieva_1638511120,Iryna Aseieva,3,1,35,27,8,62,2021-12-06 15:40:00,541864
Iulii Khomutovskyi_156347,Iulii Khomutovskyi,-2,0,35,36,-1,71,2021-12-06 15:45:00,541865
V Evlampiev_118990,V Evlampiev,2,1,44,32,12,76,2021-12-06 15:46:00,541866
E Kharchenko_118902,E Kharchenko,1,1,52,42,10,94,2021-12-06 15:49:00,541867
Yaroslav Tebenko_156293,Yaroslav Tebenko,-1,0,42,45,-3,87,2021-12-06 15:50:00,541868
Ihor Petryshyn_1679944706,Ihor Petryshyn,-1,0,49,51,-2,100,2021-12-06 15:50:00,541869
Bohdan Yurka_156276,Bohdan Yurka,3,1,33,25,8,58,2021-12-06 15:50:00,541870
Denys Vakulenko_737729579,Denys Vakulenko,-3,0,22,34,-12,56,2021-12-06 15:55:00,541871
Serhii Khandetskyi_156291,Serhii Khandetskyi,2,1,38,32,6,70,2021-12-06 15:55:00,541872
Oleksandr Hryshchenko_156308,Oleksandr Hryshchenko,-2,0,33,41,-8,74,2021-12-06 16:00:00,541873
S Muslikov_118937,S Muslikov,-1,0,43,45,-2,88,2021-12-06 16:01:00,541874
Roman Makarenko_156323,Roman Makarenko,-3,0,22,33,-11,55,2021-12-06 16:05:00,541875
D Salomon_26620,D Salomon,-1,0,42,45,-3,87,2021-12-06 16:08:00,541876
Yuliia Khilinska_156333,Yuliia Khilinska,1,1,53,47,6,100,2021-12-06 16:10:00,541877
Denys Shcherbak_794120360,Denys Shcherbak,-1,0,48,44,4,92,2021-12-06 16:10:00,541878
Maxim Suvorov_156699,Maxim Suvorov,3,1,33,19,14,52,2021-12-06 16:10:00,541879
Alina Kurtenko_1948310605,Alina Kurtenko,3,1,33,19,14,52,2021-12-06 16:15:00,541880
Serhii Semenets_156348,Serhii Semenets,-3,0,20,33,-13,53,2021-12-06 16:15:00,541881
I Poletaev_118991,I Poletaev,-1,0,44,49,-5,93,2021-12-06 16:15:00,541882
Mykola Serediuk_156294,Mykola Serediuk,1,1,45,42,3,87,2021-12-06 16:20:00,541883
Oleg Gavryluk_2022715990,Oleg Gavryluk,1,1,53,49,4,102,2021-12-06 16:20:00,541884
P Bondarenko_118903,P Bondarenko,-1,0,52,49,3,101,2021-12-06 16:21:00,541885
Oleksandr Mishchenko_156362,Oleksandr Mishchenko,-1,0,37,48,-11,85,2021-12-06 16:25:00,541886
Ihor Solomianyi_2037790686,Ihor Solomianyi,-3,0,26,35,-9,61,2021-12-06 16:25:00,541887
Serhii Zemiantsev_301719960,Serhii Zemiantsev,3,1,37,30,7,67,2021-12-06 16:30:00,541888
Vitalii Klimov_156309,Vitalii Klimov,-3,0,25,34,-9,59,2021-12-06 16:30:00,541889
A Alekseyev_118938,A Alekseyev,-2,0,33,42,-9,75,2021-12-06 16:33:00,541890
Ruslan Solomko_156324,Ruslan Solomko,-2,0,32,42,-10,74,2021-12-06 16:35:00,541891
Jo Kutifel_26621,Jo Kutifel,-3,0,13,33,-20,46,2021-12-06 16:36:00,541892
Rehyna Rudzei_156334,Rehyna Rudzei,1,1,47,43,4,90,2021-12-06 16:40:00,541893
Vojtech Kaplan_156700,Vojtech Kaplan,-3,0,24,36,-12,60,2021-12-06 16:40:00,541894
Valerii Shepil_156349,Valerii Shepil,-3,0,21,33,-12,54,2021-12-06 16:45:00,541895
Andrii Baklykov_1920456027,Andrii Baklykov,-2,0,34,43,-9,77,2021-12-06 16:45:00,541896
Iryna Aseieva_1397259862,Iryna Aseieva,1,1,45,48,-3,93,2021-12-06 16:50:00,541897
Yaroslav Tebenko_156295,Yaroslav Tebenko,-2,0,35,42,-7,77,2021-12-06 16:50:00,541898
G Evglevskiy_118992,G Evglevskiy,-2,0,28,41,-13,69,2021-12-06 16:54:00,541899
Oleksii Hrymovskyi_156363,Oleksii Hrymovskyi,-3,0,24,35,-11,59,2021-12-06 16:55:00,541900
Roman Oliynyk_973287094,Roman Oliynyk,1,1,42,49,-7,91,2021-12-06 16:55:00,541901
A Fedosov_118904,A Fedosov,2,1,44,32,12,76,2021-12-06 16:56:00,541902
Oleksandr Hryshchenko_156310,Oleksandr Hryshchenko,2,1,42,33,9,75,2021-12-06 17:00:00,541903
Ihor Petryshyn_1288815739,Ihor Petryshyn,2,1,37,28,9,65,2021-12-06 17:00:00,541904
Lukas Hobl_156429,Lukas Hobl,-3,0,24,34,-10,58,2021-12-06 17:00:00,541905
I Meteleshko_118939,I Meteleshko,-3,0,9,33,-24,42,2021-12-06 17:01:00,541906
Ji Louda_26575,Ji Louda,1,1,52,47,5,99,2021-12-06 17:03:00,541907
Nikita Vilenchyts_156325,Nikita Vilenchyts,3,1,33,18,15,51,2021-12-06 17:05:00,541908
Denys Vakulenko_1128319853,Denys Vakulenko,-3,0,28,36,-8,64,2021-12-06 17:05:00,541909
Yuliia Khilinska_156335,Yuliia Khilinska,-3,0,25,33,-8,58,2021-12-06 17:10:00,541910
Serhii Semenets_156350,Serhii Semenets,1,1,48,43,5,91,2021-12-06 17:15:00,541911
Anatolii Lievshin_2072709550,Anatolii Lievshin,-2,0,29,39,-10,68,2021-12-06 17:20:00,541912
E Kupryakov_118993,E Kupryakov,1,1,51,48,3,99,2021-12-06 17:20:00,541913
Andrii Berdii_156296,Andrii Berdii,3,1,33,19,14,52,2021-12-06 17:20:00,541914
Anna Miklukha_1415905363,Anna Miklukha,-2,0,33,38,-5,71,2021-12-06 17:25:00,541915
D Korneev_118905,D Korneev,-2,0,31,43,-12,74,2021-12-06 17:25:00,541916
Oleksandr Mishchenko_156364,Oleksandr Mishchenko,3,1,34,24,10,58,2021-12-06 17:25:00,541917
Oleg Gavryluk_1939588252,Oleg Gavryluk,-1,0,46,44,2,90,2021-12-06 17:30:00,541918
Oleksandr Budnikov_156311,Oleksandr Budnikov,1,1,52,42,10,94,2021-12-06 17:30:00,541919
Jan Jr Krames_156430,Jan Jr Krames,-1,0,37,48,-11,85,2021-12-06 17:30:00,541920
Jo Silhan_26576,Jo Silhan,1,1,47,47,0,94,2021-12-06 17:32:00,541921
A Alekseyev_118940,A Alekseyev,2,1,39,30,9,69,2021-12-06 17:34:00,541922
Roman Makarenko_156326,Roman Makarenko,-2,0,34,36,-2,70,2021-12-06 17:35:00,541923
Yaroslav Vorsuliak_1814077500,Yaroslav Vorsuliak,3,1,35,20,15,55,2021-12-06 17:35:00,541924
Serhii Zemiantsev_1432932825,Serhii Zemiantsev,2,1,42,31,11,73,2021-12-06 17:40:00,541925
Viktoriia Anarmetova_156336,Viktoriia Anarmetova,-2,0,34,42,-8,76,2021-12-06 17:40:00,541926
Iulii Khomutovskyi_156351,Iulii Khomutovskyi,-2,0,22,37,-15,59,2021-12-06 17:45:00,541927
G Evglevskiy_118994,G Evglevskiy,1,1,51,45,6,96,2021-12-06 17:49:00,541928
Ihor Kvak_156297,Ihor Kvak,3,1,33,20,13,53,2021-12-06 17:50:00,541929
Ivan Efimenko_156372,Ivan Efimenko,1,1,48,46,2,94,2021-12-06 17:50:00,541930
A Fedosov_118906,A Fedosov,-1,0,43,43,0,86,2021-12-06 17:53:00,541931
Denys Shcherbak_1458407910,Denys Shcherbak,-1,0,41,46,-5,87,2021-12-06 17:55:00,541932
Yevhen Kyi_156365,Yevhen Kyi,-2,0,30,42,-12,72,2021-12-06 17:55:00,541933
Ivan Udovenko_156312,Ivan Udovenko,3,1,37,28,9,65,2021-12-06 18:00:00,541934
Alina Kurtenko_1526439823,Alina Kurtenko,2,1,41,34,7,75,2021-12-06 18:00:00,541935
Jan Jr Krames_156431,Jan Jr Krames,-3,0,25,35,-10,60,2021-12-06 18:00:00,541936
S Muslikov_118941,S Muslikov,2,1,44,32,12,76,2021-12-06 18:01:00,541937
L Jindrak_26577,L Jindrak,-2,0,37,39,-2,76,2021-12-06 18:04:00,541938
Serhiy Tkachuk_1305100196,Serhiy Tkachuk,-1,0,50,50,0,100,2021-12-06 18:05:00,541939
Ruslan Solomko_156327,Ruslan Solomko,-1,0,52,51,1,103,2021-12-06 18:05:00,541940
Ihor Solomianyi_735455288,Ihor Solomianyi,2,1,42,30,12,72,2021-12-06 18:10:00,541941
Dina Tishchenko_156337,Dina Tishchenko,3,1,33,20,13,53,2021-12-06 18:10:00,541942
Denys Vakulenko_417143270,Denys Vakulenko,-2,0,31,41,-10,72,2021-12-06 18:15:00,541943
Oleksandr Goncharuk_156352,Oleksandr Goncharuk,-1,0,45,45,0,90,2021-12-06 18:15:00,541944
P Bondarenko_118907,P Bondarenko,2,1,37,24,13,61,2021-12-06 18:18:00,541945
I Poletaev_118995,I Poletaev,-3,0,16,33,-17,49,2021-12-06 18:19:00,541946
Mykola Serediuk_156298,Mykola Serediuk,-3,0,19,33,-14,52,2021-12-06 18:20:00,541947
Artem Yurkov_156373,Artem Yurkov,-3,0,18,33,-15,51,2021-12-06 18:20:00,541948
Maksym Kolos_641319249,Maksym Kolos,-3,0,25,33,-8,58,2021-12-06 18:20:00,541949
Ivan Kozyr_132938379,Ivan Kozyr,1,1,48,48,0,96,2021-12-06 18:25:00,541950
Oleksii Hrymovskyi_156366,Oleksii Hrymovskyi,3,1,33,15,18,48,2021-12-06 18:25:00,541951
Andrii Baklykov_820249207,Andrii Baklykov,3,1,33,12,21,45,2021-12-06 18:30:00,541952
Lukas Hobl_156432,Lukas Hobl,-1,0,52,49,3,101,2021-12-06 18:30:00,541953
Vitalii Klimov_156313,Vitalii Klimov,-1,0,54,56,-2,110,2021-12-06 18:30:00,541954
jr. Havlik_26578,jr. Havlik,-2,0,36,46,-10,82,2021-12-06 18:31:00,541955
Roman Makarenko_156328,Roman Makarenko,-1,0,43,41,2,84,2021-12-06 18:35:00,541956
Iryna Aseieva_296528707,Iryna Aseieva,3,1,33,24,9,57,2021-12-06 18:35:00,541957
I Meteleshko_119159,I Meteleshko,-3,0,20,33,-13,53,2021-12-06 18:38:00,541958
Rehyna Rudzei_156338,Rehyna Rudzei,-1,0,33,49,-16,82,2021-12-06 18:40:00,541959
Roman Oliynyk_1152379124,Roman Oliynyk,2,1,42,27,15,69,2021-12-06 18:40:00,541960
Valerii Shepil_156353,Valerii Shepil,1,1,50,47,3,97,2021-12-06 18:45:00,541961
I Poletaev_119161,I Poletaev,-2,0,28,42,-14,70,2021-12-06 18:45:00,541962
Ihor Petryshyn_965234431,Ihor Petryshyn,-2,0,43,44,-1,87,2021-12-06 18:45:00,541963
E Kharchenko_119163,E Kharchenko,3,1,33,26,7,59,2021-12-06 18:48:00,541964
Yaroslav Tebenko_156299,Yaroslav Tebenko,2,1,45,41,4,86,2021-12-06 18:50:00,541965
Lev Kuzyo_1587685665,Lev Kuzyo,-3,0,22,33,-11,55,2021-12-06 18:50:00,541966
Oleksandr Borysiuk_156374,Oleksandr Borysiuk,3,1,34,23,11,57,2021-12-06 18:50:00,541967
Dmytro Baistriuchenko_2141608732,Dmytro Baistriuchenko,2,1,41,37,4,78,2021-12-06 18:55:00,541968
Oleksandr Mishchenko_156367,Oleksandr Mishchenko,-1,0,42,52,-10,94,2021-12-06 18:55:00,541969
Oleksandr Hryshchenko_156314,Oleksandr Hryshchenko,-1,0,44,40,4,84,2021-12-06 19:00:00,541970
Tomas Vorisek_156433,Tomas Vorisek,-2,0,39,45,-6,84,2021-12-06 19:00:00,541971
Ivan Kozyr_1232420470,Ivan Kozyr,1,1,48,41,7,89,2021-12-06 19:00:00,541972
L Jindrak_26579,L Jindrak,-3,0,18,34,-16,52,2021-12-06 19:01:00,541973
M Sverdlov_119160,M Sverdlov,3,1,33,24,9,57,2021-12-06 19:01:00,541974
Nikita Vilenchyts_156329,Nikita Vilenchyts,-1,0,52,46,6,98,2021-12-06 19:05:00,541975
Anatolii Lievshin_1922068225,Anatolii Lievshin,-1,0,41,50,-9,91,2021-12-06 19:05:00,541976
Anna Miklukha_1695866771,Anna Miklukha,1,1,50,45,5,95,2021-12-06 19:10:00,541977
Yuliia Khilinska_156339,Yuliia Khilinska,-3,0,25,33,-8,58,2021-12-06 19:10:00,541978
G Evglevskiy_119162,G Evglevskiy,-2,0,34,42,-8,76,2021-12-06 19:15:00,541979
Oleg Gavryluk_1381074515,Oleg Gavryluk,2,1,39,30,9,69,2021-12-06 19:15:00,541980
Serhii Semenets_156354,Serhii Semenets,-1,0,40,42,-2,82,2021-12-06 19:15:00,541981
A Fedosov_119164,A Fedosov,-1,0,43,45,-2,88,2021-12-06 19:15:00,541982
Andrii Berdii_156300,Andrii Berdii,3,1,33,17,16,50,2021-12-06 19:20:00,541983
Artem Yurkov_156375,Artem Yurkov,-3,0,28,35,-7,63,2021-12-06 19:20:00,541984
Yaroslav Vorsuliak_1073698868,Yaroslav Vorsuliak,3,1,33,17,16,50,2021-12-06 19:20:00,541985
Oleksii Hrymovskyi_156368,Oleksii Hrymovskyi,-2,0,35,39,-4,74,2021-12-06 19:25:00,541986
Denys Vakulenko_737878310,Denys Vakulenko,-1,0,41,46,-5,87,2021-12-06 19:25:00,541987
Lukas Hobl_156434,Lukas Hobl,-2,0,28,34,-6,62,2021-12-06 19:30:00,541988
Oleksandr Budnikov_156315,Oleksandr Budnikov,1,1,46,43,3,89,2021-12-06 19:30:00,541989
Maksym Kolos_445149575,Maksym Kolos,-2,0,31,42,-11,73,2021-12-06 19:30:00,541990
O Pronin_118942,O Pronin,2,1,40,36,4,76,2021-12-06 19:31:00,541991
Jo Silhan_26580,Jo Silhan,3,1,33,21,12,54,2021-12-06 19:32:00,541992
Ruslan Solomko_156330,Ruslan Solomko,-3,0,31,37,-6,68,2021-12-06 19:35:00,541993
Oleksandr Semenets_1751522060,Oleksandr Semenets,1,1,51,49,2,100,2021-12-06 19:35:00,541994
Denys Shcherbak_2088948482,Denys Shcherbak,3,1,33,17,16,50,2021-12-06 19:40:00,541995
Viktoriia Anarmetova_156340,Viktoriia Anarmetova,1,1,50,49,1,99,2021-12-06 19:40:00,541996
Iulii Khomutovskyi_156355,Iulii Khomutovskyi,-1,0,42,46,-4,88,2021-12-06 19:45:00,541997
Alina Kurtenko_1476077389,Alina Kurtenko,1,1,54,48,6,102,2021-12-06 19:45:00,541998
А Монаков_118996,А Монаков,-2,0,32,39,-7,71,2021-12-06 19:46:00,541999
M Andrusenko_118908,M Andrusenko,-1,0,45,48,-3,93,2021-12-06 19:48:00,542000
Ivan Efimenko_156376,Ivan Efimenko,1,1,43,40,3,83,2021-12-06 19:50:00,542001
Ihor Kvak_156301,Ihor Kvak,-3,0,17,33,-16,50,2021-12-06 19:50:00,542002
Serhiy Tkachuk_111222799,Serhiy Tkachuk,-2,0,34,44,-10,78,2021-12-06 19:50:00,542003
Ihor Solomianyi_1938825858,Ihor Solomianyi,-2,0,38,38,0,76,2021-12-06 19:55:00,542004
Yevhen Kyi_156369,Yevhen Kyi,2,1,38,28,10,66,2021-12-06 19:55:00,542005
V Chernov_118943,V Chernov,-1,0,46,45,1,91,2021-12-06 19:59:00,542006
Marek Cihak_156774,Marek Cihak,2,1,42,33,9,75,2021-12-06 20:00:00,542007
Serhii Zemiantsev_552613696,Serhii Zemiantsev,2,1,37,32,5,69,2021-12-06 20:00:00,542008
L Jindrak_26622,L Jindrak,2,1,39,36,3,75,2021-12-06 20:00:00,542009
Ivan Udovenko_156316,Ivan Udovenko,2,1,46,38,8,84,2021-12-06 20:00:00,542010
Oleksandr Lykhytskyi_156331,Oleksandr Lykhytskyi,-1,0,37,42,-5,79,2021-12-06 20:05:00,542011
Dmytro Baistriuchenko_1235612415,Dmytro Baistriuchenko,1,1,49,45,4,94,2021-12-06 20:05:00,542012
Ivan Kozyr_103736060,Ivan Kozyr,2,1,47,40,7,87,2021-12-06 20:10:00,542013
Dina Tishchenko_156341,Dina Tishchenko,1,1,52,49,3,101,2021-12-06 20:10:00,542014
Oleksandr Goncharuk_156356,Oleksandr Goncharuk,-1,0,44,47,-3,91,2021-12-06 20:15:00,542015
Oleksandr Tkachenko_132313726,Oleksandr Tkachenko,1,1,45,47,-2,92,2021-12-06 20:15:00,542016
A Silantev_118997,A Silantev,-2,0,33,40,-7,73,2021-12-06 20:16:00,542017
S Nikulin_118909,S Nikulin,-1,0,41,52,-11,93,2021-12-06 20:17:00,542018
Veronika Andriushchenko_1634937848,Veronika Andriushchenko,-1,0,45,49,-4,94,2021-12-06 20:20:00,542019
Vladyslav Mishchenko_156377,Vladyslav Mishchenko,-2,0,37,44,-7,81,2021-12-06 20:20:00,542020
Mykola Serediuk_156302,Mykola Serediuk,3,1,35,26,9,61,2021-12-06 20:20:00,542021
Roman Oliynyk_1687939326,Roman Oliynyk,-3,0,20,33,-13,53,2021-12-06 20:25:00,542022
Oleksandr Mishchenko_156370,Oleksandr Mishchenko,-2,0,29,43,-14,72,2021-12-06 20:25:00,542023
Vitalii Klimov_156317,Vitalii Klimov,3,1,33,9,24,42,2021-12-06 20:30:00,542024
Jan Jr Krames_156775,Jan Jr Krames,2,1,39,31,8,70,2021-12-06 20:30:00,542025
Volodymyr Ivasiv_142196917,Volodymyr Ivasiv,2,1,41,35,6,76,2021-12-06 20:30:00,542026
I Zemit_118944,I Zemit,-2,0,36,43,-7,79,2021-12-06 20:31:00,542027
Oleksandr Lykhytskyi_156776,Oleksandr Lykhytskyi,1,1,45,39,6,84,2021-12-06 20:35:00,542028
Denys Vakulenko_1931618396,Denys Vakulenko,1,1,48,44,4,92,2021-12-06 20:35:00,542029
Ji Louda_26623,Ji Louda,-2,0,30,42,-12,72,2021-12-06 20:36:00,542030
Rehyna Rudzei_156342,Rehyna Rudzei,2,1,45,37,8,82,2021-12-06 20:40:00,542031
Maksym Kolos_617277257,Maksym Kolos,-2,0,34,42,-8,76,2021-12-06 20:40:00,542032
Oleksandr Semenets_881888302,Oleksandr Semenets,-2,0,37,46,-9,83,2021-12-06 20:45:00,542033
D Merzlikin_118998,D Merzlikin,1,1,47,48,-1,95,2021-12-06 20:45:00,542034
Valerii Shepil_156357,Valerii Shepil,-2,0,32,36,-4,68,2021-12-06 20:45:00,542035
Oleksandr Borysiuk_156378,Oleksandr Borysiuk,3,1,33,23,10,56,2021-12-06 20:50:00,542036
Andrii Baklykov_319515064,Andrii Baklykov,-1,0,50,51,-1,101,2021-12-06 20:50:00,542037
Andrii Berdii_156303,Andrii Berdii,2,1,40,31,9,71,2021-12-06 20:50:00,542038
E Markelov_118910,E Markelov,-2,0,36,38,-2,74,2021-12-06 20:52:00,542039
Serhii Tkachev_156371,Serhii Tkachev,-1,0,45,53,-8,98,2021-12-06 20:55:00,542040
Iryna Aseieva_14194650,Iryna Aseieva,-3,0,23,33,-10,56,2021-12-06 20:55:00,542041
Dmytro Lohosha_1492274775,Dmytro Lohosha,-1,0,44,47,-3,91,2021-12-06 21:00:00,542042
Milan Liptak_156435,Milan Liptak,2,1,43,24,19,67,2021-12-06 21:00:00,542043
Oleksandr Budnikov_156318,Oleksandr Budnikov,-2,0,35,46,-11,81,2021-12-06 21:00:00,542044
V Staroverov_118945,V Staroverov,-2,0,23,38,-15,61,2021-12-06 21:00:00,542045
M-n Regner_26581,M-n Regner,3,1,35,23,12,58,2021-12-06 21:05:00,542046
Andrii Matiushenko_156777,Andrii Matiushenko,3,1,33,17,16,50,2021-12-06 21:05:00,542047
Ihor Petryshyn_1479305117,Ihor Petryshyn,-3,0,19,33,-14,52,2021-12-06 21:05:00,542048
Viktoriia Anarmetova_156343,Viktoriia Anarmetova,-2,0,27,39,-12,66,2021-12-06 21:10:00,542049
Serhii Zemiantsev_1026206117,Serhii Zemiantsev,2,1,43,36,7,79,2021-12-06 21:10:00,542050
Dmytro Baistriuchenko_366905078,Dmytro Baistriuchenko,-1,0,47,52,-5,99,2021-12-06 21:15:00,542051
Iulii Khomutovskyi_156358,Iulii Khomutovskyi,-1,0,48,55,-7,103,2021-12-06 21:15:00,542052
D Fedorov_118999,D Fedorov,-2,0,37,44,-7,81,2021-12-06 21:16:00,542053
A Yudin_118911,A Yudin,1,1,52,39,13,91,2021-12-06 21:19:00,542054
Maksym Kolos_468426207,Maksym Kolos,-3,0,12,33,-21,45,2021-12-06 21:20:00,542055
Artem Yurkov_156379,Artem Yurkov,1,1,42,42,0,84,2021-12-06 21:20:00,542056
Mykola Belia_156304,Mykola Belia,-3,0,21,33,-12,54,2021-12-06 21:20:00,542057
Oleksandr Tkachenko_1848601629,Oleksandr Tkachenko,-2,0,29,42,-13,71,2021-12-06 21:25:00,542058
Tomas Lukes_156436,Tomas Lukes,2,1,44,39,5,83,2021-12-06 21:30:00,542059
Halyna Telna_2104464648,Halyna Telna,-2,0,33,40,-7,73,2021-12-06 21:30:00,542060
O Kucirek_26582,O Kucirek,-3,0,27,35,-8,62,2021-12-06 21:30:00,542061
Yevhen Skorobahatyi_156319,Yevhen Skorobahatyi,-1,0,45,50,-5,95,2021-12-06 21:30:00,542062
I Zemit_118946,I Zemit,2,1,41,37,4,78,2021-12-06 21:30:00,542063
Oleg Gavryluk_889142063,Oleg Gavryluk,2,1,41,33,8,74,2021-12-06 21:35:00,542064
Oksana Kregul_156344,Oksana Kregul,-3,0,21,36,-15,57,2021-12-06 21:40:00,542065
Ihor Petryshyn_1362081460,Ihor Petryshyn,3,1,33,24,9,57,2021-12-06 21:40:00,542066
Denys Vakulenko_1356506735,Denys Vakulenko,-3,0,22,34,-12,56,2021-12-06 21:45:00,542067
Ivan Panchenko_156359,Ivan Panchenko,-2,0,27,40,-13,67,2021-12-06 21:45:00,542068
Oleksii Hrymovskyi_156778,Oleksii Hrymovskyi,2,1,41,36,5,77,2021-12-06 21:45:00,542069
D Merzlikin_119000,D Merzlikin,2,1,39,34,5,73,2021-12-06 21:46:00,542070
Serhii Kinash_1168050467,Serhii Kinash,-2,0,33,43,-10,76,2021-12-06 21:50:00,542071
Andrii Berdii_156305,Andrii Berdii,-1,0,40,42,-2,82,2021-12-06 21:50:00,542072
Ivan Efimenko_156380,Ivan Efimenko,2,1,40,30,10,70,2021-12-06 21:50:00,542073
E Markelov_118912,E Markelov,-3,0,18,33,-15,51,2021-12-06 21:51:00,542074
Maksym Kolos_1517167582,Maksym Kolos,-1,0,49,49,0,98,2021-12-06 21:55:00,542075
Denys Shcherbak_1473346868,Denys Shcherbak,-2,0,36,41,-5,77,2021-12-06 22:00:00,542076
jr. Milata_26583,jr. Milata,-1,0,47,51,-4,98,2021-12-06 22:00:00,542077
Tomas Lukes_156437,Tomas Lukes,-1,0,48,58,-10,106,2021-12-06 22:00:00,542078
V Chernov_118947,V Chernov,2,1,42,35,7,77,2021-12-06 22:00:00,542079
Oleksandr Budnikov_156320,Oleksandr Budnikov,3,1,33,21,12,54,2021-12-06 22:00:00,542080
Iryna Aseieva_14128287,Iryna Aseieva,-1,0,40,46,-6,86,2021-12-06 22:05:00,542081
Roman Oliynyk_743499012,Roman Oliynyk,-2,0,25,41,-16,66,2021-12-06 22:10:00,542082
Viktoriia Anarmetova_156345,Viktoriia Anarmetova,2,1,47,39,8,86,2021-12-06 22:10:00,542083
Volodymyr Ivasiv_1434104794,Volodymyr Ivasiv,-1,0,42,47,-5,89,2021-12-06 22:15:00,542084
A Silantev_119001,A Silantev,3,1,33,21,12,54,2021-12-06 22:15:00,542085
Iulii Khomutovskyi_156360,Iulii Khomutovskyi,-2,0,28,40,-12,68,2021-12-06 22:15:00,542086
Serhii Tkachev_156779,Serhii Tkachev,-2,0,31,41,-10,72,2021-12-06 22:15:00,542087
S Nikulin_118913,S Nikulin,2,1,40,24,16,64,2021-12-06 22:16:00,542088
Vladyslav Mishchenko_156381,Vladyslav Mishchenko,1,1,48,44,4,92,2021-12-06 22:20:00,542089
Lev Kuzyo_706187067,Lev Kuzyo,-2,0,34,38,-4,72,2021-12-06 22:20:00,542090
Yaroslav Tebenko_156306,Yaroslav Tebenko,3,1,33,21,12,54,2021-12-06 22:20:00,542091
Ivan Kozyr_571889843,Ivan Kozyr,-2,0,29,42,-13,71,2021-12-06 22:25:00,542092
Milan Liptak_156438,Milan Liptak,-3,0,21,35,-14,56,2021-12-06 22:30:00,542093
Oleksandr Hryshchenko_156321,Oleksandr Hryshchenko,-3,0,25,33,-8,58,2021-12-06 22:30:00,542094
K Novak_26584,K Novak,-2,0,25,37,-12,62,2021-12-06 22:32:00,542095
V Staroverov_119168,V Staroverov,1,1,45,48,-3,93,2021-12-06 22:33:00,542096
Yuliia Khilinska_156346,Yuliia Khilinska,-2,0,40,45,-5,85,2021-12-06 22:40:00,542097
Oleg Gavryluk_2005052336,Oleg Gavryluk,-1,0,44,51,-7,95,2021-12-06 22:45:00,542098
А Монаков_119170,А Монаков,3,1,33,22,11,55,2021-12-06 22:45:00,542099
Serhii Semenets_156361,Serhii Semenets,1,1,47,41,6,88,2021-12-06 22:45:00,542100
E Markelov_119172,E Markelov,1,1,49,50,-1,99,2021-12-06 22:46:00,542101
Oleksandr Borysiuk_156382,Oleksandr Borysiuk,3,1,36,23,13,59,2021-12-06 22:50:00,542102
David Brichacek_156439,David Brichacek,1,1,55,53,2,108,2021-12-06 23:00:00,542103
Oleh Obidnyi_973657618,Oleh Obidnyi,2,1,40,36,4,76,2021-12-06 23:00:00,542104
jr. Milata_26585,jr. Milata,3,1,33,24,9,57,2021-12-06 23:00:00,542105
O Pronin_119169,O Pronin,-2,0,42,46,-4,88,2021-12-06 23:02:00,542106
S Nikulin_119173,S Nikulin,-2,0,34,41,-7,75,2021-12-06 23:15:00,542107
A Silantev_119171,A Silantev,3,1,34,20,14,54,2021-12-06 23:15:00,542108
Ivan Efimenko_156383,Ivan Efimenko,1,1,49,37,12,86,2021-12-06 23:20:00,542109
Milan Liptak_156440,Milan Liptak,-1,0,45,45,0,90,2021-12-06 23:30:00,542110
O Kucirek_26586,O Kucirek,3,1,38,32,6,70,2021-12-06 23:30:00,542111
Andrii Chupovskyi_896527055,Andrii Chupovskyi,-2,0,32,45,-13,77,2021-12-06 23:30:00,542112
T Turabekov_118948,T Turabekov,1,1,50,41,9,91,2021-12-06 23:41:00,542113
Mykola Treshchetka_1613917786,Mykola Treshchetka,-3,0,23,36,-13,59,2021-12-06 23:45:00,542114
E Ilyukhin_118914,E Ilyukhin,-2,0,30,41,-11,71,2021-12-06 23:45:00,542115
A Girevenkov_119003,A Girevenkov,-2,0,36,36,0,72,2021-12-06 23:48:00,542116
Maksym Mrykh_156384,Maksym Mrykh,2,1,41,39,2,80,2021-12-06 23:50:00,542117
Andrii Zeniuk_835475495,Andrii Zeniuk,-3,0,17,33,-16,50,2021-12-07 00:00:00,542118
T Batthyany_27553,T Batthyany,2,1,45,29,16,74,2021-12-07 00:00:00,542119
Jan Herink_165339,Jan Herink,-2,0,28,42,-14,70,2021-12-07 00:15:00,542120
Yu Lbov_122857,Yu Lbov,-2,0,37,44,-7,81,2021-12-07 00:15:00,542121
Roman Oliynyk_1609342941,Roman Oliynyk,-3,0,20,33,-13,53,2021-12-07 00:15:00,542122
A Pravednov_122893,A Pravednov,2,1,45,40,5,85,2021-12-07 00:18:00,542123
Dmytro Lazuryk_164998,Dmytro Lazuryk,1,1,58,56,2,114,2021-12-07 00:20:00,542124
Mykola Polysynskyi_165000,Mykola Polysynskyi,2,1,41,35,6,76,2021-12-07 00:25:00,542125
V Safonov_122929,V Safonov,-1,0,47,50,-3,97,2021-12-07 00:26:00,542126
Ji Louda_27554,Ji Louda,-2,0,31,45,-14,76,2021-12-07 00:28:00,542127
Petro Tsolik_196892041,Petro Tsolik,-2,0,45,49,-4,94,2021-12-07 00:30:00,542128
Jiri Cermak_165340,Jiri Cermak,-2,0,28,38,-10,66,2021-12-07 00:45:00,542129
Iurii Prokhoruk_1190093525,Iurii Prokhoruk,-3,0,22,34,-12,56,2021-12-07 00:45:00,542130
N Sadovskiy_122858,N Sadovskiy,-3,0,23,34,-11,57,2021-12-07 00:46:00,542131
S Ogai_122894,S Ogai,2,1,39,26,13,65,2021-12-07 00:49:00,542132
Artem Yurkov_164999,Artem Yurkov,-2,0,38,44,-6,82,2021-12-07 00:50:00,542133
Yu Merkushin_122930,Yu Merkushin,-1,0,45,45,0,90,2021-12-07 00:52:00,542134
Rustam Halimbaiev_165001,Rustam Halimbaiev,-3,0,21,33,-12,54,2021-12-07 00:55:00,542135
Vitalii Zharskiy_1949732736,Vitalii Zharskiy,3,1,36,28,8,64,2021-12-07 01:00:00,542136
R Pavlenko_122895,R Pavlenko,2,1,44,29,15,73,2021-12-07 01:13:00,542137
Oleh Formaziuk_791661820,Oleh Formaziuk,2,1,37,36,1,73,2021-12-07 01:15:00,542138
A Uvarov_122859,A Uvarov,2,1,46,36,10,82,2021-12-07 01:15:00,542139
Maksym Marchuk_165002,Maksym Marchuk,-1,0,46,46,0,92,2021-12-07 01:25:00,542140
P Semeshin_122931,P Semeshin,1,1,56,51,5,107,2021-12-07 01:25:00,542141
Andrii Zeniuk_582331567,Andrii Zeniuk,3,1,33,25,8,58,2021-12-07 01:30:00,542142
A Pravednov_122896,A Pravednov,3,1,37,23,14,60,2021-12-07 01:34:00,542143
Roman Oliynyk_2147314752,Roman Oliynyk,2,1,46,38,8,84,2021-12-07 01:45:00,542144
Yu Lbov_122860,Yu Lbov,1,1,46,35,11,81,2021-12-07 01:49:00,542145
Rustam Halimbaiev_165003,Rustam Halimbaiev,3,1,34,20,14,54,2021-12-07 01:55:00,542146
Petro Tsolik_1742016257,Petro Tsolik,-1,0,39,50,-11,89,2021-12-07 02:00:00,542147
R Pavlenko_122897,R Pavlenko,3,1,33,25,8,58,2021-12-07 02:01:00,542148
V Safonov_122932,V Safonov,2,1,42,34,8,76,2021-12-07 02:09:00,542149
Iurii Prokhoruk_1191959649,Iurii Prokhoruk,-2,0,30,38,-8,68,2021-12-07 02:15:00,542150
A Uvarov_122861,A Uvarov,2,1,40,35,5,75,2021-12-07 02:17:00,542151
Mykola Polysynskyi_165004,Mykola Polysynskyi,1,1,53,41,12,94,2021-12-07 02:25:00,542152
Vitalii Zharskiy_1042101653,Vitalii Zharskiy,-1,0,45,49,-4,94,2021-12-07 02:30:00,542153
T Turabekov_122898,T Turabekov,1,1,48,44,4,92,2021-12-07 02:31:00,542154
P Semeshin_122933,P Semeshin,2,1,45,33,12,78,2021-12-07 02:31:00,542155
Oleh Formaziuk_1044341229,Oleh Formaziuk,1,1,53,49,4,102,2021-12-07 02:45:00,542156
I Ramensky_122862,I Ramensky,-2,0,33,37,-4,70,2021-12-07 02:51:00,542157
Oleksandr Shapoval_165005,Oleksandr Shapoval,-2,0,37,45,-8,82,2021-12-07 02:55:00,542158
Nazarii Haievyi_841392899,Nazarii Haievyi,1,1,61,58,3,119,2021-12-07 03:00:00,542159
S Martyukhin_122934,S Martyukhin,1,1,45,41,4,86,2021-12-07 03:00:00,542160
S Ogai_122899,S Ogai,-3,0,18,33,-15,51,2021-12-07 03:04:00,542161
N Sadovskiy_122863,N Sadovskiy,-2,0,36,44,-8,80,2021-12-07 03:15:00,542162
Roman Oliynyk_662871350,Roman Oliynyk,2,1,40,27,13,67,2021-12-07 03:15:00,542163
Maksym Marchuk_165006,Maksym Marchuk,-3,0,20,39,-19,59,2021-12-07 03:25:00,542164
D Sayanov_122900,D Sayanov,3,1,33,17,16,50,2021-12-07 03:30:00,542165
Andrii Zeniuk_633296171,Andrii Zeniuk,2,1,39,32,7,71,2021-12-07 03:30:00,542166
Yu Merkushin_122935,Yu Merkushin,3,1,33,19,14,52,2021-12-07 03:31:00,542167
Aleksandr Tulenin_355064768,Aleksandr Tulenin,1,1,51,48,3,99,2021-12-07 03:45:00,542168
A Serebrennikov_122936,A Serebrennikov,-2,0,36,40,-4,76,2021-12-07 03:46:00,542169
O Kutuzov_122864,O Kutuzov,-3,0,14,33,-19,47,2021-12-07 03:48:00,542170
Rustam Halimbaiev_165007,Rustam Halimbaiev,3,1,35,27,8,62,2021-12-07 03:55:00,542171
Liubomyr Sheshurak_1155418567,Liubomyr Sheshurak,-1,0,41,43,-2,84,2021-12-07 04:00:00,542172
T Turabekov_122901,T Turabekov,-2,0,35,42,-7,77,2021-12-07 04:01:00,542173
Iurii Prokhoruk_1946230175,Iurii Prokhoruk,-3,0,25,35,-10,60,2021-12-07 04:15:00,542174
I Ramensky_122865,I Ramensky,-1,0,41,50,-9,91,2021-12-07 04:15:00,542175
S Martyukhin_122937,S Martyukhin,-1,0,43,47,-4,90,2021-12-07 04:15:00,542176
Mykola Polysynskyi_165008,Mykola Polysynskyi,1,1,63,60,3,123,2021-12-07 04:25:00,542177
S Ogai_123081,S Ogai,-3,0,21,33,-12,54,2021-12-07 04:30:00,542178
Nazarii Haievyi_505766009,Nazarii Haievyi,-1,0,40,51,-11,91,2021-12-07 04:30:00,542179
Aleksandr Tulenin_290558183,Aleksandr Tulenin,-3,0,25,33,-8,58,2021-12-07 04:45:00,542180
N Sadovskiy_123083,N Sadovskiy,-2,0,36,43,-7,79,2021-12-07 04:53:00,542181
Oleksandr Shapoval_165009,Oleksandr Shapoval,-3,0,21,33,-12,54,2021-12-07 04:55:00,542182
Yu Merkushin_123085,Yu Merkushin,-2,0,30,40,-10,70,2021-12-07 04:56:00,542183
A Pravednov_123082,A Pravednov,-2,0,28,41,-13,69,2021-12-07 05:00:00,542184
Roman Oliynyk_1801221820,Roman Oliynyk,-1,0,42,45,-3,87,2021-12-07 05:15:00,542185
V Safonov_123086,V Safonov,3,1,33,17,16,50,2021-12-07 05:20:00,542186
Yu Lbov_123084,Yu Lbov,-2,0,29,42,-13,71,2021-12-07 05:21:00,542187
Maksym Marchuk_165010,Maksym Marchuk,-2,0,34,42,-8,76,2021-12-07 05:25:00,542188
Mykola Polysynskyi_165011,Mykola Polysynskyi,-1,0,47,52,-5,99,2021-12-07 05:55:00,542189
Ruslan Onishchenko_165012,Ruslan Onishchenko,1,1,37,39,-2,76,2021-12-07 06:25:00,542190
Mykola Polysynskyi_165013,Mykola Polysynskyi,-2,0,41,41,0,82,2021-12-07 06:55:00,542191
Rustam Halimbaiev_165014,Rustam Halimbaiev,3,1,33,22,11,55,2021-12-07 07:25:00,542192
O Belugin_123001,O Belugin,-1,0,49,48,1,97,2021-12-07 07:35:00,542193
Yu Gavrilov_123037,Yu Gavrilov,3,1,33,21,12,54,2021-12-07 07:48:00,542194
V Sinkovskiy_122967,V Sinkovskiy,-1,0,44,48,-4,92,2021-12-07 07:49:00,542195
Igor Sukovatyi_1678841626,Igor Sukovatyi,2,1,42,33,9,75,2021-12-07 07:50:00,542196
Ihor Dubyna_165164,Ihor Dubyna,3,1,33,19,14,52,2021-12-07 07:50:00,542197
Andriy Zaitsev_1203992799,Andriy Zaitsev,-1,0,56,55,1,111,2021-12-07 07:55:00,542198
Vasyl Kondratenko_165328,Vasyl Kondratenko,-2,0,30,39,-9,69,2021-12-07 08:00:00,542199
Viacheslav Isakov_165109,Viacheslav Isakov,-3,0,15,33,-18,48,2021-12-07 08:05:00,542200
S Ovechkin_123002,S Ovechkin,-2,0,40,46,-6,86,2021-12-07 08:07:00,542201
Anastasia Degteva_165124,Anastasia Degteva,2,1,41,25,16,66,2021-12-07 08:10:00,542202
S Homutov_123038,S Homutov,3,1,33,22,11,55,2021-12-07 08:15:00,542203
Bohdan Yurka_165139,Bohdan Yurka,-1,0,33,50,-17,83,2021-12-07 08:15:00,542204
Oles Dopilko_165165,Oles Dopilko,-2,0,38,38,0,76,2021-12-07 08:20:00,542205
Oleksandr Bondarchuk_1784082734,Oleksandr Bondarchuk,-3,0,20,33,-13,53,2021-12-07 08:25:00,542206
A Savinskiy_122968,A Savinskiy,3,1,33,24,9,57,2021-12-07 08:26:00,542207
Dmytro Palii_165329,Dmytro Palii,-2,0,31,41,-10,72,2021-12-07 08:30:00,542208
Andrii Selin_562471611,Andrii Selin,-1,0,44,48,-4,92,2021-12-07 08:30:00,542209
Yurii Kolesnyk_165110,Yurii Kolesnyk,-3,0,29,37,-8,66,2021-12-07 08:35:00,542210
Serhii Gergeliuk_1419665211,Serhii Gergeliuk,-2,0,34,43,-9,77,2021-12-07 08:35:00,542211
Andrii Sydorenko_326361685,Andrii Sydorenko,-1,0,41,49,-8,90,2021-12-07 08:40:00,542212
Maryna Slashchova_165125,Maryna Slashchova,-1,0,50,50,0,100,2021-12-07 08:40:00,542213
A Zabrodin_123003,A Zabrodin,3,1,33,12,21,45,2021-12-07 08:42:00,542214
Bogdan Stasiuk_1028308870,Bogdan Stasiuk,3,1,36,21,15,57,2021-12-07 08:45:00,542215
A Golyshev_123039,A Golyshev,-2,0,24,39,-15,63,2021-12-07 08:45:00,542216
Dmytro Kunchurov_165140,Dmytro Kunchurov,-3,0,27,35,-8,62,2021-12-07 08:45:00,542217
Oleksandr Kolbasenko_165154,Oleksandr Kolbasenko,2,1,42,37,5,79,2021-12-07 08:50:00,542218
Ivan Makohon_165166,Ivan Makohon,-1,0,40,49,-9,89,2021-12-07 08:50:00,542219
Dmytro Zeniuk_1742158386,Dmytro Zeniuk,-3,0,21,33,-12,54,2021-12-07 08:50:00,542220
Ir Kim_122969,Ir Kim,-2,0,38,42,-4,80,2021-12-07 08:52:00,542221
Mykhailo Presniakov_1088078484,Mykhailo Presniakov,3,1,33,25,8,58,2021-12-07 08:55:00,542222
Serhii Kuprykov_165079,Serhii Kuprykov,-2,0,22,36,-14,58,2021-12-07 08:55:00,542223
Michael Rikun_978365177,Michael Rikun,3,1,33,21,12,54,2021-12-07 08:55:00,542224
Vasyl Moshovskyi_165179,Vasyl Moshovskyi,-2,0,31,42,-11,73,2021-12-07 09:00:00,542225
Bohdan Havryliuk_165096,Bohdan Havryliuk,3,1,33,20,13,53,2021-12-07 09:00:00,542226
Denys Nemchenko_1348567106,Denys Nemchenko,-1,0,39,48,-9,87,2021-12-07 09:00:00,542227
Tomas Cerveny_165304,Tomas Cerveny,-1,0,47,46,1,93,2021-12-07 09:00:00,542228
F Pusch_27525,F Pusch,-2,0,29,39,-10,68,2021-12-07 09:00:00,542229
I Sergeevich_123004,I Sergeevich,2,1,41,31,10,72,2021-12-07 09:01:00,542230
Dmytro Kryshtal_227700797,Dmytro Kryshtal,2,1,47,36,11,83,2021-12-07 09:05:00,542231
Oleksandr Liushnia_165111,Oleksandr Liushnia,-1,0,44,49,-5,93,2021-12-07 09:05:00,542232
Adam Krasutskyi_1104685086,Adam Krasutskyi,1,1,50,44,6,94,2021-12-07 09:10:00,542233
Liliia Nerush_165126,Liliia Nerush,-3,0,20,33,-13,53,2021-12-07 09:10:00,542234
Volodymyr Kononikhin_165141,Volodymyr Kononikhin,-1,0,42,44,-2,86,2021-12-07 09:15:00,542235
Oleg Mikluha_1649382967,Oleg Mikluha,3,1,34,21,13,55,2021-12-07 09:15:00,542236
D Kolesnikov_123040,D Kolesnikov,-3,0,21,34,-13,55,2021-12-07 09:16:00,542237
Oleksandr Kostiuk_683871567,Oleksandr Kostiuk,3,1,33,13,20,46,2021-12-07 09:20:00,542238
Oles Dopilko_165167,Oles Dopilko,3,1,33,17,16,50,2021-12-07 09:20:00,542239
Oleksandr Ivchuk_165155,Oleksandr Ivchuk,-3,0,30,36,-6,66,2021-12-07 09:20:00,542240
S Muslikov_122970,S Muslikov,3,1,34,28,6,62,2021-12-07 09:24:00,542241
Yevhenii Faflei_991729785,Yevhenii Faflei,1,1,52,37,15,89,2021-12-07 09:25:00,542242
Roman Bambutsa_165080,Roman Bambutsa,3,1,33,26,7,59,2021-12-07 09:25:00,542243
Serhii Rutskyi_2061430637,Serhii Rutskyi,3,1,33,23,10,56,2021-12-07 09:30:00,542244
Dmytro Derevinskyi_2023784910,Dmytro Derevinskyi,-2,0,39,45,-6,84,2021-12-07 09:30:00,542245
A Zabrodin_123005,A Zabrodin,-2,0,30,43,-13,73,2021-12-07 09:30:00,542246
Martin Sulc_165305,Martin Sulc,2,1,44,30,14,74,2021-12-07 09:30:00,542247
V Skokan_27526,V Skokan,-2,0,35,43,-8,78,2021-12-07 09:30:00,542248
Kyrylo Tkachenko_165180,Kyrylo Tkachenko,2,1,44,27,17,71,2021-12-07 09:30:00,542249
Dmytro Palii_165097,Dmytro Palii,1,1,48,37,11,85,2021-12-07 09:30:00,542250
Oleksandr Bondarchuk_14048106,Oleksandr Bondarchuk,3,1,33,20,13,53,2021-12-07 09:35:00,542251
Yurii Kolesnyk_165112,Yurii Kolesnyk,3,1,37,29,8,66,2021-12-07 09:35:00,542252
Andrii Selin_1271211019,Andrii Selin,1,1,54,54,0,108,2021-12-07 09:40:00,542253
Maryna Slashchova_165127,Maryna Slashchova,-2,0,29,42,-13,71,2021-12-07 09:40:00,542254
Serhii Gergeliuk_1222313090,Serhii Gergeliuk,1,1,44,39,5,83,2021-12-07 09:45:00,542255
Dmytro Kunchurov_165142,Dmytro Kunchurov,1,1,50,49,1,99,2021-12-07 09:45:00,542256
A Golyshev_123041,A Golyshev,2,1,48,41,7,89,2021-12-07 09:46:00,542257
Ir Kim_122971,Ir Kim,-3,0,20,34,-14,54,2021-12-07 09:47:00,542258
Ihor Dubyna_165168,Ihor Dubyna,2,1,42,32,10,74,2021-12-07 09:50:00,542259
Oleksandr Kolbasenko_165156,Oleksandr Kolbasenko,2,1,40,37,3,77,2021-12-07 09:50:00,542260
Andrii Sydorenko_100556951,Andrii Sydorenko,2,1,40,35,5,75,2021-12-07 09:50:00,542261
Bogdan Stasiuk_1762243897,Bogdan Stasiuk,-2,0,31,41,-10,72,2021-12-07 09:55:00,542262
Yurii Reva_165081,Yurii Reva,-2,0,34,43,-9,77,2021-12-07 09:55:00,542263
Dmytro Zeniuk_1460494754,Dmytro Zeniuk,1,1,43,53,-10,96,2021-12-07 10:00:00,542264
Vasyl Kondratenko_165330,Vasyl Kondratenko,1,1,47,40,7,87,2021-12-07 10:00:00,542265
Martin Sulc_165306,Martin Sulc,-2,0,35,41,-6,76,2021-12-07 10:00:00,542266
Serhii Darahan_165181,Serhii Darahan,-3,0,17,33,-16,50,2021-12-07 10:00:00,542267
jr. Havlik_27527,jr. Havlik,1,1,53,40,13,93,2021-12-07 10:01:00,542268
S Ovechkin_123006,S Ovechkin,-2,0,32,42,-10,74,2021-12-07 10:02:00,542269
Viacheslav Isakov_165113,Viacheslav Isakov,2,1,43,38,5,81,2021-12-07 10:05:00,542270
Mykhailo Presniakov_851910200,Mykhailo Presniakov,3,1,34,18,16,52,2021-12-07 10:05:00,542271
Michael Rikun_262281718,Michael Rikun,-1,0,44,57,-13,101,2021-12-07 10:05:00,542272
Anastasia Degteva_165128,Anastasia Degteva,1,1,46,43,3,89,2021-12-07 10:10:00,542273
Igor Sukovatyi_1719911329,Igor Sukovatyi,-1,0,44,46,-2,90,2021-12-07 10:10:00,542274
Andriy Zaitsev_1228041808,Andriy Zaitsev,3,1,33,18,15,51,2021-12-07 10:15:00,542275
Bohdan Yurka_165143,Bohdan Yurka,-3,0,23,33,-10,56,2021-12-07 10:15:00,542276
A Savinskiy_122972,A Savinskiy,-2,0,39,43,-4,82,2021-12-07 10:18:00,542277
S Homutov_123042,S Homutov,-1,0,38,48,-10,86,2021-12-07 10:18:00,542278
Vlas Barei_165169,Vlas Barei,3,1,37,22,15,59,2021-12-07 10:20:00,542279
Yaroslav Strilnyk_165157,Yaroslav Strilnyk,1,1,49,36,13,85,2021-12-07 10:20:00,542280
Adam Krasutskyi_980459139,Adam Krasutskyi,1,1,54,56,-2,110,2021-12-07 10:20:00,542281
Aleksandr Melnikov_1110495995,Aleksandr Melnikov,-3,0,21,33,-12,54,2021-12-07 10:25:00,542282
Roman Bambutsa_165082,Roman Bambutsa,1,1,57,54,3,111,2021-12-07 10:25:00,542283
Oleg Kolivay_165331,Oleg Kolivay,2,1,43,25,18,68,2021-12-07 10:30:00,542284
Kyrylo Tkachenko_165182,Kyrylo Tkachenko,-2,0,33,42,-9,75,2021-12-07 10:30:00,542285
Tomas Cerveny_165307,Tomas Cerveny,3,1,33,17,16,50,2021-12-07 10:30:00,542286
Jo Kutifel_27528,Jo Kutifel,3,1,33,24,9,57,2021-12-07 10:30:00,542287
Igor Vatsyn_430052695,Igor Vatsyn,-1,0,41,48,-7,89,2021-12-07 10:30:00,542288
S Ovechkin_123087,S Ovechkin,-2,0,42,44,-2,86,2021-12-07 10:32:00,542289
Dmytro Rehotun_165114,Dmytro Rehotun,-2,0,29,42,-13,71,2021-12-07 10:35:00,542290
Oleksii Tkachuk_347212262,Oleksii Tkachuk,-1,0,52,50,2,102,2021-12-07 10:35:00,542291
Dmytro Derevinskyi_80234416,Dmytro Derevinskyi,2,1,43,36,7,79,2021-12-07 10:40:00,542292
Vadim Tokar_1343276617,Vadim Tokar,-1,0,44,54,-10,98,2021-12-07 10:40:00,542293
Yevheniia Chilikina_165129,Yevheniia Chilikina,1,1,48,40,8,88,2021-12-07 10:40:00,542294
Iulii Khomutovskyi_165144,Iulii Khomutovskyi,-2,0,30,42,-12,72,2021-12-07 10:45:00,542295
Ruslan Ivanov_1996336736,Ruslan Ivanov,2,1,41,35,6,76,2021-12-07 10:45:00,542296
Ivan Makohon_165170,Ivan Makohon,-1,0,43,51,-8,94,2021-12-07 10:50:00,542297
Oleksandr Semenets_1496954448,Oleksandr Semenets,-1,0,50,50,0,100,2021-12-07 10:50:00,542298
Oleksandr Ivchuk_165158,Oleksandr Ivchuk,1,1,49,48,1,97,2021-12-07 10:50:00,542299
Ir Kim_123089,Ir Kim,3,1,35,28,7,63,2021-12-07 10:52:00,542300
D Kolesnikov_123091,D Kolesnikov,2,1,41,27,14,68,2021-12-07 10:52:00,542301
Serhii Kuprykov_165083,Serhii Kuprykov,-3,0,20,33,-13,53,2021-12-07 10:55:00,542302
Serhii Gergeliuk_493122869,Serhii Gergeliuk,-1,0,48,48,0,96,2021-12-07 10:55:00,542303
jr. Havlik_27529,jr. Havlik,1,1,56,59,-3,115,2021-12-07 10:59:00,542304
Vasyl Moshovskyi_165183,Vasyl Moshovskyi,3,1,33,18,15,51,2021-12-07 11:00:00,542305
Bohdan Havryliuk_165100,Bohdan Havryliuk,1,1,49,51,-2,100,2021-12-07 11:00:00,542306
Matej Fausek_165308,Matej Fausek,1,1,47,43,4,90,2021-12-07 11:00:00,542307
Oleg Mikluha_381331306,Oleg Mikluha,2,1,39,31,8,70,2021-12-07 11:00:00,542308
Oleksandr Liushnia_165115,Oleksandr Liushnia,-2,0,37,45,-8,82,2021-12-07 11:05:00,542309
Oleksandr Kostiuk_1341122298,Oleksandr Kostiuk,-2,0,41,45,-4,86,2021-12-07 11:05:00,542310
A Zabrodin_123088,A Zabrodin,-3,0,14,33,-19,47,2021-12-07 11:06:00,542311
Yevhenii Faflei_2048961854,Yevhenii Faflei,-1,0,41,52,-11,93,2021-12-07 11:10:00,542312
Liliia Nerush_165130,Liliia Nerush,1,1,51,38,13,89,2021-12-07 11:10:00,542313
Serhii Rutskyi_680472165,Serhii Rutskyi,-2,0,35,42,-7,77,2021-12-07 11:15:00,542314
Volodymyr Kononikhin_165145,Volodymyr Kononikhin,-2,0,31,42,-11,73,2021-12-07 11:15:00,542315
Mykhailo Presniakov_299594031,Mykhailo Presniakov,-3,0,22,34,-12,56,2021-12-07 11:15:00,542316
S Homutov_123092,S Homutov,-1,0,45,48,-3,93,2021-12-07 11:16:00,542317
V Sinkovskiy_123090,V Sinkovskiy,-1,0,42,54,-12,96,2021-12-07 11:17:00,542318
Denys Nemchenko_319261454,Denys Nemchenko,3,1,33,23,10,56,2021-12-07 11:20:00,542319
Oles Dopilko_165171,Oles Dopilko,-3,0,15,35,-20,50,2021-12-07 11:20:00,542320
Oleksandr Kolbasenko_165159,Oleksandr Kolbasenko,-2,0,32,39,-7,71,2021-12-07 11:20:00,542321
Yevhenii Sokoltsov_165084,Yevhenii Sokoltsov,2,1,36,25,11,61,2021-12-07 11:25:00,542322
Dmytro Kryshtal_1142576789,Dmytro Kryshtal,3,1,33,25,8,58,2021-12-07 11:25:00,542323
Serhii Prus_165184,Serhii Prus,-3,0,21,33,-12,54,2021-12-07 11:30:00,542324
Nikita Korbut_536384458,Nikita Korbut,-1,0,43,50,-7,93,2021-12-07 11:30:00,542325
Dmytro Palii_165101,Dmytro Palii,1,1,54,46,8,100,2021-12-07 11:30:00,542326
Tomas Cerveny_165309,Tomas Cerveny,1,1,50,47,3,97,2021-12-07 11:30:00,542327
V Skokan_27530,V Skokan,2,1,43,34,9,77,2021-12-07 11:32:00,542328
A Mohnachev_123007,A Mohnachev,-3,0,25,37,-12,62,2021-12-07 11:32:00,542329
Andrii Sydorenko_993035065,Andrii Sydorenko,-2,0,39,41,-2,80,2021-12-07 11:35:00,542330
Yurii Kolesnyk_165116,Yurii Kolesnyk,-1,0,39,43,-4,82,2021-12-07 11:35:00,542331
Bogdan Stasiuk_1236691849,Bogdan Stasiuk,2,1,41,34,7,75,2021-12-07 11:40:00,542332
Maryna Slashchova_165131,Maryna Slashchova,-2,0,31,41,-10,72,2021-12-07 11:40:00,542333
Dmytro Kunchurov_165146,Dmytro Kunchurov,-2,0,33,41,-8,74,2021-12-07 11:45:00,542334
Dmytro Zeniuk_607926784,Dmytro Zeniuk,2,1,42,36,6,78,2021-12-07 11:45:00,542335
Ihor Dubyna_165172,Ihor Dubyna,3,1,33,19,14,52,2021-12-07 11:50:00,542336
Oleksandr Ivchuk_165160,Oleksandr Ivchuk,1,1,48,45,3,93,2021-12-07 11:50:00,542337
Pavlo Plushch_1657247419,Pavlo Plushch,2,1,44,30,14,74,2021-12-07 11:50:00,542338
Michael Rikun_611793985,Michael Rikun,-2,0,34,42,-8,76,2021-12-07 11:50:00,542339
Oleksandr Bondarchuk_1406120860,Oleksandr Bondarchuk,1,1,44,44,0,88,2021-12-07 11:55:00,542340
Yurii Reva_165085,Yurii Reva,1,1,53,46,7,99,2021-12-07 11:55:00,542341
D Petrochenko_123043,D Petrochenko,-3,0,25,38,-13,63,2021-12-07 11:55:00,542342
Andrii Selin_1398531184,Andrii Selin,1,1,52,48,4,100,2021-12-07 12:00:00,542343
P Medvedev_122973,P Medvedev,3,1,34,18,16,52,2021-12-07 12:00:00,542344
Serhii Darahan_165185,Serhii Darahan,1,1,52,47,5,99,2021-12-07 12:00:00,542345
Vasyl Kondratenko_165332,Vasyl Kondratenko,-1,0,44,49,-5,93,2021-12-07 12:00:00,542346
F Pusch_27555,F Pusch,1,1,51,53,-2,104,2021-12-07 12:01:00,542347
V Dakhin_123008,V Dakhin,-3,0,22,34,-12,56,2021-12-07 12:03:00,542348
Adam Krasutskyi_1435580721,Adam Krasutskyi,1,1,47,46,1,93,2021-12-07 12:05:00,542349
Viacheslav Isakov_165117,Viacheslav Isakov,-3,0,19,33,-14,52,2021-12-07 12:05:00,542350
Anastasia Degteva_165132,Anastasia Degteva,1,1,52,45,7,97,2021-12-07 12:10:00,542351
Aleksandr Melnikov_1417864201,Aleksandr Melnikov,2,1,33,33,0,66,2021-12-07 12:10:00,542352
Matej Fausek_165341,Matej Fausek,-2,0,28,42,-14,70,2021-12-07 12:15:00,542353
Bohdan Yurka_165147,Bohdan Yurka,-2,0,25,41,-16,66,2021-12-07 12:15:00,542354
Igor Vatsyn_2133099181,Igor Vatsyn,-1,0,44,49,-5,93,2021-12-07 12:15:00,542355
I Novikov_122974,I Novikov,-1,0,48,58,-10,106,2021-12-07 12:18:00,542356
Yaroslav Strilnyk_165161,Yaroslav Strilnyk,1,1,51,43,8,94,2021-12-07 12:20:00,542357
S Nikulin_123044,S Nikulin,3,1,33,20,13,53,2021-12-07 12:20:00,542358
Vlas Barei_165173,Vlas Barei,-3,0,21,33,-12,54,2021-12-07 12:20:00,542359
Oleksii Tkachuk_1896630146,Oleksii Tkachuk,3,1,33,19,14,52,2021-12-07 12:20:00,542360
Mykhailo Presniakov_1938671458,Mykhailo Presniakov,1,1,50,50,0,100,2021-12-07 12:25:00,542361
Vadim Tokar_1286835829,Vadim Tokar,2,1,39,32,7,71,2021-12-07 12:25:00,542362
Roman Bambutsa_165086,Roman Bambutsa,-1,0,39,48,-9,87,2021-12-07 12:25:00,542363
Kyrylo Tkachenko_165186,Kyrylo Tkachenko,-1,0,42,41,1,83,2021-12-07 12:30:00,542364
Oleg Kolivay_165103,Oleg Kolivay,-2,0,42,47,-5,89,2021-12-07 12:30:00,542365
Igor Sukovatyi_956480626,Igor Sukovatyi,-1,0,39,50,-11,89,2021-12-07 12:30:00,542366
A Shmakov_123009,A Shmakov,-1,0,46,49,-3,95,2021-12-07 12:31:00,542367
Jo Kutifel_27556,Jo Kutifel,2,1,41,26,15,67,2021-12-07 12:32:00,542368
Andriy Zaitsev_240636923,Andriy Zaitsev,-3,0,20,33,-13,53,2021-12-07 12:35:00,542369
Dmytro Rehotun_165118,Dmytro Rehotun,-3,0,28,35,-7,63,2021-12-07 12:35:00,542370
Yevheniia Chilikina_165133,Yevheniia Chilikina,-1,0,45,55,-10,100,2021-12-07 12:40:00,542371
Serhii Gergeliuk_1049384661,Serhii Gergeliuk,2,1,41,37,4,78,2021-12-07 12:40:00,542372
Iulii Khomutovskyi_165148,Iulii Khomutovskyi,-3,0,24,35,-11,59,2021-12-07 12:45:00,542373
Dominik Pasek_165342,Dominik Pasek,-2,0,38,46,-8,84,2021-12-07 12:45:00,542374
Oleg Mikluha_1420331386,Oleg Mikluha,-2,0,28,42,-14,70,2021-12-07 12:45:00,542375
E Mishutin_123045,E Mishutin,2,1,42,34,8,76,2021-12-07 12:46:00,542376
Oleksandr Kostiuk_749071414,Oleksandr Kostiuk,1,1,54,51,3,105,2021-12-07 12:50:00,542377
Ivan Makohon_165174,Ivan Makohon,-3,0,19,33,-14,52,2021-12-07 12:50:00,542378
Oleksandr Kolbasenko_165162,Oleksandr Kolbasenko,1,1,51,48,3,99,2021-12-07 12:50:00,542379
I Minchenkov_122975,I Minchenkov,2,1,36,33,3,69,2021-12-07 12:55:00,542380
Serhii Kuprykov_165087,Serhii Kuprykov,2,1,38,35,3,73,2021-12-07 12:55:00,542381
Yevhenii Faflei_1737471958,Yevhenii Faflei,-1,0,43,52,-9,95,2021-12-07 12:55:00,542382
Vaclav Strejc_165310,Vaclav Strejc,-2,0,31,41,-10,72,2021-12-07 13:00:00,542383
Dmytro Derevinskyi_1247790292,Dmytro Derevinskyi,1,1,52,47,5,99,2021-12-07 13:00:00,542384
F Just_27531,F Just,1,1,53,44,9,97,2021-12-07 13:00:00,542385
Bohdan Havryliuk_165333,Bohdan Havryliuk,-1,0,42,49,-7,91,2021-12-07 13:00:00,542386
Vasyl Moshovskyi_165187,Vasyl Moshovskyi,1,1,50,52,-2,102,2021-12-07 13:00:00,542387
Serhii Rutskyi_378434090,Serhii Rutskyi,1,1,43,45,-2,88,2021-12-07 13:00:00,542388
V Kutin_123010,V Kutin,-2,0,32,39,-7,71,2021-12-07 13:02:00,542389
Ruslan Ivanov_2120912025,Ruslan Ivanov,-3,0,20,33,-13,53,2021-12-07 13:05:00,542390
Oleksandr Liushnia_165119,Oleksandr Liushnia,2,1,47,41,6,88,2021-12-07 13:05:00,542391
Liliia Nerush_165134,Liliia Nerush,-3,0,6,33,-27,39,2021-12-07 13:10:00,542392
Oleksandr Semenets_1450270093,Oleksandr Semenets,1,1,53,45,8,98,2021-12-07 13:10:00,542393
Adam Krasutskyi_546404026,Adam Krasutskyi,2,1,42,28,14,70,2021-12-07 13:15:00,542394
Volodymyr Kononikhin_165149,Volodymyr Kononikhin,-3,0,25,33,-8,58,2021-12-07 13:15:00,542395
D Razinkov_123046,D Razinkov,-2,0,32,41,-9,73,2021-12-07 13:16:00,542396
A Lobanov_122976,A Lobanov,2,1,36,35,1,71,2021-12-07 13:17:00,542397
Ihor Dubyna_165175,Ihor Dubyna,-2,0,34,39,-5,73,2021-12-07 13:20:00,542398
Oleh Furman_280203781,Oleh Furman,-2,0,25,35,-10,60,2021-12-07 13:20:00,542399
Vladyslav Mishchenko_165163,Vladyslav Mishchenko,2,1,39,36,3,75,2021-12-07 13:20:00,542400
M Lysenko_123139,M Lysenko,-2,0,13,23,-10,36,2021-12-07 13:20:00,542401
Volodymyr Tuchkevych_298919759,Volodymyr Tuchkevych,-2,0,33,39,-6,72,2021-12-07 13:25:00,542402
Yevhenii Sokoltsov_165088,Yevhenii Sokoltsov,2,1,43,40,3,83,2021-12-07 13:25:00,542403
Vasyl Kondratenko_165334,Vasyl Kondratenko,-2,0,29,42,-13,71,2021-12-07 13:30:00,542404
Serhii Prus_165188,Serhii Prus,2,1,39,28,11,67,2021-12-07 13:30:00,542405
Yaroslav Vorsuliak_492560098,Yaroslav Vorsuliak,2,1,40,28,12,68,2021-12-07 13:30:00,542406
Jiri Cermak_165311,Jiri Cermak,-1,0,50,45,5,95,2021-12-07 13:30:00,542407
M Flanderka_27532,M Flanderka,-3,0,18,33,-15,51,2021-12-07 13:32:00,542408
Viacheslav Isakov_165120,Viacheslav Isakov,2,1,36,37,-1,73,2021-12-07 13:35:00,542409
Mykhailo Presniakov_851873176,Mykhailo Presniakov,-1,0,40,47,-7,87,2021-12-07 13:35:00,542410
Maksym Mykytiuk_1449604386,Maksym Mykytiuk,-3,0,22,34,-12,56,2021-12-07 13:35:00,542411
A Shmakov_123011,A Shmakov,-2,0,37,40,-3,77,2021-12-07 13:35:00,542412
O Aratskaya_123140,O Aratskaya,-2,0,5,22,-17,27,2021-12-07 13:40:00,542413
Anastasia Degteva_165135,Anastasia Degteva,2,1,34,31,3,65,2021-12-07 13:40:00,542414
Denys Nemchenko_1063799094,Denys Nemchenko,-2,0,35,46,-11,81,2021-12-07 13:40:00,542415
Dmytro Kryshtal_1078119147,Dmytro Kryshtal,-3,0,23,36,-13,59,2021-12-07 13:45:00,542416
Bohdan Yurka_165150,Bohdan Yurka,-2,0,26,42,-16,68,2021-12-07 13:45:00,542417
I Minchenkov_122977,I Minchenkov,-2,0,35,38,-3,73,2021-12-07 13:48:00,542418
E Mishutin_123047,E Mishutin,1,1,55,51,4,106,2021-12-07 13:49:00,542419
Serhii Gergeliuk_718610439,Serhii Gergeliuk,-1,0,51,56,-5,107,2021-12-07 13:50:00,542420
Rostyslav Fylypiv_165176,Rostyslav Fylypiv,1,1,54,42,12,96,2021-12-07 13:50:00,542421
Yurii Reva_165089,Yurii Reva,2,1,43,35,8,78,2021-12-07 13:55:00,542422
Yaroslav Strilnyk_165343,Yaroslav Strilnyk,1,1,50,49,1,99,2021-12-07 13:55:00,542423
Andrii Sydorenko_69540280,Andrii Sydorenko,2,1,43,36,7,79,2021-12-07 13:55:00,542424
O Aratskaya_123141,O Aratskaya,1,1,31,17,14,48,2021-12-07 14:00:00,542425
Serhii Darahan_165189,Serhii Darahan,-2,0,29,40,-11,69,2021-12-07 14:00:00,542426
Jiri Cermak_165312,Jiri Cermak,-1,0,46,52,-6,98,2021-12-07 14:00:00,542427
Valentyn Lobas_165335,Valentyn Lobas,-1,0,51,56,-5,107,2021-12-07 14:00:00,542428
M Cinibulk_27533,M Cinibulk,-1,0,39,48,-9,87,2021-12-07 14:00:00,542429
Bogdan Stasiuk_423052123,Bogdan Stasiuk,3,1,33,20,13,53,2021-12-07 14:00:00,542430
V Dakhin_123012,V Dakhin,-1,0,55,47,8,102,2021-12-07 14:03:00,542431
Roman Hnoievoi_165121,Roman Hnoievoi,2,1,41,37,4,78,2021-12-07 14:05:00,542432
Dmytro Zeniuk_34698923,Dmytro Zeniuk,1,1,53,55,-2,108,2021-12-07 14:05:00,542433
Dmytro Derevinskyi_730885739,Dmytro Derevinskyi,-2,0,28,40,-12,68,2021-12-07 14:10:00,542434
Michael Rikun_1348511266,Michael Rikun,-3,0,24,35,-11,59,2021-12-07 14:10:00,542435
Tamara Kravchuk_165136,Tamara Kravchuk,2,1,44,29,15,73,2021-12-07 14:10:00,542436
Igor Sukovatyi_2068845847,Igor Sukovatyi,1,1,48,42,6,90,2021-12-07 14:15:00,542437
Stefan Yakimenko_165151,Stefan Yakimenko,1,1,53,44,9,97,2021-12-07 14:15:00,542438
I Novikov_122978,I Novikov,-3,0,22,33,-11,55,2021-12-07 14:17:00,542439
Andriy Zaitsev_207100192,Andriy Zaitsev,2,1,46,42,4,88,2021-12-07 14:20:00,542440
E Samsonova_123142,E Samsonova,-2,0,5,22,-17,27,2021-12-07 14:20:00,542441
Ihor Dubyna_165177,Ihor Dubyna,3,1,33,22,11,55,2021-12-07 14:20:00,542442
Adam Krasutskyi_1796001920,Adam Krasutskyi,-1,0,50,52,-2,102,2021-12-07 14:25:00,542443
Serhii Kuprykov_165090,Serhii Kuprykov,1,1,51,48,3,99,2021-12-07 14:25:00,542444
Vaclav Strejc_165313,Vaclav Strejc,2,1,42,38,4,80,2021-12-07 14:30:00,542445
Vasyl Moshovskyi_165190,Vasyl Moshovskyi,1,1,43,48,-5,91,2021-12-07 14:30:00,542446
Vasyl Kondratenko_165336,Vasyl Kondratenko,1,1,48,47,1,95,2021-12-07 14:30:00,542447
Aleksandr Melnikov_540252827,Aleksandr Melnikov,-2,0,26,42,-16,68,2021-12-07 14:30:00,542448
T Holik_27534,T Holik,3,1,36,25,11,61,2021-12-07 14:31:00,542449
S Nikulin_123048,S Nikulin,3,1,33,14,19,47,2021-12-07 14:32:00,542450
Volodymyr Tuchkevych_1172229387,Volodymyr Tuchkevych,1,1,45,41,4,86,2021-12-07 14:35:00,542451
Viacheslav Isakov_165122,Viacheslav Isakov,1,1,50,45,5,95,2021-12-07 14:35:00,542452
Anastasia Degteva_165137,Anastasia Degteva,3,1,34,27,7,61,2021-12-07 14:40:00,542453
Vladyslav Mishchenko_165344,Vladyslav Mishchenko,2,1,46,40,6,86,2021-12-07 14:40:00,542454
V Dakhin_123173,V Dakhin,2,1,41,34,7,75,2021-12-07 14:40:00,542455
Yevhenii Faflei_1522037594,Yevhenii Faflei,-3,0,19,33,-14,52,2021-12-07 14:40:00,542456
Mykhailo Presniakov_299630927,Mykhailo Presniakov,-1,0,48,52,-4,100,2021-12-07 14:45:00,542457
Michael Rikun_1532268930,Michael Rikun,2,1,38,31,7,69,2021-12-07 14:45:00,542458
Bohdan Yurka_165152,Bohdan Yurka,1,1,47,41,6,88,2021-12-07 14:45:00,542459
I Novikov_123171,I Novikov,-2,0,40,41,-1,81,2021-12-07 14:48:00,542460
Dmytro Alekseenko_929382317,Dmytro Alekseenko,1,1,50,43,7,93,2021-12-07 14:50:00,542461
Oles Dopilko_165178,Oles Dopilko,2,1,39,41,-2,80,2021-12-07 14:50:00,542462
Ivan Kozyr_1178688384,Ivan Kozyr,2,1,43,35,8,78,2021-12-07 14:55:00,542463
D Petrochenko_123181,D Petrochenko,-1,0,43,45,-2,88,2021-12-07 14:55:00,542464
Taras Yemelianov_165091,Taras Yemelianov,2,1,41,36,5,77,2021-12-07 14:55:00,542465
Petr Fiser_165314,Petr Fiser,-3,0,16,33,-17,49,2021-12-07 15:00:00,542466
Mykhailo Potapov_165191,Mykhailo Potapov,1,1,44,45,-1,89,2021-12-07 15:00:00,542467
Nikita Korbut_1503126191,Nikita Korbut,3,1,35,16,19,51,2021-12-07 15:00:00,542468
M Cinibulk_27535,M Cinibulk,-2,0,26,41,-15,67,2021-12-07 15:00:00,542469
Dmytro Palii_165108,Dmytro Palii,3,1,35,29,6,64,2021-12-07 15:00:00,542470
A Mohnachev_123174,A Mohnachev,1,1,53,48,5,101,2021-12-07 15:03:00,542471
Oleg Mikluha_1420086429,Oleg Mikluha,2,1,42,37,5,79,2021-12-07 15:05:00,542472
Yurii Kolesnyk_165123,Yurii Kolesnyk,1,1,53,51,2,104,2021-12-07 15:05:00,542473
Maryna Slashchova_165138,Maryna Slashchova,3,1,33,20,13,53,2021-12-07 15:10:00,542474
Bogdan Stasiuk_687156673,Bogdan Stasiuk,-1,0,45,54,-9,99,2021-12-07 15:10:00,542475
Dmytro Kunchurov_165153,Dmytro Kunchurov,2,1,46,38,8,84,2021-12-07 15:15:00,542476
Dmytro Zeniuk_1171438387,Dmytro Zeniuk,-2,0,34,39,-5,73,2021-12-07 15:15:00,542477
I Minchenkov_123172,I Minchenkov,-1,0,60,62,-2,122,2021-12-07 15:17:00,542478
Pavlo Plushch_1657111096,Pavlo Plushch,-3,0,21,33,-12,54,2021-12-07 15:20:00,542479
Serhii Rutskyi_1745734217,Serhii Rutskyi,-2,0,27,40,-13,67,2021-12-07 15:20:00,542480
Mykhailo Teteruk_165194,Mykhailo Teteruk,-3,0,22,35,-13,57,2021-12-07 15:20:00,542481
E Mishutin_123182,E Mishutin,-3,0,22,35,-13,57,2021-12-07 15:23:00,542482
Serhii Kuprykov_165092,Serhii Kuprykov,-3,0,25,34,-9,59,2021-12-07 15:25:00,542483
Igor Sukovatyi_348334926,Igor Sukovatyi,3,1,34,23,11,57,2021-12-07 15:25:00,542484
Andriy Zaitsev_324850764,Andriy Zaitsev,2,1,38,30,8,68,2021-12-07 15:30:00,542485
Vaclav Strejc_165315,Vaclav Strejc,-3,0,18,33,-15,51,2021-12-07 15:30:00,542486
Vasyl Moshovskyi_165192,Vasyl Moshovskyi,-2,0,34,38,-4,72,2021-12-07 15:30:00,542487
Viktoriia Husieva_165204,Viktoriia Husieva,-3,0,31,40,-9,71,2021-12-07 15:30:00,542488
M Flanderka_27536,M Flanderka,3,1,33,15,18,48,2021-12-07 15:32:00,542489
Anton Myrza_1402593843,Anton Myrza,1,1,53,52,1,105,2021-12-07 15:35:00,542490
Andrii Peretiatko_165219,Andrii Peretiatko,-3,0,23,33,-10,56,2021-12-07 15:35:00,542491
Dmytro Lazuryk_165234,Dmytro Lazuryk,1,1,56,39,17,95,2021-12-07 15:40:00,542492
Andriy Kurtenko_1583680195,Andriy Kurtenko,-2,0,35,37,-2,72,2021-12-07 15:40:00,542493
V Nemashkalo_123013,V Nemashkalo,3,1,34,17,17,51,2021-12-07 15:41:00,542494
Volodymyr Melnykov_165249,Volodymyr Melnykov,-2,0,38,44,-6,82,2021-12-07 15:45:00,542495
Yu Lbov_123049,Yu Lbov,-3,0,27,35,-8,62,2021-12-07 15:46:00,542496
Nazar Mosiuk_165195,Nazar Mosiuk,2,1,41,34,7,75,2021-12-07 15:50:00,542497
Artur Moriak_907938897,Artur Moriak,-3,0,18,33,-15,51,2021-12-07 15:50:00,542498
O Belugin_122979,O Belugin,-1,0,41,44,-3,85,2021-12-07 15:52:00,542499
Roman Bambutsa_165093,Roman Bambutsa,2,1,39,32,7,71,2021-12-07 15:55:00,542500
Vadym Grushko_1091329089,Vadym Grushko,-3,0,20,33,-13,53,2021-12-07 15:55:00,542501
Yevheniia Severyna_165205,Yevheniia Severyna,2,1,36,30,6,66,2021-12-07 16:00:00,542502
M Flanderka_27581,M Flanderka,2,1,42,34,8,76,2021-12-07 16:00:00,542503
Kyrylo Tkachenko_165193,Kyrylo Tkachenko,3,1,34,26,8,60,2021-12-07 16:00:00,542504
Oleksandr Bondarchuk_237673049,Oleksandr Bondarchuk,1,1,47,42,5,89,2021-12-07 16:00:00,542505
Petr Fiser_165345,Petr Fiser,-3,0,12,33,-21,45,2021-12-07 16:00:00,542506
S Kulikov_123014,S Kulikov,-1,0,45,43,2,88,2021-12-07 16:04:00,542507
Maksym Balakiriev_165220,Maksym Balakiriev,-1,0,50,49,1,99,2021-12-07 16:05:00,542508
Andrii Selin_771359207,Andrii Selin,-1,0,45,53,-8,98,2021-12-07 16:05:00,542509
Yurii Kurishchenko_165235,Yurii Kurishchenko,1,1,49,48,1,97,2021-12-07 16:10:00,542510
Anatolii Zapletniuk_5926199,Anatolii Zapletniuk,-3,0,29,36,-7,65,2021-12-07 16:10:00,542511
Andrii Troyan_1028765893,Andrii Troyan,1,1,48,48,0,96,2021-12-07 16:15:00,542512
Andrei Huchok_165250,Andrei Huchok,-2,0,38,41,-3,79,2021-12-07 16:15:00,542513
K Bystrushkin_123050,K Bystrushkin,-1,0,42,46,-4,88,2021-12-07 16:15:00,542514
S Ovechkin_122980,S Ovechkin,-3,0,22,33,-11,55,2021-12-07 16:16:00,542515
Valentyn Yunchyk_928947901,Valentyn Yunchyk,-1,0,39,51,-12,90,2021-12-07 16:20:00,542516
Mykhailo Teteruk_165196,Mykhailo Teteruk,2,1,38,36,2,74,2021-12-07 16:20:00,542517
Ruslan Kovalchuk_19430961,Ruslan Kovalchuk,-1,0,36,47,-11,83,2021-12-07 16:25:00,542518
Vitalii Kyilo_165264,Vitalii Kyilo,-2,0,24,41,-17,65,2021-12-07 16:25:00,542519
F Just_27582,F Just,-3,0,12,33,-21,45,2021-12-07 16:30:00,542520
Anastasiia Kozak_165206,Anastasiia Kozak,-3,0,16,33,-17,49,2021-12-07 16:30:00,542521
Dmitriy Lebed_452446666,Dmitriy Lebed,-1,0,43,54,-11,97,2021-12-07 16:30:00,542522
Jan Blazek_165346,Jan Blazek,1,1,44,41,3,85,2021-12-07 16:30:00,542523
I Meteleshko_123015,I Meteleshko,3,1,33,16,17,49,2021-12-07 16:33:00,542524
Alexey Hladkykh_1426949492,Alexey Hladkykh,-2,0,33,42,-9,75,2021-12-07 16:35:00,542525
Ruslan Onishchenko_165221,Ruslan Onishchenko,2,1,38,34,4,72,2021-12-07 16:35:00,542526
Oleksandr Lysak_518284091,Oleksandr Lysak,-1,0,50,52,-2,102,2021-12-07 16:40:00,542527
Serhii Rak_165236,Serhii Rak,2,1,41,29,12,70,2021-12-07 16:40:00,542528
A Vorozheykin_122981,A Vorozheykin,-3,0,20,33,-13,53,2021-12-07 16:45:00,542529
Anton Myrza_1244395240,Anton Myrza,-2,0,34,43,-9,77,2021-12-07 16:45:00,542530
Anatolii Kovalenko_165251,Anatolii Kovalenko,3,1,40,31,9,71,2021-12-07 16:45:00,542531
S Burov_123051,S Burov,-1,0,42,46,-4,88,2021-12-07 16:46:00,542532
Yaroslav Kravets_165197,Yaroslav Kravets,3,1,33,18,15,51,2021-12-07 16:50:00,542533
Andriy Kurtenko_656741292,Andriy Kurtenko,-2,0,31,45,-14,76,2021-12-07 16:50:00,542534
Hryhorii Kulishov_165265,Hryhorii Kulishov,-3,0,24,33,-9,57,2021-12-07 16:55:00,542535
Nazarii Hrytsyienko_1205836311,Nazarii Hrytsyienko,3,1,33,21,12,54,2021-12-07 16:55:00,542536
Artur Moriak_1101174320,Artur Moriak,2,1,42,32,10,74,2021-12-07 17:00:00,542537
Petr Semrad_165316,Petr Semrad,2,1,43,39,4,82,2021-12-07 17:00:00,542538
Ja Kanera_27537,Ja Kanera,3,1,33,25,8,58,2021-12-07 17:00:00,542539
Yevheniia Severyna_165207,Yevheniia Severyna,-2,0,22,40,-18,62,2021-12-07 17:00:00,542540
Ir Kim_123016,Ir Kim,2,1,40,30,10,70,2021-12-07 17:02:00,542541
Vadym Grushko_1400440940,Vadym Grushko,3,1,33,21,12,54,2021-12-07 17:05:00,542542
Maksym Balakiriev_165222,Maksym Balakiriev,1,1,56,55,1,111,2021-12-07 17:05:00,542543
Yurii Kurishchenko_165237,Yurii Kurishchenko,2,1,42,34,8,76,2021-12-07 17:10:00,542544
Alexey Hladkykh_1780224026,Alexey Hladkykh,-1,0,38,46,-8,84,2021-12-07 17:10:00,542545
Andrei Huchok_165252,Andrei Huchok,2,1,35,30,5,65,2021-12-07 17:15:00,542546
I Abelmasov_123052,I Abelmasov,-3,0,31,38,-7,69,2021-12-07 17:15:00,542547
Oleh Obidnyi_2038261687,Oleh Obidnyi,-2,0,44,48,-4,92,2021-12-07 17:15:00,542548
S Lanin_122982,S Lanin,-1,0,49,52,-3,101,2021-12-07 17:17:00,542549
Anatolii Zapletniuk_1138919860,Anatolii Zapletniuk,-3,0,22,33,-11,55,2021-12-07 17:20:00,542550
Nazar Mosiuk_165198,Nazar Mosiuk,-2,0,32,42,-10,74,2021-12-07 17:20:00,542551
Borys Kostiuk_165266,Borys Kostiuk,1,1,44,38,6,82,2021-12-07 17:25:00,542552
Alexander Leonenko_939777341,Alexander Leonenko,-2,0,36,42,-6,78,2021-12-07 17:25:00,542553
S Dolejsi_27538,S Dolejsi,-3,0,25,34,-9,59,2021-12-07 17:30:00,542554
Valentyn Yunchyk_1056781250,Valentyn Yunchyk,2,1,43,36,7,79,2021-12-07 17:30:00,542555
Ondrej Konvalinka_165317,Ondrej Konvalinka,-1,0,47,51,-4,98,2021-12-07 17:30:00,542556
Viktoriia Husieva_165208,Viktoriia Husieva,3,1,33,20,13,53,2021-12-07 17:30:00,542557
I Meteleshko_123017,I Meteleshko,2,1,37,33,4,70,2021-12-07 17:31:00,542558
Andrii Peretiatko_165223,Andrii Peretiatko,-2,0,35,43,-8,78,2021-12-07 17:35:00,542559
Mykhailo Vivatenko_2037817655,Mykhailo Vivatenko,-2,0,30,40,-10,70,2021-12-07 17:35:00,542560
Dmytro Lazuryk_165238,Dmytro Lazuryk,-1,0,52,51,1,103,2021-12-07 17:40:00,542561
Rodion Pirveli_2095441600,Rodion Pirveli,1,1,53,53,0,106,2021-12-07 17:40:00,542562
Oleksandr Lysak_718728143,Oleksandr Lysak,-1,0,38,53,-15,91,2021-12-07 17:45:00,542563
Volodymyr Melnykov_165253,Volodymyr Melnykov,3,1,33,18,15,51,2021-12-07 17:45:00,542564
S Burov_123053,S Burov,-3,0,24,33,-9,57,2021-12-07 17:46:00,542565
A Vorozheykin_122983,A Vorozheykin,-3,0,19,33,-14,52,2021-12-07 17:46:00,542566
Alexey Hladkykh_1204271132,Alexey Hladkykh,2,1,50,34,16,84,2021-12-07 17:50:00,542567
Mykhailo Teteruk_165199,Mykhailo Teteruk,-3,0,17,33,-16,50,2021-12-07 17:50:00,542568
Valentyn Lutsenko_165279,Valentyn Lutsenko,1,1,47,38,9,85,2021-12-07 17:50:00,542569
Hryhorii Kulishov_165267,Hryhorii Kulishov,3,1,33,21,12,54,2021-12-07 17:55:00,542570
Anton Myrza_471279977,Anton Myrza,2,1,45,38,7,83,2021-12-07 17:55:00,542571
Andrii Troyan_1137857925,Andrii Troyan,1,1,45,46,-1,91,2021-12-07 18:00:00,542572
Ondrej Konvalinka_165318,Ondrej Konvalinka,3,1,33,19,14,52,2021-12-07 18:00:00,542573
Nadiia Harmash_165209,Nadiia Harmash,-2,0,34,37,-3,71,2021-12-07 18:00:00,542574
E Mares_27539,E Mares,-1,0,41,48,-7,89,2021-12-07 18:00:00,542575
S Kulikov_123018,S Kulikov,-2,0,33,38,-5,71,2021-12-07 18:02:00,542576
Oleksandr Shapoval_165224,Oleksandr Shapoval,-3,0,18,33,-15,51,2021-12-07 18:05:00,542577
Nazarii Hrytsyienko_885249208,Nazarii Hrytsyienko,3,1,34,26,8,60,2021-12-07 18:05:00,542578
Illia Valchuk_165239,Illia Valchuk,-3,0,22,33,-11,55,2021-12-07 18:10:00,542579
Ruslan Kovalchuk_1819432049,Ruslan Kovalchuk,-2,0,35,40,-5,75,2021-12-07 18:10:00,542580
S Ovechkin_122984,S Ovechkin,-1,0,48,54,-6,102,2021-12-07 18:15:00,542581
K Bystrushkin_123054,K Bystrushkin,3,1,33,19,14,52,2021-12-07 18:15:00,542582
Dmitriy Lebed_1934827354,Dmitriy Lebed,2,1,41,28,13,69,2021-12-07 18:15:00,542583
Oleksii Hlazkov_165254,Oleksii Hlazkov,3,1,33,21,12,54,2021-12-07 18:15:00,542584
Nazar Mosiuk_165200,Nazar Mosiuk,2,1,44,33,11,77,2021-12-07 18:20:00,542585
Igor Trydukh_165280,Igor Trydukh,-3,0,23,34,-11,57,2021-12-07 18:20:00,542586
Oleh Obidnyi_1734514998,Oleh Obidnyi,-1,0,37,48,-11,85,2021-12-07 18:20:00,542587
Vitalii Kyilo_165268,Vitalii Kyilo,-2,0,32,42,-10,74,2021-12-07 18:25:00,542588
Oleksandr Lysak_1323066270,Oleksandr Lysak,2,1,43,27,16,70,2021-12-07 18:25:00,542589
Anastasiia Kozak_165210,Anastasiia Kozak,-2,0,35,40,-5,75,2021-12-07 18:30:00,542590
Petr Semrad_165319,Petr Semrad,-2,0,36,42,-6,78,2021-12-07 18:30:00,542591
Yevhenii Holoborodko_1281003378,Yevhenii Holoborodko,-3,0,19,33,-14,52,2021-12-07 18:30:00,542592
M Protiva_27540,M Protiva,1,1,52,46,6,98,2021-12-07 18:33:00,542593
Andriy Kurtenko_306833637,Andriy Kurtenko,1,1,45,36,9,81,2021-12-07 18:35:00,542594
Ruslan Onishchenko_165225,Ruslan Onishchenko,1,1,41,45,-4,86,2021-12-07 18:35:00,542595
S Kulikov_123205,S Kulikov,-1,0,51,53,-2,104,2021-12-07 18:35:00,542596
Valentyn Yunchyk_1890255664,Valentyn Yunchyk,1,1,48,45,3,93,2021-12-07 18:40:00,542597
Serhii Rak_165240,Serhii Rak,2,1,47,43,4,90,2021-12-07 18:40:00,542598
Artur Moriak_1792288648,Artur Moriak,-3,0,13,33,-20,46,2021-12-07 18:45:00,542599
Anatolii Kovalenko_165255,Anatolii Kovalenko,-2,0,40,45,-5,85,2021-12-07 18:45:00,542600
Yu Lbov_123207,Yu Lbov,2,1,46,37,9,83,2021-12-07 18:46:00,542601
Vadym Grushko_1351027702,Vadym Grushko,-3,0,23,37,-14,60,2021-12-07 18:50:00,542602
Yaroslav Kravets_165201,Yaroslav Kravets,3,1,33,17,16,50,2021-12-07 18:50:00,542603
Andrii Romanenko_165269,Andrii Romanenko,3,1,34,26,8,60,2021-12-07 18:55:00,542604
Pavlo Vasylchuk_137006290,Pavlo Vasylchuk,-2,0,32,40,-8,72,2021-12-07 18:55:00,542605
Alexey Hladkykh_243337270,Alexey Hladkykh,-1,0,43,46,-3,89,2021-12-07 19:00:00,542606
Stepan Rejent_165320,Stepan Rejent,3,1,33,21,12,54,2021-12-07 19:00:00,542607
Yevheniia Severyna_165211,Yevheniia Severyna,1,1,50,47,3,97,2021-12-07 19:00:00,542608
Maksym Balakiriev_165226,Maksym Balakiriev,-3,0,17,33,-16,50,2021-12-07 19:05:00,542609
Anatolii Zapletniuk_400860958,Anatolii Zapletniuk,-2,0,36,43,-7,79,2021-12-07 19:05:00,542610
A Vorozheykin_123209,A Vorozheykin,-2,0,35,42,-7,77,2021-12-07 19:06:00,542611
Alexander Leonenko_1692997730,Alexander Leonenko,-2,0,37,39,-2,76,2021-12-07 19:10:00,542612
Yurii Kurishchenko_165241,Yurii Kurishchenko,2,1,42,29,13,71,2021-12-07 19:10:00,542613
E Mares_27541,E Mares,-2,0,23,41,-18,64,2021-12-07 19:12:00,542614
Andrii Kotik_1173431535,Andrii Kotik,-2,0,34,40,-6,74,2021-12-07 19:15:00,542615
Andrei Huchok_165256,Andrei Huchok,2,1,39,31,8,70,2021-12-07 19:15:00,542616
I Abelmasov_123208,I Abelmasov,3,1,33,25,8,58,2021-12-07 19:16:00,542617
V Nemashkalo_123206,V Nemashkalo,-3,0,17,33,-16,50,2021-12-07 19:16:00,542618
Mykhailo Vivatenko_69559419,Mykhailo Vivatenko,2,1,39,29,10,68,2021-12-07 19:20:00,542619
Igor Trydukh_165282,Igor Trydukh,-1,0,50,45,5,95,2021-12-07 19:20:00,542620
Mykhailo Teteruk_165202,Mykhailo Teteruk,-2,0,36,44,-8,80,2021-12-07 19:20:00,542621
Rodion Pirveli_25413733,Rodion Pirveli,-2,0,38,44,-6,82,2021-12-07 19:25:00,542622
Borys Kostiuk_165270,Borys Kostiuk,-1,0,39,49,-10,88,2021-12-07 19:25:00,542623
S Lanin_123210,S Lanin,3,1,33,15,18,48,2021-12-07 19:30:00,542624
Petr Semrad_165321,Petr Semrad,2,1,41,33,8,74,2021-12-07 19:30:00,542625
Alexey Hladkykh_1345333700,Alexey Hladkykh,-1,0,42,51,-9,93,2021-12-07 19:30:00,542626
Viktoriia Husieva_165212,Viktoriia Husieva,-2,0,31,45,-14,76,2021-12-07 19:30:00,542627
S Dolejsi_27542,S Dolejsi,-1,0,46,46,0,92,2021-12-07 19:32:00,542628
Oleksandr Lysak_878528716,Oleksandr Lysak,-3,0,20,35,-15,55,2021-12-07 19:35:00,542629
Andrii Peretiatko_165227,Andrii Peretiatko,-1,0,42,51,-9,93,2021-12-07 19:35:00,542630
A Alekseyev_123019,A Alekseyev,-2,0,28,38,-10,66,2021-12-07 19:36:00,542631
Dmytro Lazuryk_165242,Dmytro Lazuryk,3,1,34,25,9,59,2021-12-07 19:40:00,542632
Anton Myrza_1493268175,Anton Myrza,1,1,54,42,12,96,2021-12-07 19:40:00,542633
Andrii Troyan_1137546780,Andrii Troyan,-3,0,21,34,-13,55,2021-12-07 19:45:00,542634
Volodymyr Melnykov_165257,Volodymyr Melnykov,-3,0,17,33,-16,50,2021-12-07 19:45:00,542635
E Glazun_123055,E Glazun,-2,0,37,43,-6,80,2021-12-07 19:46:00,542636
D Tunitsyn_122985,D Tunitsyn,-1,0,41,48,-7,89,2021-12-07 19:46:00,542637
Mykhailo Kistechko_165203,Mykhailo Kistechko,-1,0,42,44,-2,86,2021-12-07 19:50:00,542638
Nazarii Hrytsyienko_1769484661,Nazarii Hrytsyienko,-2,0,34,42,-8,76,2021-12-07 19:50:00,542639
Hryhorii Kulishov_165271,Hryhorii Kulishov,2,1,42,28,14,70,2021-12-07 19:55:00,542640
Ruslan Kovalchuk_587635425,Ruslan Kovalchuk,-1,0,43,43,0,86,2021-12-07 19:55:00,542641
Nadiia Harmash_165213,Nadiia Harmash,-1,0,42,50,-8,92,2021-12-07 20:00:00,542642
G Bardyshev_123020,G Bardyshev,3,1,36,22,14,58,2021-12-07 20:00:00,542643
Dmitriy Lebed_1221273213,Dmitriy Lebed,2,1,43,33,10,76,2021-12-07 20:00:00,542644
Oleksandr Shapoval_165228,Oleksandr Shapoval,1,1,50,49,1,99,2021-12-07 20:05:00,542645
Tung  Pham Duong_165599,Tung  Pham Duong,2,1,43,36,7,79,2021-12-07 20:05:00,542646
Oleksandr Brezytskyi_582602169,Oleksandr Brezytskyi,-3,0,24,34,-10,58,2021-12-07 20:05:00,542647
Prokhor Puhach_139391938,Prokhor Puhach,1,1,46,48,-2,94,2021-12-07 20:10:00,542648
Illia Valchuk_165243,Illia Valchuk,-3,0,21,34,-13,55,2021-12-07 20:10:00,542649
S Dolejsi_27583,S Dolejsi,-2,0,24,39,-15,63,2021-12-07 20:11:00,542650
Oleksii Hlazkov_165258,Oleksii Hlazkov,-2,0,31,39,-8,70,2021-12-07 20:15:00,542651
Anatolii Zapletniuk_100289226,Anatolii Zapletniuk,-3,0,21,33,-12,54,2021-12-07 20:15:00,542652
I Afanasev_123056,I Afanasev,3,1,33,23,10,56,2021-12-07 20:17:00,542653
D Petrochenko_122986,D Petrochenko,3,1,35,24,11,59,2021-12-07 20:18:00,542654
Ivan Udovenko_165284,Ivan Udovenko,1,1,47,41,6,88,2021-12-07 20:20:00,542655
Artem Tkachenko_1174293112,Artem Tkachenko,2,1,40,34,6,74,2021-12-07 20:20:00,542656
Vitalii Kyilo_165272,Vitalii Kyilo,-2,0,38,37,1,75,2021-12-07 20:25:00,542657
Valentyn Yunchyk_869186510,Valentyn Yunchyk,-1,0,44,50,-6,94,2021-12-07 20:25:00,542658
Anastasiia Kozak_165214,Anastasiia Kozak,-2,0,35,44,-9,79,2021-12-07 20:30:00,542659
Ihor Syniavskyi_206212886,Ihor Syniavskyi,1,1,49,46,3,95,2021-12-07 20:30:00,542660
M Protiva_27584,M Protiva,2,1,45,30,15,75,2021-12-07 20:33:00,542661
Yaroslav Kravets_165601,Yaroslav Kravets,2,1,44,30,14,74,2021-12-07 20:35:00,542662
Stepan Rejent_165600,Stepan Rejent,1,1,55,56,-1,111,2021-12-07 20:35:00,542663
Ruslan Onishchenko_165229,Ruslan Onishchenko,1,1,49,38,11,87,2021-12-07 20:35:00,542664
Dmytro Arzanov_1013226521,Dmytro Arzanov,1,1,52,42,10,94,2021-12-07 20:35:00,542665
E Makarenkov_123021,E Makarenkov,1,1,51,47,4,98,2021-12-07 20:37:00,542666
Serhii Rak_165244,Serhii Rak,2,1,42,33,9,75,2021-12-07 20:40:00,542667
Oleksandr Brezytskyi_1741538825,Oleksandr Brezytskyi,-1,0,37,49,-12,86,2021-12-07 20:40:00,542668
B Grebenyuk_122987,B Grebenyuk,1,1,53,51,2,104,2021-12-07 20:45:00,542669
Anatolii Kovalenko_165259,Anatolii Kovalenko,-3,0,21,33,-12,54,2021-12-07 20:45:00,542670
Yevhenii Omitsynskyi_1664772554,Yevhenii Omitsynskyi,-1,0,43,51,-8,94,2021-12-07 20:45:00,542671
A Girevenkov_123057,A Girevenkov,2,1,42,32,10,74,2021-12-07 20:46:00,542672
Anton Myrza_1501747655,Anton Myrza,-3,0,26,33,-7,59,2021-12-07 20:50:00,542673
Andrii Romanenko_165273,Andrii Romanenko,-3,0,26,35,-9,61,2021-12-07 20:55:00,542674
Andriy Kurtenko_1275803095,Andriy Kurtenko,-2,0,33,42,-9,75,2021-12-07 20:55:00,542675
L Protiva_27543,L Protiva,-3,0,18,33,-15,51,2021-12-07 21:00:00,542676
Viktoriia Husieva_165215,Viktoriia Husieva,3,1,34,15,19,49,2021-12-07 21:00:00,542677
Jan Herink_165322,Jan Herink,2,1,39,27,12,66,2021-12-07 21:00:00,542678
Nazarii Hrytsyienko_2101832301,Nazarii Hrytsyienko,1,1,49,40,9,89,2021-12-07 21:00:00,542679
Denys Pesternikov_165602,Denys Pesternikov,1,1,51,40,11,91,2021-12-07 21:05:00,542680
Andrii Peretiatko_165230,Andrii Peretiatko,-1,0,37,46,-9,83,2021-12-07 21:05:00,542681
Artur Moriak_417295266,Artur Moriak,-3,0,25,33,-8,58,2021-12-07 21:05:00,542682
I Mihaylov_123022,I Mihaylov,1,1,52,50,2,102,2021-12-07 21:07:00,542683
Dmytro Lazuryk_165245,Dmytro Lazuryk,1,1,48,46,2,94,2021-12-07 21:10:00,542684
Vadym Grushko_494486491,Vadym Grushko,-2,0,36,43,-7,79,2021-12-07 21:10:00,542685
Prokhor Puhach_830041051,Prokhor Puhach,-3,0,23,33,-10,56,2021-12-07 21:15:00,542686
Volodymyr Melnykov_165260,Volodymyr Melnykov,-2,0,36,43,-7,79,2021-12-07 21:15:00,542687
A Tsitselskii_123058,A Tsitselskii,-1,0,44,50,-6,94,2021-12-07 21:15:00,542688
V Marshalov_122988,V Marshalov,3,1,33,24,9,57,2021-12-07 21:16:00,542689
Oleksandr Brezytskyi_568022445,Oleksandr Brezytskyi,-3,0,22,33,-11,55,2021-12-07 21:20:00,542690
Igor Trydukh_165286,Igor Trydukh,3,1,33,16,17,49,2021-12-07 21:20:00,542691
Borys Kostiuk_165274,Borys Kostiuk,-1,0,38,50,-12,88,2021-12-07 21:25:00,542692
Anatolii Zapletniuk_866201143,Anatolii Zapletniuk,-1,0,49,53,-4,102,2021-12-07 21:25:00,542693
Yana Mykhailyk_165216,Yana Mykhailyk,2,1,45,34,11,79,2021-12-07 21:30:00,542694
Z Bilek_27544,Z Bilek,-2,0,21,42,-21,63,2021-12-07 21:30:00,542695
David Brichacek_165323,David Brichacek,-2,0,39,45,-6,84,2021-12-07 21:30:00,542696
Andriy Kurtenko_2003702380,Andriy Kurtenko,2,1,48,44,4,92,2021-12-07 21:30:00,542697
Pavlo Volkov_165231,Pavlo Volkov,1,1,52,39,13,91,2021-12-07 21:35:00,542698
Valentyn Yunchyk_1018048264,Valentyn Yunchyk,1,1,48,43,5,91,2021-12-07 21:35:00,542699
Dmytro Gudimenko_165246,Dmytro Gudimenko,1,1,48,48,0,96,2021-12-07 21:40:00,542700
Grigoriy Oliynik_82838500,Grigoriy Oliynik,-2,0,34,37,-3,71,2021-12-07 21:40:00,542701
Vadym Grushko_634617199,Vadym Grushko,-3,0,24,33,-9,57,2021-12-07 21:45:00,542702
Denys Kozlov_165261,Denys Kozlov,-3,0,24,34,-10,58,2021-12-07 21:45:00,542703
E Makarenkov_123023,E Makarenkov,-3,0,12,33,-21,45,2021-12-07 21:46:00,542704
B Grebenyuk_122989,B Grebenyuk,1,1,47,46,1,93,2021-12-07 21:46:00,542705
A Girevenkov_123059,A Girevenkov,3,1,34,24,10,58,2021-12-07 21:50:00,542706
Valentyn Lutsenko_165287,Valentyn Lutsenko,-2,0,40,51,-11,91,2021-12-07 21:50:00,542707
Yevhenii Omitsynskyi_1713619234,Yevhenii Omitsynskyi,-3,0,17,33,-16,50,2021-12-07 21:50:00,542708
Vitalii Kyilo_165275,Vitalii Kyilo,1,1,42,46,-4,88,2021-12-07 21:55:00,542709
Prokhor Puhach_848503724,Prokhor Puhach,2,1,42,36,6,78,2021-12-07 21:55:00,542710
jr. Hruska_27545,jr. Hruska,2,1,44,33,11,77,2021-12-07 22:00:00,542711
Viktoriia Husieva_165217,Viktoriia Husieva,2,1,43,36,7,79,2021-12-07 22:00:00,542712
Yevhenii Holoborodko_50593790,Yevhenii Holoborodko,-3,0,15,33,-18,48,2021-12-07 22:00:00,542713
David Brichacek_165324,David Brichacek,2,1,44,40,4,84,2021-12-07 22:00:00,542714
G Bardyshev_123024,G Bardyshev,-1,0,47,46,1,93,2021-12-07 22:01:00,542715
Andrii Troyan_920188414,Andrii Troyan,2,1,45,36,9,81,2021-12-07 22:05:00,542716
Andrii Peretiatko_165232,Andrii Peretiatko,3,1,34,23,11,57,2021-12-07 22:05:00,542717
Nazarii Hrytsyienko_1084041839,Nazarii Hrytsyienko,2,1,44,33,11,77,2021-12-07 22:10:00,542718
Dmytro Lazuryk_165247,Dmytro Lazuryk,2,1,41,33,8,74,2021-12-07 22:10:00,542719
Volodymyr Melnykov_165262,Volodymyr Melnykov,-2,0,40,43,-3,83,2021-12-07 22:15:00,542720
Mykhailo Vivatenko_1800193813,Mykhailo Vivatenko,-3,0,16,33,-17,49,2021-12-07 22:15:00,542721
D Petrochenko_122990,D Petrochenko,1,1,51,43,8,94,2021-12-07 22:15:00,542722
I Afanasev_123060,I Afanasev,-1,0,51,57,-6,108,2021-12-07 22:16:00,542723
Dmitriy Lebed_352255938,Dmitriy Lebed,-2,0,40,40,0,80,2021-12-07 22:20:00,542724
Ivan Udovenko_165288,Ivan Udovenko,2,1,40,30,10,70,2021-12-07 22:20:00,542725
Mykola Zakladnyi_1587570033,Mykola Zakladnyi,3,1,33,19,14,52,2021-12-07 22:25:00,542726
Serhii Sokolov_165276,Serhii Sokolov,-1,0,39,50,-11,89,2021-12-07 22:25:00,542727
Oleksandr Brezytskyi_1115681399,Oleksandr Brezytskyi,-2,0,35,41,-6,76,2021-12-07 22:30:00,542728
Jan Herink_165325,Jan Herink,1,1,52,41,11,93,2021-12-07 22:30:00,542729
Yevheniia Severyna_165218,Yevheniia Severyna,-1,0,37,42,-5,79,2021-12-07 22:30:00,542730
Jo Medek_27546,Jo Medek,2,1,42,22,20,64,2021-12-07 22:30:00,542731
Maksym Balakiriev_165233,Maksym Balakiriev,-1,0,49,52,-3,101,2021-12-07 22:35:00,542732
E Makarenkov_123211,E Makarenkov,-3,0,23,33,-10,56,2021-12-07 22:39:00,542733
Yurii Kurishchenko_165248,Yurii Kurishchenko,3,1,33,15,18,48,2021-12-07 22:40:00,542734
Dmytro Vakhta_1926505100,Dmytro Vakhta,-1,0,43,49,-6,92,2021-12-07 22:45:00,542735
Andrei Huchok_165263,Andrei Huchok,3,1,34,23,11,57,2021-12-07 22:45:00,542736
E Glazun_123215,E Glazun,2,1,38,35,3,73,2021-12-07 22:53:00,542737
D Tunitsyn_123213,D Tunitsyn,2,1,40,29,11,69,2021-12-07 22:54:00,542738
Vitalii Kyilo_165277,Vitalii Kyilo,3,1,33,18,15,51,2021-12-07 22:55:00,542739
Yevhenii Omitsynskyi_488393338,Yevhenii Omitsynskyi,2,1,41,28,13,69,2021-12-07 23:00:00,542740
Viktor Kucala_165326,Viktor Kucala,3,1,35,18,17,53,2021-12-07 23:00:00,542741
jr. Hruska_27547,jr. Hruska,-2,0,35,44,-9,79,2021-12-07 23:00:00,542742
G Bardyshev_123212,G Bardyshev,-1,0,43,40,3,83,2021-12-07 23:01:00,542743
Oleksii Tiutiunnyk_675633314,Oleksii Tiutiunnyk,-1,0,43,47,-4,90,2021-12-07 23:05:00,542744
A Girevenkov_123216,A Girevenkov,-3,0,24,33,-9,57,2021-12-07 23:17:00,542745
D Petrochenko_123214,D Petrochenko,1,1,44,41,3,85,2021-12-07 23:18:00,542746
Valentyn Lutsenko_165290,Valentyn Lutsenko,1,1,48,44,4,92,2021-12-07 23:20:00,542747
Hryhorii Kulishov_165278,Hryhorii Kulishov,3,1,33,19,14,52,2021-12-07 23:25:00,542748
Jan Herink_165327,Jan Herink,1,1,56,52,4,108,2021-12-07 23:30:00,542749
Z Bilek_27548,Z Bilek,1,1,45,42,3,87,2021-12-07 23:30:00,542750
S Ogai_123025,S Ogai,-3,0,27,35,-8,62,2021-12-07 23:33:00,542751
Vitalii Solovei_2046294589,Vitalii Solovei,3,1,33,18,15,51,2021-12-07 23:35:00,542752
Roman Rybachuk_2070866849,Roman Rybachuk,-3,0,25,33,-8,58,2021-12-07 23:45:00,542753
V Safonov_123061,V Safonov,-2,0,33,42,-9,75,2021-12-07 23:46:00,542754
Fedir Balbas_165291,Fedir Balbas,2,1,41,30,11,71,2021-12-07 23:50:00,542755
O Kutuzov_122991,O Kutuzov,3,1,33,15,18,48,2021-12-07 23:53:00,542756
Duy Thinh Pham_174215,Duy Thinh Pham,2,1,40,36,4,76,2021-12-08 00:00:00,542757
A Barbora_28561,A Barbora,-3,0,23,36,-13,59,2021-12-08 00:01:00,542758
E Ilyukhin_127054,E Ilyukhin,3,1,33,15,18,48,2021-12-08 00:01:00,542759
S Myagkov_127013,S Myagkov,2,1,43,33,10,76,2021-12-08 00:03:00,542760
Dmytro Belanchyk_751867420,Dmytro Belanchyk,1,1,53,42,11,95,2021-12-08 00:05:00,542761
Maksym Skhabovskyi_2043464539,Maksym Skhabovskyi,1,1,48,47,1,95,2021-12-08 00:15:00,542762
A Serebrennikov_127088,A Serebrennikov,2,1,42,37,5,79,2021-12-08 00:16:00,542763
Dmytro Kokosha_173787,Dmytro Kokosha,3,1,33,19,14,52,2021-12-08 00:20:00,542764
Pavlo Babenko_173789,Pavlo Babenko,2,1,38,27,11,65,2021-12-08 00:25:00,542765
O Kutuzov_127014,O Kutuzov,3,1,33,19,14,52,2021-12-08 00:26:00,542766
David Ako_174216,David Ako,-2,0,24,39,-15,63,2021-12-08 00:30:00,542767
V Sidorin_127055,V Sidorin,-3,0,14,33,-19,47,2021-12-08 00:30:00,542768
R Pavelka_28562,R Pavelka,-2,0,39,42,-3,81,2021-12-08 00:32:00,542769
Alexey Lukianov_2060817755,Alexey Lukianov,1,1,51,48,3,99,2021-12-08 00:35:00,542770
Viktor Trachuk_1323336335,Viktor Trachuk,-3,0,16,33,-17,49,2021-12-08 00:45:00,542771
A Tsitselskii_127089,A Tsitselskii,-2,0,30,42,-12,72,2021-12-08 00:45:00,542772
Nazar Kasianyk_173788,Nazar Kasianyk,3,1,34,28,6,62,2021-12-08 00:50:00,542773
I Ramensky_127015,I Ramensky,-3,0,21,35,-14,56,2021-12-08 00:52:00,542774
Igor Talalai_173790,Igor Talalai,1,1,45,40,5,85,2021-12-08 00:55:00,542775
K Churin_127056,K Churin,1,1,47,41,6,88,2021-12-08 01:00:00,542776
Dmytro Belanchyk_944975872,Dmytro Belanchyk,-3,0,19,33,-14,52,2021-12-08 01:05:00,542777
Ivan Kryvyi_788682458,Ivan Kryvyi,2,1,40,34,6,74,2021-12-08 01:15:00,542778
A Ilin_127016,A Ilin,3,1,34,22,12,56,2021-12-08 01:17:00,542779
Yu Merkushin_127090,Yu Merkushin,3,1,33,21,12,54,2021-12-08 01:18:00,542780
Oleksandr Kovalchuk_173791,Oleksandr Kovalchuk,-3,0,20,33,-13,53,2021-12-08 01:25:00,542781
E Ilyukhin_127057,E Ilyukhin,2,1,46,30,16,76,2021-12-08 01:33:00,542782
Alexey Lukianov_774772225,Alexey Lukianov,2,1,43,40,3,83,2021-12-08 01:35:00,542783
Maksym Skhabovskyi_1094033896,Maksym Skhabovskyi,3,1,36,28,8,64,2021-12-08 01:45:00,542784
A Serebrennikov_127091,A Serebrennikov,-1,0,40,46,-6,86,2021-12-08 01:45:00,542785
O Kutuzov_127017,O Kutuzov,3,1,33,25,8,58,2021-12-08 01:46:00,542786
Igor Talalai_173792,Igor Talalai,-2,0,37,43,-6,80,2021-12-08 01:55:00,542787
K Churin_127058,K Churin,-3,0,22,34,-12,56,2021-12-08 02:01:00,542788
Oleksandr Shchytka_122866588,Oleksandr Shchytka,-1,0,46,52,-6,98,2021-12-08 02:05:00,542789
Viktor Trachuk_851227745,Viktor Trachuk,2,1,43,38,5,81,2021-12-08 02:15:00,542790
A Ilin_127018,A Ilin,-1,0,49,49,0,98,2021-12-08 02:17:00,542791
Yu Merkushin_127092,Yu Merkushin,-2,0,33,38,-5,71,2021-12-08 02:19:00,542792
Pavlo Babenko_173793,Pavlo Babenko,-1,0,41,45,-4,86,2021-12-08 02:25:00,542793
V Kalachev_127059,V Kalachev,2,1,43,32,11,75,2021-12-08 02:31:00,542794
Alexey Lukianov_154024215,Alexey Lukianov,-2,0,36,37,-1,73,2021-12-08 02:35:00,542795
Ivan Kryvyi_1579717094,Ivan Kryvyi,-1,0,39,43,-4,82,2021-12-08 02:45:00,542796
A Volkov_127093,A Volkov,-2,0,38,39,-1,77,2021-12-08 02:47:00,542797
Oleksii Hrymovskyi_173794,Oleksii Hrymovskyi,2,1,38,32,6,70,2021-12-08 02:55:00,542798
V Shirshov_127019,V Shirshov,3,1,33,23,10,56,2021-12-08 03:00:00,542799
V Sidorin_127060,V Sidorin,3,1,33,20,13,53,2021-12-08 03:03:00,542800
Dmytro Belanchyk_751829501,Dmytro Belanchyk,-2,0,34,46,-12,80,2021-12-08 03:05:00,542801
Maksym Skhabovskyi_273171647,Maksym Skhabovskyi,-2,0,34,40,-6,74,2021-12-08 03:15:00,542802
A Tsitselskii_127094,A Tsitselskii,1,1,47,43,4,90,2021-12-08 03:17:00,542803
I Ramensky_127020,I Ramensky,2,1,40,36,4,76,2021-12-08 03:25:00,542804
Oleksandr Kovalchuk_173795,Oleksandr Kovalchuk,-2,0,38,39,-1,77,2021-12-08 03:25:00,542805
D Evlahin_127061,D Evlahin,2,1,36,32,4,68,2021-12-08 03:30:00,542806
Alexey Lukianov_2060921406,Alexey Lukianov,-1,0,37,49,-12,86,2021-12-08 03:35:00,542807
Iurii Prokhoruk_990940292,Iurii Prokhoruk,-3,0,28,39,-11,67,2021-12-08 03:45:00,542808
V Safonov_127095,V Safonov,1,1,48,42,6,90,2021-12-08 03:49:00,542809
S Myagkov_127021,S Myagkov,2,1,45,42,3,87,2021-12-08 03:54:00,542810
Igor Talalai_173796,Igor Talalai,-2,0,30,37,-7,67,2021-12-08 03:55:00,542811
V Kalachev_127062,V Kalachev,2,1,41,38,3,79,2021-12-08 04:03:00,542812
Dmytro Belanchyk_46919719,Dmytro Belanchyk,-3,0,28,39,-11,67,2021-12-08 04:05:00,542813
Viktor Trachuk_1666617750,Viktor Trachuk,-3,0,15,33,-18,48,2021-12-08 04:15:00,542814
Pavlo Babenko_173797,Pavlo Babenko,-2,0,42,44,-2,86,2021-12-08 04:25:00,542815
A Volkov_127096,A Volkov,2,1,40,31,9,71,2021-12-08 04:25:00,542816
V Shirshov_127022,V Shirshov,-2,0,34,43,-9,77,2021-12-08 04:27:00,542817
V Sidorin_127241,V Sidorin,-1,0,51,57,-6,108,2021-12-08 04:32:00,542818
Alexey Lukianov_1556692366,Alexey Lukianov,3,1,33,21,12,54,2021-12-08 04:35:00,542819
Ivan Kryvyi_1378231306,Ivan Kryvyi,-3,0,22,34,-12,56,2021-12-08 04:45:00,542820
Oleksii Hrymovskyi_173798,Oleksii Hrymovskyi,2,1,44,37,7,81,2021-12-08 04:55:00,542821
Yu Merkushin_127243,Yu Merkushin,3,1,35,27,8,62,2021-12-08 04:58:00,542822
A Ilin_127245,A Ilin,1,1,49,50,-1,99,2021-12-08 05:00:00,542823
E Ilyukhin_127242,E Ilyukhin,1,1,50,47,3,97,2021-12-08 05:02:00,542824
Oleksandr Shchytka_122900279,Oleksandr Shchytka,-1,0,44,41,3,85,2021-12-08 05:05:00,542825
Oleg Gavryluk_1549791335,Oleg Gavryluk,1,1,50,34,16,84,2021-12-08 05:15:00,542826
A Serebrennikov_127244,A Serebrennikov,-2,0,29,41,-12,70,2021-12-08 05:20:00,542827
Oleksandr Kovalchuk_173799,Oleksandr Kovalchuk,-3,0,25,34,-9,59,2021-12-08 05:25:00,542828
O Kutuzov_127246,O Kutuzov,-3,0,21,33,-12,54,2021-12-08 05:36:00,542829
Pavlo Babenko_173800,Pavlo Babenko,-2,0,30,40,-10,70,2021-12-08 05:55:00,542830
Oleksandr Mishchenko_173801,Oleksandr Mishchenko,-2,0,34,42,-8,76,2021-12-08 06:25:00,542831
Pavlo Babenko_173802,Pavlo Babenko,1,1,52,50,2,102,2021-12-08 06:55:00,542832
Igor Talalai_173803,Igor Talalai,-2,0,31,36,-5,67,2021-12-08 07:25:00,542833
S Ovechkin_127157,S Ovechkin,-1,0,43,50,-7,93,2021-12-08 07:39:00,542834
A Gerasimov_127121,A Gerasimov,-2,0,36,37,-1,73,2021-12-08 07:45:00,542835
D Andreev_127195,D Andreev,2,1,43,35,8,78,2021-12-08 07:49:00,542836
Ivan Pytsko_173952,Ivan Pytsko,-2,0,35,45,-10,80,2021-12-08 07:50:00,542837
Oleksandr Levadnyi_1499201428,Oleksandr Levadnyi,3,1,33,19,14,52,2021-12-08 07:50:00,542838
Kyrylo Yehorov_1849096950,Kyrylo Yehorov,-1,0,42,49,-7,91,2021-12-08 07:55:00,542839
Nataliia Riabchenko_173962,Nataliia Riabchenko,-3,0,23,35,-12,58,2021-12-08 08:00:00,542840
Vadym Reva_174102,Vadym Reva,1,1,41,44,-3,85,2021-12-08 08:05:00,542841
Yurii Kolesnyk_174107,Yurii Kolesnyk,2,1,40,33,7,73,2021-12-08 08:10:00,542842
A Vorozheykin_127158,A Vorozheykin,-2,0,35,46,-11,81,2021-12-08 08:10:00,542843
Oleksandr Hryshchenko_173992,Oleksandr Hryshchenko,-2,0,36,42,-6,78,2021-12-08 08:15:00,542844
A Zirin_127122,A Zirin,1,1,52,39,13,91,2021-12-08 08:16:00,542845
I Tolmachev_127196,I Tolmachev,-1,0,46,54,-8,100,2021-12-08 08:16:00,542846
Volodymyr Okopnyi_173953,Volodymyr Okopnyi,-1,0,39,46,-7,85,2021-12-08 08:20:00,542847
Serhii Tsybulin_504788974,Serhii Tsybulin,-1,0,42,44,-2,86,2021-12-08 08:25:00,542848
Vіtalіy Krokhmal_900596297,Vіtalіy Krokhmal,-1,0,38,46,-8,84,2021-12-08 08:30:00,542849
Nadiia Harmash_173963,Nadiia Harmash,1,1,56,54,2,110,2021-12-08 08:30:00,542850
A Zabrodin_127159,A Zabrodin,3,1,33,21,12,54,2021-12-08 08:34:00,542851
Ihor Kovalenko_173978,Ihor Kovalenko,3,1,38,28,10,66,2021-12-08 08:35:00,542852
Vasyl Verbianyi_1744765179,Vasyl Verbianyi,2,1,38,34,4,72,2021-12-08 08:35:00,542853
Iolanta Yevtodii_507222814,Iolanta Yevtodii,1,1,49,46,3,95,2021-12-08 08:40:00,542854
Oleksandr Kolbasenko_174108,Oleksandr Kolbasenko,-3,0,42,50,-8,92,2021-12-08 08:40:00,542855
Illia Valchuk_173993,Illia Valchuk,-3,0,21,35,-14,56,2021-12-08 08:45:00,542856
Vadym Nechyporuk_351083204,Vadym Nechyporuk,2,1,40,32,8,72,2021-12-08 08:45:00,542857
Volodymyr Plishylo_1070647953,Volodymyr Plishylo,1,1,50,50,0,100,2021-12-08 08:50:00,542858
Nazar Kasianyk_174002,Nazar Kasianyk,-3,0,22,34,-12,56,2021-12-08 08:50:00,542859
V Tsvetkov_127197,V Tsvetkov,-2,0,29,42,-13,71,2021-12-08 08:50:00,542860
Ivan Pytsko_173954,Ivan Pytsko,-3,0,21,33,-12,54,2021-12-08 08:50:00,542861
A Komarov_127123,A Komarov,3,1,36,23,13,59,2021-12-08 08:52:00,542862
Nazarii Kovalchuk_2064910359,Nazarii Kovalchuk,-3,0,19,33,-14,52,2021-12-08 08:55:00,542863
Mykola Zaitsev_1070823628,Mykola Zaitsev,-1,0,43,51,-8,94,2021-12-08 08:55:00,542864
Ruslan Onishchenko_174017,Ruslan Onishchenko,1,1,58,50,8,108,2021-12-08 08:55:00,542865
Serhii Darahan_174032,Serhii Darahan,2,1,43,30,13,73,2021-12-08 09:00:00,542866
A Bogomolov_127160,A Bogomolov,-3,0,27,35,-8,62,2021-12-08 09:00:00,542867
Jaromir Janda_174179,Jaromir Janda,-2,0,31,43,-12,74,2021-12-08 09:00:00,542868
Oleksii Krutko_800250117,Oleksii Krutko,1,1,50,47,3,97,2021-12-08 09:00:00,542869
M Sulc_28533,M Sulc,-1,0,46,52,-6,98,2021-12-08 09:00:00,542870
Yana Mykhailyk_173964,Yana Mykhailyk,-2,0,35,41,-6,76,2021-12-08 09:00:00,542871
Oleksandr Gress_173979,Oleksandr Gress,1,1,43,45,-2,88,2021-12-08 09:05:00,542872
Dmytro Kryshtal_1887307511,Dmytro Kryshtal,1,1,49,45,4,94,2021-12-08 09:05:00,542873
Oleksandr Kolbasenko_174109,Oleksandr Kolbasenko,-2,0,38,44,-6,82,2021-12-08 09:10:00,542874
Anton Molochko_1368975330,Anton Molochko,-1,0,47,51,-4,98,2021-12-08 09:10:00,542875
Oleksandr Hryshchenko_173994,Oleksandr Hryshchenko,3,1,33,14,19,47,2021-12-08 09:15:00,542876
Alina Kurtenko_29943179,Alina Kurtenko,-2,0,36,44,-8,80,2021-12-08 09:15:00,542877
A Trushkin_127198,A Trushkin,2,1,42,29,13,71,2021-12-08 09:16:00,542878
A Shmakov_127124,A Shmakov,-2,0,37,45,-8,82,2021-12-08 09:17:00,542879
Valentyn Yunchyk_680990138,Valentyn Yunchyk,-3,0,22,35,-13,57,2021-12-08 09:20:00,542880
Bohdan Chaikovskyi_173955,Bohdan Chaikovskyi,3,1,33,20,13,53,2021-12-08 09:20:00,542881
Bohdan Havryliuk_174003,Bohdan Havryliuk,-3,0,27,35,-8,62,2021-12-08 09:20:00,542882
Andrii Hordii_1224800900,Andrii Hordii,1,1,53,43,10,96,2021-12-08 09:25:00,542883
Mykhailo Diachenko_174018,Mykhailo Diachenko,-1,0,46,55,-9,101,2021-12-08 09:25:00,542884
A Zabrodin_127161,A Zabrodin,3,1,33,14,19,47,2021-12-08 09:30:00,542885
Nadiia Harmash_173965,Nadiia Harmash,2,1,44,36,8,80,2021-12-08 09:30:00,542886
Lukas Adamec_174180,Lukas Adamec,-3,0,25,33,-8,58,2021-12-08 09:30:00,542887
Dmitriy Lebed_1030149610,Dmitriy Lebed,2,1,38,34,4,72,2021-12-08 09:30:00,542888
Oleksii Haponov_345693299,Oleksii Haponov,2,1,44,32,12,76,2021-12-08 09:30:00,542889
Yaroslav Ivasiuk_174033,Yaroslav Ivasiuk,-3,0,17,33,-16,50,2021-12-08 09:30:00,542890
Ji Louda_28534,Ji Louda,-3,0,18,35,-17,53,2021-12-08 09:32:00,542891
Ihor Kovalenko_174103,Ihor Kovalenko,1,1,47,44,3,91,2021-12-08 09:35:00,542892
Serhii Tsybulin_93476163,Serhii Tsybulin,-1,0,36,51,-15,87,2021-12-08 09:35:00,542893
Yurii Kolesnyk_174110,Yurii Kolesnyk,-1,0,49,52,-3,101,2021-12-08 09:40:00,542894
Vіtalіy Krokhmal_1768227818,Vіtalіy Krokhmal,-3,0,24,35,-11,59,2021-12-08 09:40:00,542895
Vasyl Verbianyi_1802559296,Vasyl Verbianyi,2,1,42,34,8,76,2021-12-08 09:45:00,542896
Oleksandr Zhyrnov_173995,Oleksandr Zhyrnov,-1,0,44,51,-7,95,2021-12-08 09:45:00,542897
V Tsvetkov_127199,V Tsvetkov,2,1,40,33,7,73,2021-12-08 09:46:00,542898
A Komarov_127125,A Komarov,-2,0,37,43,-6,80,2021-12-08 09:49:00,542899
Iolanta Yevtodii_785143440,Iolanta Yevtodii,1,1,45,43,2,88,2021-12-08 09:50:00,542900
Volodymyr Okopnyi_173956,Volodymyr Okopnyi,-3,0,23,34,-11,57,2021-12-08 09:50:00,542901
Dmytro Kokosha_174004,Dmytro Kokosha,-2,0,41,45,-4,86,2021-12-08 09:50:00,542902
Serhii Pitsyk_174019,Serhii Pitsyk,3,1,33,23,10,56,2021-12-08 09:55:00,542903
Vadym Nechyporuk_435947618,Vadym Nechyporuk,-2,0,35,41,-6,76,2021-12-08 09:55:00,542904
Mykhailo Hlaholev_174034,Mykhailo Hlaholev,-2,0,39,47,-8,86,2021-12-08 10:00:00,542905
F Pusch_28535,F Pusch,1,1,54,44,10,98,2021-12-08 10:00:00,542906
Nataliia Riabchenko_173966,Nataliia Riabchenko,2,1,44,41,3,85,2021-12-08 10:00:00,542907
A Vorozheykin_127162,A Vorozheykin,-2,0,28,40,-12,68,2021-12-08 10:00:00,542908
Volodymyr Plishylo_1818210149,Volodymyr Plishylo,-2,0,28,43,-15,71,2021-12-08 10:00:00,542909
Lukas Adamec_174181,Lukas Adamec,-1,0,52,57,-5,109,2021-12-08 10:00:00,542910
Vadym Reva_173981,Vadym Reva,1,1,47,45,2,92,2021-12-08 10:05:00,542911
Mykola Zaitsev_1341969222,Mykola Zaitsev,-2,0,32,45,-13,77,2021-12-08 10:05:00,542912
Nazarii Kovalchuk_714996829,Nazarii Kovalchuk,-2,0,33,43,-10,76,2021-12-08 10:05:00,542913
Yevhen Hasan_174111,Yevhen Hasan,1,1,45,46,-1,91,2021-12-08 10:10:00,542914
Oleksandr Levadnyi_1922225803,Oleksandr Levadnyi,-3,0,20,33,-13,53,2021-12-08 10:10:00,542915
Kyrylo Yehorov_1376136546,Kyrylo Yehorov,2,1,43,33,10,76,2021-12-08 10:15:00,542916
Illia Valchuk_173996,Illia Valchuk,2,1,38,25,13,63,2021-12-08 10:15:00,542917
I Tolmachev_127200,I Tolmachev,-3,0,23,36,-13,59,2021-12-08 10:16:00,542918
A Zirin_127126,A Zirin,1,1,51,39,12,90,2021-12-08 10:17:00,542919
Ivan Pytsko_173957,Ivan Pytsko,-2,0,38,43,-5,81,2021-12-08 10:20:00,542920
Anton Molochko_2018593416,Anton Molochko,2,1,39,30,9,69,2021-12-08 10:20:00,542921
Bohdan Havryliuk_174005,Bohdan Havryliuk,-1,0,45,44,1,89,2021-12-08 10:20:00,542922
Alina Kurtenko_1161223278,Alina Kurtenko,-1,0,44,46,-2,90,2021-12-08 10:25:00,542923
Mykhailo Diachenko_174020,Mykhailo Diachenko,2,1,43,29,14,72,2021-12-08 10:25:00,542924
Nazarii Hrytsyienko_686850961,Nazarii Hrytsyienko,2,1,43,33,10,76,2021-12-08 10:30:00,542925
K Brozik_28536,K Brozik,1,1,49,48,1,97,2021-12-08 10:30:00,542926
Jaromir Janda_174182,Jaromir Janda,-2,0,35,39,-4,74,2021-12-08 10:30:00,542927
Yaroslav Ivasiuk_174035,Yaroslav Ivasiuk,-2,0,32,43,-11,75,2021-12-08 10:30:00,542928
Svitlana Yureneva_173967,Svitlana Yureneva,3,1,33,18,15,51,2021-12-08 10:30:00,542929
A Bogomolov_127247,A Bogomolov,-2,0,32,40,-8,72,2021-12-08 10:31:00,542930
Vasyl Kushnir_1115672500,Vasyl Kushnir,1,1,48,43,5,91,2021-12-08 10:35:00,542931
Valerii Danchenko_173982,Valerii Danchenko,-2,0,40,48,-8,88,2021-12-08 10:35:00,542932
Yurii Kolesnyk_174112,Yurii Kolesnyk,1,1,51,42,9,93,2021-12-08 10:40:00,542933
Vadym Grushko_509318103,Vadym Grushko,2,1,47,45,2,92,2021-12-08 10:40:00,542934
Sergey Filatov_1090856940,Sergey Filatov,1,1,50,45,5,95,2021-12-08 10:40:00,542935
Oleksandr Hryshchenko_173997,Oleksandr Hryshchenko,-2,0,39,44,-5,83,2021-12-08 10:45:00,542936
Denys Shcherbak_978853898,Denys Shcherbak,2,1,42,35,7,77,2021-12-08 10:45:00,542937
I Tolmachev_127249,I Tolmachev,1,1,51,46,5,97,2021-12-08 10:46:00,542938
Nazar Kasianyk_174006,Nazar Kasianyk,-3,0,19,35,-16,54,2021-12-08 10:50:00,542939
Oleksandr Dziabura_940109374,Oleksandr Dziabura,1,1,48,47,1,95,2021-12-08 10:50:00,542940
Volodymyr Okopnyi_173958,Volodymyr Okopnyi,-1,0,34,48,-14,82,2021-12-08 10:50:00,542941
Vasyl Verbianyi_1366484018,Vasyl Verbianyi,2,1,41,29,12,70,2021-12-08 10:55:00,542942
Ruslan Onishchenko_174021,Ruslan Onishchenko,-1,0,48,53,-5,101,2021-12-08 10:55:00,542943
A Gerasimov_127251,A Gerasimov,2,1,41,32,9,73,2021-12-08 10:55:00,542944
Yana Mykhailyk_173968,Yana Mykhailyk,2,1,42,31,11,73,2021-12-08 11:00:00,542945
Tomas Kanka_174183,Tomas Kanka,-1,0,38,51,-13,89,2021-12-08 11:00:00,542946
Iolanta Yevtodii_1996778348,Iolanta Yevtodii,-1,0,45,43,2,88,2021-12-08 11:00:00,542947
A Vorozheykin_127248,A Vorozheykin,1,1,48,47,1,95,2021-12-08 11:00:00,542948
Serhii Darahan_174036,Serhii Darahan,3,1,34,23,11,57,2021-12-08 11:00:00,542949
F Pusch_28537,F Pusch,1,1,62,57,5,119,2021-12-08 11:01:00,542950
Oleksandr Gress_174104,Oleksandr Gress,3,1,34,24,10,58,2021-12-08 11:05:00,542951
Valentyn Yunchyk_1487123003,Valentyn Yunchyk,3,1,33,19,14,52,2021-12-08 11:05:00,542952
Valerii Merzlikin_174113,Valerii Merzlikin,-1,0,45,51,-6,96,2021-12-08 11:10:00,542953
Andrii Hordii_426923914,Andrii Hordii,-3,0,22,34,-12,56,2021-12-08 11:10:00,542954
Oleksii Haponov_991029402,Oleksii Haponov,1,1,52,41,11,93,2021-12-08 11:15:00,542955
V Tsvetkov_127250,V Tsvetkov,2,1,40,31,9,71,2021-12-08 11:15:00,542956
Dmitriy Lebed_1089007260,Dmitriy Lebed,-1,0,47,53,-6,100,2021-12-08 11:15:00,542957
Illia Valchuk_173998,Illia Valchuk,3,1,39,28,11,67,2021-12-08 11:15:00,542958
A Shmakov_127252,A Shmakov,-3,0,19,33,-14,52,2021-12-08 11:19:00,542959
Bohdan Chaikovskyi_173959,Bohdan Chaikovskyi,-1,0,48,50,-2,98,2021-12-08 11:20:00,542960
Oleksii Krutko_1792298779,Oleksii Krutko,1,1,49,41,8,90,2021-12-08 11:20:00,542961
Maksym Mrykh_174007,Maksym Mrykh,-1,0,43,39,4,82,2021-12-08 11:20:00,542962
Dmytro Kryshtal_1205934417,Dmytro Kryshtal,-2,0,34,45,-11,79,2021-12-08 11:25:00,542963
Maksym Marchuk_174022,Maksym Marchuk,2,1,41,30,11,71,2021-12-08 11:25:00,542964
Ji Louda_28538,Ji Louda,2,1,46,41,5,87,2021-12-08 11:30:00,542965
Jaromir Janda_174184,Jaromir Janda,-2,0,32,40,-8,72,2021-12-08 11:30:00,542966
Yurii Teteria_1873811736,Yurii Teteria,-1,0,43,52,-9,95,2021-12-08 11:30:00,542967
Vasyl Lutskyi_174037,Vasyl Lutskyi,-3,0,22,33,-11,55,2021-12-08 11:30:00,542968
Nadiia Harmash_173969,Nadiia Harmash,-3,0,15,33,-18,48,2021-12-08 11:30:00,542969
A Kozlov_127163,A Kozlov,2,1,41,36,5,77,2021-12-08 11:34:00,542970
Mariia Kurischenko_221021426,Mariia Kurischenko,-3,0,26,34,-8,60,2021-12-08 11:35:00,542971
Ihor Kovalenko_173984,Ihor Kovalenko,-3,0,26,34,-8,60,2021-12-08 11:35:00,542972
Vadym Nechyporuk_1670397936,Vadym Nechyporuk,2,1,39,33,6,72,2021-12-08 11:40:00,542973
Oleksandr Kolbasenko_174114,Oleksandr Kolbasenko,-3,0,24,37,-13,61,2021-12-08 11:40:00,542974
Volodymyr Plishylo_1877006276,Volodymyr Plishylo,2,1,42,32,10,74,2021-12-08 11:45:00,542975
Oleksandr Zhyrnov_173999,Oleksandr Zhyrnov,2,1,38,29,9,67,2021-12-08 11:45:00,542976
I Poletaev_127201,I Poletaev,-2,0,32,36,-4,68,2021-12-08 11:47:00,542977
P Medvedev_127127,P Medvedev,3,1,34,23,11,57,2021-12-08 11:48:00,542978
Mykola Zaitsev_1056823195,Mykola Zaitsev,-3,0,20,33,-13,53,2021-12-08 11:50:00,542979
Ivan Pytsko_173960,Ivan Pytsko,-1,0,43,45,-2,88,2021-12-08 11:50:00,542980
Dmytro Kokosha_174008,Dmytro Kokosha,2,1,42,34,8,76,2021-12-08 11:50:00,542981
Nazarii Kovalchuk_662764239,Nazarii Kovalchuk,-3,0,27,34,-7,61,2021-12-08 11:50:00,542982
Serhii Pitsyk_174023,Serhii Pitsyk,3,1,33,11,22,44,2021-12-08 11:55:00,542983
Serhii Tsybulin_1410455623,Serhii Tsybulin,3,1,33,19,14,52,2021-12-08 11:55:00,542984
Mykhailo Hlaholev_174038,Mykhailo Hlaholev,2,1,39,35,4,74,2021-12-08 12:00:00,542985
Nataliia Riabchenko_173970,Nataliia Riabchenko,2,1,44,39,5,83,2021-12-08 12:00:00,542986
Vіtalіy Krokhmal_516934725,Vіtalіy Krokhmal,1,1,43,50,-7,93,2021-12-08 12:00:00,542987
M Ilichev_127164,M Ilichev,2,1,39,27,12,66,2021-12-08 12:01:00,542988
M Sulc_28563,M Sulc,3,1,33,27,6,60,2021-12-08 12:03:00,542989
Anton Molochko_107736035,Anton Molochko,-1,0,47,53,-6,100,2021-12-08 12:05:00,542990
Vadym Reva_173985,Vadym Reva,2,1,40,31,9,71,2021-12-08 12:05:00,542991
Vojtech Koutnik_174217,Vojtech Koutnik,3,1,34,24,10,58,2021-12-08 12:05:00,542992
Alina Kurtenko_197607254,Alina Kurtenko,-1,0,43,48,-5,91,2021-12-08 12:10:00,542993
Yevhen Hasan_174115,Yevhen Hasan,-3,0,23,35,-12,58,2021-12-08 12:10:00,542994
Nazarii Hrytsyienko_86691100,Nazarii Hrytsyienko,2,1,38,30,8,68,2021-12-08 12:15:00,542995
A Batalov_127202,A Batalov,2,1,42,28,14,70,2021-12-08 12:15:00,542996
Oleksandr Hryshchenko_174000,Oleksandr Hryshchenko,-2,0,29,35,-6,64,2021-12-08 12:15:00,542997
I Minchenkov_127128,I Minchenkov,-3,0,25,33,-8,58,2021-12-08 12:15:00,542998
Vasyl Kushnir_1911563836,Vasyl Kushnir,-1,0,45,45,0,90,2021-12-08 12:20:00,542999
Bohdan Havryliuk_174009,Bohdan Havryliuk,-3,0,24,33,-9,57,2021-12-08 12:20:00,543000
Vadym Grushko_1753323084,Vadym Grushko,3,1,33,22,11,55,2021-12-08 12:25:00,543001
Mykhailo Diachenko_174024,Mykhailo Diachenko,-3,0,15,33,-18,48,2021-12-08 12:25:00,543002
Sergey Filatov_511455707,Sergey Filatov,3,1,40,30,10,70,2021-12-08 12:25:00,543003
K Brozik_28564,K Brozik,-2,0,37,44,-7,81,2021-12-08 12:29:00,543004
Oleksandr Levadnyi_1453037905,Oleksandr Levadnyi,-2,0,38,38,0,76,2021-12-08 12:30:00,543005
Yaroslav Ivasiuk_174039,Yaroslav Ivasiuk,-1,0,44,44,0,88,2021-12-08 12:30:00,543006
Svitlana Yureneva_173971,Svitlana Yureneva,3,1,33,23,10,56,2021-12-08 12:30:00,543007
D Mikheev_127165,D Mikheev,-1,0,48,53,-5,101,2021-12-08 12:32:00,543008
Kyrylo Yehorov_155089919,Kyrylo Yehorov,1,1,56,48,8,104,2021-12-08 12:35:00,543009
Valerii Danchenko_174105,Valerii Danchenko,2,1,49,36,13,85,2021-12-08 12:35:00,543010
Lukas Adamec_174218,Lukas Adamec,3,1,36,28,8,64,2021-12-08 12:35:00,543011
Valerii Merzlikin_174116,Valerii Merzlikin,-3,0,28,36,-8,64,2021-12-08 12:40:00,543012
Vasyl Verbianyi_784384362,Vasyl Verbianyi,3,1,33,14,19,47,2021-12-08 12:40:00,543013
Artem Yurkov_174001,Artem Yurkov,2,1,46,32,14,78,2021-12-08 12:45:00,543014
I Nirkov_127203,I Nirkov,-3,0,32,38,-6,70,2021-12-08 12:45:00,543015
Iolanta Yevtodii_975103124,Iolanta Yevtodii,2,1,40,34,6,74,2021-12-08 12:45:00,543016
A Lobanov_127129,A Lobanov,1,1,47,41,6,88,2021-12-08 12:46:00,543017
Nazar Kasianyk_174010,Nazar Kasianyk,-1,0,39,45,-6,84,2021-12-08 12:50:00,543018
Valentyn Yunchyk_623501172,Valentyn Yunchyk,-2,0,43,43,0,86,2021-12-08 12:50:00,543019
Volodymyr Okopnyi_174219,Volodymyr Okopnyi,1,1,47,48,-1,95,2021-12-08 12:50:00,543020
Ruslan Onishchenko_174025,Ruslan Onishchenko,2,1,44,36,8,80,2021-12-08 12:55:00,543021
Andrii Hordii_814111366,Andrii Hordii,2,1,45,35,10,80,2021-12-08 12:55:00,543022
Oleksii Haponov_606755822,Oleksii Haponov,-2,0,32,41,-9,73,2021-12-08 13:00:00,543023
Serhii Darahan_174040,Serhii Darahan,-1,0,41,47,-6,88,2021-12-08 13:00:00,543024
Yana Mykhailyk_173972,Yana Mykhailyk,3,1,33,18,15,51,2021-12-08 13:00:00,543025
Dmitriy Lebed_1799413424,Dmitriy Lebed,2,1,42,36,6,78,2021-12-08 13:00:00,543026
Jiri Cermak_174185,Jiri Cermak,1,1,45,45,0,90,2021-12-08 13:00:00,543027
V Havlicek_28539,V Havlicek,-1,0,43,51,-8,94,2021-12-08 13:04:00,543028
Oleksandr Gress_173987,Oleksandr Gress,3,1,33,18,15,51,2021-12-08 13:05:00,543029
Denys Shcherbak_1797800298,Denys Shcherbak,-2,0,44,47,-3,91,2021-12-08 13:05:00,543030
A Girevenkov_127166,A Girevenkov,-1,0,41,44,-3,85,2021-12-08 13:07:00,543031
Oleksandr Dziabura_416239734,Oleksandr Dziabura,-1,0,52,51,1,103,2021-12-08 13:10:00,543032
Valerii Merzlikin_174117,Valerii Merzlikin,-1,0,52,57,-5,109,2021-12-08 13:10:00,543033
E Grishaev_127204,E Grishaev,2,1,43,35,8,78,2021-12-08 13:15:00,543034
Oleksandr Zhyrnov_174233,Oleksandr Zhyrnov,1,1,53,43,10,96,2021-12-08 13:15:00,543035
Anton Molochko_996784311,Anton Molochko,2,1,43,31,12,74,2021-12-08 13:15:00,543036
I Novikov_127130,I Novikov,-2,0,34,42,-8,76,2021-12-08 13:15:00,543037
Alina Kurtenko_821298466,Alina Kurtenko,1,1,40,44,-4,84,2021-12-08 13:20:00,543038
Maksym Mrykh_174011,Maksym Mrykh,3,1,33,23,10,56,2021-12-08 13:20:00,543039
Volodymyr Korobko_174220,Volodymyr Korobko,1,1,53,48,5,101,2021-12-08 13:20:00,543040
Maksym Marchuk_174026,Maksym Marchuk,3,1,39,33,6,72,2021-12-08 13:25:00,543041
Andrii Kotik_2076142421,Andrii Kotik,1,1,51,49,2,100,2021-12-08 13:25:00,543042
Vaclav Coubal_174186,Vaclav Coubal,2,1,42,34,8,76,2021-12-08 13:30:00,543043
Nataliia Riabchenko_173973,Nataliia Riabchenko,1,1,45,46,-1,91,2021-12-08 13:30:00,543044
Vasyl Lutskyi_174041,Vasyl Lutskyi,-2,0,40,45,-5,85,2021-12-08 13:30:00,543045
Vadim Tokar_403292553,Vadim Tokar,1,1,47,45,2,92,2021-12-08 13:30:00,543046
J Vojtech_28540,J Vojtech,-2,0,30,42,-12,72,2021-12-08 13:32:00,543047
Mykola Lytvynenko_1444487634,Mykola Lytvynenko,-2,0,33,42,-9,75,2021-12-08 13:35:00,543048
Vadym Reva_173988,Vadym Reva,1,1,58,58,0,116,2021-12-08 13:35:00,543049
Mykhailo Presniakov_91897546,Mykhailo Presniakov,1,1,57,46,11,103,2021-12-08 13:35:00,543050
D Mikheev_127167,D Mikheev,-2,0,34,40,-6,74,2021-12-08 13:40:00,543051
Yevhen Hasan_174118,Yevhen Hasan,1,1,53,46,7,99,2021-12-08 13:40:00,543052
Oleksii Krutko_1646211642,Oleksii Krutko,3,1,33,21,12,54,2021-12-08 13:40:00,543053
Artem Yurkov_174234,Artem Yurkov,1,1,48,44,4,92,2021-12-08 13:45:00,543054
Dmytro Kryshtal_67909124,Dmytro Kryshtal,-1,0,46,49,-3,95,2021-12-08 13:45:00,543055
A Lobanov_127131,A Lobanov,3,1,34,28,6,62,2021-12-08 13:46:00,543056
I Nirkov_127205,I Nirkov,-2,0,29,37,-8,66,2021-12-08 13:47:00,543057
Vasyl Verbianyi_375113275,Vasyl Verbianyi,-2,0,28,43,-15,71,2021-12-08 13:50:00,543058
Dmytro Kokosha_174012,Dmytro Kokosha,3,1,33,18,15,51,2021-12-08 13:50:00,543059
Serhii Pitsyk_174027,Serhii Pitsyk,3,1,33,14,19,47,2021-12-08 13:55:00,543060
Iolanta Yevtodii_338268266,Iolanta Yevtodii,-2,0,27,42,-15,69,2021-12-08 13:55:00,543061
Mykhailo Hlaholev_174042,Mykhailo Hlaholev,2,1,42,26,16,68,2021-12-08 14:00:00,543062
Vaclav Coubal_174187,Vaclav Coubal,-2,0,40,46,-6,86,2021-12-08 14:00:00,543063
Anastasiia Kozak_173974,Anastasiia Kozak,-2,0,33,42,-9,75,2021-12-08 14:00:00,543064
Vadym Nechyporuk_2100482672,Vadym Nechyporuk,1,1,48,48,0,96,2021-12-08 14:00:00,543065
F Korenek_28541,F Korenek,-3,0,24,33,-9,57,2021-12-08 14:01:00,543066
M Ilichev_127168,M Ilichev,3,1,34,21,13,55,2021-12-08 14:03:00,543067
Volodymyr Plishylo_182940849,Volodymyr Plishylo,-3,0,18,33,-15,51,2021-12-08 14:05:00,543068
Serhii Bohach_174106,Serhii Bohach,2,1,43,36,7,79,2021-12-08 14:05:00,543069
Mykola Zaitsev_291861056,Mykola Zaitsev,-3,0,18,34,-16,52,2021-12-08 14:10:00,543070
Nazarii Kovalchuk_1528528323,Nazarii Kovalchuk,1,1,55,52,3,107,2021-12-08 14:10:00,543071
I Minchenkov_127132,I Minchenkov,-1,0,50,49,1,99,2021-12-08 14:15:00,543072
Oleksandr Levadnyi_637917663,Oleksandr Levadnyi,-1,0,47,55,-8,102,2021-12-08 14:15:00,543073
A Batalov_127206,A Batalov,-2,0,32,38,-6,70,2021-12-08 14:16:00,543074
Nazar Kasianyk_174013,Nazar Kasianyk,2,1,44,29,15,73,2021-12-08 14:20:00,543075
Kyrylo Yehorov_779013437,Kyrylo Yehorov,-1,0,50,52,-2,102,2021-12-08 14:20:00,543076
Ruslan Onishchenko_174028,Ruslan Onishchenko,2,1,52,42,10,94,2021-12-08 14:25:00,543077
Anton Molochko_1079864080,Anton Molochko,3,1,35,25,10,60,2021-12-08 14:25:00,543078
F Kopecky_28542,F Kopecky,2,1,49,42,7,91,2021-12-08 14:29:00,543079
Alina Kurtenko_494556378,Alina Kurtenko,-2,0,34,38,-4,72,2021-12-08 14:30:00,543080
Nataliia Riabchenko_173975,Nataliia Riabchenko,-2,0,32,42,-10,74,2021-12-08 14:30:00,543081
Serhii Darahan_174043,Serhii Darahan,-3,0,30,36,-6,66,2021-12-08 14:30:00,543082
Jiri Cermak_174188,Jiri Cermak,2,1,41,30,11,71,2021-12-08 14:30:00,543083
D Mikheev_127287,D Mikheev,3,1,33,24,9,57,2021-12-08 14:31:00,543084
Vadym Reva_173990,Vadym Reva,3,1,34,22,12,56,2021-12-08 14:35:00,543085
Valentyn Yunchyk_398066045,Valentyn Yunchyk,2,1,42,36,6,78,2021-12-08 14:35:00,543086
Vasyl Kushnir_1760170208,Vasyl Kushnir,3,1,33,22,11,55,2021-12-08 14:40:00,543087
Oleksandr Naida_523548448,Oleksandr Naida,-1,0,38,51,-13,89,2021-12-08 14:45:00,543088
Oleksii Haponov_433268062,Oleksii Haponov,1,1,52,44,8,96,2021-12-08 14:45:00,543089
I Nirkov_127289,I Nirkov,-1,0,36,54,-18,90,2021-12-08 14:46:00,543090
Davyd Symonchuk_2116767529,Davyd Symonchuk,2,1,45,38,7,83,2021-12-08 14:50:00,543091
Yevhen Korol_174014,Yevhen Korol,1,1,45,40,5,85,2021-12-08 14:50:00,543092
I Novikov_127291,I Novikov,2,1,42,33,9,75,2021-12-08 14:53:00,543093
Anatolii Chaplianka_1257472294,Anatolii Chaplianka,1,1,45,44,1,89,2021-12-08 14:55:00,543094
Taras Yemelianov_174029,Taras Yemelianov,1,1,48,43,5,91,2021-12-08 14:55:00,543095
Yurii Teteria_1778694767,Yurii Teteria,2,1,38,31,7,69,2021-12-08 15:00:00,543096
Mykhailo Urban_174044,Mykhailo Urban,1,1,50,45,5,95,2021-12-08 15:00:00,543097
Nadiia Harmash_173976,Nadiia Harmash,-3,0,19,33,-14,52,2021-12-08 15:00:00,543098
Vaclav Strejc_174189,Vaclav Strejc,2,1,41,23,18,64,2021-12-08 15:00:00,543099
A Kozlov_127288,A Kozlov,-3,0,27,33,-6,60,2021-12-08 15:00:00,543100
F Korenek_28543,F Korenek,-1,0,46,48,-2,94,2021-12-08 15:01:00,543101
Mariia Kurischenko_221168243,Mariia Kurischenko,1,1,55,48,7,103,2021-12-08 15:05:00,543102
Nazarii Hrytsyienko_919489679,Nazarii Hrytsyienko,2,1,42,26,16,68,2021-12-08 15:10:00,543103
Andrii Hordii_1150454713,Andrii Hordii,-2,0,30,38,-8,68,2021-12-08 15:15:00,543104
I Poletaev_127290,I Poletaev,3,1,33,22,11,55,2021-12-08 15:15:00,543105
P Medvedev_127292,P Medvedev,1,1,51,44,7,95,2021-12-08 15:18:00,543106
Dmytro Dubrovin_503155671,Dmytro Dubrovin,2,1,45,43,2,88,2021-12-08 15:20:00,543107
Vadym Grushko_61581028,Vadym Grushko,-1,0,44,46,-2,90,2021-12-08 15:20:00,543108
Nazar Kasianyk_174015,Nazar Kasianyk,-2,0,39,48,-9,87,2021-12-08 15:20:00,543109
Valerii Tatarynov_174203,Valerii Tatarynov,-3,0,19,33,-14,52,2021-12-08 15:20:00,543110
Oleksandr Levadnyi_1674920290,Oleksandr Levadnyi,-3,0,19,33,-14,52,2021-12-08 15:25:00,543111
Ruslan Onishchenko_174030,Ruslan Onishchenko,-2,0,41,49,-8,90,2021-12-08 15:25:00,543112
Jiri Cermak_174190,Jiri Cermak,-3,0,17,33,-16,50,2021-12-08 15:30:00,543113
J Vojtech_28544,J Vojtech,-1,0,52,51,1,103,2021-12-08 15:30:00,543114
Kyrylo Yehorov_1436561259,Kyrylo Yehorov,3,1,36,29,7,65,2021-12-08 15:30:00,543115
Serhii Darahan_174045,Serhii Darahan,2,1,37,26,11,63,2021-12-08 15:30:00,543116
Andrii Kovrikov_174057,Andrii Kovrikov,1,1,51,34,17,85,2021-12-08 15:30:00,543117
I Pandur_127169,I Pandur,2,1,44,34,10,78,2021-12-08 15:34:00,543118
Serhii Sokolov_174072,Serhii Sokolov,2,1,45,37,8,82,2021-12-08 15:35:00,543119
Illia Hubariev_906982631,Illia Hubariev,-1,0,46,52,-6,98,2021-12-08 15:35:00,543120
Vasyl Kondratenko_174087,Vasyl Kondratenko,1,1,43,38,5,81,2021-12-08 15:40:00,543121
Maksym Mykytiuk_1085957268,Maksym Mykytiuk,-2,0,40,47,-7,87,2021-12-08 15:40:00,543122
George Poturidis_174119,George Poturidis,-2,0,27,41,-14,68,2021-12-08 15:45:00,543123
V Demchenko_127207,V Demchenko,-2,0,37,39,-2,76,2021-12-08 15:47:00,543124
Petro Tsolik_1331365644,Petro Tsolik,-3,0,18,33,-15,51,2021-12-08 15:50:00,543125
Serhii Rak_174204,Serhii Rak,3,1,33,19,14,52,2021-12-08 15:50:00,543126
A Poprocky_127151,A Poprocky,1,1,47,40,7,87,2021-12-08 15:54:00,543127
Serhii Zemiantsev_34717177,Serhii Zemiantsev,2,1,42,32,10,74,2021-12-08 15:55:00,543128
Mykhailo Diachenko_174031,Mykhailo Diachenko,-1,0,46,56,-10,102,2021-12-08 15:55:00,543129
Volodymyr Voronenkov_174058,Volodymyr Voronenkov,2,1,45,37,8,82,2021-12-08 16:00:00,543130
Yaroslav Ivasiuk_174046,Yaroslav Ivasiuk,-1,0,49,55,-6,104,2021-12-08 16:00:00,543131
Jan Vasek_174475,Jan Vasek,-1,0,46,52,-6,98,2021-12-08 16:00:00,543132
Serhii Tsybulin_228900980,Serhii Tsybulin,3,1,33,17,16,50,2021-12-08 16:00:00,543133
E Anisimov_127170,E Anisimov,3,1,33,21,12,54,2021-12-08 16:03:00,543134
Vіtalіy Krokhmal_1593687357,Vіtalіy Krokhmal,1,1,39,43,-4,82,2021-12-08 16:05:00,543135
Pavlo Khakhamidi_174073,Pavlo Khakhamidi,2,1,38,27,11,65,2021-12-08 16:05:00,543136
J Vojtech_28589,J Vojtech,-1,0,38,50,-12,88,2021-12-08 16:09:00,543137
Uryi Leymanovskyi_45810796,Uryi Leymanovskyi,1,1,48,47,1,95,2021-12-08 16:10:00,543138
Sergii Skhabitskiy_174088,Sergii Skhabitskiy,-3,0,20,33,-13,53,2021-12-08 16:10:00,543139
Oleksandr Hryhoriev_174120,Oleksandr Hryhoriev,-1,0,51,51,0,102,2021-12-08 16:15:00,543140
Pavlo Zaderei_337418872,Pavlo Zaderei,1,1,50,50,0,100,2021-12-08 16:15:00,543141
V Beliakov_127208,V Beliakov,-2,0,35,44,-9,79,2021-12-08 16:16:00,543142
Valerii Tatarynov_174205,Valerii Tatarynov,3,1,34,25,9,59,2021-12-08 16:20:00,543143
Roman Rybachuk_440790385,Roman Rybachuk,-3,0,20,33,-13,53,2021-12-08 16:20:00,543144
A Vorozheykin_127152,A Vorozheykin,2,1,38,30,8,68,2021-12-08 16:21:00,543145
Alina Man_174129,Alina Man,2,1,42,32,10,74,2021-12-08 16:25:00,543146
Yevhenii Faflei_534532430,Yevhenii Faflei,2,1,40,36,4,76,2021-12-08 16:25:00,543147
Oleksandr Dukhovenko_174059,Oleksandr Dukhovenko,-2,0,32,43,-11,75,2021-12-08 16:30:00,543148
Vaclav Coubal_174476,Vaclav Coubal,1,1,46,41,5,87,2021-12-08 16:30:00,543149
Uryi Schepanskyi_349829938,Uryi Schepanskyi,-2,0,39,38,1,77,2021-12-08 16:30:00,543150
M Sverdlov_127171,M Sverdlov,-3,0,17,33,-16,50,2021-12-08 16:31:00,543151
V Havlicek_28590,V Havlicek,-1,0,47,54,-7,101,2021-12-08 16:35:00,543152
Vasyl Shepel_1152957510,Vasyl Shepel,-2,0,38,43,-5,81,2021-12-08 16:35:00,543153
Hryhorii Kulishov_174074,Hryhorii Kulishov,-2,0,39,39,0,78,2021-12-08 16:35:00,543154
Armen Antonyan_174089,Armen Antonyan,-1,0,46,47,-1,93,2021-12-08 16:40:00,543155
Nikolay Bondarenko_1611788046,Nikolay Bondarenko,-1,0,50,54,-4,104,2021-12-08 16:40:00,543156
George Poturidis_174121,George Poturidis,-3,0,17,33,-16,50,2021-12-08 16:45:00,543157
Illia Hubariev_1846582197,Illia Hubariev,3,1,33,26,7,59,2021-12-08 16:45:00,543158
O Manuylov_127153,O Manuylov,3,1,35,28,7,63,2021-12-08 16:48:00,543159
A Agapov_127209,A Agapov,-3,0,19,33,-14,52,2021-12-08 16:49:00,543160
Maksym Mykytiuk_435344141,Maksym Mykytiuk,-2,0,39,45,-6,84,2021-12-08 16:50:00,543161
Stanislav Nikolenko_174206,Stanislav Nikolenko,2,1,43,33,10,76,2021-12-08 16:50:00,543162
Mykola Tovkach_1514259858,Mykola Tovkach,-2,0,33,40,-7,73,2021-12-08 16:55:00,543163
Yevheniia Severyna_174130,Yevheniia Severyna,2,1,41,31,10,72,2021-12-08 16:55:00,543164
S Muslikov_127172,S Muslikov,-3,0,21,33,-12,54,2021-12-08 17:00:00,543165
Volodymyr Voronenkov_174060,Volodymyr Voronenkov,-1,0,36,50,-14,86,2021-12-08 17:00:00,543166
Petr Provaznik_174191,Petr Provaznik,-1,0,49,52,-3,101,2021-12-08 17:00:00,543167
Petro Tsolik_1591691573,Petro Tsolik,1,1,51,45,6,96,2021-12-08 17:00:00,543168
R Rose_28545,R Rose,1,1,45,39,6,84,2021-12-08 17:04:00,543169
Pavlo Khakhamidi_174075,Pavlo Khakhamidi,1,1,49,43,6,92,2021-12-08 17:05:00,543170
Serhii Zemiantsev_1191400410,Serhii Zemiantsev,-2,0,37,42,-5,79,2021-12-08 17:05:00,543171
Vasyl Shepel_763074470,Vasyl Shepel,-3,0,24,36,-12,60,2021-12-08 17:10:00,543172
Sergii Skhabitskiy_174090,Sergii Skhabitskiy,-2,0,35,42,-7,77,2021-12-08 17:10:00,543173
Kostiantyn Semenin_174122,Kostiantyn Semenin,2,1,39,36,3,75,2021-12-08 17:15:00,543174
Bohdan Zaika_140820598,Bohdan Zaika,1,1,46,46,0,92,2021-12-08 17:15:00,543175
I Abelmasov_127210,I Abelmasov,1,1,52,46,6,98,2021-12-08 17:15:00,543176
A Krotkov_127154,A Krotkov,3,1,33,17,16,50,2021-12-08 17:18:00,543177
Serhii Rak_174207,Serhii Rak,3,1,33,21,12,54,2021-12-08 17:20:00,543178
Oleksiy Molochko_875841271,Oleksiy Molochko,-3,0,12,33,-21,45,2021-12-08 17:20:00,543179
Pavlo Zaderei_824732804,Pavlo Zaderei,-1,0,44,44,0,88,2021-12-08 17:25:00,543180
Alina Man_174131,Alina Man,2,1,40,29,11,69,2021-12-08 17:25:00,543181
Roman Rybachuk_554265421,Roman Rybachuk,1,1,47,41,6,88,2021-12-08 17:30:00,543182
Martin Juhasz_174192,Martin Juhasz,-2,0,33,43,-10,76,2021-12-08 17:30:00,543183
Andrii Kovrikov_174061,Andrii Kovrikov,-3,0,20,33,-13,53,2021-12-08 17:30:00,543184
F Kopecky_28546,F Kopecky,2,1,39,33,6,72,2021-12-08 17:31:00,543185
M Sverdlov_127173,M Sverdlov,-2,0,41,48,-7,89,2021-12-08 17:31:00,543186
Yaroslav Vorsuliak_1118368766,Yaroslav Vorsuliak,-2,0,39,40,-1,79,2021-12-08 17:35:00,543187
Serhii Sokolov_174076,Serhii Sokolov,-2,0,31,39,-8,70,2021-12-08 17:35:00,543188
Vasyl Kondratenko_174091,Vasyl Kondratenko,-3,0,17,33,-16,50,2021-12-08 17:40:00,543189
Uryi Schepanskyi_1923764488,Uryi Schepanskyi,1,1,43,46,-3,89,2021-12-08 17:40:00,543190
Oleksandr Hryhoriev_174123,Oleksandr Hryhoriev,-1,0,42,51,-9,93,2021-12-08 17:45:00,543191
Nikolay Bondarenko_907921754,Nikolay Bondarenko,-3,0,18,33,-15,51,2021-12-08 17:45:00,543192
O Manuylov_127155,O Manuylov,2,1,43,34,9,77,2021-12-08 17:45:00,543193
Valerii Tatarynov_174208,Valerii Tatarynov,2,1,42,29,13,71,2021-12-08 17:50:00,543194
Vasyl Shepel_814664892,Vasyl Shepel,3,1,33,18,15,51,2021-12-08 17:50:00,543195
A Agapov_127211,A Agapov,2,1,38,38,0,76,2021-12-08 17:55:00,543196
Uryi Leymanovskyi_1191435765,Uryi Leymanovskyi,2,1,45,40,5,85,2021-12-08 17:55:00,543197
Anastasiia Gordinskaya-Sheiko_174132,Anastasiia Gordinskaya-Sheiko,-2,0,35,42,-7,77,2021-12-08 17:55:00,543198
Andrii Lukatskyi_174062,Andrii Lukatskyi,1,1,57,53,4,110,2021-12-08 18:00:00,543199
Martin Juhasz_174193,Martin Juhasz,-3,0,26,34,-8,60,2021-12-08 18:00:00,543200
Maksym Mykytiuk_1495647252,Maksym Mykytiuk,3,1,35,26,9,61,2021-12-08 18:00:00,543201
Oliver Korp_28547,Oliver Korp,-3,0,19,33,-14,52,2021-12-08 18:01:00,543202
Andrii Romanenko_174077,Andrii Romanenko,2,1,44,37,7,81,2021-12-08 18:05:00,543203
Mykola Tovkach_137481704,Mykola Tovkach,2,1,35,35,0,70,2021-12-08 18:05:00,543204
E Anisimov_127174,E Anisimov,-1,0,49,52,-3,101,2021-12-08 18:08:00,543205
Viktor Bereza_174092,Viktor Bereza,-1,0,42,40,2,82,2021-12-08 18:10:00,543206
Yevhenii Faflei_1819801008,Yevhenii Faflei,-1,0,51,50,1,101,2021-12-08 18:10:00,543207
A Vorozheykin_127156,A Vorozheykin,3,1,33,15,18,48,2021-12-08 18:15:00,543208
Serhii Zemiantsev_1819060880,Serhii Zemiantsev,1,1,48,48,0,96,2021-12-08 18:15:00,543209
George Poturidis_174124,George Poturidis,-3,0,23,36,-13,59,2021-12-08 18:15:00,543210
V Beliakov_127212,V Beliakov,3,1,33,20,13,53,2021-12-08 18:18:00,543211
Serhii Rak_174209,Serhii Rak,3,1,36,22,14,58,2021-12-08 18:20:00,543212
Bohdan Zaika_230068247,Bohdan Zaika,-3,0,16,33,-17,49,2021-12-08 18:20:00,543213
Nikolay Bondarenko_1954671673,Nikolay Bondarenko,-3,0,19,33,-14,52,2021-12-08 18:25:00,543214
Yevheniia Severyna_174133,Yevheniia Severyna,1,1,55,47,8,102,2021-12-08 18:25:00,543215
Oleksandr Dukhovenko_174063,Oleksandr Dukhovenko,-3,0,28,37,-9,65,2021-12-08 18:30:00,543216
Petr Provaznik_174194,Petr Provaznik,-2,0,37,42,-5,79,2021-12-08 18:30:00,543217
Illia Hubariev_392535438,Illia Hubariev,1,1,49,42,7,91,2021-12-08 18:30:00,543218
L Jindrak_28548,L Jindrak,3,1,33,21,12,54,2021-12-08 18:31:00,543219
Dmytro Halai_2147328227,Dmytro Halai,1,1,44,45,-1,89,2021-12-08 18:35:00,543220
Hryhorii Kulishov_174078,Hryhorii Kulishov,3,1,33,20,13,53,2021-12-08 18:35:00,543221
Roman Rybachuk_63136224,Roman Rybachuk,-1,0,44,47,-3,91,2021-12-08 18:40:00,543222
Armen Antonyan_174093,Armen Antonyan,-1,0,48,46,2,94,2021-12-08 18:40:00,543223
Oleksandr Hryhoriev_174125,Oleksandr Hryhoriev,3,1,33,20,13,53,2021-12-08 18:45:00,543224
A Poprocky_127327,A Poprocky,-1,0,49,49,0,98,2021-12-08 18:45:00,543225
Petro Tsolik_936544483,Petro Tsolik,3,1,33,18,15,51,2021-12-08 18:45:00,543226
V Demchenko_127337,V Demchenko,-1,0,41,45,-4,86,2021-12-08 18:46:00,543227
M Sverdlov_127335,M Sverdlov,1,1,51,46,5,97,2021-12-08 18:48:00,543228
Stanislav Nikolenko_174210,Stanislav Nikolenko,1,1,51,40,11,91,2021-12-08 18:50:00,543229
Serhii Baranovskyi_423594472,Serhii Baranovskyi,-2,0,33,39,-6,72,2021-12-08 18:50:00,543230
Oleksandr Brezytskyi_1123655635,Oleksandr Brezytskyi,-3,0,20,33,-13,53,2021-12-08 18:55:00,543231
Alina Man_174134,Alina Man,2,1,41,24,17,65,2021-12-08 18:55:00,543232
Jachym Sebl_174195,Jachym Sebl,2,1,38,33,5,71,2021-12-08 19:00:00,543233
Vasyl Shepel_34846454,Vasyl Shepel,2,1,45,39,6,84,2021-12-08 19:00:00,543234
Oliver Korp_28549,Oliver Korp,-2,0,37,39,-2,76,2021-12-08 19:00:00,543235
Volodymyr Voronenkov_174064,Volodymyr Voronenkov,2,1,35,32,3,67,2021-12-08 19:00:00,543236
Pavlo Khakhamidi_174079,Pavlo Khakhamidi,-3,0,21,33,-12,54,2021-12-08 19:05:00,543237
Oleksiy Molochko_2072323276,Oleksiy Molochko,3,1,36,28,8,64,2021-12-08 19:05:00,543238
Sergii Skhabitskiy_174094,Sergii Skhabitskiy,1,1,54,46,8,100,2021-12-08 19:10:00,543239
Pavlo Zaderei_2122917767,Pavlo Zaderei,-2,0,34,44,-10,78,2021-12-08 19:10:00,543240
A Vorozheykin_127328,A Vorozheykin,2,1,43,31,12,74,2021-12-08 19:15:00,543241
Kostiantyn Semenin_174126,Kostiantyn Semenin,-1,0,42,41,1,83,2021-12-08 19:15:00,543242
Serhii Berezynskyi_502139867,Serhii Berezynskyi,1,1,42,41,1,83,2021-12-08 19:15:00,543243
Oleksandr Broiakovskyi_174139,Oleksandr Broiakovskyi,1,1,51,40,11,91,2021-12-08 19:20:00,543244
Valerii Tatarynov_174211,Valerii Tatarynov,-1,0,41,50,-9,91,2021-12-08 19:20:00,543245
Yaroslav Vorsuliak_1798768762,Yaroslav Vorsuliak,-1,0,41,44,-3,85,2021-12-08 19:20:00,543246
A Agapov_127338,A Agapov,-1,0,51,56,-5,107,2021-12-08 19:24:00,543247
Serhii Zemiantsev_1425800468,Serhii Zemiantsev,-3,0,18,33,-15,51,2021-12-08 19:25:00,543248
Yevheniia Severyna_174135,Yevheniia Severyna,2,1,42,29,13,71,2021-12-08 19:25:00,543249
Andrii Kovrikov_174065,Andrii Kovrikov,3,1,34,19,15,53,2021-12-08 19:30:00,543250
Petr Provaznik_174196,Petr Provaznik,1,1,45,43,2,88,2021-12-08 19:30:00,543251
Bohdan Zaika_879771489,Bohdan Zaika,-2,0,29,38,-9,67,2021-12-08 19:30:00,543252
F Kopecky_28550,F Kopecky,-3,0,20,33,-13,53,2021-12-08 19:31:00,543253
E Anisimov_127336,E Anisimov,1,1,55,52,3,107,2021-12-08 19:32:00,543254
Serhii Sokolov_174080,Serhii Sokolov,-2,0,30,41,-11,71,2021-12-08 19:35:00,543255
Vasyl Shepel_931377387,Vasyl Shepel,-1,0,37,48,-11,85,2021-12-08 19:35:00,543256
Uryi Leymanovskyi_927235563,Uryi Leymanovskyi,2,1,44,35,9,79,2021-12-08 19:40:00,543257
Vasyl Kondratenko_174095,Vasyl Kondratenko,-2,0,26,42,-16,68,2021-12-08 19:40:00,543258
George Poturidis_174127,George Poturidis,-2,0,29,41,-12,70,2021-12-08 19:45:00,543259
Maksym Mykytiuk_930669946,Maksym Mykytiuk,2,1,41,34,7,75,2021-12-08 19:45:00,543260
D Tunitsyn_127133,D Tunitsyn,3,1,33,18,15,51,2021-12-08 19:46:00,543261
Dmytro Gudimenko_174140,Dmytro Gudimenko,3,1,33,11,22,44,2021-12-08 19:50:00,543262
Oleksandr Hordiichuk_174212,Oleksandr Hordiichuk,3,1,33,12,21,45,2021-12-08 19:50:00,543263
Mykola Tovkach_981151989,Mykola Tovkach,2,1,40,35,5,75,2021-12-08 19:50:00,543264
Anastasiia Gordinskaya-Sheiko_174136,Anastasiia Gordinskaya-Sheiko,3,1,33,23,10,56,2021-12-08 19:55:00,543265
Yevhenii Faflei_260534374,Yevhenii Faflei,-2,0,40,43,-3,83,2021-12-08 19:55:00,543266
Uryi Schepanskyi_1230756382,Uryi Schepanskyi,-3,0,22,33,-11,55,2021-12-08 20:00:00,543267
Andrii Lukatskyi_174066,Andrii Lukatskyi,-2,0,37,43,-6,80,2021-12-08 20:00:00,543268
Oliver Korp_28591,Oliver Korp,2,1,47,40,7,87,2021-12-08 20:01:00,543269
V Melnikov_127213,V Melnikov,-2,0,34,40,-6,74,2021-12-08 20:01:00,543270
Maksym Zhuravliov_519017752,Maksym Zhuravliov,3,1,34,27,7,61,2021-12-08 20:05:00,543271
Andrii Romanenko_174081,Andrii Romanenko,-1,0,42,46,-4,88,2021-12-08 20:05:00,543272
Viktor Bereza_174096,Viktor Bereza,-1,0,51,51,0,102,2021-12-08 20:10:00,543273
Zdenek Hak_174496,Zdenek Hak,-3,0,18,33,-15,51,2021-12-08 20:10:00,543274
Oleksii Tiutiunnyk_562845600,Oleksii Tiutiunnyk,-2,0,36,40,-4,76,2021-12-08 20:10:00,543275
V Kasatkin_127175,V Kasatkin,-2,0,37,41,-4,78,2021-12-08 20:11:00,543276
Oleksandr Bondarchuk_1404244120,Oleksandr Bondarchuk,3,1,33,16,17,49,2021-12-08 20:15:00,543277
Vladimir Andrievskiy_174128,Vladimir Andrievskiy,-3,0,22,34,-12,56,2021-12-08 20:15:00,543278
I Soldatov_127134,I Soldatov,-3,0,29,35,-6,64,2021-12-08 20:16:00,543279
Pavlo Zaderei_1144878147,Pavlo Zaderei,-2,0,37,47,-10,84,2021-12-08 20:20:00,543280
Oleksandr Broiakovskyi_174141,Oleksandr Broiakovskyi,2,1,46,39,7,85,2021-12-08 20:20:00,543281
A Silantev_127214,A Silantev,-2,0,42,42,0,84,2021-12-08 20:22:00,543282
Alina Man_174137,Alina Man,1,1,51,47,4,98,2021-12-08 20:25:00,543283
Roman Rybachuk_1652481847,Roman Rybachuk,-3,0,20,33,-13,53,2021-12-08 20:25:00,543284
Oleksii Tkachuk_709138673,Oleksii Tkachuk,-2,0,32,43,-11,75,2021-12-08 20:30:00,543285
Oleksandr Dukhovenko_174067,Oleksandr Dukhovenko,-2,0,36,45,-9,81,2021-12-08 20:30:00,543286
L Jindrak_28592,L Jindrak,1,1,48,43,5,91,2021-12-08 20:30:00,543287
Stanislav Nikolenko_174498,Stanislav Nikolenko,-2,0,35,39,-4,74,2021-12-08 20:30:00,543288
Hryhorii Kulishov_174082,Hryhorii Kulishov,-2,0,34,43,-9,77,2021-12-08 20:35:00,543289
Serhii Zemiantsev_1409325551,Serhii Zemiantsev,-3,0,31,37,-6,68,2021-12-08 20:35:00,543290
V Chernov_127176,V Chernov,-2,0,34,48,-14,82,2021-12-08 20:37:00,543291
Armen Antonyan_174097,Armen Antonyan,-3,0,20,33,-13,53,2021-12-08 20:40:00,543292
Martin Juhasz_174497,Martin Juhasz,1,1,52,39,13,91,2021-12-08 20:40:00,543293
Maksym Zhuravliov_278535808,Maksym Zhuravliov,1,1,48,45,3,93,2021-12-08 20:40:00,543294
Ivan Fashchevskyi_1012586295,Ivan Fashchevskyi,1,1,43,49,-6,92,2021-12-08 20:45:00,543295
S Nikulin_127135,S Nikulin,1,1,52,50,2,102,2021-12-08 20:45:00,543296
Vladimir Andrievskiy_174500,Vladimir Andrievskiy,-2,0,35,43,-8,78,2021-12-08 20:45:00,543297
Rodion Kapinus_174142,Rodion Kapinus,-3,0,20,33,-13,53,2021-12-08 20:50:00,543298
Illia Hubariev_110929817,Illia Hubariev,-2,0,29,43,-14,72,2021-12-08 20:50:00,543299
I Elistratov_127215,I Elistratov,1,1,49,41,8,90,2021-12-08 20:54:00,543300
Maksym Mykytiuk_1490804523,Maksym Mykytiuk,1,1,53,52,1,105,2021-12-08 20:55:00,543301
Alina Stefaniuk_174138,Alina Stefaniuk,-1,0,46,49,-3,95,2021-12-08 20:55:00,543302
Mykola Tovkach_904620610,Mykola Tovkach,1,1,52,49,3,101,2021-12-08 21:00:00,543303
Oleksandr Hordiichuk_174499,Oleksandr Hordiichuk,1,1,49,39,10,88,2021-12-08 21:00:00,543304
Andrii Kovrikov_174068,Andrii Kovrikov,1,1,46,39,7,85,2021-12-08 21:00:00,543305
Vaclav Ezr_174197,Vaclav Ezr,-1,0,47,50,-3,97,2021-12-08 21:00:00,543306
P Bradac_28551,P Bradac,1,1,46,45,1,91,2021-12-08 21:02:00,543307
Petro Tsolik_3176899,Petro Tsolik,-2,0,41,52,-11,93,2021-12-08 21:05:00,543308
Serhii Sokolov_174083,Serhii Sokolov,1,1,44,45,-1,89,2021-12-08 21:05:00,543309
S Kuzmin_127177,S Kuzmin,2,1,41,26,15,67,2021-12-08 21:07:00,543310
Uryi Schepanskyi_384482810,Uryi Schepanskyi,-3,0,22,33,-11,55,2021-12-08 21:10:00,543311
Vasyl Kondratenko_174098,Vasyl Kondratenko,-2,0,31,44,-13,75,2021-12-08 21:10:00,543312
Oleksii Tiutiunnyk_100393665,Oleksii Tiutiunnyk,-1,0,51,46,5,97,2021-12-08 21:15:00,543313
Ihor Emets_174501,Ihor Emets,3,1,33,19,14,52,2021-12-08 21:15:00,543314
E Markelov_127136,E Markelov,-2,0,29,38,-9,67,2021-12-08 21:17:00,543315
A Frolov_127216,A Frolov,1,1,43,45,-2,88,2021-12-08 21:19:00,543316
Maksym Zhuravliov_1470424638,Maksym Zhuravliov,2,1,37,37,0,74,2021-12-08 21:20:00,543317
Dmytro Gudimenko_174143,Dmytro Gudimenko,2,1,39,26,13,65,2021-12-08 21:20:00,543318
Oleksiy Molochko_2133059716,Oleksiy Molochko,-2,0,30,41,-11,71,2021-12-08 21:25:00,543319
D Tikhnenko_127178,D Tikhnenko,-1,0,39,49,-10,88,2021-12-08 21:30:00,543320
Pavlo Zaderei_1588476123,Pavlo Zaderei,-3,0,17,35,-18,52,2021-12-08 21:30:00,543321
Andrej Grossu_174198,Andrej Grossu,-1,0,45,46,-1,91,2021-12-08 21:30:00,543322
Nazar Mosiuk_174069,Nazar Mosiuk,2,1,38,24,14,62,2021-12-08 21:30:00,543323
Z Bilek_28552,Z Bilek,2,1,42,25,17,67,2021-12-08 21:31:00,543324
Roman Rybachuk_204576024,Roman Rybachuk,2,1,40,39,1,79,2021-12-08 21:35:00,543325
Vitalii Kyilo_174084,Vitalii Kyilo,1,1,47,45,2,92,2021-12-08 21:35:00,543326
Petro Tsolik_2140849120,Petro Tsolik,2,1,41,31,10,72,2021-12-08 21:40:00,543327
Andrii Martyniuk_174099,Andrii Martyniuk,3,1,36,23,13,59,2021-12-08 21:40:00,543328
Yevheniia Severyna_174502,Yevheniia Severyna,-1,0,49,50,-1,99,2021-12-08 21:45:00,543329
Serhii Zemiantsev_581968829,Serhii Zemiantsev,-1,0,37,49,-12,86,2021-12-08 21:45:00,543330
S Nikulin_127137,S Nikulin,-2,0,36,43,-7,79,2021-12-08 21:46:00,543331
I Elistratov_127217,I Elistratov,-1,0,45,47,-2,92,2021-12-08 21:47:00,543332
Ivan Fashchevskyi_1815789893,Ivan Fashchevskyi,-1,0,47,55,-8,102,2021-12-08 21:50:00,543333
Oleksandr Broiakovskyi_174144,Oleksandr Broiakovskyi,2,1,44,35,9,79,2021-12-08 21:50:00,543334
Oleksii Tiutiunnyk_2121309024,Oleksii Tiutiunnyk,-3,0,22,33,-11,55,2021-12-08 21:55:00,543335
S Kuzmin_127179,S Kuzmin,-3,0,30,40,-10,70,2021-12-08 21:57:00,543336
Jr. Obeslo_28553,Jr. Obeslo,2,1,43,40,3,83,2021-12-08 22:00:00,543337
Oleksandr Bondarchuk_1112335143,Oleksandr Bondarchuk,3,1,33,21,12,54,2021-12-08 22:00:00,543338
Andrii Kovrikov_174070,Andrii Kovrikov,1,1,44,43,1,87,2021-12-08 22:00:00,543339
Andrej Grossu_174199,Andrej Grossu,-1,0,44,50,-6,94,2021-12-08 22:00:00,543340
Serhii Sokolov_174085,Serhii Sokolov,-2,0,25,37,-12,62,2021-12-08 22:05:00,543341
Dmytro Halai_253596145,Dmytro Halai,-2,0,36,39,-3,75,2021-12-08 22:05:00,543342
Vasyl Kondratenko_174100,Vasyl Kondratenko,2,1,47,38,9,85,2021-12-08 22:10:00,543343
Mykola Tovkach_1009577005,Mykola Tovkach,-2,0,37,42,-5,79,2021-12-08 22:10:00,543344
Alina Stefaniuk_174503,Alina Stefaniuk,3,1,33,20,13,53,2021-12-08 22:15:00,543345
Oleksii Tkachuk_1448380888,Oleksii Tkachuk,1,1,42,43,-1,85,2021-12-08 22:15:00,543346
I Soldatov_127138,I Soldatov,3,1,33,16,17,49,2021-12-08 22:16:00,543347
A Silantev_127218,A Silantev,-3,0,27,36,-9,63,2021-12-08 22:16:00,543348
Dmytro Gudimenko_174145,Dmytro Gudimenko,2,1,38,29,9,67,2021-12-08 22:20:00,543349
Serhii Baranovskyi_91212696,Serhii Baranovskyi,-1,0,48,46,2,94,2021-12-08 22:20:00,543350
V Chernov_127180,V Chernov,3,1,33,16,17,49,2021-12-08 22:21:00,543351
Oleksandr Zhuravlov_775043820,Oleksandr Zhuravlov,-3,0,30,36,-6,66,2021-12-08 22:25:00,543352
Vaclav Ezr_174200,Vaclav Ezr,-2,0,29,42,-13,71,2021-12-08 22:30:00,543353
Volodymyr Voronenkov_174071,Volodymyr Voronenkov,1,1,48,43,5,91,2021-12-08 22:30:00,543354
Jo Kutifel_28554,Jo Kutifel,1,1,49,51,-2,100,2021-12-08 22:30:00,543355
Maksym Zhuravliov_1417098833,Maksym Zhuravliov,3,1,33,23,10,56,2021-12-08 22:30:00,543356
Pavlo Khakhamidi_174086,Pavlo Khakhamidi,-2,0,29,43,-14,72,2021-12-08 22:35:00,543357
Sergii Skhabitskiy_174101,Sergii Skhabitskiy,2,1,45,36,9,81,2021-12-08 22:40:00,543358
V Kasatkin_127371,V Kasatkin,2,1,45,34,11,79,2021-12-08 22:44:00,543359
Illia Semeniuk_718748492,Illia Semeniuk,-3,0,33,39,-6,72,2021-12-08 22:45:00,543360
E Markelov_127369,E Markelov,-1,0,46,53,-7,99,2021-12-08 22:45:00,543361
A Silantev_127367,A Silantev,-2,0,34,35,-1,69,2021-12-08 22:47:00,543362
Rodion Kapinus_174146,Rodion Kapinus,2,1,37,39,-2,76,2021-12-08 22:50:00,543363
Martin Stusek_174201,Martin Stusek,-2,0,39,44,-5,83,2021-12-08 23:00:00,543364
Oleksandr Zhuravlov_1611933819,Oleksandr Zhuravlov,2,1,44,39,5,83,2021-12-08 23:00:00,543365
Jr. Obeslo_28555,Jr. Obeslo,-1,0,43,57,-14,100,2021-12-08 23:04:00,543366
Oleksandr Yarovoi_480606800,Oleksandr Yarovoi,2,1,39,34,5,73,2021-12-08 23:05:00,543367
V Chernov_127372,V Chernov,-2,0,37,42,-5,79,2021-12-08 23:14:00,543368
I Elistratov_127368,I Elistratov,2,1,41,32,9,73,2021-12-08 23:15:00,543369
I Soldatov_127370,I Soldatov,-3,0,22,33,-11,55,2021-12-08 23:17:00,543370
Oleksandr Broiakovskyi_174147,Oleksandr Broiakovskyi,1,1,49,42,7,91,2021-12-08 23:20:00,543371
Vaclav Ezr_174202,Vaclav Ezr,-1,0,41,49,-8,90,2021-12-08 23:30:00,543372
Oleh Obidnyi_1240677686,Oleh Obidnyi,1,1,43,43,0,86,2021-12-08 23:35:00,543373
Z Bilek_28556,Z Bilek,2,1,38,34,4,72,2021-12-08 23:37:00,543374
Aleksandr Tulenin_1496992615,Aleksandr Tulenin,1,1,52,48,4,100,2021-12-08 23:45:00,543375
S Myagkov_127139,S Myagkov,2,1,40,30,10,70,2021-12-08 23:46:00,543376
V Safonov_127219,V Safonov,-2,0,22,38,-16,60,2021-12-08 23:46:00,543377
R Pavlenko_127183,R Pavlenko,-3,0,22,38,-16,60,2021-12-08 23:48:00,543378
Ivan Fedoryshyn_174148,Ivan Fedoryshyn,-2,0,41,45,-4,86,2021-12-08 23:50:00,543379
